#0001-d120 @A: 23 19 31 13 | 12
#0002-d120 @A: 21 32 13 03 | 07
#0003-d120 @A: 03 02 08 13 | 08
#0004-d120 @A: 03 25 11 13 | 04
#0005-d120 @A: 18 22 13 04 | 06
#0006-d120 @A: 32 13 04 25 | 09
#0007-d120 @A: 26 13 07 18 | 05
#0008-d120 @A: 26 17 13 10 | 10
#0009-d120 @A: 10 31 13 32 | 03
#0010-d120 @A: 32 05 19 13 | 02
#0011-d120 @A: 32 13 01 20 | 01
#0012-d120 @A: 09 31 33 13 | 11
#0013-d120 @A: 11 13 14 12 | 12
#0014-d120 @A: 13 16 19 12 | 07
#0015-d120 @A: 26 23 20 03 | 08
#0016-d120 @A: 32 34 30 23 | 04
#0017-d120 @A: 30 23 02 05 | 06
#0018-d120 @A: 24 27 18 23 | 09
#0019-d120 @A: 29 21 23 27 | 05
#0020-d120 @A: 23 27 16 32 | 10
#0021-d120 @A: 27 23 08 09 | 03
#0022-d120 @A: 23 32 26 35 | 02
#0023-d120 @A: 16 06 05 23 | 01
#0024-d120 @A: 12 19 15 23 | 11
#0025-d120 @A: 31 23 08 01 | 12
#0026-d120 @A: 14 10 30 03 | 07
#0027-d120 @A: 04 03 26 35 | 08
#0028-d120 @A: 04 32 33 03 | 04
#0029-d120 @A: 24 15 03 01 | 06
#0030-d120 @A: 08 03 33 26 | 09
#0031-d120 @A: 07 33 10 03 | 05
#0032-d120 @A: 34 06 03 15 | 10
#0033-d120 @A: 06 31 05 03 | 03
#0034-d120 @A: 03 15 21 35 | 02
#0035-d120 @A: 03 15 09 14 | 01
#0036-d120 @A: 21 03 14 18 | 11
#0037-d120 @A: 29 30 07 27 | 12
#0038-d120 @A: 10 30 33 27 | 07
#0039-d120 @A: 04 32 20 30 | 08
#0040-d120 @A: 16 28 24 30 | 04
#0041-d120 @A: 05 29 30 28 | 06
#0042-d120 @A: 29 08 11 30 | 09
#0043-d120 @A: 30 21 07 26 | 05
#0044-d120 @A: 30 01 22 07 | 10
#0045-d120 @A: 30 15 22 02 | 03
#0046-d120 @A: 32 06 30 15 | 02
#0047-d120 @A: 10 09 08 30 | 01
#0048-d120 @A: 30 21 28 20 | 11
#0049-d120 @A: 31 12 30 28 | 12
#0050-d120 @A: 30 34 31 11 | 07
#0051-d120 @A: 18 20 30 33 | 08
#0052-d120 @A: 09 16 30 33 | 04
#0053-d120 @A: 30 33 25 28 | 06
#0054-d120 @A: 27 04 32 17 | 09
#0055-d120 @A: 04 27 06 16 | 05
#0056-d120 @A: 07 27 31 24 | 10
#0057-d120 @A: 16 08 29 27 | 03
#0058-d120 @A: 27 19 26 34 | 02
#0059-d120 @A: 17 20 27 18 | 01
#0060-d120 @A: 05 32 27 11 | 11
#0061-d120 @A: 08 33 32 27 | 12
#0062-d120 @A: 12 05 14 27 | 07
#0063-d120 @A: 08 14 27 02 | 08
#0064-d120 @A: 27 21 35 28 | 04
#0065-d120 @A: 25 20 12 27 | 06
#0066-d120 @A: 18 27 25 19 | 09
#0067-d120 @A: 32 04 24 11 | 05
#0068-d120 @A: 35 21 04 24 | 10
#0069-d120 @A: 15 04 18 29 | 03
#0070-d120 @A: 04 17 26 09 | 02
#0071-d120 @A: 02 04 05 26 | 01
#0072-d120 @A: 35 07 15 04 | 11
#0073-d120 @A: 17 04 16 05 | 12
#0074-d120 @A: 06 32 04 18 | 07
#0075-d120 @A: 10 20 04 14 | 08
#0076-d120 @A: 31 11 01 04 | 04
#0077-d120 @A: 24 02 29 17 | 06
#0078-d120 @A: 31 22 15 24 | 09
#0079-d120 @A: 24 34 06 17 | 05
#0080-d120 @A: 17 15 24 09 | 10
#0081-d120 @A: 08 31 24 17 | 03
#0082-d120 @A: 24 32 20 15 | 02
#0083-d120 @A: 19 08 32 24 | 01
#0084-d120 @A: 11 24 08 10 | 11
#0085-d120 @A: 24 14 16 01 | 12
#0086-d120 @A: 24 35 25 19 | 07
#0087-d120 @A: 02 24 34 19 | 08
#0088-d120 @A: 29 16 06 26 | 04
#0089-d120 @A: 07 32 29 35 | 06
#0090-d120 @A: 33 06 22 29 | 09
#0091-d120 @A: 29 18 14 32 | 05
#0092-d120 @A: 10 29 19 31 | 10
#0093-d120 @A: 16 05 29 35 | 03
#0094-d120 @A: 12 16 29 21 | 02
#0095-d120 @A: 11 07 19 26 | 01
#0096-d120 @A: 22 20 26 14 | 11
#0097-d120 @A: 05 26 34 17 | 12
#0098-d120 @A: 26 14 17 08 | 07
#0099-d120 @A: 17 12 26 01 | 08
#0100-d120 @A: 26 15 16 05 | 04
#0101-d120 @A: 28 26 11 31 | 06
#0102-d120 @A: 25 18 06 07 | 09
#0103-d120 @A: 15 08 07 18 | 05
#0104-d120 @A: 10 07 32 34 | 10
#0105-d120 @A: 28 35 07 18 | 03
#0106-d120 @A: 07 16 18 09 | 02
#0107-d120 @A: 07 01 11 16 | 01
#0108-d120 @A: 16 07 19 02 | 11
#0109-d120 @A: 33 07 19 28 | 12
#0110-d120 @A: 22 20 31 32 | 07
#0111-d120 @A: 14 09 22 34 | 08
#0112-d120 @A: 02 16 01 22 | 04
#0113-d120 @A: 02 22 35 11 | 06
#0114-d120 @A: 02 09 22 19 | 09
#0115-d120 @A: 33 19 22 34 | 05
#0116-d120 @A: 17 20 08 32 | 10
#0117-d120 @A: 28 17 05 09 | 03
#0118-d120 @A: 18 17 09 21 | 02
#0119-d120 @A: 18 12 15 06 | 01
#0120-d120 @A: 34 05 32 06 | 11
#0121-d120 @A: 08 16 10 06 | 12
#0122-d120 @A: 09 06 21 35 | 07
#0123-d120 @A: 12 06 09 01 | 08
#0124-d120 @A: 14 11 28 06 | 04
#0125-d120 @A: 06 35 25 16 | 06
#0126-d120 @A: 18 19 02 15 | 09
#0127-d120 @A: 33 15 25 09 | 05
#0128-d120 @A: 25 05 35 32 | 10
#0129-d120 @A: 28 31 34 32 | 03
#0130-d120 @A: 18 09 12 32 | 02
#0131-d120 @A: 14 33 11 32 | 01
#0132-d120 @A: 09 35 11 32 | 11
#0133-d120 @A: 14 21 10 01 | 12
#0134-d120 @A: 10 20 02 28 | 07
#0135-d120 @A: 10 14 35 09 | 08
#0136-d120 @A: 01 12 21 05 | 04
#0137-d120 @A: 28 20 25 08 | 06
#0138-d120 @A: 28 18 08 12 | 09
#0139-d120 @A: 16 12 08 11 | 05
#0140-d120 @A: 21 20 35 19 | 10
#0141-d120 @A: 19 11 12 20 | 03
#0142-d120 @A: 23 28 32 13 | 02
#0143-d120 @A: 07 14 03 13 | 01
#0144-d120 @A: 10 13 18 03 | 11
#0145-d120 @A: 01 03 13 05 | 12
#0146-d120 @A: 30 13 20 29 | 07
#0147-d120 @A: 18 13 24 15 | 08
#0148-d120 @A: 13 26 28 29 | 04
#0149-d120 @A: 29 15 31 13 | 06
#0150-d120 @A: 01 18 21 13 | 09
#0151-d120 @A: 28 09 13 18 | 05
#0152-d120 @A: 17 16 03 23 | 10
#0153-d120 @A: 22 30 23 20 | 03
#0154-d120 @A: 05 19 04 23 | 02
#0155-d120 @A: 23 14 35 04 | 01
#0156-d120 @A: 23 24 28 19 | 11
#0157-d120 @A: 29 20 23 05 | 12
#0158-d120 @A: 08 21 26 23 | 07
#0159-d120 @A: 23 34 35 17 | 08
#0160-d120 @A: 32 18 23 10 | 04
#0161-d120 @A: 10 12 23 35 | 06
#0162-d120 @A: 23 21 33 09 | 09
#0163-d120 @A: 23 31 11 33 | 05
#0164-d120 @A: 14 01 12 23 | 10
#0165-d120 @A: 19 14 23 11 | 03
#0166-d120 @A: 33 02 23 14 | 02
#0167-d120 @A: 23 01 33 25 | 01
#0168-d120 @A: 06 04 17 03 | 11
#0169-d120 @A: 20 06 03 29 | 12
#0170-d120 @A: 16 03 32 22 | 07
#0171-d120 @A: 08 03 22 35 | 08
#0172-d120 @A: 17 03 33 14 | 04
#0173-d120 @A: 03 35 06 10 | 06
#0174-d120 @A: 08 03 06 01 | 09
#0175-d120 @A: 33 03 15 05 | 05
#0176-d120 @A: 03 20 02 14 | 10
#0177-d120 @A: 17 30 02 27 | 03
#0178-d120 @A: 05 04 35 30 | 02
#0179-d120 @A: 30 16 29 17 | 01
#0180-d120 @A: 30 25 32 29 | 11
#0181-d120 @A: 29 21 30 18 | 12
#0182-d120 @A: 08 30 16 22 | 07
#0183-d120 @A: 31 30 32 08 | 08
#0184-d120 @A: 35 30 02 20 | 04
#0185-d120 @A: 20 30 16 34 | 06
#0186-d120 @A: 11 12 30 33 | 09
#0187-d120 @A: 30 11 25 19 | 05
#0188-d120 @A: 27 29 04 09 | 10
#0189-d120 @A: 27 04 34 08 | 03
#0190-d120 @A: 27 11 35 04 | 02
#0191-d120 @A: 24 29 01 27 | 01
#0192-d120 @A: 29 11 27 22 | 11
#0193-d120 @A: 34 27 29 33 | 12
#0194-d120 @A: 18 07 27 21 | 07
#0195-d120 @A: 06 35 17 27 | 08
#0196-d120 @A: 06 27 05 28 | 04
#0197-d120 @A: 27 09 01 15 | 06
#0198-d120 @A: 18 27 33 16 | 09
#0199-d120 @A: 27 16 28 01 | 05
#0200-d120 @A: 29 31 24 04 | 10
#0201-d120 @A: 26 07 04 16 | 03
#0202-d120 @A: 28 04 15 26 | 02
#0203-d120 @A: 04 26 11 34 | 01
#0204-d120 @A: 01 08 22 04 | 11
#0205-d120 @A: 35 08 17 04 | 12
#0206-d120 @A: 17 04 12 34 | 07
#0207-d120 @A: 04 10 32 35 | 08
#0208-d120 @A: 01 04 21 20 | 04
#0209-d120 @A: 25 04 18 34 | 06
#0210-d120 @A: 04 16 28 35 | 09
#0211-d120 @A: 34 04 09 02 | 05
#0212-d120 @A: 24 06 18 29 | 10
#0213-d120 @A: 11 15 29 24 | 03
#0214-d120 @A: 15 24 07 02 | 02
#0215-d120 @A: 08 24 09 32 | 01
#0216-d120 @A: 34 09 10 24 | 11
#0217-d120 @A: 24 21 33 01 | 12
#0218-d120 @A: 11 24 21 09 | 07
#0219-d120 @A: 24 28 18 20 | 08
#0220-d120 @A: 12 24 01 25 | 04
#0221-d120 @A: 24 28 35 34 | 06
#0222-d120 @A: 02 16 11 24 | 09
#0223-d120 @A: 26 05 33 29 | 05
#0224-d120 @A: 14 29 26 31 | 10
#0225-d120 @A: 07 29 15 06 | 03
#0226-d120 @A: 29 32 09 22 | 02
#0227-d120 @A: 34 19 08 29 | 01
#0228-d120 @A: 29 33 35 18 | 11
#0229-d120 @A: 28 16 29 18 | 12
#0230-d120 @A: 18 19 29 33 | 07
#0231-d120 @A: 29 01 11 35 | 08
#0232-d120 @A: 26 07 22 15 | 04
#0233-d120 @A: 15 26 31 17 | 06
#0234-d120 @A: 26 17 19 10 | 09
#0235-d120 @A: 26 32 06 28 | 05
#0236-d120 @A: 18 26 32 15 | 10
#0237-d120 @A: 01 26 08 15 | 03
#0238-d120 @A: 31 21 26 33 | 02
#0239-d120 @A: 26 14 16 21 | 01
#0240-d120 @A: 33 22 17 07 | 11
#0241-d120 @A: 33 15 31 07 | 12
#0242-d120 @A: 28 08 32 07 | 07
#0243-d120 @A: 35 19 10 07 | 08
#0244-d120 @A: 02 31 07 09 | 04
#0245-d120 @A: 12 11 07 18 | 06
#0246-d120 @A: 25 16 12 07 | 09
#0247-d120 @A: 01 34 07 18 | 05
#0248-d120 @A: 11 07 35 33 | 10
#0249-d120 @A: 22 16 17 21 | 03
#0250-d120 @A: 17 14 18 22 | 02
#0251-d120 @A: 21 01 22 09 | 01
#0252-d120 @A: 17 01 02 32 | 11
#0253-d120 @A: 20 28 12 17 | 12
#0254-d120 @A: 11 12 35 17 | 07
#0255-d120 @A: 20 15 10 06 | 08
#0256-d120 @A: 06 08 15 09 | 04
#0257-d120 @A: 31 01 20 06 | 06
#0258-d120 @A: 14 06 33 31 | 09
#0259-d120 @A: 33 06 20 28 | 05
#0260-d120 @A: 10 15 21 32 | 10
#0261-d120 @A: 18 14 15 28 | 03
#0262-d120 @A: 10 20 32 05 | 02
#0263-d120 @A: 25 32 08 12 | 01
#0264-d120 @A: 05 19 18 10 | 11
#0265-d120 @A: 10 08 21 33 | 12
#0266-d120 @A: 01 10 20 19 | 07
#0267-d120 @A: 16 35 10 11 | 08
#0268-d120 @A: 08 35 05 02 | 04
#0269-d120 @A: 12 05 28 02 | 06
#0270-d120 @A: 33 01 05 14 | 09
#0271-d120 @A: 05 25 14 09 | 05
#0272-d120 @A: 05 34 19 14 | 10
#0273-d120 @A: 21 08 34 11 | 03
#0274-d120 @A: 01 02 19 31 | 02
#0275-d120 @A: 19 12 35 09 | 01
#0276-d120 @A: 12 11 02 19 | 11
#0277-d120 @A: 33 23 13 03 | 12
#0278-d120 @A: 23 26 04 13 | 07
#0279-d120 @A: 17 13 22 23 | 08
#0280-d120 @A: 23 08 13 16 | 04
#0281-d120 @A: 13 30 03 31 | 06
#0282-d120 @A: 12 04 13 03 | 09
#0283-d120 @A: 02 30 13 10 | 05
#0284-d120 @A: 32 13 27 24 | 10
#0285-d120 @A: 31 27 22 13 | 03
#0286-d120 @A: 16 10 13 07 | 02
#0287-d120 @A: 13 34 17 32 | 01
#0288-d120 @A: 06 16 13 28 | 11
#0289-d120 @A: 18 16 32 13 | 12
#0290-d120 @A: 13 35 11 31 | 07
#0291-d120 @A: 02 20 19 13 | 08
#0292-d120 @A: 34 11 13 16 | 04
#0293-d120 @A: 01 32 23 03 | 06
#0294-d120 @A: 11 23 03 05 | 09
#0295-d120 @A: 23 30 24 11 | 05
#0296-d120 @A: 10 29 30 23 | 10
#0297-d120 @A: 35 27 23 05 | 03
#0298-d120 @A: 24 01 23 04 | 02
#0299-d120 @A: 23 16 24 33 | 01
#0300-d120 @A: 16 15 29 23 | 11
#0301-d120 @A: 12 23 33 07 | 12
#0302-d120 @A: 10 02 23 08 | 07
#0303-d120 @A: 23 14 21 34 | 08
#0304-d120 @A: 21 35 18 23 | 04
#0305-d120 @A: 30 03 27 15 | 06
#0306-d120 @A: 03 07 30 19 | 09
#0307-d120 @A: 09 30 03 17 | 05
#0308-d120 @A: 03 11 18 30 | 10
#0309-d120 @A: 28 17 03 27 | 03
#0310-d120 @A: 03 27 08 12 | 02
#0311-d120 @A: 18 24 03 22 | 01
#0312-d120 @A: 17 12 24 03 | 11
#0313-d120 @A: 24 16 03 06 | 12
#0314-d120 @A: 12 26 03 06 | 07
#0315-d120 @A: 26 15 03 02 | 08
#0316-d120 @A: 17 02 21 03 | 04
#0317-d120 @A: 18 20 01 03 | 06
#0318-d120 @A: 25 16 18 03 | 09
#0319-d120 @A: 27 01 30 08 | 05
#0320-d120 @A: 02 30 29 04 | 10
#0321-d120 @A: 30 10 04 11 | 03
#0322-d120 @A: 30 24 14 15 | 02
#0323-d120 @A: 29 22 30 14 | 01
#0324-d120 @A: 07 06 30 16 | 11
#0325-d120 @A: 30 34 22 18 | 12
#0326-d120 @A: 30 17 20 06 | 07
#0327-d120 @A: 15 11 17 30 | 08
#0328-d120 @A: 31 06 18 30 | 04
#0329-d120 @A: 32 09 30 02 | 06
#0330-d120 @A: 01 02 30 25 | 09
#0331-d120 @A: 35 30 34 25 | 05
#0332-d120 @A: 30 34 35 19 | 10
#0333-d120 @A: 12 27 06 24 | 03
#0334-d120 @A: 27 24 28 25 | 02
#0335-d120 @A: 10 27 18 29 | 01
#0336-d120 @A: 27 06 26 09 | 11
#0337-d120 @A: 28 27 26 10 | 12
#0338-d120 @A: 27 26 31 20 | 07
#0339-d120 @A: 07 27 28 22 | 08
#0340-d120 @A: 18 06 08 27 | 04
#0341-d120 @A: 20 27 10 09 | 06
#0342-d120 @A: 27 28 14 31 | 09
#0343-d120 @A: 14 18 09 27 | 05
#0344-d120 @A: 34 27 11 09 | 10
#0345-d120 @A: 04 08 25 24 | 03
#0346-d120 @A: 07 28 04 29 | 02
#0347-d120 @A: 04 29 05 21 | 01
#0348-d120 @A: 01 04 32 26 | 11
#0349-d120 @A: 22 07 14 04 | 12
#0350-d120 @A: 22 32 04 34 | 07
#0351-d120 @A: 17 04 15 33 | 08
#0352-d120 @A: 28 04 10 17 | 04
#0353-d120 @A: 18 19 04 08 | 06
#0354-d120 @A: 33 04 11 21 | 09
#0355-d120 @A: 25 20 11 04 | 05
#0356-d120 @A: 14 12 18 04 | 10
#0357-d120 @A: 32 24 29 34 | 03
#0358-d120 @A: 24 29 33 12 | 02
#0359-d120 @A: 06 07 24 19 | 01
#0360-d120 @A: 20 10 07 24 | 11
#0361-d120 @A: 10 06 02 24 | 12
#0362-d120 @A: 15 33 24 19 | 07
#0363-d120 @A: 32 33 24 02 | 08
#0364-d120 @A: 29 26 34 08 | 04
#0365-d120 @A: 05 29 22 34 | 06
#0366-d120 @A: 33 29 15 10 | 09
#0367-d120 @A: 29 08 21 32 | 05
#0368-d120 @A: 29 14 02 34 | 10
#0369-d120 @A: 01 29 25 18 | 03
#0370-d120 @A: 25 29 01 19 | 02
#0371-d120 @A: 15 05 26 19 | 01
#0372-d120 @A: 15 26 14 33 | 11
#0373-d120 @A: 20 09 12 26 | 12
#0374-d120 @A: 26 09 02 14 | 07
#0375-d120 @A: 25 07 05 22 | 08
#0376-d120 @A: 31 22 34 07 | 04
#0377-d120 @A: 15 01 05 07 | 06
#0378-d120 @A: 10 25 07 08 | 09
#0379-d120 @A: 35 07 25 02 | 05
#0380-d120 @A: 01 32 06 22 | 10
#0381-d120 @A: 22 12 15 32 | 03
#0382-d120 @A: 32 05 02 22 | 02
#0383-d120 @A: 10 08 22 34 | 01
#0384-d120 @A: 21 22 11 31 | 11
#0385-d120 @A: 16 22 31 19 | 12
#0386-d120 @A: 01 22 20 12 | 07
#0387-d120 @A: 22 18 14 19 | 08
#0388-d120 @A: 17 14 34 10 | 04
#0389-d120 @A: 17 14 31 19 | 06
#0390-d120 @A: 18 33 17 31 | 09
#0391-d120 @A: 18 17 16 35 | 05
#0392-d120 @A: 05 15 11 06 | 10
#0393-d120 @A: 08 35 06 32 | 03
#0394-d120 @A: 06 32 31 19 | 02
#0395-d120 @A: 06 21 14 25 | 01
#0396-d120 @A: 15 32 11 31 | 11
#0397-d120 @A: 16 09 15 10 | 12
#0398-d120 @A: 01 31 15 34 | 07
#0399-d120 @A: 15 14 20 11 | 08
#0400-d120 @A: 15 01 25 11 | 04
#0401-d120 @A: 16 32 20 25 | 06
#0402-d120 @A: 14 32 01 09 | 09
#0403-d120 @A: 33 05 10 11 | 05
#0404-d120 @A: 12 14 10 33 | 10
#0405-d120 @A: 11 05 21 35 | 03
#0406-d120 @A: 09 05 31 34 | 02
#0407-d120 @A: 11 28 05 19 | 01
#0408-d120 @A: 33 19 08 12 | 11
#0409-d120 @A: 25 33 16 08 | 12
#0410-d120 @A: 14 28 19 02 | 07
#0411-d120 @A: 01 33 16 19 | 08
#0412-d120 @A: 09 19 34 16 | 04
#0413-d120 @A: 13 23 31 24 | 06
#0414-d120 @A: 13 22 06 03 | 09
#0415-d120 @A: 04 09 05 13 | 05
#0416-d120 @A: 12 16 24 13 | 10
#0417-d120 @A: 25 14 24 13 | 03
#0418-d120 @A: 21 07 29 13 | 02
#0419-d120 @A: 09 10 29 13 | 01
#0420-d120 @A: 35 14 13 26 | 11
#0421-d120 @A: 13 34 07 05 | 12
#0422-d120 @A: 13 08 32 11 | 07
#0423-d120 @A: 10 20 08 13 | 08
#0424-d120 @A: 28 19 10 13 | 04
#0425-d120 @A: 16 13 33 01 | 06
#0426-d120 @A: 11 33 13 19 | 09
#0427-d120 @A: 23 03 35 07 | 05
#0428-d120 @A: 12 30 23 26 | 10
#0429-d120 @A: 30 17 23 14 | 03
#0430-d120 @A: 29 24 28 23 | 02
#0431-d120 @A: 23 24 05 12 | 01
#0432-d120 @A: 23 07 16 22 | 11
#0433-d120 @A: 15 10 23 07 | 12
#0434-d120 @A: 23 17 32 11 | 07
#0435-d120 @A: 02 15 23 32 | 08
#0436-d120 @A: 23 16 10 34 | 04
#0437-d120 @A: 23 34 02 31 | 06
#0438-d120 @A: 09 01 23 34 | 09
#0439-d120 @A: 03 22 25 30 | 05
#0440-d120 @A: 30 01 03 33 | 10
#0441-d120 @A: 27 03 11 24 | 03
#0442-d120 @A: 18 03 04 07 | 02
#0443-d120 @A: 02 22 29 03 | 01
#0444-d120 @A: 29 18 03 05 | 11
#0445-d120 @A: 09 29 03 08 | 12
#0446-d120 @A: 34 03 05 20 | 07
#0447-d120 @A: 31 09 12 03 | 08
#0448-d120 @A: 03 35 33 31 | 04
#0449-d120 @A: 03 12 18 33 | 06
#0450-d120 @A: 03 19 18 28 | 09
#0451-d120 @A: 30 27 24 20 | 05
#0452-d120 @A: 19 27 32 30 | 10
#0453-d120 @A: 32 30 01 24 | 03
#0454-d120 @A: 30 20 07 08 | 02
#0455-d120 @A: 22 10 12 30 | 01
#0456-d120 @A: 22 05 31 30 | 11
#0457-d120 @A: 21 06 08 30 | 12
#0458-d120 @A: 30 28 32 10 | 07
#0459-d120 @A: 02 22 24 27 | 08
#0460-d120 @A: 05 24 34 27 | 04
#0461-d120 @A: 35 24 09 27 | 06
#0462-d120 @A: 29 31 17 27 | 09
#0463-d120 @A: 06 27 29 32 | 05
#0464-d120 @A: 07 19 27 15 | 10
#0465-d120 @A: 22 32 27 35 | 03
#0466-d120 @A: 17 01 27 34 | 02
#0467-d120 @A: 19 08 14 27 | 01
#0468-d120 @A: 27 33 12 35 | 11
#0469-d120 @A: 02 27 09 25 | 12
#0470-d120 @A: 27 33 25 11 | 07
#0471-d120 @A: 16 24 15 04 | 08
#0472-d120 @A: 11 17 29 04 | 04
#0473-d120 @A: 08 29 04 14 | 06
#0474-d120 @A: 02 10 15 04 | 09
#0475-d120 @A: 32 04 28 05 | 05
#0476-d120 @A: 04 10 12 16 | 10
#0477-d120 @A: 01 04 18 05 | 03
#0478-d120 @A: 21 09 04 28 | 02
#0479-d120 @A: 25 04 35 01 | 01
#0480-d120 @A: 19 16 28 04 | 11
#0481-d120 @A: 24 22 26 09 | 12
#0482-d120 @A: 14 24 34 26 | 07
#0483-d120 @A: 24 32 07 14 | 08
#0484-d120 @A: 24 34 20 01 | 04
#0485-d120 @A: 24 20 09 16 | 06
#0486-d120 @A: 25 11 24 34 | 09
#0487-d120 @A: 29 08 17 01 | 05
#0488-d120 @A: 29 05 08 06 | 10
#0489-d120 @A: 16 32 10 29 | 03
#0490-d120 @A: 20 35 34 29 | 02
#0491-d120 @A: 29 16 20 19 | 01
#0492-d120 @A: 29 19 02 35 | 11
#0493-d120 @A: 16 02 25 29 | 12
#0494-d120 @A: 02 26 33 07 | 07
#0495-d120 @A: 26 02 22 12 | 08
#0496-d120 @A: 22 26 16 34 | 04
#0497-d120 @A: 32 05 26 31 | 06
#0498-d120 @A: 21 34 12 26 | 09
#0499-d120 @A: 35 31 26 34 | 05
#0500-d120 @A: 28 14 12 26 | 10
#0501-d120 @A: 18 25 12 26 | 03
#0502-d120 @A: 26 34 02 18 | 02
#0503-d120 @A: 35 25 11 26 | 01
#0504-d120 @A: 32 07 19 17 | 11
#0505-d120 @A: 14 08 07 06 | 12
#0506-d120 @A: 16 15 32 07 | 07
#0507-d120 @A: 11 21 32 07 | 08
#0508-d120 @A: 07 01 10 02 | 04
#0509-d120 @A: 25 07 20 33 | 06
#0510-d120 @A: 28 25 07 09 | 09
#0511-d120 @A: 10 22 15 01 | 05
#0512-d120 @A: 16 10 05 22 | 10
#0513-d120 @A: 35 22 10 31 | 03
#0514-d120 @A: 25 14 33 22 | 02
#0515-d120 @A: 17 15 06 28 | 01
#0516-d120 @A: 14 32 17 06 | 11
#0517-d120 @A: 20 10 17 35 | 12
#0518-d120 @A: 19 08 17 01 | 07
#0519-d120 @A: 33 28 21 17 | 08
#0520-d120 @A: 20 25 01 17 | 04
#0521-d120 @A: 16 14 28 17 | 06
#0522-d120 @A: 09 01 35 17 | 09
#0523-d120 @A: 20 06 02 16 | 05
#0524-d120 @A: 06 25 20 34 | 10
#0525-d120 @A: 01 06 14 18 | 03
#0526-d120 @A: 01 28 32 15 | 02
#0527-d120 @A: 19 15 32 01 | 01
#0528-d120 @A: 20 28 15 09 | 11
#0529-d120 @A: 14 15 35 02 | 12
#0530-d120 @A: 15 02 33 11 | 07
#0531-d120 @A: 12 31 32 21 | 08
#0532-d120 @A: 21 34 18 32 | 04
#0533-d120 @A: 20 19 32 28 | 06
#0534-d120 @A: 32 12 35 34 | 09
#0535-d120 @A: 19 32 12 34 | 05
#0536-d120 @A: 21 10 20 34 | 10
#0537-d120 @A: 33 14 10 19 | 03
#0538-d120 @A: 05 34 08 25 | 02
#0539-d120 @A: 28 05 01 20 | 01
#0540-d120 @A: 28 14 35 05 | 11
#0541-d120 @A: 09 01 05 02 | 12
#0542-d120 @A: 11 25 05 02 | 07
#0543-d120 @A: 08 18 02 16 | 08
#0544-d120 @A: 13 23 30 01 | 04
#0545-d120 @A: 34 23 13 27 | 06
#0546-d120 @A: 16 13 03 15 | 09
#0547-d120 @A: 19 03 13 25 | 05
#0548-d120 @A: 21 30 15 13 | 10
#0549-d120 @A: 18 13 30 08 | 03
#0550-d120 @A: 04 01 13 27 | 02
#0551-d120 @A: 14 27 13 10 | 01
#0552-d120 @A: 13 35 20 24 | 11
#0553-d120 @A: 13 08 29 12 | 12
#0554-d120 @A: 13 29 14 19 | 07
#0555-d120 @A: 13 22 11 26 | 08
#0556-d120 @A: 20 15 26 13 | 04
#0557-d120 @A: 22 12 13 05 | 06
#0558-d120 @A: 17 31 13 05 | 09
#0559-d120 @A: 13 25 17 18 | 05
#0560-d120 @A: 18 05 13 06 | 10
#0561-d120 @A: 13 08 06 25 | 03
#0562-d120 @A: 08 35 15 13 | 02
#0563-d120 @A: 13 10 25 01 | 01
#0564-d120 @A: 13 35 21 16 | 11
#0565-d120 @A: 25 20 13 09 | 12
#0566-d120 @A: 12 13 35 01 | 07
#0567-d120 @A: 33 13 28 14 | 08
#0568-d120 @A: 12 29 03 23 | 04
#0569-d120 @A: 08 30 23 33 | 06
#0570-d120 @A: 23 02 27 26 | 09
#0571-d120 @A: 33 27 06 23 | 05
#0572-d120 @A: 07 32 04 23 | 10
#0573-d120 @A: 15 23 04 21 | 03
#0574-d120 @A: 23 17 29 19 | 02
#0575-d120 @A: 29 14 23 11 | 01
#0576-d120 @A: 19 22 20 23 | 11
#0577-d120 @A: 18 02 22 23 | 12
#0578-d120 @A: 17 33 23 10 | 07
#0579-d120 @A: 06 11 23 08 | 08
#0580-d120 @A: 06 09 25 23 | 04
#0581-d120 @A: 23 12 08 15 | 06
#0582-d120 @A: 32 33 23 05 | 09
#0583-d120 @A: 32 23 08 14 | 05
#0584-d120 @A: 19 02 08 23 | 10
#0585-d120 @A: 11 23 02 21 | 03
#0586-d120 @A: 20 18 34 23 | 02
#0587-d120 @A: 25 28 23 34 | 01
#0588-d120 @A: 34 30 24 03 | 11
#0589-d120 @A: 06 07 03 27 | 12
#0590-d120 @A: 25 03 04 05 | 07
#0591-d120 @A: 15 32 03 29 | 08
#0592-d120 @A: 26 32 19 03 | 04
#0593-d120 @A: 22 12 03 07 | 06
#0594-d120 @A: 03 33 06 09 | 09
#0595-d120 @A: 32 11 03 10 | 05
#0596-d120 @A: 16 08 03 20 | 10
#0597-d120 @A: 02 12 35 03 | 03
#0598-d120 @A: 03 01 25 28 | 02
#0599-d120 @A: 11 03 09 02 | 01
#0600-d120 @A: 09 11 03 19 | 11
#0601-d120 @A: 12 32 27 30 | 12
#0602-d120 @A: 05 09 27 30 | 07
#0603-d120 @A: 06 26 22 30 | 08
#0604-d120 @A: 35 08 30 26 | 04
#0605-d120 @A: 22 11 32 30 | 06
#0606-d120 @A: 16 12 35 30 | 09
#0607-d120 @A: 11 35 30 28 | 05
#0608-d120 @A: 27 14 07 16 | 10
#0609-d120 @A: 06 02 27 15 | 03
#0610-d120 @A: 15 27 18 11 | 02
#0611-d120 @A: 02 32 27 10 | 01
#0612-d120 @A: 27 21 31 34 | 11
#0613-d120 @A: 14 21 27 33 | 12
#0614-d120 @A: 18 02 27 01 | 07
#0615-d120 @A: 05 04 14 24 | 08
#0616-d120 @A: 04 22 15 20 | 04
#0617-d120 @A: 17 02 20 04 | 06
#0618-d120 @A: 19 04 10 15 | 09
#0619-d120 @A: 15 05 12 04 | 05
#0620-d120 @A: 04 32 35 19 | 10
#0621-d120 @A: 18 21 31 04 | 03
#0622-d120 @A: 16 34 04 01 | 02
#0623-d120 @A: 19 11 24 29 | 01
#0624-d120 @A: 06 26 24 11 | 11
#0625-d120 @A: 01 22 11 24 | 12
#0626-d120 @A: 28 14 24 10 | 07
#0627-d120 @A: 21 24 16 25 | 08
#0628-d120 @A: 14 20 33 24 | 04
#0629-d120 @A: 18 09 33 24 | 06
#0630-d120 @A: 07 22 29 20 | 09
#0631-d120 @A: 06 19 29 05 | 05
#0632-d120 @A: 02 29 08 15 | 10
#0633-d120 @A: 14 15 01 29 | 03
#0634-d120 @A: 09 29 32 19 | 02
#0635-d120 @A: 29 16 20 14 | 01
#0636-d120 @A: 14 35 29 12 | 11
#0637-d120 @A: 29 33 14 09 | 12
#0638-d120 @A: 29 01 02 33 | 07
#0639-d120 @A: 17 07 25 26 | 08
#0640-d120 @A: 07 10 11 26 | 04
#0641-d120 @A: 26 12 05 07 | 06
#0642-d120 @A: 26 08 07 31 | 09
#0643-d120 @A: 17 22 26 28 | 05
#0644-d120 @A: 20 33 17 26 | 10
#0645-d120 @A: 28 08 09 26 | 03
#0646-d120 @A: 26 18 16 31 | 02
#0647-d120 @A: 01 26 16 20 | 01
#0648-d120 @A: 26 01 33 18 | 11
#0649-d120 @A: 07 12 32 17 | 12
#0650-d120 @A: 21 10 06 07 | 07
#0651-d120 @A: 16 31 28 07 | 08
#0652-d120 @A: 09 07 01 20 | 04
#0653-d120 @A: 20 07 11 28 | 06
#0654-d120 @A: 07 02 34 16 | 09
#0655-d120 @A: 20 22 05 17 | 05
#0656-d120 @A: 32 10 22 14 | 10
#0657-d120 @A: 01 34 22 25 | 03
#0658-d120 @A: 06 17 01 16 | 02
#0659-d120 @A: 17 19 06 16 | 01
#0660-d120 @A: 18 05 15 17 | 11
#0661-d120 @A: 15 17 21 12 | 12
#0662-d120 @A: 17 31 11 09 | 07
#0663-d120 @A: 02 12 18 17 | 08
#0664-d120 @A: 33 17 12 25 | 04
#0665-d120 @A: 01 17 28 18 | 06
#0666-d120 @A: 19 17 18 09 | 09
#0667-d120 @A: 34 17 33 16 | 05
#0668-d120 @A: 10 33 06 32 | 10
#0669-d120 @A: 06 12 14 16 | 03
#0670-d120 @A: 06 28 19 34 | 02
#0671-d120 @A: 05 10 31 15 | 01
#0672-d120 @A: 02 05 15 34 | 11
#0673-d120 @A: 20 15 25 02 | 12
#0674-d120 @A: 15 25 35 12 | 07
#0675-d120 @A: 16 14 25 15 | 08
#0676-d120 @A: 18 01 16 15 | 04
#0677-d120 @A: 18 15 34 33 | 06
#0678-d120 @A: 25 01 32 31 | 09
#0679-d120 @A: 32 20 11 18 | 05
#0680-d120 @A: 12 33 32 28 | 10
#0681-d120 @A: 34 35 10 18 | 03
#0682-d120 @A: 16 19 10 11 | 02
#0683-d120 @A: 25 34 10 33 | 01
#0684-d120 @A: 12 31 11 05 | 11
#0685-d120 @A: 05 34 11 14 | 12
#0686-d120 @A: 19 01 09 05 | 07
#0687-d120 @A: 20 21 18 08 | 08
#0688-d120 @A: 21 08 11 19 | 04
#0689-d120 @A: 25 08 01 09 | 06
#0690-d120 @A: 16 34 28 08 | 09
#0691-d120 @A: 21 28 19 12 | 05
#0692-d120 @A: 03 13 17 20 | 10
#0693-d120 @A: 06 34 13 30 | 03
#0694-d120 @A: 25 27 13 29 | 02
#0695-d120 @A: 16 27 13 17 | 01
#0696-d120 @A: 13 27 19 06 | 11
#0697-d120 @A: 13 35 04 06 | 12
#0698-d120 @A: 04 34 15 13 | 07
#0699-d120 @A: 13 15 06 01 | 08
#0700-d120 @A: 35 05 13 10 | 04
#0701-d120 @A: 21 05 13 33 | 06
#0702-d120 @A: 13 02 21 14 | 09
#0703-d120 @A: 07 23 31 30 | 05
#0704-d120 @A: 19 33 27 23 | 10
#0705-d120 @A: 20 06 23 24 | 03
#0706-d120 @A: 23 22 29 25 | 02
#0707-d120 @A: 26 23 28 05 | 01
#0708-d120 @A: 06 07 23 28 | 11
#0709-d120 @A: 25 07 11 23 | 12
#0710-d120 @A: 34 23 19 07 | 07
#0711-d120 @A: 25 23 20 10 | 08
#0712-d120 @A: 28 16 12 23 | 04
#0713-d120 @A: 18 33 28 23 | 06
#0714-d120 @A: 01 23 16 35 | 09
#0715-d120 @A: 09 23 11 28 | 05
#0716-d120 @A: 04 03 16 30 | 10
#0717-d120 @A: 29 14 03 27 | 03
#0718-d120 @A: 04 29 19 03 | 02
#0719-d120 @A: 26 31 03 24 | 01
#0720-d120 @A: 28 03 24 05 | 11
#0721-d120 @A: 24 08 03 14 | 12
#0722-d120 @A: 16 29 07 03 | 07
#0723-d120 @A: 17 26 03 11 | 08
#0724-d120 @A: 16 26 10 03 | 04
#0725-d120 @A: 20 07 03 15 | 06
#0726-d120 @A: 22 14 31 03 | 09
#0727-d120 @A: 32 12 05 03 | 05
#0728-d120 @A: 16 21 31 03 | 10
#0729-d120 @A: 20 09 03 21 | 03
#0730-d120 @A: 20 25 03 35 | 02
#0731-d120 @A: 16 03 09 01 | 01
#0732-d120 @A: 02 16 33 03 | 11
#0733-d120 @A: 18 30 04 27 | 12
#0734-d120 @A: 26 27 16 30 | 07
#0735-d120 @A: 04 08 28 30 | 08
#0736-d120 @A: 02 24 30 08 | 04
#0737-d120 @A: 30 32 26 14 | 06
#0738-d120 @A: 30 02 31 26 | 09
#0739-d120 @A: 01 30 17 05 | 05
#0740-d120 @A: 16 30 01 10 | 10
#0741-d120 @A: 33 30 19 05 | 03
#0742-d120 @A: 33 34 14 30 | 02
#0743-d120 @A: 18 02 28 30 | 01
#0744-d120 @A: 28 19 30 01 | 11
#0745-d120 @A: 27 15 04 25 | 12
#0746-d120 @A: 01 27 19 24 | 07
#0747-d120 @A: 27 05 02 29 | 08
#0748-d120 @A: 15 05 21 27 | 04
#0749-d120 @A: 32 01 21 27 | 06
#0750-d120 @A: 27 02 21 20 | 09
#0751-d120 @A: 12 01 27 31 | 05
#0752-d120 @A: 20 34 14 27 | 10
#0753-d120 @A: 25 35 14 27 | 03
#0754-d120 @A: 04 29 12 32 | 02
#0755-d120 @A: 04 25 10 29 | 01
#0756-d120 @A: 10 22 04 26 | 11
#0757-d120 @A: 04 25 19 26 | 12
#0758-d120 @A: 04 21 12 07 | 07
#0759-d120 @A: 04 02 06 22 | 08
#0760-d120 @A: 22 16 31 04 | 04
#0761-d120 @A: 04 10 08 05 | 06
#0762-d120 @A: 28 14 34 04 | 09
#0763-d120 @A: 01 04 09 33 | 05
#0764-d120 @A: 33 34 04 35 | 10
#0765-d120 @A: 28 24 22 32 | 03
#0766-d120 @A: 12 10 32 24 | 02
#0767-d120 @A: 01 24 08 18 | 01
#0768-d120 @A: 33 34 31 24 | 11
#0769-d120 @A: 14 18 02 24 | 12
#0770-d120 @A: 18 17 29 07 | 07
#0771-d120 @A: 29 14 10 07 | 08
#0772-d120 @A: 12 29 01 07 | 04
#0773-d120 @A: 29 22 10 21 | 06
#0774-d120 @A: 29 31 22 08 | 09
#0775-d120 @A: 29 15 20 17 | 05
#0776-d120 @A: 17 34 29 21 | 10
#0777-d120 @A: 06 09 29 31 | 03
#0778-d120 @A: 29 33 20 32 | 02
#0779-d120 @A: 21 31 35 29 | 01
#0780-d120 @A: 21 29 25 33 | 11
#0781-d120 @A: 31 29 16 01 | 12
#0782-d120 @A: 12 02 29 20 | 07
#0783-d120 @A: 11 29 28 12 | 08
#0784-d120 @A: 11 16 33 29 | 04
#0785-d120 @A: 06 26 10 14 | 06
#0786-d120 @A: 06 26 18 19 | 09
#0787-d120 @A: 32 26 10 25 | 05
#0788-d120 @A: 02 26 32 08 | 10
#0789-d120 @A: 16 26 19 08 | 03
#0790-d120 @A: 20 28 34 26 | 02
#0791-d120 @A: 14 11 26 18 | 01
#0792-d120 @A: 28 01 02 26 | 11
#0793-d120 @A: 19 33 09 26 | 12
#0794-d120 @A: 19 05 22 07 | 07
#0795-d120 @A: 07 21 02 22 | 08
#0796-d120 @A: 20 05 07 16 | 04
#0797-d120 @A: 07 21 35 34 | 06
#0798-d120 @A: 21 22 06 05 | 09
#0799-d120 @A: 21 28 34 22 | 05
#0800-d120 @A: 18 22 01 31 | 10
#0801-d120 @A: 28 31 22 09 | 03
#0802-d120 @A: 22 16 18 12 | 02
#0803-d120 @A: 14 17 09 12 | 01
#0804-d120 @A: 15 19 11 06 | 11
#0805-d120 @A: 25 11 31 06 | 12
#0806-d120 @A: 18 02 06 33 | 07
#0807-d120 @A: 21 09 15 34 | 08
#0808-d120 @A: 15 35 31 09 | 04
#0809-d120 @A: 16 12 15 20 | 06
#0810-d120 @A: 01 15 20 35 | 09
#0811-d120 @A: 33 32 31 16 | 05
#0812-d120 @A: 20 32 28 35 | 10
#0813-d120 @A: 02 34 20 32 | 03
#0814-d120 @A: 19 11 32 18 | 02
#0815-d120 @A: 34 32 01 11 | 01
#0816-d120 @A: 10 12 25 28 | 11
#0817-d120 @A: 16 18 14 10 | 12
#0818-d120 @A: 18 10 01 09 | 07
#0819-d120 @A: 33 18 05 08 | 08
#0820-d120 @A: 08 01 05 11 | 04
#0821-d120 @A: 34 08 31 12 | 06
#0822-d120 @A: 08 09 31 16 | 09
#0823-d120 @A: 35 08 14 33 | 05
#0824-d120 @A: 18 16 19 35 | 10
#0825-d120 @A: 13 26 34 03 | 03
#0826-d120 @A: 13 30 28 22 | 02
#0827-d120 @A: 15 13 12 27 | 01
#0828-d120 @A: 05 13 20 27 | 11
#0829-d120 @A: 04 17 21 13 | 12
#0830-d120 @A: 08 04 33 13 | 07
#0831-d120 @A: 19 13 04 34 | 08
#0832-d120 @A: 07 24 13 11 | 04
#0833-d120 @A: 02 13 24 05 | 06
#0834-d120 @A: 02 13 32 29 | 09
#0835-d120 @A: 26 13 21 09 | 05
#0836-d120 @A: 32 13 33 15 | 10
#0837-d120 @A: 05 28 13 15 | 03
#0838-d120 @A: 28 13 21 11 | 02
#0839-d120 @A: 18 13 31 02 | 01
#0840-d120 @A: 34 20 13 33 | 11
#0841-d120 @A: 34 12 13 09 | 12
#0842-d120 @A: 13 12 33 02 | 07
#0843-d120 @A: 31 23 27 03 | 08
#0844-d120 @A: 25 03 08 23 | 04
#0845-d120 @A: 04 30 23 06 | 06
#0846-d120 @A: 04 18 17 23 | 09
#0847-d120 @A: 34 23 05 04 | 05
#0848-d120 @A: 25 04 23 16 | 10
#0849-d120 @A: 24 23 21 07 | 03
#0850-d120 @A: 24 15 23 34 | 02
#0851-d120 @A: 26 01 29 23 | 01
#0852-d120 @A: 29 17 09 23 | 11
#0853-d120 @A: 22 26 23 31 | 12
#0854-d120 @A: 20 23 17 07 | 07
#0855-d120 @A: 31 06 23 15 | 08
#0856-d120 @A: 15 09 23 05 | 04
#0857-d120 @A: 10 19 09 23 | 06
#0858-d120 @A: 25 23 12 21 | 09
#0859-d120 @A: 28 03 30 26 | 05
#0860-d120 @A: 03 05 08 30 | 10
#0861-d120 @A: 03 22 33 27 | 03
#0862-d120 @A: 04 34 29 03 | 02
#0863-d120 @A: 01 03 10 04 | 01
#0864-d120 @A: 03 24 10 21 | 11
#0865-d120 @A: 31 24 19 03 | 12
#0866-d120 @A: 25 26 03 29 | 07
#0867-d120 @A: 14 26 05 03 | 08
#0868-d120 @A: 03 32 25 06 | 04
#0869-d120 @A: 03 02 10 19 | 06
#0870-d120 @A: 03 33 21 34 | 09
#0871-d120 @A: 31 20 03 28 | 05
#0872-d120 @A: 14 03 34 01 | 10
#0873-d120 @A: 18 35 09 03 | 03
#0874-d120 @A: 03 34 35 11 | 02
#0875-d120 @A: 30 04 24 12 | 01
#0876-d120 @A: 26 30 33 04 | 11
#0877-d120 @A: 14 04 19 30 | 12
#0878-d120 @A: 30 24 26 29 | 07
#0879-d120 @A: 30 01 09 29 | 08
#0880-d120 @A: 01 34 26 30 | 04
#0881-d120 @A: 30 07 14 05 | 06
#0882-d120 @A: 30 22 17 35 | 09
#0883-d120 @A: 30 10 17 21 | 05
#0884-d120 @A: 30 17 34 08 | 10
#0885-d120 @A: 30 16 15 31 | 03
#0886-d120 @A: 33 30 02 21 | 02
#0887-d120 @A: 30 11 16 25 | 01
#0888-d120 @A: 27 04 20 07 | 11
#0889-d120 @A: 27 22 12 04 | 12
#0890-d120 @A: 04 21 10 27 | 07
#0891-d120 @A: 27 17 24 14 | 08
#0892-d120 @A: 27 05 26 25 | 04
#0893-d120 @A: 15 27 07 34 | 06
#0894-d120 @A: 27 05 17 33 | 09
#0895-d120 @A: 28 18 32 27 | 05
#0896-d120 @A: 35 08 27 10 | 10
#0897-d120 @A: 05 27 19 35 | 03
#0898-d120 @A: 20 27 35 16 | 02
#0899-d120 @A: 27 01 11 14 | 01
#0900-d120 @A: 09 19 28 27 | 11
#0901-d120 @A: 07 24 04 34 | 12
#0902-d120 @A: 33 04 07 06 | 07
#0903-d120 @A: 32 15 09 04 | 08
#0904-d120 @A: 12 04 09 25 | 04
#0905-d120 @A: 35 04 18 02 | 06
#0906-d120 @A: 21 32 26 24 | 09
#0907-d120 @A: 16 24 07 17 | 05
#0908-d120 @A: 06 14 24 22 | 10
#0909-d120 @A: 24 25 05 06 | 03
#0910-d120 @A: 05 24 35 15 | 02
#0911-d120 @A: 24 35 31 16 | 01
#0912-d120 @A: 20 12 24 11 | 11
#0913-d120 @A: 35 11 24 14 | 12
#0914-d120 @A: 18 25 24 35 | 07
#0915-d120 @A: 26 22 18 29 | 08
#0916-d120 @A: 10 26 02 29 | 04
#0917-d120 @A: 06 10 29 11 | 06
#0918-d120 @A: 10 12 05 29 | 09
#0919-d120 @A: 29 10 31 34 | 05
#0920-d120 @A: 21 09 29 02 | 10
#0921-d120 @A: 02 28 31 29 | 03
#0922-d120 @A: 28 34 01 29 | 02
#0923-d120 @A: 26 22 32 33 | 01
#0924-d120 @A: 19 26 28 22 | 11
#0925-d120 @A: 26 17 06 02 | 12
#0926-d120 @A: 26 15 35 06 | 07
#0927-d120 @A: 18 26 10 08 | 08
#0928-d120 @A: 11 01 21 26 | 04
#0929-d120 @A: 20 18 35 26 | 06
#0930-d120 @A: 33 11 09 26 | 09
#0931-d120 @A: 34 25 26 09 | 05
#0932-d120 @A: 33 01 32 07 | 10
#0933-d120 @A: 08 07 25 19 | 03
#0934-d120 @A: 07 01 21 25 | 02
#0935-d120 @A: 11 07 31 14 | 01
#0936-d120 @A: 20 07 18 02 | 11
#0937-d120 @A: 33 34 07 28 | 12
#0938-d120 @A: 17 22 15 34 | 07
#0939-d120 @A: 17 10 11 22 | 08
#0940-d120 @A: 22 12 06 08 | 04
#0941-d120 @A: 19 22 06 01 | 06
#0942-d120 @A: 15 19 22 35 | 09
#0943-d120 @A: 22 28 11 05 | 05
#0944-d120 @A: 33 11 08 22 | 10
#0945-d120 @A: 21 14 22 12 | 03
#0946-d120 @A: 20 22 34 11 | 02
#0947-d120 @A: 14 01 35 22 | 01
#0948-d120 @A: 16 14 22 11 | 11
#0949-d120 @A: 28 11 17 08 | 12
#0950-d120 @A: 21 11 25 17 | 07
#0951-d120 @A: 17 11 20 16 | 08
#0952-d120 @A: 20 21 32 06 | 04
#0953-d120 @A: 02 34 08 06 | 06
#0954-d120 @A: 18 06 21 16 | 09
#0955-d120 @A: 18 06 09 34 | 05
#0956-d120 @A: 14 21 15 31 | 10
#0957-d120 @A: 15 21 33 20 | 03
#0958-d120 @A: 25 18 21 15 | 02
#0959-d120 @A: 12 01 15 33 | 01
#0960-d120 @A: 19 21 32 02 | 11
#0961-d120 @A: 14 20 12 32 | 12
#0962-d120 @A: 02 14 25 32 | 07
#0963-d120 @A: 16 21 10 28 | 08
#0964-d120 @A: 01 19 10 34 | 04
#0965-d120 @A: 10 33 09 28 | 06
#0966-d120 @A: 08 21 09 05 | 09
#0967-d120 @A: 31 05 20 35 | 05
#0968-d120 @A: 18 35 05 12 | 10
#0969-d120 @A: 34 05 28 18 | 03
#0970-d120 @A: 25 01 05 16 | 02
#0971-d120 @A: 18 35 08 31 | 01
#0972-d120 @A: 09 02 08 20 | 11
#0973-d120 @A: 08 02 12 01 | 12
#0974-d120 @A: 35 28 08 01 | 07
#0975-d120 @A: 08 19 35 28 | 08
#0976-d120 @A: 14 19 21 25 | 04
#0977-d120 @A: 10 13 21 23 | 06
#0978-d120 @A: 13 27 09 03 | 09
#0979-d120 @A: 28 13 35 03 | 05
#0980-d120 @A: 30 13 26 25 | 10
#0981-d120 @A: 12 17 30 13 | 03
#0982-d120 @A: 05 13 16 30 | 02
#0983-d120 @A: 35 27 18 13 | 01
#0984-d120 @A: 24 13 04 10 | 11
#0985-d120 @A: 29 16 13 04 | 12
#0986-d120 @A: 13 26 31 06 | 07
#0987-d120 @A: 07 13 17 35 | 08
#0988-d120 @A: 13 09 22 15 | 04
#0989-d120 @A: 14 22 13 08 | 06
#0990-d120 @A: 19 13 22 08 | 09
#0991-d120 @A: 13 15 19 21 | 05
#0992-d120 @A: 13 34 25 21 | 10
#0993-d120 @A: 16 31 20 13 | 03
#0994-d120 @A: 25 13 12 31 | 02
#0995-d120 @A: 09 01 11 13 | 01
#0996-d120 @A: 30 23 21 03 | 11
#0997-d120 @A: 23 03 24 02 | 12
#0998-d120 @A: 27 23 10 11 | 07
#0999-d120 @A: 08 23 04 20 | 08
#1000-d120 @A: 24 23 17 26 | 04
#1001-d120 @A: 23 29 02 07 | 06
#1002-d120 @A: 06 34 23 29 | 09
#1003-d120 @A: 23 33 34 26 | 05
#1004-d120 @A: 23 07 18 05 | 10
#1005-d120 @A: 15 22 23 33 | 03
#1006-d120 @A: 23 22 12 09 | 02
#1007-d120 @A: 23 05 08 17 | 01
#1008-d120 @A: 23 28 17 31 | 11
#1009-d120 @A: 14 20 28 23 | 12
#1010-d120 @A: 18 25 23 14 | 07
#1011-d120 @A: 35 02 28 23 | 08
#1012-d120 @A: 03 32 07 30 | 04
#1013-d120 @A: 05 27 16 03 | 06
#1014-d120 @A: 17 10 29 03 | 09
#1015-d120 @A: 21 03 29 01 | 05
#1016-d120 @A: 03 09 22 05 | 10
#1017-d120 @A: 17 03 32 31 | 03
#1018-d120 @A: 08 17 18 03 | 02
#1019-d120 @A: 28 18 03 06 | 01
#1020-d120 @A: 34 03 18 31 | 11
#1021-d120 @A: 03 02 31 01 | 12
#1022-d120 @A: 12 19 01 03 | 07
#1023-d120 @A: 30 01 15 04 | 08
#1024-d120 @A: 30 34 21 04 | 04
#1025-d120 @A: 06 24 30 35 | 06
#1026-d120 @A: 30 24 21 05 | 09
#1027-d120 @A: 26 05 11 30 | 05
#1028-d120 @A: 06 01 30 28 | 10
#1029-d120 @A: 18 05 32 30 | 03
#1030-d120 @A: 30 20 19 08 | 02
#1031-d120 @A: 30 21 25 31 | 01
#1032-d120 @A: 19 12 31 30 | 11
#1033-d120 @A: 25 09 18 30 | 12
#1034-d120 @A: 14 26 04 27 | 07
#1035-d120 @A: 05 31 04 27 | 08
#1036-d120 @A: 24 21 27 08 | 04
#1037-d120 @A: 27 09 33 07 | 06
#1038-d120 @A: 17 22 09 27 | 09
#1039-d120 @A: 06 22 27 34 | 05
#1040-d120 @A: 22 08 20 27 | 10
#1041-d120 @A: 31 06 27 10 | 03
#1042-d120 @A: 02 16 27 12 | 02
#1043-d120 @A: 26 18 24 04 | 01
#1044-d120 @A: 04 02 28 24 | 11
#1045-d120 @A: 04 26 20 29 | 12
#1046-d120 @A: 19 31 04 07 | 07
#1047-d120 @A: 04 08 06 31 | 08
#1048-d120 @A: 04 12 06 11 | 04
#1049-d120 @A: 31 12 04 35 | 06
#1050-d120 @A: 33 28 04 31 | 09
#1051-d120 @A: 20 04 12 33 | 05
#1052-d120 @A: 04 14 33 16 | 10
#1053-d120 @A: 04 11 28 18 | 03
#1054-d120 @A: 26 24 05 20 | 02
#1055-d120 @A: 25 24 02 26 | 01
#1056-d120 @A: 24 07 33 05 | 11
#1057-d120 @A: 01 24 31 05 | 12
#1058-d120 @A: 24 28 21 31 | 07
#1059-d120 @A: 18 24 21 12 | 08
#1060-d120 @A: 02 31 20 24 | 04
#1061-d120 @A: 31 14 12 24 | 06
#1062-d120 @A: 07 11 29 34 | 09
#1063-d120 @A: 12 29 17 22 | 05
#1064-d120 @A: 17 14 29 05 | 10
#1065-d120 @A: 06 28 21 29 | 03
#1066-d120 @A: 05 25 29 15 | 02
#1067-d120 @A: 12 34 29 25 | 01
#1068-d120 @A: 25 22 08 26 | 11
#1069-d120 @A: 17 26 16 32 | 12
#1070-d120 @A: 26 34 10 15 | 07
#1071-d120 @A: 35 10 01 26 | 08
#1072-d120 @A: 16 26 33 12 | 04
#1073-d120 @A: 06 17 07 09 | 06
#1074-d120 @A: 21 07 08 17 | 09
#1075-d120 @A: 21 07 20 31 | 05
#1076-d120 @A: 07 01 31 35 | 10
#1077-d120 @A: 34 07 20 12 | 03
#1078-d120 @A: 09 22 16 06 | 02
#1079-d120 @A: 15 22 14 05 | 01
#1080-d120 @A: 33 18 22 21 | 11
#1081-d120 @A: 20 09 22 33 | 12
#1082-d120 @A: 35 12 22 28 | 07
#1083-d120 @A: 28 22 14 02 | 08
#1084-d120 @A: 18 25 28 22 | 04
#1085-d120 @A: 17 28 15 19 | 06
#1086-d120 @A: 17 10 05 25 | 09
#1087-d120 @A: 10 17 12 08 | 05
#1088-d120 @A: 21 14 17 35 | 10
#1089-d120 @A: 14 17 31 20 | 03
#1090-d120 @A: 17 35 31 02 | 02
#1091-d120 @A: 19 35 11 17 | 01
#1092-d120 @A: 17 28 25 35 | 11
#1093-d120 @A: 16 25 17 09 | 12
#1094-d120 @A: 09 17 02 33 | 07
#1095-d120 @A: 16 11 32 06 | 08
#1096-d120 @A: 06 02 21 31 | 04
#1097-d120 @A: 06 12 33 21 | 06
#1098-d120 @A: 12 25 06 02 | 09
#1099-d120 @A: 14 06 35 34 | 05
#1100-d120 @A: 02 06 01 11 | 10
#1101-d120 @A: 33 11 34 06 | 03
#1102-d120 @A: 06 25 33 19 | 02
#1103-d120 @A: 10 28 15 35 | 01
#1104-d120 @A: 09 25 19 15 | 11
#1105-d120 @A: 11 15 28 34 | 12
#1106-d120 @A: 01 10 32 08 | 07
#1107-d120 @A: 25 09 21 32 | 08
#1108-d120 @A: 01 32 16 12 | 04
#1109-d120 @A: 32 01 35 18 | 06
#1110-d120 @A: 35 02 32 16 | 09
#1111-d120 @A: 32 28 25 11 | 05
#1112-d120 @A: 33 31 10 01 | 10
#1113-d120 @A: 21 16 34 05 | 03
#1114-d120 @A: 05 18 16 11 | 02
#1115-d120 @A: 35 33 09 05 | 01
#1116-d120 @A: 05 02 19 25 | 11
#1117-d120 @A: 08 31 02 11 | 12
#1118-d120 @A: 08 20 35 11 | 07
#1119-d120 @A: 12 09 08 33 | 08
#1120-d120 @A: 08 01 34 33 | 04
#1121-d120 @A: 19 21 18 34 | 06
#1122-d120 @A: 13 09 23 07 | 09
#1123-d120 @A: 25 23 05 13 | 05
#1124-d120 @A: 09 30 24 13 | 10
#1125-d120 @A: 33 13 30 07 | 03
#1126-d120 @A: 13 02 27 07 | 02
#1127-d120 @A: 13 28 27 08 | 01
#1128-d120 @A: 13 28 20 04 | 11
#1129-d120 @A: 21 22 24 13 | 12
#1130-d120 @A: 19 13 17 24 | 07
#1131-d120 @A: 12 13 26 32 | 08
#1132-d120 @A: 13 12 07 28 | 04
#1133-d120 @A: 10 22 33 13 | 06
#1134-d120 @A: 13 22 34 35 | 09
#1135-d120 @A: 25 22 13 16 | 05
#1136-d120 @A: 01 14 13 17 | 10
#1137-d120 @A: 13 31 14 34 | 03
#1138-d120 @A: 02 13 34 01 | 02
#1139-d120 @A: 13 25 33 35 | 01
#1140-d120 @A: 30 18 16 23 | 11
#1141-d120 @A: 28 04 27 23 | 12
#1142-d120 @A: 07 01 27 23 | 07
#1143-d120 @A: 22 04 23 11 | 08
#1144-d120 @A: 04 23 02 12 | 04
#1145-d120 @A: 24 09 14 23 | 06
#1146-d120 @A: 32 29 23 31 | 09
#1147-d120 @A: 35 23 22 06 | 05
#1148-d120 @A: 09 32 20 23 | 10
#1149-d120 @A: 10 05 14 23 | 03
#1150-d120 @A: 01 23 21 28 | 02
#1151-d120 @A: 12 31 20 23 | 01
#1152-d120 @A: 14 16 31 23 | 11
#1153-d120 @A: 11 01 23 18 | 12
#1154-d120 @A: 03 35 29 30 | 07
#1155-d120 @A: 02 06 30 03 | 08
#1156-d120 @A: 03 30 20 12 | 04
#1157-d120 @A: 03 10 34 27 | 06
#1158-d120 @A: 19 27 20 03 | 09
#1159-d120 @A: 03 04 28 22 | 05
#1160-d120 @A: 07 26 01 03 | 10
#1161-d120 @A: 03 26 21 22 | 03
#1162-d120 @A: 17 03 34 07 | 02
#1163-d120 @A: 03 05 07 21 | 01
#1164-d120 @A: 02 03 05 10 | 11
#1165-d120 @A: 03 34 09 28 | 12
#1166-d120 @A: 16 11 28 03 | 07
#1167-d120 @A: 27 22 30 21 | 08
#1168-d120 @A: 35 31 30 27 | 04
#1169-d120 @A: 30 18 24 07 | 06
#1170-d120 @A: 15 29 34 30 | 09
#1171-d120 @A: 29 33 30 31 | 05
#1172-d120 @A: 15 09 26 30 | 10
#1173-d120 @A: 20 10 30 26 | 03
#1174-d120 @A: 07 09 30 34 | 02
#1175-d120 @A: 10 25 30 06 | 01
#1176-d120 @A: 06 33 30 05 | 11
#1177-d120 @A: 30 19 15 16 | 12
#1178-d120 @A: 16 14 02 30 | 07
#1179-d120 @A: 04 17 27 19 | 08
#1180-d120 @A: 29 27 26 12 | 04
#1181-d120 @A: 27 12 19 29 | 06
#1182-d120 @A: 07 26 27 35 | 09
#1183-d120 @A: 12 10 27 07 | 05
#1184-d120 @A: 10 15 17 27 | 10
#1185-d120 @A: 25 17 08 27 | 03
#1186-d120 @A: 25 27 31 18 | 02
#1187-d120 @A: 27 34 18 12 | 01
#1188-d120 @A: 19 02 27 16 | 11
#1189-d120 @A: 26 25 04 31 | 12
#1190-d120 @A: 01 04 07 17 | 07
#1191-d120 @A: 04 25 17 14 | 08
#1192-d120 @A: 04 28 06 25 | 04
#1193-d120 @A: 08 16 04 32 | 06
#1194-d120 @A: 04 10 18 33 | 09
#1195-d120 @A: 02 04 16 21 | 05
#1196-d120 @A: 04 18 20 16 | 10
#1197-d120 @A: 24 29 21 14 | 03
#1198-d120 @A: 28 26 24 07 | 02
#1199-d120 @A: 24 17 18 32 | 01
#1200-d120 @A: 17 10 01 24 | 11
#1201-d120 @A: 32 16 24 05 | 12
#1202-d120 @A: 09 02 24 12 | 07
#1203-d120 @A: 24 11 33 28 | 08
#1204-d120 @A: 29 25 06 17 | 04
#1205-d120 @A: 29 20 09 18 | 06
#1206-d120 @A: 18 09 26 05 | 09
#1207-d120 @A: 02 26 35 21 | 05
#1208-d120 @A: 26 02 20 11 | 10
#1209-d120 @A: 19 12 26 14 | 03
#1210-d120 @A: 22 09 08 07 | 02
#1211-d120 @A: 02 06 32 07 | 01
#1212-d120 @A: 31 06 12 07 | 11
#1213-d120 @A: 10 07 05 28 | 12
#1214-d120 @A: 16 07 08 35 | 07
#1215-d120 @A: 20 14 35 07 | 08
#1216-d120 @A: 22 17 06 31 | 04
#1217-d120 @A: 17 25 32 22 | 06
#1218-d120 @A: 15 06 22 25 | 09
#1219-d120 @A: 22 10 28 06 | 05
#1220-d120 @A: 25 31 22 02 | 10
#1221-d120 @A: 22 16 28 20 | 03
#1222-d120 @A: 16 17 08 15 | 02
#1223-d120 @A: 32 21 17 05 | 01
#1224-d120 @A: 21 19 33 17 | 11
#1225-d120 @A: 01 33 17 11 | 12
#1226-d120 @A: 34 17 28 02 | 07
#1227-d120 @A: 08 19 10 06 | 08
#1228-d120 @A: 06 05 19 12 | 04
#1229-d120 @A: 06 02 14 05 | 06
#1230-d120 @A: 12 35 06 20 | 09
#1231-d120 @A: 35 06 18 11 | 05
#1232-d120 @A: 33 35 06 01 | 10
#1233-d120 @A: 15 10 14 08 | 03
#1234-d120 @A: 11 15 21 16 | 02
#1235-d120 @A: 15 18 02 09 | 01
#1236-d120 @A: 21 35 33 32 | 11
#1237-d120 @A: 31 33 32 19 | 12
#1238-d120 @A: 09 16 28 32 | 07
#1239-d120 @A: 10 35 21 25 | 08
#1240-d120 @A: 20 31 10 11 | 04
#1241-d120 @A: 10 14 31 02 | 06
#1242-d120 @A: 12 10 09 11 | 09
#1243-d120 @A: 02 10 18 25 | 05
#1244-d120 @A: 05 08 16 14 | 10
#1245-d120 @A: 21 28 05 25 | 03
#1246-d120 @A: 05 20 02 33 | 02
#1247-d120 @A: 33 31 20 08 | 01
#1248-d120 @A: 09 08 19 31 | 11
#1249-d120 @A: 35 08 09 34 | 12
#1250-d120 @A: 08 02 28 33 | 07
#1251-d120 @A: 20 19 25 34 | 08
#1252-d120 @A: 06 02 23 13 | 04
#1253-d120 @A: 13 11 23 20 | 06
#1254-d120 @A: 18 23 13 12 | 09
#1255-d120 @A: 14 04 13 30 | 05
#1256-d120 @A: 09 19 13 30 | 10
#1257-d120 @A: 06 21 27 13 | 03
#1258-d120 @A: 13 02 04 11 | 02
#1259-d120 @A: 13 28 17 24 | 01
#1260-d120 @A: 01 22 13 29 | 11
#1261-d120 @A: 14 13 06 29 | 12
#1262-d120 @A: 05 29 11 13 | 07
#1263-d120 @A: 13 05 08 26 | 08
#1264-d120 @A: 13 26 35 19 | 04
#1265-d120 @A: 13 07 15 25 | 06
#1266-d120 @A: 02 22 20 13 | 09
#1267-d120 @A: 13 02 15 17 | 05
#1268-d120 @A: 06 13 09 32 | 10
#1269-d120 @A: 13 20 18 14 | 03
#1270-d120 @A: 01 18 19 13 | 02
#1271-d120 @A: 04 23 03 09 | 01
#1272-d120 @A: 27 25 23 30 | 11
#1273-d120 @A: 23 22 14 27 | 12
#1274-d120 @A: 12 23 17 27 | 07
#1275-d120 @A: 27 23 15 20 | 08
#1276-d120 @A: 31 04 10 23 | 04
#1277-d120 @A: 08 29 18 23 | 06
#1278-d120 @A: 11 23 16 26 | 09
#1279-d120 @A: 34 23 07 08 | 05
#1280-d120 @A: 15 23 11 35 | 10
#1281-d120 @A: 05 23 21 31 | 03
#1282-d120 @A: 02 04 03 27 | 02
#1283-d120 @A: 03 26 18 27 | 01
#1284-d120 @A: 27 03 32 20 | 11
#1285-d120 @A: 11 29 03 31 | 12
#1286-d120 @A: 03 11 08 07 | 07
#1287-d120 @A: 03 31 25 07 | 08
#1288-d120 @A: 17 01 03 22 | 04
#1289-d120 @A: 17 34 03 19 | 06
#1290-d120 @A: 14 03 06 19 | 09
#1291-d120 @A: 15 28 08 03 | 05
#1292-d120 @A: 32 03 08 34 | 10
#1293-d120 @A: 14 28 03 32 | 03
#1294-d120 @A: 18 03 32 02 | 02
#1295-d120 @A: 08 19 05 03 | 01
#1296-d120 @A: 07 04 30 25 | 11
#1297-d120 @A: 22 33 24 30 | 12
#1298-d120 @A: 25 17 30 24 | 07
#1299-d120 @A: 12 06 30 29 | 08
#1300-d120 @A: 17 32 30 33 | 04
#1301-d120 @A: 30 21 19 06 | 06
#1302-d120 @A: 30 08 15 25 | 09
#1303-d120 @A: 15 33 30 35 | 05
#1304-d120 @A: 32 21 30 16 | 10
#1305-d120 @A: 10 05 34 30 | 03
#1306-d120 @A: 20 09 30 31 | 02
#1307-d120 @A: 24 27 04 33 | 01
#1308-d120 @A: 27 26 24 15 | 11
#1309-d120 @A: 27 26 32 34 | 12
#1310-d120 @A: 27 17 07 11 | 07
#1311-d120 @A: 32 07 25 27 | 08
#1312-d120 @A: 05 27 08 07 | 04
#1313-d120 @A: 19 22 27 11 | 06
#1314-d120 @A: 06 27 01 25 | 09
#1315-d120 @A: 33 15 28 27 | 05
#1316-d120 @A: 27 11 16 31 | 10
#1317-d120 @A: 20 33 27 01 | 03
#1318-d120 @A: 12 27 09 28 | 02
#1319-d120 @A: 34 02 35 27 | 01
#1320-d120 @A: 34 27 25 16 | 11
#1321-d120 @A: 17 24 22 04 | 12
#1322-d120 @A: 35 04 29 22 | 07
#1323-d120 @A: 22 25 04 21 | 08
#1324-d120 @A: 04 10 06 34 | 04
#1325-d120 @A: 04 20 06 05 | 06
#1326-d120 @A: 08 04 11 15 | 09
#1327-d120 @A: 31 14 04 09 | 05
#1328-d120 @A: 14 01 02 04 | 10
#1329-d120 @A: 19 04 01 11 | 03
#1330-d120 @A: 25 02 04 33 | 02
#1331-d120 @A: 29 24 25 07 | 01
#1332-d120 @A: 20 24 29 08 | 11
#1333-d120 @A: 26 16 24 08 | 12
#1334-d120 @A: 22 24 08 05 | 07
#1335-d120 @A: 17 21 20 24 | 08
#1336-d120 @A: 25 10 24 15 | 04
#1337-d120 @A: 19 18 24 12 | 06
#1338-d120 @A: 35 26 17 29 | 09
#1339-d120 @A: 21 26 15 29 | 05
#1340-d120 @A: 32 26 29 11 | 10
#1341-d120 @A: 28 09 29 35 | 03
#1342-d120 @A: 34 29 16 09 | 02
#1343-d120 @A: 33 25 06 26 | 01
#1344-d120 @A: 26 15 11 12 | 11
#1345-d120 @A: 26 18 28 21 | 12
#1346-d120 @A: 31 10 17 07 | 07
#1347-d120 @A: 21 28 07 15 | 08
#1348-d120 @A: 16 33 21 07 | 04
#1349-d120 @A: 18 19 20 07 | 06
#1350-d120 @A: 02 14 12 07 | 09
#1351-d120 @A: 33 07 14 18 | 05
#1352-d120 @A: 07 14 09 19 | 10
#1353-d120 @A: 25 14 07 34 | 03
#1354-d120 @A: 17 22 08 02 | 02
#1355-d120 @A: 22 25 19 17 | 01
#1356-d120 @A: 20 22 18 06 | 11
#1357-d120 @A: 08 22 15 21 | 12
#1358-d120 @A: 22 15 35 18 | 07
#1359-d120 @A: 10 32 22 19 | 08
#1360-d120 @A: 09 10 02 22 | 04
#1361-d120 @A: 22 33 31 12 | 06
#1362-d120 @A: 34 02 22 33 | 09
#1363-d120 @A: 10 17 18 06 | 05
#1364-d120 @A: 06 12 05 17 | 10
#1365-d120 @A: 09 32 17 10 | 03
#1366-d120 @A: 31 17 21 01 | 02
#1367-d120 @A: 17 12 16 31 | 01
#1368-d120 @A: 25 34 31 17 | 11
#1369-d120 @A: 05 10 06 09 | 12
#1370-d120 @A: 06 34 21 01 | 07
#1371-d120 @A: 09 06 02 28 | 08
#1372-d120 @A: 32 15 25 34 | 04
#1373-d120 @A: 21 01 15 02 | 06
#1374-d120 @A: 02 12 15 31 | 09
#1375-d120 @A: 20 15 19 14 | 05
#1376-d120 @A: 15 02 28 16 | 10
#1377-d120 @A: 32 28 21 02 | 03
#1378-d120 @A: 11 12 32 02 | 02
#1379-d120 @A: 12 02 10 21 | 01
#1380-d120 @A: 16 31 25 10 | 11
#1381-d120 @A: 10 20 33 16 | 12
#1382-d120 @A: 14 10 11 25 | 07
#1383-d120 @A: 34 11 10 02 | 08
#1384-d120 @A: 21 14 05 20 | 04
#1385-d120 @A: 05 31 16 02 | 06
#1386-d120 @A: 11 09 20 05 | 09
#1387-d120 @A: 33 34 05 12 | 05
#1388-d120 @A: 05 35 34 01 | 10
#1389-d120 @A: 05 16 33 28 | 03
#1390-d120 @A: 08 18 34 14 | 02
#1391-d120 @A: 29 23 13 35 | 01
#1392-d120 @A: 24 29 13 03 | 11
#1393-d120 @A: 27 30 13 11 | 12
#1394-d120 @A: 13 30 35 32 | 07
#1395-d120 @A: 26 13 33 27 | 08
#1396-d120 @A: 31 04 13 07 | 04
#1397-d120 @A: 06 13 24 33 | 06
#1398-d120 @A: 34 13 29 18 | 09
#1399-d120 @A: 20 06 13 07 | 05
#1400-d120 @A: 01 07 13 08 | 10
#1401-d120 @A: 13 10 12 06 | 03
#1402-d120 @A: 31 21 08 13 | 02
#1403-d120 @A: 12 20 21 13 | 01
#1404-d120 @A: 31 28 01 13 | 11
#1405-d120 @A: 13 16 09 14 | 12
#1406-d120 @A: 18 33 13 11 | 07
#1407-d120 @A: 13 02 25 28 | 08
#1408-d120 @A: 10 28 23 03 | 04
#1409-d120 @A: 16 19 03 23 | 06
#1410-d120 @A: 30 18 19 23 | 09
#1411-d120 @A: 23 35 09 30 | 05
#1412-d120 @A: 10 24 22 23 | 10
#1413-d120 @A: 14 07 26 23 | 03
#1414-d120 @A: 23 18 26 06 | 02
#1415-d120 @A: 10 23 09 26 | 01
#1416-d120 @A: 22 32 21 23 | 11
#1417-d120 @A: 17 23 01 15 | 12
#1418-d120 @A: 21 20 16 23 | 07
#1419-d120 @A: 11 23 12 34 | 08
#1420-d120 @A: 09 23 16 02 | 04
#1421-d120 @A: 21 03 27 25 | 06
#1422-d120 @A: 04 31 03 15 | 09
#1423-d120 @A: 03 14 04 11 | 05
#1424-d120 @A: 09 24 03 07 | 10
#1425-d120 @A: 33 03 24 25 | 03
#1426-d120 @A: 33 03 28 29 | 02
#1427-d120 @A: 17 03 25 15 | 01
#1428-d120 @A: 11 06 21 03 | 11
#1429-d120 @A: 10 12 03 15 | 12
#1430-d120 @A: 31 10 03 08 | 07
#1431-d120 @A: 25 14 03 12 | 08
#1432-d120 @A: 03 12 11 01 | 04
#1433-d120 @A: 34 16 12 03 | 06
#1434-d120 @A: 14 35 16 03 | 09
#1435-d120 @A: 22 09 30 04 | 05
#1436-d120 @A: 04 17 30 31 | 10
#1437-d120 @A: 30 24 10 19 | 03
#1438-d120 @A: 30 26 19 02 | 02
#1439-d120 @A: 30 28 17 07 | 01
#1440-d120 @A: 15 30 12 07 | 11
#1441-d120 @A: 30 09 11 06 | 12
#1442-d120 @A: 10 30 18 15 | 07
#1443-d120 @A: 05 30 20 15 | 08
#1444-d120 @A: 12 05 30 25 | 04
#1445-d120 @A: 14 20 25 30 | 06
#1446-d120 @A: 01 30 20 11 | 09
#1447-d120 @A: 12 02 34 30 | 05
#1448-d120 @A: 28 09 14 30 | 10
#1449-d120 @A: 16 24 10 27 | 03
#1450-d120 @A: 29 35 15 27 | 02
#1451-d120 @A: 08 26 27 11 | 01
#1452-d120 @A: 25 27 10 22 | 11
#1453-d120 @A: 22 27 05 18 | 12
#1454-d120 @A: 11 06 20 27 | 07
#1455-d120 @A: 27 15 32 14 | 08
#1456-d120 @A: 31 27 32 09 | 04
#1457-d120 @A: 21 11 27 12 | 06
#1458-d120 @A: 35 19 27 31 | 09
#1459-d120 @A: 33 27 02 31 | 05
#1460-d120 @A: 06 01 29 04 | 10
#1461-d120 @A: 04 26 21 06 | 03
#1462-d120 @A: 05 07 04 11 | 02
#1463-d120 @A: 04 02 07 08 | 01
#1464-d120 @A: 04 32 31 02 | 11
#1465-d120 @A: 09 04 18 08 | 12
#1466-d120 @A: 34 20 31 04 | 07
#1467-d120 @A: 09 04 35 20 | 08
#1468-d120 @A: 19 04 33 20 | 04
#1469-d120 @A: 16 24 22 29 | 06
#1470-d120 @A: 10 35 29 24 | 09
#1471-d120 @A: 09 05 24 29 | 05
#1472-d120 @A: 24 33 10 26 | 10
#1473-d120 @A: 26 24 35 12 | 03
#1474-d120 @A: 24 06 01 07 | 02
#1475-d120 @A: 24 12 07 08 | 01
#1476-d120 @A: 24 12 22 34 | 11
#1477-d120 @A: 14 22 24 19 | 12
#1478-d120 @A: 05 17 24 11 | 07
#1479-d120 @A: 15 24 08 33 | 08
#1480-d120 @A: 24 18 10 05 | 04
#1481-d120 @A: 24 05 19 16 | 06
#1482-d120 @A: 24 11 31 18 | 09
#1483-d120 @A: 24 35 02 01 | 05
#1484-d120 @A: 01 09 28 24 | 10
#1485-d120 @A: 29 19 26 21 | 03
#1486-d120 @A: 05 31 07 29 | 02
#1487-d120 @A: 33 07 08 29 | 01
#1488-d120 @A: 22 29 15 28 | 11
#1489-d120 @A: 32 29 28 17 | 12
#1490-d120 @A: 29 05 32 01 | 07
#1491-d120 @A: 01 20 29 10 | 08
#1492-d120 @A: 35 29 08 25 | 04
#1493-d120 @A: 25 14 29 28 | 06
#1494-d120 @A: 11 02 29 18 | 09
#1495-d120 @A: 29 25 11 09 | 05
#1496-d120 @A: 06 07 34 26 | 10
#1497-d120 @A: 22 05 35 26 | 03
#1498-d120 @A: 26 06 05 01 | 02
#1499-d120 @A: 20 26 08 06 | 01
#1500-d120 @A: 20 21 26 25 | 11
#1501-d120 @A: 14 01 26 25 | 12
#1502-d120 @A: 26 35 16 09 | 07
#1503-d120 @A: 35 26 33 28 | 08
#1504-d120 @A: 18 07 22 10 | 04
#1505-d120 @A: 07 15 17 14 | 06
#1506-d120 @A: 17 07 05 02 | 09
#1507-d120 @A: 35 05 07 06 | 05
#1508-d120 @A: 32 31 07 18 | 10
#1509-d120 @A: 09 21 14 07 | 03
#1510-d120 @A: 07 35 12 09 | 02
#1511-d120 @A: 22 08 32 18 | 01
#1512-d120 @A: 22 01 33 28 | 11
#1513-d120 @A: 17 32 15 35 | 12
#1514-d120 @A: 10 02 17 16 | 07
#1515-d120 @A: 11 17 34 18 | 08
#1516-d120 @A: 33 17 19 02 | 04
#1517-d120 @A: 16 33 06 15 | 06
#1518-d120 @A: 06 14 09 20 | 09
#1519-d120 @A: 18 15 19 31 | 05
#1520-d120 @A: 15 12 34 14 | 10
#1521-d120 @A: 15 35 16 34 | 03
#1522-d120 @A: 14 31 35 32 | 02
#1523-d120 @A: 16 19 32 14 | 01
#1524-d120 @A: 18 25 33 32 | 11
#1525-d120 @A: 32 34 33 09 | 12
#1526-d120 @A: 10 21 31 09 | 07
#1527-d120 @A: 18 10 11 21 | 08
#1528-d120 @A: 12 01 10 34 | 04
#1529-d120 @A: 12 19 25 10 | 06
#1530-d120 @A: 28 05 31 08 | 09
#1531-d120 @A: 08 20 05 12 | 05
#1532-d120 @A: 19 21 05 31 | 10
#1533-d120 @A: 14 18 05 31 | 03
#1534-d120 @A: 33 31 05 25 | 02
#1535-d120 @A: 01 21 08 16 | 01
#1536-d120 @A: 08 14 31 25 | 11
#1537-d120 @A: 08 11 09 14 | 12
#1538-d120 @A: 34 19 31 11 | 07
#1539-d120 @A: 19 35 01 14 | 08
#1540-d120 @A: 13 14 23 15 | 04
#1541-d120 @A: 24 26 01 13 | 06
#1542-d120 @A: 13 24 08 34 | 09
#1543-d120 @A: 33 13 17 29 | 05
#1544-d120 @A: 13 02 26 16 | 10
#1545-d120 @A: 13 32 07 22 | 03
#1546-d120 @A: 12 13 19 07 | 02
#1547-d120 @A: 17 13 06 11 | 01
#1548-d120 @A: 09 17 13 08 | 11
#1549-d120 @A: 15 11 13 10 | 12
#1550-d120 @A: 14 32 05 13 | 07
#1551-d120 @A: 13 34 10 28 | 08
#1552-d120 @A: 13 09 02 35 | 04
#1553-d120 @A: 34 23 03 22 | 06
#1554-d120 @A: 14 23 03 06 | 09
#1555-d120 @A: 23 18 15 03 | 05
#1556-d120 @A: 28 15 23 30 | 10
#1557-d120 @A: 04 29 23 33 | 03
#1558-d120 @A: 24 25 23 32 | 02
#1559-d120 @A: 24 35 23 08 | 01
#1560-d120 @A: 19 23 21 24 | 11
#1561-d120 @A: 15 26 23 25 | 12
#1562-d120 @A: 26 19 23 01 | 07
#1563-d120 @A: 23 22 05 01 | 08
#1564-d120 @A: 23 28 08 22 | 04
#1565-d120 @A: 17 21 06 23 | 06
#1566-d120 @A: 25 17 23 02 | 09
#1567-d120 @A: 06 32 23 12 | 05
#1568-d120 @A: 06 01 10 23 | 10
#1569-d120 @A: 06 19 35 23 | 03
#1570-d120 @A: 19 23 32 25 | 02
#1571-d120 @A: 23 09 31 18 | 01
#1572-d120 @A: 25 23 35 31 | 11
#1573-d120 @A: 23 20 01 02 | 12
#1574-d120 @A: 20 23 35 33 | 07
#1575-d120 @A: 35 03 01 27 | 08
#1576-d120 @A: 04 03 20 24 | 04
#1577-d120 @A: 21 08 04 03 | 06
#1578-d120 @A: 32 24 35 03 | 09
#1579-d120 @A: 09 26 32 03 | 05
#1580-d120 @A: 02 28 07 03 | 10
#1581-d120 @A: 03 15 11 22 | 03
#1582-d120 @A: 20 03 22 10 | 02
#1583-d120 @A: 21 22 03 19 | 01
#1584-d120 @A: 03 35 05 17 | 11
#1585-d120 @A: 08 19 03 15 | 12
#1586-d120 @A: 03 25 09 10 | 07
#1587-d120 @A: 28 12 21 03 | 08
#1588-d120 @A: 11 03 20 33 | 04
#1589-d120 @A: 35 33 19 03 | 06
#1590-d120 @A: 25 34 03 02 | 09
#1591-d120 @A: 30 06 27 14 | 05
#1592-d120 @A: 27 28 30 34 | 10
#1593-d120 @A: 30 31 24 10 | 03
#1594-d120 @A: 29 22 30 19 | 02
#1595-d120 @A: 26 17 30 18 | 01
#1596-d120 @A: 10 35 07 30 | 11
#1597-d120 @A: 02 07 11 30 | 12
#1598-d120 @A: 17 30 19 12 | 07
#1599-d120 @A: 08 12 30 14 | 08
#1600-d120 @A: 09 30 12 21 | 04
#1601-d120 @A: 14 21 11 30 | 06
#1602-d120 @A: 01 21 35 30 | 09
#1603-d120 @A: 14 01 30 31 | 05
#1604-d120 @A: 01 12 30 18 | 10
#1605-d120 @A: 14 30 18 35 | 03
#1606-d120 @A: 20 28 27 29 | 02
#1607-d120 @A: 27 26 22 01 | 01
#1608-d120 @A: 26 17 21 27 | 11
#1609-d120 @A: 22 16 15 27 | 12
#1610-d120 @A: 31 15 27 08 | 07
#1611-d120 @A: 01 05 27 10 | 08
#1612-d120 @A: 19 21 27 10 | 04
#1613-d120 @A: 27 21 09 16 | 06
#1614-d120 @A: 27 11 28 02 | 09
#1615-d120 @A: 19 04 24 26 | 05
#1616-d120 @A: 09 04 06 24 | 10
#1617-d120 @A: 04 12 08 26 | 03
#1618-d120 @A: 04 09 07 10 | 02
#1619-d120 @A: 05 22 33 04 | 01
#1620-d120 @A: 12 04 19 22 | 11
#1621-d120 @A: 04 06 15 14 | 12
#1622-d120 @A: 06 04 19 02 | 07
#1623-d120 @A: 04 14 21 32 | 08
#1624-d120 @A: 09 19 04 21 | 04
#1625-d120 @A: 12 28 01 04 | 06
#1626-d120 @A: 04 11 09 16 | 09
#1627-d120 @A: 22 35 24 07 | 05
#1628-d120 @A: 25 20 24 22 | 10
#1629-d120 @A: 17 33 24 35 | 03
#1630-d120 @A: 06 24 15 21 | 02
#1631-d120 @A: 24 32 06 31 | 01
#1632-d120 @A: 28 08 06 24 | 11
#1633-d120 @A: 15 28 12 24 | 12
#1634-d120 @A: 34 02 21 24 | 07
#1635-d120 @A: 24 25 31 09 | 08
#1636-d120 @A: 09 19 24 20 | 04
#1637-d120 @A: 16 18 34 24 | 06
#1638-d120 @A: 09 29 26 07 | 09
#1639-d120 @A: 29 19 07 28 | 05
#1640-d120 @A: 06 02 35 29 | 10
#1641-d120 @A: 29 09 12 15 | 03
#1642-d120 @A: 19 29 34 15 | 02
#1643-d120 @A: 28 10 08 29 | 01
#1644-d120 @A: 11 29 21 20 | 11
#1645-d120 @A: 31 29 20 25 | 12
#1646-d120 @A: 18 29 12 31 | 07
#1647-d120 @A: 32 20 07 26 | 08
#1648-d120 @A: 05 10 26 21 | 04
#1649-d120 @A: 31 12 26 10 | 06
#1650-d120 @A: 19 31 20 26 | 09
#1651-d120 @A: 31 01 26 09 | 05
#1652-d120 @A: 28 26 16 25 | 10
#1653-d120 @A: 07 11 22 06 | 03
#1654-d120 @A: 15 09 11 07 | 02
#1655-d120 @A: 07 32 09 05 | 01
#1656-d120 @A: 21 01 07 19 | 11
#1657-d120 @A: 07 14 01 28 | 12
#1658-d120 @A: 35 20 21 22 | 07
#1659-d120 @A: 22 12 11 25 | 08
#1660-d120 @A: 09 18 11 22 | 04
#1661-d120 @A: 25 22 09 35 | 06
#1662-d120 @A: 33 16 22 35 | 09
#1663-d120 @A: 33 06 17 08 | 05
#1664-d120 @A: 19 17 20 05 | 10
#1665-d120 @A: 09 17 20 34 | 03
#1666-d120 @A: 17 02 14 11 | 02
#1667-d120 @A: 35 28 06 31 | 01
#1668-d120 @A: 34 16 31 06 | 11
#1669-d120 @A: 09 06 19 20 | 12
#1670-d120 @A: 28 06 12 34 | 07
#1671-d120 @A: 08 15 05 32 | 08
#1672-d120 @A: 15 34 08 20 | 04
#1673-d120 @A: 20 18 15 31 | 06
#1674-d120 @A: 31 15 28 25 | 09
#1675-d120 @A: 16 34 32 14 | 05
#1676-d120 @A: 31 28 10 18 | 10
#1677-d120 @A: 12 10 18 20 | 03
#1678-d120 @A: 11 10 01 28 | 02
#1679-d120 @A: 02 35 10 33 | 01
#1680-d120 @A: 02 18 21 05 | 11
#1681-d120 @A: 05 20 18 25 | 12
#1682-d120 @A: 09 05 16 12 | 07
#1683-d120 @A: 35 21 12 08 | 08
#1684-d120 @A: 14 08 28 21 | 04
#1685-d120 @A: 02 21 25 08 | 06
#1686-d120 @A: 08 20 14 01 | 09
#1687-d120 @A: 18 11 08 25 | 05
#1688-d120 @A: 25 21 19 16 | 10
#1689-d120 @A: 28 19 31 25 | 03
