#0001-d121 @A: 28 24 29 23 | 01
#0002-d121 @A: 23 29 17 08 | 02
#0003-d121 @A: 12 08 28 29 | 03
#0004-d121 @A: 07 29 15 18 | 06
#0005-d121 @A: 16 29 15 05 | 10
#0006-d121 @A: 31 29 07 30 | 12
#0007-d121 @A: 29 11 01 19 | 08
#0008-d121 @A: 35 29 25 11 | 04
#0009-d121 @A: 15 22 17 29 | 09
#0010-d121 @A: 29 11 17 16 | 11
#0011-d121 @A: 34 27 20 29 | 05
#0012-d121 @A: 21 29 30 23 | 07
#0013-d121 @A: 12 26 29 14 | 01
#0014-d121 @A: 25 28 29 22 | 02
#0015-d121 @A: 32 29 27 10 | 03
#0016-d121 @A: 29 34 16 12 | 06
#0017-d121 @A: 25 24 05 08 | 10
#0018-d121 @A: 07 24 02 05 | 12
#0019-d121 @A: 33 16 24 31 | 08
#0020-d121 @A: 19 24 07 27 | 04
#0021-d121 @A: 28 27 04 24 | 09
#0022-d121 @A: 06 11 07 24 | 11
#0023-d121 @A: 24 14 13 25 | 05
#0024-d121 @A: 07 24 14 32 | 07
#0025-d121 @A: 34 24 23 10 | 01
#0026-d121 @A: 24 10 28 02 | 02
#0027-d121 @A: 22 16 24 34 | 03
#0028-d121 @A: 07 08 30 04 | 06
#0029-d121 @A: 27 09 08 06 | 10
#0030-d121 @A: 08 07 13 11 | 12
#0031-d121 @A: 09 34 10 08 | 08
#0032-d121 @A: 16 08 01 09 | 04
#0033-d121 @A: 25 27 14 08 | 09
#0034-d121 @A: 07 08 14 26 | 11
#0035-d121 @A: 03 33 08 28 | 05
#0036-d121 @A: 32 03 08 27 | 07
#0037-d121 @A: 28 34 08 27 | 01
#0038-d121 @A: 01 18 31 05 | 02
#0039-d121 @A: 17 31 18 25 | 03
#0040-d121 @A: 04 19 18 35 | 06
#0041-d121 @A: 18 21 25 19 | 10
#0042-d121 @A: 15 04 14 18 | 12
#0043-d121 @A: 32 11 04 18 | 08
#0044-d121 @A: 18 03 15 06 | 04
#0045-d121 @A: 33 17 18 02 | 09
#0046-d121 @A: 20 02 18 14 | 11
#0047-d121 @A: 18 12 11 30 | 05
#0048-d121 @A: 27 14 18 09 | 07
#0049-d121 @A: 26 13 21 18 | 01
#0050-d121 @A: 07 18 13 02 | 02
#0051-d121 @A: 10 14 18 28 | 03
#0052-d121 @A: 03 10 18 25 | 06
#0053-d121 @A: 18 23 10 12 | 10
#0054-d121 @A: 18 01 22 10 | 12
#0055-d121 @A: 02 34 03 18 | 08
#0056-d121 @A: 05 30 31 26 | 04
#0057-d121 @A: 19 05 33 20 | 09
#0058-d121 @A: 19 05 13 26 | 11
#0059-d121 @A: 04 33 35 05 | 05
#0060-d121 @A: 04 25 23 05 | 07
#0061-d121 @A: 05 27 15 10 | 01
#0062-d121 @A: 06 05 09 22 | 02
#0063-d121 @A: 12 17 30 05 | 03
#0064-d121 @A: 05 03 20 12 | 06
#0065-d121 @A: 11 05 01 28 | 10
#0066-d121 @A: 05 34 11 07 | 12
#0067-d121 @A: 14 03 09 05 | 08
#0068-d121 @A: 32 12 05 16 | 04
#0069-d121 @A: 16 05 28 34 | 09
#0070-d121 @A: 19 31 35 25 | 11
#0071-d121 @A: 02 04 19 31 | 05
#0072-d121 @A: 34 11 31 04 | 07
#0073-d121 @A: 33 14 31 15 | 01
#0074-d121 @A: 09 31 06 26 | 02
#0075-d121 @A: 16 31 02 20 | 03
#0076-d121 @A: 31 25 01 14 | 06
#0077-d121 @A: 27 14 31 16 | 10
#0078-d121 @A: 32 06 04 19 | 12
#0079-d121 @A: 16 19 11 15 | 08
#0080-d121 @A: 19 13 20 12 | 04
#0081-d121 @A: 03 19 14 07 | 09
#0082-d121 @A: 23 32 19 02 | 11
#0083-d121 @A: 02 01 33 19 | 05
#0084-d121 @A: 19 32 01 07 | 07
#0085-d121 @A: 34 22 26 19 | 01
#0086-d121 @A: 09 35 28 04 | 02
#0087-d121 @A: 01 17 35 15 | 03
#0088-d121 @A: 35 15 11 20 | 06
#0089-d121 @A: 06 21 14 35 | 10
#0090-d121 @A: 35 01 25 33 | 12
#0091-d121 @A: 34 25 16 35 | 08
#0092-d121 @A: 10 33 22 35 | 04
#0093-d121 @A: 03 01 12 35 | 09
#0094-d121 @A: 01 07 35 22 | 11
#0095-d121 @A: 03 02 12 35 | 05
#0096-d121 @A: 11 04 13 02 | 07
#0097-d121 @A: 04 16 30 09 | 01
#0098-d121 @A: 22 04 21 03 | 02
#0099-d121 @A: 13 04 32 01 | 03
#0100-d121 @A: 33 23 32 04 | 06
#0101-d121 @A: 16 04 03 34 | 10
#0102-d121 @A: 17 16 13 15 | 12
#0103-d121 @A: 15 12 01 20 | 08
#0104-d121 @A: 15 09 30 34 | 04
#0105-d121 @A: 21 22 02 15 | 09
#0106-d121 @A: 10 25 28 15 | 11
#0107-d121 @A: 15 03 23 32 | 05
#0108-d121 @A: 12 06 17 02 | 07
#0109-d121 @A: 20 06 11 12 | 01
#0110-d121 @A: 09 06 10 21 | 02
#0111-d121 @A: 21 17 22 23 | 03
#0112-d121 @A: 17 21 16 27 | 06
#0113-d121 @A: 17 28 32 25 | 10
#0114-d121 @A: 17 23 28 27 | 12
#0115-d121 @A: 17 07 12 33 | 08
#0116-d121 @A: 16 17 10 28 | 04
#0117-d121 @A: 30 22 09 20 | 09
#0118-d121 @A: 23 20 10 32 | 11
#0119-d121 @A: 32 20 23 02 | 05
#0120-d121 @A: 26 10 22 20 | 07
#0121-d121 @A: 02 25 11 01 | 01
#0122-d121 @A: 11 10 23 28 | 02
#0123-d121 @A: 28 11 16 07 | 03
#0124-d121 @A: 21 09 30 03 | 06
#0125-d121 @A: 09 34 26 25 | 10
#0126-d121 @A: 32 33 01 09 | 12
#0127-d121 @A: 27 10 26 09 | 08
#0128-d121 @A: 10 09 16 12 | 04
#0129-d121 @A: 09 12 34 28 | 09
#0130-d121 @A: 21 07 13 28 | 11
#0131-d121 @A: 21 33 01 23 | 05
#0132-d121 @A: 03 33 21 26 | 07
#0133-d121 @A: 27 28 22 21 | 01
#0134-d121 @A: 13 14 02 25 | 02
#0135-d121 @A: 13 14 34 12 | 03
#0136-d121 @A: 13 28 33 25 | 06
#0137-d121 @A: 23 13 16 07 | 10
#0138-d121 @A: 30 23 01 14 | 12
#0139-d121 @A: 30 16 12 14 | 08
#0140-d121 @A: 27 16 30 01 | 04
#0141-d121 @A: 30 03 12 32 | 09
#0142-d121 @A: 11 24 29 10 | 11
#0143-d121 @A: 08 32 05 29 | 05
#0144-d121 @A: 18 28 29 05 | 07
#0145-d121 @A: 09 18 29 22 | 01
#0146-d121 @A: 32 02 18 29 | 02
#0147-d121 @A: 20 05 29 14 | 03
#0148-d121 @A: 10 12 19 29 | 06
#0149-d121 @A: 34 29 35 04 | 10
#0150-d121 @A: 04 28 29 06 | 12
#0151-d121 @A: 29 06 09 15 | 08
#0152-d121 @A: 26 17 09 29 | 04
#0153-d121 @A: 28 30 29 09 | 09
#0154-d121 @A: 12 21 03 29 | 11
#0155-d121 @A: 29 23 32 12 | 05
#0156-d121 @A: 12 22 29 07 | 07
#0157-d121 @A: 24 08 09 03 | 01
#0158-d121 @A: 11 18 34 24 | 02
#0159-d121 @A: 18 24 26 09 | 03
#0160-d121 @A: 27 18 24 01 | 06
#0161-d121 @A: 05 06 10 24 | 10
#0162-d121 @A: 26 24 35 20 | 12
#0163-d121 @A: 24 27 11 35 | 08
#0164-d121 @A: 20 01 04 24 | 04
#0165-d121 @A: 12 11 24 04 | 09
#0166-d121 @A: 24 01 15 13 | 11
#0167-d121 @A: 24 15 30 26 | 05
#0168-d121 @A: 22 20 24 06 | 07
#0169-d121 @A: 21 20 03 24 | 01
#0170-d121 @A: 22 11 28 24 | 02
#0171-d121 @A: 09 01 21 24 | 03
#0172-d121 @A: 24 09 32 23 | 06
#0173-d121 @A: 21 27 24 26 | 10
#0174-d121 @A: 24 14 22 01 | 12
#0175-d121 @A: 18 02 15 08 | 08
#0176-d121 @A: 08 18 06 12 | 04
#0177-d121 @A: 08 28 05 19 | 09
#0178-d121 @A: 06 05 08 07 | 11
#0179-d121 @A: 35 08 23 20 | 05
#0180-d121 @A: 34 07 35 08 | 07
#0181-d121 @A: 15 12 25 08 | 01
#0182-d121 @A: 08 17 11 12 | 02
#0183-d121 @A: 17 08 30 01 | 03
#0184-d121 @A: 26 23 08 13 | 06
#0185-d121 @A: 08 25 01 26 | 10
#0186-d121 @A: 07 08 16 27 | 12
#0187-d121 @A: 19 10 18 11 | 08
#0188-d121 @A: 19 30 16 18 | 04
#0189-d121 @A: 18 02 35 06 | 09
#0190-d121 @A: 18 16 25 04 | 11
#0191-d121 @A: 11 18 06 16 | 05
#0192-d121 @A: 28 06 18 09 | 07
#0193-d121 @A: 20 07 13 18 | 01
#0194-d121 @A: 20 18 32 28 | 02
#0195-d121 @A: 07 22 11 18 | 03
#0196-d121 @A: 13 18 12 33 | 06
#0197-d121 @A: 25 14 12 18 | 10
#0198-d121 @A: 14 18 22 03 | 12
#0199-d121 @A: 23 18 28 03 | 08
#0200-d121 @A: 25 31 13 05 | 04
#0201-d121 @A: 35 05 03 19 | 09
#0202-d121 @A: 19 04 05 11 | 11
#0203-d121 @A: 05 17 10 19 | 05
#0204-d121 @A: 05 21 27 19 | 07
#0205-d121 @A: 26 11 15 05 | 01
#0206-d121 @A: 25 05 09 32 | 02
#0207-d121 @A: 01 05 09 34 | 03
#0208-d121 @A: 05 21 30 22 | 06
#0209-d121 @A: 25 05 14 26 | 10
#0210-d121 @A: 05 32 33 34 | 12
#0211-d121 @A: 33 16 27 05 | 08
#0212-d121 @A: 05 01 03 16 | 04
#0213-d121 @A: 02 05 34 32 | 09
#0214-d121 @A: 19 31 17 06 | 11
#0215-d121 @A: 12 30 19 31 | 05
#0216-d121 @A: 31 04 13 16 | 07
#0217-d121 @A: 30 16 31 15 | 01
#0218-d121 @A: 16 31 20 06 | 02
#0219-d121 @A: 26 31 20 21 | 03
#0220-d121 @A: 25 30 20 31 | 06
#0221-d121 @A: 12 20 34 31 | 10
#0222-d121 @A: 02 21 11 31 | 12
#0223-d121 @A: 14 02 32 31 | 08
#0224-d121 @A: 01 27 23 31 | 04
#0225-d121 @A: 28 34 31 01 | 09
#0226-d121 @A: 31 34 22 27 | 11
#0227-d121 @A: 35 19 06 27 | 05
#0228-d121 @A: 21 22 35 19 | 07
#0229-d121 @A: 30 15 33 19 | 01
#0230-d121 @A: 06 13 19 30 | 02
#0231-d121 @A: 20 17 19 26 | 03
#0232-d121 @A: 28 13 19 17 | 06
#0233-d121 @A: 09 21 33 19 | 10
#0234-d121 @A: 26 19 25 07 | 12
#0235-d121 @A: 19 28 10 22 | 08
#0236-d121 @A: 17 23 35 11 | 04
#0237-d121 @A: 03 35 17 30 | 09
#0238-d121 @A: 13 03 09 35 | 11
#0239-d121 @A: 35 07 09 23 | 05
#0240-d121 @A: 35 33 23 16 | 07
#0241-d121 @A: 35 07 16 03 | 01
#0242-d121 @A: 10 06 23 04 | 02
#0243-d121 @A: 34 06 04 02 | 03
#0244-d121 @A: 04 23 07 17 | 06
#0245-d121 @A: 20 11 04 22 | 10
#0246-d121 @A: 28 10 04 01 | 12
#0247-d121 @A: 15 25 17 21 | 08
#0248-d121 @A: 14 09 28 15 | 04
#0249-d121 @A: 32 10 14 15 | 09
#0250-d121 @A: 22 15 32 33 | 11
#0251-d121 @A: 16 12 22 15 | 05
#0252-d121 @A: 20 06 17 25 | 07
#0253-d121 @A: 14 30 06 11 | 01
#0254-d121 @A: 06 14 34 26 | 02
#0255-d121 @A: 33 27 06 01 | 03
#0256-d121 @A: 06 12 33 28 | 06
#0257-d121 @A: 10 01 06 02 | 10
#0258-d121 @A: 10 06 28 27 | 12
#0259-d121 @A: 34 01 06 12 | 08
#0260-d121 @A: 06 07 16 26 | 04
#0261-d121 @A: 13 01 11 17 | 09
#0262-d121 @A: 17 27 34 10 | 11
#0263-d121 @A: 21 30 02 20 | 05
#0264-d121 @A: 14 25 20 16 | 07
#0265-d121 @A: 26 20 33 34 | 01
#0266-d121 @A: 12 16 33 20 | 02
#0267-d121 @A: 10 20 01 03 | 03
#0268-d121 @A: 14 21 11 09 | 06
#0269-d121 @A: 13 11 30 09 | 10
#0270-d121 @A: 32 11 14 26 | 12
#0271-d121 @A: 11 34 25 12 | 08
#0272-d121 @A: 01 34 11 10 | 04
#0273-d121 @A: 16 01 32 11 | 09
#0274-d121 @A: 09 12 14 32 | 11
#0275-d121 @A: 14 09 16 02 | 05
#0276-d121 @A: 23 10 09 33 | 07
#0277-d121 @A: 28 23 09 01 | 01
#0278-d121 @A: 13 21 01 02 | 02
#0279-d121 @A: 07 02 10 21 | 03
#0280-d121 @A: 34 03 21 28 | 06
#0281-d121 @A: 13 26 12 30 | 10
#0282-d121 @A: 22 14 28 13 | 12
#0283-d121 @A: 01 25 13 10 | 08
#0284-d121 @A: 27 13 25 16 | 04
#0285-d121 @A: 30 28 23 22 | 09
#0286-d121 @A: 32 28 30 10 | 11
#0287-d121 @A: 01 33 24 29 | 05
#0288-d121 @A: 08 31 29 33 | 07
#0289-d121 @A: 30 29 34 05 | 01
#0290-d121 @A: 29 34 23 31 | 02
#0291-d121 @A: 17 34 29 19 | 03
#0292-d121 @A: 35 09 16 29 | 06
#0293-d121 @A: 06 29 21 07 | 10
#0294-d121 @A: 20 29 03 11 | 12
#0295-d121 @A: 03 29 14 01 | 08
#0296-d121 @A: 03 29 34 25 | 04
#0297-d121 @A: 33 29 28 10 | 09
#0298-d121 @A: 33 04 24 18 | 11
#0299-d121 @A: 18 06 23 24 | 05
#0300-d121 @A: 18 07 30 24 | 07
#0301-d121 @A: 12 24 35 06 | 01
#0302-d121 @A: 24 04 25 06 | 02
#0303-d121 @A: 24 04 13 34 | 03
#0304-d121 @A: 03 24 02 04 | 06
#0305-d121 @A: 24 15 23 17 | 10
#0306-d121 @A: 11 13 32 24 | 12
#0307-d121 @A: 16 30 02 24 | 08
#0308-d121 @A: 12 14 24 33 | 04
#0309-d121 @A: 27 22 03 24 | 09
#0310-d121 @A: 01 28 08 18 | 11
#0311-d121 @A: 08 35 05 10 | 05
#0312-d121 @A: 30 08 33 05 | 07
#0313-d121 @A: 31 23 08 19 | 01
#0314-d121 @A: 31 35 08 26 | 02
#0315-d121 @A: 31 20 17 08 | 03
#0316-d121 @A: 19 08 22 09 | 06
#0317-d121 @A: 19 34 08 13 | 10
#0318-d121 @A: 35 08 16 06 | 12
#0319-d121 @A: 11 04 16 08 | 08
#0320-d121 @A: 08 34 16 15 | 04
#0321-d121 @A: 21 08 02 16 | 09
#0322-d121 @A: 34 25 08 23 | 11
#0323-d121 @A: 12 10 33 08 | 05
#0324-d121 @A: 13 05 32 18 | 07
#0325-d121 @A: 31 33 19 18 | 01
#0326-d121 @A: 35 18 31 16 | 02
#0327-d121 @A: 10 06 18 35 | 03
#0328-d121 @A: 35 09 12 18 | 06
#0329-d121 @A: 35 28 30 18 | 10
#0330-d121 @A: 01 04 18 17 | 12
#0331-d121 @A: 26 04 18 03 | 08
#0332-d121 @A: 18 20 30 14 | 04
#0333-d121 @A: 13 23 11 18 | 09
#0334-d121 @A: 25 11 27 18 | 11
#0335-d121 @A: 09 21 18 34 | 05
#0336-d121 @A: 18 01 13 09 | 07
#0337-d121 @A: 33 32 18 14 | 01
#0338-d121 @A: 19 15 25 05 | 02
#0339-d121 @A: 05 22 32 19 | 03
#0340-d121 @A: 19 05 12 34 | 06
#0341-d121 @A: 33 35 05 02 | 10
#0342-d121 @A: 06 15 05 34 | 12
#0343-d121 @A: 09 12 05 15 | 08
#0344-d121 @A: 13 06 05 01 | 04
#0345-d121 @A: 05 17 22 20 | 09
#0346-d121 @A: 05 13 02 22 | 11
#0347-d121 @A: 05 34 14 22 | 05
#0348-d121 @A: 05 07 33 22 | 07
#0349-d121 @A: 31 19 26 15 | 01
#0350-d121 @A: 19 27 11 31 | 02
#0351-d121 @A: 21 04 06 31 | 03
#0352-d121 @A: 33 04 30 31 | 06
#0353-d121 @A: 12 31 02 04 | 10
#0354-d121 @A: 31 07 14 28 | 12
#0355-d121 @A: 34 31 25 07 | 08
#0356-d121 @A: 23 07 31 02 | 04
#0357-d121 @A: 16 03 10 31 | 09
#0358-d121 @A: 16 22 31 01 | 11
#0359-d121 @A: 13 19 35 32 | 05
#0360-d121 @A: 28 19 02 35 | 07
#0361-d121 @A: 19 13 09 27 | 01
#0362-d121 @A: 09 32 30 19 | 02
#0363-d121 @A: 25 34 19 14 | 03
#0364-d121 @A: 23 15 35 06 | 06
#0365-d121 @A: 13 30 20 35 | 10
#0366-d121 @A: 35 27 23 10 | 12
#0367-d121 @A: 26 22 23 35 | 08
#0368-d121 @A: 34 12 10 35 | 04
#0369-d121 @A: 10 35 26 16 | 09
#0370-d121 @A: 22 35 02 16 | 11
#0371-d121 @A: 16 12 35 27 | 05
#0372-d121 @A: 12 15 04 17 | 07
#0373-d121 @A: 17 04 16 20 | 01
#0374-d121 @A: 30 10 04 17 | 02
#0375-d121 @A: 33 07 04 27 | 03
#0376-d121 @A: 16 10 32 04 | 06
#0377-d121 @A: 32 04 07 28 | 10
#0378-d121 @A: 20 21 14 15 | 12
#0379-d121 @A: 25 11 15 07 | 08
#0380-d121 @A: 09 26 15 21 | 04
#0381-d121 @A: 21 12 15 30 | 09
#0382-d121 @A: 21 15 03 16 | 11
#0383-d121 @A: 15 13 23 27 | 05
#0384-d121 @A: 16 25 15 32 | 07
#0385-d121 @A: 01 15 23 02 | 01
#0386-d121 @A: 07 23 15 12 | 02
#0387-d121 @A: 27 14 06 17 | 03
#0388-d121 @A: 20 06 23 01 | 06
#0389-d121 @A: 13 06 34 28 | 10
#0390-d121 @A: 10 33 06 14 | 12
#0391-d121 @A: 23 06 03 33 | 08
#0392-d121 @A: 02 26 07 06 | 04
#0393-d121 @A: 17 34 11 20 | 09
#0394-d121 @A: 17 33 30 21 | 11
#0395-d121 @A: 02 17 13 23 | 05
#0396-d121 @A: 17 34 13 32 | 07
#0397-d121 @A: 22 10 17 14 | 01
#0398-d121 @A: 10 32 17 33 | 02
#0399-d121 @A: 27 17 32 12 | 03
#0400-d121 @A: 17 07 32 16 | 06
#0401-d121 @A: 11 32 20 30 | 10
#0402-d121 @A: 16 20 10 13 | 12
#0403-d121 @A: 32 14 20 22 | 08
#0404-d121 @A: 07 20 03 22 | 04
#0405-d121 @A: 20 16 32 34 | 09
#0406-d121 @A: 07 02 12 20 | 11
#0407-d121 @A: 21 32 11 27 | 05
#0408-d121 @A: 25 14 10 11 | 07
#0409-d121 @A: 25 26 11 03 | 01
#0410-d121 @A: 12 33 22 11 | 02
#0411-d121 @A: 01 27 03 11 | 03
#0412-d121 @A: 11 27 34 16 | 06
#0413-d121 @A: 09 22 34 23 | 10
#0414-d121 @A: 33 34 09 07 | 12
#0415-d121 @A: 14 21 16 33 | 08
#0416-d121 @A: 01 21 28 14 | 04
#0417-d121 @A: 32 14 30 13 | 09
#0418-d121 @A: 22 13 30 16 | 11
#0419-d121 @A: 13 23 32 28 | 05
#0420-d121 @A: 26 12 02 23 | 07
#0421-d121 @A: 24 29 18 03 | 01
#0422-d121 @A: 29 24 30 27 | 02
#0423-d121 @A: 24 29 02 25 | 03
#0424-d121 @A: 29 25 08 18 | 06
#0425-d121 @A: 29 19 35 08 | 10
#0426-d121 @A: 06 34 18 29 | 12
#0427-d121 @A: 29 17 33 18 | 08
#0428-d121 @A: 05 35 12 29 | 04
#0429-d121 @A: 29 17 27 05 | 09
#0430-d121 @A: 29 05 20 02 | 11
#0431-d121 @A: 23 29 05 13 | 05
#0432-d121 @A: 35 13 28 29 | 07
#0433-d121 @A: 30 29 32 17 | 01
#0434-d121 @A: 29 20 30 12 | 02
#0435-d121 @A: 07 13 14 29 | 03
#0436-d121 @A: 29 25 12 33 | 06
#0437-d121 @A: 16 29 01 25 | 10
#0438-d121 @A: 27 02 29 33 | 12
#0439-d121 @A: 07 16 29 33 | 08
#0440-d121 @A: 24 18 21 35 | 04
#0441-d121 @A: 35 05 14 24 | 09
#0442-d121 @A: 28 05 21 24 | 11
#0443-d121 @A: 09 19 24 12 | 05
#0444-d121 @A: 35 24 03 04 | 07
#0445-d121 @A: 24 35 15 16 | 01
#0446-d121 @A: 24 04 09 22 | 02
#0447-d121 @A: 30 14 24 04 | 03
#0448-d121 @A: 13 30 24 17 | 06
#0449-d121 @A: 09 11 16 24 | 10
#0450-d121 @A: 10 24 14 26 | 12
#0451-d121 @A: 33 24 10 03 | 08
#0452-d121 @A: 24 27 34 33 | 04
#0453-d121 @A: 31 27 08 18 | 09
#0454-d121 @A: 34 18 04 08 | 11
#0455-d121 @A: 08 03 07 18 | 05
#0456-d121 @A: 08 05 27 13 | 07
#0457-d121 @A: 25 08 11 31 | 01
#0458-d121 @A: 09 08 31 07 | 02
#0459-d121 @A: 08 14 19 21 | 03
#0460-d121 @A: 08 10 30 19 | 06
#0461-d121 @A: 25 08 02 19 | 10
#0462-d121 @A: 21 27 04 08 | 12
#0463-d121 @A: 06 08 13 32 | 08
#0464-d121 @A: 02 08 14 06 | 04
#0465-d121 @A: 08 20 13 25 | 09
#0466-d121 @A: 02 01 08 34 | 11
#0467-d121 @A: 14 05 06 18 | 05
#0468-d121 @A: 07 18 04 31 | 07
#0469-d121 @A: 01 19 15 18 | 01
#0470-d121 @A: 18 26 06 01 | 02
#0471-d121 @A: 17 18 09 07 | 03
#0472-d121 @A: 17 18 21 14 | 06
#0473-d121 @A: 11 21 01 18 | 10
#0474-d121 @A: 18 30 32 21 | 12
#0475-d121 @A: 23 01 18 07 | 08
#0476-d121 @A: 10 18 32 34 | 04
#0477-d121 @A: 01 12 32 18 | 09
#0478-d121 @A: 18 12 07 34 | 11
#0479-d121 @A: 10 05 31 04 | 05
#0480-d121 @A: 20 05 32 04 | 07
#0481-d121 @A: 10 09 11 05 | 01
#0482-d121 @A: 05 14 23 16 | 02
#0483-d121 @A: 10 32 01 05 | 03
#0484-d121 @A: 27 34 05 03 | 06
#0485-d121 @A: 31 25 04 12 | 10
#0486-d121 @A: 20 07 15 31 | 12
#0487-d121 @A: 31 11 17 07 | 08
#0488-d121 @A: 31 10 20 11 | 04
#0489-d121 @A: 20 31 13 23 | 09
#0490-d121 @A: 20 33 31 28 | 11
#0491-d121 @A: 33 22 31 25 | 05
#0492-d121 @A: 28 25 03 31 | 07
#0493-d121 @A: 31 03 33 34 | 01
#0494-d121 @A: 16 31 32 26 | 02
#0495-d121 @A: 23 06 19 12 | 03
#0496-d121 @A: 14 19 11 20 | 06
#0497-d121 @A: 25 03 13 19 | 10
#0498-d121 @A: 10 23 07 19 | 12
#0499-d121 @A: 26 19 03 23 | 08
#0500-d121 @A: 33 19 16 32 | 04
#0501-d121 @A: 10 16 01 19 | 09
#0502-d121 @A: 32 34 03 19 | 11
#0503-d121 @A: 28 19 16 27 | 05
#0504-d121 @A: 34 07 28 19 | 07
#0505-d121 @A: 26 19 16 02 | 01
#0506-d121 @A: 32 15 35 04 | 02
#0507-d121 @A: 04 14 35 02 | 03
#0508-d121 @A: 33 03 35 15 | 06
#0509-d121 @A: 17 10 13 35 | 10
#0510-d121 @A: 35 13 11 12 | 12
#0511-d121 @A: 21 35 25 02 | 08
#0512-d121 @A: 30 22 12 35 | 04
#0513-d121 @A: 23 09 04 15 | 09
#0514-d121 @A: 15 02 28 04 | 11
#0515-d121 @A: 13 06 04 22 | 05
#0516-d121 @A: 11 25 17 04 | 07
#0517-d121 @A: 13 04 11 27 | 01
#0518-d121 @A: 30 04 21 01 | 02
#0519-d121 @A: 28 23 16 04 | 03
#0520-d121 @A: 30 32 06 15 | 06
#0521-d121 @A: 15 06 26 25 | 10
#0522-d121 @A: 15 10 30 20 | 12
#0523-d121 @A: 30 12 02 15 | 08
#0524-d121 @A: 03 14 12 15 | 04
#0525-d121 @A: 06 13 17 23 | 09
#0526-d121 @A: 02 06 20 03 | 11
#0527-d121 @A: 27 20 32 06 | 05
#0528-d121 @A: 11 21 06 03 | 07
#0529-d121 @A: 06 09 30 01 | 01
#0530-d121 @A: 25 06 28 14 | 02
#0531-d121 @A: 01 06 25 03 | 03
#0532-d121 @A: 10 32 06 26 | 06
#0533-d121 @A: 07 06 12 10 | 10
#0534-d121 @A: 06 03 27 16 | 12
#0535-d121 @A: 17 27 11 30 | 08
#0536-d121 @A: 17 02 11 34 | 04
#0537-d121 @A: 30 17 09 23 | 09
#0538-d121 @A: 02 17 07 14 | 11
#0539-d121 @A: 32 02 01 17 | 05
#0540-d121 @A: 22 17 28 02 | 07
#0541-d121 @A: 25 02 20 09 | 01
#0542-d121 @A: 27 30 21 20 | 02
#0543-d121 @A: 13 33 02 20 | 03
#0544-d121 @A: 12 14 20 10 | 06
#0545-d121 @A: 33 22 20 23 | 10
#0546-d121 @A: 27 20 12 22 | 12
#0547-d121 @A: 25 09 14 33 | 08
#0548-d121 @A: 14 26 09 01 | 04
#0549-d121 @A: 10 09 27 02 | 09
#0550-d121 @A: 10 03 14 21 | 11
#0551-d121 @A: 21 25 16 10 | 05
#0552-d121 @A: 03 30 13 28 | 07
#0553-d121 @A: 14 01 16 13 | 01
#0554-d121 @A: 13 34 16 33 | 02
#0555-d121 @A: 22 25 01 30 | 03
#0556-d121 @A: 28 25 30 16 | 06
#0557-d121 @A: 22 03 10 02 | 10
#0558-d121 @A: 29 35 24 22 | 12
#0559-d121 @A: 06 29 08 20 | 08
#0560-d121 @A: 29 04 07 05 | 04
#0561-d121 @A: 21 10 05 29 | 09
#0562-d121 @A: 11 31 29 26 | 11
#0563-d121 @A: 29 26 30 19 | 05
#0564-d121 @A: 07 35 29 17 | 07
#0565-d121 @A: 35 32 29 21 | 01
#0566-d121 @A: 04 15 29 01 | 02
#0567-d121 @A: 29 13 26 15 | 03
#0568-d121 @A: 13 33 06 29 | 06
#0569-d121 @A: 21 29 26 34 | 10
#0570-d121 @A: 28 14 34 29 | 12
#0571-d121 @A: 35 33 08 24 | 08
#0572-d121 @A: 12 30 08 24 | 04
#0573-d121 @A: 20 31 18 24 | 09
#0574-d121 @A: 24 18 28 19 | 11
#0575-d121 @A: 24 07 20 05 | 05
#0576-d121 @A: 05 23 11 24 | 07
#0577-d121 @A: 19 03 24 31 | 01
#0578-d121 @A: 19 34 24 02 | 02
#0579-d121 @A: 15 24 34 20 | 03
#0580-d121 @A: 06 09 24 14 | 06
#0581-d121 @A: 33 24 06 32 | 10
#0582-d121 @A: 16 24 06 01 | 12
#0583-d121 @A: 24 17 03 11 | 08
#0584-d121 @A: 24 09 17 28 | 04
#0585-d121 @A: 20 33 09 24 | 09
#0586-d121 @A: 20 13 27 24 | 11
#0587-d121 @A: 21 24 16 30 | 05
#0588-d121 @A: 32 24 21 02 | 07
#0589-d121 @A: 24 25 23 33 | 01
#0590-d121 @A: 32 01 24 25 | 02
#0591-d121 @A: 24 28 07 25 | 03
#0592-d121 @A: 25 26 24 16 | 06
#0593-d121 @A: 28 24 01 03 | 10
#0594-d121 @A: 03 32 24 26 | 12
#0595-d121 @A: 34 26 12 24 | 08
#0596-d121 @A: 11 08 05 18 | 04
#0597-d121 @A: 05 17 34 08 | 09
#0598-d121 @A: 05 02 08 23 | 11
#0599-d121 @A: 22 05 08 03 | 05
#0600-d121 @A: 08 15 01 31 | 07
#0601-d121 @A: 08 31 14 30 | 01
#0602-d121 @A: 04 08 19 25 | 02
#0603-d121 @A: 08 19 15 32 | 03
#0604-d121 @A: 35 03 14 08 | 06
#0605-d121 @A: 06 04 14 08 | 10
#0606-d121 @A: 08 06 33 15 | 12
#0607-d121 @A: 08 25 17 09 | 08
#0608-d121 @A: 26 08 02 17 | 04
#0609-d121 @A: 08 07 28 23 | 09
#0610-d121 @A: 07 33 08 01 | 11
#0611-d121 @A: 08 27 22 10 | 05
#0612-d121 @A: 08 01 22 32 | 07
#0613-d121 @A: 08 16 28 32 | 01
#0614-d121 @A: 28 08 32 02 | 02
#0615-d121 @A: 18 06 31 32 | 03
#0616-d121 @A: 13 19 14 18 | 06
#0617-d121 @A: 22 04 30 18 | 10
#0618-d121 @A: 22 15 18 21 | 12
#0619-d121 @A: 32 18 26 15 | 08
#0620-d121 @A: 15 18 28 16 | 04
#0621-d121 @A: 17 18 22 06 | 09
#0622-d121 @A: 21 27 18 03 | 11
#0623-d121 @A: 14 07 16 18 | 05
#0624-d121 @A: 01 33 18 03 | 07
#0625-d121 @A: 12 27 18 28 | 01
#0626-d121 @A: 31 07 19 05 | 02
#0627-d121 @A: 20 27 05 31 | 03
#0628-d121 @A: 05 14 31 21 | 06
#0629-d121 @A: 03 02 19 05 | 10
#0630-d121 @A: 01 21 35 05 | 12
#0631-d121 @A: 04 05 26 02 | 08
#0632-d121 @A: 05 26 06 20 | 04
#0633-d121 @A: 11 16 05 20 | 09
#0634-d121 @A: 05 23 28 20 | 11
#0635-d121 @A: 21 09 16 05 | 05
#0636-d121 @A: 05 30 10 02 | 07
#0637-d121 @A: 28 31 19 09 | 01
#0638-d121 @A: 22 14 19 31 | 02
#0639-d121 @A: 28 17 31 35 | 03
#0640-d121 @A: 13 14 31 35 | 06
#0641-d121 @A: 33 31 02 06 | 10
#0642-d121 @A: 23 17 16 31 | 12
#0643-d121 @A: 09 21 22 31 | 08
#0644-d121 @A: 13 34 09 31 | 04
#0645-d121 @A: 31 09 10 14 | 09
#0646-d121 @A: 25 16 09 31 | 11
#0647-d121 @A: 21 33 27 31 | 05
#0648-d121 @A: 26 01 31 12 | 07
#0649-d121 @A: 03 12 31 22 | 01
#0650-d121 @A: 31 16 07 12 | 02
#0651-d121 @A: 17 32 19 11 | 03
#0652-d121 @A: 25 19 17 30 | 06
#0653-d121 @A: 11 02 07 19 | 10
#0654-d121 @A: 09 02 30 19 | 12
#0655-d121 @A: 19 21 01 13 | 08
#0656-d121 @A: 33 01 19 14 | 04
#0657-d121 @A: 03 27 10 19 | 09
#0658-d121 @A: 25 35 21 26 | 11
#0659-d121 @A: 32 35 01 23 | 05
#0660-d121 @A: 27 04 06 26 | 07
#0661-d121 @A: 13 17 26 04 | 01
#0662-d121 @A: 20 34 09 04 | 02
#0663-d121 @A: 03 04 20 13 | 03
#0664-d121 @A: 20 02 01 04 | 06
#0665-d121 @A: 02 04 30 27 | 10
#0666-d121 @A: 25 07 14 04 | 12
#0667-d121 @A: 34 04 14 01 | 08
#0668-d121 @A: 04 32 03 25 | 04
#0669-d121 @A: 04 22 27 32 | 09
#0670-d121 @A: 06 13 12 15 | 11
#0671-d121 @A: 02 09 17 15 | 05
#0672-d121 @A: 01 15 16 23 | 07
#0673-d121 @A: 16 15 27 02 | 01
#0674-d121 @A: 06 09 20 03 | 02
#0675-d121 @A: 11 06 33 09 | 03
#0676-d121 @A: 13 06 11 10 | 06
#0677-d121 @A: 16 06 32 21 | 10
#0678-d121 @A: 07 06 33 25 | 12
#0679-d121 @A: 32 28 01 06 | 08
#0680-d121 @A: 06 27 22 07 | 04
#0681-d121 @A: 30 34 17 28 | 09
#0682-d121 @A: 17 25 03 14 | 11
#0683-d121 @A: 25 33 17 27 | 05
#0684-d121 @A: 17 33 16 01 | 07
#0685-d121 @A: 09 23 14 20 | 01
#0686-d121 @A: 30 16 26 20 | 02
#0687-d121 @A: 20 25 10 07 | 03
#0688-d121 @A: 25 11 13 21 | 06
#0689-d121 @A: 14 11 01 12 | 10
#0690-d121 @A: 23 34 32 11 | 12
#0691-d121 @A: 12 27 11 10 | 08
#0692-d121 @A: 11 26 28 34 | 04
#0693-d121 @A: 03 33 09 27 | 09
#0694-d121 @A: 02 09 01 28 | 11
#0695-d121 @A: 23 28 21 25 | 05
#0696-d121 @A: 25 34 30 13 | 07
#0697-d121 @A: 14 23 10 13 | 01
#0698-d121 @A: 02 26 13 10 | 02
#0699-d121 @A: 13 32 03 02 | 03
#0700-d121 @A: 30 10 25 12 | 06
#0701-d121 @A: 30 03 22 34 | 10
#0702-d121 @A: 07 03 30 26 | 12
#0703-d121 @A: 02 23 33 28 | 08
#0704-d121 @A: 02 33 32 22 | 04
#0705-d121 @A: 17 06 24 29 | 09
#0706-d121 @A: 08 01 29 21 | 11
#0707-d121 @A: 29 18 31 10 | 05
#0708-d121 @A: 18 19 29 32 | 07
#0709-d121 @A: 29 05 09 19 | 01
#0710-d121 @A: 31 29 21 19 | 02
#0711-d121 @A: 29 23 22 19 | 03
#0712-d121 @A: 29 20 04 25 | 06
#0713-d121 @A: 06 29 27 12 | 10
#0714-d121 @A: 17 28 20 29 | 12
#0715-d121 @A: 01 17 12 29 | 08
#0716-d121 @A: 21 11 28 29 | 04
#0717-d121 @A: 29 09 02 13 | 09
#0718-d121 @A: 02 29 03 01 | 11
#0719-d121 @A: 28 29 02 07 | 05
#0720-d121 @A: 34 08 24 21 | 07
#0721-d121 @A: 24 16 13 18 | 01
#0722-d121 @A: 28 31 24 06 | 02
#0723-d121 @A: 25 31 21 24 | 03
#0724-d121 @A: 24 33 19 13 | 06
#0725-d121 @A: 35 24 09 25 | 10
#0726-d121 @A: 24 21 32 04 | 12
#0727-d121 @A: 26 24 07 04 | 08
#0728-d121 @A: 17 21 24 07 | 04
#0729-d121 @A: 17 16 12 24 | 09
#0730-d121 @A: 22 24 21 33 | 11
#0731-d121 @A: 27 24 25 10 | 05
#0732-d121 @A: 05 15 20 08 | 07
#0733-d121 @A: 08 14 05 12 | 01
#0734-d121 @A: 08 31 02 35 | 02
#0735-d121 @A: 04 08 20 33 | 03
#0736-d121 @A: 06 11 28 08 | 06
#0737-d121 @A: 20 30 08 03 | 10
#0738-d121 @A: 30 08 34 11 | 12
#0739-d121 @A: 08 32 11 10 | 08
#0740-d121 @A: 26 30 08 09 | 04
#0741-d121 @A: 21 16 13 08 | 09
#0742-d121 @A: 16 25 03 08 | 11
#0743-d121 @A: 03 01 08 23 | 05
#0744-d121 @A: 27 26 33 08 | 07
#0745-d121 @A: 25 18 05 22 | 01
#0746-d121 @A: 03 31 11 18 | 02
#0747-d121 @A: 18 09 03 19 | 03
#0748-d121 @A: 18 02 19 21 | 06
#0749-d121 @A: 32 18 23 25 | 10
#0750-d121 @A: 33 16 26 18 | 12
#0751-d121 @A: 31 05 32 35 | 08
#0752-d121 @A: 22 31 05 28 | 04
#0753-d121 @A: 09 35 05 20 | 09
#0754-d121 @A: 05 22 11 35 | 11
#0755-d121 @A: 05 26 07 35 | 05
#0756-d121 @A: 05 14 04 17 | 07
#0757-d121 @A: 05 21 20 25 | 01
#0758-d121 @A: 05 30 09 07 | 02
#0759-d121 @A: 05 03 25 33 | 03
#0760-d121 @A: 12 05 25 01 | 06
#0761-d121 @A: 02 25 22 05 | 10
#0762-d121 @A: 12 10 22 05 | 12
#0763-d121 @A: 05 16 22 26 | 08
#0764-d121 @A: 05 16 02 27 | 04
#0765-d121 @A: 26 12 05 27 | 09
#0766-d121 @A: 13 10 31 19 | 11
#0767-d121 @A: 09 35 31 33 | 05
#0768-d121 @A: 13 31 07 06 | 07
#0769-d121 @A: 06 30 03 31 | 01
#0770-d121 @A: 27 25 31 06 | 02
#0771-d121 @A: 33 31 26 17 | 03
#0772-d121 @A: 26 31 23 25 | 06
#0773-d121 @A: 33 31 07 23 | 10
#0774-d121 @A: 31 34 26 10 | 12
#0775-d121 @A: 35 01 20 19 | 08
#0776-d121 @A: 04 19 16 12 | 04
#0777-d121 @A: 06 15 19 22 | 09
#0778-d121 @A: 15 20 03 19 | 11
#0779-d121 @A: 02 19 20 15 | 05
#0780-d121 @A: 09 15 10 19 | 07
#0781-d121 @A: 19 17 09 01 | 01
#0782-d121 @A: 11 09 23 19 | 02
#0783-d121 @A: 19 32 26 21 | 03
#0784-d121 @A: 02 13 27 19 | 06
#0785-d121 @A: 16 25 19 23 | 10
#0786-d121 @A: 03 22 16 19 | 12
#0787-d121 @A: 35 21 04 16 | 08
#0788-d121 @A: 04 13 35 07 | 04
#0789-d121 @A: 10 35 25 04 | 09
#0790-d121 @A: 06 33 35 17 | 11
#0791-d121 @A: 25 20 35 32 | 05
#0792-d121 @A: 35 14 16 32 | 07
#0793-d121 @A: 13 33 04 15 | 01
#0794-d121 @A: 17 03 33 04 | 02
#0795-d121 @A: 14 26 04 33 | 03
#0796-d121 @A: 27 03 04 23 | 06
#0797-d121 @A: 02 04 33 10 | 10
#0798-d121 @A: 16 26 04 01 | 12
#0799-d121 @A: 02 07 32 04 | 08
#0800-d121 @A: 06 15 01 21 | 04
#0801-d121 @A: 13 15 06 02 | 09
#0802-d121 @A: 30 15 17 14 | 11
#0803-d121 @A: 15 30 01 11 | 05
#0804-d121 @A: 28 32 15 11 | 07
#0805-d121 @A: 16 15 33 10 | 01
#0806-d121 @A: 28 01 15 33 | 02
#0807-d121 @A: 10 01 07 15 | 03
#0808-d121 @A: 10 34 15 03 | 06
#0809-d121 @A: 15 10 12 26 | 10
#0810-d121 @A: 03 15 27 28 | 12
#0811-d121 @A: 17 12 09 06 | 08
#0812-d121 @A: 06 17 16 30 | 04
#0813-d121 @A: 06 32 07 23 | 09
#0814-d121 @A: 22 06 32 12 | 11
#0815-d121 @A: 33 20 13 17 | 05
#0816-d121 @A: 12 13 17 21 | 07
#0817-d121 @A: 28 33 22 17 | 01
#0818-d121 @A: 27 20 07 11 | 02
#0819-d121 @A: 28 20 02 11 | 03
#0820-d121 @A: 20 03 14 26 | 06
#0821-d121 @A: 34 20 25 22 | 10
#0822-d121 @A: 12 20 26 23 | 12
#0823-d121 @A: 34 10 20 28 | 08
#0824-d121 @A: 12 09 30 33 | 04
#0825-d121 @A: 14 16 34 09 | 09
#0826-d121 @A: 09 33 28 16 | 11
#0827-d121 @A: 22 16 09 27 | 05
#0828-d121 @A: 02 03 21 23 | 07
#0829-d121 @A: 01 22 26 21 | 01
#0830-d121 @A: 12 07 25 13 | 02
#0831-d121 @A: 10 07 03 13 | 03
#0832-d121 @A: 03 26 22 13 | 06
#0833-d121 @A: 07 27 34 13 | 10
#0834-d121 @A: 02 12 16 13 | 12
#0835-d121 @A: 30 10 23 03 | 08
#0836-d121 @A: 33 01 34 30 | 04
#0837-d121 @A: 01 30 10 26 | 09
#0838-d121 @A: 14 10 12 02 | 11
#0839-d121 @A: 29 24 32 15 | 05
#0840-d121 @A: 34 22 08 29 | 07
#0841-d121 @A: 29 18 27 13 | 01
#0842-d121 @A: 19 04 29 03 | 02
#0843-d121 @A: 29 16 27 04 | 03
#0844-d121 @A: 30 03 15 29 | 06
#0845-d121 @A: 15 34 33 29 | 10
#0846-d121 @A: 06 26 22 29 | 12
#0847-d121 @A: 30 29 22 11 | 08
#0848-d121 @A: 29 01 27 09 | 04
#0849-d121 @A: 29 27 22 14 | 09
#0850-d121 @A: 32 26 29 33 | 11
#0851-d121 @A: 22 08 24 15 | 05
#0852-d121 @A: 24 08 01 11 | 07
#0853-d121 @A: 18 24 22 32 | 01
#0854-d121 @A: 24 31 13 02 | 02
#0855-d121 @A: 24 19 23 20 | 03
#0856-d121 @A: 25 24 34 17 | 06
#0857-d121 @A: 07 24 01 34 | 10
#0858-d121 @A: 34 31 06 08 | 12
#0859-d121 @A: 13 08 31 12 | 08
#0860-d121 @A: 04 08 12 35 | 04
#0861-d121 @A: 08 09 35 11 | 09
#0862-d121 @A: 08 13 10 04 | 11
#0863-d121 @A: 03 06 17 08 | 05
#0864-d121 @A: 08 22 13 17 | 07
#0865-d121 @A: 17 16 14 08 | 01
#0866-d121 @A: 08 10 07 17 | 02
#0867-d121 @A: 10 20 08 02 | 03
#0868-d121 @A: 08 33 21 11 | 06
#0869-d121 @A: 09 08 13 33 | 10
#0870-d121 @A: 03 12 08 34 | 12
#0871-d121 @A: 31 21 18 28 | 08
#0872-d121 @A: 18 14 35 01 | 04
#0873-d121 @A: 10 18 09 04 | 09
#0874-d121 @A: 18 26 28 25 | 11
#0875-d121 @A: 33 07 28 18 | 05
#0876-d121 @A: 16 18 34 01 | 07
#0877-d121 @A: 15 05 23 31 | 01
#0878-d121 @A: 31 05 09 17 | 02
#0879-d121 @A: 31 02 05 17 | 03
#0880-d121 @A: 05 32 07 15 | 06
#0881-d121 @A: 30 06 23 05 | 10
#0882-d121 @A: 17 05 03 26 | 12
#0883-d121 @A: 33 05 10 13 | 08
#0884-d121 @A: 07 05 23 03 | 04
#0885-d121 @A: 07 05 01 27 | 09
#0886-d121 @A: 32 31 19 20 | 11
#0887-d121 @A: 34 16 19 31 | 05
#0888-d121 @A: 31 04 27 15 | 07
#0889-d121 @A: 32 31 21 15 | 01
#0890-d121 @A: 06 23 11 31 | 02
#0891-d121 @A: 31 16 21 11 | 03
#0892-d121 @A: 31 11 30 28 | 06
#0893-d121 @A: 09 22 02 31 | 10
#0894-d121 @A: 23 10 21 31 | 12
#0895-d121 @A: 31 22 32 23 | 08
#0896-d121 @A: 31 02 28 03 | 04
#0897-d121 @A: 07 26 22 31 | 09
#0898-d121 @A: 19 26 35 09 | 11
#0899-d121 @A: 28 04 19 20 | 05
#0900-d121 @A: 04 07 21 19 | 07
#0901-d121 @A: 13 19 04 23 | 01
#0902-d121 @A: 19 07 15 13 | 02
#0903-d121 @A: 23 19 17 14 | 03
#0904-d121 @A: 19 07 17 22 | 06
#0905-d121 @A: 26 16 19 14 | 10
#0906-d121 @A: 10 33 25 19 | 12
#0907-d121 @A: 15 35 02 34 | 08
#0908-d121 @A: 06 13 35 26 | 04
#0909-d121 @A: 34 35 21 30 | 09
#0910-d121 @A: 02 27 35 23 | 11
#0911-d121 @A: 10 35 32 07 | 05
#0912-d121 @A: 28 22 35 03 | 07
#0913-d121 @A: 09 04 07 06 | 01
#0914-d121 @A: 02 17 04 21 | 02
#0915-d121 @A: 23 20 04 30 | 03
#0916-d121 @A: 11 21 04 26 | 06
#0917-d121 @A: 04 09 21 12 | 10
#0918-d121 @A: 12 14 04 23 | 12
#0919-d121 @A: 10 04 14 27 | 08
#0920-d121 @A: 25 04 27 01 | 04
#0921-d121 @A: 01 04 23 22 | 09
#0922-d121 @A: 11 17 10 15 | 11
#0923-d121 @A: 11 09 15 27 | 05
#0924-d121 @A: 03 09 15 07 | 07
#0925-d121 @A: 26 22 15 14 | 01
#0926-d121 @A: 22 15 23 10 | 02
#0927-d121 @A: 28 34 23 15 | 03
#0928-d121 @A: 15 12 27 33 | 06
#0929-d121 @A: 03 01 26 15 | 10
#0930-d121 @A: 21 06 02 09 | 12
#0931-d121 @A: 16 09 13 06 | 08
#0932-d121 @A: 14 01 07 06 | 04
#0933-d121 @A: 23 06 34 27 | 09
#0934-d121 @A: 06 02 16 32 | 11
#0935-d121 @A: 17 01 21 20 | 05
#0936-d121 @A: 30 03 17 02 | 07
#0937-d121 @A: 17 28 12 14 | 01
#0938-d121 @A: 07 17 03 28 | 02
#0939-d121 @A: 16 02 07 17 | 03
#0940-d121 @A: 27 26 20 25 | 06
#0941-d121 @A: 25 28 20 12 | 10
#0942-d121 @A: 07 20 23 34 | 12
#0943-d121 @A: 16 20 07 01 | 08
#0944-d121 @A: 28 16 03 20 | 04
#0945-d121 @A: 16 11 22 10 | 09
#0946-d121 @A: 09 25 27 07 | 11
#0947-d121 @A: 22 09 33 26 | 05
#0948-d121 @A: 10 09 32 03 | 07
#0949-d121 @A: 34 27 32 09 | 01
#0950-d121 @A: 26 07 32 09 | 02
#0951-d121 @A: 27 14 34 21 | 03
#0952-d121 @A: 21 23 34 16 | 06
#0953-d121 @A: 02 33 21 12 | 10
#0954-d121 @A: 21 01 27 10 | 12
#0955-d121 @A: 26 13 14 27 | 08
#0956-d121 @A: 13 26 25 32 | 04
#0957-d121 @A: 03 23 34 13 | 09
#0958-d121 @A: 34 13 22 10 | 11
#0959-d121 @A: 13 01 27 28 | 05
#0960-d121 @A: 13 26 34 01 | 07
#0961-d121 @A: 12 13 03 27 | 01
#0962-d121 @A: 14 22 30 33 | 02
#0963-d121 @A: 14 28 02 30 | 03
#0964-d121 @A: 07 32 30 33 | 06
#0965-d121 @A: 16 34 07 30 | 10
#0966-d121 @A: 02 27 22 01 | 12
#0967-d121 @A: 25 19 24 29 | 08
#0968-d121 @A: 24 29 16 20 | 04
#0969-d121 @A: 29 12 24 13 | 09
#0970-d121 @A: 29 18 20 26 | 11
#0971-d121 @A: 18 29 16 21 | 05
#0972-d121 @A: 29 01 06 31 | 07
#0973-d121 @A: 29 17 31 14 | 01
#0974-d121 @A: 32 31 29 13 | 02
#0975-d121 @A: 06 14 29 19 | 03
#0976-d121 @A: 02 10 29 35 | 06
#0977-d121 @A: 01 26 29 35 | 10
#0978-d121 @A: 29 30 06 02 | 12
#0979-d121 @A: 29 23 33 14 | 08
#0980-d121 @A: 29 07 26 23 | 04
#0981-d121 @A: 03 29 33 22 | 09
#0982-d121 @A: 01 29 32 34 | 11
#0983-d121 @A: 29 27 07 03 | 05
#0984-d121 @A: 29 26 03 16 | 07
#0985-d121 @A: 32 29 22 16 | 01
#0986-d121 @A: 27 28 29 26 | 02
#0987-d121 @A: 08 16 19 24 | 03
#0988-d121 @A: 13 08 28 24 | 06
#0989-d121 @A: 18 24 02 01 | 10
#0990-d121 @A: 24 09 27 05 | 12
#0991-d121 @A: 05 24 30 32 | 08
#0992-d121 @A: 09 31 24 15 | 04
#0993-d121 @A: 23 35 24 13 | 09
#0994-d121 @A: 15 10 04 24 | 11
#0995-d121 @A: 15 12 24 28 | 05
#0996-d121 @A: 24 13 09 07 | 07
#0997-d121 @A: 25 24 30 03 | 01
#0998-d121 @A: 25 24 12 22 | 02
#0999-d121 @A: 23 26 01 24 | 03
#1000-d121 @A: 19 18 08 26 | 06
#1001-d121 @A: 22 35 08 18 | 10
#1002-d121 @A: 05 26 08 21 | 12
#1003-d121 @A: 08 21 35 17 | 08
#1004-d121 @A: 35 30 32 08 | 04
#1005-d121 @A: 08 25 28 35 | 09
#1006-d121 @A: 26 17 15 08 | 11
#1007-d121 @A: 23 06 08 21 | 05
#1008-d121 @A: 08 22 06 30 | 07
#1009-d121 @A: 08 11 26 20 | 01
#1010-d121 @A: 08 34 20 01 | 02
#1011-d121 @A: 28 08 21 09 | 03
#1012-d121 @A: 02 30 08 13 | 06
#1013-d121 @A: 23 30 27 08 | 10
#1014-d121 @A: 16 10 23 08 | 12
#1015-d121 @A: 26 22 28 08 | 08
#1016-d121 @A: 02 08 22 07 | 04
#1017-d121 @A: 26 08 34 32 | 09
#1018-d121 @A: 16 17 18 05 | 11
#1019-d121 @A: 20 18 05 10 | 05
#1020-d121 @A: 18 02 05 09 | 07
#1021-d121 @A: 18 07 19 06 | 01
#1022-d121 @A: 34 35 13 18 | 02
#1023-d121 @A: 35 03 32 18 | 03
#1024-d121 @A: 20 23 18 17 | 06
#1025-d121 @A: 02 18 23 30 | 10
#1026-d121 @A: 18 16 12 03 | 12
#1027-d121 @A: 12 05 11 31 | 08
#1028-d121 @A: 13 05 35 16 | 04
#1029-d121 @A: 27 05 35 30 | 09
#1030-d121 @A: 06 05 04 03 | 11
#1031-d121 @A: 09 04 05 26 | 05
#1032-d121 @A: 05 04 34 21 | 07
#1033-d121 @A: 17 05 15 28 | 01
#1034-d121 @A: 06 17 05 32 | 02
#1035-d121 @A: 05 30 01 20 | 03
#1036-d121 @A: 25 11 30 05 | 06
#1037-d121 @A: 11 05 32 03 | 10
#1038-d121 @A: 10 25 05 34 | 12
#1039-d121 @A: 05 22 23 27 | 08
#1040-d121 @A: 12 05 07 28 | 04
#1041-d121 @A: 32 04 31 17 | 09
#1042-d121 @A: 06 14 31 12 | 11
#1043-d121 @A: 31 17 27 13 | 05
#1044-d121 @A: 03 01 31 13 | 07
#1045-d121 @A: 07 33 19 35 | 01
#1046-d121 @A: 27 30 04 19 | 02
#1047-d121 @A: 11 33 19 34 | 03
#1048-d121 @A: 19 30 21 28 | 06
#1049-d121 @A: 27 23 19 32 | 10
#1050-d121 @A: 27 19 01 26 | 12
#1051-d121 @A: 06 01 04 35 | 08
#1052-d121 @A: 04 11 35 14 | 04
#1053-d121 @A: 06 07 35 20 | 09
#1054-d121 @A: 35 20 12 17 | 11
#1055-d121 @A: 10 09 01 35 | 05
#1056-d121 @A: 28 16 35 01 | 07
#1057-d121 @A: 04 21 28 15 | 01
#1058-d121 @A: 06 12 04 30 | 02
#1059-d121 @A: 07 11 10 04 | 03
#1060-d121 @A: 04 34 07 22 | 06
#1061-d121 @A: 33 20 15 25 | 10
#1062-d121 @A: 03 11 13 15 | 12
#1063-d121 @A: 11 34 14 15 | 08
#1064-d121 @A: 27 22 30 15 | 04
#1065-d121 @A: 02 15 10 32 | 09
#1066-d121 @A: 02 11 22 06 | 11
#1067-d121 @A: 06 25 23 09 | 05
#1068-d121 @A: 14 06 03 32 | 07
#1069-d121 @A: 22 33 06 34 | 01
#1070-d121 @A: 22 28 06 16 | 02
#1071-d121 @A: 27 17 03 20 | 03
#1072-d121 @A: 14 17 32 01 | 06
#1073-d121 @A: 10 25 17 23 | 10
#1074-d121 @A: 34 17 23 33 | 12
#1075-d121 @A: 26 01 17 28 | 08
#1076-d121 @A: 20 11 21 23 | 04
#1077-d121 @A: 28 01 22 20 | 09
#1078-d121 @A: 11 28 25 09 | 11
#1079-d121 @A: 16 26 13 11 | 05
#1080-d121 @A: 28 11 27 14 | 07
#1081-d121 @A: 16 11 25 33 | 01
#1082-d121 @A: 33 11 23 27 | 02
#1083-d121 @A: 32 12 11 02 | 03
#1084-d121 @A: 09 21 23 13 | 06
#1085-d121 @A: 12 27 09 23 | 10
#1086-d121 @A: 09 03 01 22 | 12
#1087-d121 @A: 21 34 25 01 | 08
#1088-d121 @A: 21 07 16 22 | 04
#1089-d121 @A: 02 21 28 27 | 09
#1090-d121 @A: 07 30 13 01 | 11
#1091-d121 @A: 14 33 03 13 | 05
#1092-d121 @A: 01 22 13 33 | 07
#1093-d121 @A: 13 33 26 07 | 01
#1094-d121 @A: 28 30 27 33 | 02
#1095-d121 @A: 30 07 33 02 | 03
#1096-d121 @A: 10 07 22 30 | 06
#1097-d121 @A: 02 14 23 22 | 10
#1098-d121 @A: 33 34 14 02 | 12
#1099-d121 @A: 03 02 25 16 | 08
#1100-d121 @A: 10 15 08 29 | 04
#1101-d121 @A: 14 09 29 08 | 09
#1102-d121 @A: 03 13 29 08 | 11
#1103-d121 @A: 05 29 11 33 | 05
#1104-d121 @A: 01 29 22 05 | 07
#1105-d121 @A: 27 29 31 35 | 01
#1106-d121 @A: 20 29 31 22 | 02
#1107-d121 @A: 28 15 19 29 | 03
#1108-d121 @A: 14 35 29 15 | 06
#1109-d121 @A: 23 04 29 11 | 10
#1110-d121 @A: 33 04 29 09 | 12
#1111-d121 @A: 29 22 04 02 | 08
#1112-d121 @A: 33 29 15 02 | 04
#1113-d121 @A: 29 11 32 06 | 09
#1114-d121 @A: 06 30 29 10 | 11
#1115-d121 @A: 33 29 21 20 | 05
#1116-d121 @A: 13 01 20 29 | 07
#1117-d121 @A: 21 29 09 25 | 01
#1118-d121 @A: 10 26 29 25 | 02
#1119-d121 @A: 29 25 07 32 | 03
#1120-d121 @A: 08 02 27 24 | 06
#1121-d121 @A: 12 18 05 24 | 10
#1122-d121 @A: 16 05 24 04 | 12
#1123-d121 @A: 24 15 03 05 | 08
#1124-d121 @A: 07 35 31 24 | 04
#1125-d121 @A: 31 24 26 13 | 09
#1126-d121 @A: 24 11 26 19 | 11
#1127-d121 @A: 19 32 24 10 | 05
#1128-d121 @A: 24 35 28 10 | 07
#1129-d121 @A: 06 13 24 03 | 01
#1130-d121 @A: 24 17 22 26 | 02
#1131-d121 @A: 07 22 23 24 | 03
#1132-d121 @A: 16 10 07 24 | 06
#1133-d121 @A: 03 12 24 07 | 10
#1134-d121 @A: 24 28 32 34 | 12
#1135-d121 @A: 30 18 08 13 | 08
#1136-d121 @A: 04 22 08 31 | 04
#1137-d121 @A: 03 08 04 15 | 09
#1138-d121 @A: 08 17 28 04 | 11
#1139-d121 @A: 06 08 10 25 | 05
#1140-d121 @A: 33 25 08 32 | 07
#1141-d121 @A: 25 07 22 08 | 01
#1142-d121 @A: 08 03 26 10 | 02
#1143-d121 @A: 18 05 35 15 | 03
#1144-d121 @A: 18 31 09 23 | 06
#1145-d121 @A: 31 13 18 22 | 10
#1146-d121 @A: 31 18 14 26 | 12
#1147-d121 @A: 33 18 15 11 | 08
#1148-d121 @A: 06 30 18 27 | 04
#1149-d121 @A: 17 11 18 28 | 09
#1150-d121 @A: 03 17 13 18 | 11
#1151-d121 @A: 09 32 16 18 | 05
#1152-d121 @A: 02 18 33 25 | 07
#1153-d121 @A: 22 18 34 28 | 01
#1154-d121 @A: 12 26 18 22 | 02
#1155-d121 @A: 05 31 33 06 | 03
#1156-d121 @A: 02 28 06 05 | 06
#1157-d121 @A: 01 05 23 17 | 10
#1158-d121 @A: 13 34 20 05 | 12
#1159-d121 @A: 05 21 32 23 | 08
#1160-d121 @A: 16 30 05 10 | 04
#1161-d121 @A: 05 14 07 10 | 09
#1162-d121 @A: 27 05 32 14 | 11
#1163-d121 @A: 03 05 10 28 | 05
#1164-d121 @A: 04 14 20 31 | 07
#1165-d121 @A: 01 31 09 20 | 01
#1166-d121 @A: 31 13 33 11 | 02
#1167-d121 @A: 30 27 31 09 | 03
#1168-d121 @A: 31 23 14 03 | 06
#1169-d121 @A: 31 26 27 03 | 10
#1170-d121 @A: 02 27 34 31 | 12
#1171-d121 @A: 04 19 09 14 | 08
#1172-d121 @A: 10 04 19 26 | 04
#1173-d121 @A: 06 02 19 10 | 09
#1174-d121 @A: 03 06 19 28 | 11
#1175-d121 @A: 17 19 21 03 | 05
#1176-d121 @A: 12 21 19 11 | 07
#1177-d121 @A: 30 19 01 03 | 01
#1178-d121 @A: 25 22 19 27 | 02
#1179-d121 @A: 19 23 33 28 | 03
#1180-d121 @A: 34 23 19 01 | 06
#1181-d121 @A: 21 10 15 35 | 10
#1182-d121 @A: 13 15 25 35 | 12
#1183-d121 @A: 11 10 35 03 | 08
#1184-d121 @A: 09 14 30 35 | 04
#1185-d121 @A: 30 26 02 35 | 09
#1186-d121 @A: 22 25 35 14 | 11
#1187-d121 @A: 25 35 23 12 | 05
#1188-d121 @A: 34 22 35 32 | 07
#1189-d121 @A: 32 27 26 35 | 01
#1190-d121 @A: 12 28 32 35 | 02
#1191-d121 @A: 04 30 25 15 | 03
#1192-d121 @A: 04 34 30 32 | 06
#1193-d121 @A: 14 16 04 22 | 10
#1194-d121 @A: 01 03 04 07 | 12
#1195-d121 @A: 04 12 22 28 | 08
#1196-d121 @A: 15 20 32 17 | 04
#1197-d121 @A: 15 27 14 07 | 09
#1198-d121 @A: 25 22 15 03 | 11
#1199-d121 @A: 22 01 15 34 | 05
#1200-d121 @A: 32 15 12 34 | 07
#1201-d121 @A: 27 16 26 15 | 01
#1202-d121 @A: 15 07 34 26 | 02
#1203-d121 @A: 11 06 26 17 | 03
#1204-d121 @A: 17 10 01 06 | 06
#1205-d121 @A: 34 32 06 25 | 10
#1206-d121 @A: 20 17 27 02 | 12
#1207-d121 @A: 02 17 25 10 | 08
#1208-d121 @A: 32 17 26 23 | 04
#1209-d121 @A: 22 12 34 17 | 09
#1210-d121 @A: 27 26 17 07 | 11
#1211-d121 @A: 01 11 33 20 | 05
#1212-d121 @A: 32 13 21 20 | 07
#1213-d121 @A: 20 14 01 27 | 01
#1214-d121 @A: 32 03 20 33 | 02
#1215-d121 @A: 26 20 34 02 | 03
#1216-d121 @A: 25 22 11 32 | 06
#1217-d121 @A: 03 22 23 11 | 10
#1218-d121 @A: 12 11 16 23 | 12
#1219-d121 @A: 26 11 33 10 | 08
#1220-d121 @A: 12 32 11 07 | 04
#1221-d121 @A: 14 07 22 09 | 09
#1222-d121 @A: 22 25 09 10 | 11
#1223-d121 @A: 25 12 09 03 | 05
#1224-d121 @A: 09 07 25 02 | 07
#1225-d121 @A: 02 34 23 09 | 01
#1226-d121 @A: 28 12 21 10 | 02
#1227-d121 @A: 12 21 16 01 | 03
#1228-d121 @A: 03 02 26 21 | 06
#1229-d121 @A: 23 13 25 22 | 10
#1230-d121 @A: 13 28 10 26 | 12
#1231-d121 @A: 32 03 16 13 | 08
#1232-d121 @A: 28 34 13 02 | 04
#1233-d121 @A: 28 13 16 12 | 09
#1234-d121 @A: 02 22 34 30 | 11
#1235-d121 @A: 30 34 26 27 | 05
#1236-d121 @A: 01 26 14 02 | 07
#1237-d121 @A: 12 34 25 02 | 01
#1238-d121 @A: 09 24 29 34 | 02
#1239-d121 @A: 14 29 21 24 | 03
#1240-d121 @A: 29 30 08 16 | 06
#1241-d121 @A: 12 18 29 04 | 10
#1242-d121 @A: 29 14 11 18 | 12
#1243-d121 @A: 03 05 29 31 | 08
#1244-d121 @A: 15 25 31 29 | 04
#1245-d121 @A: 12 31 09 29 | 09
#1246-d121 @A: 30 33 29 35 | 11
#1247-d121 @A: 29 25 17 13 | 05
#1248-d121 @A: 20 09 29 32 | 07
#1249-d121 @A: 29 07 09 11 | 01
#1250-d121 @A: 10 09 13 29 | 02
#1251-d121 @A: 21 13 22 29 | 03
#1252-d121 @A: 21 02 34 29 | 06
#1253-d121 @A: 25 14 30 29 | 10
#1254-d121 @A: 28 29 07 01 | 12
#1255-d121 @A: 29 03 28 32 | 08
#1256-d121 @A: 08 31 24 32 | 04
#1257-d121 @A: 08 20 24 10 | 09
#1258-d121 @A: 25 15 18 24 | 11
#1259-d121 @A: 10 24 17 18 | 05
#1260-d121 @A: 05 24 17 33 | 07
#1261-d121 @A: 22 13 05 24 | 01
#1262-d121 @A: 14 24 15 19 | 02
#1263-d121 @A: 21 06 19 24 | 03
#1264-d121 @A: 02 19 24 14 | 06
#1265-d121 @A: 24 17 32 35 | 10
#1266-d121 @A: 01 35 30 24 | 12
#1267-d121 @A: 15 06 24 27 | 08
#1268-d121 @A: 06 30 24 34 | 04
#1269-d121 @A: 11 33 30 24 | 09
#1270-d121 @A: 12 23 24 21 | 11
#1271-d121 @A: 16 24 03 23 | 05
#1272-d121 @A: 28 26 24 33 | 07
#1273-d121 @A: 12 10 01 24 | 01
#1274-d121 @A: 08 18 17 32 | 02
#1275-d121 @A: 33 23 08 18 | 03
#1276-d121 @A: 31 05 08 16 | 06
#1277-d121 @A: 03 31 08 21 | 10
#1278-d121 @A: 08 19 17 33 | 12
#1279-d121 @A: 32 09 04 08 | 08
#1280-d121 @A: 08 15 07 21 | 04
#1281-d121 @A: 08 12 09 20 | 09
#1282-d121 @A: 08 20 14 28 | 11
#1283-d121 @A: 02 11 08 30 | 05
#1284-d121 @A: 33 08 34 14 | 07
#1285-d121 @A: 08 12 01 27 | 01
#1286-d121 @A: 08 26 16 12 | 02
#1287-d121 @A: 05 23 19 18 | 03
#1288-d121 @A: 20 18 19 22 | 06
#1289-d121 @A: 13 18 10 15 | 10
#1290-d121 @A: 18 06 13 25 | 12
#1291-d121 @A: 20 21 18 12 | 08
#1292-d121 @A: 20 01 18 25 | 04
#1293-d121 @A: 16 18 10 27 | 09
#1294-d121 @A: 18 12 28 02 | 11
#1295-d121 @A: 16 19 06 05 | 05
#1296-d121 @A: 14 05 30 19 | 07
#1297-d121 @A: 04 22 05 15 | 01
#1298-d121 @A: 11 02 15 05 | 02
#1299-d121 @A: 06 05 27 11 | 03
#1300-d121 @A: 05 13 07 17 | 06
#1301-d121 @A: 14 13 11 05 | 10
#1302-d121 @A: 33 01 05 26 | 12
#1303-d121 @A: 01 05 02 12 | 08
#1304-d121 @A: 32 26 28 05 | 04
#1305-d121 @A: 04 01 31 19 | 09
#1306-d121 @A: 23 04 31 35 | 11
#1307-d121 @A: 30 31 10 35 | 05
#1308-d121 @A: 31 17 15 03 | 07
#1309-d121 @A: 15 13 28 31 | 01
#1310-d121 @A: 31 25 02 15 | 02
#1311-d121 @A: 34 17 21 31 | 03
#1312-d121 @A: 10 31 17 12 | 06
#1313-d121 @A: 30 31 32 01 | 10
#1314-d121 @A: 23 31 12 28 | 12
#1315-d121 @A: 33 12 32 31 | 08
#1316-d121 @A: 27 07 10 31 | 04
#1317-d121 @A: 07 32 31 03 | 09
#1318-d121 @A: 28 31 27 32 | 11
#1319-d121 @A: 19 12 35 15 | 05
#1320-d121 @A: 35 19 17 16 | 07
#1321-d121 @A: 14 35 19 10 | 01
#1322-d121 @A: 27 15 19 17 | 02
#1323-d121 @A: 19 20 06 10 | 03
#1324-d121 @A: 16 20 19 21 | 06
#1325-d121 @A: 10 34 21 19 | 10
#1326-d121 @A: 19 14 28 32 | 12
#1327-d121 @A: 28 25 01 19 | 08
#1328-d121 @A: 32 12 19 25 | 04
#1329-d121 @A: 35 26 04 30 | 09
#1330-d121 @A: 22 09 15 35 | 11
#1331-d121 @A: 35 15 30 07 | 05
#1332-d121 @A: 11 34 35 06 | 07
#1333-d121 @A: 35 13 20 02 | 01
#1334-d121 @A: 22 35 20 16 | 02
#1335-d121 @A: 07 21 11 35 | 03
#1336-d121 @A: 35 11 30 16 | 06
#1337-d121 @A: 33 32 35 11 | 10
#1338-d121 @A: 35 11 02 26 | 12
#1339-d121 @A: 12 14 07 35 | 08
#1340-d121 @A: 35 27 28 07 | 04
#1341-d121 @A: 06 04 16 33 | 09
#1342-d121 @A: 27 17 09 04 | 11
#1343-d121 @A: 21 10 04 20 | 05
#1344-d121 @A: 20 12 04 07 | 07
#1345-d121 @A: 11 03 30 04 | 01
#1346-d121 @A: 25 09 13 04 | 02
#1347-d121 @A: 25 33 04 21 | 03
#1348-d121 @A: 04 25 23 02 | 06
#1349-d121 @A: 07 15 17 06 | 10
#1350-d121 @A: 09 33 17 15 | 12
#1351-d121 @A: 32 09 13 15 | 08
#1352-d121 @A: 02 14 03 15 | 04
#1353-d121 @A: 21 20 06 34 | 09
#1354-d121 @A: 30 33 20 06 | 11
#1355-d121 @A: 22 23 14 06 | 05
#1356-d121 @A: 16 25 12 06 | 07
#1357-d121 @A: 03 22 06 10 | 01
#1358-d121 @A: 17 09 20 10 | 02
#1359-d121 @A: 09 22 17 11 | 03
#1360-d121 @A: 17 21 09 32 | 06
#1361-d121 @A: 14 34 17 07 | 10
#1362-d121 @A: 25 01 07 17 | 12
#1363-d121 @A: 17 25 26 12 | 08
#1364-d121 @A: 12 17 03 23 | 04
#1365-d121 @A: 01 27 22 17 | 09
#1366-d121 @A: 32 17 22 03 | 11
#1367-d121 @A: 20 11 13 28 | 05
#1368-d121 @A: 20 28 27 09 | 07
#1369-d121 @A: 03 25 20 23 | 01
#1370-d121 @A: 20 28 26 07 | 02
#1371-d121 @A: 11 02 01 16 | 03
#1372-d121 @A: 23 09 16 26 | 06
#1373-d121 @A: 33 02 26 09 | 10
#1374-d121 @A: 07 09 10 28 | 12
#1375-d121 @A: 28 09 26 03 | 08
#1376-d121 @A: 21 12 27 25 | 04
#1377-d121 @A: 27 23 21 07 | 09
#1378-d121 @A: 10 21 33 07 | 11
#1379-d121 @A: 21 01 03 32 | 05
#1380-d121 @A: 23 33 30 13 | 07
#1381-d121 @A: 07 22 32 13 | 01
#1382-d121 @A: 30 10 14 34 | 02
#1383-d121 @A: 30 27 14 03 | 03
#1384-d121 @A: 33 26 25 30 | 06
#1385-d121 @A: 25 32 30 02 | 10
#1386-d121 @A: 28 12 30 01 | 12
#1387-d121 @A: 30 32 22 26 | 08
#1388-d121 @A: 25 28 26 02 | 04
#1389-d121 @A: 02 16 33 28 | 09
#1390-d121 @A: 02 16 34 10 | 11
#1391-d121 @A: 27 26 02 32 | 05
#1392-d121 @A: 24 29 08 07 | 07
#1393-d121 @A: 25 29 06 05 | 01
#1394-d121 @A: 13 16 29 19 | 02
#1395-d121 @A: 27 19 33 29 | 03
#1396-d121 @A: 35 03 29 06 | 06
#1397-d121 @A: 10 20 29 35 | 10
#1398-d121 @A: 29 04 21 17 | 12
#1399-d121 @A: 30 04 29 13 | 08
#1400-d121 @A: 04 14 32 29 | 04
#1401-d121 @A: 29 20 23 15 | 09
#1402-d121 @A: 29 23 06 16 | 11
#1403-d121 @A: 11 29 34 13 | 05
#1404-d121 @A: 29 23 03 09 | 07
#1405-d121 @A: 14 29 10 16 | 01
#1406-d121 @A: 23 29 10 01 | 02
#1407-d121 @A: 08 04 23 24 | 03
#1408-d121 @A: 08 26 24 06 | 06
#1409-d121 @A: 17 24 08 27 | 10
#1410-d121 @A: 34 05 24 31 | 12
#1411-d121 @A: 17 31 01 24 | 08
#1412-d121 @A: 23 31 24 30 | 04
#1413-d121 @A: 24 19 35 34 | 09
#1414-d121 @A: 19 17 24 04 | 11
#1415-d121 @A: 22 24 19 30 | 05
#1416-d121 @A: 17 35 02 24 | 07
#1417-d121 @A: 24 33 07 15 | 01
#1418-d121 @A: 24 20 11 25 | 02
#1419-d121 @A: 20 28 24 30 | 03
#1420-d121 @A: 20 32 24 12 | 06
#1421-d121 @A: 11 02 33 24 | 10
#1422-d121 @A: 10 30 09 24 | 12
#1423-d121 @A: 02 24 09 12 | 08
#1424-d121 @A: 15 18 08 09 | 04
#1425-d121 @A: 20 08 16 18 | 09
#1426-d121 @A: 21 08 10 18 | 11
#1427-d121 @A: 05 01 08 04 | 05
#1428-d121 @A: 09 08 23 05 | 07
#1429-d121 @A: 06 08 01 19 | 01
#1430-d121 @A: 27 20 08 19 | 02
#1431-d121 @A: 19 11 03 08 | 03
#1432-d121 @A: 15 35 27 08 | 06
#1433-d121 @A: 09 08 04 02 | 10
#1434-d121 @A: 11 23 15 08 | 12
#1435-d121 @A: 14 13 15 08 | 08
#1436-d121 @A: 08 15 28 30 | 04
#1437-d121 @A: 32 20 07 08 | 09
#1438-d121 @A: 22 14 11 08 | 11
#1439-d121 @A: 30 25 21 08 | 05
#1440-d121 @A: 21 32 12 08 | 07
#1441-d121 @A: 32 14 23 08 | 01
#1442-d121 @A: 02 33 08 03 | 02
#1443-d121 @A: 04 27 18 05 | 03
#1444-d121 @A: 05 03 30 18 | 06
#1445-d121 @A: 12 17 18 19 | 10
#1446-d121 @A: 17 35 27 18 | 12
#1447-d121 @A: 20 18 35 33 | 08
#1448-d121 @A: 25 07 18 35 | 04
#1449-d121 @A: 13 18 04 28 | 09
#1450-d121 @A: 23 30 15 18 | 11
#1451-d121 @A: 17 26 30 18 | 05
#1452-d121 @A: 18 20 09 11 | 07
#1453-d121 @A: 20 34 03 18 | 01
#1454-d121 @A: 11 02 18 27 | 02
#1455-d121 @A: 25 18 30 09 | 03
#1456-d121 @A: 30 18 33 10 | 06
#1457-d121 @A: 23 14 34 18 | 10
#1458-d121 @A: 34 18 25 33 | 12
#1459-d121 @A: 23 18 16 22 | 08
#1460-d121 @A: 26 18 27 23 | 04
#1461-d121 @A: 07 32 27 18 | 09
#1462-d121 @A: 17 25 05 35 | 11
#1463-d121 @A: 23 05 34 35 | 05
#1464-d121 @A: 05 30 28 04 | 07
#1465-d121 @A: 21 05 33 15 | 01
#1466-d121 @A: 30 13 15 05 | 02
#1467-d121 @A: 05 01 15 14 | 03
#1468-d121 @A: 06 05 21 12 | 06
#1469-d121 @A: 05 13 09 28 | 10
#1470-d121 @A: 03 21 13 05 | 12
#1471-d121 @A: 14 05 28 33 | 08
#1472-d121 @A: 07 25 05 16 | 04
#1473-d121 @A: 31 21 35 12 | 09
#1474-d121 @A: 31 26 04 28 | 11
#1475-d121 @A: 31 22 11 15 | 05
#1476-d121 @A: 30 17 22 31 | 07
#1477-d121 @A: 09 31 32 11 | 01
#1478-d121 @A: 13 30 31 21 | 02
#1479-d121 @A: 31 32 14 34 | 03
#1480-d121 @A: 32 31 25 10 | 06
#1481-d121 @A: 33 01 31 10 | 10
#1482-d121 @A: 19 04 34 15 | 12
#1483-d121 @A: 21 23 19 15 | 08
#1484-d121 @A: 06 19 33 26 | 04
#1485-d121 @A: 30 07 19 11 | 09
#1486-d121 @A: 12 27 14 19 | 11
#1487-d121 @A: 33 03 12 19 | 05
#1488-d121 @A: 12 22 01 19 | 07
#1489-d121 @A: 35 28 26 15 | 01
#1490-d121 @A: 32 09 35 06 | 02
#1491-d121 @A: 09 34 35 17 | 03
#1492-d121 @A: 35 26 14 17 | 06
#1493-d121 @A: 21 20 35 28 | 10
#1494-d121 @A: 20 14 35 34 | 12
#1495-d121 @A: 35 27 21 09 | 08
#1496-d121 @A: 02 09 35 32 | 04
#1497-d121 @A: 22 13 35 27 | 09
#1498-d121 @A: 35 28 23 14 | 11
#1499-d121 @A: 33 35 27 14 | 05
#1500-d121 @A: 03 25 35 27 | 07
#1501-d121 @A: 02 01 35 07 | 01
#1502-d121 @A: 20 26 15 04 | 02
#1503-d121 @A: 16 04 15 07 | 03
#1504-d121 @A: 17 04 34 06 | 06
#1505-d121 @A: 04 28 33 11 | 10
#1506-d121 @A: 28 14 04 03 | 12
#1507-d121 @A: 34 04 26 23 | 08
#1508-d121 @A: 34 33 04 10 | 04
#1509-d121 @A: 04 33 12 01 | 09
#1510-d121 @A: 03 12 10 04 | 11
#1511-d121 @A: 26 04 32 12 | 05
#1512-d121 @A: 15 06 28 20 | 07
#1513-d121 @A: 14 15 06 16 | 01
#1514-d121 @A: 15 09 20 16 | 02
#1515-d121 @A: 13 15 22 20 | 03
#1516-d121 @A: 25 09 15 01 | 06
#1517-d121 @A: 23 25 14 15 | 10
#1518-d121 @A: 15 26 23 33 | 12
#1519-d121 @A: 15 07 22 28 | 08
#1520-d121 @A: 21 06 28 17 | 04
#1521-d121 @A: 06 27 13 21 | 09
#1522-d121 @A: 06 21 30 26 | 11
#1523-d121 @A: 06 25 27 02 | 05
#1524-d121 @A: 06 10 34 16 | 07
#1525-d121 @A: 06 34 07 03 | 01
#1526-d121 @A: 17 20 30 07 | 02
#1527-d121 @A: 17 11 14 33 | 03
#1528-d121 @A: 14 09 13 17 | 06
#1529-d121 @A: 17 21 26 10 | 10
#1530-d121 @A: 22 16 25 17 | 12
#1531-d121 @A: 03 34 01 17 | 08
#1532-d121 @A: 09 20 07 21 | 04
#1533-d121 @A: 20 26 01 32 | 09
#1534-d121 @A: 34 11 03 09 | 11
#1535-d121 @A: 10 30 11 21 | 05
#1536-d121 @A: 02 10 23 11 | 07
#1537-d121 @A: 01 11 07 26 | 01
#1538-d121 @A: 32 22 28 09 | 02
#1539-d121 @A: 21 30 07 14 | 03
#1540-d121 @A: 14 21 26 23 | 06
#1541-d121 @A: 21 25 03 07 | 10
#1542-d121 @A: 21 32 07 34 | 12
#1543-d121 @A: 26 07 12 21 | 08
#1544-d121 @A: 13 10 30 27 | 04
#1545-d121 @A: 12 32 10 13 | 09
#1546-d121 @A: 26 28 30 14 | 11
#1547-d121 @A: 32 30 16 23 | 05
#1548-d121 @A: 16 33 30 03 | 07
#1549-d121 @A: 27 12 14 02 | 01
#1550-d121 @A: 07 27 02 03 | 02
#1551-d121 @A: 24 29 05 26 | 03
#1552-d121 @A: 29 24 04 31 | 06
#1553-d121 @A: 29 26 04 08 | 10
#1554-d121 @A: 27 29 08 11 | 12
#1555-d121 @A: 29 12 08 02 | 08
#1556-d121 @A: 29 18 23 35 | 04
#1557-d121 @A: 01 29 18 30 | 09
#1558-d121 @A: 28 29 16 31 | 11
#1559-d121 @A: 29 31 26 02 | 05
#1560-d121 @A: 02 19 17 29 | 07
#1561-d121 @A: 07 29 19 20 | 01
#1562-d121 @A: 29 10 22 04 | 02
#1563-d121 @A: 29 15 12 11 | 03
#1564-d121 @A: 27 29 15 21 | 06
#1565-d121 @A: 10 17 03 29 | 10
#1566-d121 @A: 29 11 14 02 | 12
#1567-d121 @A: 23 29 27 25 | 08
#1568-d121 @A: 16 02 23 29 | 04
#1569-d121 @A: 07 10 34 29 | 09
#1570-d121 @A: 08 14 24 18 | 11
#1571-d121 @A: 19 01 24 05 | 05
#1572-d121 @A: 14 11 31 24 | 07
#1573-d121 @A: 31 24 10 22 | 01
#1574-d121 @A: 12 24 31 27 | 02
#1575-d121 @A: 24 15 11 21 | 03
#1576-d121 @A: 15 02 24 26 | 06
#1577-d121 @A: 24 23 06 02 | 10
#1578-d121 @A: 20 17 24 14 | 12
#1579-d121 @A: 20 22 24 02 | 08
#1580-d121 @A: 10 24 21 13 | 04
#1581-d121 @A: 14 24 23 27 | 09
#1582-d121 @A: 24 03 34 14 | 11
#1583-d121 @A: 24 28 14 16 | 05
#1584-d121 @A: 16 32 24 27 | 07
#1585-d121 @A: 10 31 08 28 | 01
#1586-d121 @A: 07 19 08 12 | 02
#1587-d121 @A: 35 08 13 01 | 03
#1588-d121 @A: 20 08 21 22 | 06
#1589-d121 @A: 14 10 08 01 | 10
#1590-d121 @A: 22 23 12 08 | 12
#1591-d121 @A: 33 08 22 16 | 08
#1592-d121 @A: 05 09 18 33 | 04
#1593-d121 @A: 18 21 07 05 | 09
#1594-d121 @A: 26 18 34 05 | 11
#1595-d121 @A: 18 12 31 15 | 05
#1596-d121 @A: 30 34 18 31 | 07
#1597-d121 @A: 02 10 18 31 | 01
#1598-d121 @A: 19 34 27 18 | 02
#1599-d121 @A: 11 18 35 26 | 03
#1600-d121 @A: 04 20 06 18 | 06
#1601-d121 @A: 18 21 04 23 | 10
#1602-d121 @A: 02 04 18 16 | 12
#1603-d121 @A: 17 15 18 34 | 08
#1604-d121 @A: 15 18 27 20 | 04
#1605-d121 @A: 06 21 18 33 | 09
#1606-d121 @A: 18 27 22 33 | 11
#1607-d121 @A: 26 18 10 07 | 05
#1608-d121 @A: 22 02 18 26 | 07
#1609-d121 @A: 28 06 05 35 | 01
#1610-d121 @A: 13 05 12 04 | 02
#1611-d121 @A: 05 11 21 17 | 03
#1612-d121 @A: 05 14 21 02 | 06
#1613-d121 @A: 28 27 05 25 | 10
#1614-d121 @A: 23 12 33 05 | 12
#1615-d121 @A: 10 05 23 26 | 08
#1616-d121 @A: 34 15 31 35 | 04
#1617-d121 @A: 06 31 22 35 | 09
#1618-d121 @A: 03 31 20 35 | 11
#1619-d121 @A: 11 31 35 01 | 05
#1620-d121 @A: 04 03 09 31 | 07
#1621-d121 @A: 06 10 31 15 | 01
#1622-d121 @A: 21 07 31 01 | 02
#1623-d121 @A: 01 02 30 31 | 03
#1624-d121 @A: 19 28 11 35 | 06
#1625-d121 @A: 30 35 19 23 | 10
#1626-d121 @A: 04 22 19 33 | 12
#1627-d121 @A: 11 25 19 06 | 08
#1628-d121 @A: 34 06 19 09 | 04
#1629-d121 @A: 09 20 19 25 | 09
#1630-d121 @A: 19 34 20 30 | 11
#1631-d121 @A: 13 22 11 19 | 05
#1632-d121 @A: 19 09 07 16 | 07
#1633-d121 @A: 12 22 02 19 | 01
#1634-d121 @A: 28 12 19 26 | 02
#1635-d121 @A: 17 22 35 04 | 03
#1636-d121 @A: 04 20 35 27 | 06
#1637-d121 @A: 06 25 35 30 | 10
#1638-d121 @A: 21 35 33 13 | 12
#1639-d121 @A: 35 21 03 23 | 08
#1640-d121 @A: 33 28 35 34 | 04
#1641-d121 @A: 35 12 26 33 | 09
#1642-d121 @A: 27 34 35 01 | 11
#1643-d121 @A: 34 26 03 35 | 05
#1644-d121 @A: 04 15 11 06 | 07
#1645-d121 @A: 11 09 01 04 | 01
#1646-d121 @A: 13 14 04 21 | 02
#1647-d121 @A: 26 22 04 25 | 03
#1648-d121 @A: 04 25 34 28 | 06
#1649-d121 @A: 34 12 27 04 | 10
#1650-d121 @A: 13 34 15 21 | 12
#1651-d121 @A: 34 15 27 25 | 08
#1652-d121 @A: 32 27 01 15 | 04
#1653-d121 @A: 07 15 34 02 | 09
#1654-d121 @A: 20 13 14 06 | 11
#1655-d121 @A: 06 22 11 01 | 05
#1656-d121 @A: 25 06 21 22 | 07
#1657-d121 @A: 07 28 06 30 | 01
#1658-d121 @A: 28 06 23 26 | 02
#1659-d121 @A: 12 06 03 26 | 03
#1660-d121 @A: 03 16 09 17 | 06
#1661-d121 @A: 26 17 16 34 | 10
#1662-d121 @A: 20 09 13 26 | 12
#1663-d121 @A: 33 07 20 14 | 08
#1664-d121 @A: 23 20 27 16 | 04
#1665-d121 @A: 10 20 27 33 | 09
#1666-d121 @A: 11 02 09 03 | 11
#1667-d121 @A: 26 11 09 12 | 05
#1668-d121 @A: 34 21 22 11 | 07
#1669-d121 @A: 23 11 26 30 | 01
#1670-d121 @A: 14 07 11 23 | 02
#1671-d121 @A: 11 14 03 16 | 03
#1672-d121 @A: 11 25 01 23 | 06
#1673-d121 @A: 11 07 03 33 | 10
#1674-d121 @A: 28 03 12 11 | 12
#1675-d121 @A: 22 27 26 11 | 08
#1676-d121 @A: 22 13 09 12 | 04
#1677-d121 @A: 07 01 09 12 | 09
#1678-d121 @A: 25 21 14 32 | 11
#1679-d121 @A: 12 22 14 21 | 05
#1680-d121 @A: 21 32 33 28 | 07
#1681-d121 @A: 12 33 21 34 | 01
#1682-d121 @A: 21 10 32 22 | 02
#1683-d121 @A: 28 26 21 16 | 03
#1684-d121 @A: 12 01 23 13 | 06
#1685-d121 @A: 13 32 33 27 | 10
#1686-d121 @A: 23 30 25 07 | 12
#1687-d121 @A: 30 27 25 32 | 08
#1688-d121 @A: 34 30 23 12 | 04
#1689-d121 @A: 27 07 30 12 | 09
