#0001-d141 @A: 33 22 35 07 | 10
#0002-d141 @A: 33 35 31 28 | 01
#0003-d141 @A: 05 03 24 35 | 11
#0004-d141 @A: 16 35 24 25 | 04
#0005-d141 @A: 28 35 24 02 | 12
#0006-d141 @A: 35 14 10 17 | 03
#0007-d141 @A: 35 10 08 16 | 05
#0008-d141 @A: 35 21 15 10 | 08
#0009-d141 @A: 05 14 08 35 | 09
#0010-d141 @A: 35 11 25 12 | 07
#0011-d141 @A: 35 09 04 28 | 02
#0012-d141 @A: 01 31 35 16 | 06
#0013-d141 @A: 02 16 35 14 | 10
#0014-d141 @A: 08 21 35 02 | 01
#0015-d141 @A: 35 26 09 06 | 11
#0016-d141 @A: 31 35 23 09 | 04
#0017-d141 @A: 33 32 05 07 | 12
#0018-d141 @A: 22 33 01 06 | 03
#0019-d141 @A: 33 13 19 28 | 05
#0020-d141 @A: 31 32 21 33 | 08
#0021-d141 @A: 25 24 10 12 | 09
#0022-d141 @A: 10 29 24 32 | 07
#0023-d141 @A: 23 12 07 24 | 02
#0024-d141 @A: 12 22 14 24 | 06
#0025-d141 @A: 31 30 24 11 | 10
#0026-d141 @A: 11 09 24 07 | 01
#0027-d141 @A: 17 01 22 24 | 11
#0028-d141 @A: 13 24 29 01 | 04
#0029-d141 @A: 24 23 09 01 | 12
#0030-d141 @A: 08 07 26 24 | 03
#0031-d141 @A: 19 24 22 18 | 05
#0032-d141 @A: 31 19 14 24 | 08
#0033-d141 @A: 24 34 14 08 | 09
#0034-d141 @A: 03 06 08 24 | 07
#0035-d141 @A: 08 32 21 24 | 02
#0036-d141 @A: 24 03 18 20 | 06
#0037-d141 @A: 21 24 17 18 | 10
#0038-d141 @A: 03 24 27 21 | 01
#0039-d141 @A: 21 31 24 25 | 11
#0040-d141 @A: 13 26 24 27 | 04
#0041-d141 @A: 09 24 25 13 | 12
#0042-d141 @A: 23 10 11 28 | 03
#0043-d141 @A: 32 19 10 30 | 05
#0044-d141 @A: 30 09 26 10 | 08
#0045-d141 @A: 32 10 28 01 | 09
#0046-d141 @A: 15 01 10 06 | 07
#0047-d141 @A: 19 10 07 34 | 02
#0048-d141 @A: 28 10 16 06 | 06
#0049-d141 @A: 25 10 18 16 | 10
#0050-d141 @A: 17 29 28 10 | 01
#0051-d141 @A: 08 09 10 13 | 11
#0052-d141 @A: 10 18 20 23 | 04
#0053-d141 @A: 20 26 10 18 | 12
#0054-d141 @A: 10 02 34 06 | 03
#0055-d141 @A: 02 31 09 10 | 05
#0056-d141 @A: 04 12 13 05 | 08
#0057-d141 @A: 12 05 28 18 | 09
#0058-d141 @A: 14 04 05 20 | 07
#0059-d141 @A: 05 16 27 11 | 02
#0060-d141 @A: 05 29 21 11 | 06
#0061-d141 @A: 05 30 22 08 | 10
#0062-d141 @A: 06 05 18 30 | 01
#0063-d141 @A: 06 07 15 05 | 11
#0064-d141 @A: 05 02 22 17 | 04
#0065-d141 @A: 15 14 05 21 | 12
#0066-d141 @A: 02 16 05 03 | 03
#0067-d141 @A: 32 05 28 20 | 05
#0068-d141 @A: 28 26 05 27 | 08
#0069-d141 @A: 05 03 08 25 | 09
#0070-d141 @A: 05 20 21 17 | 07
#0071-d141 @A: 05 13 21 25 | 02
#0072-d141 @A: 18 11 12 04 | 06
#0073-d141 @A: 14 03 12 04 | 10
#0074-d141 @A: 12 25 04 16 | 01
#0075-d141 @A: 11 14 02 12 | 11
#0076-d141 @A: 30 28 09 12 | 04
#0077-d141 @A: 17 07 19 12 | 12
#0078-d141 @A: 21 14 12 19 | 03
#0079-d141 @A: 19 32 08 12 | 05
#0080-d141 @A: 26 19 27 12 | 08
#0081-d141 @A: 08 21 18 12 | 09
#0082-d141 @A: 13 20 12 06 | 07
#0083-d141 @A: 20 12 32 21 | 02
#0084-d141 @A: 29 30 04 13 | 06
#0085-d141 @A: 27 04 07 01 | 10
#0086-d141 @A: 07 20 17 04 | 01
#0087-d141 @A: 04 17 22 14 | 11
#0088-d141 @A: 27 13 04 22 | 04
#0089-d141 @A: 04 27 16 28 | 12
#0090-d141 @A: 21 02 04 15 | 03
#0091-d141 @A: 20 08 04 21 | 05
#0092-d141 @A: 04 21 18 34 | 08
#0093-d141 @A: 11 08 16 30 | 09
#0094-d141 @A: 11 19 34 30 | 07
#0095-d141 @A: 11 01 13 15 | 02
#0096-d141 @A: 15 14 28 11 | 06
#0097-d141 @A: 06 13 19 11 | 10
#0098-d141 @A: 32 23 31 11 | 01
#0099-d141 @A: 17 11 32 09 | 11
#0100-d141 @A: 34 13 25 11 | 04
#0101-d141 @A: 30 22 01 31 | 12
#0102-d141 @A: 34 30 16 20 | 03
#0103-d141 @A: 27 21 06 30 | 05
#0104-d141 @A: 07 01 14 34 | 08
#0105-d141 @A: 20 22 01 19 | 09
#0106-d141 @A: 01 15 32 14 | 07
#0107-d141 @A: 13 01 16 18 | 02
#0108-d141 @A: 13 02 19 01 | 06
#0109-d141 @A: 27 01 03 20 | 10
#0110-d141 @A: 09 07 15 22 | 01
#0111-d141 @A: 07 06 14 21 | 11
#0112-d141 @A: 16 26 07 27 | 04
#0113-d141 @A: 06 18 19 07 | 12
#0114-d141 @A: 07 08 32 20 | 03
#0115-d141 @A: 07 02 06 20 | 05
#0116-d141 @A: 19 22 16 27 | 08
#0117-d141 @A: 31 29 22 28 | 09
#0118-d141 @A: 23 22 03 28 | 07
#0119-d141 @A: 34 22 31 08 | 02
#0120-d141 @A: 34 06 25 22 | 06
#0121-d141 @A: 20 32 22 03 | 10
#0122-d141 @A: 20 13 22 31 | 01
#0123-d141 @A: 26 21 22 03 | 11
#0124-d141 @A: 27 26 34 22 | 04
#0125-d141 @A: 22 31 27 23 | 12
#0126-d141 @A: 13 22 03 09 | 03
#0127-d141 @A: 19 08 14 06 | 05
#0128-d141 @A: 08 03 27 14 | 08
#0129-d141 @A: 03 14 21 17 | 09
#0130-d141 @A: 23 16 18 31 | 07
#0131-d141 @A: 13 20 02 16 | 02
#0132-d141 @A: 16 27 17 25 | 06
#0133-d141 @A: 20 32 19 06 | 10
#0134-d141 @A: 13 25 06 29 | 01
#0135-d141 @A: 15 27 28 09 | 11
#0136-d141 @A: 08 21 28 09 | 04
#0137-d141 @A: 32 15 23 08 | 12
#0138-d141 @A: 26 21 08 17 | 03
#0139-d141 @A: 31 26 06 17 | 05
#0140-d141 @A: 26 20 27 03 | 08
#0141-d141 @A: 33 04 18 35 | 09
#0142-d141 @A: 33 34 35 06 | 07
#0143-d141 @A: 18 35 10 24 | 02
#0144-d141 @A: 20 24 35 12 | 06
#0145-d141 @A: 17 24 35 30 | 10
#0146-d141 @A: 35 01 12 18 | 01
#0147-d141 @A: 27 12 35 14 | 11
#0148-d141 @A: 12 16 17 35 | 04
#0149-d141 @A: 34 28 35 11 | 12
#0150-d141 @A: 15 30 35 28 | 03
#0151-d141 @A: 35 09 25 30 | 05
#0152-d141 @A: 19 07 01 35 | 08
#0153-d141 @A: 22 35 28 18 | 09
#0154-d141 @A: 22 32 02 35 | 07
#0155-d141 @A: 26 16 35 08 | 02
#0156-d141 @A: 26 28 35 19 | 06
#0157-d141 @A: 35 25 27 08 | 10
#0158-d141 @A: 08 17 35 31 | 01
#0159-d141 @A: 09 17 35 02 | 11
#0160-d141 @A: 33 24 32 14 | 04
#0161-d141 @A: 02 19 24 33 | 12
#0162-d141 @A: 30 20 33 10 | 03
#0163-d141 @A: 10 28 09 33 | 05
#0164-d141 @A: 28 05 27 33 | 08
#0165-d141 @A: 22 21 33 12 | 09
#0166-d141 @A: 33 08 16 12 | 07
#0167-d141 @A: 11 04 33 23 | 02
#0168-d141 @A: 30 26 33 02 | 06
#0169-d141 @A: 20 13 01 33 | 10
#0170-d141 @A: 22 15 33 28 | 01
#0171-d141 @A: 22 17 27 33 | 11
#0172-d141 @A: 29 17 33 25 | 04
#0173-d141 @A: 09 33 13 32 | 12
#0174-d141 @A: 33 09 25 03 | 03
#0175-d141 @A: 31 07 24 10 | 05
#0176-d141 @A: 10 24 02 13 | 08
#0177-d141 @A: 05 34 04 24 | 09
#0178-d141 @A: 05 02 27 24 | 07
#0179-d141 @A: 34 12 32 24 | 02
#0180-d141 @A: 24 04 29 08 | 06
#0181-d141 @A: 24 20 30 14 | 10
#0182-d141 @A: 01 31 18 24 | 01
#0183-d141 @A: 24 16 26 15 | 11
#0184-d141 @A: 24 19 15 17 | 04
#0185-d141 @A: 19 21 09 24 | 12
#0186-d141 @A: 06 13 24 34 | 03
#0187-d141 @A: 26 02 24 20 | 05
#0188-d141 @A: 13 29 05 10 | 08
#0189-d141 @A: 10 03 12 07 | 09
#0190-d141 @A: 12 10 17 08 | 07
#0191-d141 @A: 08 28 04 10 | 02
#0192-d141 @A: 20 10 14 11 | 06
#0193-d141 @A: 29 01 10 27 | 10
#0194-d141 @A: 10 08 15 14 | 01
#0195-d141 @A: 02 23 10 14 | 11
#0196-d141 @A: 13 16 10 27 | 04
#0197-d141 @A: 27 08 02 10 | 12
#0198-d141 @A: 10 31 32 06 | 03
#0199-d141 @A: 10 09 27 06 | 05
#0200-d141 @A: 27 32 21 10 | 08
#0201-d141 @A: 32 10 03 23 | 09
#0202-d141 @A: 27 10 17 26 | 07
#0203-d141 @A: 05 30 12 32 | 02
#0204-d141 @A: 05 22 26 12 | 06
#0205-d141 @A: 28 05 17 04 | 10
#0206-d141 @A: 14 05 11 19 | 01
#0207-d141 @A: 05 11 15 25 | 11
#0208-d141 @A: 01 05 17 16 | 04
#0209-d141 @A: 25 01 05 32 | 12
#0210-d141 @A: 01 03 05 13 | 03
#0211-d141 @A: 29 16 22 05 | 05
#0212-d141 @A: 27 05 15 29 | 08
#0213-d141 @A: 05 08 18 17 | 09
#0214-d141 @A: 21 31 18 05 | 07
#0215-d141 @A: 03 20 05 23 | 02
#0216-d141 @A: 30 04 12 21 | 06
#0217-d141 @A: 30 17 34 12 | 10
#0218-d141 @A: 12 25 21 06 | 01
#0219-d141 @A: 26 34 02 12 | 11
#0220-d141 @A: 12 25 03 34 | 04
#0221-d141 @A: 03 09 17 12 | 12
#0222-d141 @A: 09 13 12 31 | 03
#0223-d141 @A: 04 01 31 11 | 05
#0224-d141 @A: 04 28 21 29 | 08
#0225-d141 @A: 04 34 08 03 | 09
#0226-d141 @A: 20 32 04 18 | 07
#0227-d141 @A: 26 20 04 21 | 02
#0228-d141 @A: 04 09 27 02 | 06
#0229-d141 @A: 31 04 34 17 | 10
#0230-d141 @A: 11 13 28 30 | 01
#0231-d141 @A: 07 01 06 11 | 11
#0232-d141 @A: 28 07 17 11 | 04
#0233-d141 @A: 02 15 22 11 | 12
#0234-d141 @A: 20 11 16 03 | 03
#0235-d141 @A: 19 29 11 25 | 05
#0236-d141 @A: 11 19 28 02 | 08
#0237-d141 @A: 06 26 11 25 | 09
#0238-d141 @A: 25 09 11 31 | 07
#0239-d141 @A: 30 01 14 17 | 02
#0240-d141 @A: 30 23 19 14 | 06
#0241-d141 @A: 30 25 28 16 | 10
#0242-d141 @A: 27 18 30 17 | 01
#0243-d141 @A: 30 25 20 13 | 11
#0244-d141 @A: 21 34 30 32 | 04
#0245-d141 @A: 22 09 01 28 | 12
#0246-d141 @A: 28 16 02 01 | 03
#0247-d141 @A: 01 31 20 25 | 05
#0248-d141 @A: 07 06 28 22 | 08
#0249-d141 @A: 26 02 07 14 | 09
#0250-d141 @A: 13 07 15 34 | 07
#0251-d141 @A: 18 07 34 08 | 02
#0252-d141 @A: 07 02 03 08 | 06
#0253-d141 @A: 25 32 22 23 | 10
#0254-d141 @A: 13 17 25 22 | 01
#0255-d141 @A: 28 19 17 14 | 11
#0256-d141 @A: 14 15 27 19 | 04
#0257-d141 @A: 18 08 14 09 | 12
#0258-d141 @A: 18 16 34 19 | 03
#0259-d141 @A: 17 03 08 16 | 05
#0260-d141 @A: 06 16 18 21 | 08
#0261-d141 @A: 18 03 16 27 | 09
#0262-d141 @A: 16 27 32 09 | 07
#0263-d141 @A: 28 31 19 27 | 02
#0264-d141 @A: 19 32 26 25 | 06
#0265-d141 @A: 17 09 29 34 | 10
#0266-d141 @A: 06 08 32 28 | 01
#0267-d141 @A: 27 28 06 18 | 11
#0268-d141 @A: 23 28 06 02 | 04
#0269-d141 @A: 28 27 32 23 | 12
#0270-d141 @A: 34 09 15 18 | 03
#0271-d141 @A: 15 34 31 21 | 05
#0272-d141 @A: 19 35 33 23 | 08
#0273-d141 @A: 24 04 35 11 | 09
#0274-d141 @A: 21 24 29 35 | 07
#0275-d141 @A: 13 10 35 01 | 02
#0276-d141 @A: 28 06 05 35 | 06
#0277-d141 @A: 35 26 17 12 | 10
#0278-d141 @A: 14 35 04 13 | 01
#0279-d141 @A: 11 03 29 35 | 11
#0280-d141 @A: 35 03 08 30 | 04
#0281-d141 @A: 27 30 26 35 | 12
#0282-d141 @A: 19 14 35 03 | 03
#0283-d141 @A: 19 35 32 28 | 05
#0284-d141 @A: 35 02 31 29 | 08
#0285-d141 @A: 35 34 32 20 | 09
#0286-d141 @A: 33 12 24 03 | 07
#0287-d141 @A: 10 33 17 19 | 02
#0288-d141 @A: 10 25 21 33 | 06
#0289-d141 @A: 12 04 33 02 | 10
#0290-d141 @A: 27 33 12 32 | 01
#0291-d141 @A: 11 33 25 16 | 11
#0292-d141 @A: 33 06 11 28 | 04
#0293-d141 @A: 19 33 30 27 | 12
#0294-d141 @A: 16 33 07 13 | 03
#0295-d141 @A: 22 33 29 13 | 05
#0296-d141 @A: 09 31 33 22 | 08
#0297-d141 @A: 33 29 14 02 | 09
#0298-d141 @A: 33 06 21 17 | 07
#0299-d141 @A: 06 02 09 33 | 02
#0300-d141 @A: 13 06 33 27 | 06
#0301-d141 @A: 24 25 28 05 | 10
#0302-d141 @A: 18 12 24 16 | 01
#0303-d141 @A: 19 12 13 24 | 11
#0304-d141 @A: 18 30 04 24 | 04
#0305-d141 @A: 24 04 21 07 | 12
#0306-d141 @A: 11 21 28 24 | 03
#0307-d141 @A: 02 30 01 24 | 05
#0308-d141 @A: 07 08 24 30 | 08
#0309-d141 @A: 30 19 03 24 | 09
#0310-d141 @A: 08 24 09 22 | 07
#0311-d141 @A: 22 26 17 24 | 02
#0312-d141 @A: 29 24 34 19 | 06
#0313-d141 @A: 32 31 20 24 | 10
#0314-d141 @A: 27 34 17 24 | 01
#0315-d141 @A: 10 06 05 04 | 11
#0316-d141 @A: 29 10 34 12 | 04
#0317-d141 @A: 10 15 04 09 | 12
#0318-d141 @A: 25 11 22 10 | 03
#0319-d141 @A: 13 06 21 10 | 05
#0320-d141 @A: 10 34 20 13 | 08
#0321-d141 @A: 26 04 02 05 | 09
#0322-d141 @A: 27 05 03 04 | 07
#0323-d141 @A: 19 05 31 01 | 02
#0324-d141 @A: 07 05 27 19 | 06
#0325-d141 @A: 22 31 15 05 | 10
#0326-d141 @A: 22 06 21 05 | 01
#0327-d141 @A: 14 05 23 28 | 11
#0328-d141 @A: 27 05 08 23 | 04
#0329-d141 @A: 34 05 32 02 | 12
#0330-d141 @A: 03 05 26 23 | 03
#0331-d141 @A: 31 17 25 05 | 05
#0332-d141 @A: 13 31 34 05 | 08
#0333-d141 @A: 12 31 04 15 | 09
#0334-d141 @A: 19 11 20 12 | 07
#0335-d141 @A: 01 28 12 34 | 02
#0336-d141 @A: 14 07 12 09 | 06
#0337-d141 @A: 22 12 09 06 | 10
#0338-d141 @A: 17 12 25 02 | 01
#0339-d141 @A: 03 07 30 04 | 11
#0340-d141 @A: 30 04 14 34 | 04
#0341-d141 @A: 22 25 04 01 | 12
#0342-d141 @A: 04 09 01 16 | 03
#0343-d141 @A: 06 07 04 31 | 05
#0344-d141 @A: 34 20 06 04 | 08
#0345-d141 @A: 02 03 23 04 | 09
#0346-d141 @A: 11 29 01 32 | 07
#0347-d141 @A: 11 31 14 22 | 02
#0348-d141 @A: 11 22 32 28 | 06
#0349-d141 @A: 23 11 14 08 | 10
#0350-d141 @A: 20 27 11 32 | 01
#0351-d141 @A: 21 02 11 31 | 11
#0352-d141 @A: 34 03 11 31 | 04
#0353-d141 @A: 30 32 06 07 | 12
#0354-d141 @A: 30 02 20 22 | 03
#0355-d141 @A: 30 29 17 16 | 05
#0356-d141 @A: 20 17 30 08 | 08
#0357-d141 @A: 26 06 18 30 | 09
#0358-d141 @A: 06 20 30 03 | 07
#0359-d141 @A: 02 30 32 31 | 02
#0360-d141 @A: 30 09 03 32 | 06
#0361-d141 @A: 21 07 01 29 | 10
#0362-d141 @A: 01 22 14 03 | 01
#0363-d141 @A: 22 29 18 01 | 11
#0364-d141 @A: 15 08 22 01 | 04
#0365-d141 @A: 01 16 08 23 | 12
#0366-d141 @A: 29 19 17 01 | 03
#0367-d141 @A: 09 01 02 29 | 05
#0368-d141 @A: 13 06 01 31 | 08
#0369-d141 @A: 07 34 29 22 | 09
#0370-d141 @A: 23 29 07 14 | 07
#0371-d141 @A: 07 03 29 09 | 02
#0372-d141 @A: 23 28 07 34 | 06
#0373-d141 @A: 17 07 13 26 | 10
#0374-d141 @A: 26 13 08 22 | 01
#0375-d141 @A: 34 13 02 22 | 11
#0376-d141 @A: 26 16 34 14 | 04
#0377-d141 @A: 32 09 14 28 | 12
#0378-d141 @A: 20 27 06 14 | 03
#0379-d141 @A: 31 14 17 06 | 05
#0380-d141 @A: 14 34 23 32 | 08
#0381-d141 @A: 28 16 18 29 | 09
#0382-d141 @A: 17 15 06 16 | 07
#0383-d141 @A: 08 06 13 16 | 02
#0384-d141 @A: 16 21 08 31 | 06
#0385-d141 @A: 02 17 18 16 | 10
#0386-d141 @A: 09 25 23 16 | 01
#0387-d141 @A: 31 08 03 19 | 11
#0388-d141 @A: 19 18 26 13 | 04
#0389-d141 @A: 19 06 34 21 | 12
#0390-d141 @A: 19 32 09 31 | 03
#0391-d141 @A: 25 19 09 27 | 05
#0392-d141 @A: 13 34 29 28 | 08
#0393-d141 @A: 23 29 08 25 | 09
#0394-d141 @A: 02 34 29 23 | 07
#0395-d141 @A: 15 28 17 31 | 02
#0396-d141 @A: 27 34 08 28 | 06
#0397-d141 @A: 28 08 25 17 | 10
#0398-d141 @A: 18 28 21 32 | 01
#0399-d141 @A: 20 17 28 13 | 11
#0400-d141 @A: 28 17 32 26 | 04
#0401-d141 @A: 02 28 03 09 | 12
#0402-d141 @A: 28 31 09 26 | 03
#0403-d141 @A: 25 03 15 18 | 05
#0404-d141 @A: 13 15 03 20 | 08
#0405-d141 @A: 15 02 23 27 | 09
#0406-d141 @A: 09 02 18 26 | 07
#0407-d141 @A: 25 27 21 26 | 02
#0408-d141 @A: 26 25 02 13 | 06
#0409-d141 @A: 33 35 17 05 | 10
#0410-d141 @A: 05 35 19 04 | 01
#0411-d141 @A: 05 35 11 31 | 11
#0412-d141 @A: 05 25 35 22 | 04
#0413-d141 @A: 05 15 35 23 | 12
#0414-d141 @A: 27 35 06 04 | 03
#0415-d141 @A: 04 25 20 35 | 05
#0416-d141 @A: 27 32 35 30 | 08
#0417-d141 @A: 35 22 27 01 | 09
#0418-d141 @A: 26 01 35 20 | 07
#0419-d141 @A: 07 15 35 26 | 02
#0420-d141 @A: 35 13 03 18 | 06
#0421-d141 @A: 26 35 25 20 | 10
#0422-d141 @A: 24 05 33 18 | 01
#0423-d141 @A: 10 33 01 18 | 11
#0424-d141 @A: 33 32 10 22 | 04
#0425-d141 @A: 30 09 33 05 | 12
#0426-d141 @A: 05 33 20 22 | 03
#0427-d141 @A: 16 05 33 06 | 05
#0428-d141 @A: 07 33 11 31 | 08
#0429-d141 @A: 33 22 26 11 | 09
#0430-d141 @A: 33 18 19 11 | 07
#0431-d141 @A: 32 33 01 30 | 02
#0432-d141 @A: 33 14 21 30 | 06
#0433-d141 @A: 20 19 33 14 | 10
#0434-d141 @A: 33 15 34 14 | 01
#0435-d141 @A: 15 16 20 33 | 11
#0436-d141 @A: 26 20 16 33 | 04
#0437-d141 @A: 21 33 19 29 | 12
#0438-d141 @A: 19 15 32 33 | 03
#0439-d141 @A: 09 15 29 33 | 05
#0440-d141 @A: 25 06 08 33 | 08
#0441-d141 @A: 33 02 08 23 | 09
#0442-d141 @A: 33 20 23 25 | 07
#0443-d141 @A: 02 31 33 13 | 02
#0444-d141 @A: 33 31 17 23 | 06
#0445-d141 @A: 19 24 11 16 | 10
#0446-d141 @A: 28 01 08 24 | 01
#0447-d141 @A: 32 22 24 13 | 11
#0448-d141 @A: 13 27 24 18 | 04
#0449-d141 @A: 02 20 24 34 | 12
#0450-d141 @A: 02 24 03 25 | 03
#0451-d141 @A: 32 14 10 05 | 05
#0452-d141 @A: 05 10 20 19 | 08
#0453-d141 @A: 22 18 10 12 | 09
#0454-d141 @A: 13 10 04 07 | 07
#0455-d141 @A: 10 02 04 19 | 02
#0456-d141 @A: 10 04 29 18 | 06
#0457-d141 @A: 13 10 11 18 | 10
#0458-d141 @A: 14 10 25 01 | 01
#0459-d141 @A: 07 10 20 29 | 11
#0460-d141 @A: 08 10 29 22 | 04
#0461-d141 @A: 22 15 10 17 | 12
#0462-d141 @A: 14 26 08 10 | 03
#0463-d141 @A: 10 15 16 31 | 05
#0464-d141 @A: 03 15 29 10 | 08
#0465-d141 @A: 06 15 10 26 | 09
#0466-d141 @A: 08 06 10 23 | 07
#0467-d141 @A: 18 02 10 32 | 02
#0468-d141 @A: 10 21 09 23 | 06
#0469-d141 @A: 05 34 07 11 | 10
#0470-d141 @A: 27 30 05 01 | 01
#0471-d141 @A: 29 30 23 05 | 11
#0472-d141 @A: 28 30 31 05 | 04
#0473-d141 @A: 14 27 05 22 | 12
#0474-d141 @A: 02 14 31 05 | 03
#0475-d141 @A: 29 05 26 08 | 05
#0476-d141 @A: 03 05 21 32 | 08
#0477-d141 @A: 03 05 31 09 | 09
#0478-d141 @A: 12 11 01 23 | 07
#0479-d141 @A: 23 16 30 12 | 02
#0480-d141 @A: 12 08 20 01 | 06
#0481-d141 @A: 18 12 25 07 | 10
#0482-d141 @A: 12 22 29 23 | 01
#0483-d141 @A: 16 32 12 14 | 11
#0484-d141 @A: 16 34 15 12 | 04
#0485-d141 @A: 29 21 12 13 | 12
#0486-d141 @A: 21 09 12 27 | 03
#0487-d141 @A: 31 17 21 12 | 05
#0488-d141 @A: 28 01 13 04 | 08
#0489-d141 @A: 15 22 04 18 | 09
#0490-d141 @A: 04 26 19 15 | 07
#0491-d141 @A: 28 02 18 04 | 02
#0492-d141 @A: 26 25 04 28 | 06
#0493-d141 @A: 08 04 25 31 | 10
#0494-d141 @A: 03 06 25 04 | 01
#0495-d141 @A: 31 04 27 26 | 11
#0496-d141 @A: 07 11 03 19 | 04
#0497-d141 @A: 22 08 11 17 | 12
#0498-d141 @A: 14 28 11 26 | 03
#0499-d141 @A: 29 06 02 11 | 05
#0500-d141 @A: 20 09 06 11 | 08
#0501-d141 @A: 11 17 06 27 | 09
#0502-d141 @A: 30 34 01 29 | 07
#0503-d141 @A: 30 09 07 20 | 02
#0504-d141 @A: 30 02 28 14 | 06
#0505-d141 @A: 31 30 14 13 | 10
#0506-d141 @A: 23 15 30 03 | 01
#0507-d141 @A: 21 30 31 20 | 11
#0508-d141 @A: 21 02 30 13 | 04
#0509-d141 @A: 30 03 17 31 | 12
#0510-d141 @A: 19 14 01 09 | 03
#0511-d141 @A: 03 18 09 01 | 05
#0512-d141 @A: 03 02 01 06 | 08
#0513-d141 @A: 34 06 01 23 | 09
#0514-d141 @A: 31 01 32 17 | 07
#0515-d141 @A: 14 07 02 19 | 02
#0516-d141 @A: 16 27 21 07 | 06
#0517-d141 @A: 26 07 19 29 | 10
#0518-d141 @A: 21 08 13 07 | 01
#0519-d141 @A: 23 18 07 03 | 11
#0520-d141 @A: 25 26 07 18 | 04
#0521-d141 @A: 21 07 32 26 | 12
#0522-d141 @A: 25 07 34 32 | 03
#0523-d141 @A: 23 16 14 22 | 05
#0524-d141 @A: 03 22 19 29 | 08
#0525-d141 @A: 17 22 29 32 | 09
#0526-d141 @A: 15 23 34 22 | 07
#0527-d141 @A: 18 08 22 02 | 02
#0528-d141 @A: 14 20 13 08 | 06
#0529-d141 @A: 14 31 32 08 | 10
#0530-d141 @A: 14 03 32 06 | 01
#0531-d141 @A: 02 14 20 03 | 11
#0532-d141 @A: 09 34 02 14 | 04
#0533-d141 @A: 17 14 26 23 | 12
#0534-d141 @A: 16 08 34 25 | 03
#0535-d141 @A: 09 19 08 26 | 05
#0536-d141 @A: 17 06 09 19 | 08
#0537-d141 @A: 23 19 13 20 | 09
#0538-d141 @A: 02 27 19 21 | 07
#0539-d141 @A: 29 26 21 28 | 02
#0540-d141 @A: 29 21 34 08 | 06
#0541-d141 @A: 34 29 32 31 | 10
#0542-d141 @A: 28 34 15 02 | 01
#0543-d141 @A: 17 28 03 18 | 11
#0544-d141 @A: 20 23 28 09 | 04
#0545-d141 @A: 34 28 09 31 | 12
#0546-d141 @A: 32 06 02 15 | 03
#0547-d141 @A: 15 02 09 20 | 05
#0548-d141 @A: 26 32 23 09 | 08
#0549-d141 @A: 33 26 35 18 | 09
#0550-d141 @A: 31 24 34 35 | 07
#0551-d141 @A: 31 35 26 24 | 02
#0552-d141 @A: 07 35 10 23 | 06
#0553-d141 @A: 22 10 35 20 | 10
#0554-d141 @A: 05 35 16 20 | 01
#0555-d141 @A: 04 30 02 35 | 11
#0556-d141 @A: 32 14 35 11 | 04
#0557-d141 @A: 35 23 28 16 | 12
#0558-d141 @A: 34 35 19 15 | 03
#0559-d141 @A: 06 35 08 20 | 05
#0560-d141 @A: 35 02 23 18 | 08
#0561-d141 @A: 34 27 18 35 | 09
#0562-d141 @A: 03 35 31 06 | 07
#0563-d141 @A: 32 23 35 13 | 02
#0564-d141 @A: 02 35 26 21 | 06
#0565-d141 @A: 35 34 26 13 | 10
#0566-d141 @A: 09 24 33 04 | 01
#0567-d141 @A: 34 24 33 28 | 11
#0568-d141 @A: 10 34 04 33 | 04
#0569-d141 @A: 10 15 13 33 | 12
#0570-d141 @A: 21 10 33 26 | 03
#0571-d141 @A: 33 27 03 10 | 05
#0572-d141 @A: 12 33 11 13 | 08
#0573-d141 @A: 15 33 11 21 | 09
#0574-d141 @A: 33 11 34 32 | 07
#0575-d141 @A: 33 18 30 07 | 02
#0576-d141 @A: 23 30 28 33 | 06
#0577-d141 @A: 07 03 20 33 | 10
#0578-d141 @A: 22 33 23 18 | 01
#0579-d141 @A: 06 31 33 29 | 11
#0580-d141 @A: 08 18 33 28 | 04
#0581-d141 @A: 33 18 06 20 | 12
#0582-d141 @A: 12 24 06 04 | 03
#0583-d141 @A: 24 17 11 12 | 05
#0584-d141 @A: 28 12 24 31 | 08
#0585-d141 @A: 04 24 02 16 | 09
#0586-d141 @A: 18 04 26 24 | 07
#0587-d141 @A: 18 24 11 34 | 02
#0588-d141 @A: 32 24 18 07 | 06
#0589-d141 @A: 16 17 14 24 | 10
#0590-d141 @A: 28 14 18 24 | 01
#0591-d141 @A: 16 24 15 23 | 11
#0592-d141 @A: 24 28 17 06 | 04
#0593-d141 @A: 24 21 13 20 | 12
#0594-d141 @A: 17 25 20 24 | 03
#0595-d141 @A: 34 24 03 09 | 05
#0596-d141 @A: 25 24 23 34 | 08
#0597-d141 @A: 05 19 26 10 | 09
#0598-d141 @A: 10 09 11 12 | 07
#0599-d141 @A: 17 11 16 10 | 02
#0600-d141 @A: 15 27 10 30 | 06
#0601-d141 @A: 09 30 10 18 | 10
#0602-d141 @A: 03 10 14 34 | 01
#0603-d141 @A: 08 32 10 34 | 11
#0604-d141 @A: 25 06 17 10 | 04
#0605-d141 @A: 05 03 12 11 | 12
#0606-d141 @A: 04 01 18 05 | 03
#0607-d141 @A: 04 09 07 05 | 05
#0608-d141 @A: 30 05 02 07 | 08
#0609-d141 @A: 05 01 28 15 | 09
#0610-d141 @A: 05 21 08 01 | 07
#0611-d141 @A: 05 25 16 07 | 02
#0612-d141 @A: 09 05 14 16 | 06
#0613-d141 @A: 05 08 16 28 | 10
#0614-d141 @A: 28 19 34 05 | 01
#0615-d141 @A: 13 05 15 19 | 11
#0616-d141 @A: 02 25 05 23 | 04
#0617-d141 @A: 23 05 34 09 | 12
#0618-d141 @A: 30 02 12 19 | 03
#0619-d141 @A: 26 12 20 07 | 05
#0620-d141 @A: 12 22 27 15 | 08
#0621-d141 @A: 14 17 29 12 | 09
#0622-d141 @A: 15 21 12 03 | 07
#0623-d141 @A: 09 08 12 25 | 02
#0624-d141 @A: 06 18 17 12 | 06
#0625-d141 @A: 12 25 13 32 | 10
#0626-d141 @A: 34 21 23 12 | 01
#0627-d141 @A: 12 27 02 31 | 11
#0628-d141 @A: 02 03 13 12 | 04
#0629-d141 @A: 11 04 19 17 | 12
#0630-d141 @A: 04 19 30 08 | 03
#0631-d141 @A: 07 14 32 04 | 05
#0632-d141 @A: 04 28 19 25 | 08
#0633-d141 @A: 04 17 03 29 | 09
#0634-d141 @A: 04 21 23 06 | 07
#0635-d141 @A: 30 03 11 01 | 02
#0636-d141 @A: 11 27 19 01 | 06
#0637-d141 @A: 15 18 11 07 | 10
#0638-d141 @A: 22 11 19 23 | 01
#0639-d141 @A: 11 08 13 31 | 11
#0640-d141 @A: 06 11 18 31 | 04
#0641-d141 @A: 31 20 11 17 | 12
#0642-d141 @A: 13 11 03 32 | 03
#0643-d141 @A: 11 13 21 26 | 05
#0644-d141 @A: 15 31 07 30 | 08
#0645-d141 @A: 30 16 18 22 | 09
#0646-d141 @A: 30 29 14 32 | 07
#0647-d141 @A: 14 30 21 26 | 02
#0648-d141 @A: 29 18 30 20 | 06
#0649-d141 @A: 03 21 30 28 | 10
#0650-d141 @A: 30 25 18 21 | 01
#0651-d141 @A: 19 26 22 01 | 11
#0652-d141 @A: 19 03 01 28 | 04
#0653-d141 @A: 26 01 15 31 | 12
#0654-d141 @A: 02 01 26 08 | 03
#0655-d141 @A: 27 32 01 06 | 05
#0656-d141 @A: 34 01 21 20 | 08
#0657-d141 @A: 01 31 09 27 | 09
#0658-d141 @A: 09 25 01 17 | 07
#0659-d141 @A: 22 25 07 08 | 02
#0660-d141 @A: 31 07 14 16 | 06
#0661-d141 @A: 07 23 25 06 | 10
#0662-d141 @A: 09 25 07 02 | 01
#0663-d141 @A: 03 07 31 27 | 11
#0664-d141 @A: 17 09 07 13 | 04
#0665-d141 @A: 06 15 22 19 | 12
#0666-d141 @A: 29 22 27 06 | 03
#0667-d141 @A: 29 22 25 09 | 05
#0668-d141 @A: 15 26 02 22 | 08
#0669-d141 @A: 14 20 26 28 | 09
#0670-d141 @A: 06 14 09 25 | 07
#0671-d141 @A: 02 14 32 21 | 02
#0672-d141 @A: 08 16 18 32 | 06
#0673-d141 @A: 27 20 31 16 | 10
#0674-d141 @A: 16 26 31 03 | 01
#0675-d141 @A: 32 13 34 19 | 11
#0676-d141 @A: 29 02 26 17 | 04
#0677-d141 @A: 13 03 29 23 | 12
#0678-d141 @A: 08 03 28 15 | 03
#0679-d141 @A: 32 28 15 25 | 05
#0680-d141 @A: 09 28 25 18 | 08
#0681-d141 @A: 23 28 17 21 | 09
#0682-d141 @A: 28 31 02 25 | 07
#0683-d141 @A: 15 27 08 20 | 02
#0684-d141 @A: 15 18 13 06 | 06
#0685-d141 @A: 02 31 03 15 | 10
#0686-d141 @A: 23 09 15 13 | 01
#0687-d141 @A: 33 35 24 13 | 11
#0688-d141 @A: 35 16 32 33 | 04
#0689-d141 @A: 35 19 08 24 | 12
#0690-d141 @A: 12 35 29 04 | 03
#0691-d141 @A: 31 35 19 12 | 05
#0692-d141 @A: 09 12 34 35 | 08
#0693-d141 @A: 11 35 13 22 | 09
#0694-d141 @A: 16 18 11 35 | 07
#0695-d141 @A: 21 35 01 30 | 02
#0696-d141 @A: 20 35 30 19 | 06
#0697-d141 @A: 32 35 07 15 | 10
#0698-d141 @A: 06 35 09 07 | 01
#0699-d141 @A: 27 35 17 07 | 11
#0700-d141 @A: 35 21 31 22 | 04
#0701-d141 @A: 25 14 23 35 | 12
#0702-d141 @A: 19 18 35 29 | 03
#0703-d141 @A: 19 21 35 25 | 05
#0704-d141 @A: 06 35 29 15 | 08
#0705-d141 @A: 23 08 34 35 | 09
#0706-d141 @A: 18 17 35 32 | 07
#0707-d141 @A: 32 21 35 06 | 02
#0708-d141 @A: 06 24 30 33 | 06
#0709-d141 @A: 33 01 24 27 | 10
#0710-d141 @A: 33 14 13 05 | 01
#0711-d141 @A: 34 33 29 05 | 11
#0712-d141 @A: 33 26 12 28 | 04
#0713-d141 @A: 03 33 32 04 | 12
#0714-d141 @A: 04 26 23 33 | 03
#0715-d141 @A: 08 30 15 33 | 05
#0716-d141 @A: 17 13 30 33 | 08
#0717-d141 @A: 33 14 01 23 | 09
#0718-d141 @A: 07 33 28 02 | 07
#0719-d141 @A: 33 34 19 22 | 02
#0720-d141 @A: 33 03 28 16 | 06
#0721-d141 @A: 33 06 03 19 | 10
#0722-d141 @A: 31 33 20 08 | 01
#0723-d141 @A: 13 33 03 08 | 11
#0724-d141 @A: 14 24 10 09 | 04
#0725-d141 @A: 25 11 01 24 | 12
#0726-d141 @A: 24 22 31 16 | 03
#0727-d141 @A: 28 27 24 22 | 05
#0728-d141 @A: 21 23 24 14 | 08
#0729-d141 @A: 17 13 08 24 | 09
#0730-d141 @A: 09 18 02 24 | 07
#0731-d141 @A: 11 05 10 01 | 02
#0732-d141 @A: 05 18 27 10 | 06
#0733-d141 @A: 10 16 02 12 | 10
#0734-d141 @A: 10 11 07 32 | 01
#0735-d141 @A: 08 10 11 21 | 11
#0736-d141 @A: 02 10 11 03 | 04
#0737-d141 @A: 16 20 10 01 | 12
#0738-d141 @A: 15 07 25 10 | 03
#0739-d141 @A: 10 21 18 14 | 05
#0740-d141 @A: 25 26 10 16 | 08
#0741-d141 @A: 29 23 19 10 | 09
#0742-d141 @A: 26 28 10 13 | 07
#0743-d141 @A: 15 10 20 32 | 02
#0744-d141 @A: 10 08 20 03 | 06
#0745-d141 @A: 31 10 03 21 | 10
#0746-d141 @A: 05 22 12 19 | 01
#0747-d141 @A: 12 08 05 29 | 11
#0748-d141 @A: 05 04 22 32 | 04
#0749-d141 @A: 28 05 09 11 | 12
#0750-d141 @A: 30 05 19 17 | 03
#0751-d141 @A: 07 05 14 17 | 05
#0752-d141 @A: 14 29 05 18 | 08
#0753-d141 @A: 15 18 05 16 | 09
#0754-d141 @A: 05 21 16 34 | 07
#0755-d141 @A: 03 06 05 29 | 02
#0756-d141 @A: 18 23 05 32 | 06
#0757-d141 @A: 05 25 06 27 | 10
#0758-d141 @A: 05 27 17 09 | 01
#0759-d141 @A: 11 07 12 27 | 11
#0760-d141 @A: 12 07 32 01 | 04
#0761-d141 @A: 01 29 12 03 | 12
#0762-d141 @A: 20 17 22 12 | 03
#0763-d141 @A: 12 14 23 31 | 05
#0764-d141 @A: 12 14 09 26 | 08
#0765-d141 @A: 25 20 12 29 | 09
#0766-d141 @A: 12 03 32 18 | 07
#0767-d141 @A: 06 26 12 13 | 02
#0768-d141 @A: 25 27 23 12 | 06
#0769-d141 @A: 11 14 04 21 | 10
#0770-d141 @A: 16 11 34 04 | 01
#0771-d141 @A: 30 25 15 04 | 11
#0772-d141 @A: 14 26 01 04 | 04
#0773-d141 @A: 20 15 01 04 | 12
#0774-d141 @A: 26 32 07 04 | 03
#0775-d141 @A: 22 04 08 06 | 05
#0776-d141 @A: 04 29 14 09 | 08
#0777-d141 @A: 02 04 06 17 | 09
#0778-d141 @A: 14 30 11 25 | 07
#0779-d141 @A: 11 17 30 15 | 02
#0780-d141 @A: 01 23 11 26 | 06
#0781-d141 @A: 27 14 11 09 | 10
#0782-d141 @A: 08 06 34 11 | 01
#0783-d141 @A: 11 21 20 18 | 11
#0784-d141 @A: 11 21 25 23 | 04
#0785-d141 @A: 01 30 09 13 | 12
#0786-d141 @A: 07 30 13 19 | 03
#0787-d141 @A: 34 30 02 08 | 05
#0788-d141 @A: 02 23 30 09 | 08
#0789-d141 @A: 03 34 16 01 | 09
#0790-d141 @A: 01 19 34 08 | 07
#0791-d141 @A: 06 01 28 25 | 02
#0792-d141 @A: 34 01 18 32 | 06
#0793-d141 @A: 02 34 01 25 | 10
#0794-d141 @A: 17 01 23 13 | 01
#0795-d141 @A: 08 14 07 28 | 11
#0796-d141 @A: 32 07 16 28 | 04
#0797-d141 @A: 07 09 32 23 | 12
#0798-d141 @A: 25 27 13 07 | 03
#0799-d141 @A: 08 20 22 16 | 05
#0800-d141 @A: 22 27 08 32 | 08
#0801-d141 @A: 22 34 21 17 | 09
#0802-d141 @A: 23 17 22 09 | 07
#0803-d141 @A: 28 29 03 14 | 02
#0804-d141 @A: 21 25 14 08 | 06
#0805-d141 @A: 23 18 27 14 | 10
#0806-d141 @A: 14 06 13 23 | 01
#0807-d141 @A: 20 14 17 23 | 11
#0808-d141 @A: 17 32 27 14 | 04
#0809-d141 @A: 14 02 13 27 | 12
#0810-d141 @A: 13 14 26 31 | 03
#0811-d141 @A: 28 19 16 15 | 05
#0812-d141 @A: 16 19 17 31 | 08
#0813-d141 @A: 03 29 16 25 | 09
#0814-d141 @A: 26 06 32 16 | 07
#0815-d141 @A: 25 21 02 16 | 02
#0816-d141 @A: 03 13 16 31 | 06
#0817-d141 @A: 19 21 17 08 | 10
#0818-d141 @A: 27 19 08 13 | 01
#0819-d141 @A: 31 21 13 19 | 11
#0820-d141 @A: 29 08 27 31 | 04
#0821-d141 @A: 29 06 23 09 | 12
#0822-d141 @A: 02 17 29 20 | 03
#0823-d141 @A: 32 13 26 29 | 05
#0824-d141 @A: 06 03 28 34 | 08
#0825-d141 @A: 28 32 34 17 | 09
#0826-d141 @A: 15 20 18 17 | 07
#0827-d141 @A: 31 30 10 35 | 02
#0828-d141 @A: 05 13 30 35 | 06
#0829-d141 @A: 01 09 35 05 | 10
#0830-d141 @A: 22 04 35 26 | 01
#0831-d141 @A: 21 16 04 35 | 11
#0832-d141 @A: 11 35 21 17 | 04
#0833-d141 @A: 14 29 35 20 | 12
#0834-d141 @A: 02 20 35 27 | 03
#0835-d141 @A: 35 13 20 09 | 05
#0836-d141 @A: 23 03 35 21 | 08
#0837-d141 @A: 02 35 03 34 | 09
#0838-d141 @A: 33 19 25 05 | 07
#0839-d141 @A: 15 12 33 06 | 02
#0840-d141 @A: 33 07 01 25 | 06
#0841-d141 @A: 33 21 28 01 | 10
#0842-d141 @A: 19 08 33 07 | 01
#0843-d141 @A: 33 15 23 07 | 11
#0844-d141 @A: 33 02 16 22 | 04
#0845-d141 @A: 14 33 27 26 | 12
#0846-d141 @A: 09 19 16 33 | 03
#0847-d141 @A: 33 29 26 03 | 05
#0848-d141 @A: 33 03 21 18 | 08
#0849-d141 @A: 34 33 23 03 | 09
#0850-d141 @A: 17 04 10 24 | 07
#0851-d141 @A: 24 10 27 11 | 02
#0852-d141 @A: 24 10 06 20 | 06
#0853-d141 @A: 05 23 22 24 | 10
#0854-d141 @A: 24 26 06 05 | 01
#0855-d141 @A: 29 02 24 12 | 11
#0856-d141 @A: 24 14 25 04 | 04
#0857-d141 @A: 11 15 03 24 | 12
#0858-d141 @A: 30 24 13 15 | 03
#0859-d141 @A: 16 01 24 06 | 05
#0860-d141 @A: 07 16 24 34 | 08
#0861-d141 @A: 15 21 24 22 | 09
#0862-d141 @A: 20 28 24 19 | 07
#0863-d141 @A: 06 09 32 24 | 02
#0864-d141 @A: 21 26 23 24 | 06
#0865-d141 @A: 15 10 05 02 | 10
#0866-d141 @A: 10 12 06 19 | 01
#0867-d141 @A: 26 32 12 10 | 11
#0868-d141 @A: 04 30 11 10 | 04
#0869-d141 @A: 10 02 17 30 | 12
#0870-d141 @A: 01 22 10 23 | 03
#0871-d141 @A: 17 03 01 10 | 05
#0872-d141 @A: 21 16 29 10 | 08
#0873-d141 @A: 25 29 10 02 | 09
#0874-d141 @A: 08 18 31 10 | 07
#0875-d141 @A: 34 10 18 17 | 02
#0876-d141 @A: 13 17 32 10 | 06
#0877-d141 @A: 07 05 12 20 | 10
#0878-d141 @A: 30 05 17 26 | 01
#0879-d141 @A: 22 03 05 07 | 11
#0880-d141 @A: 05 23 13 16 | 04
#0881-d141 @A: 34 08 20 05 | 12
#0882-d141 @A: 13 09 05 18 | 03
#0883-d141 @A: 32 05 06 17 | 05
#0884-d141 @A: 25 09 26 05 | 08
#0885-d141 @A: 26 12 04 30 | 09
#0886-d141 @A: 30 22 03 12 | 07
#0887-d141 @A: 30 08 12 14 | 02
#0888-d141 @A: 22 01 12 02 | 06
#0889-d141 @A: 15 12 07 02 | 10
#0890-d141 @A: 07 12 08 31 | 01
#0891-d141 @A: 29 19 27 12 | 11
#0892-d141 @A: 19 09 18 12 | 04
#0893-d141 @A: 07 11 04 25 | 12
#0894-d141 @A: 11 04 06 15 | 03
#0895-d141 @A: 11 04 32 08 | 05
#0896-d141 @A: 30 01 23 04 | 08
#0897-d141 @A: 04 28 06 30 | 09
#0898-d141 @A: 02 04 14 01 | 07
#0899-d141 @A: 23 04 07 19 | 02
#0900-d141 @A: 03 04 22 16 | 06
#0901-d141 @A: 04 22 02 29 | 10
#0902-d141 @A: 19 04 18 14 | 01
#0903-d141 @A: 16 15 13 04 | 11
#0904-d141 @A: 18 04 08 23 | 04
#0905-d141 @A: 31 04 18 03 | 12
#0906-d141 @A: 11 31 27 15 | 03
#0907-d141 @A: 11 25 08 20 | 05
#0908-d141 @A: 02 11 25 18 | 08
#0909-d141 @A: 25 32 06 11 | 09
#0910-d141 @A: 09 26 27 11 | 07
#0911-d141 @A: 06 30 19 01 | 02
#0912-d141 @A: 15 14 30 06 | 06
#0913-d141 @A: 30 13 27 23 | 10
#0914-d141 @A: 01 22 16 32 | 01
#0915-d141 @A: 21 14 01 31 | 11
#0916-d141 @A: 15 19 01 23 | 04
#0917-d141 @A: 01 15 31 29 | 12
#0918-d141 @A: 18 23 01 25 | 03
#0919-d141 @A: 09 01 20 32 | 05
#0920-d141 @A: 28 25 29 07 | 08
#0921-d141 @A: 06 07 27 08 | 09
#0922-d141 @A: 09 31 07 18 | 07
#0923-d141 @A: 06 03 07 13 | 02
#0924-d141 @A: 06 17 34 07 | 06
#0925-d141 @A: 25 21 20 07 | 10
#0926-d141 @A: 17 07 32 03 | 01
#0927-d141 @A: 17 31 07 02 | 11
#0928-d141 @A: 19 14 22 32 | 04
#0929-d141 @A: 14 02 25 22 | 12
#0930-d141 @A: 28 22 06 26 | 03
#0931-d141 @A: 31 18 22 17 | 05
#0932-d141 @A: 23 06 22 20 | 08
#0933-d141 @A: 22 09 34 32 | 09
#0934-d141 @A: 22 03 25 31 | 07
#0935-d141 @A: 15 14 29 26 | 02
#0936-d141 @A: 32 14 18 13 | 06
#0937-d141 @A: 31 34 14 18 | 10
#0938-d141 @A: 14 20 09 31 | 01
#0939-d141 @A: 27 14 21 34 | 11
#0940-d141 @A: 16 09 02 08 | 04
#0941-d141 @A: 16 27 06 02 | 12
#0942-d141 @A: 16 21 23 32 | 03
#0943-d141 @A: 16 21 09 03 | 05
#0944-d141 @A: 20 18 08 19 | 08
#0945-d141 @A: 19 09 23 08 | 09
#0946-d141 @A: 17 19 34 02 | 07
#0947-d141 @A: 13 08 29 15 | 02
#0948-d141 @A: 18 08 29 03 | 06
#0949-d141 @A: 31 25 29 18 | 10
#0950-d141 @A: 29 03 32 27 | 01
#0951-d141 @A: 27 09 29 13 | 11
#0952-d141 @A: 21 28 31 06 | 04
#0953-d141 @A: 20 28 27 21 | 12
#0954-d141 @A: 28 02 32 13 | 03
#0955-d141 @A: 28 21 25 34 | 05
#0956-d141 @A: 15 31 18 32 | 08
#0957-d141 @A: 15 21 27 18 | 09
#0958-d141 @A: 15 06 09 03 | 07
#0959-d141 @A: 15 06 23 31 | 02
#0960-d141 @A: 20 21 23 15 | 06
#0961-d141 @A: 15 17 03 27 | 10
#0962-d141 @A: 08 26 31 32 | 01
#0963-d141 @A: 14 33 09 35 | 11
#0964-d141 @A: 06 24 22 35 | 04
#0965-d141 @A: 10 35 05 34 | 12
#0966-d141 @A: 19 35 27 10 | 03
#0967-d141 @A: 21 07 12 35 | 05
#0968-d141 @A: 28 35 03 12 | 08
#0969-d141 @A: 35 04 23 22 | 09
#0970-d141 @A: 35 11 23 30 | 07
#0971-d141 @A: 07 35 02 11 | 02
#0972-d141 @A: 34 07 30 35 | 06
#0973-d141 @A: 30 29 35 22 | 10
#0974-d141 @A: 35 29 25 01 | 01
#0975-d141 @A: 01 02 35 15 | 11
#0976-d141 @A: 07 20 28 35 | 04
#0977-d141 @A: 07 25 31 35 | 12
#0978-d141 @A: 22 35 15 03 | 03
#0979-d141 @A: 27 16 35 15 | 05
#0980-d141 @A: 35 18 31 20 | 08
#0981-d141 @A: 13 34 35 21 | 09
#0982-d141 @A: 02 13 25 35 | 07
#0983-d141 @A: 35 27 09 03 | 02
#0984-d141 @A: 35 31 13 27 | 06
#0985-d141 @A: 33 24 17 07 | 10
#0986-d141 @A: 24 29 33 23 | 01
#0987-d141 @A: 10 12 14 33 | 11
#0988-d141 @A: 08 05 33 11 | 04
#0989-d141 @A: 26 33 13 05 | 12
#0990-d141 @A: 19 12 33 01 | 03
#0991-d141 @A: 12 17 28 33 | 05
#0992-d141 @A: 04 33 31 19 | 08
#0993-d141 @A: 09 33 11 01 | 09
#0994-d141 @A: 17 14 11 33 | 07
#0995-d141 @A: 16 01 29 33 | 02
#0996-d141 @A: 33 26 07 06 | 06
#0997-d141 @A: 31 14 33 03 | 10
#0998-d141 @A: 33 26 09 15 | 01
#0999-d141 @A: 21 33 08 27 | 11
#1000-d141 @A: 33 09 08 34 | 04
#1001-d141 @A: 32 33 06 23 | 12
#1002-d141 @A: 02 33 20 32 | 03
#1003-d141 @A: 26 33 34 32 | 05
#1004-d141 @A: 33 03 17 02 | 08
#1005-d141 @A: 10 23 24 30 | 09
#1006-d141 @A: 28 24 15 10 | 07
#1007-d141 @A: 30 12 24 27 | 02
#1008-d141 @A: 12 15 08 24 | 06
#1009-d141 @A: 04 19 27 24 | 10
#1010-d141 @A: 15 32 24 04 | 01
#1011-d141 @A: 24 02 11 08 | 11
#1012-d141 @A: 08 27 16 24 | 04
#1013-d141 @A: 23 32 24 19 | 12
#1014-d141 @A: 28 24 29 09 | 03
#1015-d141 @A: 23 20 24 08 | 05
#1016-d141 @A: 02 24 31 23 | 08
#1017-d141 @A: 24 03 34 26 | 09
#1018-d141 @A: 10 17 23 05 | 07
#1019-d141 @A: 30 13 10 12 | 02
#1020-d141 @A: 21 01 04 10 | 06
#1021-d141 @A: 14 10 27 04 | 10
#1022-d141 @A: 23 25 04 10 | 01
#1023-d141 @A: 34 10 15 11 | 11
#1024-d141 @A: 22 30 21 10 | 04
#1025-d141 @A: 07 10 17 21 | 12
#1026-d141 @A: 34 22 16 10 | 03
#1027-d141 @A: 16 10 14 19 | 05
#1028-d141 @A: 15 10 19 18 | 08
#1029-d141 @A: 10 02 21 20 | 09
#1030-d141 @A: 27 25 20 10 | 07
#1031-d141 @A: 31 10 25 34 | 02
#1032-d141 @A: 04 02 11 05 | 06
#1033-d141 @A: 23 04 05 31 | 10
#1034-d141 @A: 11 13 05 17 | 01
#1035-d141 @A: 05 23 01 07 | 11
#1036-d141 @A: 29 07 31 05 | 04
#1037-d141 @A: 26 07 34 05 | 12
#1038-d141 @A: 09 19 05 29 | 03
#1039-d141 @A: 02 05 08 19 | 05
#1040-d141 @A: 21 05 19 23 | 08
#1041-d141 @A: 29 02 28 05 | 09
#1042-d141 @A: 05 13 32 08 | 07
#1043-d141 @A: 31 21 26 05 | 02
#1044-d141 @A: 05 03 34 17 | 06
#1045-d141 @A: 04 28 12 32 | 10
#1046-d141 @A: 18 26 01 12 | 01
#1047-d141 @A: 12 15 14 18 | 11
#1048-d141 @A: 09 29 12 16 | 04
#1049-d141 @A: 21 15 12 26 | 12
#1050-d141 @A: 34 12 02 18 | 03
#1051-d141 @A: 12 02 09 32 | 05
#1052-d141 @A: 04 11 34 26 | 08
#1053-d141 @A: 04 20 30 27 | 09
#1054-d141 @A: 31 30 04 09 | 07
#1055-d141 @A: 15 07 04 28 | 02
#1056-d141 @A: 07 04 34 02 | 06
#1057-d141 @A: 04 16 19 06 | 10
#1058-d141 @A: 04 09 03 20 | 01
#1059-d141 @A: 11 16 14 01 | 11
#1060-d141 @A: 01 34 11 17 | 04
#1061-d141 @A: 22 11 07 20 | 12
#1062-d141 @A: 09 11 15 16 | 03
#1063-d141 @A: 02 32 11 16 | 05
#1064-d141 @A: 27 25 28 11 | 08
#1065-d141 @A: 03 11 06 21 | 09
#1066-d141 @A: 11 21 27 13 | 07
#1067-d141 @A: 02 34 27 11 | 02
#1068-d141 @A: 23 22 07 30 | 06
#1069-d141 @A: 23 26 07 30 | 10
#1070-d141 @A: 22 30 06 13 | 01
#1071-d141 @A: 30 26 16 28 | 11
#1072-d141 @A: 13 18 30 08 | 04
#1073-d141 @A: 20 32 23 30 | 12
#1074-d141 @A: 09 01 07 08 | 03
#1075-d141 @A: 14 01 08 29 | 05
#1076-d141 @A: 18 01 19 21 | 08
#1077-d141 @A: 29 01 27 26 | 09
#1078-d141 @A: 06 21 09 01 | 07
#1079-d141 @A: 21 25 03 01 | 02
#1080-d141 @A: 32 07 22 21 | 06
#1081-d141 @A: 08 07 17 23 | 10
#1082-d141 @A: 32 02 07 27 | 01
#1083-d141 @A: 34 27 09 07 | 11
#1084-d141 @A: 16 23 26 22 | 04
#1085-d141 @A: 09 22 02 19 | 12
#1086-d141 @A: 26 22 18 32 | 03
#1087-d141 @A: 20 22 21 09 | 05
#1088-d141 @A: 25 21 22 27 | 08
#1089-d141 @A: 14 16 21 20 | 09
#1090-d141 @A: 14 29 19 13 | 07
#1091-d141 @A: 14 26 03 06 | 02
#1092-d141 @A: 09 14 13 21 | 06
#1093-d141 @A: 16 20 18 09 | 10
#1094-d141 @A: 18 21 16 26 | 01
#1095-d141 @A: 20 16 25 06 | 11
#1096-d141 @A: 17 16 20 32 | 04
#1097-d141 @A: 06 19 26 23 | 12
#1098-d141 @A: 20 27 19 17 | 03
#1099-d141 @A: 19 09 34 20 | 05
#1100-d141 @A: 13 17 03 19 | 08
#1101-d141 @A: 29 08 32 02 | 09
#1102-d141 @A: 02 26 29 06 | 07
#1103-d141 @A: 13 29 20 32 | 02
#1104-d141 @A: 02 29 21 03 | 06
#1105-d141 @A: 25 27 29 34 | 10
#1106-d141 @A: 06 20 28 15 | 01
#1107-d141 @A: 21 13 15 28 | 11
#1108-d141 @A: 08 31 28 23 | 04
#1109-d141 @A: 28 13 31 18 | 12
#1110-d141 @A: 28 13 25 23 | 03
#1111-d141 @A: 21 15 08 06 | 05
#1112-d141 @A: 32 21 17 15 | 08
#1113-d141 @A: 26 23 31 18 | 09
#1114-d141 @A: 20 35 33 21 | 07
#1115-d141 @A: 35 26 10 03 | 02
#1116-d141 @A: 13 12 15 35 | 06
#1117-d141 @A: 15 35 11 20 | 10
#1118-d141 @A: 11 32 35 26 | 01
#1119-d141 @A: 28 17 01 35 | 11
#1120-d141 @A: 22 14 35 34 | 04
#1121-d141 @A: 15 31 14 35 | 12
#1122-d141 @A: 19 16 35 13 | 03
#1123-d141 @A: 35 34 16 29 | 05
#1124-d141 @A: 27 35 29 28 | 08
#1125-d141 @A: 35 09 32 08 | 09
#1126-d141 @A: 20 03 35 17 | 07
#1127-d141 @A: 25 35 32 03 | 02
#1128-d141 @A: 20 33 24 11 | 06
#1129-d141 @A: 24 31 33 15 | 10
#1130-d141 @A: 15 03 05 33 | 01
#1131-d141 @A: 09 12 20 33 | 11
#1132-d141 @A: 14 06 04 33 | 04
#1133-d141 @A: 04 27 33 15 | 12
#1134-d141 @A: 04 08 26 33 | 03
#1135-d141 @A: 33 30 02 11 | 05
#1136-d141 @A: 03 22 11 33 | 08
#1137-d141 @A: 03 30 29 33 | 09
#1138-d141 @A: 31 33 34 01 | 07
#1139-d141 @A: 14 16 18 33 | 02
#1140-d141 @A: 33 25 14 28 | 06
#1141-d141 @A: 33 02 18 15 | 10
#1142-d141 @A: 25 02 33 27 | 01
#1143-d141 @A: 27 09 33 23 | 11
#1144-d141 @A: 10 24 01 19 | 04
#1145-d141 @A: 29 05 17 24 | 12
#1146-d141 @A: 31 08 05 24 | 03
#1147-d141 @A: 26 24 12 11 | 05
#1148-d141 @A: 01 24 03 04 | 08
#1149-d141 @A: 13 04 24 31 | 09
#1150-d141 @A: 06 14 11 24 | 07
#1151-d141 @A: 06 29 07 24 | 02
#1152-d141 @A: 03 07 28 24 | 06
#1153-d141 @A: 24 09 29 26 | 10
#1154-d141 @A: 08 25 18 24 | 01
#1155-d141 @A: 05 08 10 07 | 11
#1156-d141 @A: 04 31 22 10 | 04
#1157-d141 @A: 07 10 30 14 | 12
#1158-d141 @A: 10 30 16 03 | 03
#1159-d141 @A: 01 09 34 10 | 05
#1160-d141 @A: 10 16 07 09 | 08
#1161-d141 @A: 02 28 10 22 | 09
#1162-d141 @A: 22 10 26 20 | 07
#1163-d141 @A: 03 06 10 18 | 02
#1164-d141 @A: 09 10 17 20 | 06
#1165-d141 @A: 10 34 23 27 | 10
#1166-d141 @A: 23 13 31 10 | 01
#1167-d141 @A: 06 05 12 01 | 11
#1168-d141 @A: 25 14 12 05 | 04
#1169-d141 @A: 17 12 15 05 | 12
#1170-d141 @A: 04 05 29 25 | 03
#1171-d141 @A: 05 34 18 25 | 05
#1172-d141 @A: 05 02 06 13 | 08
#1173-d141 @A: 04 01 17 12 | 09
#1174-d141 @A: 04 12 19 34 | 07
#1175-d141 @A: 12 29 31 11 | 02
#1176-d141 @A: 12 30 29 07 | 06
#1177-d141 @A: 31 30 12 18 | 10
#1178-d141 @A: 13 12 07 28 | 01
#1179-d141 @A: 06 12 28 14 | 11
#1180-d141 @A: 28 20 16 12 | 04
#1181-d141 @A: 13 08 12 34 | 12
#1182-d141 @A: 02 12 20 23 | 03
#1183-d141 @A: 11 04 28 03 | 05
#1184-d141 @A: 04 07 16 18 | 08
#1185-d141 @A: 21 19 04 22 | 09
#1186-d141 @A: 22 28 34 04 | 07
#1187-d141 @A: 28 31 14 04 | 02
#1188-d141 @A: 29 04 31 16 | 06
#1189-d141 @A: 20 19 04 29 | 10
#1190-d141 @A: 04 09 13 19 | 01
#1191-d141 @A: 04 32 29 23 | 11
#1192-d141 @A: 02 13 04 08 | 04
#1193-d141 @A: 27 32 04 34 | 12
#1194-d141 @A: 11 18 30 32 | 03
#1195-d141 @A: 01 11 21 22 | 05
#1196-d141 @A: 01 18 28 11 | 08
#1197-d141 @A: 11 29 08 07 | 09
#1198-d141 @A: 34 29 14 11 | 07
#1199-d141 @A: 16 11 13 29 | 02
#1200-d141 @A: 28 16 11 31 | 06
#1201-d141 @A: 19 11 15 08 | 10
#1202-d141 @A: 08 03 11 09 | 01
#1203-d141 @A: 11 03 25 17 | 11
#1204-d141 @A: 30 16 01 07 | 04
#1205-d141 @A: 30 28 01 20 | 12
#1206-d141 @A: 18 15 30 01 | 03
#1207-d141 @A: 09 22 30 14 | 05
#1208-d141 @A: 30 09 19 15 | 08
#1209-d141 @A: 29 08 30 28 | 09
#1210-d141 @A: 30 29 21 15 | 07
#1211-d141 @A: 08 25 32 30 | 02
#1212-d141 @A: 34 18 30 23 | 06
#1213-d141 @A: 30 09 06 34 | 10
#1214-d141 @A: 23 06 17 30 | 01
#1215-d141 @A: 30 26 32 20 | 11
#1216-d141 @A: 21 17 09 30 | 04
#1217-d141 @A: 27 31 34 30 | 12
#1218-d141 @A: 13 03 30 34 | 03
#1219-d141 @A: 13 07 22 01 | 05
#1220-d141 @A: 18 20 14 01 | 08
#1221-d141 @A: 25 01 27 15 | 09
#1222-d141 @A: 08 18 01 06 | 07
#1223-d141 @A: 31 08 02 01 | 02
#1224-d141 @A: 26 03 32 01 | 06
#1225-d141 @A: 01 27 23 21 | 10
#1226-d141 @A: 26 13 23 01 | 01
#1227-d141 @A: 16 20 19 07 | 11
#1228-d141 @A: 07 02 29 16 | 04
#1229-d141 @A: 29 07 32 19 | 12
#1230-d141 @A: 09 28 07 19 | 03
#1231-d141 @A: 34 07 31 20 | 05
#1232-d141 @A: 21 34 07 03 | 08
#1233-d141 @A: 31 21 23 07 | 09
#1234-d141 @A: 14 21 29 22 | 07
#1235-d141 @A: 15 22 13 14 | 02
#1236-d141 @A: 16 28 22 21 | 06
#1237-d141 @A: 16 25 22 15 | 10
#1238-d141 @A: 15 20 22 29 | 01
#1239-d141 @A: 06 32 18 22 | 11
#1240-d141 @A: 22 27 09 18 | 04
#1241-d141 @A: 18 22 34 03 | 12
#1242-d141 @A: 31 06 02 22 | 03
#1243-d141 @A: 13 14 16 25 | 05
#1244-d141 @A: 02 16 26 19 | 08
#1245-d141 @A: 16 28 09 17 | 09
#1246-d141 @A: 16 31 02 34 | 07
#1247-d141 @A: 34 23 17 16 | 02
#1248-d141 @A: 19 15 20 31 | 06
#1249-d141 @A: 32 18 19 27 | 10
#1250-d141 @A: 19 02 20 25 | 01
#1251-d141 @A: 08 06 17 29 | 11
#1252-d141 @A: 20 06 29 21 | 04
#1253-d141 @A: 21 09 31 29 | 12
#1254-d141 @A: 23 28 18 15 | 03
#1255-d141 @A: 20 02 08 28 | 05
#1256-d141 @A: 03 31 28 32 | 08
#1257-d141 @A: 23 28 34 26 | 09
#1258-d141 @A: 34 08 15 26 | 07
#1259-d141 @A: 03 34 15 32 | 02
#1260-d141 @A: 09 21 15 25 | 06
#1261-d141 @A: 15 13 02 17 | 10
#1262-d141 @A: 09 34 20 26 | 01
#1263-d141 @A: 33 08 29 35 | 11
#1264-d141 @A: 01 32 35 24 | 04
#1265-d141 @A: 15 09 24 35 | 12
#1266-d141 @A: 23 35 27 24 | 03
#1267-d141 @A: 05 02 12 35 | 05
#1268-d141 @A: 05 27 21 35 | 08
#1269-d141 @A: 02 35 19 06 | 09
#1270-d141 @A: 08 28 35 13 | 07
#1271-d141 @A: 18 35 06 25 | 02
#1272-d141 @A: 25 24 22 33 | 06
#1273-d141 @A: 26 25 24 33 | 10
#1274-d141 @A: 10 23 16 33 | 01
#1275-d141 @A: 33 23 05 12 | 11
#1276-d141 @A: 34 07 12 33 | 04
#1277-d141 @A: 12 33 18 29 | 12
#1278-d141 @A: 01 08 04 33 | 03
#1279-d141 @A: 33 29 04 07 | 05
#1280-d141 @A: 30 33 25 34 | 08
#1281-d141 @A: 01 17 15 33 | 09
#1282-d141 @A: 01 26 17 33 | 07
#1283-d141 @A: 16 33 27 34 | 02
#1284-d141 @A: 32 28 33 29 | 06
#1285-d141 @A: 25 32 18 33 | 10
#1286-d141 @A: 17 34 33 20 | 01
#1287-d141 @A: 13 33 23 21 | 11
#1288-d141 @A: 24 10 21 34 | 04
#1289-d141 @A: 07 24 05 13 | 12
#1290-d141 @A: 20 05 15 24 | 03
#1291-d141 @A: 21 24 12 01 | 05
#1292-d141 @A: 24 11 22 29 | 08
#1293-d141 @A: 13 23 11 24 | 09
#1294-d141 @A: 30 28 32 24 | 07
#1295-d141 @A: 24 27 15 07 | 02
#1296-d141 @A: 24 14 29 27 | 06
#1297-d141 @A: 03 32 16 24 | 10
#1298-d141 @A: 24 15 29 18 | 01
#1299-d141 @A: 15 06 25 24 | 11
#1300-d141 @A: 02 21 06 24 | 04
#1301-d141 @A: 31 27 24 06 | 12
#1302-d141 @A: 24 03 17 23 | 03
#1303-d141 @A: 05 25 10 30 | 05
#1304-d141 @A: 22 09 10 05 | 08
#1305-d141 @A: 10 04 20 12 | 09
#1306-d141 @A: 12 10 27 28 | 07
#1307-d141 @A: 12 15 10 23 | 02
#1308-d141 @A: 30 10 08 01 | 06
#1309-d141 @A: 10 07 18 28 | 10
#1310-d141 @A: 22 19 10 13 | 01
#1311-d141 @A: 25 08 10 19 | 11
#1312-d141 @A: 03 19 10 09 | 04
#1313-d141 @A: 26 31 34 10 | 12
#1314-d141 @A: 12 34 05 27 | 03
#1315-d141 @A: 15 04 08 05 | 05
#1316-d141 @A: 20 05 11 30 | 08
#1317-d141 @A: 06 23 11 05 | 09
#1318-d141 @A: 11 20 05 26 | 07
#1319-d141 @A: 20 01 29 05 | 02
#1320-d141 @A: 27 26 18 05 | 06
#1321-d141 @A: 06 31 20 05 | 10
#1322-d141 @A: 27 05 20 13 | 01
#1323-d141 @A: 20 25 05 09 | 11
#1324-d141 @A: 04 12 09 23 | 04
#1325-d141 @A: 11 32 15 12 | 12
#1326-d141 @A: 12 01 25 30 | 03
#1327-d141 @A: 31 30 12 26 | 05
#1328-d141 @A: 22 12 13 16 | 08
#1329-d141 @A: 32 22 12 31 | 09
#1330-d141 @A: 20 12 14 34 | 07
#1331-d141 @A: 19 12 16 03 | 02
#1332-d141 @A: 15 19 25 12 | 06
#1333-d141 @A: 29 15 28 12 | 10
#1334-d141 @A: 12 26 08 03 | 01
#1335-d141 @A: 12 25 23 26 | 11
#1336-d141 @A: 22 04 11 09 | 04
#1337-d141 @A: 27 11 29 04 | 12
#1338-d141 @A: 32 04 01 19 | 03
#1339-d141 @A: 14 15 04 23 | 05
#1340-d141 @A: 23 16 20 04 | 08
#1341-d141 @A: 13 04 16 26 | 09
#1342-d141 @A: 19 15 04 03 | 07
#1343-d141 @A: 34 15 04 29 | 02
#1344-d141 @A: 18 09 04 06 | 06
#1345-d141 @A: 20 02 31 04 | 10
#1346-d141 @A: 21 04 13 03 | 01
#1347-d141 @A: 21 25 04 17 | 11
#1348-d141 @A: 13 34 23 04 | 04
#1349-d141 @A: 11 16 22 06 | 12
#1350-d141 @A: 11 26 17 16 | 03
#1351-d141 @A: 32 11 19 21 | 05
#1352-d141 @A: 11 28 20 29 | 08
#1353-d141 @A: 17 15 11 26 | 09
#1354-d141 @A: 18 27 11 08 | 07
#1355-d141 @A: 21 34 11 09 | 02
#1356-d141 @A: 23 27 11 03 | 06
#1357-d141 @A: 07 30 27 28 | 10
#1358-d141 @A: 29 22 30 26 | 01
#1359-d141 @A: 16 30 21 19 | 11
#1360-d141 @A: 19 28 18 30 | 04
#1361-d141 @A: 27 30 29 02 | 12
#1362-d141 @A: 31 06 08 30 | 03
#1363-d141 @A: 09 27 30 08 | 05
#1364-d141 @A: 07 28 01 31 | 08
#1365-d141 @A: 01 18 17 07 | 09
#1366-d141 @A: 29 23 28 01 | 07
#1367-d141 @A: 08 01 03 32 | 02
#1368-d141 @A: 08 27 17 01 | 06
#1369-d141 @A: 01 27 02 18 | 10
#1370-d141 @A: 06 20 17 01 | 01
#1371-d141 @A: 21 06 01 26 | 11
#1372-d141 @A: 17 01 02 21 | 04
#1373-d141 @A: 31 07 22 19 | 12
#1374-d141 @A: 07 08 15 16 | 03
#1375-d141 @A: 20 13 18 07 | 05
#1376-d141 @A: 20 07 27 23 | 08
#1377-d141 @A: 23 13 07 02 | 09
#1378-d141 @A: 07 09 26 03 | 07
#1379-d141 @A: 21 13 18 22 | 02
#1380-d141 @A: 13 26 22 09 | 06
#1381-d141 @A: 14 28 34 16 | 10
#1382-d141 @A: 15 03 14 16 | 01
#1383-d141 @A: 26 19 18 14 | 11
#1384-d141 @A: 34 19 14 25 | 04
#1385-d141 @A: 15 29 25 14 | 12
#1386-d141 @A: 25 20 32 14 | 03
#1387-d141 @A: 17 34 13 14 | 05
#1388-d141 @A: 16 32 29 15 | 08
#1389-d141 @A: 03 06 23 16 | 09
#1390-d141 @A: 09 21 26 16 | 07
#1391-d141 @A: 23 19 06 27 | 02
#1392-d141 @A: 19 32 03 02 | 06
#1393-d141 @A: 25 32 19 17 | 10
#1394-d141 @A: 03 19 34 27 | 01
#1395-d141 @A: 18 09 32 29 | 11
#1396-d141 @A: 29 02 18 13 | 04
#1397-d141 @A: 25 26 29 34 | 12
#1398-d141 @A: 28 08 26 18 | 03
#1399-d141 @A: 28 06 13 09 | 05
#1400-d141 @A: 03 20 28 25 | 08
#1401-d141 @A: 28 17 27 02 | 09
#1402-d141 @A: 28 27 03 13 | 07
#1403-d141 @A: 03 18 26 15 | 02
#1404-d141 @A: 31 25 13 15 | 06
#1405-d141 @A: 25 31 08 26 | 10
#1406-d141 @A: 26 34 18 17 | 01
#1407-d141 @A: 10 02 33 35 | 11
#1408-d141 @A: 03 35 33 01 | 04
#1409-d141 @A: 12 32 10 35 | 12
#1410-d141 @A: 35 09 10 29 | 03
#1411-d141 @A: 25 35 10 28 | 05
#1412-d141 @A: 05 35 14 26 | 08
#1413-d141 @A: 12 06 35 23 | 09
#1414-d141 @A: 34 04 35 01 | 07
#1415-d141 @A: 15 17 04 35 | 02
#1416-d141 @A: 11 35 09 19 | 06
#1417-d141 @A: 30 35 14 18 | 10
#1418-d141 @A: 29 13 07 35 | 01
#1419-d141 @A: 17 29 23 35 | 11
#1420-d141 @A: 25 35 34 17 | 04
#1421-d141 @A: 21 16 33 24 | 12
#1422-d141 @A: 11 33 10 29 | 03
#1423-d141 @A: 06 33 07 10 | 05
#1424-d141 @A: 27 33 07 14 | 08
#1425-d141 @A: 33 07 09 21 | 09
#1426-d141 @A: 33 08 14 22 | 07
#1427-d141 @A: 31 19 33 26 | 02
#1428-d141 @A: 29 27 33 20 | 06
#1429-d141 @A: 17 18 09 33 | 10
#1430-d141 @A: 34 33 02 21 | 01
#1431-d141 @A: 26 24 01 10 | 11
#1432-d141 @A: 11 32 24 05 | 04
#1433-d141 @A: 30 24 21 05 | 12
#1434-d141 @A: 06 24 19 05 | 03
#1435-d141 @A: 22 20 24 04 | 05
#1436-d141 @A: 04 23 24 28 | 08
#1437-d141 @A: 30 26 19 24 | 09
#1438-d141 @A: 24 20 07 01 | 07
#1439-d141 @A: 34 24 15 01 | 02
#1440-d141 @A: 22 24 07 02 | 06
#1441-d141 @A: 32 24 26 14 | 10
#1442-d141 @A: 03 24 14 13 | 01
#1443-d141 @A: 16 29 24 20 | 11
#1444-d141 @A: 16 13 28 24 | 04
#1445-d141 @A: 09 20 24 27 | 12
#1446-d141 @A: 02 32 24 17 | 03
#1447-d141 @A: 10 05 21 12 | 05
#1448-d141 @A: 10 03 05 28 | 08
#1449-d141 @A: 10 26 04 29 | 09
#1450-d141 @A: 11 26 07 10 | 07
#1451-d141 @A: 10 19 31 11 | 02
#1452-d141 @A: 29 30 06 10 | 06
#1453-d141 @A: 14 28 10 13 | 10
#1454-d141 @A: 20 10 28 31 | 01
#1455-d141 @A: 23 10 26 02 | 11
#1456-d141 @A: 27 17 31 10 | 04
#1457-d141 @A: 16 04 30 05 | 12
#1458-d141 @A: 34 05 15 30 | 03
#1459-d141 @A: 34 05 01 22 | 05
#1460-d141 @A: 16 01 26 05 | 08
#1461-d141 @A: 05 28 22 13 | 09
#1462-d141 @A: 16 19 05 32 | 07
#1463-d141 @A: 05 02 18 20 | 02
#1464-d141 @A: 27 32 31 05 | 06
#1465-d141 @A: 12 04 22 07 | 10
#1466-d141 @A: 30 11 12 06 | 01
#1467-d141 @A: 12 11 21 16 | 11
#1468-d141 @A: 12 01 14 13 | 04
#1469-d141 @A: 01 12 09 15 | 12
#1470-d141 @A: 12 28 25 22 | 03
#1471-d141 @A: 19 12 23 28 | 05
#1472-d141 @A: 18 27 12 20 | 08
#1473-d141 @A: 18 13 23 12 | 09
#1474-d141 @A: 27 06 03 12 | 07
#1475-d141 @A: 34 31 06 12 | 02
#1476-d141 @A: 14 04 08 16 | 06
#1477-d141 @A: 04 09 17 08 | 10
#1478-d141 @A: 04 25 27 18 | 01
#1479-d141 @A: 13 17 04 18 | 11
#1480-d141 @A: 26 06 04 03 | 04
#1481-d141 @A: 31 04 27 21 | 12
#1482-d141 @A: 23 04 27 17 | 03
#1483-d141 @A: 25 34 09 04 | 05
#1484-d141 @A: 11 22 30 27 | 08
#1485-d141 @A: 20 01 11 02 | 09
#1486-d141 @A: 07 14 11 13 | 07
#1487-d141 @A: 23 07 11 16 | 02
#1488-d141 @A: 11 26 03 19 | 06
#1489-d141 @A: 29 23 15 11 | 10
#1490-d141 @A: 18 17 29 11 | 01
#1491-d141 @A: 09 18 23 11 | 11
#1492-d141 @A: 23 17 02 11 | 04
#1493-d141 @A: 26 01 34 30 | 12
#1494-d141 @A: 22 17 30 28 | 03
#1495-d141 @A: 32 30 22 15 | 05
#1496-d141 @A: 19 29 31 30 | 08
#1497-d141 @A: 25 15 30 26 | 09
#1498-d141 @A: 30 23 21 08 | 07
#1499-d141 @A: 18 30 03 02 | 02
#1500-d141 @A: 02 06 30 25 | 06
#1501-d141 @A: 25 03 30 27 | 10
#1502-d141 @A: 26 28 07 01 | 01
#1503-d141 @A: 15 01 07 03 | 11
#1504-d141 @A: 19 01 25 16 | 04
#1505-d141 @A: 01 13 25 08 | 12
#1506-d141 @A: 32 21 13 01 | 03
#1507-d141 @A: 32 01 23 02 | 05
#1508-d141 @A: 31 26 07 22 | 08
#1509-d141 @A: 14 20 15 07 | 09
#1510-d141 @A: 03 25 14 07 | 07
#1511-d141 @A: 17 07 29 15 | 02
#1512-d141 @A: 18 07 29 27 | 06
#1513-d141 @A: 22 25 14 26 | 10
#1514-d141 @A: 08 03 22 21 | 01
#1515-d141 @A: 20 22 34 27 | 11
#1516-d141 @A: 27 03 22 02 | 04
#1517-d141 @A: 16 29 06 14 | 12
#1518-d141 @A: 09 15 14 17 | 03
#1519-d141 @A: 17 14 18 25 | 05
#1520-d141 @A: 27 14 31 25 | 08
#1521-d141 @A: 03 23 09 14 | 09
#1522-d141 @A: 08 16 29 19 | 07
#1523-d141 @A: 16 19 23 02 | 02
#1524-d141 @A: 06 16 34 32 | 06
#1525-d141 @A: 25 32 31 16 | 10
#1526-d141 @A: 16 17 21 13 | 01
#1527-d141 @A: 16 09 13 34 | 11
#1528-d141 @A: 28 06 19 29 | 04
#1529-d141 @A: 15 19 29 02 | 12
#1530-d141 @A: 19 13 25 18 | 03
#1531-d141 @A: 19 31 06 25 | 05
#1532-d141 @A: 19 20 03 21 | 08
#1533-d141 @A: 23 31 19 34 | 09
#1534-d141 @A: 29 20 08 09 | 07
#1535-d141 @A: 06 34 18 29 | 02
#1536-d141 @A: 03 20 34 29 | 06
#1537-d141 @A: 20 29 26 31 | 10
#1538-d141 @A: 32 25 29 21 | 01
#1539-d141 @A: 28 34 18 20 | 11
#1540-d141 @A: 02 08 25 15 | 04
#1541-d141 @A: 27 34 06 15 | 12
#1542-d141 @A: 20 25 15 34 | 03
#1543-d141 @A: 32 13 15 27 | 05
#1544-d141 @A: 17 15 25 23 | 08
#1545-d141 @A: 17 26 03 25 | 09
#1546-d141 @A: 30 33 35 12 | 07
#1547-d141 @A: 35 33 11 27 | 02
#1548-d141 @A: 25 35 33 15 | 06
#1549-d141 @A: 35 14 24 07 | 10
#1550-d141 @A: 10 35 03 04 | 01
#1551-d141 @A: 10 35 06 11 | 11
#1552-d141 @A: 18 07 05 35 | 04
#1553-d141 @A: 35 32 05 29 | 12
#1554-d141 @A: 22 35 08 12 | 03
#1555-d141 @A: 35 08 07 04 | 05
#1556-d141 @A: 32 04 31 35 | 08
#1557-d141 @A: 01 11 08 35 | 09
#1558-d141 @A: 16 30 06 35 | 07
#1559-d141 @A: 14 35 06 01 | 02
#1560-d141 @A: 01 23 20 35 | 06
#1561-d141 @A: 03 35 07 16 | 10
#1562-d141 @A: 35 16 22 09 | 01
#1563-d141 @A: 35 22 19 17 | 11
#1564-d141 @A: 28 35 14 21 | 04
#1565-d141 @A: 26 29 23 35 | 12
#1566-d141 @A: 35 15 18 08 | 03
#1567-d141 @A: 09 35 21 18 | 05
#1568-d141 @A: 13 06 17 35 | 08
#1569-d141 @A: 08 10 33 24 | 09
#1570-d141 @A: 05 10 33 31 | 07
#1571-d141 @A: 21 04 33 05 | 02
#1572-d141 @A: 02 01 33 05 | 06
#1573-d141 @A: 33 31 12 25 | 10
#1574-d141 @A: 04 22 33 30 | 01
#1575-d141 @A: 33 16 04 17 | 11
#1576-d141 @A: 20 04 28 33 | 04
#1577-d141 @A: 33 25 13 04 | 12
#1578-d141 @A: 31 30 33 16 | 03
#1579-d141 @A: 17 32 33 08 | 05
#1580-d141 @A: 18 33 31 27 | 08
#1581-d141 @A: 13 33 18 34 | 09
#1582-d141 @A: 16 05 24 10 | 07
#1583-d141 @A: 22 24 03 10 | 02
#1584-d141 @A: 05 24 09 12 | 06
#1585-d141 @A: 05 24 01 14 | 10
#1586-d141 @A: 22 34 24 30 | 01
#1587-d141 @A: 30 16 24 09 | 11
#1588-d141 @A: 25 24 29 30 | 04
#1589-d141 @A: 25 24 19 07 | 12
#1590-d141 @A: 15 24 14 02 | 03
#1591-d141 @A: 31 03 29 24 | 05
#1592-d141 @A: 15 24 26 28 | 08
#1593-d141 @A: 23 24 18 06 | 09
#1594-d141 @A: 27 25 32 24 | 07
#1595-d141 @A: 24 09 31 17 | 02
#1596-d141 @A: 10 31 01 12 | 06
#1597-d141 @A: 04 10 16 32 | 10
#1598-d141 @A: 28 34 30 10 | 01
#1599-d141 @A: 01 02 10 07 | 11
#1600-d141 @A: 07 27 10 22 | 04
#1601-d141 @A: 10 14 06 22 | 12
#1602-d141 @A: 10 14 31 29 | 03
#1603-d141 @A: 19 10 21 28 | 05
#1604-d141 @A: 09 10 32 25 | 08
#1605-d141 @A: 03 13 10 25 | 09
#1606-d141 @A: 05 16 12 31 | 07
#1607-d141 @A: 22 18 11 05 | 02
#1608-d141 @A: 14 03 05 30 | 06
#1609-d141 @A: 21 07 05 28 | 10
#1610-d141 @A: 34 06 14 05 | 01
#1611-d141 @A: 03 05 19 18 | 11
#1612-d141 @A: 09 15 32 05 | 04
#1613-d141 @A: 32 26 05 15 | 12
#1614-d141 @A: 08 06 09 05 | 03
#1615-d141 @A: 05 02 09 21 | 05
#1616-d141 @A: 12 04 08 27 | 08
#1617-d141 @A: 11 22 12 34 | 09
#1618-d141 @A: 08 12 11 28 | 07
#1619-d141 @A: 15 20 30 12 | 02
#1620-d141 @A: 12 01 16 27 | 06
#1621-d141 @A: 06 07 16 12 | 10
#1622-d141 @A: 26 16 29 12 | 01
#1623-d141 @A: 06 12 29 32 | 11
#1624-d141 @A: 12 21 02 28 | 04
#1625-d141 @A: 08 12 02 06 | 12
#1626-d141 @A: 03 12 08 23 | 03
#1627-d141 @A: 12 31 20 03 | 05
#1628-d141 @A: 32 12 23 17 | 08
#1629-d141 @A: 12 17 13 27 | 09
#1630-d141 @A: 04 20 11 13 | 07
#1631-d141 @A: 17 32 04 30 | 02
#1632-d141 @A: 29 04 01 06 | 06
#1633-d141 @A: 06 32 04 13 | 10
#1634-d141 @A: 32 04 09 21 | 01
#1635-d141 @A: 04 25 32 02 | 11
#1636-d141 @A: 04 09 26 17 | 04
#1637-d141 @A: 07 11 30 21 | 12
#1638-d141 @A: 11 30 29 09 | 03
#1639-d141 @A: 30 11 08 26 | 05
#1640-d141 @A: 11 03 18 14 | 08
#1641-d141 @A: 29 11 18 26 | 09
#1642-d141 @A: 20 23 34 11 | 07
#1643-d141 @A: 11 09 02 13 | 02
#1644-d141 @A: 02 31 26 11 | 06
#1645-d141 @A: 30 25 07 17 | 10
#1646-d141 @A: 22 25 19 30 | 01
#1647-d141 @A: 30 16 14 27 | 11
#1648-d141 @A: 02 15 30 16 | 04
#1649-d141 @A: 32 16 30 13 | 12
#1650-d141 @A: 03 30 13 26 | 03
#1651-d141 @A: 31 23 30 25 | 05
#1652-d141 @A: 28 27 01 14 | 08
#1653-d141 @A: 15 16 21 01 | 09
#1654-d141 @A: 34 13 27 01 | 07
#1655-d141 @A: 03 31 23 01 | 02
#1656-d141 @A: 26 01 09 25 | 06
#1657-d141 @A: 14 18 07 22 | 10
#1658-d141 @A: 22 07 16 17 | 01
#1659-d141 @A: 19 15 07 21 | 11
#1660-d141 @A: 02 18 07 21 | 04
#1661-d141 @A: 31 13 07 32 | 12
#1662-d141 @A: 22 14 20 28 | 03
#1663-d141 @A: 28 08 22 19 | 05
#1664-d141 @A: 22 13 23 08 | 08
#1665-d141 @A: 18 20 22 25 | 09
#1666-d141 @A: 22 03 17 06 | 07
#1667-d141 @A: 23 21 02 22 | 02
#1668-d141 @A: 17 08 14 02 | 06
#1669-d141 @A: 06 02 14 18 | 10
#1670-d141 @A: 27 16 23 29 | 01
#1671-d141 @A: 09 16 06 31 | 11
#1672-d141 @A: 18 31 02 19 | 04
#1673-d141 @A: 19 18 17 23 | 12
#1674-d141 @A: 26 17 20 19 | 03
#1675-d141 @A: 21 34 26 19 | 05
#1676-d141 @A: 25 23 03 19 | 08
#1677-d141 @A: 21 18 23 29 | 09
#1678-d141 @A: 29 23 20 31 | 07
#1679-d141 @A: 17 29 21 27 | 02
#1680-d141 @A: 13 29 31 17 | 06
#1681-d141 @A: 02 26 03 28 | 10
#1682-d141 @A: 15 08 34 17 | 01
#1683-d141 @A: 31 15 09 08 | 11
#1684-d141 @A: 15 13 26 20 | 04
#1685-d141 @A: 15 26 27 23 | 12
#1686-d141 @A: 08 27 26 06 | 03
#1687-d141 @A: 23 20 08 26 | 05
#1688-d141 @A: 34 26 20 06 | 08
#1689-d141 @A: 27 02 32 26 | 09
