#0001-d147 @A: 21 08 34 03 | 10
#0002-d147 @A: 25 34 16 03 | 01
#0003-d147 @A: 15 03 18 34 | 11
#0004-d147 @A: 08 34 32 33 | 06
#0005-d147 @A: 23 34 20 08 | 08
#0006-d147 @A: 35 12 08 34 | 12
#0007-d147 @A: 34 27 18 32 | 07
#0008-d147 @A: 34 32 24 06 | 05
#0009-d147 @A: 13 27 16 34 | 02
#0010-d147 @A: 34 15 27 19 | 09
#0011-d147 @A: 35 19 11 34 | 04
#0012-d147 @A: 06 28 34 07 | 03
#0013-d147 @A: 20 30 34 24 | 10
#0014-d147 @A: 12 20 34 11 | 01
#0015-d147 @A: 34 33 20 02 | 11
#0016-d147 @A: 08 09 07 03 | 06
#0017-d147 @A: 30 25 03 09 | 08
#0018-d147 @A: 09 27 02 03 | 12
#0019-d147 @A: 25 08 09 18 | 07
#0020-d147 @A: 12 16 09 21 | 05
#0021-d147 @A: 20 16 02 09 | 02
#0022-d147 @A: 09 23 21 35 | 09
#0023-d147 @A: 17 09 04 35 | 04
#0024-d147 @A: 06 17 09 28 | 03
#0025-d147 @A: 33 18 11 09 | 10
#0026-d147 @A: 28 09 31 07 | 01
#0027-d147 @A: 09 01 11 12 | 11
#0028-d147 @A: 09 24 33 01 | 06
#0029-d147 @A: 31 19 11 09 | 08
#0030-d147 @A: 21 03 27 22 | 12
#0031-d147 @A: 17 24 23 03 | 07
#0032-d147 @A: 29 20 03 23 | 05
#0033-d147 @A: 19 27 04 03 | 02
#0034-d147 @A: 03 05 06 17 | 09
#0035-d147 @A: 03 35 14 28 | 04
#0036-d147 @A: 35 03 10 24 | 03
#0037-d147 @A: 31 35 03 21 | 10
#0038-d147 @A: 03 20 28 07 | 01
#0039-d147 @A: 02 31 03 26 | 11
#0040-d147 @A: 03 31 11 33 | 06
#0041-d147 @A: 03 20 28 13 | 08
#0042-d147 @A: 16 01 08 22 | 12
#0043-d147 @A: 32 19 18 22 | 07
#0044-d147 @A: 25 16 23 22 | 05
#0045-d147 @A: 28 16 22 14 | 02
#0046-d147 @A: 22 02 17 07 | 09
#0047-d147 @A: 22 12 07 33 | 04
#0048-d147 @A: 22 12 21 11 | 03
#0049-d147 @A: 31 11 22 20 | 10
#0050-d147 @A: 08 32 10 07 | 01
#0051-d147 @A: 04 07 08 16 | 11
#0052-d147 @A: 08 14 16 30 | 06
#0053-d147 @A: 16 35 02 08 | 08
#0054-d147 @A: 16 08 31 11 | 12
#0055-d147 @A: 08 23 13 19 | 07
#0056-d147 @A: 05 15 28 08 | 05
#0057-d147 @A: 08 05 26 10 | 02
#0058-d147 @A: 27 08 19 33 | 09
#0059-d147 @A: 08 17 24 14 | 04
#0060-d147 @A: 08 35 24 15 | 03
#0061-d147 @A: 08 28 13 10 | 10
#0062-d147 @A: 08 06 19 21 | 01
#0063-d147 @A: 16 24 32 11 | 11
#0064-d147 @A: 25 05 32 28 | 06
#0065-d147 @A: 27 25 06 32 | 08
#0066-d147 @A: 25 35 32 31 | 12
#0067-d147 @A: 32 04 30 18 | 07
#0068-d147 @A: 32 28 27 29 | 05
#0069-d147 @A: 17 15 21 32 | 02
#0070-d147 @A: 06 29 32 17 | 09
#0071-d147 @A: 13 26 29 32 | 04
#0072-d147 @A: 32 28 30 07 | 03
#0073-d147 @A: 32 07 20 11 | 10
#0074-d147 @A: 21 32 01 28 | 01
#0075-d147 @A: 31 33 28 32 | 11
#0076-d147 @A: 25 16 02 05 | 06
#0077-d147 @A: 25 16 27 24 | 08
#0078-d147 @A: 20 10 04 16 | 12
#0079-d147 @A: 33 35 16 27 | 07
#0080-d147 @A: 13 10 16 02 | 05
#0081-d147 @A: 13 30 26 16 | 02
#0082-d147 @A: 24 26 16 12 | 09
#0083-d147 @A: 21 04 25 23 | 04
#0084-d147 @A: 25 35 23 24 | 03
#0085-d147 @A: 29 23 25 19 | 10
#0086-d147 @A: 14 35 25 06 | 01
#0087-d147 @A: 10 25 31 17 | 11
#0088-d147 @A: 25 17 13 19 | 06
#0089-d147 @A: 01 25 24 30 | 08
#0090-d147 @A: 30 12 25 28 | 12
#0091-d147 @A: 20 06 02 25 | 07
#0092-d147 @A: 01 12 05 23 | 05
#0093-d147 @A: 14 12 23 35 | 02
#0094-d147 @A: 01 07 23 13 | 09
#0095-d147 @A: 02 01 23 33 | 04
#0096-d147 @A: 19 11 23 01 | 03
#0097-d147 @A: 02 23 28 21 | 10
#0098-d147 @A: 27 05 20 04 | 01
#0099-d147 @A: 27 18 29 04 | 11
#0100-d147 @A: 35 14 18 04 | 06
#0101-d147 @A: 17 06 04 21 | 08
#0102-d147 @A: 11 07 02 04 | 12
#0103-d147 @A: 19 04 01 30 | 07
#0104-d147 @A: 04 01 13 26 | 05
#0105-d147 @A: 21 31 04 11 | 02
#0106-d147 @A: 02 19 24 04 | 09
#0107-d147 @A: 07 05 14 27 | 04
#0108-d147 @A: 27 13 31 05 | 03
#0109-d147 @A: 31 05 14 17 | 10
#0110-d147 @A: 10 05 14 18 | 01
#0111-d147 @A: 07 05 24 31 | 11
#0112-d147 @A: 05 20 01 21 | 06
#0113-d147 @A: 15 27 28 17 | 08
#0114-d147 @A: 02 17 29 27 | 12
#0115-d147 @A: 27 01 15 29 | 07
#0116-d147 @A: 10 13 01 27 | 05
#0117-d147 @A: 27 21 01 19 | 02
#0118-d147 @A: 24 19 14 29 | 09
#0119-d147 @A: 30 18 20 14 | 04
#0120-d147 @A: 30 01 28 14 | 03
#0121-d147 @A: 14 31 28 02 | 10
#0122-d147 @A: 10 07 17 35 | 01
#0123-d147 @A: 29 17 19 01 | 11
#0124-d147 @A: 19 17 33 07 | 06
#0125-d147 @A: 06 19 17 11 | 08
#0126-d147 @A: 18 30 07 15 | 12
#0127-d147 @A: 28 11 15 01 | 07
#0128-d147 @A: 21 15 30 26 | 05
#0129-d147 @A: 02 15 28 24 | 02
#0130-d147 @A: 30 18 24 35 | 09
#0131-d147 @A: 20 35 11 21 | 04
#0132-d147 @A: 01 31 10 26 | 03
#0133-d147 @A: 21 30 10 02 | 10
#0134-d147 @A: 10 24 06 31 | 01
#0135-d147 @A: 07 24 29 06 | 11
#0136-d147 @A: 01 29 33 12 | 06
#0137-d147 @A: 29 21 28 19 | 08
#0138-d147 @A: 29 19 02 11 | 12
#0139-d147 @A: 30 13 01 06 | 07
#0140-d147 @A: 23 19 34 03 | 05
#0141-d147 @A: 31 22 23 34 | 02
#0142-d147 @A: 08 27 34 02 | 09
#0143-d147 @A: 32 35 16 34 | 04
#0144-d147 @A: 25 32 34 02 | 03
#0145-d147 @A: 14 16 34 20 | 10
#0146-d147 @A: 34 16 19 29 | 01
#0147-d147 @A: 25 12 34 14 | 11
#0148-d147 @A: 06 10 25 34 | 06
#0149-d147 @A: 26 25 34 19 | 08
#0150-d147 @A: 02 24 34 23 | 12
#0151-d147 @A: 34 01 04 14 | 07
#0152-d147 @A: 30 11 04 34 | 05
#0153-d147 @A: 17 34 21 05 | 02
#0154-d147 @A: 12 30 06 34 | 09
#0155-d147 @A: 15 09 33 03 | 04
#0156-d147 @A: 09 16 22 06 | 03
#0157-d147 @A: 28 21 22 09 | 10
#0158-d147 @A: 01 08 17 09 | 01
#0159-d147 @A: 09 21 29 08 | 11
#0160-d147 @A: 35 09 16 05 | 06
#0161-d147 @A: 09 14 19 25 | 08
#0162-d147 @A: 15 09 25 07 | 12
#0163-d147 @A: 09 15 06 27 | 07
#0164-d147 @A: 15 09 10 20 | 05
#0165-d147 @A: 21 09 26 07 | 02
#0166-d147 @A: 28 03 25 22 | 09
#0167-d147 @A: 04 03 22 15 | 04
#0168-d147 @A: 27 14 32 03 | 03
#0169-d147 @A: 14 03 02 16 | 10
#0170-d147 @A: 16 03 33 17 | 01
#0171-d147 @A: 12 03 16 29 | 11
#0172-d147 @A: 17 03 25 15 | 06
#0173-d147 @A: 03 33 18 25 | 08
#0174-d147 @A: 33 04 23 03 | 12
#0175-d147 @A: 21 03 10 05 | 07
#0176-d147 @A: 05 29 03 28 | 05
#0177-d147 @A: 06 18 03 14 | 02
#0178-d147 @A: 12 03 14 13 | 09
#0179-d147 @A: 35 03 30 17 | 04
#0180-d147 @A: 17 03 29 11 | 03
#0181-d147 @A: 03 02 29 01 | 10
#0182-d147 @A: 01 21 03 18 | 01
#0183-d147 @A: 20 03 24 02 | 11
#0184-d147 @A: 22 14 08 12 | 06
#0185-d147 @A: 14 22 05 23 | 08
#0186-d147 @A: 04 17 22 30 | 12
#0187-d147 @A: 27 15 22 20 | 07
#0188-d147 @A: 18 22 13 14 | 05
#0189-d147 @A: 29 17 31 22 | 02
#0190-d147 @A: 18 15 22 02 | 09
#0191-d147 @A: 21 24 15 22 | 04
#0192-d147 @A: 33 18 28 22 | 03
#0193-d147 @A: 33 22 24 31 | 10
#0194-d147 @A: 12 08 32 23 | 01
#0195-d147 @A: 08 32 15 27 | 11
#0196-d147 @A: 13 27 08 32 | 06
#0197-d147 @A: 23 16 08 17 | 08
#0198-d147 @A: 08 16 24 05 | 12
#0199-d147 @A: 24 10 25 08 | 07
#0200-d147 @A: 19 23 15 08 | 05
#0201-d147 @A: 19 08 04 17 | 02
#0202-d147 @A: 21 07 08 15 | 09
#0203-d147 @A: 02 07 06 08 | 04
#0204-d147 @A: 08 13 21 11 | 03
#0205-d147 @A: 32 18 28 16 | 10
#0206-d147 @A: 31 07 23 32 | 01
#0207-d147 @A: 04 07 13 32 | 11
#0208-d147 @A: 01 05 32 17 | 06
#0209-d147 @A: 20 05 10 32 | 08
#0210-d147 @A: 06 14 30 32 | 12
#0211-d147 @A: 35 30 32 02 | 07
#0212-d147 @A: 32 10 26 33 | 05
#0213-d147 @A: 11 18 32 21 | 02
#0214-d147 @A: 30 32 26 12 | 09
#0215-d147 @A: 19 31 26 32 | 04
#0216-d147 @A: 25 15 16 19 | 03
#0217-d147 @A: 18 16 25 12 | 10
#0218-d147 @A: 10 23 16 01 | 01
#0219-d147 @A: 16 27 02 04 | 11
#0220-d147 @A: 16 17 04 24 | 06
#0221-d147 @A: 01 04 35 16 | 08
#0222-d147 @A: 05 16 06 33 | 12
#0223-d147 @A: 16 01 27 18 | 07
#0224-d147 @A: 02 15 10 16 | 05
#0225-d147 @A: 16 21 18 06 | 02
#0226-d147 @A: 16 20 01 12 | 09
#0227-d147 @A: 31 26 16 28 | 04
#0228-d147 @A: 20 23 25 10 | 03
#0229-d147 @A: 25 11 27 15 | 10
#0230-d147 @A: 17 21 25 30 | 01
#0231-d147 @A: 31 25 26 33 | 11
#0232-d147 @A: 33 11 25 19 | 06
#0233-d147 @A: 04 27 31 23 | 08
#0234-d147 @A: 23 14 19 04 | 12
#0235-d147 @A: 23 31 05 29 | 07
#0236-d147 @A: 23 27 35 13 | 05
#0237-d147 @A: 12 29 23 27 | 02
#0238-d147 @A: 23 17 19 35 | 09
#0239-d147 @A: 23 02 10 17 | 04
#0240-d147 @A: 29 23 21 11 | 03
#0241-d147 @A: 30 19 23 18 | 10
#0242-d147 @A: 23 07 26 02 | 01
#0243-d147 @A: 30 23 13 12 | 11
#0244-d147 @A: 04 29 05 21 | 06
#0245-d147 @A: 18 05 04 24 | 08
#0246-d147 @A: 17 15 04 02 | 12
#0247-d147 @A: 04 35 29 31 | 07
#0248-d147 @A: 12 04 26 20 | 05
#0249-d147 @A: 27 02 05 18 | 02
#0250-d147 @A: 13 05 15 35 | 09
#0251-d147 @A: 07 05 18 06 | 04
#0252-d147 @A: 18 05 12 30 | 03
#0253-d147 @A: 11 21 05 07 | 10
#0254-d147 @A: 01 05 33 30 | 01
#0255-d147 @A: 31 28 21 05 | 11
#0256-d147 @A: 14 26 35 27 | 06
#0257-d147 @A: 33 02 27 14 | 08
#0258-d147 @A: 13 02 27 14 | 12
#0259-d147 @A: 27 13 18 20 | 07
#0260-d147 @A: 07 24 27 28 | 05
#0261-d147 @A: 27 02 26 28 | 02
#0262-d147 @A: 13 27 28 06 | 09
#0263-d147 @A: 14 30 10 13 | 04
#0264-d147 @A: 14 33 19 18 | 03
#0265-d147 @A: 07 06 14 31 | 10
#0266-d147 @A: 01 11 20 14 | 01
#0267-d147 @A: 14 19 11 13 | 11
#0268-d147 @A: 17 26 13 07 | 06
#0269-d147 @A: 17 12 31 02 | 08
#0270-d147 @A: 26 15 18 19 | 12
#0271-d147 @A: 01 31 15 02 | 07
#0272-d147 @A: 12 33 21 15 | 05
#0273-d147 @A: 21 07 35 18 | 02
#0274-d147 @A: 12 18 33 35 | 09
#0275-d147 @A: 19 10 21 07 | 04
#0276-d147 @A: 20 19 10 30 | 03
#0277-d147 @A: 28 12 11 10 | 10
#0278-d147 @A: 29 30 07 19 | 01
#0279-d147 @A: 23 09 32 34 | 11
#0280-d147 @A: 34 07 09 16 | 06
#0281-d147 @A: 26 30 09 34 | 08
#0282-d147 @A: 22 07 34 03 | 12
#0283-d147 @A: 22 34 29 26 | 07
#0284-d147 @A: 34 08 18 14 | 05
#0285-d147 @A: 34 10 08 01 | 02
#0286-d147 @A: 34 29 32 20 | 09
#0287-d147 @A: 04 34 06 16 | 04
#0288-d147 @A: 12 31 16 34 | 03
#0289-d147 @A: 23 14 34 07 | 10
#0290-d147 @A: 05 34 02 31 | 01
#0291-d147 @A: 07 34 26 24 | 11
#0292-d147 @A: 34 19 21 30 | 06
#0293-d147 @A: 05 12 09 08 | 08
#0294-d147 @A: 27 30 08 09 | 12
#0295-d147 @A: 16 33 32 09 | 07
#0296-d147 @A: 09 30 32 24 | 05
#0297-d147 @A: 32 28 12 09 | 02
#0298-d147 @A: 30 09 16 10 | 09
#0299-d147 @A: 16 09 28 29 | 04
#0300-d147 @A: 09 02 25 17 | 03
#0301-d147 @A: 14 23 26 09 | 10
#0302-d147 @A: 13 04 19 09 | 01
#0303-d147 @A: 17 05 09 20 | 11
#0304-d147 @A: 20 35 09 27 | 06
#0305-d147 @A: 17 07 14 09 | 08
#0306-d147 @A: 09 15 24 17 | 12
#0307-d147 @A: 10 35 09 12 | 07
#0308-d147 @A: 09 13 24 29 | 05
#0309-d147 @A: 26 09 01 19 | 02
#0310-d147 @A: 06 30 09 19 | 09
#0311-d147 @A: 08 22 03 17 | 04
#0312-d147 @A: 08 05 20 03 | 03
#0313-d147 @A: 15 08 01 03 | 10
#0314-d147 @A: 19 35 03 08 | 01
#0315-d147 @A: 10 08 03 02 | 11
#0316-d147 @A: 25 03 32 19 | 06
#0317-d147 @A: 24 25 03 05 | 08
#0318-d147 @A: 29 04 06 03 | 12
#0319-d147 @A: 27 03 29 26 | 07
#0320-d147 @A: 03 30 15 10 | 05
#0321-d147 @A: 35 13 03 24 | 02
#0322-d147 @A: 33 30 03 06 | 09
#0323-d147 @A: 21 03 33 02 | 04
#0324-d147 @A: 08 07 28 22 | 03
#0325-d147 @A: 27 31 22 16 | 10
#0326-d147 @A: 33 16 22 15 | 01
#0327-d147 @A: 20 07 22 25 | 11
#0328-d147 @A: 35 04 22 28 | 06
#0329-d147 @A: 29 04 22 01 | 08
#0330-d147 @A: 04 19 22 21 | 12
#0331-d147 @A: 35 22 27 18 | 07
#0332-d147 @A: 22 27 33 10 | 05
#0333-d147 @A: 13 22 02 17 | 02
#0334-d147 @A: 28 02 30 22 | 09
#0335-d147 @A: 19 24 22 30 | 04
#0336-d147 @A: 35 08 32 18 | 03
#0337-d147 @A: 33 25 16 08 | 10
#0338-d147 @A: 20 08 21 04 | 01
#0339-d147 @A: 05 14 19 08 | 11
#0340-d147 @A: 08 01 05 29 | 06
#0341-d147 @A: 20 27 10 08 | 08
#0342-d147 @A: 08 12 01 19 | 12
#0343-d147 @A: 29 32 05 33 | 07
#0344-d147 @A: 33 32 24 12 | 05
#0345-d147 @A: 05 07 17 16 | 02
#0346-d147 @A: 12 13 05 16 | 09
#0347-d147 @A: 16 28 20 27 | 04
#0348-d147 @A: 14 16 35 24 | 03
#0349-d147 @A: 29 17 20 16 | 10
#0350-d147 @A: 13 16 01 21 | 01
#0351-d147 @A: 16 06 12 28 | 11
#0352-d147 @A: 24 13 16 19 | 06
#0353-d147 @A: 25 28 04 15 | 08
#0354-d147 @A: 25 04 07 10 | 12
#0355-d147 @A: 29 25 20 04 | 07
#0356-d147 @A: 26 25 28 20 | 05
#0357-d147 @A: 25 13 20 26 | 02
#0358-d147 @A: 21 25 28 11 | 09
#0359-d147 @A: 01 04 23 15 | 04
#0360-d147 @A: 23 10 04 30 | 03
#0361-d147 @A: 30 27 23 33 | 10
#0362-d147 @A: 14 28 23 17 | 01
#0363-d147 @A: 23 29 14 01 | 11
#0364-d147 @A: 23 20 31 14 | 06
#0365-d147 @A: 07 15 10 23 | 08
#0366-d147 @A: 29 24 23 15 | 12
#0367-d147 @A: 23 07 19 28 | 07
#0368-d147 @A: 23 06 01 24 | 05
#0369-d147 @A: 12 24 23 21 | 02
#0370-d147 @A: 10 13 04 05 | 09
#0371-d147 @A: 11 04 18 17 | 04
#0372-d147 @A: 13 14 05 33 | 03
#0373-d147 @A: 28 05 07 35 | 10
#0374-d147 @A: 13 05 02 07 | 01
#0375-d147 @A: 24 11 05 12 | 11
#0376-d147 @A: 24 06 28 05 | 06
#0377-d147 @A: 27 11 14 17 | 08
#0378-d147 @A: 15 27 12 14 | 12
#0379-d147 @A: 35 27 31 10 | 07
#0380-d147 @A: 21 33 27 28 | 05
#0381-d147 @A: 14 02 06 15 | 02
#0382-d147 @A: 24 02 01 14 | 09
#0383-d147 @A: 12 02 14 30 | 04
#0384-d147 @A: 17 29 12 35 | 03
#0385-d147 @A: 17 24 33 18 | 10
#0386-d147 @A: 01 33 28 17 | 01
#0387-d147 @A: 31 17 01 24 | 11
#0388-d147 @A: 21 17 31 13 | 06
#0389-d147 @A: 11 02 24 17 | 08
#0390-d147 @A: 29 35 15 33 | 12
#0391-d147 @A: 20 18 15 28 | 07
#0392-d147 @A: 07 20 15 13 | 05
#0393-d147 @A: 11 15 01 13 | 02
#0394-d147 @A: 11 30 20 15 | 09
#0395-d147 @A: 02 15 12 19 | 04
#0396-d147 @A: 26 33 15 28 | 03
#0397-d147 @A: 35 06 20 10 | 10
#0398-d147 @A: 18 31 28 35 | 01
#0399-d147 @A: 07 06 35 01 | 11
#0400-d147 @A: 26 07 35 11 | 06
#0401-d147 @A: 01 35 13 33 | 08
#0402-d147 @A: 31 35 24 26 | 12
#0403-d147 @A: 19 02 10 18 | 07
#0404-d147 @A: 11 18 10 31 | 05
#0405-d147 @A: 07 06 10 30 | 02
#0406-d147 @A: 10 07 20 31 | 09
#0407-d147 @A: 12 33 10 20 | 04
#0408-d147 @A: 13 11 06 10 | 03
#0409-d147 @A: 29 33 18 02 | 10
#0410-d147 @A: 21 30 29 20 | 01
#0411-d147 @A: 11 33 28 29 | 11
#0412-d147 @A: 19 29 33 20 | 06
#0413-d147 @A: 11 20 29 24 | 08
#0414-d147 @A: 21 34 09 04 | 12
#0415-d147 @A: 09 15 11 34 | 07
#0416-d147 @A: 07 13 34 09 | 05
#0417-d147 @A: 34 05 14 03 | 02
#0418-d147 @A: 28 03 34 11 | 09
#0419-d147 @A: 13 21 34 22 | 04
#0420-d147 @A: 34 05 04 15 | 03
#0421-d147 @A: 28 34 27 04 | 10
#0422-d147 @A: 31 04 34 17 | 01
#0423-d147 @A: 13 34 04 30 | 11
#0424-d147 @A: 35 34 05 20 | 06
#0425-d147 @A: 14 11 34 02 | 08
#0426-d147 @A: 03 31 09 29 | 12
#0427-d147 @A: 14 08 20 09 | 07
#0428-d147 @A: 09 19 16 17 | 05
#0429-d147 @A: 27 13 25 09 | 02
#0430-d147 @A: 30 09 21 05 | 09
#0431-d147 @A: 17 30 09 13 | 04
#0432-d147 @A: 18 01 02 09 | 03
#0433-d147 @A: 20 18 21 09 | 10
#0434-d147 @A: 09 07 30 01 | 01
#0435-d147 @A: 06 09 12 13 | 11
#0436-d147 @A: 20 11 09 26 | 06
#0437-d147 @A: 19 33 09 21 | 08
#0438-d147 @A: 16 03 19 22 | 12
#0439-d147 @A: 03 04 13 22 | 07
#0440-d147 @A: 22 03 10 29 | 05
#0441-d147 @A: 32 01 03 16 | 02
#0442-d147 @A: 32 03 23 28 | 09
#0443-d147 @A: 03 16 28 15 | 04
#0444-d147 @A: 30 23 03 14 | 03
#0445-d147 @A: 13 18 03 05 | 10
#0446-d147 @A: 27 03 13 19 | 01
#0447-d147 @A: 21 14 20 03 | 11
#0448-d147 @A: 01 20 06 03 | 06
#0449-d147 @A: 03 20 26 30 | 08
#0450-d147 @A: 03 19 06 28 | 12
#0451-d147 @A: 11 06 03 02 | 07
#0452-d147 @A: 08 15 30 22 | 05
#0453-d147 @A: 32 30 16 22 | 02
#0454-d147 @A: 22 20 05 16 | 09
#0455-d147 @A: 17 12 16 22 | 04
#0456-d147 @A: 22 16 29 24 | 03
#0457-d147 @A: 22 05 12 25 | 10
#0458-d147 @A: 27 22 28 05 | 01
#0459-d147 @A: 19 22 27 29 | 11
#0460-d147 @A: 14 18 29 22 | 06
#0461-d147 @A: 22 14 06 21 | 08
#0462-d147 @A: 22 35 10 19 | 12
#0463-d147 @A: 18 21 22 30 | 07
#0464-d147 @A: 07 22 30 11 | 05
#0465-d147 @A: 01 22 20 26 | 02
#0466-d147 @A: 22 21 26 31 | 09
#0467-d147 @A: 22 06 13 31 | 04
#0468-d147 @A: 21 25 08 32 | 03
#0469-d147 @A: 01 32 04 08 | 10
#0470-d147 @A: 16 33 13 08 | 01
#0471-d147 @A: 21 23 14 08 | 11
#0472-d147 @A: 04 08 12 02 | 06
#0473-d147 @A: 08 27 05 21 | 08
#0474-d147 @A: 01 26 27 08 | 12
#0475-d147 @A: 14 08 11 10 | 07
#0476-d147 @A: 01 06 08 14 | 05
#0477-d147 @A: 06 08 26 17 | 02
#0478-d147 @A: 15 11 08 26 | 09
#0479-d147 @A: 21 08 35 01 | 04
#0480-d147 @A: 18 08 21 02 | 03
#0481-d147 @A: 11 08 12 07 | 10
#0482-d147 @A: 08 19 30 26 | 01
#0483-d147 @A: 23 32 13 16 | 11
#0484-d147 @A: 31 32 23 13 | 06
#0485-d147 @A: 32 10 04 06 | 08
#0486-d147 @A: 31 05 18 32 | 12
#0487-d147 @A: 32 05 07 02 | 07
#0488-d147 @A: 32 07 24 15 | 05
#0489-d147 @A: 26 32 21 29 | 02
#0490-d147 @A: 06 32 20 18 | 09
#0491-d147 @A: 32 20 31 24 | 04
#0492-d147 @A: 28 23 16 30 | 03
#0493-d147 @A: 16 05 19 30 | 10
#0494-d147 @A: 06 16 27 10 | 01
#0495-d147 @A: 18 14 17 16 | 11
#0496-d147 @A: 17 31 16 35 | 06
#0497-d147 @A: 28 10 16 17 | 08
#0498-d147 @A: 16 35 15 30 | 12
#0499-d147 @A: 35 16 10 26 | 07
#0500-d147 @A: 35 19 16 21 | 05
#0501-d147 @A: 12 16 07 30 | 02
#0502-d147 @A: 19 20 07 16 | 09
#0503-d147 @A: 28 16 11 19 | 04
#0504-d147 @A: 31 13 28 16 | 03
#0505-d147 @A: 24 16 06 02 | 10
#0506-d147 @A: 16 11 20 06 | 01
#0507-d147 @A: 23 25 26 05 | 11
#0508-d147 @A: 20 05 25 14 | 06
#0509-d147 @A: 25 05 07 29 | 08
#0510-d147 @A: 33 25 10 15 | 12
#0511-d147 @A: 15 25 20 01 | 07
#0512-d147 @A: 25 10 02 28 | 05
#0513-d147 @A: 23 05 04 17 | 02
#0514-d147 @A: 23 04 29 07 | 09
#0515-d147 @A: 24 23 14 27 | 04
#0516-d147 @A: 17 26 23 15 | 03
#0517-d147 @A: 26 01 23 28 | 10
#0518-d147 @A: 28 20 23 11 | 01
#0519-d147 @A: 30 27 15 04 | 11
#0520-d147 @A: 28 29 02 04 | 06
#0521-d147 @A: 05 01 26 14 | 08
#0522-d147 @A: 17 05 29 18 | 12
#0523-d147 @A: 35 12 05 15 | 07
#0524-d147 @A: 01 07 05 15 | 05
#0525-d147 @A: 05 21 24 35 | 02
#0526-d147 @A: 05 21 26 06 | 09
#0527-d147 @A: 27 18 30 17 | 04
#0528-d147 @A: 27 31 21 02 | 03
#0529-d147 @A: 14 21 35 10 | 10
#0530-d147 @A: 18 12 31 14 | 01
#0531-d147 @A: 01 19 31 14 | 11
#0532-d147 @A: 14 33 06 24 | 06
#0533-d147 @A: 14 11 24 21 | 08
#0534-d147 @A: 15 11 33 17 | 12
#0535-d147 @A: 17 19 12 30 | 07
#0536-d147 @A: 18 13 15 24 | 05
#0537-d147 @A: 30 12 01 15 | 02
#0538-d147 @A: 02 15 12 13 | 09
#0539-d147 @A: 31 15 12 24 | 04
#0540-d147 @A: 19 15 33 06 | 03
#0541-d147 @A: 28 06 21 15 | 10
#0542-d147 @A: 24 35 11 01 | 01
#0543-d147 @A: 21 35 06 30 | 11
#0544-d147 @A: 24 28 35 20 | 06
#0545-d147 @A: 35 20 19 31 | 08
#0546-d147 @A: 29 24 10 28 | 12
#0547-d147 @A: 12 01 10 18 | 07
#0548-d147 @A: 20 24 10 01 | 05
#0549-d147 @A: 24 21 33 10 | 02
#0550-d147 @A: 07 01 20 29 | 09
#0551-d147 @A: 29 30 20 13 | 04
#0552-d147 @A: 12 29 20 28 | 03
#0553-d147 @A: 26 02 28 13 | 10
#0554-d147 @A: 05 34 09 27 | 01
#0555-d147 @A: 13 31 03 34 | 11
#0556-d147 @A: 22 08 34 06 | 06
#0557-d147 @A: 34 25 31 08 | 08
#0558-d147 @A: 14 34 13 08 | 12
#0559-d147 @A: 08 34 11 29 | 07
#0560-d147 @A: 34 10 32 21 | 05
#0561-d147 @A: 28 16 01 34 | 02
#0562-d147 @A: 20 34 27 25 | 09
#0563-d147 @A: 33 29 34 04 | 04
#0564-d147 @A: 06 35 34 17 | 03
#0565-d147 @A: 35 34 28 10 | 10
#0566-d147 @A: 19 31 34 18 | 01
#0567-d147 @A: 34 07 19 12 | 11
#0568-d147 @A: 13 34 02 30 | 06
#0569-d147 @A: 06 26 20 34 | 08
#0570-d147 @A: 09 03 22 18 | 12
#0571-d147 @A: 32 11 08 09 | 07
#0572-d147 @A: 16 27 09 23 | 05
#0573-d147 @A: 07 23 05 09 | 02
#0574-d147 @A: 23 09 28 15 | 09
#0575-d147 @A: 26 09 10 04 | 04
#0576-d147 @A: 09 18 14 27 | 03
#0577-d147 @A: 10 09 17 21 | 10
#0578-d147 @A: 09 21 15 01 | 01
#0579-d147 @A: 09 15 31 13 | 11
#0580-d147 @A: 07 09 18 10 | 06
#0581-d147 @A: 33 12 09 30 | 08
#0582-d147 @A: 24 28 11 09 | 12
#0583-d147 @A: 31 22 03 05 | 07
#0584-d147 @A: 22 03 12 35 | 05
#0585-d147 @A: 08 26 03 23 | 02
#0586-d147 @A: 03 01 13 08 | 09
#0587-d147 @A: 10 25 03 26 | 04
#0588-d147 @A: 31 07 04 03 | 03
#0589-d147 @A: 10 17 03 20 | 10
#0590-d147 @A: 28 03 17 18 | 01
#0591-d147 @A: 15 29 03 19 | 11
#0592-d147 @A: 18 30 11 03 | 06
#0593-d147 @A: 11 07 01 03 | 08
#0594-d147 @A: 03 30 07 21 | 12
#0595-d147 @A: 33 30 03 13 | 07
#0596-d147 @A: 19 03 02 30 | 05
#0597-d147 @A: 03 13 21 06 | 02
#0598-d147 @A: 22 06 32 35 | 09
#0599-d147 @A: 32 13 22 12 | 04
#0600-d147 @A: 15 22 11 35 | 03
#0601-d147 @A: 10 31 22 30 | 10
#0602-d147 @A: 12 22 29 30 | 01
#0603-d147 @A: 01 21 07 22 | 11
#0604-d147 @A: 22 01 19 02 | 06
#0605-d147 @A: 19 12 22 20 | 08
#0606-d147 @A: 19 08 32 29 | 12
#0607-d147 @A: 06 32 28 08 | 07
#0608-d147 @A: 19 10 08 16 | 05
#0609-d147 @A: 08 04 28 23 | 02
#0610-d147 @A: 08 17 13 04 | 09
#0611-d147 @A: 05 35 31 08 | 04
#0612-d147 @A: 14 08 31 33 | 03
#0613-d147 @A: 07 08 18 19 | 10
#0614-d147 @A: 26 08 31 07 | 01
#0615-d147 @A: 12 08 21 26 | 11
#0616-d147 @A: 14 33 25 32 | 06
#0617-d147 @A: 25 10 32 18 | 08
#0618-d147 @A: 32 04 14 20 | 12
#0619-d147 @A: 32 15 19 05 | 07
#0620-d147 @A: 17 27 32 20 | 05
#0621-d147 @A: 14 17 32 12 | 02
#0622-d147 @A: 31 32 14 11 | 09
#0623-d147 @A: 28 15 32 35 | 04
#0624-d147 @A: 01 33 32 18 | 03
#0625-d147 @A: 02 24 18 32 | 10
#0626-d147 @A: 32 02 26 01 | 01
#0627-d147 @A: 12 20 02 32 | 11
#0628-d147 @A: 06 11 32 26 | 06
#0629-d147 @A: 16 04 31 25 | 08
#0630-d147 @A: 16 28 35 25 | 12
#0631-d147 @A: 11 16 23 04 | 07
#0632-d147 @A: 16 27 17 21 | 05
#0633-d147 @A: 15 16 13 29 | 02
#0634-d147 @A: 15 20 24 16 | 09
#0635-d147 @A: 31 16 18 02 | 04
#0636-d147 @A: 24 33 28 16 | 03
#0637-d147 @A: 23 25 12 07 | 10
#0638-d147 @A: 26 04 25 27 | 01
#0639-d147 @A: 25 04 30 33 | 11
#0640-d147 @A: 04 06 19 25 | 06
#0641-d147 @A: 27 25 01 17 | 08
#0642-d147 @A: 21 14 07 25 | 12
#0643-d147 @A: 14 24 25 28 | 07
#0644-d147 @A: 24 29 17 25 | 05
#0645-d147 @A: 26 12 15 25 | 02
#0646-d147 @A: 25 19 07 35 | 09
#0647-d147 @A: 18 31 20 25 | 04
#0648-d147 @A: 30 19 31 25 | 03
#0649-d147 @A: 02 11 26 25 | 10
#0650-d147 @A: 33 31 13 25 | 01
#0651-d147 @A: 14 26 23 13 | 11
#0652-d147 @A: 23 21 07 33 | 06
#0653-d147 @A: 31 12 23 33 | 08
#0654-d147 @A: 21 19 31 23 | 12
#0655-d147 @A: 10 31 04 05 | 07
#0656-d147 @A: 35 04 11 10 | 05
#0657-d147 @A: 04 31 13 29 | 02
#0658-d147 @A: 04 18 01 07 | 09
#0659-d147 @A: 18 33 04 13 | 04
#0660-d147 @A: 12 04 06 07 | 03
#0661-d147 @A: 04 24 26 01 | 10
#0662-d147 @A: 30 31 04 02 | 01
#0663-d147 @A: 04 11 20 13 | 11
#0664-d147 @A: 29 24 05 27 | 06
#0665-d147 @A: 05 10 24 15 | 08
#0666-d147 @A: 35 05 10 02 | 12
#0667-d147 @A: 31 06 30 05 | 07
#0668-d147 @A: 12 33 05 28 | 05
#0669-d147 @A: 05 11 26 31 | 02
#0670-d147 @A: 10 27 14 30 | 09
#0671-d147 @A: 15 24 33 27 | 04
#0672-d147 @A: 24 26 27 30 | 03
#0673-d147 @A: 27 26 33 11 | 10
#0674-d147 @A: 19 26 27 06 | 01
#0675-d147 @A: 24 20 27 21 | 11
#0676-d147 @A: 24 07 18 14 | 06
#0677-d147 @A: 07 01 33 14 | 08
#0678-d147 @A: 12 01 21 14 | 12
#0679-d147 @A: 26 21 14 19 | 07
#0680-d147 @A: 17 31 26 18 | 05
#0681-d147 @A: 17 18 02 06 | 02
#0682-d147 @A: 24 30 07 17 | 09
#0683-d147 @A: 11 31 07 17 | 04
#0684-d147 @A: 24 26 17 13 | 03
#0685-d147 @A: 02 20 07 15 | 10
#0686-d147 @A: 26 01 15 06 | 01
#0687-d147 @A: 26 35 18 06 | 11
#0688-d147 @A: 35 02 07 31 | 06
#0689-d147 @A: 35 26 19 28 | 08
#0690-d147 @A: 11 35 33 06 | 12
#0691-d147 @A: 30 33 18 10 | 07
#0692-d147 @A: 10 26 28 30 | 05
#0693-d147 @A: 06 19 10 12 | 02
#0694-d147 @A: 11 19 10 26 | 09
#0695-d147 @A: 13 31 10 24 | 04
#0696-d147 @A: 24 31 29 18 | 03
#0697-d147 @A: 21 29 07 13 | 10
#0698-d147 @A: 02 31 29 20 | 01
#0699-d147 @A: 19 26 18 13 | 11
#0700-d147 @A: 19 06 13 07 | 06
#0701-d147 @A: 19 01 13 31 | 08
#0702-d147 @A: 13 02 21 19 | 12
#0703-d147 @A: 03 09 34 20 | 07
#0704-d147 @A: 09 34 17 12 | 05
#0705-d147 @A: 09 02 29 34 | 02
#0706-d147 @A: 27 22 34 30 | 09
#0707-d147 @A: 24 08 34 04 | 04
#0708-d147 @A: 11 23 25 34 | 03
#0709-d147 @A: 34 15 24 25 | 10
#0710-d147 @A: 34 25 13 12 | 01
#0711-d147 @A: 35 34 04 02 | 11
#0712-d147 @A: 34 12 05 29 | 06
#0713-d147 @A: 05 34 28 19 | 08
#0714-d147 @A: 02 26 15 34 | 12
#0715-d147 @A: 12 24 18 34 | 07
#0716-d147 @A: 26 18 33 34 | 05
#0717-d147 @A: 34 11 07 33 | 02
#0718-d147 @A: 28 34 31 20 | 09
#0719-d147 @A: 19 34 02 06 | 04
#0720-d147 @A: 22 04 09 07 | 03
#0721-d147 @A: 26 09 08 16 | 10
#0722-d147 @A: 10 25 09 01 | 01
#0723-d147 @A: 11 23 09 10 | 11
#0724-d147 @A: 11 14 09 04 | 06
#0725-d147 @A: 26 09 05 24 | 08
#0726-d147 @A: 27 10 29 09 | 12
#0727-d147 @A: 35 33 14 09 | 07
#0728-d147 @A: 17 29 30 09 | 05
#0729-d147 @A: 26 15 09 35 | 02
#0730-d147 @A: 28 30 09 35 | 09
#0731-d147 @A: 23 11 22 03 | 04
#0732-d147 @A: 01 22 30 03 | 03
#0733-d147 @A: 20 33 03 22 | 10
#0734-d147 @A: 05 11 03 32 | 01
#0735-d147 @A: 03 10 31 32 | 11
#0736-d147 @A: 03 16 21 04 | 06
#0737-d147 @A: 13 16 07 03 | 08
#0738-d147 @A: 27 03 35 25 | 12
#0739-d147 @A: 03 27 23 06 | 07
#0740-d147 @A: 15 23 03 13 | 05
#0741-d147 @A: 35 23 03 02 | 02
#0742-d147 @A: 12 23 03 10 | 09
#0743-d147 @A: 12 03 20 27 | 04
#0744-d147 @A: 17 12 21 03 | 03
#0745-d147 @A: 28 03 02 12 | 10
#0746-d147 @A: 08 22 10 21 | 01
#0747-d147 @A: 31 22 04 32 | 11
#0748-d147 @A: 21 05 22 32 | 06
#0749-d147 @A: 33 17 22 32 | 08
#0750-d147 @A: 22 02 16 11 | 12
#0751-d147 @A: 13 05 22 25 | 07
#0752-d147 @A: 22 30 14 25 | 05
#0753-d147 @A: 22 33 21 25 | 02
#0754-d147 @A: 04 22 18 23 | 09
#0755-d147 @A: 17 22 21 23 | 04
#0756-d147 @A: 20 22 18 24 | 03
#0757-d147 @A: 06 19 07 22 | 10
#0758-d147 @A: 11 33 22 13 | 01
#0759-d147 @A: 22 19 28 31 | 11
#0760-d147 @A: 30 08 32 05 | 06
#0761-d147 @A: 08 28 21 16 | 08
#0762-d147 @A: 25 08 27 07 | 12
#0763-d147 @A: 01 08 11 25 | 07
#0764-d147 @A: 08 23 06 29 | 05
#0765-d147 @A: 27 14 08 28 | 02
#0766-d147 @A: 27 08 31 29 | 09
#0767-d147 @A: 08 20 12 18 | 04
#0768-d147 @A: 20 24 08 07 | 03
#0769-d147 @A: 08 12 06 33 | 10
#0770-d147 @A: 13 08 24 02 | 01
#0771-d147 @A: 32 27 16 05 | 11
#0772-d147 @A: 32 35 05 23 | 06
#0773-d147 @A: 32 23 11 17 | 08
#0774-d147 @A: 30 32 13 05 | 12
#0775-d147 @A: 35 01 32 12 | 07
#0776-d147 @A: 01 32 31 06 | 05
#0777-d147 @A: 01 13 20 32 | 02
#0778-d147 @A: 11 32 02 13 | 09
#0779-d147 @A: 14 25 26 16 | 04
#0780-d147 @A: 06 16 14 23 | 03
#0781-d147 @A: 35 23 20 16 | 10
#0782-d147 @A: 16 15 27 26 | 01
#0783-d147 @A: 16 33 29 26 | 11
#0784-d147 @A: 16 18 33 20 | 06
#0785-d147 @A: 16 33 30 31 | 08
#0786-d147 @A: 02 33 12 16 | 12
#0787-d147 @A: 33 21 11 16 | 07
#0788-d147 @A: 05 25 35 18 | 05
#0789-d147 @A: 10 25 19 05 | 02
#0790-d147 @A: 11 18 25 14 | 09
#0791-d147 @A: 13 07 35 25 | 04
#0792-d147 @A: 25 18 21 24 | 03
#0793-d147 @A: 02 25 01 13 | 10
#0794-d147 @A: 25 11 31 12 | 01
#0795-d147 @A: 24 25 20 33 | 11
#0796-d147 @A: 27 05 11 23 | 06
#0797-d147 @A: 10 14 33 23 | 08
#0798-d147 @A: 23 30 21 01 | 12
#0799-d147 @A: 06 23 26 12 | 07
#0800-d147 @A: 10 24 04 27 | 05
#0801-d147 @A: 26 29 17 04 | 02
#0802-d147 @A: 18 06 15 04 | 09
#0803-d147 @A: 18 21 04 12 | 04
#0804-d147 @A: 21 24 07 04 | 03
#0805-d147 @A: 21 04 33 01 | 10
#0806-d147 @A: 20 04 06 28 | 01
#0807-d147 @A: 28 04 24 31 | 11
#0808-d147 @A: 06 35 27 05 | 06
#0809-d147 @A: 21 05 18 33 | 08
#0810-d147 @A: 01 02 05 11 | 12
#0811-d147 @A: 27 26 17 10 | 07
#0812-d147 @A: 01 28 27 35 | 05
#0813-d147 @A: 06 31 18 27 | 02
#0814-d147 @A: 26 07 27 20 | 09
#0815-d147 @A: 31 28 11 27 | 04
#0816-d147 @A: 11 19 24 27 | 03
#0817-d147 @A: 29 35 14 02 | 10
#0818-d147 @A: 35 29 13 14 | 01
#0819-d147 @A: 28 21 14 18 | 11
#0820-d147 @A: 14 07 12 20 | 06
#0821-d147 @A: 30 11 19 14 | 08
#0822-d147 @A: 12 14 28 19 | 12
#0823-d147 @A: 20 06 14 19 | 07
#0824-d147 @A: 14 13 20 31 | 05
#0825-d147 @A: 17 19 24 10 | 02
#0826-d147 @A: 01 17 12 06 | 09
#0827-d147 @A: 30 20 17 33 | 04
#0828-d147 @A: 06 11 15 31 | 03
#0829-d147 @A: 10 26 35 13 | 10
#0830-d147 @A: 12 07 35 24 | 01
#0831-d147 @A: 30 20 12 35 | 11
#0832-d147 @A: 13 35 31 30 | 06
#0833-d147 @A: 07 11 29 10 | 08
#0834-d147 @A: 10 20 29 26 | 12
#0835-d147 @A: 28 07 10 01 | 07
#0836-d147 @A: 18 06 29 13 | 05
#0837-d147 @A: 07 29 26 28 | 02
#0838-d147 @A: 31 26 29 06 | 09
#0839-d147 @A: 13 11 31 07 | 04
#0840-d147 @A: 34 04 03 12 | 03
#0841-d147 @A: 34 24 29 03 | 10
#0842-d147 @A: 22 20 34 04 | 01
#0843-d147 @A: 34 18 22 17 | 11
#0844-d147 @A: 34 05 07 08 | 06
#0845-d147 @A: 14 34 32 28 | 08
#0846-d147 @A: 18 23 21 34 | 12
#0847-d147 @A: 34 24 05 01 | 07
#0848-d147 @A: 34 14 33 17 | 05
#0849-d147 @A: 34 31 29 14 | 02
#0850-d147 @A: 17 10 11 34 | 09
#0851-d147 @A: 29 17 34 28 | 04
#0852-d147 @A: 34 13 10 15 | 03
#0853-d147 @A: 01 34 29 35 | 10
#0854-d147 @A: 34 35 33 31 | 01
#0855-d147 @A: 34 01 24 13 | 11
#0856-d147 @A: 33 26 34 13 | 06
#0857-d147 @A: 21 26 11 34 | 08
#0858-d147 @A: 34 33 19 24 | 12
#0859-d147 @A: 17 03 26 09 | 07
#0860-d147 @A: 03 06 09 10 | 05
#0861-d147 @A: 08 09 31 22 | 02
#0862-d147 @A: 12 27 22 09 | 09
#0863-d147 @A: 09 20 29 22 | 04
#0864-d147 @A: 04 33 08 09 | 03
#0865-d147 @A: 32 29 09 01 | 10
#0866-d147 @A: 13 16 09 18 | 01
#0867-d147 @A: 23 29 18 09 | 11
#0868-d147 @A: 09 30 15 14 | 06
#0869-d147 @A: 09 02 10 14 | 08
#0870-d147 @A: 09 21 13 35 | 12
#0871-d147 @A: 33 09 07 29 | 07
#0872-d147 @A: 09 07 20 06 | 05
#0873-d147 @A: 26 33 09 06 | 02
#0874-d147 @A: 03 22 26 06 | 09
#0875-d147 @A: 25 03 12 08 | 04
#0876-d147 @A: 15 21 23 03 | 03
#0877-d147 @A: 04 03 11 24 | 10
#0878-d147 @A: 14 03 07 10 | 01
#0879-d147 @A: 26 03 12 18 | 11
#0880-d147 @A: 01 33 03 26 | 06
#0881-d147 @A: 30 24 28 03 | 08
#0882-d147 @A: 24 19 03 31 | 12
#0883-d147 @A: 32 22 24 25 | 07
#0884-d147 @A: 25 22 31 15 | 05
#0885-d147 @A: 25 22 06 29 | 02
#0886-d147 @A: 23 22 06 10 | 09
#0887-d147 @A: 33 19 22 23 | 04
#0888-d147 @A: 27 04 22 11 | 03
#0889-d147 @A: 30 27 22 13 | 10
#0890-d147 @A: 10 20 14 22 | 01
#0891-d147 @A: 33 06 22 01 | 11
#0892-d147 @A: 24 02 22 12 | 06
#0893-d147 @A: 20 21 02 22 | 08
#0894-d147 @A: 16 08 12 27 | 12
#0895-d147 @A: 25 08 30 23 | 07
#0896-d147 @A: 30 08 25 13 | 05
#0897-d147 @A: 04 08 06 27 | 02
#0898-d147 @A: 08 18 26 04 | 09
#0899-d147 @A: 13 05 06 08 | 04
#0900-d147 @A: 08 14 29 26 | 03
#0901-d147 @A: 17 21 08 33 | 10
#0902-d147 @A: 35 08 29 28 | 01
#0903-d147 @A: 30 18 08 06 | 11
#0904-d147 @A: 20 01 08 33 | 06
#0905-d147 @A: 30 20 28 08 | 08
#0906-d147 @A: 02 26 20 08 | 12
#0907-d147 @A: 23 32 16 26 | 07
#0908-d147 @A: 06 15 32 16 | 05
#0909-d147 @A: 29 32 12 25 | 02
#0910-d147 @A: 10 24 32 23 | 09
#0911-d147 @A: 29 32 30 23 | 04
#0912-d147 @A: 32 21 35 04 | 03
#0913-d147 @A: 32 01 27 24 | 10
#0914-d147 @A: 01 14 10 32 | 01
#0915-d147 @A: 24 14 13 32 | 11
#0916-d147 @A: 15 29 02 32 | 06
#0917-d147 @A: 20 26 35 32 | 08
#0918-d147 @A: 20 30 01 32 | 12
#0919-d147 @A: 20 19 28 32 | 07
#0920-d147 @A: 16 05 28 04 | 05
#0921-d147 @A: 14 16 27 19 | 02
#0922-d147 @A: 15 17 01 16 | 09
#0923-d147 @A: 16 13 17 20 | 04
#0924-d147 @A: 07 16 18 11 | 03
#0925-d147 @A: 33 19 16 01 | 10
#0926-d147 @A: 24 21 30 16 | 01
#0927-d147 @A: 23 25 18 13 | 11
#0928-d147 @A: 12 04 25 35 | 06
#0929-d147 @A: 12 10 27 25 | 08
#0930-d147 @A: 35 25 10 30 | 12
#0931-d147 @A: 25 02 12 01 | 07
#0932-d147 @A: 25 12 21 20 | 05
#0933-d147 @A: 24 06 26 25 | 02
#0934-d147 @A: 24 13 25 28 | 09
#0935-d147 @A: 19 02 25 21 | 04
#0936-d147 @A: 24 20 23 04 | 03
#0937-d147 @A: 20 23 05 15 | 10
#0938-d147 @A: 05 19 02 23 | 01
#0939-d147 @A: 29 17 23 33 | 11
#0940-d147 @A: 35 23 10 18 | 06
#0941-d147 @A: 29 35 26 23 | 08
#0942-d147 @A: 07 23 30 35 | 12
#0943-d147 @A: 20 23 18 07 | 07
#0944-d147 @A: 26 18 11 23 | 05
#0945-d147 @A: 24 23 28 18 | 02
#0946-d147 @A: 07 11 23 06 | 09
#0947-d147 @A: 12 04 27 17 | 04
#0948-d147 @A: 17 10 33 04 | 03
#0949-d147 @A: 33 15 20 04 | 10
#0950-d147 @A: 28 04 33 07 | 01
#0951-d147 @A: 26 04 30 06 | 11
#0952-d147 @A: 11 14 35 05 | 06
#0953-d147 @A: 05 28 26 17 | 08
#0954-d147 @A: 29 05 35 19 | 12
#0955-d147 @A: 18 05 11 19 | 07
#0956-d147 @A: 02 06 05 12 | 05
#0957-d147 @A: 05 21 24 13 | 02
#0958-d147 @A: 20 13 19 05 | 09
#0959-d147 @A: 29 27 30 35 | 04
#0960-d147 @A: 07 12 27 01 | 03
#0961-d147 @A: 07 27 02 30 | 10
#0962-d147 @A: 01 11 27 30 | 01
#0963-d147 @A: 27 31 01 33 | 11
#0964-d147 @A: 12 27 21 30 | 06
#0965-d147 @A: 21 27 13 26 | 08
#0966-d147 @A: 20 27 24 13 | 12
#0967-d147 @A: 18 02 14 26 | 07
#0968-d147 @A: 26 28 06 14 | 05
#0969-d147 @A: 35 11 28 17 | 02
#0970-d147 @A: 18 07 12 17 | 09
#0971-d147 @A: 17 20 01 18 | 04
#0972-d147 @A: 26 02 17 33 | 03
#0973-d147 @A: 21 20 31 17 | 10
#0974-d147 @A: 35 15 10 01 | 01
#0975-d147 @A: 10 15 31 28 | 11
#0976-d147 @A: 15 29 30 31 | 06
#0977-d147 @A: 06 13 15 26 | 08
#0978-d147 @A: 18 35 11 02 | 12
#0979-d147 @A: 33 26 35 21 | 07
#0980-d147 @A: 33 06 29 10 | 05
#0981-d147 @A: 10 21 31 12 | 02
#0982-d147 @A: 02 06 10 26 | 09
#0983-d147 @A: 29 24 21 01 | 04
#0984-d147 @A: 29 26 12 19 | 03
#0985-d147 @A: 29 26 24 02 | 10
#0986-d147 @A: 13 28 29 11 | 01
#0987-d147 @A: 11 12 13 24 | 11
#0988-d147 @A: 10 09 34 31 | 06
#0989-d147 @A: 34 35 24 22 | 08
#0990-d147 @A: 22 10 34 02 | 12
#0991-d147 @A: 10 16 24 34 | 07
#0992-d147 @A: 23 35 34 27 | 05
#0993-d147 @A: 17 34 23 01 | 02
#0994-d147 @A: 30 23 15 34 | 09
#0995-d147 @A: 23 13 28 34 | 04
#0996-d147 @A: 34 19 10 04 | 03
#0997-d147 @A: 21 15 34 14 | 10
#0998-d147 @A: 35 34 14 30 | 01
#0999-d147 @A: 15 35 07 34 | 11
#1000-d147 @A: 34 13 11 35 | 06
#1001-d147 @A: 26 34 01 12 | 08
#1002-d147 @A: 03 14 09 12 | 12
#1003-d147 @A: 02 22 26 09 | 07
#1004-d147 @A: 24 09 23 08 | 05
#1005-d147 @A: 02 08 09 15 | 02
#1006-d147 @A: 28 10 09 08 | 09
#1007-d147 @A: 32 04 09 15 | 04
#1008-d147 @A: 06 09 05 32 | 03
#1009-d147 @A: 09 26 32 27 | 10
#1010-d147 @A: 17 32 18 09 | 01
#1011-d147 @A: 25 09 16 11 | 11
#1012-d147 @A: 09 27 21 25 | 06
#1013-d147 @A: 17 31 23 09 | 08
#1014-d147 @A: 19 09 29 04 | 12
#1015-d147 @A: 11 09 29 05 | 07
#1016-d147 @A: 07 11 27 09 | 05
#1017-d147 @A: 19 09 28 27 | 02
#1018-d147 @A: 14 21 31 09 | 09
#1019-d147 @A: 35 29 09 24 | 04
#1020-d147 @A: 24 06 09 18 | 03
#1021-d147 @A: 20 09 28 01 | 10
#1022-d147 @A: 26 31 09 12 | 01
#1023-d147 @A: 33 09 31 20 | 11
#1024-d147 @A: 21 24 09 02 | 06
#1025-d147 @A: 03 04 08 14 | 08
#1026-d147 @A: 31 18 08 03 | 12
#1027-d147 @A: 20 03 16 31 | 07
#1028-d147 @A: 03 01 25 14 | 05
#1029-d147 @A: 11 03 25 20 | 02
#1030-d147 @A: 23 18 05 03 | 09
#1031-d147 @A: 07 03 05 12 | 04
#1032-d147 @A: 17 03 31 27 | 03
#1033-d147 @A: 24 03 18 27 | 10
#1034-d147 @A: 10 13 03 29 | 01
#1035-d147 @A: 03 18 02 07 | 11
#1036-d147 @A: 19 07 26 03 | 06
#1037-d147 @A: 18 08 22 05 | 08
#1038-d147 @A: 15 22 01 32 | 12
#1039-d147 @A: 10 11 22 25 | 07
#1040-d147 @A: 28 22 23 29 | 05
#1041-d147 @A: 24 13 23 22 | 02
#1042-d147 @A: 05 15 22 06 | 09
#1043-d147 @A: 35 22 30 05 | 04
#1044-d147 @A: 14 01 27 22 | 03
#1045-d147 @A: 14 31 22 35 | 10
#1046-d147 @A: 22 26 07 14 | 01
#1047-d147 @A: 01 22 13 29 | 11
#1048-d147 @A: 07 30 13 22 | 06
#1049-d147 @A: 24 22 01 28 | 08
#1050-d147 @A: 33 26 22 30 | 12
#1051-d147 @A: 23 08 18 27 | 07
#1052-d147 @A: 04 08 35 30 | 05
#1053-d147 @A: 08 17 35 27 | 02
#1054-d147 @A: 17 15 08 12 | 09
#1055-d147 @A: 18 13 08 35 | 04
#1056-d147 @A: 13 12 29 08 | 03
#1057-d147 @A: 07 13 28 08 | 10
#1058-d147 @A: 08 24 02 30 | 01
#1059-d147 @A: 25 32 30 15 | 11
#1060-d147 @A: 04 32 24 29 | 06
#1061-d147 @A: 32 14 05 24 | 08
#1062-d147 @A: 11 27 32 35 | 12
#1063-d147 @A: 19 32 27 30 | 07
#1064-d147 @A: 32 17 35 13 | 05
#1065-d147 @A: 13 28 15 32 | 02
#1066-d147 @A: 01 19 32 07 | 09
#1067-d147 @A: 06 33 32 07 | 04
#1068-d147 @A: 25 20 16 30 | 03
#1069-d147 @A: 16 29 04 30 | 10
#1070-d147 @A: 27 29 07 16 | 01
#1071-d147 @A: 29 14 11 16 | 11
#1072-d147 @A: 16 29 35 06 | 06
#1073-d147 @A: 11 35 12 16 | 08
#1074-d147 @A: 33 07 10 16 | 12
#1075-d147 @A: 16 01 11 26 | 07
#1076-d147 @A: 16 06 19 31 | 05
#1077-d147 @A: 25 06 23 15 | 02
#1078-d147 @A: 11 25 13 04 | 09
#1079-d147 @A: 25 35 15 02 | 04
#1080-d147 @A: 31 25 29 28 | 03
#1081-d147 @A: 11 07 24 25 | 10
#1082-d147 @A: 30 06 11 25 | 01
#1083-d147 @A: 33 28 25 06 | 11
#1084-d147 @A: 06 25 31 21 | 06
#1085-d147 @A: 24 31 02 25 | 08
#1086-d147 @A: 13 11 05 23 | 12
#1087-d147 @A: 17 27 23 07 | 07
#1088-d147 @A: 23 01 20 27 | 05
#1089-d147 @A: 12 17 23 20 | 02
#1090-d147 @A: 13 29 23 02 | 09
#1091-d147 @A: 28 31 06 23 | 04
#1092-d147 @A: 04 26 05 35 | 03
#1093-d147 @A: 12 29 14 04 | 10
#1094-d147 @A: 07 15 04 26 | 01
#1095-d147 @A: 18 04 20 02 | 11
#1096-d147 @A: 04 01 20 31 | 06
#1097-d147 @A: 02 04 33 06 | 08
#1098-d147 @A: 17 30 15 05 | 12
#1099-d147 @A: 05 01 28 18 | 07
#1100-d147 @A: 05 06 01 19 | 05
#1101-d147 @A: 13 12 26 05 | 02
#1102-d147 @A: 05 31 33 19 | 09
#1103-d147 @A: 02 20 05 28 | 04
#1104-d147 @A: 14 29 27 20 | 03
#1105-d147 @A: 10 15 18 27 | 10
#1106-d147 @A: 07 27 33 18 | 01
#1107-d147 @A: 20 11 18 27 | 11
#1108-d147 @A: 02 27 20 19 | 06
#1109-d147 @A: 26 14 30 17 | 08
#1110-d147 @A: 17 06 14 13 | 12
#1111-d147 @A: 31 19 17 15 | 07
#1112-d147 @A: 21 19 18 17 | 05
#1113-d147 @A: 20 19 26 17 | 02
#1114-d147 @A: 02 28 19 17 | 09
#1115-d147 @A: 31 21 18 15 | 04
#1116-d147 @A: 15 11 18 24 | 03
#1117-d147 @A: 11 19 07 15 | 10
#1118-d147 @A: 15 20 21 19 | 01
#1119-d147 @A: 20 02 01 35 | 11
#1120-d147 @A: 12 02 35 26 | 06
#1121-d147 @A: 12 31 06 35 | 08
#1122-d147 @A: 33 19 35 13 | 12
#1123-d147 @A: 35 28 02 06 | 07
#1124-d147 @A: 10 29 21 18 | 05
#1125-d147 @A: 26 18 24 10 | 02
#1126-d147 @A: 12 07 26 10 | 09
#1127-d147 @A: 07 24 10 02 | 04
#1128-d147 @A: 10 20 11 02 | 03
#1129-d147 @A: 29 30 33 24 | 10
#1130-d147 @A: 24 07 13 33 | 01
#1131-d147 @A: 01 06 09 34 | 11
#1132-d147 @A: 17 03 02 34 | 06
#1133-d147 @A: 03 34 35 26 | 08
#1134-d147 @A: 12 22 32 34 | 12
#1135-d147 @A: 34 22 05 11 | 07
#1136-d147 @A: 15 28 22 34 | 05
#1137-d147 @A: 15 32 31 34 | 02
#1138-d147 @A: 11 32 34 01 | 09
#1139-d147 @A: 05 25 33 34 | 04
#1140-d147 @A: 34 23 04 26 | 03
#1141-d147 @A: 34 05 29 13 | 10
#1142-d147 @A: 24 17 34 27 | 01
#1143-d147 @A: 20 15 34 17 | 11
#1144-d147 @A: 15 34 01 33 | 06
#1145-d147 @A: 34 28 30 33 | 08
#1146-d147 @A: 34 13 06 20 | 12
#1147-d147 @A: 24 16 09 03 | 07
#1148-d147 @A: 03 28 04 09 | 05
#1149-d147 @A: 05 03 09 19 | 02
#1150-d147 @A: 09 25 22 35 | 09
#1151-d147 @A: 09 32 20 25 | 04
#1152-d147 @A: 09 10 32 13 | 03
#1153-d147 @A: 09 04 18 16 | 10
#1154-d147 @A: 09 31 15 16 | 01
#1155-d147 @A: 05 25 31 09 | 11
#1156-d147 @A: 09 29 26 25 | 06
#1157-d147 @A: 09 17 33 27 | 08
#1158-d147 @A: 24 31 27 09 | 12
#1159-d147 @A: 06 09 29 14 | 07
#1160-d147 @A: 14 28 09 13 | 05
#1161-d147 @A: 09 29 12 15 | 02
#1162-d147 @A: 31 01 35 09 | 09
#1163-d147 @A: 02 09 19 35 | 04
#1164-d147 @A: 02 03 22 32 | 03
#1165-d147 @A: 03 16 06 08 | 10
#1166-d147 @A: 28 08 33 03 | 01
#1167-d147 @A: 25 13 32 03 | 11
#1168-d147 @A: 32 17 07 03 | 06
#1169-d147 @A: 35 32 33 03 | 08
#1170-d147 @A: 03 06 32 12 | 12
#1171-d147 @A: 03 35 16 18 | 07
#1172-d147 @A: 03 01 04 17 | 05
#1173-d147 @A: 14 03 31 15 | 02
#1174-d147 @A: 03 11 14 26 | 09
#1175-d147 @A: 15 24 26 03 | 04
#1176-d147 @A: 03 19 10 01 | 03
#1177-d147 @A: 33 29 08 22 | 10
#1178-d147 @A: 19 11 08 22 | 01
#1179-d147 @A: 17 19 25 22 | 11
#1180-d147 @A: 27 26 23 22 | 06
#1181-d147 @A: 22 12 15 23 | 08
#1182-d147 @A: 06 17 22 27 | 12
#1183-d147 @A: 17 15 22 14 | 07
#1184-d147 @A: 17 22 26 35 | 05
#1185-d147 @A: 22 15 07 29 | 02
#1186-d147 @A: 13 20 22 10 | 09
#1187-d147 @A: 22 28 19 13 | 04
#1188-d147 @A: 22 02 31 06 | 03
#1189-d147 @A: 31 17 08 32 | 10
#1190-d147 @A: 08 16 18 29 | 01
#1191-d147 @A: 05 25 08 06 | 11
#1192-d147 @A: 08 25 19 20 | 06
#1193-d147 @A: 07 08 01 23 | 08
#1194-d147 @A: 07 08 14 35 | 12
#1195-d147 @A: 07 08 17 29 | 07
#1196-d147 @A: 08 12 30 10 | 05
#1197-d147 @A: 24 29 12 08 | 02
#1198-d147 @A: 30 21 11 08 | 09
#1199-d147 @A: 24 08 21 31 | 04
#1200-d147 @A: 19 08 02 31 | 03
#1201-d147 @A: 31 08 20 06 | 10
#1202-d147 @A: 12 10 32 16 | 01
#1203-d147 @A: 04 02 32 23 | 11
#1204-d147 @A: 32 23 14 18 | 06
#1205-d147 @A: 33 32 15 23 | 08
#1206-d147 @A: 23 19 32 06 | 12
#1207-d147 @A: 04 28 32 17 | 07
#1208-d147 @A: 32 10 15 11 | 05
#1209-d147 @A: 18 12 32 15 | 02
#1210-d147 @A: 32 26 18 07 | 09
#1211-d147 @A: 11 12 32 19 | 04
#1212-d147 @A: 33 20 32 21 | 03
#1213-d147 @A: 28 11 02 32 | 10
#1214-d147 @A: 21 05 16 23 | 01
#1215-d147 @A: 23 16 29 02 | 11
#1216-d147 @A: 19 16 12 23 | 06
#1217-d147 @A: 10 16 31 14 | 08
#1218-d147 @A: 07 06 16 26 | 12
#1219-d147 @A: 21 20 26 16 | 07
#1220-d147 @A: 05 25 04 01 | 05
#1221-d147 @A: 25 18 27 19 | 02
#1222-d147 @A: 21 25 13 15 | 09
#1223-d147 @A: 35 29 25 11 | 04
#1224-d147 @A: 26 25 30 07 | 03
#1225-d147 @A: 01 26 25 21 | 10
#1226-d147 @A: 28 19 25 01 | 01
#1227-d147 @A: 06 23 13 04 | 11
#1228-d147 @A: 14 11 23 15 | 06
#1229-d147 @A: 23 01 31 18 | 08
#1230-d147 @A: 23 33 11 24 | 12
#1231-d147 @A: 27 04 15 13 | 07
#1232-d147 @A: 33 35 24 04 | 05
#1233-d147 @A: 21 12 13 04 | 02
#1234-d147 @A: 04 11 28 26 | 09
#1235-d147 @A: 29 30 05 14 | 04
#1236-d147 @A: 05 33 26 07 | 03
#1237-d147 @A: 12 31 20 05 | 10
#1238-d147 @A: 05 19 20 24 | 01
#1239-d147 @A: 11 27 13 17 | 11
#1240-d147 @A: 27 28 12 18 | 06
#1241-d147 @A: 02 06 27 01 | 08
#1242-d147 @A: 27 12 06 24 | 12
#1243-d147 @A: 06 20 27 33 | 07
#1244-d147 @A: 06 10 17 14 | 05
#1245-d147 @A: 14 18 01 15 | 02
#1246-d147 @A: 13 14 01 21 | 09
#1247-d147 @A: 33 26 14 12 | 04
#1248-d147 @A: 15 10 17 29 | 03
#1249-d147 @A: 21 01 11 17 | 10
#1250-d147 @A: 12 11 17 26 | 01
#1251-d147 @A: 15 02 30 33 | 11
#1252-d147 @A: 11 02 21 15 | 06
#1253-d147 @A: 26 01 35 30 | 08
#1254-d147 @A: 29 30 10 01 | 12
#1255-d147 @A: 12 02 10 29 | 07
#1256-d147 @A: 10 29 19 31 | 05
#1257-d147 @A: 10 21 28 20 | 02
#1258-d147 @A: 30 18 28 29 | 09
#1259-d147 @A: 02 29 07 21 | 04
#1260-d147 @A: 11 29 26 30 | 03
#1261-d147 @A: 18 13 01 28 | 10
#1262-d147 @A: 13 30 21 28 | 01
#1263-d147 @A: 28 12 13 33 | 11
#1264-d147 @A: 08 19 34 09 | 06
#1265-d147 @A: 25 09 28 34 | 08
#1266-d147 @A: 01 34 27 03 | 12
#1267-d147 @A: 21 16 22 34 | 07
#1268-d147 @A: 01 25 22 34 | 05
#1269-d147 @A: 08 34 16 15 | 02
#1270-d147 @A: 04 32 34 07 | 09
#1271-d147 @A: 29 34 25 30 | 04
#1272-d147 @A: 23 06 05 34 | 03
#1273-d147 @A: 28 23 12 34 | 10
#1274-d147 @A: 10 15 12 34 | 01
#1275-d147 @A: 34 29 06 15 | 11
#1276-d147 @A: 34 07 30 31 | 06
#1277-d147 @A: 21 34 24 28 | 08
#1278-d147 @A: 11 31 24 34 | 12
#1279-d147 @A: 32 21 03 09 | 07
#1280-d147 @A: 03 09 01 23 | 05
#1281-d147 @A: 02 09 03 13 | 02
#1282-d147 @A: 09 22 14 32 | 09
#1283-d147 @A: 01 09 05 22 | 04
#1284-d147 @A: 17 09 22 11 | 03
#1285-d147 @A: 10 22 09 24 | 10
#1286-d147 @A: 09 26 22 13 | 01
#1287-d147 @A: 06 35 09 08 | 11
#1288-d147 @A: 13 08 09 20 | 06
#1289-d147 @A: 23 33 09 25 | 08
#1290-d147 @A: 12 04 09 23 | 12
#1291-d147 @A: 09 23 06 02 | 07
#1292-d147 @A: 20 09 19 23 | 05
#1293-d147 @A: 09 11 02 30 | 02
#1294-d147 @A: 11 09 21 06 | 09
#1295-d147 @A: 24 32 08 03 | 04
#1296-d147 @A: 10 03 16 11 | 03
#1297-d147 @A: 03 29 21 25 | 10
#1298-d147 @A: 07 03 25 06 | 01
#1299-d147 @A: 04 03 18 10 | 11
#1300-d147 @A: 03 17 14 19 | 06
#1301-d147 @A: 29 17 13 03 | 08
#1302-d147 @A: 35 03 06 15 | 12
#1303-d147 @A: 03 29 07 35 | 07
#1304-d147 @A: 20 18 19 03 | 05
#1305-d147 @A: 12 03 33 19 | 02
#1306-d147 @A: 21 03 26 28 | 09
#1307-d147 @A: 11 19 03 21 | 04
#1308-d147 @A: 23 22 08 02 | 03
#1309-d147 @A: 13 08 15 22 | 10
#1310-d147 @A: 32 28 10 22 | 01
#1311-d147 @A: 26 04 16 22 | 11
#1312-d147 @A: 13 35 22 16 | 06
#1313-d147 @A: 16 18 22 10 | 08
#1314-d147 @A: 22 27 02 25 | 12
#1315-d147 @A: 26 18 25 22 | 07
#1316-d147 @A: 22 04 05 33 | 05
#1317-d147 @A: 17 24 22 05 | 02
#1318-d147 @A: 19 22 05 26 | 09
#1319-d147 @A: 17 01 22 10 | 04
#1320-d147 @A: 26 22 15 10 | 03
#1321-d147 @A: 22 35 29 21 | 10
#1322-d147 @A: 22 06 18 12 | 01
#1323-d147 @A: 22 28 06 11 | 11
#1324-d147 @A: 08 20 16 32 | 06
#1325-d147 @A: 05 33 23 08 | 08
#1326-d147 @A: 11 08 23 35 | 12
#1327-d147 @A: 11 08 04 05 | 07
#1328-d147 @A: 20 08 11 17 | 05
#1329-d147 @A: 35 10 08 33 | 02
#1330-d147 @A: 18 01 08 24 | 09
#1331-d147 @A: 33 08 30 07 | 04
#1332-d147 @A: 24 26 33 08 | 03
#1333-d147 @A: 31 13 26 08 | 10
#1334-d147 @A: 24 28 19 08 | 01
#1335-d147 @A: 07 25 16 32 | 11
#1336-d147 @A: 32 12 31 27 | 06
#1337-d147 @A: 30 17 32 10 | 08
#1338-d147 @A: 32 18 13 21 | 12
#1339-d147 @A: 30 32 11 33 | 07
#1340-d147 @A: 32 26 28 24 | 05
#1341-d147 @A: 13 06 32 33 | 02
#1342-d147 @A: 33 16 14 04 | 09
#1343-d147 @A: 16 12 05 14 | 04
#1344-d147 @A: 30 17 11 16 | 03
#1345-d147 @A: 16 01 24 07 | 10
#1346-d147 @A: 21 02 16 01 | 01
#1347-d147 @A: 19 26 02 16 | 11
#1348-d147 @A: 25 28 27 23 | 06
#1349-d147 @A: 11 17 25 05 | 08
#1350-d147 @A: 25 33 29 27 | 12
#1351-d147 @A: 25 10 13 14 | 07
#1352-d147 @A: 17 25 20 35 | 05
#1353-d147 @A: 25 19 13 29 | 02
#1354-d147 @A: 25 28 18 07 | 09
#1355-d147 @A: 18 25 06 01 | 04
#1356-d147 @A: 25 33 07 02 | 03
#1357-d147 @A: 04 35 06 23 | 10
#1358-d147 @A: 23 05 28 10 | 01
#1359-d147 @A: 05 30 24 23 | 11
#1360-d147 @A: 21 23 10 26 | 06
#1361-d147 @A: 12 30 23 11 | 08
#1362-d147 @A: 33 20 23 26 | 12
#1363-d147 @A: 23 24 26 19 | 07
#1364-d147 @A: 20 21 06 23 | 05
#1365-d147 @A: 04 27 21 14 | 02
#1366-d147 @A: 20 07 17 04 | 09
#1367-d147 @A: 19 04 15 35 | 04
#1368-d147 @A: 10 21 15 04 | 03
#1369-d147 @A: 04 28 18 19 | 10
#1370-d147 @A: 04 11 06 01 | 01
#1371-d147 @A: 28 21 04 30 | 11
#1372-d147 @A: 12 04 11 33 | 06
#1373-d147 @A: 24 02 13 04 | 08
#1374-d147 @A: 05 14 15 33 | 12
#1375-d147 @A: 35 17 33 05 | 07
#1376-d147 @A: 15 05 29 26 | 05
#1377-d147 @A: 30 20 07 05 | 02
#1378-d147 @A: 05 24 33 02 | 09
#1379-d147 @A: 27 15 21 35 | 04
#1380-d147 @A: 19 35 27 12 | 03
#1381-d147 @A: 02 27 35 24 | 10
#1382-d147 @A: 29 13 27 33 | 01
#1383-d147 @A: 27 26 21 18 | 11
#1384-d147 @A: 27 12 07 13 | 06
#1385-d147 @A: 07 27 21 06 | 08
#1386-d147 @A: 28 27 30 06 | 12
#1387-d147 @A: 12 27 02 11 | 07
#1388-d147 @A: 14 19 15 10 | 05
#1389-d147 @A: 14 15 29 28 | 02
#1390-d147 @A: 07 14 15 13 | 09
#1391-d147 @A: 30 24 14 31 | 04
#1392-d147 @A: 28 33 20 14 | 03
#1393-d147 @A: 15 17 07 06 | 10
#1394-d147 @A: 01 07 26 17 | 01
#1395-d147 @A: 12 01 17 13 | 11
#1396-d147 @A: 31 17 30 28 | 06
#1397-d147 @A: 17 21 24 26 | 08
#1398-d147 @A: 24 06 20 17 | 12
#1399-d147 @A: 24 01 19 15 | 07
#1400-d147 @A: 18 20 35 29 | 05
#1401-d147 @A: 35 30 33 19 | 02
#1402-d147 @A: 35 31 11 30 | 09
#1403-d147 @A: 12 20 35 13 | 04
#1404-d147 @A: 18 13 07 10 | 03
#1405-d147 @A: 10 28 06 18 | 10
#1406-d147 @A: 24 30 11 10 | 01
#1407-d147 @A: 10 02 31 33 | 11
#1408-d147 @A: 18 29 26 01 | 06
#1409-d147 @A: 06 28 01 29 | 08
#1410-d147 @A: 33 21 29 31 | 12
#1411-d147 @A: 13 31 12 18 | 07
#1412-d147 @A: 02 31 13 18 | 05
#1413-d147 @A: 22 09 34 33 | 02
#1414-d147 @A: 24 14 34 09 | 09
#1415-d147 @A: 30 32 03 34 | 04
#1416-d147 @A: 10 34 03 33 | 03
#1417-d147 @A: 22 34 14 19 | 10
#1418-d147 @A: 28 26 08 34 | 01
#1419-d147 @A: 05 32 26 34 | 11
#1420-d147 @A: 18 34 25 04 | 06
#1421-d147 @A: 10 05 34 30 | 08
#1422-d147 @A: 10 34 07 27 | 12
#1423-d147 @A: 21 34 27 29 | 07
#1424-d147 @A: 33 34 12 27 | 05
#1425-d147 @A: 34 10 14 26 | 02
#1426-d147 @A: 34 10 18 20 | 09
#1427-d147 @A: 18 06 34 11 | 04
#1428-d147 @A: 21 12 34 02 | 03
#1429-d147 @A: 09 11 03 35 | 10
#1430-d147 @A: 22 19 09 15 | 01
#1431-d147 @A: 35 32 07 09 | 11
#1432-d147 @A: 10 32 19 09 | 06
#1433-d147 @A: 32 31 09 02 | 08
#1434-d147 @A: 09 16 14 01 | 12
#1435-d147 @A: 13 11 16 09 | 07
#1436-d147 @A: 06 09 12 25 | 05
#1437-d147 @A: 31 09 04 06 | 02
#1438-d147 @A: 18 15 09 05 | 09
#1439-d147 @A: 33 10 09 05 | 04
#1440-d147 @A: 26 28 18 09 | 03
#1441-d147 @A: 12 07 09 02 | 10
#1442-d147 @A: 09 24 20 12 | 01
#1443-d147 @A: 02 33 28 09 | 11
#1444-d147 @A: 14 03 24 22 | 06
#1445-d147 @A: 03 08 11 27 | 08
#1446-d147 @A: 03 32 26 04 | 12
#1447-d147 @A: 05 03 33 27 | 07
#1448-d147 @A: 05 02 03 15 | 05
#1449-d147 @A: 07 15 03 27 | 02
#1450-d147 @A: 24 33 03 07 | 09
#1451-d147 @A: 01 12 24 03 | 04
#1452-d147 @A: 28 31 01 03 | 03
#1453-d147 @A: 13 26 03 11 | 10
#1454-d147 @A: 06 03 21 24 | 01
#1455-d147 @A: 22 20 35 08 | 11
#1456-d147 @A: 23 22 32 20 | 06
#1457-d147 @A: 27 07 32 22 | 08
#1458-d147 @A: 35 07 16 22 | 12
#1459-d147 @A: 22 04 02 14 | 07
#1460-d147 @A: 10 05 22 07 | 05
#1461-d147 @A: 11 33 22 14 | 02
#1462-d147 @A: 20 22 17 28 | 09
#1463-d147 @A: 22 02 33 35 | 04
#1464-d147 @A: 18 31 22 07 | 03
#1465-d147 @A: 18 01 22 11 | 10
#1466-d147 @A: 28 22 26 12 | 01
#1467-d147 @A: 22 11 26 24 | 11
#1468-d147 @A: 14 08 25 15 | 06
#1469-d147 @A: 08 26 25 35 | 08
#1470-d147 @A: 02 29 25 08 | 12
#1471-d147 @A: 10 08 23 31 | 07
#1472-d147 @A: 08 31 04 15 | 05
#1473-d147 @A: 08 05 17 02 | 02
#1474-d147 @A: 29 15 08 20 | 09
#1475-d147 @A: 28 08 01 02 | 04
#1476-d147 @A: 28 08 12 31 | 03
#1477-d147 @A: 02 11 33 08 | 10
#1478-d147 @A: 06 11 24 08 | 01
#1479-d147 @A: 16 17 02 32 | 11
#1480-d147 @A: 32 27 23 21 | 06
#1481-d147 @A: 33 04 32 27 | 08
#1482-d147 @A: 27 02 32 10 | 12
#1483-d147 @A: 26 32 15 14 | 07
#1484-d147 @A: 14 19 35 32 | 05
#1485-d147 @A: 32 07 29 14 | 02
#1486-d147 @A: 17 35 24 32 | 09
#1487-d147 @A: 35 10 29 32 | 04
#1488-d147 @A: 12 32 07 21 | 03
#1489-d147 @A: 32 31 30 21 | 10
#1490-d147 @A: 21 06 32 02 | 01
#1491-d147 @A: 19 24 32 21 | 11
#1492-d147 @A: 25 17 06 16 | 06
#1493-d147 @A: 23 16 31 24 | 08
#1494-d147 @A: 13 04 16 14 | 12
#1495-d147 @A: 31 16 05 01 | 07
#1496-d147 @A: 15 16 29 21 | 05
#1497-d147 @A: 18 16 24 19 | 02
#1498-d147 @A: 30 27 25 05 | 09
#1499-d147 @A: 25 33 17 12 | 04
#1500-d147 @A: 15 18 29 25 | 03
#1501-d147 @A: 07 01 31 25 | 10
#1502-d147 @A: 24 25 19 12 | 01
#1503-d147 @A: 23 10 17 13 | 11
#1504-d147 @A: 33 23 35 28 | 06
#1505-d147 @A: 06 23 33 18 | 08
#1506-d147 @A: 31 23 11 02 | 12
#1507-d147 @A: 14 04 06 05 | 07
#1508-d147 @A: 19 07 04 05 | 05
#1509-d147 @A: 14 24 15 04 | 02
#1510-d147 @A: 04 30 14 07 | 09
#1511-d147 @A: 12 01 28 04 | 04
#1512-d147 @A: 12 04 31 19 | 03
#1513-d147 @A: 11 19 04 20 | 10
#1514-d147 @A: 17 05 27 19 | 01
#1515-d147 @A: 05 15 31 27 | 11
#1516-d147 @A: 21 05 14 02 | 06
#1517-d147 @A: 17 28 05 13 | 08
#1518-d147 @A: 05 20 18 26 | 12
#1519-d147 @A: 11 05 28 30 | 07
#1520-d147 @A: 19 05 21 12 | 05
#1521-d147 @A: 10 27 11 21 | 02
#1522-d147 @A: 06 11 29 27 | 09
#1523-d147 @A: 14 17 35 01 | 04
#1524-d147 @A: 14 17 29 21 | 03
#1525-d147 @A: 14 20 17 02 | 10
#1526-d147 @A: 11 14 28 07 | 01
#1527-d147 @A: 30 14 21 33 | 11
#1528-d147 @A: 24 14 20 26 | 06
#1529-d147 @A: 17 18 35 15 | 08
#1530-d147 @A: 21 02 35 17 | 12
#1531-d147 @A: 17 28 07 21 | 07
#1532-d147 @A: 02 17 01 30 | 05
#1533-d147 @A: 15 19 13 30 | 02
#1534-d147 @A: 31 26 15 20 | 09
#1535-d147 @A: 01 35 18 19 | 04
#1536-d147 @A: 07 20 35 33 | 03
#1537-d147 @A: 01 10 06 21 | 10
#1538-d147 @A: 19 12 13 10 | 01
#1539-d147 @A: 28 33 10 19 | 11
#1540-d147 @A: 06 12 29 21 | 06
#1541-d147 @A: 18 30 11 13 | 08
#1542-d147 @A: 13 24 06 30 | 12
#1543-d147 @A: 35 09 18 34 | 07
#1544-d147 @A: 06 03 34 31 | 05
#1545-d147 @A: 17 34 08 30 | 02
#1546-d147 @A: 19 32 34 17 | 09
#1547-d147 @A: 34 32 13 19 | 04
#1548-d147 @A: 23 34 33 16 | 03
#1549-d147 @A: 34 16 18 05 | 10
#1550-d147 @A: 27 34 11 16 | 01
#1551-d147 @A: 17 34 16 26 | 11
#1552-d147 @A: 30 16 02 34 | 06
#1553-d147 @A: 34 25 07 17 | 08
#1554-d147 @A: 34 35 21 25 | 12
#1555-d147 @A: 34 29 23 10 | 07
#1556-d147 @A: 27 06 14 34 | 05
#1557-d147 @A: 26 31 27 34 | 02
#1558-d147 @A: 17 18 13 34 | 09
#1559-d147 @A: 29 34 18 07 | 04
#1560-d147 @A: 01 30 18 34 | 03
#1561-d147 @A: 02 34 18 28 | 10
#1562-d147 @A: 34 02 07 01 | 01
#1563-d147 @A: 34 21 20 07 | 11
#1564-d147 @A: 31 34 01 21 | 06
#1565-d147 @A: 19 20 01 34 | 08
#1566-d147 @A: 34 21 33 06 | 12
#1567-d147 @A: 09 30 23 22 | 07
#1568-d147 @A: 09 04 24 25 | 05
#1569-d147 @A: 09 13 33 23 | 02
#1570-d147 @A: 02 04 09 05 | 09
#1571-d147 @A: 09 01 27 04 | 04
#1572-d147 @A: 09 04 30 20 | 03
#1573-d147 @A: 28 14 05 09 | 10
#1574-d147 @A: 01 05 13 09 | 01
#1575-d147 @A: 31 18 09 30 | 11
#1576-d147 @A: 12 09 18 19 | 06
#1577-d147 @A: 24 19 09 07 | 08
#1578-d147 @A: 29 08 30 03 | 12
#1579-d147 @A: 15 20 32 03 | 07
#1580-d147 @A: 03 32 29 18 | 05
#1581-d147 @A: 03 16 07 23 | 02
#1582-d147 @A: 16 03 26 05 | 09
#1583-d147 @A: 27 30 03 16 | 04
#1584-d147 @A: 03 31 23 25 | 03
#1585-d147 @A: 03 25 02 04 | 10
#1586-d147 @A: 03 30 04 05 | 01
#1587-d147 @A: 35 04 20 03 | 11
#1588-d147 @A: 03 01 05 35 | 06
#1589-d147 @A: 28 27 10 03 | 08
#1590-d147 @A: 29 33 14 03 | 12
#1591-d147 @A: 15 03 12 11 | 07
#1592-d147 @A: 03 12 30 31 | 05
#1593-d147 @A: 26 32 22 08 | 02
#1594-d147 @A: 22 08 25 04 | 09
#1595-d147 @A: 24 08 27 22 | 04
#1596-d147 @A: 22 32 11 29 | 03
#1597-d147 @A: 01 22 23 35 | 10
#1598-d147 @A: 22 24 23 07 | 01
#1599-d147 @A: 04 10 22 12 | 11
#1600-d147 @A: 04 24 06 22 | 06
#1601-d147 @A: 05 22 02 29 | 08
#1602-d147 @A: 01 12 31 22 | 12
#1603-d147 @A: 20 06 22 30 | 07
#1604-d147 @A: 02 08 32 14 | 05
#1605-d147 @A: 08 25 17 28 | 02
#1606-d147 @A: 04 10 08 29 | 09
#1607-d147 @A: 18 17 10 08 | 04
#1608-d147 @A: 10 06 08 15 | 03
#1609-d147 @A: 18 15 08 33 | 10
#1610-d147 @A: 28 11 18 08 | 01
#1611-d147 @A: 01 08 31 30 | 11
#1612-d147 @A: 16 19 32 04 | 06
#1613-d147 @A: 32 21 14 16 | 08
#1614-d147 @A: 31 29 32 16 | 12
#1615-d147 @A: 23 01 25 32 | 07
#1616-d147 @A: 25 04 11 32 | 05
#1617-d147 @A: 17 26 25 32 | 02
#1618-d147 @A: 04 12 05 32 | 09
#1619-d147 @A: 19 32 33 02 | 04
#1620-d147 @A: 16 10 21 25 | 03
#1621-d147 @A: 01 16 29 25 | 10
#1622-d147 @A: 16 13 25 06 | 01
#1623-d147 @A: 15 16 18 23 | 11
#1624-d147 @A: 12 15 04 16 | 06
#1625-d147 @A: 15 16 05 11 | 08
#1626-d147 @A: 05 16 10 29 | 12
#1627-d147 @A: 14 16 15 07 | 07
#1628-d147 @A: 30 16 26 18 | 05
#1629-d147 @A: 02 16 07 28 | 02
#1630-d147 @A: 07 31 16 21 | 09
#1631-d147 @A: 06 30 01 16 | 04
#1632-d147 @A: 25 14 02 23 | 03
#1633-d147 @A: 18 25 17 23 | 10
#1634-d147 @A: 25 04 14 17 | 01
#1635-d147 @A: 15 21 25 05 | 11
#1636-d147 @A: 14 25 31 27 | 06
#1637-d147 @A: 10 14 29 25 | 08
#1638-d147 @A: 25 35 33 01 | 12
#1639-d147 @A: 30 18 02 25 | 07
#1640-d147 @A: 15 02 27 23 | 05
#1641-d147 @A: 27 10 19 23 | 02
#1642-d147 @A: 17 23 30 06 | 09
#1643-d147 @A: 31 23 15 35 | 04
#1644-d147 @A: 02 23 18 12 | 03
#1645-d147 @A: 31 30 23 26 | 10
#1646-d147 @A: 20 23 02 30 | 01
#1647-d147 @A: 23 20 13 21 | 11
#1648-d147 @A: 04 07 35 27 | 06
#1649-d147 @A: 28 10 14 04 | 08
#1650-d147 @A: 04 31 14 26 | 12
#1651-d147 @A: 29 04 15 11 | 07
#1652-d147 @A: 35 28 04 13 | 05
#1653-d147 @A: 02 04 10 01 | 02
#1654-d147 @A: 33 18 31 04 | 09
#1655-d147 @A: 12 30 24 04 | 04
#1656-d147 @A: 33 04 19 26 | 03
#1657-d147 @A: 04 21 02 26 | 10
#1658-d147 @A: 27 01 05 10 | 01
#1659-d147 @A: 26 12 05 27 | 11
#1660-d147 @A: 05 12 10 17 | 06
#1661-d147 @A: 10 06 05 11 | 08
#1662-d147 @A: 20 05 06 29 | 12
#1663-d147 @A: 30 02 26 05 | 07
#1664-d147 @A: 20 11 33 05 | 05
#1665-d147 @A: 07 19 27 31 | 02
#1666-d147 @A: 31 20 30 27 | 09
#1667-d147 @A: 35 15 14 20 | 04
#1668-d147 @A: 24 12 14 10 | 03
#1669-d147 @A: 07 02 14 19 | 10
#1670-d147 @A: 12 06 11 14 | 01
#1671-d147 @A: 15 17 13 33 | 11
#1672-d147 @A: 17 28 12 24 | 06
#1673-d147 @A: 31 17 06 33 | 08
#1674-d147 @A: 28 07 15 12 | 12
#1675-d147 @A: 15 33 31 07 | 07
#1676-d147 @A: 30 28 15 19 | 05
#1677-d147 @A: 15 06 24 30 | 02
#1678-d147 @A: 15 12 06 20 | 09
#1679-d147 @A: 12 35 21 28 | 04
#1680-d147 @A: 02 13 35 06 | 03
#1681-d147 @A: 06 24 19 35 | 10
#1682-d147 @A: 10 01 33 11 | 01
#1683-d147 @A: 33 21 13 10 | 11
#1684-d147 @A: 12 11 29 18 | 06
#1685-d147 @A: 06 19 29 18 | 08
#1686-d147 @A: 12 31 29 07 | 12
#1687-d147 @A: 29 11 01 31 | 07
#1688-d147 @A: 30 29 06 02 | 05
#1689-d147 @A: 20 02 33 13 | 02
