#0001-d166 @A: 28 19 29 16 | 11
#0002-d166 @A: 28 33 16 08 | 02
#0003-d166 @A: 05 01 14 16 | 10
#0004-d166 @A: 14 35 16 27 | 04
#0005-d166 @A: 22 27 16 09 | 12
#0006-d166 @A: 22 16 10 18 | 07
#0007-d166 @A: 29 07 03 16 | 09
#0008-d166 @A: 25 16 10 01 | 06
#0009-d166 @A: 02 17 16 27 | 08
#0010-d166 @A: 17 04 16 09 | 03
#0011-d166 @A: 23 07 02 16 | 05
#0012-d166 @A: 02 13 16 09 | 01
#0013-d166 @A: 02 16 25 11 | 11
#0014-d166 @A: 16 26 31 04 | 02
#0015-d166 @A: 32 16 15 03 | 10
#0016-d166 @A: 19 25 16 05 | 04
#0017-d166 @A: 19 16 03 04 | 12
#0018-d166 @A: 24 28 06 14 | 07
#0019-d166 @A: 28 12 19 22 | 09
#0020-d166 @A: 22 28 06 30 | 06
#0021-d166 @A: 29 28 09 20 | 08
#0022-d166 @A: 28 30 29 32 | 03
#0023-d166 @A: 33 28 09 34 | 05
#0024-d166 @A: 17 26 19 28 | 01
#0025-d166 @A: 28 23 17 06 | 11
#0026-d166 @A: 28 24 31 02 | 02
#0027-d166 @A: 15 07 21 28 | 10
#0028-d166 @A: 10 23 28 07 | 04
#0029-d166 @A: 28 12 11 09 | 12
#0030-d166 @A: 25 10 31 28 | 07
#0031-d166 @A: 25 30 28 11 | 09
#0032-d166 @A: 28 08 05 15 | 06
#0033-d166 @A: 28 30 13 08 | 08
#0034-d166 @A: 03 08 19 28 | 03
#0035-d166 @A: 13 28 25 27 | 05
#0036-d166 @A: 29 07 14 26 | 01
#0037-d166 @A: 32 33 08 14 | 11
#0038-d166 @A: 14 21 34 17 | 02
#0039-d166 @A: 02 25 12 14 | 10
#0040-d166 @A: 06 13 07 14 | 04
#0041-d166 @A: 04 14 21 09 | 12
#0042-d166 @A: 14 06 09 35 | 07
#0043-d166 @A: 14 10 05 12 | 09
#0044-d166 @A: 27 12 20 14 | 06
#0045-d166 @A: 25 08 14 05 | 08
#0046-d166 @A: 35 14 24 15 | 03
#0047-d166 @A: 14 05 03 35 | 05
#0048-d166 @A: 32 23 27 14 | 01
#0049-d166 @A: 35 13 19 14 | 11
#0050-d166 @A: 14 30 18 03 | 02
#0051-d166 @A: 03 14 19 24 | 10
#0052-d166 @A: 09 11 22 29 | 04
#0053-d166 @A: 15 22 01 12 | 12
#0054-d166 @A: 22 10 27 17 | 07
#0055-d166 @A: 02 23 21 22 | 09
#0056-d166 @A: 02 25 31 22 | 06
#0057-d166 @A: 04 02 22 19 | 08
#0058-d166 @A: 09 04 07 22 | 03
#0059-d166 @A: 06 21 22 19 | 05
#0060-d166 @A: 08 26 23 22 | 01
#0061-d166 @A: 12 34 27 22 | 11
#0062-d166 @A: 19 10 22 34 | 02
#0063-d166 @A: 13 15 22 04 | 10
#0064-d166 @A: 05 04 23 22 | 04
#0065-d166 @A: 23 22 03 27 | 12
#0066-d166 @A: 03 24 22 04 | 07
#0067-d166 @A: 35 19 24 22 | 09
#0068-d166 @A: 30 22 18 25 | 06
#0069-d166 @A: 22 13 24 32 | 08
#0070-d166 @A: 01 30 33 29 | 03
#0071-d166 @A: 01 02 20 29 | 05
#0072-d166 @A: 29 07 15 01 | 01
#0073-d166 @A: 29 01 19 06 | 11
#0074-d166 @A: 06 29 02 13 | 02
#0075-d166 @A: 09 29 07 27 | 10
#0076-d166 @A: 34 29 05 07 | 04
#0077-d166 @A: 29 09 35 12 | 12
#0078-d166 @A: 34 26 08 29 | 07
#0079-d166 @A: 29 31 04 25 | 09
#0080-d166 @A: 25 18 29 11 | 06
#0081-d166 @A: 05 29 24 15 | 08
#0082-d166 @A: 17 33 08 01 | 03
#0083-d166 @A: 07 01 20 09 | 05
#0084-d166 @A: 25 31 01 12 | 01
#0085-d166 @A: 34 31 32 01 | 11
#0086-d166 @A: 04 23 10 01 | 02
#0087-d166 @A: 01 25 32 11 | 10
#0088-d166 @A: 19 08 01 15 | 04
#0089-d166 @A: 01 24 03 30 | 12
#0090-d166 @A: 33 09 17 18 | 07
#0091-d166 @A: 20 17 11 33 | 09
#0092-d166 @A: 02 33 30 34 | 06
#0093-d166 @A: 15 07 33 34 | 08
#0094-d166 @A: 09 12 33 27 | 03
#0095-d166 @A: 09 05 19 33 | 05
#0096-d166 @A: 21 15 33 11 | 01
#0097-d166 @A: 10 26 33 24 | 11
#0098-d166 @A: 33 30 31 06 | 02
#0099-d166 @A: 25 12 33 06 | 10
#0100-d166 @A: 33 12 32 06 | 04
#0101-d166 @A: 23 13 08 33 | 12
#0102-d166 @A: 33 30 23 25 | 07
#0103-d166 @A: 17 09 02 23 | 09
#0104-d166 @A: 10 02 17 30 | 06
#0105-d166 @A: 21 23 07 17 | 08
#0106-d166 @A: 07 10 17 08 | 03
#0107-d166 @A: 05 04 07 17 | 05
#0108-d166 @A: 21 17 27 12 | 01
#0109-d166 @A: 34 08 17 19 | 11
#0110-d166 @A: 20 17 24 27 | 02
#0111-d166 @A: 13 04 17 35 | 10
#0112-d166 @A: 07 09 02 31 | 04
#0113-d166 @A: 02 05 09 03 | 12
#0114-d166 @A: 02 06 32 18 | 07
#0115-d166 @A: 13 02 03 15 | 09
#0116-d166 @A: 05 23 02 24 | 06
#0117-d166 @A: 21 12 05 07 | 08
#0118-d166 @A: 21 12 07 32 | 03
#0119-d166 @A: 20 08 13 07 | 05
#0120-d166 @A: 32 09 24 21 | 01
#0121-d166 @A: 09 20 11 05 | 11
#0122-d166 @A: 09 08 18 32 | 02
#0123-d166 @A: 30 15 25 09 | 10
#0124-d166 @A: 27 26 31 21 | 04
#0125-d166 @A: 11 24 21 13 | 12
#0126-d166 @A: 21 24 04 15 | 07
#0127-d166 @A: 35 13 21 05 | 09
#0128-d166 @A: 21 05 30 24 | 06
#0129-d166 @A: 03 21 32 30 | 08
#0130-d166 @A: 26 08 12 32 | 03
#0131-d166 @A: 11 26 04 19 | 05
#0132-d166 @A: 08 35 26 27 | 01
#0133-d166 @A: 26 30 19 13 | 11
#0134-d166 @A: 12 31 04 32 | 02
#0135-d166 @A: 13 18 31 11 | 10
#0136-d166 @A: 12 27 32 15 | 04
#0137-d166 @A: 32 18 20 12 | 12
#0138-d166 @A: 34 25 08 11 | 07
#0139-d166 @A: 35 34 13 18 | 09
#0140-d166 @A: 10 08 27 06 | 06
#0141-d166 @A: 10 03 05 27 | 08
#0142-d166 @A: 06 11 35 05 | 03
#0143-d166 @A: 06 20 04 15 | 05
#0144-d166 @A: 19 25 35 06 | 01
#0145-d166 @A: 06 18 27 19 | 11
#0146-d166 @A: 32 08 24 27 | 02
#0147-d166 @A: 17 14 33 16 | 10
#0148-d166 @A: 13 16 22 29 | 04
#0149-d166 @A: 22 16 24 02 | 12
#0150-d166 @A: 10 16 29 15 | 07
#0151-d166 @A: 29 06 16 27 | 09
#0152-d166 @A: 16 12 01 24 | 06
#0153-d166 @A: 03 16 13 01 | 08
#0154-d166 @A: 16 21 07 35 | 03
#0155-d166 @A: 16 09 32 06 | 05
#0156-d166 @A: 16 18 24 09 | 01
#0157-d166 @A: 21 16 19 12 | 11
#0158-d166 @A: 04 16 21 20 | 02
#0159-d166 @A: 08 16 23 03 | 10
#0160-d166 @A: 25 16 24 15 | 04
#0161-d166 @A: 04 13 16 25 | 12
#0162-d166 @A: 28 14 29 08 | 07
#0163-d166 @A: 12 14 04 28 | 09
#0164-d166 @A: 29 23 28 33 | 06
#0165-d166 @A: 12 07 28 01 | 08
#0166-d166 @A: 30 05 28 07 | 03
#0167-d166 @A: 21 19 35 28 | 05
#0168-d166 @A: 26 12 28 05 | 01
#0169-d166 @A: 08 06 04 28 | 11
#0170-d166 @A: 13 04 28 23 | 02
#0171-d166 @A: 27 23 28 30 | 10
#0172-d166 @A: 27 19 28 24 | 04
#0173-d166 @A: 01 29 03 14 | 12
#0174-d166 @A: 30 14 29 09 | 07
#0175-d166 @A: 34 01 14 04 | 09
#0176-d166 @A: 14 33 07 25 | 06
#0177-d166 @A: 17 30 14 27 | 08
#0178-d166 @A: 07 03 27 14 | 03
#0179-d166 @A: 32 14 26 20 | 05
#0180-d166 @A: 26 14 27 23 | 01
#0181-d166 @A: 31 14 34 05 | 11
#0182-d166 @A: 03 34 14 32 | 02
#0183-d166 @A: 19 14 20 04 | 10
#0184-d166 @A: 27 18 13 14 | 04
#0185-d166 @A: 12 22 05 29 | 12
#0186-d166 @A: 22 29 30 34 | 07
#0187-d166 @A: 24 01 22 07 | 09
#0188-d166 @A: 20 22 07 10 | 06
#0189-d166 @A: 10 08 22 09 | 08
#0190-d166 @A: 26 22 27 04 | 03
#0191-d166 @A: 12 22 11 18 | 05
#0192-d166 @A: 22 11 20 13 | 01
#0193-d166 @A: 35 05 18 22 | 11
#0194-d166 @A: 13 05 30 22 | 02
#0195-d166 @A: 20 35 22 23 | 10
#0196-d166 @A: 22 32 19 35 | 04
#0197-d166 @A: 24 18 13 22 | 12
#0198-d166 @A: 05 09 29 01 | 07
#0199-d166 @A: 29 19 30 17 | 09
#0200-d166 @A: 15 29 08 02 | 06
#0201-d166 @A: 30 25 07 29 | 08
#0202-d166 @A: 29 13 15 26 | 03
#0203-d166 @A: 10 29 11 31 | 05
#0204-d166 @A: 03 29 34 12 | 01
#0205-d166 @A: 29 12 25 08 | 11
#0206-d166 @A: 18 03 05 29 | 02
#0207-d166 @A: 13 19 25 29 | 10
#0208-d166 @A: 01 09 33 21 | 04
#0209-d166 @A: 24 01 06 33 | 12
#0210-d166 @A: 01 11 33 35 | 07
#0211-d166 @A: 26 02 11 01 | 09
#0212-d166 @A: 15 01 09 31 | 06
#0213-d166 @A: 01 08 18 09 | 08
#0214-d166 @A: 34 35 12 01 | 03
#0215-d166 @A: 01 12 06 18 | 05
#0216-d166 @A: 24 01 13 15 | 01
#0217-d166 @A: 24 05 25 01 | 11
#0218-d166 @A: 13 25 18 01 | 02
#0219-d166 @A: 21 33 06 08 | 10
#0220-d166 @A: 26 33 03 34 | 04
#0221-d166 @A: 05 27 33 31 | 12
#0222-d166 @A: 04 10 08 33 | 07
#0223-d166 @A: 18 10 33 32 | 09
#0224-d166 @A: 05 20 08 33 | 06
#0225-d166 @A: 18 35 33 08 | 08
#0226-d166 @A: 32 33 15 25 | 03
#0227-d166 @A: 35 32 24 33 | 05
#0228-d166 @A: 13 18 33 03 | 01
#0229-d166 @A: 17 02 25 07 | 11
#0230-d166 @A: 07 17 20 34 | 02
#0231-d166 @A: 26 09 17 30 | 10
#0232-d166 @A: 17 06 09 08 | 04
#0233-d166 @A: 11 26 27 17 | 12
#0234-d166 @A: 35 17 26 03 | 07
#0235-d166 @A: 06 31 03 17 | 09
#0236-d166 @A: 17 19 32 06 | 06
#0237-d166 @A: 08 35 11 17 | 08
#0238-d166 @A: 23 15 17 25 | 03
#0239-d166 @A: 30 17 20 25 | 05
#0240-d166 @A: 24 23 17 04 | 01
#0241-d166 @A: 35 23 30 17 | 11
#0242-d166 @A: 07 03 30 02 | 02
#0243-d166 @A: 30 12 09 02 | 10
#0244-d166 @A: 02 19 09 18 | 04
#0245-d166 @A: 21 15 02 30 | 12
#0246-d166 @A: 35 31 26 02 | 07
#0247-d166 @A: 02 31 05 13 | 09
#0248-d166 @A: 12 02 34 24 | 06
#0249-d166 @A: 25 02 10 23 | 08
#0250-d166 @A: 06 02 25 27 | 03
#0251-d166 @A: 11 02 30 08 | 05
#0252-d166 @A: 11 06 07 21 | 01
#0253-d166 @A: 18 31 07 12 | 11
#0254-d166 @A: 06 07 27 12 | 02
#0255-d166 @A: 27 15 13 07 | 10
#0256-d166 @A: 05 07 35 25 | 04
#0257-d166 @A: 30 07 23 20 | 12
#0258-d166 @A: 19 07 24 20 | 07
#0259-d166 @A: 26 04 09 12 | 09
#0260-d166 @A: 04 09 26 32 | 06
#0261-d166 @A: 12 05 09 31 | 08
#0262-d166 @A: 12 20 34 09 | 03
#0263-d166 @A: 25 34 03 09 | 05
#0264-d166 @A: 09 30 23 11 | 01
#0265-d166 @A: 08 03 09 24 | 11
#0266-d166 @A: 04 05 15 09 | 02
#0267-d166 @A: 23 25 09 13 | 10
#0268-d166 @A: 26 34 23 21 | 04
#0269-d166 @A: 25 21 34 12 | 12
#0270-d166 @A: 35 15 21 34 | 07
#0271-d166 @A: 11 30 27 21 | 09
#0272-d166 @A: 04 27 23 21 | 06
#0273-d166 @A: 31 13 32 26 | 08
#0274-d166 @A: 06 12 26 35 | 03
#0275-d166 @A: 15 08 26 04 | 05
#0276-d166 @A: 26 23 13 35 | 01
#0277-d166 @A: 31 24 20 18 | 11
#0278-d166 @A: 25 31 03 23 | 02
#0279-d166 @A: 12 10 15 34 | 10
#0280-d166 @A: 35 08 12 20 | 04
#0281-d166 @A: 13 20 12 30 | 12
#0282-d166 @A: 19 15 34 11 | 07
#0283-d166 @A: 03 34 11 05 | 09
#0284-d166 @A: 34 08 24 18 | 06
#0285-d166 @A: 34 23 15 05 | 08
#0286-d166 @A: 34 24 32 05 | 03
#0287-d166 @A: 06 24 10 19 | 05
#0288-d166 @A: 03 11 10 23 | 01
#0289-d166 @A: 15 13 25 10 | 11
#0290-d166 @A: 10 35 05 23 | 02
#0291-d166 @A: 05 25 18 10 | 10
#0292-d166 @A: 19 05 06 08 | 04
#0293-d166 @A: 06 35 32 27 | 12
#0294-d166 @A: 27 32 05 11 | 07
#0295-d166 @A: 18 32 24 11 | 09
#0296-d166 @A: 05 32 35 25 | 06
#0297-d166 @A: 32 27 20 03 | 08
#0298-d166 @A: 32 18 25 19 | 03
#0299-d166 @A: 14 08 16 22 | 05
#0300-d166 @A: 04 02 33 16 | 01
#0301-d166 @A: 13 16 33 07 | 11
#0302-d166 @A: 27 16 33 21 | 02
#0303-d166 @A: 16 07 11 17 | 10
#0304-d166 @A: 17 23 16 19 | 04
#0305-d166 @A: 34 07 18 16 | 12
#0306-d166 @A: 10 16 26 23 | 07
#0307-d166 @A: 12 16 04 15 | 09
#0308-d166 @A: 05 11 15 16 | 06
#0309-d166 @A: 23 16 15 20 | 08
#0310-d166 @A: 04 32 16 23 | 03
#0311-d166 @A: 14 28 11 22 | 05
#0312-d166 @A: 26 20 28 14 | 01
#0313-d166 @A: 28 22 07 08 | 11
#0314-d166 @A: 28 29 11 17 | 02
#0315-d166 @A: 29 28 03 02 | 10
#0316-d166 @A: 29 26 30 28 | 04
#0317-d166 @A: 19 28 01 10 | 12
#0318-d166 @A: 35 20 28 01 | 07
#0319-d166 @A: 28 02 34 25 | 09
#0320-d166 @A: 03 28 23 09 | 06
#0321-d166 @A: 31 21 04 28 | 08
#0322-d166 @A: 31 28 05 06 | 03
#0323-d166 @A: 20 12 28 06 | 05
#0324-d166 @A: 24 12 32 28 | 01
#0325-d166 @A: 28 34 19 18 | 11
#0326-d166 @A: 28 11 13 03 | 02
#0327-d166 @A: 24 08 28 35 | 10
#0328-d166 @A: 35 04 18 28 | 04
#0329-d166 @A: 25 21 22 14 | 12
#0330-d166 @A: 10 14 29 18 | 07
#0331-d166 @A: 19 14 17 01 | 09
#0332-d166 @A: 12 14 30 01 | 06
#0333-d166 @A: 14 23 10 17 | 08
#0334-d166 @A: 14 08 17 13 | 03
#0335-d166 @A: 02 14 03 31 | 05
#0336-d166 @A: 20 08 14 09 | 01
#0337-d166 @A: 34 14 13 12 | 11
#0338-d166 @A: 23 14 30 05 | 02
#0339-d166 @A: 04 13 14 05 | 10
#0340-d166 @A: 14 03 13 25 | 04
#0341-d166 @A: 31 33 22 20 | 12
#0342-d166 @A: 22 33 08 34 | 07
#0343-d166 @A: 17 20 09 22 | 09
#0344-d166 @A: 22 17 13 06 | 06
#0345-d166 @A: 02 15 34 22 | 08
#0346-d166 @A: 07 15 06 22 | 03
#0347-d166 @A: 15 26 21 22 | 05
#0348-d166 @A: 06 22 31 24 | 01
#0349-d166 @A: 27 15 22 11 | 11
#0350-d166 @A: 23 24 22 25 | 02
#0351-d166 @A: 27 22 24 30 | 10
#0352-d166 @A: 35 01 13 29 | 04
#0353-d166 @A: 29 33 24 27 | 12
#0354-d166 @A: 35 17 29 31 | 07
#0355-d166 @A: 32 29 17 05 | 09
#0356-d166 @A: 29 19 32 02 | 06
#0357-d166 @A: 29 12 20 31 | 08
#0358-d166 @A: 23 27 29 12 | 03
#0359-d166 @A: 04 10 34 29 | 05
#0360-d166 @A: 20 06 03 29 | 01
#0361-d166 @A: 29 08 03 30 | 11
#0362-d166 @A: 05 29 23 19 | 02
#0363-d166 @A: 21 25 02 01 | 10
#0364-d166 @A: 05 02 06 01 | 04
#0365-d166 @A: 01 08 07 32 | 12
#0366-d166 @A: 26 09 03 01 | 07
#0367-d166 @A: 10 01 09 30 | 09
#0368-d166 @A: 08 06 01 26 | 06
#0369-d166 @A: 01 34 20 15 | 08
#0370-d166 @A: 11 23 01 08 | 03
#0371-d166 @A: 05 01 30 15 | 05
#0372-d166 @A: 03 04 01 20 | 01
#0373-d166 @A: 13 01 04 32 | 11
#0374-d166 @A: 35 33 17 34 | 02
#0375-d166 @A: 33 11 02 12 | 10
#0376-d166 @A: 10 09 33 06 | 04
#0377-d166 @A: 33 08 12 26 | 12
#0378-d166 @A: 33 34 20 27 | 07
#0379-d166 @A: 33 11 23 05 | 09
#0380-d166 @A: 13 33 27 30 | 06
#0381-d166 @A: 17 02 06 19 | 08
#0382-d166 @A: 17 09 07 15 | 03
#0383-d166 @A: 07 06 17 30 | 05
#0384-d166 @A: 09 17 05 21 | 01
#0385-d166 @A: 08 25 26 17 | 11
#0386-d166 @A: 04 17 12 10 | 02
#0387-d166 @A: 34 10 05 17 | 10
#0388-d166 @A: 17 15 24 08 | 04
#0389-d166 @A: 17 04 27 19 | 12
#0390-d166 @A: 17 35 03 32 | 07
#0391-d166 @A: 18 17 13 30 | 09
#0392-d166 @A: 02 32 27 09 | 06
#0393-d166 @A: 12 31 02 23 | 08
#0394-d166 @A: 02 32 31 10 | 03
#0395-d166 @A: 02 15 05 25 | 05
#0396-d166 @A: 13 30 02 25 | 01
#0397-d166 @A: 27 02 24 18 | 11
#0398-d166 @A: 07 10 09 24 | 02
#0399-d166 @A: 26 11 34 07 | 10
#0400-d166 @A: 15 07 18 10 | 04
#0401-d166 @A: 07 32 15 23 | 12
#0402-d166 @A: 13 23 05 07 | 07
#0403-d166 @A: 23 04 07 19 | 09
#0404-d166 @A: 07 18 03 32 | 06
#0405-d166 @A: 19 07 27 30 | 08
#0406-d166 @A: 12 09 32 34 | 03
#0407-d166 @A: 09 34 06 19 | 05
#0408-d166 @A: 27 19 09 11 | 01
#0409-d166 @A: 18 27 15 09 | 11
#0410-d166 @A: 13 19 15 09 | 02
#0411-d166 @A: 05 23 09 18 | 10
#0412-d166 @A: 09 24 30 20 | 04
#0413-d166 @A: 09 23 27 24 | 12
#0414-d166 @A: 13 35 09 03 | 07
#0415-d166 @A: 04 11 08 21 | 09
#0416-d166 @A: 11 30 32 21 | 06
#0417-d166 @A: 27 15 21 05 | 08
#0418-d166 @A: 21 15 25 19 | 03
#0419-d166 @A: 18 20 27 21 | 05
#0420-d166 @A: 30 21 03 25 | 01
#0421-d166 @A: 19 26 12 10 | 11
#0422-d166 @A: 25 15 26 20 | 02
#0423-d166 @A: 10 34 08 31 | 10
#0424-d166 @A: 34 31 06 20 | 04
#0425-d166 @A: 11 04 31 03 | 12
#0426-d166 @A: 04 35 15 31 | 07
#0427-d166 @A: 27 03 31 18 | 09
#0428-d166 @A: 11 23 12 19 | 06
#0429-d166 @A: 35 15 27 12 | 08
#0430-d166 @A: 25 12 23 05 | 03
#0431-d166 @A: 12 13 03 05 | 05
#0432-d166 @A: 27 12 18 25 | 01
#0433-d166 @A: 20 11 34 04 | 11
#0434-d166 @A: 30 18 34 15 | 02
#0435-d166 @A: 10 15 23 24 | 10
#0436-d166 @A: 19 10 05 30 | 04
#0437-d166 @A: 18 30 10 27 | 12
#0438-d166 @A: 08 06 25 32 | 07
#0439-d166 @A: 03 06 18 23 | 09
#0440-d166 @A: 13 03 05 32 | 06
#0441-d166 @A: 28 04 16 22 | 08
#0442-d166 @A: 28 10 16 24 | 03
#0443-d166 @A: 13 16 28 15 | 05
#0444-d166 @A: 16 14 04 10 | 01
#0445-d166 @A: 22 35 12 16 | 11
#0446-d166 @A: 29 01 04 16 | 02
#0447-d166 @A: 16 09 12 07 | 10
#0448-d166 @A: 06 20 16 09 | 04
#0449-d166 @A: 03 16 21 31 | 12
#0450-d166 @A: 06 24 16 26 | 07
#0451-d166 @A: 32 16 12 10 | 09
#0452-d166 @A: 06 12 16 13 | 06
#0453-d166 @A: 35 18 11 16 | 08
#0454-d166 @A: 27 16 11 13 | 03
#0455-d166 @A: 30 13 16 32 | 05
#0456-d166 @A: 23 14 31 28 | 01
#0457-d166 @A: 28 22 24 29 | 11
#0458-d166 @A: 22 21 28 20 | 02
#0459-d166 @A: 13 17 20 28 | 10
#0460-d166 @A: 06 07 28 19 | 04
#0461-d166 @A: 28 09 04 10 | 12
#0462-d166 @A: 28 34 04 26 | 07
#0463-d166 @A: 05 28 31 32 | 09
#0464-d166 @A: 03 28 34 06 | 06
#0465-d166 @A: 25 32 28 34 | 08
#0466-d166 @A: 06 03 28 32 | 03
#0467-d166 @A: 23 02 14 29 | 05
#0468-d166 @A: 15 29 14 32 | 01
#0469-d166 @A: 01 26 14 21 | 11
#0470-d166 @A: 31 33 14 04 | 02
#0471-d166 @A: 14 26 10 08 | 10
#0472-d166 @A: 06 14 26 04 | 04
#0473-d166 @A: 20 31 14 25 | 12
#0474-d166 @A: 04 15 23 14 | 07
#0475-d166 @A: 24 05 20 14 | 09
#0476-d166 @A: 14 18 20 35 | 06
#0477-d166 @A: 02 17 33 22 | 08
#0478-d166 @A: 22 17 05 26 | 03
#0479-d166 @A: 13 07 22 03 | 05
#0480-d166 @A: 22 09 34 05 | 01
#0481-d166 @A: 26 22 31 12 | 11
#0482-d166 @A: 08 15 25 22 | 02
#0483-d166 @A: 17 29 02 05 | 10
#0484-d166 @A: 17 29 13 09 | 04
#0485-d166 @A: 35 29 02 07 | 12
#0486-d166 @A: 24 02 10 29 | 07
#0487-d166 @A: 31 23 29 13 | 09
#0488-d166 @A: 29 05 20 10 | 06
#0489-d166 @A: 19 29 15 20 | 08
#0490-d166 @A: 15 35 29 18 | 03
#0491-d166 @A: 35 20 29 24 | 05
#0492-d166 @A: 27 18 04 29 | 01
#0493-d166 @A: 27 25 29 32 | 11
#0494-d166 @A: 01 17 35 09 | 02
#0495-d166 @A: 21 01 17 13 | 10
#0496-d166 @A: 10 11 01 17 | 04
#0497-d166 @A: 18 01 02 07 | 12
#0498-d166 @A: 02 10 01 03 | 07
#0499-d166 @A: 09 04 01 06 | 09
#0500-d166 @A: 27 24 01 26 | 06
#0501-d166 @A: 05 10 01 31 | 08
#0502-d166 @A: 11 18 01 03 | 03
#0503-d166 @A: 23 15 01 18 | 05
#0504-d166 @A: 30 01 20 18 | 01
#0505-d166 @A: 27 20 19 01 | 11
#0506-d166 @A: 33 05 35 02 | 02
#0507-d166 @A: 12 20 33 07 | 10
#0508-d166 @A: 25 03 33 05 | 04
#0509-d166 @A: 33 13 20 35 | 12
#0510-d166 @A: 35 33 23 24 | 07
#0511-d166 @A: 17 26 18 02 | 09
#0512-d166 @A: 27 17 07 32 | 06
#0513-d166 @A: 31 17 04 20 | 08
#0514-d166 @A: 20 12 23 17 | 03
#0515-d166 @A: 32 17 08 34 | 05
#0516-d166 @A: 17 35 18 10 | 01
#0517-d166 @A: 15 11 13 17 | 11
#0518-d166 @A: 30 04 17 03 | 02
#0519-d166 @A: 24 09 06 02 | 10
#0520-d166 @A: 18 21 02 12 | 04
#0521-d166 @A: 04 02 21 05 | 12
#0522-d166 @A: 12 02 27 26 | 07
#0523-d166 @A: 34 20 02 26 | 09
#0524-d166 @A: 02 26 24 30 | 06
#0525-d166 @A: 02 08 10 12 | 08
#0526-d166 @A: 02 06 12 03 | 03
#0527-d166 @A: 23 11 27 02 | 05
#0528-d166 @A: 11 13 04 02 | 01
#0529-d166 @A: 08 15 32 02 | 11
#0530-d166 @A: 20 02 25 03 | 02
#0531-d166 @A: 07 21 31 20 | 10
#0532-d166 @A: 11 31 07 27 | 04
#0533-d166 @A: 07 06 32 24 | 12
#0534-d166 @A: 07 03 23 15 | 07
#0535-d166 @A: 23 27 07 35 | 09
#0536-d166 @A: 30 07 13 35 | 06
#0537-d166 @A: 26 15 09 23 | 08
#0538-d166 @A: 08 35 09 34 | 03
#0539-d166 @A: 30 08 05 09 | 05
#0540-d166 @A: 25 24 35 09 | 01
#0541-d166 @A: 35 12 31 21 | 11
#0542-d166 @A: 24 34 21 10 | 02
#0543-d166 @A: 21 25 11 23 | 10
#0544-d166 @A: 15 18 26 03 | 04
#0545-d166 @A: 26 04 03 13 | 12
#0546-d166 @A: 27 25 03 26 | 07
#0547-d166 @A: 31 15 20 32 | 09
#0548-d166 @A: 27 31 23 20 | 06
#0549-d166 @A: 30 23 31 19 | 08
#0550-d166 @A: 13 04 24 31 | 03
#0551-d166 @A: 12 24 06 05 | 05
#0552-d166 @A: 11 25 12 24 | 01
#0553-d166 @A: 15 12 23 13 | 11
#0554-d166 @A: 12 24 15 18 | 02
#0555-d166 @A: 12 27 05 30 | 10
#0556-d166 @A: 18 12 35 03 | 04
#0557-d166 @A: 34 13 15 08 | 12
#0558-d166 @A: 27 34 23 08 | 07
#0559-d166 @A: 04 34 05 19 | 09
#0560-d166 @A: 15 05 10 06 | 06
#0561-d166 @A: 27 20 10 35 | 08
#0562-d166 @A: 10 20 19 13 | 03
#0563-d166 @A: 30 25 35 10 | 05
#0564-d166 @A: 06 19 13 11 | 01
#0565-d166 @A: 35 15 13 06 | 11
#0566-d166 @A: 19 20 23 06 | 02
#0567-d166 @A: 30 14 28 16 | 10
#0568-d166 @A: 02 28 01 16 | 04
#0569-d166 @A: 07 16 14 20 | 12
#0570-d166 @A: 16 15 22 17 | 07
#0571-d166 @A: 32 19 01 16 | 09
#0572-d166 @A: 06 17 05 16 | 06
#0573-d166 @A: 16 31 09 25 | 08
#0574-d166 @A: 23 16 24 21 | 03
#0575-d166 @A: 35 16 31 06 | 05
#0576-d166 @A: 10 16 12 20 | 01
#0577-d166 @A: 16 04 24 34 | 11
#0578-d166 @A: 16 20 19 08 | 02
#0579-d166 @A: 03 16 30 05 | 10
#0580-d166 @A: 13 16 30 23 | 04
#0581-d166 @A: 28 18 14 21 | 12
#0582-d166 @A: 28 32 23 22 | 07
#0583-d166 @A: 28 05 01 03 | 09
#0584-d166 @A: 24 01 18 28 | 06
#0585-d166 @A: 11 33 07 28 | 08
#0586-d166 @A: 28 19 33 31 | 03
#0587-d166 @A: 24 28 12 33 | 05
#0588-d166 @A: 33 28 10 05 | 01
#0589-d166 @A: 04 17 02 28 | 11
#0590-d166 @A: 32 17 21 28 | 02
#0591-d166 @A: 26 28 07 27 | 10
#0592-d166 @A: 27 28 09 06 | 04
#0593-d166 @A: 32 28 09 15 | 12
#0594-d166 @A: 02 27 14 22 | 07
#0595-d166 @A: 22 14 07 12 | 09
#0596-d166 @A: 17 14 01 32 | 06
#0597-d166 @A: 11 33 34 14 | 08
#0598-d166 @A: 14 10 27 33 | 03
#0599-d166 @A: 33 24 30 14 | 05
#0600-d166 @A: 14 17 12 31 | 01
#0601-d166 @A: 02 26 05 14 | 11
#0602-d166 @A: 02 12 14 32 | 02
#0603-d166 @A: 14 26 19 31 | 10
#0604-d166 @A: 31 10 30 14 | 04
#0605-d166 @A: 08 01 22 21 | 12
#0606-d166 @A: 06 01 27 22 | 07
#0607-d166 @A: 01 22 19 11 | 09
#0608-d166 @A: 33 12 04 22 | 06
#0609-d166 @A: 32 22 34 33 | 08
#0610-d166 @A: 21 31 22 13 | 03
#0611-d166 @A: 18 32 31 22 | 05
#0612-d166 @A: 22 20 25 27 | 01
#0613-d166 @A: 03 18 20 22 | 11
#0614-d166 @A: 26 18 29 01 | 02
#0615-d166 @A: 21 20 29 33 | 10
#0616-d166 @A: 12 29 17 26 | 04
#0617-d166 @A: 29 02 34 27 | 12
#0618-d166 @A: 31 07 19 29 | 07
#0619-d166 @A: 34 29 31 21 | 09
#0620-d166 @A: 06 24 29 21 | 06
#0621-d166 @A: 26 27 29 10 | 08
#0622-d166 @A: 12 29 11 04 | 03
#0623-d166 @A: 29 11 32 34 | 05
#0624-d166 @A: 08 29 19 11 | 01
#0625-d166 @A: 04 08 05 29 | 11
#0626-d166 @A: 30 15 29 04 | 02
#0627-d166 @A: 04 23 03 29 | 10
#0628-d166 @A: 01 07 33 19 | 04
#0629-d166 @A: 04 01 26 17 | 12
#0630-d166 @A: 01 24 34 17 | 07
#0631-d166 @A: 02 04 12 01 | 09
#0632-d166 @A: 01 35 07 31 | 06
#0633-d166 @A: 12 23 01 26 | 08
#0634-d166 @A: 01 25 27 11 | 03
#0635-d166 @A: 30 08 27 01 | 05
#0636-d166 @A: 15 32 30 01 | 01
#0637-d166 @A: 23 27 13 01 | 11
#0638-d166 @A: 21 03 17 33 | 02
#0639-d166 @A: 03 02 24 33 | 10
#0640-d166 @A: 07 18 21 33 | 04
#0641-d166 @A: 33 26 04 07 | 12
#0642-d166 @A: 07 06 05 33 | 07
#0643-d166 @A: 08 09 31 33 | 09
#0644-d166 @A: 31 34 24 33 | 06
#0645-d166 @A: 33 03 12 30 | 08
#0646-d166 @A: 26 17 07 31 | 03
#0647-d166 @A: 09 34 11 17 | 05
#0648-d166 @A: 21 15 31 17 | 01
#0649-d166 @A: 10 17 31 24 | 11
#0650-d166 @A: 32 31 17 19 | 02
#0651-d166 @A: 07 32 13 02 | 10
#0652-d166 @A: 11 10 02 34 | 04
#0653-d166 @A: 23 02 06 34 | 12
#0654-d166 @A: 15 02 35 23 | 07
#0655-d166 @A: 30 35 02 27 | 09
#0656-d166 @A: 11 03 09 07 | 06
#0657-d166 @A: 07 19 08 09 | 08
#0658-d166 @A: 07 26 05 08 | 03
#0659-d166 @A: 15 19 05 07 | 05
#0660-d166 @A: 21 03 06 09 | 01
#0661-d166 @A: 24 26 31 09 | 11
#0662-d166 @A: 13 27 10 09 | 02
#0663-d166 @A: 09 20 32 23 | 10
#0664-d166 @A: 18 04 03 09 | 04
#0665-d166 @A: 09 18 35 30 | 12
#0666-d166 @A: 30 21 26 06 | 07
#0667-d166 @A: 31 11 21 05 | 09
#0668-d166 @A: 11 21 10 12 | 06
#0669-d166 @A: 10 15 21 32 | 08
#0670-d166 @A: 08 21 20 32 | 03
#0671-d166 @A: 08 21 30 23 | 05
#0672-d166 @A: 08 19 21 24 | 01
#0673-d166 @A: 25 23 32 21 | 11
#0674-d166 @A: 19 21 30 18 | 02
#0675-d166 @A: 26 06 31 25 | 10
#0676-d166 @A: 26 11 15 12 | 04
#0677-d166 @A: 26 06 34 32 | 12
#0678-d166 @A: 11 05 30 26 | 07
#0679-d166 @A: 30 26 08 20 | 09
#0680-d166 @A: 04 26 25 05 | 06
#0681-d166 @A: 26 35 19 20 | 08
#0682-d166 @A: 26 35 18 24 | 03
#0683-d166 @A: 26 32 19 27 | 05
#0684-d166 @A: 25 31 19 11 | 01
#0685-d166 @A: 05 31 15 18 | 11
#0686-d166 @A: 31 04 23 18 | 02
#0687-d166 @A: 11 12 08 05 | 10
#0688-d166 @A: 32 12 13 23 | 04
#0689-d166 @A: 30 23 12 24 | 12
#0690-d166 @A: 13 34 23 11 | 07
#0691-d166 @A: 20 34 08 03 | 09
#0692-d166 @A: 04 15 32 34 | 06
#0693-d166 @A: 04 34 19 32 | 08
#0694-d166 @A: 10 23 06 30 | 03
#0695-d166 @A: 10 24 03 13 | 05
#0696-d166 @A: 06 18 11 04 | 01
#0697-d166 @A: 13 32 06 11 | 11
#0698-d166 @A: 06 24 20 08 | 02
#0699-d166 @A: 24 32 20 11 | 10
#0700-d166 @A: 35 04 32 20 | 04
#0701-d166 @A: 28 16 17 35 | 12
#0702-d166 @A: 16 14 29 25 | 07
#0703-d166 @A: 16 17 29 24 | 09
#0704-d166 @A: 05 31 29 16 | 06
#0705-d166 @A: 06 01 16 30 | 08
#0706-d166 @A: 16 06 33 19 | 03
#0707-d166 @A: 12 05 16 02 | 05
#0708-d166 @A: 10 16 34 35 | 01
#0709-d166 @A: 24 11 16 19 | 11
#0710-d166 @A: 24 16 08 05 | 02
#0711-d166 @A: 30 25 16 08 | 10
#0712-d166 @A: 27 16 03 24 | 04
#0713-d166 @A: 03 33 28 14 | 12
#0714-d166 @A: 22 28 27 31 | 07
#0715-d166 @A: 01 28 04 33 | 09
#0716-d166 @A: 26 15 28 33 | 06
#0717-d166 @A: 28 17 09 24 | 08
#0718-d166 @A: 12 28 17 08 | 03
#0719-d166 @A: 28 32 07 19 | 05
#0720-d166 @A: 35 09 28 26 | 01
#0721-d166 @A: 28 10 06 21 | 11
#0722-d166 @A: 27 28 21 08 | 02
#0723-d166 @A: 32 35 26 28 | 10
#0724-d166 @A: 28 31 12 03 | 04
#0725-d166 @A: 34 24 15 28 | 12
#0726-d166 @A: 24 11 28 05 | 07
#0727-d166 @A: 35 30 28 15 | 09
#0728-d166 @A: 13 19 28 05 | 06
#0729-d166 @A: 22 14 13 23 | 08
#0730-d166 @A: 14 15 12 29 | 03
#0731-d166 @A: 35 02 14 01 | 05
#0732-d166 @A: 01 14 27 09 | 01
#0733-d166 @A: 10 24 01 14 | 11
#0734-d166 @A: 06 11 01 14 | 02
#0735-d166 @A: 02 08 14 33 | 10
#0736-d166 @A: 07 17 18 14 | 04
#0737-d166 @A: 09 14 07 05 | 12
#0738-d166 @A: 11 07 14 10 | 07
#0739-d166 @A: 10 35 21 14 | 09
#0740-d166 @A: 31 32 06 14 | 06
#0741-d166 @A: 23 14 12 03 | 08
#0742-d166 @A: 14 18 08 11 | 03
#0743-d166 @A: 04 03 08 14 | 05
#0744-d166 @A: 23 18 24 14 | 01
#0745-d166 @A: 32 22 12 29 | 11
#0746-d166 @A: 02 22 07 11 | 02
#0747-d166 @A: 08 03 02 22 | 10
#0748-d166 @A: 22 07 34 35 | 04
#0749-d166 @A: 22 09 12 13 | 12
#0750-d166 @A: 22 04 21 10 | 07
#0751-d166 @A: 11 06 22 26 | 09
#0752-d166 @A: 08 22 06 12 | 06
#0753-d166 @A: 22 32 10 30 | 08
#0754-d166 @A: 03 22 15 35 | 03
#0755-d166 @A: 07 29 08 33 | 05
#0756-d166 @A: 12 19 02 29 | 01
#0757-d166 @A: 21 29 26 35 | 11
#0758-d166 @A: 04 29 21 19 | 02
#0759-d166 @A: 13 08 18 29 | 10
#0760-d166 @A: 29 19 35 03 | 04
#0761-d166 @A: 01 33 27 03 | 12
#0762-d166 @A: 07 05 11 01 | 07
#0763-d166 @A: 01 21 27 34 | 09
#0764-d166 @A: 20 26 01 31 | 06
#0765-d166 @A: 15 10 01 26 | 08
#0766-d166 @A: 11 01 30 13 | 03
#0767-d166 @A: 01 35 05 08 | 05
#0768-d166 @A: 23 24 19 01 | 01
#0769-d166 @A: 17 31 13 33 | 11
#0770-d166 @A: 25 17 33 10 | 02
#0771-d166 @A: 33 17 15 06 | 10
#0772-d166 @A: 25 33 02 09 | 04
#0773-d166 @A: 33 26 02 13 | 12
#0774-d166 @A: 33 35 09 07 | 07
#0775-d166 @A: 33 04 30 11 | 09
#0776-d166 @A: 11 33 24 18 | 06
#0777-d166 @A: 08 24 25 33 | 08
#0778-d166 @A: 19 33 08 30 | 03
#0779-d166 @A: 05 15 33 13 | 05
#0780-d166 @A: 07 17 12 35 | 01
#0781-d166 @A: 21 17 06 04 | 11
#0782-d166 @A: 17 12 32 25 | 02
#0783-d166 @A: 04 18 17 08 | 10
#0784-d166 @A: 15 17 20 18 | 04
#0785-d166 @A: 15 32 17 18 | 12
#0786-d166 @A: 05 35 17 20 | 07
#0787-d166 @A: 26 19 02 07 | 09
#0788-d166 @A: 02 21 31 08 | 06
#0789-d166 @A: 10 21 19 02 | 08
#0790-d166 @A: 02 30 31 20 | 03
#0791-d166 @A: 11 02 24 15 | 05
#0792-d166 @A: 30 02 05 18 | 01
#0793-d166 @A: 04 24 02 20 | 11
#0794-d166 @A: 24 07 26 23 | 02
#0795-d166 @A: 13 25 07 31 | 10
#0796-d166 @A: 13 07 11 12 | 04
#0797-d166 @A: 06 07 34 24 | 12
#0798-d166 @A: 11 24 07 04 | 07
#0799-d166 @A: 03 24 35 07 | 09
#0800-d166 @A: 24 25 07 27 | 06
#0801-d166 @A: 25 26 18 09 | 08
#0802-d166 @A: 35 31 32 09 | 03
#0803-d166 @A: 12 15 08 09 | 05
#0804-d166 @A: 13 30 09 06 | 01
#0805-d166 @A: 19 09 24 04 | 11
#0806-d166 @A: 25 03 09 32 | 02
#0807-d166 @A: 26 18 21 32 | 10
#0808-d166 @A: 21 31 23 10 | 04
#0809-d166 @A: 31 21 27 32 | 12
#0810-d166 @A: 05 06 21 34 | 07
#0811-d166 @A: 34 21 18 03 | 09
#0812-d166 @A: 13 21 19 23 | 06
#0813-d166 @A: 21 35 24 27 | 08
#0814-d166 @A: 18 12 26 13 | 03
#0815-d166 @A: 26 20 03 10 | 05
#0816-d166 @A: 03 06 19 26 | 01
#0817-d166 @A: 26 35 15 05 | 11
#0818-d166 @A: 30 26 03 23 | 02
#0819-d166 @A: 34 31 11 12 | 10
#0820-d166 @A: 24 12 19 31 | 04
#0821-d166 @A: 31 03 08 05 | 12
#0822-d166 @A: 05 19 31 20 | 07
#0823-d166 @A: 31 03 13 30 | 09
#0824-d166 @A: 08 04 12 24 | 06
#0825-d166 @A: 12 18 30 08 | 08
#0826-d166 @A: 05 20 15 12 | 03
#0827-d166 @A: 13 12 04 19 | 05
#0828-d166 @A: 12 13 25 35 | 01
#0829-d166 @A: 12 25 30 19 | 11
#0830-d166 @A: 13 10 34 30 | 02
#0831-d166 @A: 34 24 11 35 | 10
#0832-d166 @A: 05 34 30 20 | 04
#0833-d166 @A: 20 32 34 30 | 12
#0834-d166 @A: 04 23 34 25 | 07
#0835-d166 @A: 35 23 34 19 | 09
#0836-d166 @A: 30 25 34 27 | 06
#0837-d166 @A: 04 13 06 10 | 08
#0838-d166 @A: 11 05 10 04 | 03
#0839-d166 @A: 24 11 27 10 | 05
#0840-d166 @A: 13 08 05 10 | 01
#0841-d166 @A: 27 10 15 04 | 11
#0842-d166 @A: 15 10 30 03 | 02
#0843-d166 @A: 25 13 20 06 | 10
#0844-d166 @A: 35 18 23 32 | 04
#0845-d166 @A: 03 28 26 16 | 12
#0846-d166 @A: 08 28 16 32 | 07
#0847-d166 @A: 32 24 16 14 | 09
#0848-d166 @A: 33 16 25 22 | 06
#0849-d166 @A: 33 29 16 12 | 08
#0850-d166 @A: 29 16 20 34 | 03
#0851-d166 @A: 33 01 34 16 | 05
#0852-d166 @A: 16 07 01 08 | 01
#0853-d166 @A: 16 31 23 33 | 11
#0854-d166 @A: 16 17 13 10 | 02
#0855-d166 @A: 32 16 20 17 | 10
#0856-d166 @A: 21 16 34 02 | 04
#0857-d166 @A: 16 21 13 26 | 12
#0858-d166 @A: 25 21 06 16 | 07
#0859-d166 @A: 16 10 30 11 | 09
#0860-d166 @A: 08 15 16 18 | 06
#0861-d166 @A: 15 16 30 19 | 08
#0862-d166 @A: 14 28 25 01 | 03
#0863-d166 @A: 09 14 28 19 | 05
#0864-d166 @A: 01 28 22 26 | 01
#0865-d166 @A: 34 28 22 17 | 11
#0866-d166 @A: 22 23 18 28 | 02
#0867-d166 @A: 28 35 25 22 | 10
#0868-d166 @A: 10 35 29 28 | 04
#0869-d166 @A: 11 01 28 31 | 12
#0870-d166 @A: 01 15 06 28 | 07
#0871-d166 @A: 33 27 17 28 | 09
#0872-d166 @A: 28 25 33 20 | 06
#0873-d166 @A: 32 33 28 27 | 08
#0874-d166 @A: 03 17 28 07 | 03
#0875-d166 @A: 28 10 17 15 | 05
#0876-d166 @A: 13 18 28 02 | 01
#0877-d166 @A: 18 10 26 28 | 11
#0878-d166 @A: 35 05 28 34 | 02
#0879-d166 @A: 28 11 15 18 | 10
#0880-d166 @A: 04 30 24 28 | 04
#0881-d166 @A: 28 18 25 03 | 12
#0882-d166 @A: 21 14 05 33 | 07
#0883-d166 @A: 21 02 13 14 | 09
#0884-d166 @A: 14 06 30 02 | 06
#0885-d166 @A: 19 14 07 21 | 08
#0886-d166 @A: 32 14 09 11 | 03
#0887-d166 @A: 23 06 14 21 | 05
#0888-d166 @A: 32 06 14 10 | 01
#0889-d166 @A: 19 15 14 10 | 11
#0890-d166 @A: 11 20 14 23 | 02
#0891-d166 @A: 30 14 15 13 | 10
#0892-d166 @A: 29 07 22 17 | 04
#0893-d166 @A: 05 22 01 33 | 12
#0894-d166 @A: 24 21 22 33 | 07
#0895-d166 @A: 22 10 33 11 | 09
#0896-d166 @A: 23 11 22 17 | 06
#0897-d166 @A: 02 20 12 22 | 08
#0898-d166 @A: 07 22 31 05 | 03
#0899-d166 @A: 25 07 19 22 | 05
#0900-d166 @A: 06 09 22 18 | 01
#0901-d166 @A: 15 22 06 32 | 11
#0902-d166 @A: 25 05 22 11 | 02
#0903-d166 @A: 22 20 08 04 | 10
#0904-d166 @A: 23 15 22 30 | 04
#0905-d166 @A: 29 17 25 01 | 12
#0906-d166 @A: 10 33 29 19 | 07
#0907-d166 @A: 29 33 04 32 | 09
#0908-d166 @A: 25 29 35 33 | 06
#0909-d166 @A: 31 32 07 29 | 08
#0910-d166 @A: 09 29 34 24 | 03
#0911-d166 @A: 23 29 26 06 | 05
#0912-d166 @A: 13 12 29 10 | 01
#0913-d166 @A: 35 06 34 29 | 11
#0914-d166 @A: 06 29 20 32 | 02
#0915-d166 @A: 27 25 05 29 | 10
#0916-d166 @A: 23 29 18 30 | 04
#0917-d166 @A: 18 19 29 24 | 12
#0918-d166 @A: 02 23 01 33 | 07
#0919-d166 @A: 12 01 13 33 | 09
#0920-d166 @A: 13 02 19 01 | 06
#0921-d166 @A: 01 05 32 09 | 08
#0922-d166 @A: 10 21 01 18 | 03
#0923-d166 @A: 03 01 08 12 | 05
#0924-d166 @A: 01 30 34 23 | 01
#0925-d166 @A: 25 20 08 01 | 11
#0926-d166 @A: 08 04 13 01 | 02
#0927-d166 @A: 30 35 19 01 | 10
#0928-d166 @A: 23 17 26 33 | 04
#0929-d166 @A: 26 07 33 32 | 12
#0930-d166 @A: 33 20 09 32 | 07
#0931-d166 @A: 33 25 31 21 | 09
#0932-d166 @A: 33 11 31 26 | 06
#0933-d166 @A: 12 05 34 33 | 08
#0934-d166 @A: 23 10 33 34 | 03
#0935-d166 @A: 25 19 34 33 | 05
#0936-d166 @A: 33 20 23 03 | 01
#0937-d166 @A: 23 33 18 19 | 11
#0938-d166 @A: 19 24 13 33 | 02
#0939-d166 @A: 32 03 19 33 | 10
#0940-d166 @A: 35 21 02 17 | 04
#0941-d166 @A: 24 35 17 06 | 12
#0942-d166 @A: 15 17 19 35 | 07
#0943-d166 @A: 19 24 17 05 | 09
#0944-d166 @A: 25 18 17 19 | 06
#0945-d166 @A: 21 09 27 02 | 08
#0946-d166 @A: 23 26 32 02 | 03
#0947-d166 @A: 10 02 31 18 | 05
#0948-d166 @A: 34 04 35 02 | 01
#0949-d166 @A: 19 05 11 02 | 11
#0950-d166 @A: 15 02 18 04 | 02
#0951-d166 @A: 20 02 27 05 | 10
#0952-d166 @A: 03 04 27 02 | 04
#0953-d166 @A: 02 35 25 18 | 12
#0954-d166 @A: 13 07 26 09 | 07
#0955-d166 @A: 23 06 07 31 | 09
#0956-d166 @A: 07 12 08 23 | 06
#0957-d166 @A: 04 12 30 07 | 08
#0958-d166 @A: 34 04 07 03 | 03
#0959-d166 @A: 08 07 11 15 | 05
#0960-d166 @A: 11 20 25 07 | 01
#0961-d166 @A: 07 11 04 32 | 11
#0962-d166 @A: 07 20 25 32 | 02
#0963-d166 @A: 09 21 08 26 | 10
#0964-d166 @A: 09 15 10 21 | 04
#0965-d166 @A: 09 35 05 27 | 12
#0966-d166 @A: 09 30 27 04 | 07
#0967-d166 @A: 30 09 19 32 | 09
#0968-d166 @A: 25 27 10 21 | 06
#0969-d166 @A: 35 11 21 20 | 08
#0970-d166 @A: 21 05 08 18 | 03
#0971-d166 @A: 13 21 03 20 | 05
#0972-d166 @A: 26 05 23 31 | 01
#0973-d166 @A: 26 25 34 10 | 11
#0974-d166 @A: 34 26 18 06 | 02
#0975-d166 @A: 05 10 32 26 | 10
#0976-d166 @A: 05 18 20 26 | 04
#0977-d166 @A: 05 19 26 27 | 12
#0978-d166 @A: 24 26 05 03 | 07
#0979-d166 @A: 23 20 26 04 | 09
#0980-d166 @A: 34 18 31 25 | 06
#0981-d166 @A: 08 20 31 11 | 08
#0982-d166 @A: 03 11 12 27 | 03
#0983-d166 @A: 32 30 12 08 | 05
#0984-d166 @A: 19 15 03 12 | 01
#0985-d166 @A: 24 20 12 03 | 11
#0986-d166 @A: 13 27 34 04 | 02
#0987-d166 @A: 03 13 19 34 | 10
#0988-d166 @A: 10 08 23 20 | 04
#0989-d166 @A: 18 24 10 04 | 12
#0990-d166 @A: 24 10 32 03 | 07
#0991-d166 @A: 06 08 23 35 | 09
#0992-d166 @A: 03 13 08 06 | 06
#0993-d166 @A: 04 06 05 03 | 08
#0994-d166 @A: 27 06 04 35 | 03
#0995-d166 @A: 06 04 24 25 | 05
#0996-d166 @A: 30 24 18 06 | 01
#0997-d166 @A: 24 19 32 15 | 11
#0998-d166 @A: 28 27 12 16 | 02
#0999-d166 @A: 16 28 05 23 | 10
#1000-d166 @A: 22 16 11 31 | 04
#1001-d166 @A: 22 34 03 16 | 12
#1002-d166 @A: 06 23 16 22 | 07
#1003-d166 @A: 02 29 30 16 | 09
#1004-d166 @A: 29 18 21 16 | 06
#1005-d166 @A: 16 26 29 32 | 08
#1006-d166 @A: 33 16 11 09 | 03
#1007-d166 @A: 33 16 21 32 | 05
#1008-d166 @A: 10 16 03 33 | 01
#1009-d166 @A: 15 16 35 33 | 11
#1010-d166 @A: 17 30 21 16 | 02
#1011-d166 @A: 17 03 16 12 | 10
#1012-d166 @A: 16 34 17 25 | 04
#1013-d166 @A: 08 26 16 02 | 12
#1014-d166 @A: 16 15 31 02 | 07
#1015-d166 @A: 10 06 16 02 | 09
#1016-d166 @A: 02 16 18 03 | 06
#1017-d166 @A: 15 07 26 16 | 08
#1018-d166 @A: 16 24 31 07 | 03
#1019-d166 @A: 27 26 16 18 | 05
#1020-d166 @A: 34 13 16 31 | 01
#1021-d166 @A: 32 27 34 16 | 11
#1022-d166 @A: 16 27 04 08 | 02
#1023-d166 @A: 32 05 18 16 | 10
#1024-d166 @A: 25 27 23 16 | 04
#1025-d166 @A: 16 24 30 35 | 12
#1026-d166 @A: 29 28 07 04 | 07
#1027-d166 @A: 29 15 28 31 | 09
#1028-d166 @A: 18 12 29 28 | 06
#1029-d166 @A: 17 01 30 28 | 08
#1030-d166 @A: 32 28 10 01 | 03
#1031-d166 @A: 33 06 28 35 | 05
#1032-d166 @A: 28 18 33 30 | 01
#1033-d166 @A: 31 07 28 34 | 11
#1034-d166 @A: 28 30 09 31 | 02
#1035-d166 @A: 13 28 12 21 | 10
#1036-d166 @A: 25 15 28 12 | 04
#1037-d166 @A: 27 20 28 15 | 12
#1038-d166 @A: 04 15 03 28 | 07
#1039-d166 @A: 05 18 27 28 | 09
#1040-d166 @A: 22 14 17 35 | 06
#1041-d166 @A: 32 07 22 14 | 08
#1042-d166 @A: 14 20 29 17 | 03
#1043-d166 @A: 34 19 29 14 | 05
#1044-d166 @A: 13 01 20 14 | 01
#1045-d166 @A: 06 20 14 33 | 11
#1046-d166 @A: 17 24 02 14 | 02
#1047-d166 @A: 03 14 09 17 | 10
#1048-d166 @A: 06 25 14 17 | 04
#1049-d166 @A: 11 09 02 14 | 12
#1050-d166 @A: 34 14 07 30 | 07
#1051-d166 @A: 14 09 13 31 | 09
#1052-d166 @A: 12 14 26 24 | 06
#1053-d166 @A: 14 26 35 34 | 08
#1054-d166 @A: 19 14 06 12 | 03
#1055-d166 @A: 19 14 11 30 | 05
#1056-d166 @A: 15 14 20 03 | 01
#1057-d166 @A: 04 24 27 14 | 11
#1058-d166 @A: 19 25 14 27 | 02
#1059-d166 @A: 22 29 25 10 | 10
#1060-d166 @A: 08 35 22 29 | 04
#1061-d166 @A: 27 21 07 22 | 12
#1062-d166 @A: 12 21 22 30 | 07
#1063-d166 @A: 11 34 21 22 | 09
#1064-d166 @A: 25 22 26 13 | 06
#1065-d166 @A: 22 31 30 35 | 08
#1066-d166 @A: 10 22 23 12 | 03
#1067-d166 @A: 05 24 22 10 | 05
#1068-d166 @A: 22 11 08 24 | 01
#1069-d166 @A: 08 22 05 27 | 11
#1070-d166 @A: 22 30 19 20 | 02
#1071-d166 @A: 33 11 06 29 | 10
#1072-d166 @A: 23 29 34 17 | 04
#1073-d166 @A: 02 29 04 09 | 12
#1074-d166 @A: 29 07 11 23 | 07
#1075-d166 @A: 20 07 18 29 | 09
#1076-d166 @A: 21 10 29 30 | 06
#1077-d166 @A: 29 08 27 20 | 08
#1078-d166 @A: 24 32 29 23 | 03
#1079-d166 @A: 29 30 24 13 | 05
#1080-d166 @A: 33 01 32 02 | 01
#1081-d166 @A: 05 01 12 17 | 11
#1082-d166 @A: 20 01 06 17 | 02
#1083-d166 @A: 31 27 02 01 | 10
#1084-d166 @A: 01 07 21 04 | 04
#1085-d166 @A: 07 30 01 26 | 12
#1086-d166 @A: 06 03 01 07 | 07
#1087-d166 @A: 09 24 11 01 | 09
#1088-d166 @A: 21 01 06 35 | 06
#1089-d166 @A: 01 12 35 32 | 08
#1090-d166 @A: 04 35 24 01 | 03
#1091-d166 @A: 27 35 01 18 | 05
#1092-d166 @A: 05 30 17 33 | 01
#1093-d166 @A: 10 33 30 07 | 11
#1094-d166 @A: 30 33 21 35 | 02
#1095-d166 @A: 27 26 33 06 | 10
#1096-d166 @A: 31 30 32 33 | 04
#1097-d166 @A: 10 12 33 18 | 12
#1098-d166 @A: 15 33 08 03 | 07
#1099-d166 @A: 23 15 33 27 | 09
#1100-d166 @A: 05 24 04 33 | 06
#1101-d166 @A: 20 18 33 04 | 08
#1102-d166 @A: 09 17 25 12 | 03
#1103-d166 @A: 11 19 17 21 | 05
#1104-d166 @A: 13 34 26 17 | 01
#1105-d166 @A: 12 17 18 34 | 11
#1106-d166 @A: 03 17 25 11 | 02
#1107-d166 @A: 17 05 08 23 | 10
#1108-d166 @A: 03 23 17 13 | 04
#1109-d166 @A: 27 17 35 25 | 12
#1110-d166 @A: 25 13 24 17 | 07
#1111-d166 @A: 15 12 07 02 | 09
#1112-d166 @A: 26 21 03 02 | 06
#1113-d166 @A: 32 21 34 02 | 08
#1114-d166 @A: 02 27 13 08 | 03
#1115-d166 @A: 32 20 05 02 | 05
#1116-d166 @A: 19 02 24 25 | 01
#1117-d166 @A: 32 35 07 34 | 11
#1118-d166 @A: 03 08 25 07 | 02
#1119-d166 @A: 18 07 05 24 | 10
#1120-d166 @A: 12 09 24 21 | 04
#1121-d166 @A: 10 18 09 34 | 12
#1122-d166 @A: 25 09 27 08 | 07
#1123-d166 @A: 32 21 04 06 | 09
#1124-d166 @A: 03 35 21 08 | 06
#1125-d166 @A: 21 15 18 13 | 08
#1126-d166 @A: 25 04 35 21 | 03
#1127-d166 @A: 21 25 24 18 | 05
#1128-d166 @A: 26 34 30 12 | 01
#1129-d166 @A: 20 26 27 13 | 11
#1130-d166 @A: 19 03 10 31 | 02
#1131-d166 @A: 06 15 19 31 | 10
#1132-d166 @A: 27 24 08 31 | 04
#1133-d166 @A: 05 31 35 24 | 12
#1134-d166 @A: 24 25 30 31 | 07
#1135-d166 @A: 20 19 12 18 | 09
#1136-d166 @A: 06 18 10 20 | 06
#1137-d166 @A: 03 10 06 35 | 08
#1138-d166 @A: 11 18 19 10 | 03
#1139-d166 @A: 08 10 15 35 | 05
#1140-d166 @A: 25 10 08 19 | 01
#1141-d166 @A: 25 10 24 20 | 11
#1142-d166 @A: 10 04 32 25 | 02
#1143-d166 @A: 15 06 23 11 | 10
#1144-d166 @A: 06 27 05 23 | 04
#1145-d166 @A: 30 03 06 27 | 12
#1146-d166 @A: 32 13 08 19 | 07
#1147-d166 @A: 31 28 20 16 | 09
#1148-d166 @A: 02 19 14 16 | 06
#1149-d166 @A: 14 09 16 26 | 08
#1150-d166 @A: 13 16 14 24 | 03
#1151-d166 @A: 08 29 09 16 | 05
#1152-d166 @A: 01 15 27 16 | 01
#1153-d166 @A: 10 07 19 16 | 11
#1154-d166 @A: 05 27 07 16 | 02
#1155-d166 @A: 09 30 34 16 | 10
#1156-d166 @A: 03 16 15 09 | 04
#1157-d166 @A: 08 12 34 16 | 12
#1158-d166 @A: 16 23 18 12 | 07
#1159-d166 @A: 06 08 16 11 | 09
#1160-d166 @A: 16 23 04 11 | 06
#1161-d166 @A: 04 35 05 16 | 08
#1162-d166 @A: 18 04 30 16 | 03
#1163-d166 @A: 13 16 18 19 | 05
#1164-d166 @A: 07 14 28 35 | 01
#1165-d166 @A: 09 28 15 22 | 11
#1166-d166 @A: 28 21 29 05 | 02
#1167-d166 @A: 29 28 34 13 | 10
#1168-d166 @A: 28 13 09 01 | 04
#1169-d166 @A: 34 08 28 01 | 12
#1170-d166 @A: 17 18 31 28 | 07
#1171-d166 @A: 02 28 07 20 | 09
#1172-d166 @A: 12 02 28 35 | 06
#1173-d166 @A: 09 07 28 18 | 08
#1174-d166 @A: 06 13 26 28 | 03
#1175-d166 @A: 19 23 28 15 | 05
#1176-d166 @A: 14 22 18 01 | 01
#1177-d166 @A: 22 14 06 10 | 11
#1178-d166 @A: 27 21 14 29 | 02
#1179-d166 @A: 01 08 31 14 | 10
#1180-d166 @A: 33 26 18 14 | 04
#1181-d166 @A: 07 02 04 14 | 12
#1182-d166 @A: 07 08 14 24 | 07
#1183-d166 @A: 15 14 34 09 | 09
#1184-d166 @A: 03 11 14 21 | 06
#1185-d166 @A: 21 20 14 30 | 08
#1186-d166 @A: 14 15 18 06 | 03
#1187-d166 @A: 15 25 14 11 | 05
#1188-d166 @A: 18 04 25 14 | 01
#1189-d166 @A: 22 18 02 29 | 11
#1190-d166 @A: 01 03 17 22 | 02
#1191-d166 @A: 07 33 23 22 | 10
#1192-d166 @A: 12 24 17 22 | 04
#1193-d166 @A: 22 26 10 30 | 12
#1194-d166 @A: 03 12 22 25 | 07
#1195-d166 @A: 06 22 25 34 | 09
#1196-d166 @A: 03 19 22 05 | 06
#1197-d166 @A: 27 32 22 04 | 08
#1198-d166 @A: 31 29 24 01 | 03
#1199-d166 @A: 29 04 17 33 | 05
#1200-d166 @A: 33 29 18 34 | 01
#1201-d166 @A: 29 17 27 15 | 11
#1202-d166 @A: 21 15 29 23 | 02
#1203-d166 @A: 29 10 35 32 | 10
#1204-d166 @A: 35 29 11 27 | 04
#1205-d166 @A: 35 32 08 29 | 12
#1206-d166 @A: 31 18 33 01 | 07
#1207-d166 @A: 01 20 33 10 | 09
#1208-d166 @A: 27 01 17 07 | 06
#1209-d166 @A: 23 01 31 17 | 08
#1210-d166 @A: 24 08 02 01 | 03
#1211-d166 @A: 01 21 31 30 | 05
#1212-d166 @A: 24 01 21 20 | 01
#1213-d166 @A: 26 19 01 34 | 11
#1214-d166 @A: 13 01 05 26 | 02
#1215-d166 @A: 13 06 31 01 | 10
#1216-d166 @A: 05 04 01 27 | 04
#1217-d166 @A: 01 19 25 03 | 12
#1218-d166 @A: 17 13 32 33 | 07
#1219-d166 @A: 20 19 33 02 | 09
#1220-d166 @A: 26 33 20 09 | 06
#1221-d166 @A: 23 12 33 21 | 08
#1222-d166 @A: 31 33 12 15 | 03
#1223-d166 @A: 33 27 11 08 | 05
#1224-d166 @A: 25 13 33 11 | 01
#1225-d166 @A: 04 33 19 15 | 11
#1226-d166 @A: 33 18 25 15 | 02
#1227-d166 @A: 17 31 27 09 | 10
#1228-d166 @A: 10 09 19 17 | 04
#1229-d166 @A: 27 06 34 17 | 12
#1230-d166 @A: 05 17 03 15 | 07
#1231-d166 @A: 20 03 19 17 | 09
#1232-d166 @A: 07 08 06 02 | 06
#1233-d166 @A: 20 11 18 02 | 08
#1234-d166 @A: 02 08 23 18 | 03
#1235-d166 @A: 19 27 02 15 | 05
#1236-d166 @A: 02 23 20 13 | 01
#1237-d166 @A: 03 23 19 02 | 11
#1238-d166 @A: 06 07 18 35 | 02
#1239-d166 @A: 04 25 07 15 | 10
#1240-d166 @A: 13 18 04 07 | 04
#1241-d166 @A: 06 09 26 05 | 12
#1242-d166 @A: 31 10 09 20 | 07
#1243-d166 @A: 09 11 15 35 | 09
#1244-d166 @A: 04 08 23 09 | 06
#1245-d166 @A: 18 31 06 21 | 08
#1246-d166 @A: 13 21 08 25 | 03
#1247-d166 @A: 35 32 21 13 | 05
#1248-d166 @A: 18 11 23 26 | 01
#1249-d166 @A: 26 08 18 19 | 11
#1250-d166 @A: 26 15 27 30 | 02
#1251-d166 @A: 12 08 13 31 | 10
#1252-d166 @A: 15 11 31 30 | 04
#1253-d166 @A: 23 08 32 31 | 12
#1254-d166 @A: 31 35 20 03 | 07
#1255-d166 @A: 31 03 23 32 | 09
#1256-d166 @A: 04 12 06 34 | 06
#1257-d166 @A: 10 24 35 12 | 08
#1258-d166 @A: 35 05 12 19 | 03
#1259-d166 @A: 04 35 12 23 | 05
#1260-d166 @A: 12 24 13 27 | 01
#1261-d166 @A: 23 20 18 34 | 11
#1262-d166 @A: 08 32 10 11 | 02
#1263-d166 @A: 10 03 08 18 | 10
#1264-d166 @A: 08 24 30 10 | 04
#1265-d166 @A: 13 10 18 23 | 12
#1266-d166 @A: 06 27 20 11 | 07
#1267-d166 @A: 06 03 15 25 | 09
#1268-d166 @A: 05 30 06 32 | 06
#1269-d166 @A: 03 32 08 04 | 08
#1270-d166 @A: 05 15 32 13 | 03
#1271-d166 @A: 16 28 07 25 | 05
#1272-d166 @A: 21 16 09 28 | 01
#1273-d166 @A: 28 16 11 34 | 11
#1274-d166 @A: 14 16 15 21 | 02
#1275-d166 @A: 31 18 14 16 | 10
#1276-d166 @A: 22 01 16 20 | 04
#1277-d166 @A: 05 22 16 21 | 12
#1278-d166 @A: 01 16 11 21 | 07
#1279-d166 @A: 21 16 08 10 | 09
#1280-d166 @A: 16 31 11 32 | 06
#1281-d166 @A: 06 16 15 34 | 08
#1282-d166 @A: 16 20 18 25 | 03
#1283-d166 @A: 16 27 20 30 | 05
#1284-d166 @A: 15 02 28 14 | 01
#1285-d166 @A: 27 28 14 34 | 11
#1286-d166 @A: 14 32 28 18 | 02
#1287-d166 @A: 01 29 28 27 | 10
#1288-d166 @A: 28 06 25 29 | 04
#1289-d166 @A: 21 28 01 23 | 12
#1290-d166 @A: 28 02 21 33 | 07
#1291-d166 @A: 25 28 21 17 | 09
#1292-d166 @A: 09 02 08 28 | 06
#1293-d166 @A: 23 26 02 28 | 08
#1294-d166 @A: 11 06 28 02 | 03
#1295-d166 @A: 28 32 04 02 | 05
#1296-d166 @A: 26 08 31 28 | 01
#1297-d166 @A: 10 34 20 28 | 11
#1298-d166 @A: 28 03 30 20 | 02
#1299-d166 @A: 19 04 28 25 | 10
#1300-d166 @A: 05 15 14 22 | 04
#1301-d166 @A: 29 24 14 11 | 12
#1302-d166 @A: 35 04 14 29 | 07
#1303-d166 @A: 01 14 07 23 | 09
#1304-d166 @A: 20 10 14 02 | 06
#1305-d166 @A: 14 07 31 15 | 08
#1306-d166 @A: 10 09 14 25 | 03
#1307-d166 @A: 13 14 11 26 | 05
#1308-d166 @A: 30 26 25 14 | 01
#1309-d166 @A: 24 14 25 34 | 11
#1310-d166 @A: 35 25 14 23 | 02
#1311-d166 @A: 32 13 14 25 | 10
#1312-d166 @A: 15 33 29 22 | 04
#1313-d166 @A: 22 27 29 19 | 12
#1314-d166 @A: 02 30 01 22 | 07
#1315-d166 @A: 25 01 22 09 | 09
#1316-d166 @A: 22 01 10 35 | 06
#1317-d166 @A: 06 33 22 03 | 08
#1318-d166 @A: 22 27 18 33 | 03
#1319-d166 @A: 21 17 22 18 | 05
#1320-d166 @A: 32 22 03 02 | 01
#1321-d166 @A: 21 32 22 05 | 11
#1322-d166 @A: 35 04 22 11 | 02
#1323-d166 @A: 19 22 08 13 | 10
#1324-d166 @A: 01 29 11 34 | 04
#1325-d166 @A: 02 33 31 29 | 12
#1326-d166 @A: 26 05 29 33 | 07
#1327-d166 @A: 29 21 08 17 | 09
#1328-d166 @A: 29 03 10 17 | 06
#1329-d166 @A: 29 25 02 26 | 08
#1330-d166 @A: 25 09 21 29 | 03
#1331-d166 @A: 31 18 29 09 | 05
#1332-d166 @A: 09 15 29 06 | 01
#1333-d166 @A: 31 26 29 03 | 11
#1334-d166 @A: 30 31 29 27 | 02
#1335-d166 @A: 03 15 11 29 | 10
#1336-d166 @A: 29 05 13 11 | 04
#1337-d166 @A: 30 29 35 05 | 12
#1338-d166 @A: 29 13 04 20 | 07
#1339-d166 @A: 24 25 03 29 | 09
#1340-d166 @A: 29 13 27 03 | 06
#1341-d166 @A: 07 01 10 13 | 08
#1342-d166 @A: 34 18 05 01 | 03
#1343-d166 @A: 25 06 01 23 | 05
#1344-d166 @A: 15 11 01 04 | 01
#1345-d166 @A: 23 01 35 03 | 11
#1346-d166 @A: 30 04 25 01 | 02
#1347-d166 @A: 24 33 07 17 | 10
#1348-d166 @A: 17 33 19 12 | 04
#1349-d166 @A: 15 24 33 09 | 12
#1350-d166 @A: 04 33 13 09 | 07
#1351-d166 @A: 33 19 21 26 | 09
#1352-d166 @A: 06 33 13 34 | 06
#1353-d166 @A: 23 06 04 33 | 08
#1354-d166 @A: 33 35 27 19 | 03
#1355-d166 @A: 20 21 17 10 | 05
#1356-d166 @A: 25 31 17 05 | 01
#1357-d166 @A: 06 17 11 12 | 11
#1358-d166 @A: 17 04 34 15 | 02
#1359-d166 @A: 05 27 17 13 | 10
#1360-d166 @A: 17 24 04 32 | 04
#1361-d166 @A: 17 24 18 03 | 12
#1362-d166 @A: 34 02 07 13 | 07
#1363-d166 @A: 09 15 20 02 | 09
#1364-d166 @A: 06 20 02 21 | 06
#1365-d166 @A: 02 31 06 04 | 08
#1366-d166 @A: 34 09 23 07 | 03
#1367-d166 @A: 09 06 07 25 | 05
#1368-d166 @A: 08 34 21 07 | 01
#1369-d166 @A: 03 26 07 12 | 11
#1370-d166 @A: 12 34 19 07 | 02
#1371-d166 @A: 27 10 07 34 | 10
#1372-d166 @A: 18 07 11 30 | 04
#1373-d166 @A: 27 07 18 08 | 12
#1374-d166 @A: 03 05 07 20 | 07
#1375-d166 @A: 25 18 23 07 | 09
#1376-d166 @A: 19 09 31 21 | 06
#1377-d166 @A: 12 10 09 03 | 08
#1378-d166 @A: 09 13 24 05 | 03
#1379-d166 @A: 20 04 09 35 | 05
#1380-d166 @A: 19 25 20 09 | 01
#1381-d166 @A: 03 12 21 04 | 11
#1382-d166 @A: 21 19 20 34 | 02
#1383-d166 @A: 27 21 13 06 | 10
#1384-d166 @A: 25 20 05 21 | 04
#1385-d166 @A: 26 34 31 15 | 12
#1386-d166 @A: 26 13 31 10 | 07
#1387-d166 @A: 24 26 08 13 | 09
#1388-d166 @A: 26 32 30 24 | 06
#1389-d166 @A: 08 25 35 31 | 08
#1390-d166 @A: 15 27 31 25 | 03
#1391-d166 @A: 31 25 24 32 | 05
#1392-d166 @A: 12 18 05 04 | 01
#1393-d166 @A: 19 32 12 05 | 11
#1394-d166 @A: 04 12 25 20 | 02
#1395-d166 @A: 08 04 34 30 | 10
#1396-d166 @A: 34 03 27 15 | 04
#1397-d166 @A: 05 24 27 34 | 12
#1398-d166 @A: 35 10 13 11 | 07
#1399-d166 @A: 30 04 20 10 | 09
#1400-d166 @A: 10 19 27 23 | 06
#1401-d166 @A: 25 08 18 06 | 08
#1402-d166 @A: 18 13 05 06 | 03
#1403-d166 @A: 06 30 35 20 | 05
#1404-d166 @A: 35 32 11 15 | 01
#1405-d166 @A: 19 32 11 23 | 11
#1406-d166 @A: 18 28 16 06 | 02
#1407-d166 @A: 16 14 23 34 | 10
#1408-d166 @A: 23 35 29 16 | 04
#1409-d166 @A: 09 16 01 23 | 12
#1410-d166 @A: 31 01 16 19 | 07
#1411-d166 @A: 26 33 16 30 | 09
#1412-d166 @A: 16 33 20 24 | 06
#1413-d166 @A: 16 08 31 17 | 08
#1414-d166 @A: 32 16 35 02 | 03
#1415-d166 @A: 07 16 05 32 | 05
#1416-d166 @A: 09 16 05 10 | 01
#1417-d166 @A: 26 34 05 16 | 11
#1418-d166 @A: 30 16 12 31 | 02
#1419-d166 @A: 10 27 16 31 | 10
#1420-d166 @A: 11 20 16 03 | 04
#1421-d166 @A: 14 05 28 17 | 12
#1422-d166 @A: 22 33 13 28 | 07
#1423-d166 @A: 03 28 10 22 | 09
#1424-d166 @A: 28 30 02 19 | 06
#1425-d166 @A: 35 13 28 31 | 08
#1426-d166 @A: 34 12 23 28 | 03
#1427-d166 @A: 20 11 28 19 | 05
#1428-d166 @A: 27 11 28 04 | 01
#1429-d166 @A: 23 25 08 28 | 11
#1430-d166 @A: 28 20 04 05 | 02
#1431-d166 @A: 35 28 03 27 | 10
#1432-d166 @A: 22 31 29 14 | 04
#1433-d166 @A: 24 22 14 09 | 12
#1434-d166 @A: 20 34 22 14 | 07
#1435-d166 @A: 22 14 30 04 | 09
#1436-d166 @A: 13 14 29 33 | 06
#1437-d166 @A: 33 15 01 14 | 08
#1438-d166 @A: 34 18 14 02 | 03
#1439-d166 @A: 18 14 12 09 | 05
#1440-d166 @A: 24 31 21 14 | 01
#1441-d166 @A: 32 19 21 14 | 11
#1442-d166 @A: 06 31 27 14 | 02
#1443-d166 @A: 11 35 31 14 | 10
#1444-d166 @A: 08 06 34 14 | 04
#1445-d166 @A: 08 14 15 27 | 12
#1446-d166 @A: 08 35 30 14 | 07
#1447-d166 @A: 30 14 35 32 | 09
#1448-d166 @A: 23 01 22 29 | 06
#1449-d166 @A: 21 22 03 29 | 08
#1450-d166 @A: 22 32 09 17 | 03
#1451-d166 @A: 17 22 31 19 | 05
#1452-d166 @A: 22 25 04 17 | 01
#1453-d166 @A: 13 22 02 10 | 11
#1454-d166 @A: 06 02 22 35 | 02
#1455-d166 @A: 22 18 26 07 | 10
#1456-d166 @A: 22 21 35 09 | 04
#1457-d166 @A: 22 03 31 09 | 12
#1458-d166 @A: 34 22 24 26 | 07
#1459-d166 @A: 32 22 11 26 | 09
#1460-d166 @A: 22 10 31 15 | 06
#1461-d166 @A: 08 31 22 18 | 08
#1462-d166 @A: 18 22 04 34 | 03
#1463-d166 @A: 08 05 22 32 | 05
#1464-d166 @A: 20 24 22 15 | 01
#1465-d166 @A: 27 13 35 22 | 11
#1466-d166 @A: 29 19 26 09 | 02
#1467-d166 @A: 08 06 31 29 | 10
#1468-d166 @A: 12 06 30 29 | 04
#1469-d166 @A: 20 25 23 29 | 12
#1470-d166 @A: 03 32 29 18 | 07
#1471-d166 @A: 25 01 26 33 | 09
#1472-d166 @A: 02 32 01 24 | 06
#1473-d166 @A: 25 07 34 01 | 08
#1474-d166 @A: 19 09 01 12 | 03
#1475-d166 @A: 21 15 01 03 | 05
#1476-d166 @A: 19 01 05 21 | 01
#1477-d166 @A: 01 26 32 03 | 11
#1478-d166 @A: 01 10 34 06 | 02
#1479-d166 @A: 15 25 01 35 | 10
#1480-d166 @A: 23 20 05 01 | 04
#1481-d166 @A: 19 01 18 04 | 12
#1482-d166 @A: 27 01 32 18 | 07
#1483-d166 @A: 27 33 07 02 | 09
#1484-d166 @A: 03 07 33 31 | 06
#1485-d166 @A: 33 10 21 13 | 08
#1486-d166 @A: 10 35 31 33 | 03
#1487-d166 @A: 33 03 11 19 | 05
#1488-d166 @A: 20 33 15 30 | 01
#1489-d166 @A: 35 33 04 03 | 11
#1490-d166 @A: 17 11 32 02 | 02
#1491-d166 @A: 07 17 19 13 | 10
#1492-d166 @A: 26 24 17 21 | 04
#1493-d166 @A: 10 06 26 17 | 12
#1494-d166 @A: 30 17 34 31 | 07
#1495-d166 @A: 30 17 15 12 | 09
#1496-d166 @A: 03 08 27 17 | 06
#1497-d166 @A: 18 17 27 23 | 08
#1498-d166 @A: 32 30 23 17 | 03
#1499-d166 @A: 07 10 05 02 | 05
#1500-d166 @A: 02 09 35 10 | 01
#1501-d166 @A: 04 02 26 10 | 11
#1502-d166 @A: 15 26 06 02 | 02
#1503-d166 @A: 35 02 11 03 | 10
#1504-d166 @A: 19 02 35 08 | 04
#1505-d166 @A: 02 24 35 13 | 12
#1506-d166 @A: 32 10 09 07 | 07
#1507-d166 @A: 26 07 25 21 | 09
#1508-d166 @A: 21 10 03 07 | 06
#1509-d166 @A: 10 35 26 07 | 08
#1510-d166 @A: 06 26 20 07 | 03
#1511-d166 @A: 30 07 31 08 | 05
#1512-d166 @A: 15 07 35 20 | 01
#1513-d166 @A: 07 20 04 27 | 11
#1514-d166 @A: 27 07 32 30 | 02
#1515-d166 @A: 09 11 21 18 | 10
#1516-d166 @A: 26 10 11 09 | 04
#1517-d166 @A: 31 34 04 09 | 12
#1518-d166 @A: 06 11 09 31 | 07
#1519-d166 @A: 23 09 31 35 | 09
#1520-d166 @A: 18 09 20 13 | 06
#1521-d166 @A: 03 30 09 19 | 08
#1522-d166 @A: 12 20 26 21 | 03
#1523-d166 @A: 15 20 21 08 | 05
#1524-d166 @A: 03 19 27 21 | 01
#1525-d166 @A: 26 31 30 18 | 11
#1526-d166 @A: 08 11 26 03 | 02
#1527-d166 @A: 26 11 25 35 | 10
#1528-d166 @A: 24 15 19 26 | 04
#1529-d166 @A: 23 25 26 19 | 12
#1530-d166 @A: 12 06 31 10 | 07
#1531-d166 @A: 12 31 04 27 | 09
#1532-d166 @A: 08 19 04 31 | 06
#1533-d166 @A: 19 31 18 35 | 08
#1534-d166 @A: 31 27 13 19 | 03
#1535-d166 @A: 11 35 12 30 | 05
#1536-d166 @A: 08 12 27 19 | 01
#1537-d166 @A: 10 32 23 34 | 11
#1538-d166 @A: 34 11 30 06 | 02
#1539-d166 @A: 27 34 11 18 | 10
#1540-d166 @A: 05 13 34 25 | 04
#1541-d166 @A: 34 35 03 30 | 12
#1542-d166 @A: 18 32 13 34 | 07
#1543-d166 @A: 34 19 24 30 | 09
#1544-d166 @A: 19 10 32 20 | 06
#1545-d166 @A: 13 32 10 27 | 08
#1546-d166 @A: 06 25 30 05 | 03
#1547-d166 @A: 30 19 04 06 | 05
#1548-d166 @A: 12 16 14 11 | 01
#1549-d166 @A: 16 06 14 03 | 11
#1550-d166 @A: 22 30 07 16 | 02
#1551-d166 @A: 19 26 16 22 | 10
#1552-d166 @A: 25 22 16 32 | 04
#1553-d166 @A: 29 26 11 16 | 12
#1554-d166 @A: 17 18 01 16 | 07
#1555-d166 @A: 35 26 16 01 | 09
#1556-d166 @A: 18 05 16 33 | 06
#1557-d166 @A: 16 20 17 26 | 08
#1558-d166 @A: 16 20 02 35 | 03
#1559-d166 @A: 07 16 06 04 | 05
#1560-d166 @A: 09 19 16 35 | 01
#1561-d166 @A: 12 26 16 25 | 11
#1562-d166 @A: 34 19 27 16 | 02
#1563-d166 @A: 35 16 13 08 | 10
#1564-d166 @A: 16 20 05 13 | 04
#1565-d166 @A: 16 25 03 35 | 12
#1566-d166 @A: 28 13 14 10 | 07
#1567-d166 @A: 02 28 22 05 | 09
#1568-d166 @A: 28 11 32 33 | 06
#1569-d166 @A: 02 10 28 27 | 08
#1570-d166 @A: 07 13 28 24 | 03
#1571-d166 @A: 25 05 28 09 | 05
#1572-d166 @A: 21 11 28 26 | 01
#1573-d166 @A: 34 30 21 28 | 11
#1574-d166 @A: 03 21 28 24 | 02
#1575-d166 @A: 28 25 24 26 | 10
#1576-d166 @A: 12 10 28 30 | 04
#1577-d166 @A: 28 11 10 08 | 12
#1578-d166 @A: 28 23 35 11 | 07
#1579-d166 @A: 18 20 28 08 | 09
#1580-d166 @A: 20 28 24 23 | 06
#1581-d166 @A: 13 28 20 32 | 08
#1582-d166 @A: 22 14 33 19 | 03
#1583-d166 @A: 22 26 03 14 | 05
#1584-d166 @A: 05 29 06 14 | 01
#1585-d166 @A: 14 33 09 23 | 11
#1586-d166 @A: 12 35 14 33 | 02
#1587-d166 @A: 26 15 17 14 | 10
#1588-d166 @A: 11 04 14 17 | 04
#1589-d166 @A: 21 14 12 08 | 12
#1590-d166 @A: 14 34 10 03 | 07
#1591-d166 @A: 27 05 14 11 | 09
#1592-d166 @A: 08 14 19 23 | 06
#1593-d166 @A: 14 32 05 04 | 08
#1594-d166 @A: 18 14 19 05 | 03
#1595-d166 @A: 26 20 29 22 | 05
#1596-d166 @A: 06 29 04 22 | 01
#1597-d166 @A: 01 04 22 31 | 11
#1598-d166 @A: 13 34 22 01 | 02
#1599-d166 @A: 01 20 32 22 | 10
#1600-d166 @A: 09 33 22 30 | 04
#1601-d166 @A: 26 33 22 35 | 12
#1602-d166 @A: 08 17 30 22 | 07
#1603-d166 @A: 09 02 22 26 | 09
#1604-d166 @A: 09 19 23 22 | 06
#1605-d166 @A: 22 31 23 34 | 08
#1606-d166 @A: 05 20 06 22 | 03
#1607-d166 @A: 30 22 11 03 | 05
#1608-d166 @A: 19 15 18 22 | 01
#1609-d166 @A: 21 12 01 29 | 11
#1610-d166 @A: 32 21 29 01 | 02
#1611-d166 @A: 01 08 29 10 | 10
#1612-d166 @A: 09 29 33 03 | 04
#1613-d166 @A: 29 18 06 17 | 12
#1614-d166 @A: 21 11 29 02 | 07
#1615-d166 @A: 13 07 21 29 | 09
#1616-d166 @A: 24 07 12 29 | 06
#1617-d166 @A: 06 10 07 29 | 08
#1618-d166 @A: 09 23 10 29 | 03
#1619-d166 @A: 13 29 32 09 | 05
#1620-d166 @A: 24 04 26 29 | 01
#1621-d166 @A: 15 25 34 29 | 11
#1622-d166 @A: 29 20 30 11 | 02
#1623-d166 @A: 08 23 24 29 | 10
#1624-d166 @A: 02 15 01 17 | 04
#1625-d166 @A: 09 34 01 02 | 12
#1626-d166 @A: 01 31 03 34 | 07
#1627-d166 @A: 10 27 12 01 | 09
#1628-d166 @A: 20 01 12 11 | 06
#1629-d166 @A: 01 23 06 32 | 08
#1630-d166 @A: 02 33 10 15 | 03
#1631-d166 @A: 06 33 02 18 | 05
#1632-d166 @A: 34 21 04 33 | 01
#1633-d166 @A: 23 33 05 32 | 11
#1634-d166 @A: 33 04 25 27 | 02
#1635-d166 @A: 11 17 31 02 | 10
#1636-d166 @A: 02 12 17 13 | 04
#1637-d166 @A: 02 03 34 17 | 12
#1638-d166 @A: 08 20 17 02 | 07
#1639-d166 @A: 32 17 10 26 | 09
#1640-d166 @A: 11 05 18 17 | 06
#1641-d166 @A: 30 11 17 24 | 08
#1642-d166 @A: 07 21 24 02 | 03
#1643-d166 @A: 31 19 02 34 | 05
#1644-d166 @A: 02 34 08 05 | 01
#1645-d166 @A: 25 08 02 04 | 11
#1646-d166 @A: 04 23 02 30 | 02
#1647-d166 @A: 32 25 02 30 | 10
#1648-d166 @A: 07 09 30 21 | 04
#1649-d166 @A: 31 07 10 04 | 12
#1650-d166 @A: 07 25 10 12 | 07
#1651-d166 @A: 35 07 19 11 | 09
#1652-d166 @A: 35 08 04 07 | 06
#1653-d166 @A: 15 24 30 07 | 08
#1654-d166 @A: 19 07 18 03 | 03
#1655-d166 @A: 13 34 21 09 | 05
#1656-d166 @A: 23 09 20 21 | 01
#1657-d166 @A: 26 27 09 34 | 11
#1658-d166 @A: 23 06 09 12 | 02
#1659-d166 @A: 11 09 08 13 | 10
#1660-d166 @A: 04 11 09 25 | 04
#1661-d166 @A: 20 09 03 27 | 12
#1662-d166 @A: 21 05 10 26 | 07
#1663-d166 @A: 26 04 21 18 | 09
#1664-d166 @A: 15 12 21 06 | 06
#1665-d166 @A: 03 05 21 23 | 08
#1666-d166 @A: 35 18 23 21 | 03
#1667-d166 @A: 30 13 04 21 | 05
#1668-d166 @A: 26 20 24 11 | 01
#1669-d166 @A: 25 15 26 32 | 11
#1670-d166 @A: 30 04 26 35 | 02
#1671-d166 @A: 31 34 27 35 | 10
#1672-d166 @A: 23 31 11 24 | 04
#1673-d166 @A: 23 15 08 31 | 12
#1674-d166 @A: 31 13 20 15 | 07
#1675-d166 @A: 15 31 24 03 | 09
#1676-d166 @A: 31 30 04 05 | 06
#1677-d166 @A: 11 03 12 32 | 08
#1678-d166 @A: 34 25 20 35 | 03
#1679-d166 @A: 13 34 20 24 | 05
#1680-d166 @A: 03 24 34 23 | 01
#1681-d166 @A: 06 11 10 25 | 11
#1682-d166 @A: 11 10 20 15 | 02
#1683-d166 @A: 35 19 10 04 | 10
#1684-d166 @A: 04 03 25 10 | 04
#1685-d166 @A: 03 11 24 06 | 12
#1686-d166 @A: 08 30 15 06 | 07
#1687-d166 @A: 24 15 06 27 | 09
#1688-d166 @A: 24 23 13 06 | 06
#1689-d166 @A: 30 04 32 18 | 08
