#0001-d168 @A: 16 06 29 01 | 08
#0002-d168 @A: 26 35 16 02 | 05
#0003-d168 @A: 22 16 27 30 | 07
#0004-d168 @A: 08 25 16 23 | 03
#0005-d168 @A: 25 34 16 01 | 06
#0006-d168 @A: 31 18 16 28 | 09
#0007-d168 @A: 19 11 03 16 | 02
#0008-d168 @A: 35 23 20 16 | 01
#0009-d168 @A: 16 19 17 26 | 12
#0010-d168 @A: 21 12 20 16 | 11
#0011-d168 @A: 23 17 16 21 | 04
#0012-d168 @A: 07 16 21 15 | 10
#0013-d168 @A: 02 27 29 08 | 08
#0014-d168 @A: 10 15 29 02 | 05
#0015-d168 @A: 29 19 07 02 | 07
#0016-d168 @A: 29 30 12 04 | 03
#0017-d168 @A: 32 30 28 29 | 06
#0018-d168 @A: 25 29 03 08 | 09
#0019-d168 @A: 33 25 28 29 | 02
#0020-d168 @A: 17 25 09 29 | 01
#0021-d168 @A: 29 28 18 22 | 12
#0022-d168 @A: 03 22 13 29 | 11
#0023-d168 @A: 28 27 06 29 | 04
#0024-d168 @A: 06 29 12 35 | 10
#0025-d168 @A: 34 29 14 06 | 08
#0026-d168 @A: 20 13 29 10 | 05
#0027-d168 @A: 07 01 11 29 | 07
#0028-d168 @A: 24 29 35 13 | 03
#0029-d168 @A: 32 31 29 19 | 06
#0030-d168 @A: 29 01 33 31 | 09
#0031-d168 @A: 19 29 26 12 | 02
#0032-d168 @A: 29 21 20 26 | 01
#0033-d168 @A: 23 29 20 05 | 12
#0034-d168 @A: 24 29 32 34 | 11
#0035-d168 @A: 02 25 04 09 | 04
#0036-d168 @A: 28 02 08 09 | 10
#0037-d168 @A: 18 22 02 12 | 08
#0038-d168 @A: 01 22 35 02 | 05
#0039-d168 @A: 02 24 06 18 | 07
#0040-d168 @A: 02 18 10 26 | 03
#0041-d168 @A: 02 17 18 14 | 06
#0042-d168 @A: 28 02 17 32 | 09
#0043-d168 @A: 35 03 02 32 | 02
#0044-d168 @A: 31 02 14 12 | 01
#0045-d168 @A: 20 07 17 02 | 12
#0046-d168 @A: 33 02 21 15 | 11
#0047-d168 @A: 23 03 02 24 | 04
#0048-d168 @A: 30 25 27 19 | 10
#0049-d168 @A: 35 08 30 20 | 08
#0050-d168 @A: 18 30 22 06 | 05
#0051-d168 @A: 06 23 27 30 | 07
#0052-d168 @A: 04 18 26 30 | 03
#0053-d168 @A: 19 30 07 18 | 06
#0054-d168 @A: 18 05 30 12 | 09
#0055-d168 @A: 15 30 18 23 | 02
#0056-d168 @A: 04 23 30 10 | 01
#0057-d168 @A: 12 10 30 19 | 12
#0058-d168 @A: 24 11 14 30 | 11
#0059-d168 @A: 13 19 30 17 | 04
#0060-d168 @A: 15 32 30 17 | 10
#0061-d168 @A: 08 25 22 17 | 08
#0062-d168 @A: 08 04 20 25 | 05
#0063-d168 @A: 22 24 25 03 | 07
#0064-d168 @A: 06 05 25 19 | 03
#0065-d168 @A: 23 18 10 25 | 06
#0066-d168 @A: 18 28 26 25 | 09
#0067-d168 @A: 28 01 25 09 | 02
#0068-d168 @A: 31 12 09 25 | 01
#0069-d168 @A: 23 12 25 33 | 12
#0070-d168 @A: 01 13 25 12 | 11
#0071-d168 @A: 13 24 25 34 | 04
#0072-d168 @A: 25 21 23 03 | 10
#0073-d168 @A: 24 08 22 14 | 08
#0074-d168 @A: 08 20 06 18 | 05
#0075-d168 @A: 10 26 08 24 | 07
#0076-d168 @A: 35 27 08 11 | 03
#0077-d168 @A: 26 08 27 13 | 06
#0078-d168 @A: 34 05 01 08 | 09
#0079-d168 @A: 22 27 06 19 | 02
#0080-d168 @A: 22 18 33 01 | 01
#0081-d168 @A: 05 24 22 18 | 12
#0082-d168 @A: 10 22 04 01 | 11
#0083-d168 @A: 31 22 35 33 | 04
#0084-d168 @A: 31 32 03 22 | 10
#0085-d168 @A: 32 22 23 21 | 08
#0086-d168 @A: 13 24 22 01 | 05
#0087-d168 @A: 06 18 34 10 | 07
#0088-d168 @A: 26 13 06 18 | 03
#0089-d168 @A: 06 28 10 33 | 06
#0090-d168 @A: 28 06 09 24 | 09
#0091-d168 @A: 31 19 06 33 | 02
#0092-d168 @A: 06 26 21 33 | 01
#0093-d168 @A: 12 06 21 23 | 12
#0094-d168 @A: 06 20 34 27 | 11
#0095-d168 @A: 06 03 07 33 | 04
#0096-d168 @A: 24 06 32 03 | 10
#0097-d168 @A: 06 21 27 15 | 08
#0098-d168 @A: 24 14 18 10 | 05
#0099-d168 @A: 18 13 34 09 | 07
#0100-d168 @A: 34 18 26 03 | 03
#0101-d168 @A: 32 18 03 33 | 06
#0102-d168 @A: 27 21 01 18 | 09
#0103-d168 @A: 09 05 04 35 | 02
#0104-d168 @A: 04 01 14 21 | 01
#0105-d168 @A: 20 34 04 13 | 12
#0106-d168 @A: 04 33 34 07 | 11
#0107-d168 @A: 15 04 24 32 | 04
#0108-d168 @A: 21 07 23 04 | 10
#0109-d168 @A: 17 03 04 13 | 08
#0110-d168 @A: 10 09 12 28 | 05
#0111-d168 @A: 10 05 12 24 | 07
#0112-d168 @A: 05 10 03 32 | 03
#0113-d168 @A: 10 23 24 15 | 06
#0114-d168 @A: 01 10 21 17 | 09
#0115-d168 @A: 23 09 21 28 | 02
#0116-d168 @A: 14 21 11 28 | 01
#0117-d168 @A: 28 13 03 11 | 12
#0118-d168 @A: 23 17 07 28 | 11
#0119-d168 @A: 31 11 20 09 | 04
#0120-d168 @A: 35 07 21 09 | 10
#0121-d168 @A: 09 26 12 05 | 08
#0122-d168 @A: 03 01 09 12 | 05
#0123-d168 @A: 32 20 27 09 | 07
#0124-d168 @A: 09 07 34 01 | 03
#0125-d168 @A: 01 24 21 09 | 06
#0126-d168 @A: 13 15 03 09 | 09
#0127-d168 @A: 26 11 21 07 | 02
#0128-d168 @A: 11 05 33 12 | 01
#0129-d168 @A: 01 11 23 20 | 12
#0130-d168 @A: 17 11 15 34 | 11
#0131-d168 @A: 07 15 03 11 | 04
#0132-d168 @A: 05 35 13 26 | 10
#0133-d168 @A: 32 35 12 01 | 08
#0134-d168 @A: 23 24 12 35 | 05
#0135-d168 @A: 12 31 34 03 | 07
#0136-d168 @A: 17 32 33 31 | 03
#0137-d168 @A: 33 19 20 14 | 06
#0138-d168 @A: 23 20 03 19 | 09
#0139-d168 @A: 32 27 19 24 | 02
#0140-d168 @A: 26 14 33 01 | 01
#0141-d168 @A: 12 05 07 14 | 12
#0142-d168 @A: 20 23 32 14 | 11
#0143-d168 @A: 17 33 14 27 | 04
#0144-d168 @A: 03 13 14 01 | 10
#0145-d168 @A: 03 14 21 15 | 08
#0146-d168 @A: 33 01 13 27 | 05
#0147-d168 @A: 16 05 29 09 | 07
#0148-d168 @A: 02 08 16 33 | 03
#0149-d168 @A: 16 06 22 02 | 06
#0150-d168 @A: 16 20 25 19 | 09
#0151-d168 @A: 25 03 14 16 | 02
#0152-d168 @A: 12 08 04 16 | 01
#0153-d168 @A: 16 22 17 09 | 12
#0154-d168 @A: 16 20 01 22 | 11
#0155-d168 @A: 16 09 32 06 | 04
#0156-d168 @A: 16 18 34 04 | 10
#0157-d168 @A: 33 16 19 10 | 08
#0158-d168 @A: 01 10 16 15 | 05
#0159-d168 @A: 16 27 28 14 | 07
#0160-d168 @A: 34 23 26 16 | 03
#0161-d168 @A: 16 20 32 34 | 06
#0162-d168 @A: 32 16 33 07 | 09
#0163-d168 @A: 16 17 05 33 | 02
#0164-d168 @A: 27 16 21 32 | 01
#0165-d168 @A: 27 16 34 03 | 12
#0166-d168 @A: 35 02 29 23 | 11
#0167-d168 @A: 25 21 35 29 | 04
#0168-d168 @A: 10 08 29 07 | 10
#0169-d168 @A: 29 28 08 34 | 08
#0170-d168 @A: 14 08 29 20 | 05
#0171-d168 @A: 21 08 24 29 | 07
#0172-d168 @A: 18 10 29 12 | 03
#0173-d168 @A: 01 35 18 29 | 06
#0174-d168 @A: 29 17 18 15 | 09
#0175-d168 @A: 34 04 29 19 | 02
#0176-d168 @A: 28 35 07 29 | 01
#0177-d168 @A: 23 31 09 29 | 12
#0178-d168 @A: 17 01 29 20 | 11
#0179-d168 @A: 30 02 19 14 | 04
#0180-d168 @A: 22 02 25 07 | 10
#0181-d168 @A: 25 18 34 02 | 08
#0182-d168 @A: 02 26 24 25 | 05
#0183-d168 @A: 08 06 13 02 | 07
#0184-d168 @A: 27 22 02 04 | 03
#0185-d168 @A: 05 06 02 10 | 06
#0186-d168 @A: 02 07 18 28 | 09
#0187-d168 @A: 28 02 15 13 | 02
#0188-d168 @A: 11 15 02 09 | 01
#0189-d168 @A: 09 02 34 03 | 12
#0190-d168 @A: 17 15 26 02 | 11
#0191-d168 @A: 12 34 02 15 | 04
#0192-d168 @A: 32 01 21 02 | 10
#0193-d168 @A: 34 08 25 30 | 08
#0194-d168 @A: 22 20 30 25 | 05
#0195-d168 @A: 10 30 25 26 | 07
#0196-d168 @A: 25 30 13 35 | 03
#0197-d168 @A: 30 17 08 18 | 06
#0198-d168 @A: 28 30 34 18 | 09
#0199-d168 @A: 30 20 31 18 | 02
#0200-d168 @A: 21 30 13 11 | 01
#0201-d168 @A: 30 20 03 26 | 12
#0202-d168 @A: 30 05 23 24 | 11
#0203-d168 @A: 08 25 13 28 | 04
#0204-d168 @A: 08 24 25 11 | 10
#0205-d168 @A: 25 22 23 06 | 08
#0206-d168 @A: 28 22 25 32 | 05
#0207-d168 @A: 06 07 10 25 | 07
#0208-d168 @A: 06 13 33 25 | 03
#0209-d168 @A: 25 03 18 31 | 06
#0210-d168 @A: 18 19 24 25 | 09
#0211-d168 @A: 25 10 15 09 | 02
#0212-d168 @A: 20 07 09 25 | 01
#0213-d168 @A: 01 13 25 19 | 12
#0214-d168 @A: 26 32 25 17 | 11
#0215-d168 @A: 01 25 03 26 | 04
#0216-d168 @A: 32 03 12 25 | 10
#0217-d168 @A: 25 24 34 12 | 08
#0218-d168 @A: 25 34 33 15 | 05
#0219-d168 @A: 12 22 06 08 | 07
#0220-d168 @A: 18 22 08 34 | 03
#0221-d168 @A: 03 05 22 08 | 06
#0222-d168 @A: 06 14 08 32 | 09
#0223-d168 @A: 10 08 31 18 | 02
#0224-d168 @A: 05 20 08 28 | 01
#0225-d168 @A: 15 33 28 08 | 12
#0226-d168 @A: 26 27 03 08 | 11
#0227-d168 @A: 32 08 03 15 | 04
#0228-d168 @A: 08 23 24 01 | 10
#0229-d168 @A: 24 11 31 22 | 08
#0230-d168 @A: 11 13 17 22 | 05
#0231-d168 @A: 22 07 14 31 | 07
#0232-d168 @A: 23 12 22 19 | 03
#0233-d168 @A: 14 23 34 22 | 06
#0234-d168 @A: 32 20 22 17 | 09
#0235-d168 @A: 21 27 20 22 | 02
#0236-d168 @A: 06 18 27 04 | 01
#0237-d168 @A: 06 35 10 27 | 12
#0238-d168 @A: 26 06 15 28 | 11
#0239-d168 @A: 31 06 07 09 | 04
#0240-d168 @A: 31 17 11 06 | 10
#0241-d168 @A: 35 14 26 06 | 08
#0242-d168 @A: 15 12 31 06 | 05
#0243-d168 @A: 26 24 17 06 | 07
#0244-d168 @A: 01 20 06 15 | 03
#0245-d168 @A: 15 06 03 23 | 06
#0246-d168 @A: 23 17 06 05 | 09
#0247-d168 @A: 03 28 10 18 | 02
#0248-d168 @A: 10 01 19 18 | 01
#0249-d168 @A: 31 13 18 28 | 12
#0250-d168 @A: 18 14 28 32 | 11
#0251-d168 @A: 28 18 33 23 | 04
#0252-d168 @A: 18 11 17 32 | 10
#0253-d168 @A: 31 33 12 18 | 08
#0254-d168 @A: 01 18 31 23 | 05
#0255-d168 @A: 34 23 18 17 | 07
#0256-d168 @A: 13 17 27 18 | 03
#0257-d168 @A: 19 01 09 04 | 06
#0258-d168 @A: 11 04 35 21 | 09
#0259-d168 @A: 31 04 05 23 | 02
#0260-d168 @A: 04 19 20 21 | 01
#0261-d168 @A: 27 04 13 32 | 12
#0262-d168 @A: 04 07 17 01 | 11
#0263-d168 @A: 24 27 03 04 | 04
#0264-d168 @A: 04 21 15 05 | 10
#0265-d168 @A: 11 10 33 35 | 08
#0266-d168 @A: 10 14 35 34 | 05
#0267-d168 @A: 26 34 10 17 | 07
#0268-d168 @A: 32 34 13 10 | 03
#0269-d168 @A: 21 10 32 07 | 06
#0270-d168 @A: 31 05 21 28 | 09
#0271-d168 @A: 13 28 20 19 | 02
#0272-d168 @A: 01 32 28 26 | 01
#0273-d168 @A: 27 07 28 12 | 12
#0274-d168 @A: 09 11 14 27 | 11
#0275-d168 @A: 27 19 31 09 | 04
#0276-d168 @A: 21 14 09 31 | 10
#0277-d168 @A: 33 26 17 09 | 08
#0278-d168 @A: 15 32 01 09 | 05
#0279-d168 @A: 09 07 15 17 | 07
#0280-d168 @A: 35 07 11 12 | 03
#0281-d168 @A: 17 20 11 26 | 06
#0282-d168 @A: 23 11 26 05 | 09
#0283-d168 @A: 24 35 27 26 | 02
#0284-d168 @A: 35 12 17 13 | 01
#0285-d168 @A: 35 34 23 01 | 12
#0286-d168 @A: 35 07 27 01 | 11
#0287-d168 @A: 03 35 21 27 | 04
#0288-d168 @A: 07 31 26 34 | 10
#0289-d168 @A: 31 24 33 13 | 08
#0290-d168 @A: 17 31 03 27 | 05
#0291-d168 @A: 05 31 15 07 | 07
#0292-d168 @A: 19 01 05 14 | 03
#0293-d168 @A: 05 34 26 19 | 06
#0294-d168 @A: 24 26 03 19 | 09
#0295-d168 @A: 14 32 24 12 | 02
#0296-d168 @A: 03 14 17 05 | 01
#0297-d168 @A: 33 26 13 03 | 12
#0298-d168 @A: 34 13 26 15 | 11
#0299-d168 @A: 12 03 13 24 | 04
#0300-d168 @A: 07 05 33 13 | 10
#0301-d168 @A: 29 33 34 16 | 08
#0302-d168 @A: 30 08 32 16 | 05
#0303-d168 @A: 30 01 16 35 | 07
#0304-d168 @A: 16 26 09 25 | 03
#0305-d168 @A: 28 08 26 16 | 06
#0306-d168 @A: 03 08 20 16 | 09
#0307-d168 @A: 06 35 05 16 | 02
#0308-d168 @A: 10 16 17 31 | 01
#0309-d168 @A: 16 13 10 14 | 12
#0310-d168 @A: 16 34 24 28 | 11
#0311-d168 @A: 09 21 03 16 | 04
#0312-d168 @A: 34 21 35 16 | 10
#0313-d168 @A: 34 17 07 16 | 08
#0314-d168 @A: 16 23 05 15 | 05
#0315-d168 @A: 17 16 13 07 | 07
#0316-d168 @A: 29 02 33 06 | 03
#0317-d168 @A: 29 30 01 27 | 06
#0318-d168 @A: 31 25 29 07 | 09
#0319-d168 @A: 17 06 29 08 | 02
#0320-d168 @A: 22 35 29 24 | 01
#0321-d168 @A: 29 13 06 28 | 12
#0322-d168 @A: 29 17 10 11 | 11
#0323-d168 @A: 21 19 29 09 | 04
#0324-d168 @A: 09 07 29 14 | 10
#0325-d168 @A: 29 33 14 11 | 08
#0326-d168 @A: 31 14 29 05 | 05
#0327-d168 @A: 26 01 29 34 | 07
#0328-d168 @A: 29 17 26 27 | 03
#0329-d168 @A: 31 15 25 02 | 06
#0330-d168 @A: 01 02 25 23 | 09
#0331-d168 @A: 22 08 20 02 | 02
#0332-d168 @A: 10 22 34 02 | 01
#0333-d168 @A: 14 32 02 22 | 12
#0334-d168 @A: 23 02 26 06 | 11
#0335-d168 @A: 02 19 18 32 | 04
#0336-d168 @A: 33 02 10 04 | 10
#0337-d168 @A: 26 13 10 02 | 08
#0338-d168 @A: 26 05 28 02 | 05
#0339-d168 @A: 02 13 14 11 | 07
#0340-d168 @A: 20 02 14 21 | 03
#0341-d168 @A: 05 33 02 01 | 06
#0342-d168 @A: 03 07 02 21 | 09
#0343-d168 @A: 06 25 04 30 | 02
#0344-d168 @A: 32 30 22 11 | 01
#0345-d168 @A: 22 23 35 30 | 12
#0346-d168 @A: 09 30 06 33 | 11
#0347-d168 @A: 03 30 04 28 | 04
#0348-d168 @A: 05 10 30 11 | 10
#0349-d168 @A: 30 21 27 17 | 08
#0350-d168 @A: 25 31 06 34 | 05
#0351-d168 @A: 20 03 06 25 | 07
#0352-d168 @A: 27 09 18 25 | 03
#0353-d168 @A: 18 25 07 14 | 06
#0354-d168 @A: 34 20 25 28 | 09
#0355-d168 @A: 25 11 09 05 | 02
#0356-d168 @A: 25 23 27 11 | 01
#0357-d168 @A: 17 03 11 25 | 12
#0358-d168 @A: 23 25 31 19 | 11
#0359-d168 @A: 05 21 33 25 | 04
#0360-d168 @A: 24 21 15 25 | 10
#0361-d168 @A: 07 05 03 25 | 08
#0362-d168 @A: 04 21 18 08 | 05
#0363-d168 @A: 12 13 08 04 | 07
#0364-d168 @A: 21 19 28 08 | 03
#0365-d168 @A: 08 12 09 14 | 06
#0366-d168 @A: 31 11 08 05 | 09
#0367-d168 @A: 19 08 14 31 | 02
#0368-d168 @A: 14 13 08 34 | 01
#0369-d168 @A: 07 26 17 08 | 12
#0370-d168 @A: 12 33 01 08 | 11
#0371-d168 @A: 08 07 24 20 | 04
#0372-d168 @A: 14 20 06 22 | 10
#0373-d168 @A: 22 04 14 33 | 08
#0374-d168 @A: 28 22 11 27 | 05
#0375-d168 @A: 35 22 14 27 | 07
#0376-d168 @A: 21 19 22 13 | 03
#0377-d168 @A: 35 06 32 34 | 06
#0378-d168 @A: 20 26 06 07 | 09
#0379-d168 @A: 32 20 21 06 | 02
#0380-d168 @A: 01 33 06 32 | 01
#0381-d168 @A: 24 04 18 28 | 12
#0382-d168 @A: 18 07 04 13 | 11
#0383-d168 @A: 18 09 31 32 | 04
#0384-d168 @A: 19 27 18 34 | 10
#0385-d168 @A: 12 18 26 17 | 08
#0386-d168 @A: 15 33 26 18 | 05
#0387-d168 @A: 33 18 13 32 | 07
#0388-d168 @A: 24 23 32 18 | 03
#0389-d168 @A: 18 05 32 27 | 06
#0390-d168 @A: 07 24 01 18 | 09
#0391-d168 @A: 18 17 07 27 | 02
#0392-d168 @A: 04 34 31 10 | 01
#0393-d168 @A: 10 15 04 12 | 12
#0394-d168 @A: 04 32 28 11 | 11
#0395-d168 @A: 04 26 09 31 | 04
#0396-d168 @A: 04 26 03 11 | 10
#0397-d168 @A: 26 04 20 12 | 08
#0398-d168 @A: 01 04 03 34 | 05
#0399-d168 @A: 28 10 31 07 | 07
#0400-d168 @A: 32 10 34 28 | 03
#0401-d168 @A: 09 35 10 23 | 06
#0402-d168 @A: 21 27 09 10 | 09
#0403-d168 @A: 31 10 14 15 | 02
#0404-d168 @A: 10 15 03 26 | 01
#0405-d168 @A: 10 03 12 27 | 12
#0406-d168 @A: 28 09 32 35 | 11
#0407-d168 @A: 19 34 11 28 | 04
#0408-d168 @A: 31 28 19 24 | 10
#0409-d168 @A: 26 28 23 12 | 08
#0410-d168 @A: 24 28 26 07 | 05
#0411-d168 @A: 05 34 28 33 | 07
#0412-d168 @A: 05 17 28 13 | 03
#0413-d168 @A: 09 20 35 26 | 06
#0414-d168 @A: 26 27 09 01 | 09
#0415-d168 @A: 09 17 12 32 | 02
#0416-d168 @A: 09 15 21 12 | 01
#0417-d168 @A: 20 09 17 03 | 12
#0418-d168 @A: 27 11 31 21 | 11
#0419-d168 @A: 01 05 32 11 | 04
#0420-d168 @A: 27 13 11 24 | 10
#0421-d168 @A: 11 17 07 05 | 08
#0422-d168 @A: 31 19 35 20 | 05
#0423-d168 @A: 23 35 14 31 | 07
#0424-d168 @A: 35 33 12 26 | 03
#0425-d168 @A: 33 23 35 21 | 06
#0426-d168 @A: 12 31 26 27 | 09
#0427-d168 @A: 20 07 31 12 | 02
#0428-d168 @A: 20 34 31 33 | 01
#0429-d168 @A: 24 15 19 14 | 12
#0430-d168 @A: 33 23 26 19 | 11
#0431-d168 @A: 19 20 05 17 | 04
#0432-d168 @A: 32 07 15 19 | 10
#0433-d168 @A: 19 15 34 03 | 08
#0434-d168 @A: 14 13 26 07 | 05
#0435-d168 @A: 12 14 17 20 | 07
#0436-d168 @A: 14 13 12 27 | 03
#0437-d168 @A: 14 32 07 27 | 06
#0438-d168 @A: 13 01 20 26 | 09
#0439-d168 @A: 13 16 27 30 | 02
#0440-d168 @A: 19 08 16 27 | 01
#0441-d168 @A: 22 04 07 16 | 12
#0442-d168 @A: 21 05 16 18 | 11
#0443-d168 @A: 04 16 24 11 | 04
#0444-d168 @A: 23 16 04 14 | 10
#0445-d168 @A: 16 20 05 10 | 08
#0446-d168 @A: 28 12 16 19 | 05
#0447-d168 @A: 31 16 20 14 | 07
#0448-d168 @A: 16 31 24 23 | 03
#0449-d168 @A: 01 16 21 26 | 06
#0450-d168 @A: 05 16 12 34 | 09
#0451-d168 @A: 27 17 16 12 | 02
#0452-d168 @A: 01 05 27 16 | 01
#0453-d168 @A: 32 29 02 09 | 12
#0454-d168 @A: 30 29 05 19 | 11
#0455-d168 @A: 26 06 25 29 | 04
#0456-d168 @A: 22 19 33 29 | 10
#0457-d168 @A: 29 22 27 32 | 08
#0458-d168 @A: 21 11 29 06 | 05
#0459-d168 @A: 10 19 23 29 | 07
#0460-d168 @A: 09 11 29 12 | 03
#0461-d168 @A: 35 29 14 32 | 06
#0462-d168 @A: 29 31 13 27 | 09
#0463-d168 @A: 24 26 29 33 | 02
#0464-d168 @A: 07 17 29 12 | 01
#0465-d168 @A: 07 29 13 32 | 12
#0466-d168 @A: 21 01 23 29 | 11
#0467-d168 @A: 25 02 11 30 | 04
#0468-d168 @A: 02 06 01 30 | 10
#0469-d168 @A: 02 30 03 18 | 08
#0470-d168 @A: 30 35 04 02 | 05
#0471-d168 @A: 24 30 10 02 | 07
#0472-d168 @A: 30 31 32 02 | 03
#0473-d168 @A: 20 33 02 30 | 06
#0474-d168 @A: 02 20 25 13 | 09
#0475-d168 @A: 34 02 19 06 | 02
#0476-d168 @A: 02 05 11 18 | 01
#0477-d168 @A: 02 18 35 27 | 12
#0478-d168 @A: 10 07 02 11 | 11
#0479-d168 @A: 28 12 35 02 | 04
#0480-d168 @A: 31 07 35 02 | 10
#0481-d168 @A: 12 02 17 01 | 08
#0482-d168 @A: 02 15 32 23 | 05
#0483-d168 @A: 33 35 25 30 | 07
#0484-d168 @A: 30 34 22 04 | 03
#0485-d168 @A: 30 22 10 17 | 06
#0486-d168 @A: 22 05 14 30 | 09
#0487-d168 @A: 34 26 30 06 | 02
#0488-d168 @A: 30 09 18 10 | 01
#0489-d168 @A: 24 31 09 30 | 12
#0490-d168 @A: 11 30 21 12 | 11
#0491-d168 @A: 30 13 20 14 | 04
#0492-d168 @A: 30 27 26 33 | 10
#0493-d168 @A: 17 05 26 30 | 08
#0494-d168 @A: 03 30 33 12 | 05
#0495-d168 @A: 30 01 07 03 | 07
#0496-d168 @A: 19 22 15 25 | 03
#0497-d168 @A: 26 14 22 25 | 06
#0498-d168 @A: 22 25 13 23 | 09
#0499-d168 @A: 28 12 06 25 | 02
#0500-d168 @A: 35 09 06 25 | 01
#0501-d168 @A: 06 11 01 25 | 12
#0502-d168 @A: 18 25 13 15 | 11
#0503-d168 @A: 25 04 03 10 | 04
#0504-d168 @A: 28 10 27 25 | 10
#0505-d168 @A: 25 13 10 07 | 08
#0506-d168 @A: 25 19 28 17 | 05
#0507-d168 @A: 20 25 26 05 | 07
#0508-d168 @A: 23 17 25 20 | 03
#0509-d168 @A: 15 07 08 18 | 06
#0510-d168 @A: 20 11 08 10 | 09
#0511-d168 @A: 09 20 19 08 | 02
#0512-d168 @A: 09 08 03 24 | 01
#0513-d168 @A: 35 08 03 19 | 12
#0514-d168 @A: 32 08 35 26 | 11
#0515-d168 @A: 21 08 05 26 | 04
#0516-d168 @A: 17 32 21 08 | 10
#0517-d168 @A: 22 05 06 28 | 08
#0518-d168 @A: 31 06 22 01 | 05
#0519-d168 @A: 22 18 04 03 | 07
#0520-d168 @A: 26 35 18 22 | 03
#0521-d168 @A: 18 17 31 22 | 06
#0522-d168 @A: 18 14 22 21 | 09
#0523-d168 @A: 35 22 04 32 | 02
#0524-d168 @A: 03 22 10 35 | 01
#0525-d168 @A: 07 10 22 23 | 12
#0526-d168 @A: 09 22 35 12 | 11
#0527-d168 @A: 22 09 31 05 | 04
#0528-d168 @A: 22 35 14 13 | 10
#0529-d168 @A: 22 24 26 21 | 08
#0530-d168 @A: 28 04 34 06 | 05
#0531-d168 @A: 01 06 35 04 | 07
#0532-d168 @A: 06 33 04 23 | 03
#0533-d168 @A: 14 06 28 23 | 06
#0534-d168 @A: 11 06 24 19 | 09
#0535-d168 @A: 13 27 06 35 | 02
#0536-d168 @A: 24 06 15 33 | 01
#0537-d168 @A: 27 07 06 24 | 12
#0538-d168 @A: 03 27 14 18 | 11
#0539-d168 @A: 32 21 18 26 | 04
#0540-d168 @A: 18 13 20 12 | 10
#0541-d168 @A: 34 01 20 18 | 08
#0542-d168 @A: 13 19 10 04 | 05
#0543-d168 @A: 13 26 04 23 | 07
#0544-d168 @A: 05 32 33 04 | 03
#0545-d168 @A: 33 04 01 27 | 06
#0546-d168 @A: 34 17 04 32 | 09
#0547-d168 @A: 27 04 21 34 | 02
#0548-d168 @A: 15 28 11 10 | 01
#0549-d168 @A: 20 19 28 10 | 12
#0550-d168 @A: 10 01 11 13 | 11
#0551-d168 @A: 23 34 12 10 | 04
#0552-d168 @A: 01 33 03 10 | 10
#0553-d168 @A: 28 09 33 19 | 08
#0554-d168 @A: 01 33 09 20 | 05
#0555-d168 @A: 21 32 09 33 | 07
#0556-d168 @A: 09 07 32 03 | 03
#0557-d168 @A: 34 15 27 09 | 06
#0558-d168 @A: 17 23 09 01 | 09
#0559-d168 @A: 05 24 11 20 | 02
#0560-d168 @A: 33 01 24 11 | 01
#0561-d168 @A: 27 11 05 34 | 12
#0562-d168 @A: 13 35 33 15 | 11
#0563-d168 @A: 32 17 35 07 | 04
#0564-d168 @A: 12 31 23 17 | 10
#0565-d168 @A: 34 32 31 21 | 08
#0566-d168 @A: 07 21 31 01 | 05
#0567-d168 @A: 33 03 19 05 | 07
#0568-d168 @A: 07 19 03 13 | 03
#0569-d168 @A: 07 21 14 33 | 06
#0570-d168 @A: 21 13 26 24 | 09
#0571-d168 @A: 29 25 15 16 | 02
#0572-d168 @A: 26 31 16 29 | 01
#0573-d168 @A: 12 30 02 16 | 12
#0574-d168 @A: 31 02 34 16 | 11
#0575-d168 @A: 28 21 25 16 | 04
#0576-d168 @A: 11 25 16 33 | 10
#0577-d168 @A: 16 08 22 31 | 08
#0578-d168 @A: 10 34 16 08 | 05
#0579-d168 @A: 01 09 16 08 | 07
#0580-d168 @A: 05 07 16 08 | 03
#0581-d168 @A: 26 06 04 16 | 06
#0582-d168 @A: 16 33 14 06 | 09
#0583-d168 @A: 27 26 16 18 | 02
#0584-d168 @A: 16 05 11 28 | 01
#0585-d168 @A: 13 26 11 16 | 12
#0586-d168 @A: 19 16 35 32 | 11
#0587-d168 @A: 14 16 12 26 | 04
#0588-d168 @A: 32 16 15 12 | 10
#0589-d168 @A: 18 20 02 29 | 08
#0590-d168 @A: 30 08 09 29 | 05
#0591-d168 @A: 25 29 14 27 | 07
#0592-d168 @A: 23 29 18 06 | 03
#0593-d168 @A: 29 06 04 05 | 06
#0594-d168 @A: 10 33 27 29 | 09
#0595-d168 @A: 29 28 01 15 | 02
#0596-d168 @A: 29 24 20 31 | 01
#0597-d168 @A: 15 29 31 21 | 12
#0598-d168 @A: 12 05 15 29 | 11
#0599-d168 @A: 29 21 27 05 | 04
#0600-d168 @A: 03 25 02 28 | 10
#0601-d168 @A: 02 10 03 08 | 08
#0602-d168 @A: 02 22 26 31 | 05
#0603-d168 @A: 02 28 06 31 | 07
#0604-d168 @A: 27 02 14 06 | 03
#0605-d168 @A: 04 02 31 17 | 06
#0606-d168 @A: 10 02 27 19 | 09
#0607-d168 @A: 02 28 24 11 | 02
#0608-d168 @A: 19 09 02 12 | 01
#0609-d168 @A: 14 02 35 15 | 12
#0610-d168 @A: 24 31 27 02 | 11
#0611-d168 @A: 02 27 26 20 | 04
#0612-d168 @A: 02 01 07 15 | 10
#0613-d168 @A: 02 05 17 21 | 08
#0614-d168 @A: 25 21 30 18 | 05
#0615-d168 @A: 22 08 30 33 | 07
#0616-d168 @A: 12 31 22 30 | 03
#0617-d168 @A: 28 06 30 21 | 06
#0618-d168 @A: 35 18 30 32 | 09
#0619-d168 @A: 32 19 30 04 | 02
#0620-d168 @A: 19 28 30 23 | 01
#0621-d168 @A: 12 30 34 09 | 12
#0622-d168 @A: 31 34 30 11 | 11
#0623-d168 @A: 19 15 30 31 | 04
#0624-d168 @A: 14 31 30 27 | 10
#0625-d168 @A: 12 30 23 32 | 08
#0626-d168 @A: 30 20 23 07 | 05
#0627-d168 @A: 25 28 08 35 | 07
#0628-d168 @A: 04 12 25 22 | 03
#0629-d168 @A: 24 04 35 25 | 06
#0630-d168 @A: 04 25 32 21 | 09
#0631-d168 @A: 15 25 27 07 | 02
#0632-d168 @A: 03 27 13 25 | 01
#0633-d168 @A: 08 09 06 23 | 12
#0634-d168 @A: 08 27 28 18 | 11
#0635-d168 @A: 28 08 23 04 | 04
#0636-d168 @A: 24 32 28 08 | 10
#0637-d168 @A: 19 33 11 08 | 08
#0638-d168 @A: 12 05 08 35 | 05
#0639-d168 @A: 20 08 23 26 | 07
#0640-d168 @A: 08 12 27 32 | 03
#0641-d168 @A: 17 12 03 08 | 06
#0642-d168 @A: 17 13 08 20 | 09
#0643-d168 @A: 03 07 08 34 | 02
#0644-d168 @A: 09 34 06 22 | 01
#0645-d168 @A: 22 06 07 11 | 12
#0646-d168 @A: 13 07 06 22 | 11
#0647-d168 @A: 20 28 22 26 | 04
#0648-d168 @A: 22 09 26 11 | 10
#0649-d168 @A: 13 22 34 33 | 08
#0650-d168 @A: 33 24 22 23 | 05
#0651-d168 @A: 13 22 15 05 | 07
#0652-d168 @A: 06 04 03 13 | 03
#0653-d168 @A: 10 03 06 11 | 06
#0654-d168 @A: 19 06 32 28 | 09
#0655-d168 @A: 11 14 05 06 | 02
#0656-d168 @A: 35 06 23 19 | 01
#0657-d168 @A: 01 21 06 19 | 12
#0658-d168 @A: 06 33 05 20 | 11
#0659-d168 @A: 27 32 06 17 | 04
#0660-d168 @A: 24 06 13 23 | 10
#0661-d168 @A: 09 15 18 04 | 08
#0662-d168 @A: 18 33 11 07 | 05
#0663-d168 @A: 18 24 35 31 | 07
#0664-d168 @A: 33 20 18 27 | 03
#0665-d168 @A: 05 15 34 18 | 06
#0666-d168 @A: 28 09 27 04 | 09
#0667-d168 @A: 17 11 12 04 | 02
#0668-d168 @A: 04 35 03 14 | 01
#0669-d168 @A: 04 13 14 24 | 12
#0670-d168 @A: 04 21 17 26 | 11
#0671-d168 @A: 04 20 27 23 | 04
#0672-d168 @A: 01 04 05 24 | 10
#0673-d168 @A: 14 10 28 05 | 08
#0674-d168 @A: 10 24 34 03 | 05
#0675-d168 @A: 17 03 23 10 | 07
#0676-d168 @A: 31 01 28 20 | 03
#0677-d168 @A: 28 15 32 31 | 06
#0678-d168 @A: 17 13 28 26 | 09
#0679-d168 @A: 28 12 01 05 | 02
#0680-d168 @A: 01 33 28 07 | 01
#0681-d168 @A: 15 28 03 05 | 12
#0682-d168 @A: 19 35 09 15 | 11
#0683-d168 @A: 09 33 03 15 | 04
#0684-d168 @A: 24 35 15 11 | 10
#0685-d168 @A: 01 31 03 11 | 08
#0686-d168 @A: 20 11 15 14 | 05
#0687-d168 @A: 32 34 11 03 | 07
#0688-d168 @A: 32 11 21 24 | 03
#0689-d168 @A: 35 17 12 21 | 06
#0690-d168 @A: 07 31 23 03 | 09
#0691-d168 @A: 24 34 20 19 | 02
#0692-d168 @A: 13 15 19 32 | 01
#0693-d168 @A: 07 26 14 15 | 12
#0694-d168 @A: 14 21 05 34 | 11
#0695-d168 @A: 15 23 14 17 | 04
#0696-d168 @A: 16 29 17 02 | 10
#0697-d168 @A: 16 29 12 13 | 08
#0698-d168 @A: 02 18 16 15 | 05
#0699-d168 @A: 20 30 16 06 | 07
#0700-d168 @A: 33 16 30 28 | 03
#0701-d168 @A: 21 16 19 30 | 06
#0702-d168 @A: 17 16 25 18 | 09
#0703-d168 @A: 08 14 17 16 | 02
#0704-d168 @A: 16 32 24 22 | 01
#0705-d168 @A: 10 06 16 23 | 12
#0706-d168 @A: 16 06 31 27 | 11
#0707-d168 @A: 16 04 28 01 | 04
#0708-d168 @A: 10 14 16 32 | 10
#0709-d168 @A: 34 09 16 19 | 08
#0710-d168 @A: 31 16 13 03 | 05
#0711-d168 @A: 27 24 20 16 | 07
#0712-d168 @A: 31 03 02 29 | 03
#0713-d168 @A: 14 30 29 17 | 06
#0714-d168 @A: 05 25 18 29 | 09
#0715-d168 @A: 04 25 23 29 | 02
#0716-d168 @A: 20 11 25 29 | 01
#0717-d168 @A: 29 22 08 23 | 12
#0718-d168 @A: 20 29 22 09 | 11
#0719-d168 @A: 29 32 06 07 | 04
#0720-d168 @A: 31 18 29 27 | 10
#0721-d168 @A: 31 11 04 29 | 08
#0722-d168 @A: 29 34 10 05 | 05
#0723-d168 @A: 34 35 29 31 | 07
#0724-d168 @A: 23 29 14 12 | 03
#0725-d168 @A: 34 27 12 29 | 06
#0726-d168 @A: 21 08 30 02 | 09
#0727-d168 @A: 31 23 08 02 | 02
#0728-d168 @A: 18 21 31 02 | 01
#0729-d168 @A: 11 04 02 20 | 12
#0730-d168 @A: 10 23 02 28 | 11
#0731-d168 @A: 14 02 10 01 | 04
#0732-d168 @A: 02 14 23 09 | 10
#0733-d168 @A: 11 33 02 31 | 08
#0734-d168 @A: 11 27 02 32 | 05
#0735-d168 @A: 02 05 13 31 | 07
#0736-d168 @A: 02 24 34 21 | 03
#0737-d168 @A: 25 30 23 14 | 06
#0738-d168 @A: 08 05 30 06 | 09
#0739-d168 @A: 08 32 30 13 | 02
#0740-d168 @A: 15 30 06 11 | 01
#0741-d168 @A: 30 17 12 06 | 12
#0742-d168 @A: 20 30 04 14 | 11
#0743-d168 @A: 20 09 28 30 | 04
#0744-d168 @A: 19 17 30 09 | 10
#0745-d168 @A: 30 20 12 27 | 08
#0746-d168 @A: 08 31 25 26 | 05
#0747-d168 @A: 26 25 04 34 | 07
#0748-d168 @A: 25 11 28 31 | 03
#0749-d168 @A: 26 11 19 25 | 06
#0750-d168 @A: 35 05 31 25 | 09
#0751-d168 @A: 15 12 25 26 | 02
#0752-d168 @A: 12 25 07 21 | 01
#0753-d168 @A: 13 22 08 18 | 12
#0754-d168 @A: 08 22 10 28 | 11
#0755-d168 @A: 03 06 04 08 | 04
#0756-d168 @A: 06 08 01 10 | 10
#0757-d168 @A: 06 19 08 26 | 08
#0758-d168 @A: 04 17 09 08 | 05
#0759-d168 @A: 05 04 08 14 | 07
#0760-d168 @A: 13 10 33 08 | 03
#0761-d168 @A: 07 33 09 08 | 06
#0762-d168 @A: 31 08 35 01 | 09
#0763-d168 @A: 08 20 31 32 | 02
#0764-d168 @A: 12 26 08 34 | 01
#0765-d168 @A: 21 20 08 34 | 12
#0766-d168 @A: 08 01 27 20 | 11
#0767-d168 @A: 08 27 17 23 | 04
#0768-d168 @A: 21 27 08 07 | 10
#0769-d168 @A: 08 17 05 24 | 08
#0770-d168 @A: 22 06 24 04 | 05
#0771-d168 @A: 22 21 10 06 | 07
#0772-d168 @A: 22 35 06 15 | 03
#0773-d168 @A: 31 22 04 20 | 06
#0774-d168 @A: 22 33 15 10 | 09
#0775-d168 @A: 28 09 22 15 | 02
#0776-d168 @A: 09 24 22 19 | 01
#0777-d168 @A: 05 17 22 35 | 12
#0778-d168 @A: 26 34 22 33 | 11
#0779-d168 @A: 05 20 22 12 | 04
#0780-d168 @A: 03 22 20 34 | 10
#0781-d168 @A: 34 27 22 17 | 08
#0782-d168 @A: 11 06 28 20 | 05
#0783-d168 @A: 06 35 20 17 | 07
#0784-d168 @A: 10 18 32 20 | 03
#0785-d168 @A: 03 35 09 18 | 06
#0786-d168 @A: 11 35 18 34 | 09
#0787-d168 @A: 23 18 11 14 | 02
#0788-d168 @A: 12 19 35 18 | 01
#0789-d168 @A: 20 26 24 18 | 12
#0790-d168 @A: 07 23 26 18 | 11
#0791-d168 @A: 07 05 20 18 | 04
#0792-d168 @A: 23 03 05 18 | 10
#0793-d168 @A: 18 27 15 24 | 08
#0794-d168 @A: 17 04 28 10 | 05
#0795-d168 @A: 12 28 04 31 | 07
#0796-d168 @A: 35 04 15 31 | 03
#0797-d168 @A: 04 07 35 26 | 06
#0798-d168 @A: 34 35 12 04 | 09
#0799-d168 @A: 04 23 35 17 | 02
#0800-d168 @A: 15 20 04 33 | 01
#0801-d168 @A: 20 32 04 01 | 12
#0802-d168 @A: 17 04 15 03 | 11
#0803-d168 @A: 19 26 09 10 | 04
#0804-d168 @A: 14 26 11 10 | 10
#0805-d168 @A: 31 13 35 10 | 08
#0806-d168 @A: 23 10 20 33 | 05
#0807-d168 @A: 24 07 10 33 | 07
#0808-d168 @A: 10 27 24 01 | 03
#0809-d168 @A: 17 09 14 28 | 06
#0810-d168 @A: 09 13 21 28 | 09
#0811-d168 @A: 35 28 26 19 | 02
#0812-d168 @A: 13 23 14 28 | 01
#0813-d168 @A: 03 28 17 26 | 12
#0814-d168 @A: 27 21 28 24 | 11
#0815-d168 @A: 19 11 07 09 | 04
#0816-d168 @A: 01 09 14 35 | 10
#0817-d168 @A: 13 35 12 09 | 08
#0818-d168 @A: 32 19 05 09 | 05
#0819-d168 @A: 34 26 09 21 | 07
#0820-d168 @A: 17 09 13 24 | 03
#0821-d168 @A: 32 11 26 12 | 06
#0822-d168 @A: 03 11 24 12 | 09
#0823-d168 @A: 33 11 20 21 | 02
#0824-d168 @A: 17 11 24 27 | 01
#0825-d168 @A: 15 33 35 01 | 12
#0826-d168 @A: 01 35 21 05 | 11
#0827-d168 @A: 24 21 12 31 | 04
#0828-d168 @A: 15 23 31 33 | 10
#0829-d168 @A: 07 31 32 24 | 08
#0830-d168 @A: 05 01 31 17 | 05
#0831-d168 @A: 19 17 15 33 | 07
#0832-d168 @A: 01 32 19 03 | 03
#0833-d168 @A: 13 23 27 19 | 06
#0834-d168 @A: 05 13 24 19 | 09
#0835-d168 @A: 34 20 26 14 | 02
#0836-d168 @A: 14 01 34 12 | 01
#0837-d168 @A: 07 34 14 24 | 12
#0838-d168 @A: 27 14 15 01 | 11
#0839-d168 @A: 13 05 32 03 | 04
#0840-d168 @A: 34 13 01 21 | 10
#0841-d168 @A: 29 16 21 14 | 08
#0842-d168 @A: 25 16 27 02 | 05
#0843-d168 @A: 21 11 16 02 | 07
#0844-d168 @A: 30 07 16 25 | 03
#0845-d168 @A: 04 25 16 05 | 06
#0846-d168 @A: 10 16 12 25 | 09
#0847-d168 @A: 35 24 16 08 | 02
#0848-d168 @A: 16 08 15 13 | 01
#0849-d168 @A: 28 22 16 13 | 12
#0850-d168 @A: 22 11 16 34 | 11
#0851-d168 @A: 19 05 22 16 | 04
#0852-d168 @A: 33 21 16 22 | 10
#0853-d168 @A: 06 16 07 19 | 08
#0854-d168 @A: 33 35 18 16 | 05
#0855-d168 @A: 31 04 21 16 | 07
#0856-d168 @A: 16 09 28 07 | 03
#0857-d168 @A: 11 16 09 23 | 06
#0858-d168 @A: 35 31 12 16 | 09
#0859-d168 @A: 16 07 35 14 | 02
#0860-d168 @A: 01 16 19 31 | 01
#0861-d168 @A: 03 07 26 16 | 12
#0862-d168 @A: 16 32 17 03 | 11
#0863-d168 @A: 02 13 29 21 | 04
#0864-d168 @A: 08 29 15 19 | 10
#0865-d168 @A: 32 29 08 01 | 08
#0866-d168 @A: 22 29 10 31 | 05
#0867-d168 @A: 22 29 14 01 | 07
#0868-d168 @A: 04 29 15 13 | 03
#0869-d168 @A: 10 03 14 29 | 06
#0870-d168 @A: 09 28 26 29 | 09
#0871-d168 @A: 35 29 09 33 | 02
#0872-d168 @A: 27 19 29 11 | 01
#0873-d168 @A: 29 32 21 12 | 12
#0874-d168 @A: 03 29 32 20 | 11
#0875-d168 @A: 30 02 22 15 | 04
#0876-d168 @A: 07 30 34 02 | 10
#0877-d168 @A: 05 02 08 25 | 08
#0878-d168 @A: 15 02 06 08 | 05
#0879-d168 @A: 22 02 12 13 | 07
#0880-d168 @A: 02 24 04 12 | 03
#0881-d168 @A: 27 09 17 02 | 06
#0882-d168 @A: 11 02 01 26 | 09
#0883-d168 @A: 31 02 05 19 | 02
#0884-d168 @A: 27 12 33 02 | 01
#0885-d168 @A: 23 20 02 34 | 12
#0886-d168 @A: 27 15 02 03 | 11
#0887-d168 @A: 31 17 25 30 | 04
#0888-d168 @A: 30 03 25 15 | 10
#0889-d168 @A: 30 24 08 04 | 08
#0890-d168 @A: 01 22 09 30 | 05
#0891-d168 @A: 30 06 19 03 | 07
#0892-d168 @A: 30 11 27 18 | 03
#0893-d168 @A: 13 26 09 30 | 06
#0894-d168 @A: 30 20 24 32 | 09
#0895-d168 @A: 30 01 33 21 | 02
#0896-d168 @A: 32 03 30 27 | 01
#0897-d168 @A: 03 23 13 30 | 12
#0898-d168 @A: 15 24 30 01 | 11
#0899-d168 @A: 30 07 21 24 | 04
#0900-d168 @A: 21 22 31 25 | 10
#0901-d168 @A: 04 18 01 25 | 08
#0902-d168 @A: 25 12 20 18 | 05
#0903-d168 @A: 25 19 14 04 | 07
#0904-d168 @A: 24 09 23 25 | 03
#0905-d168 @A: 35 25 32 11 | 06
#0906-d168 @A: 07 34 25 11 | 09
#0907-d168 @A: 25 33 07 26 | 02
#0908-d168 @A: 21 25 27 26 | 01
#0909-d168 @A: 17 25 05 12 | 12
#0910-d168 @A: 07 25 32 23 | 11
#0911-d168 @A: 23 34 25 05 | 04
#0912-d168 @A: 24 17 25 07 | 10
#0913-d168 @A: 18 03 11 08 | 08
#0914-d168 @A: 08 18 12 24 | 05
#0915-d168 @A: 12 10 08 21 | 07
#0916-d168 @A: 09 15 08 31 | 03
#0917-d168 @A: 07 08 14 11 | 06
#0918-d168 @A: 14 21 08 35 | 09
#0919-d168 @A: 19 08 23 34 | 02
#0920-d168 @A: 20 17 33 08 | 01
#0921-d168 @A: 05 08 32 23 | 12
#0922-d168 @A: 17 22 04 19 | 11
#0923-d168 @A: 11 10 12 22 | 04
#0924-d168 @A: 15 27 31 22 | 10
#0925-d168 @A: 22 17 15 12 | 08
#0926-d168 @A: 22 20 33 07 | 05
#0927-d168 @A: 22 23 20 15 | 07
#0928-d168 @A: 22 05 32 34 | 03
#0929-d168 @A: 07 05 22 21 | 06
#0930-d168 @A: 24 15 07 22 | 09
#0931-d168 @A: 31 06 18 05 | 02
#0932-d168 @A: 31 06 26 10 | 01
#0933-d168 @A: 10 06 14 12 | 12
#0934-d168 @A: 13 06 17 34 | 11
#0935-d168 @A: 18 04 35 20 | 04
#0936-d168 @A: 31 07 18 04 | 10
#0937-d168 @A: 18 35 10 17 | 08
#0938-d168 @A: 10 18 05 33 | 05
#0939-d168 @A: 18 11 12 28 | 07
#0940-d168 @A: 35 28 18 21 | 03
#0941-d168 @A: 19 28 18 15 | 06
#0942-d168 @A: 09 14 18 20 | 09
#0943-d168 @A: 18 19 13 11 | 02
#0944-d168 @A: 35 14 05 18 | 01
#0945-d168 @A: 26 19 31 18 | 12
#0946-d168 @A: 05 18 26 01 | 11
#0947-d168 @A: 18 12 34 21 | 04
#0948-d168 @A: 12 07 18 03 | 10
#0949-d168 @A: 18 03 17 01 | 08
#0950-d168 @A: 19 04 24 10 | 05
#0951-d168 @A: 19 04 28 05 | 07
#0952-d168 @A: 04 12 21 03 | 03
#0953-d168 @A: 04 33 24 21 | 06
#0954-d168 @A: 23 03 32 04 | 09
#0955-d168 @A: 23 04 15 34 | 02
#0956-d168 @A: 10 23 11 31 | 01
#0957-d168 @A: 07 14 17 10 | 12
#0958-d168 @A: 33 26 32 10 | 11
#0959-d168 @A: 15 10 27 32 | 04
#0960-d168 @A: 10 15 17 05 | 10
#0961-d168 @A: 28 31 14 33 | 08
#0962-d168 @A: 12 21 28 33 | 05
#0963-d168 @A: 13 28 12 32 | 07
#0964-d168 @A: 13 28 27 34 | 03
#0965-d168 @A: 17 28 05 27 | 06
#0966-d168 @A: 13 33 19 09 | 09
#0967-d168 @A: 20 09 15 24 | 02
#0968-d168 @A: 17 34 05 09 | 01
#0969-d168 @A: 19 05 15 11 | 12
#0970-d168 @A: 27 11 15 26 | 11
#0971-d168 @A: 17 33 11 23 | 04
#0972-d168 @A: 24 01 19 35 | 10
#0973-d168 @A: 26 17 35 01 | 08
#0974-d168 @A: 35 26 05 03 | 05
#0975-d168 @A: 01 03 35 20 | 07
#0976-d168 @A: 03 17 33 35 | 03
#0977-d168 @A: 13 21 32 35 | 06
#0978-d168 @A: 34 35 24 17 | 09
#0979-d168 @A: 19 17 31 07 | 02
#0980-d168 @A: 31 14 26 17 | 01
#0981-d168 @A: 23 31 32 26 | 12
#0982-d168 @A: 23 27 31 34 | 11
#0983-d168 @A: 31 23 15 13 | 04
#0984-d168 @A: 31 21 07 13 | 10
#0985-d168 @A: 27 26 19 14 | 08
#0986-d168 @A: 07 19 26 01 | 05
#0987-d168 @A: 15 19 21 26 | 07
#0988-d168 @A: 21 14 26 23 | 03
#0989-d168 @A: 24 26 14 05 | 06
#0990-d168 @A: 15 14 33 12 | 09
#0991-d168 @A: 13 14 17 33 | 02
#0992-d168 @A: 14 34 32 15 | 01
#0993-d168 @A: 17 23 21 13 | 12
#0994-d168 @A: 20 16 02 28 | 11
#0995-d168 @A: 05 02 14 16 | 04
#0996-d168 @A: 30 26 16 11 | 10
#0997-d168 @A: 30 16 31 05 | 08
#0998-d168 @A: 25 16 09 13 | 05
#0999-d168 @A: 11 16 08 15 | 07
#1000-d168 @A: 22 18 16 23 | 03
#1001-d168 @A: 22 26 10 16 | 06
#1002-d168 @A: 06 28 16 17 | 09
#1003-d168 @A: 01 16 18 13 | 02
#1004-d168 @A: 33 04 16 03 | 01
#1005-d168 @A: 16 23 28 32 | 12
#1006-d168 @A: 24 16 14 09 | 11
#1007-d168 @A: 32 05 16 26 | 04
#1008-d168 @A: 16 24 15 26 | 10
#1009-d168 @A: 03 12 23 16 | 08
#1010-d168 @A: 16 27 23 07 | 05
#1011-d168 @A: 29 02 25 12 | 07
#1012-d168 @A: 02 29 14 24 | 03
#1013-d168 @A: 25 30 29 24 | 06
#1014-d168 @A: 30 29 31 06 | 09
#1015-d168 @A: 25 19 29 01 | 02
#1016-d168 @A: 04 29 35 08 | 01
#1017-d168 @A: 18 09 34 29 | 12
#1018-d168 @A: 18 24 29 11 | 11
#1019-d168 @A: 29 19 03 18 | 04
#1020-d168 @A: 29 13 18 23 | 10
#1021-d168 @A: 21 10 29 04 | 08
#1022-d168 @A: 28 29 04 20 | 05
#1023-d168 @A: 29 04 15 14 | 07
#1024-d168 @A: 29 33 17 04 | 03
#1025-d168 @A: 01 09 10 29 | 06
#1026-d168 @A: 29 28 19 14 | 09
#1027-d168 @A: 29 15 26 32 | 02
#1028-d168 @A: 23 03 29 26 | 01
#1029-d168 @A: 12 01 29 24 | 12
#1030-d168 @A: 34 29 20 15 | 11
#1031-d168 @A: 27 15 23 29 | 04
#1032-d168 @A: 15 03 29 24 | 10
#1033-d168 @A: 23 02 17 30 | 08
#1034-d168 @A: 02 08 01 18 | 05
#1035-d168 @A: 08 35 02 17 | 07
#1036-d168 @A: 21 09 22 02 | 03
#1037-d168 @A: 19 03 22 02 | 06
#1038-d168 @A: 06 07 02 12 | 09
#1039-d168 @A: 02 04 15 28 | 02
#1040-d168 @A: 07 02 04 14 | 01
#1041-d168 @A: 14 02 11 03 | 12
#1042-d168 @A: 02 19 20 15 | 11
#1043-d168 @A: 34 26 32 02 | 04
#1044-d168 @A: 02 01 24 20 | 10
#1045-d168 @A: 02 13 07 27 | 08
#1046-d168 @A: 15 24 02 05 | 05
#1047-d168 @A: 05 28 25 30 | 07
#1048-d168 @A: 08 30 10 27 | 03
#1049-d168 @A: 26 22 19 30 | 06
#1050-d168 @A: 30 13 05 18 | 09
#1051-d168 @A: 28 01 10 30 | 02
#1052-d168 @A: 10 30 33 31 | 01
#1053-d168 @A: 10 15 34 30 | 12
#1054-d168 @A: 30 28 14 15 | 11
#1055-d168 @A: 26 14 09 30 | 04
#1056-d168 @A: 20 19 30 11 | 10
#1057-d168 @A: 01 26 30 23 | 08
#1058-d168 @A: 05 20 01 30 | 05
#1059-d168 @A: 21 32 30 05 | 07
#1060-d168 @A: 09 33 22 25 | 03
#1061-d168 @A: 33 18 06 25 | 06
#1062-d168 @A: 04 11 15 25 | 09
#1063-d168 @A: 04 33 25 31 | 02
#1064-d168 @A: 25 10 35 01 | 01
#1065-d168 @A: 23 26 25 35 | 12
#1066-d168 @A: 20 25 33 24 | 11
#1067-d168 @A: 25 34 32 27 | 04
#1068-d168 @A: 25 21 17 34 | 10
#1069-d168 @A: 08 15 04 22 | 08
#1070-d168 @A: 22 32 08 19 | 05
#1071-d168 @A: 34 08 06 11 | 07
#1072-d168 @A: 09 18 26 08 | 03
#1073-d168 @A: 08 35 18 23 | 06
#1074-d168 @A: 19 04 07 08 | 09
#1075-d168 @A: 28 03 08 31 | 02
#1076-d168 @A: 08 05 09 13 | 01
#1077-d168 @A: 34 08 27 14 | 12
#1078-d168 @A: 08 23 12 07 | 11
#1079-d168 @A: 08 21 03 01 | 04
#1080-d168 @A: 17 01 15 08 | 10
#1081-d168 @A: 18 10 22 27 | 08
#1082-d168 @A: 28 04 21 22 | 05
#1083-d168 @A: 22 13 09 04 | 07
#1084-d168 @A: 04 11 22 05 | 03
#1085-d168 @A: 14 28 12 22 | 06
#1086-d168 @A: 14 09 03 22 | 09
#1087-d168 @A: 22 26 23 17 | 02
#1088-d168 @A: 26 07 22 27 | 01
#1089-d168 @A: 05 15 26 22 | 12
#1090-d168 @A: 22 33 32 12 | 11
#1091-d168 @A: 22 32 01 07 | 04
#1092-d168 @A: 01 15 03 22 | 10
#1093-d168 @A: 11 26 18 06 | 08
#1094-d168 @A: 07 18 06 35 | 05
#1095-d168 @A: 07 06 15 04 | 07
#1096-d168 @A: 06 03 28 35 | 03
#1097-d168 @A: 06 12 31 13 | 06
#1098-d168 @A: 14 24 06 01 | 09
#1099-d168 @A: 06 03 34 21 | 02
#1100-d168 @A: 06 07 01 23 | 01
#1101-d168 @A: 17 07 21 06 | 12
#1102-d168 @A: 05 21 24 06 | 11
#1103-d168 @A: 04 19 18 33 | 04
#1104-d168 @A: 03 18 13 10 | 10
#1105-d168 @A: 05 09 18 28 | 08
#1106-d168 @A: 04 26 28 14 | 05
#1107-d168 @A: 27 04 26 32 | 07
#1108-d168 @A: 04 24 20 17 | 03
#1109-d168 @A: 28 10 35 24 | 06
#1110-d168 @A: 28 10 24 13 | 09
#1111-d168 @A: 24 11 10 09 | 02
#1112-d168 @A: 32 19 11 10 | 01
#1113-d168 @A: 32 31 35 10 | 12
#1114-d168 @A: 10 21 13 12 | 11
#1115-d168 @A: 32 24 17 10 | 04
#1116-d168 @A: 10 07 27 34 | 10
#1117-d168 @A: 10 23 05 21 | 08
#1118-d168 @A: 14 28 35 20 | 05
#1119-d168 @A: 14 07 03 28 | 07
#1120-d168 @A: 07 05 32 28 | 03
#1121-d168 @A: 15 28 07 34 | 06
#1122-d168 @A: 21 17 28 15 | 09
#1123-d168 @A: 34 33 09 11 | 02
#1124-d168 @A: 09 32 26 24 | 01
#1125-d168 @A: 33 09 24 05 | 12
#1126-d168 @A: 31 11 35 26 | 11
#1127-d168 @A: 13 35 23 11 | 04
#1128-d168 @A: 12 23 15 11 | 10
#1129-d168 @A: 15 32 33 11 | 08
#1130-d168 @A: 23 07 11 24 | 05
#1131-d168 @A: 03 05 11 21 | 07
#1132-d168 @A: 15 12 03 35 | 03
#1133-d168 @A: 20 33 35 32 | 06
#1134-d168 @A: 20 21 24 35 | 09
#1135-d168 @A: 35 23 07 15 | 02
#1136-d168 @A: 03 26 21 31 | 01
#1137-d168 @A: 13 23 20 31 | 12
#1138-d168 @A: 14 19 23 07 | 11
#1139-d168 @A: 12 15 19 27 | 04
#1140-d168 @A: 33 21 19 27 | 10
#1141-d168 @A: 23 01 19 15 | 08
#1142-d168 @A: 21 19 24 23 | 05
#1143-d168 @A: 23 05 33 14 | 07
#1144-d168 @A: 14 32 01 17 | 03
#1145-d168 @A: 32 01 13 23 | 06
#1146-d168 @A: 29 16 04 27 | 09
#1147-d168 @A: 35 29 16 03 | 02
#1148-d168 @A: 01 16 02 03 | 01
#1149-d168 @A: 07 02 16 24 | 12
#1150-d168 @A: 16 25 22 35 | 11
#1151-d168 @A: 03 18 06 16 | 04
#1152-d168 @A: 01 16 32 18 | 10
#1153-d168 @A: 13 04 33 16 | 08
#1154-d168 @A: 15 35 16 28 | 05
#1155-d168 @A: 03 16 31 15 | 07
#1156-d168 @A: 16 33 26 20 | 03
#1157-d168 @A: 01 16 33 23 | 06
#1158-d168 @A: 16 33 21 13 | 09
#1159-d168 @A: 03 11 30 29 | 02
#1160-d168 @A: 30 35 15 29 | 01
#1161-d168 @A: 13 29 22 26 | 12
#1162-d168 @A: 24 06 29 10 | 11
#1163-d168 @A: 04 18 29 32 | 04
#1164-d168 @A: 03 04 09 29 | 10
#1165-d168 @A: 17 31 28 29 | 08
#1166-d168 @A: 28 12 29 03 | 05
#1167-d168 @A: 29 11 35 05 | 07
#1168-d168 @A: 33 32 29 23 | 03
#1169-d168 @A: 29 23 24 17 | 06
#1170-d168 @A: 01 03 29 05 | 09
#1171-d168 @A: 02 32 06 25 | 02
#1172-d168 @A: 10 02 17 25 | 01
#1173-d168 @A: 04 02 34 08 | 12
#1174-d168 @A: 02 08 11 12 | 11
#1175-d168 @A: 08 14 26 02 | 04
#1176-d168 @A: 22 33 28 02 | 10
#1177-d168 @A: 33 18 02 09 | 08
#1178-d168 @A: 18 13 02 35 | 05
#1179-d168 @A: 02 04 26 19 | 07
#1180-d168 @A: 05 04 03 02 | 03
#1181-d168 @A: 21 02 10 35 | 06
#1182-d168 @A: 02 09 13 32 | 09
#1183-d168 @A: 17 11 19 02 | 02
#1184-d168 @A: 02 05 34 35 | 01
#1185-d168 @A: 21 12 02 26 | 12
#1186-d168 @A: 07 23 33 02 | 11
#1187-d168 @A: 13 34 03 02 | 04
#1188-d168 @A: 23 02 27 21 | 10
#1189-d168 @A: 26 15 08 30 | 08
#1190-d168 @A: 06 10 13 30 | 05
#1191-d168 @A: 09 35 30 11 | 07
#1192-d168 @A: 03 35 30 31 | 03
#1193-d168 @A: 26 30 21 35 | 06
#1194-d168 @A: 21 23 30 31 | 09
#1195-d168 @A: 07 26 30 32 | 02
#1196-d168 @A: 23 33 34 30 | 01
#1197-d168 @A: 30 34 27 24 | 12
#1198-d168 @A: 30 24 13 07 | 11
#1199-d168 @A: 25 06 08 27 | 04
#1200-d168 @A: 25 18 08 32 | 10
#1201-d168 @A: 33 10 25 08 | 08
#1202-d168 @A: 22 01 27 25 | 05
#1203-d168 @A: 07 04 28 25 | 07
#1204-d168 @A: 25 20 10 14 | 03
#1205-d168 @A: 28 25 14 24 | 06
#1206-d168 @A: 26 25 31 13 | 09
#1207-d168 @A: 19 32 33 25 | 02
#1208-d168 @A: 32 15 25 20 | 01
#1209-d168 @A: 27 03 33 25 | 12
#1210-d168 @A: 25 15 05 01 | 11
#1211-d168 @A: 05 13 25 21 | 04
#1212-d168 @A: 35 07 22 08 | 10
#1213-d168 @A: 08 07 06 28 | 08
#1214-d168 @A: 18 05 08 19 | 05
#1215-d168 @A: 14 10 23 08 | 07
#1216-d168 @A: 34 09 08 35 | 03
#1217-d168 @A: 08 13 31 11 | 06
#1218-d168 @A: 08 01 13 35 | 09
#1219-d168 @A: 15 12 20 08 | 02
#1220-d168 @A: 21 23 15 08 | 01
#1221-d168 @A: 22 06 33 17 | 12
#1222-d168 @A: 22 32 09 10 | 11
#1223-d168 @A: 35 22 20 11 | 04
#1224-d168 @A: 19 11 22 01 | 10
#1225-d168 @A: 07 34 22 12 | 08
#1226-d168 @A: 27 22 24 12 | 05
#1227-d168 @A: 06 20 10 04 | 07
#1228-d168 @A: 09 06 17 10 | 03
#1229-d168 @A: 13 06 15 11 | 06
#1230-d168 @A: 20 31 06 23 | 09
#1231-d168 @A: 21 06 20 13 | 02
#1232-d168 @A: 24 34 23 06 | 01
#1233-d168 @A: 13 05 06 01 | 12
#1234-d168 @A: 11 18 21 19 | 11
#1235-d168 @A: 21 33 17 18 | 04
#1236-d168 @A: 04 27 14 10 | 10
#1237-d168 @A: 09 32 14 04 | 08
#1238-d168 @A: 04 09 12 33 | 05
#1239-d168 @A: 04 27 07 11 | 07
#1240-d168 @A: 27 35 04 19 | 03
#1241-d168 @A: 14 24 31 04 | 06
#1242-d168 @A: 26 04 01 15 | 09
#1243-d168 @A: 04 05 13 21 | 02
#1244-d168 @A: 03 09 31 10 | 01
#1245-d168 @A: 10 34 01 11 | 12
#1246-d168 @A: 10 19 05 35 | 11
#1247-d168 @A: 35 20 12 10 | 04
#1248-d168 @A: 10 03 20 21 | 10
#1249-d168 @A: 17 10 13 15 | 08
#1250-d168 @A: 26 11 28 33 | 05
#1251-d168 @A: 19 03 27 28 | 07
#1252-d168 @A: 27 26 34 28 | 03
#1253-d168 @A: 20 03 33 28 | 06
#1254-d168 @A: 24 28 23 20 | 09
#1255-d168 @A: 28 01 21 34 | 02
#1256-d168 @A: 07 11 09 13 | 01
#1257-d168 @A: 09 23 26 15 | 12
#1258-d168 @A: 33 09 23 27 | 11
#1259-d168 @A: 03 27 05 09 | 04
#1260-d168 @A: 11 19 12 31 | 10
#1261-d168 @A: 34 20 07 35 | 08
#1262-d168 @A: 07 35 13 34 | 05
#1263-d168 @A: 31 01 27 32 | 07
#1264-d168 @A: 12 32 34 19 | 03
#1265-d168 @A: 12 05 19 21 | 06
#1266-d168 @A: 07 15 13 12 | 09
#1267-d168 @A: 15 13 21 27 | 02
#1268-d168 @A: 02 16 04 32 | 01
#1269-d168 @A: 02 16 10 09 | 12
#1270-d168 @A: 14 30 34 16 | 11
#1271-d168 @A: 25 32 16 31 | 04
#1272-d168 @A: 16 12 09 18 | 10
#1273-d168 @A: 18 16 14 19 | 08
#1274-d168 @A: 04 16 10 35 | 05
#1275-d168 @A: 19 16 04 15 | 07
#1276-d168 @A: 35 09 16 27 | 03
#1277-d168 @A: 09 33 16 31 | 06
#1278-d168 @A: 01 12 07 16 | 09
#1279-d168 @A: 30 29 07 22 | 02
#1280-d168 @A: 06 22 03 29 | 01
#1281-d168 @A: 17 22 21 29 | 12
#1282-d168 @A: 06 15 09 29 | 11
#1283-d168 @A: 07 21 18 29 | 04
#1284-d168 @A: 13 01 29 09 | 10
#1285-d168 @A: 24 27 09 29 | 08
#1286-d168 @A: 05 29 26 07 | 05
#1287-d168 @A: 07 33 29 15 | 07
#1288-d168 @A: 13 02 04 30 | 03
#1289-d168 @A: 05 30 02 09 | 06
#1290-d168 @A: 25 02 14 33 | 09
#1291-d168 @A: 19 24 08 02 | 02
#1292-d168 @A: 22 02 17 24 | 01
#1293-d168 @A: 06 11 02 35 | 12
#1294-d168 @A: 12 10 32 02 | 11
#1295-d168 @A: 19 28 02 01 | 04
#1296-d168 @A: 07 02 26 09 | 10
#1297-d168 @A: 02 19 13 14 | 08
#1298-d168 @A: 12 02 20 03 | 05
#1299-d168 @A: 05 02 23 12 | 07
#1300-d168 @A: 01 13 02 17 | 03
#1301-d168 @A: 30 25 12 01 | 06
#1302-d168 @A: 30 08 12 28 | 09
#1303-d168 @A: 08 23 11 30 | 02
#1304-d168 @A: 35 24 30 06 | 01
#1305-d168 @A: 10 07 35 30 | 12
#1306-d168 @A: 14 10 21 30 | 11
#1307-d168 @A: 28 30 17 35 | 04
#1308-d168 @A: 30 23 09 03 | 10
#1309-d168 @A: 30 19 34 35 | 08
#1310-d168 @A: 33 30 19 24 | 05
#1311-d168 @A: 33 14 30 32 | 07
#1312-d168 @A: 12 30 26 24 | 03
#1313-d168 @A: 12 15 30 07 | 06
#1314-d168 @A: 20 30 15 21 | 09
#1315-d168 @A: 30 01 15 13 | 02
#1316-d168 @A: 24 03 17 30 | 01
#1317-d168 @A: 10 25 22 05 | 12
#1318-d168 @A: 11 21 10 25 | 11
#1319-d168 @A: 14 11 25 12 | 04
#1320-d168 @A: 35 27 25 12 | 10
#1321-d168 @A: 25 35 34 03 | 08
#1322-d168 @A: 32 13 25 14 | 05
#1323-d168 @A: 25 33 01 17 | 07
#1324-d168 @A: 06 33 08 35 | 03
#1325-d168 @A: 08 24 18 13 | 06
#1326-d168 @A: 04 01 08 11 | 09
#1327-d168 @A: 31 27 04 08 | 02
#1328-d168 @A: 10 05 08 09 | 01
#1329-d168 @A: 28 08 01 14 | 12
#1330-d168 @A: 27 08 24 33 | 11
#1331-d168 @A: 23 08 13 07 | 04
#1332-d168 @A: 08 13 21 03 | 10
#1333-d168 @A: 32 22 26 06 | 08
#1334-d168 @A: 18 22 09 07 | 05
#1335-d168 @A: 15 22 18 32 | 07
#1336-d168 @A: 22 10 19 14 | 03
#1337-d168 @A: 22 20 24 10 | 06
#1338-d168 @A: 35 28 22 34 | 09
#1339-d168 @A: 23 28 22 31 | 02
#1340-d168 @A: 22 14 17 11 | 01
#1341-d168 @A: 22 19 31 34 | 12
#1342-d168 @A: 34 22 21 15 | 11
#1343-d168 @A: 23 05 01 22 | 04
#1344-d168 @A: 28 18 01 06 | 10
#1345-d168 @A: 18 06 19 17 | 08
#1346-d168 @A: 11 06 09 04 | 05
#1347-d168 @A: 31 32 04 06 | 07
#1348-d168 @A: 09 19 14 06 | 03
#1349-d168 @A: 06 09 26 03 | 06
#1350-d168 @A: 06 32 23 11 | 09
#1351-d168 @A: 35 06 21 31 | 02
#1352-d168 @A: 06 14 13 15 | 01
#1353-d168 @A: 26 06 05 27 | 12
#1354-d168 @A: 20 24 12 06 | 11
#1355-d168 @A: 07 34 06 05 | 04
#1356-d168 @A: 06 27 03 01 | 10
#1357-d168 @A: 10 21 15 18 | 08
#1358-d168 @A: 19 09 23 18 | 05
#1359-d168 @A: 09 24 18 17 | 07
#1360-d168 @A: 18 23 12 27 | 03
#1361-d168 @A: 20 23 21 18 | 06
#1362-d168 @A: 20 03 15 18 | 09
#1363-d168 @A: 18 21 24 03 | 02
#1364-d168 @A: 05 10 04 26 | 01
#1365-d168 @A: 04 35 33 28 | 12
#1366-d168 @A: 35 13 28 04 | 11
#1367-d168 @A: 24 04 09 34 | 04
#1368-d168 @A: 11 34 14 04 | 10
#1369-d168 @A: 03 31 04 19 | 08
#1370-d168 @A: 07 32 12 04 | 05
#1371-d168 @A: 12 05 04 27 | 07
#1372-d168 @A: 26 10 21 28 | 03
#1373-d168 @A: 23 09 13 10 | 06
#1374-d168 @A: 10 19 21 31 | 09
#1375-d168 @A: 33 12 17 10 | 02
#1376-d168 @A: 10 01 32 23 | 01
#1377-d168 @A: 35 28 11 01 | 12
#1378-d168 @A: 17 28 34 12 | 11
#1379-d168 @A: 27 15 20 28 | 04
#1380-d168 @A: 20 28 21 07 | 10
#1381-d168 @A: 01 27 28 23 | 08
#1382-d168 @A: 20 09 13 27 | 05
#1383-d168 @A: 21 20 09 05 | 07
#1384-d168 @A: 34 23 09 32 | 03
#1385-d168 @A: 11 32 20 07 | 06
#1386-d168 @A: 20 13 32 11 | 09
#1387-d168 @A: 20 27 03 11 | 02
#1388-d168 @A: 11 21 15 01 | 01
#1389-d168 @A: 27 33 35 34 | 12
#1390-d168 @A: 03 24 35 07 | 11
#1391-d168 @A: 26 24 01 31 | 04
#1392-d168 @A: 31 32 12 05 | 10
#1393-d168 @A: 31 33 27 07 | 08
#1394-d168 @A: 13 17 32 31 | 05
#1395-d168 @A: 19 14 32 21 | 07
#1396-d168 @A: 26 12 19 13 | 03
#1397-d168 @A: 17 19 23 32 | 06
#1398-d168 @A: 34 07 21 19 | 09
#1399-d168 @A: 24 05 19 07 | 02
#1400-d168 @A: 03 14 32 26 | 01
#1401-d168 @A: 27 14 21 12 | 12
#1402-d168 @A: 32 26 13 24 | 11
#1403-d168 @A: 13 20 24 15 | 04
#1404-d168 @A: 30 29 16 23 | 10
#1405-d168 @A: 16 29 08 18 | 08
#1406-d168 @A: 24 29 19 16 | 05
#1407-d168 @A: 16 07 20 29 | 07
#1408-d168 @A: 13 24 16 02 | 03
#1409-d168 @A: 16 24 06 25 | 06
#1410-d168 @A: 22 14 15 16 | 09
#1411-d168 @A: 11 16 06 12 | 02
#1412-d168 @A: 06 32 13 16 | 01
#1413-d168 @A: 15 06 34 16 | 12
#1414-d168 @A: 16 10 18 07 | 11
#1415-d168 @A: 16 18 11 20 | 04
#1416-d168 @A: 09 20 04 16 | 10
#1417-d168 @A: 16 27 10 11 | 08
#1418-d168 @A: 21 16 10 24 | 05
#1419-d168 @A: 11 17 16 35 | 07
#1420-d168 @A: 16 35 19 13 | 03
#1421-d168 @A: 16 15 33 27 | 06
#1422-d168 @A: 26 30 02 29 | 09
#1423-d168 @A: 18 33 29 30 | 02
#1424-d168 @A: 30 34 21 29 | 01
#1425-d168 @A: 32 10 25 29 | 12
#1426-d168 @A: 29 08 11 26 | 11
#1427-d168 @A: 29 05 33 08 | 04
#1428-d168 @A: 20 19 29 06 | 10
#1429-d168 @A: 18 26 14 29 | 08
#1430-d168 @A: 29 24 04 07 | 05
#1431-d168 @A: 35 29 10 26 | 07
#1432-d168 @A: 23 29 28 11 | 03
#1433-d168 @A: 29 28 24 05 | 06
#1434-d168 @A: 13 33 29 11 | 09
#1435-d168 @A: 29 19 35 17 | 02
#1436-d168 @A: 20 27 29 35 | 01
#1437-d168 @A: 29 14 05 13 | 12
#1438-d168 @A: 33 29 21 03 | 11
#1439-d168 @A: 34 29 23 07 | 04
#1440-d168 @A: 27 29 07 03 | 10
#1441-d168 @A: 30 27 28 02 | 08
#1442-d168 @A: 02 23 22 11 | 05
#1443-d168 @A: 02 20 09 06 | 07
#1444-d168 @A: 03 02 17 06 | 03
#1445-d168 @A: 02 04 18 23 | 06
#1446-d168 @A: 02 31 20 10 | 09
#1447-d168 @A: 05 02 32 20 | 02
#1448-d168 @A: 27 01 02 34 | 01
#1449-d168 @A: 05 07 02 27 | 12
#1450-d168 @A: 30 31 07 08 | 11
#1451-d168 @A: 03 14 30 08 | 04
#1452-d168 @A: 30 31 13 22 | 10
#1453-d168 @A: 30 32 06 10 | 08
#1454-d168 @A: 14 01 18 30 | 05
#1455-d168 @A: 07 05 30 04 | 07
#1456-d168 @A: 28 11 30 07 | 03
#1457-d168 @A: 30 13 33 28 | 06
#1458-d168 @A: 30 07 09 27 | 09
#1459-d168 @A: 34 20 17 30 | 02
#1460-d168 @A: 30 07 33 17 | 01
#1461-d168 @A: 05 33 30 15 | 12
#1462-d168 @A: 09 21 08 25 | 11
#1463-d168 @A: 12 08 19 25 | 04
#1464-d168 @A: 18 25 22 11 | 10
#1465-d168 @A: 17 06 25 15 | 08
#1466-d168 @A: 35 18 25 15 | 05
#1467-d168 @A: 17 04 27 25 | 07
#1468-d168 @A: 24 10 31 25 | 03
#1469-d168 @A: 09 25 14 34 | 06
#1470-d168 @A: 07 35 25 19 | 09
#1471-d168 @A: 24 01 25 32 | 02
#1472-d168 @A: 24 27 05 25 | 01
#1473-d168 @A: 22 09 27 08 | 12
#1474-d168 @A: 22 11 08 21 | 11
#1475-d168 @A: 31 24 06 08 | 04
#1476-d168 @A: 18 08 14 33 | 10
#1477-d168 @A: 08 15 35 10 | 08
#1478-d168 @A: 08 31 33 21 | 05
#1479-d168 @A: 17 31 08 34 | 07
#1480-d168 @A: 34 33 32 08 | 03
#1481-d168 @A: 34 08 24 15 | 06
#1482-d168 @A: 20 18 22 19 | 09
#1483-d168 @A: 22 28 17 01 | 02
#1484-d168 @A: 19 21 35 22 | 01
#1485-d168 @A: 26 03 22 12 | 12
#1486-d168 @A: 01 22 12 21 | 11
#1487-d168 @A: 33 05 22 27 | 04
#1488-d168 @A: 22 34 01 24 | 10
#1489-d168 @A: 22 17 07 03 | 08
#1490-d168 @A: 18 09 21 06 | 05
#1491-d168 @A: 06 15 18 14 | 07
#1492-d168 @A: 32 18 06 12 | 03
#1493-d168 @A: 06 04 17 14 | 06
#1494-d168 @A: 10 06 19 15 | 09
#1495-d168 @A: 27 12 09 06 | 02
#1496-d168 @A: 03 06 31 14 | 01
#1497-d168 @A: 06 01 26 12 | 12
#1498-d168 @A: 12 06 05 03 | 11
#1499-d168 @A: 11 18 10 04 | 04
#1500-d168 @A: 11 15 31 18 | 10
#1501-d168 @A: 18 14 34 31 | 08
#1502-d168 @A: 09 10 07 04 | 05
#1503-d168 @A: 23 04 19 11 | 07
#1504-d168 @A: 24 04 26 23 | 03
#1505-d168 @A: 01 12 23 04 | 06
#1506-d168 @A: 34 20 05 04 | 09
#1507-d168 @A: 20 03 07 04 | 02
#1508-d168 @A: 34 20 09 10 | 01
#1509-d168 @A: 10 31 12 01 | 12
#1510-d168 @A: 05 31 27 10 | 11
#1511-d168 @A: 20 01 26 10 | 04
#1512-d168 @A: 17 10 27 20 | 10
#1513-d168 @A: 21 33 10 34 | 08
#1514-d168 @A: 09 03 28 11 | 05
#1515-d168 @A: 09 28 34 31 | 07
#1516-d168 @A: 35 23 28 05 | 03
#1517-d168 @A: 28 32 12 20 | 06
#1518-d168 @A: 27 32 28 33 | 09
#1519-d168 @A: 24 17 28 33 | 02
#1520-d168 @A: 28 03 32 21 | 01
#1521-d168 @A: 01 28 07 13 | 12
#1522-d168 @A: 01 03 28 24 | 11
#1523-d168 @A: 13 14 31 09 | 04
#1524-d168 @A: 09 12 23 20 | 10
#1525-d168 @A: 09 24 12 07 | 08
#1526-d168 @A: 14 19 35 11 | 05
#1527-d168 @A: 23 03 11 35 | 07
#1528-d168 @A: 20 11 12 34 | 03
#1529-d168 @A: 11 12 27 01 | 06
#1530-d168 @A: 13 05 34 11 | 09
#1531-d168 @A: 24 35 14 33 | 02
#1532-d168 @A: 13 20 03 35 | 01
#1533-d168 @A: 07 33 05 35 | 12
#1534-d168 @A: 35 32 23 27 | 11
#1535-d168 @A: 15 35 21 32 | 04
#1536-d168 @A: 15 17 35 27 | 10
#1537-d168 @A: 13 31 19 34 | 08
#1538-d168 @A: 31 20 26 15 | 05
#1539-d168 @A: 31 33 05 26 | 07
#1540-d168 @A: 03 05 31 20 | 03
#1541-d168 @A: 31 34 01 15 | 06
#1542-d168 @A: 12 19 01 20 | 09
#1543-d168 @A: 33 07 12 19 | 02
#1544-d168 @A: 17 12 24 19 | 01
#1545-d168 @A: 19 27 05 23 | 12
#1546-d168 @A: 17 19 21 03 | 11
#1547-d168 @A: 24 20 03 14 | 04
#1548-d168 @A: 17 24 21 14 | 10
#1549-d168 @A: 23 12 13 05 | 08
#1550-d168 @A: 20 33 07 13 | 05
#1551-d168 @A: 16 29 12 22 | 07
#1552-d168 @A: 28 16 10 29 | 03
#1553-d168 @A: 32 29 11 16 | 06
#1554-d168 @A: 19 23 02 16 | 09
#1555-d168 @A: 30 24 18 16 | 02
#1556-d168 @A: 17 04 16 30 | 01
#1557-d168 @A: 03 16 10 30 | 12
#1558-d168 @A: 15 16 09 30 | 11
#1559-d168 @A: 16 21 08 06 | 04
#1560-d168 @A: 03 22 16 28 | 10
#1561-d168 @A: 07 31 11 16 | 08
#1562-d168 @A: 16 11 14 01 | 05
#1563-d168 @A: 33 24 16 12 | 07
#1564-d168 @A: 16 20 05 13 | 03
#1565-d168 @A: 16 17 15 20 | 06
#1566-d168 @A: 34 16 23 13 | 09
#1567-d168 @A: 01 24 17 16 | 02
#1568-d168 @A: 05 03 16 24 | 01
#1569-d168 @A: 02 05 29 22 | 12
#1570-d168 @A: 01 02 29 04 | 11
#1571-d168 @A: 28 02 29 21 | 04
#1572-d168 @A: 11 02 34 29 | 10
#1573-d168 @A: 30 29 10 20 | 08
#1574-d168 @A: 13 29 34 30 | 05
#1575-d168 @A: 34 25 22 29 | 07
#1576-d168 @A: 17 13 25 29 | 03
#1577-d168 @A: 31 29 12 08 | 06
#1578-d168 @A: 19 13 29 08 | 09
#1579-d168 @A: 22 26 29 04 | 02
#1580-d168 @A: 11 29 22 15 | 01
#1581-d168 @A: 12 29 20 33 | 12
#1582-d168 @A: 29 05 32 17 | 11
#1583-d168 @A: 29 34 03 17 | 04
#1584-d168 @A: 02 35 20 25 | 10
#1585-d168 @A: 19 25 02 21 | 08
#1586-d168 @A: 02 32 07 08 | 05
#1587-d168 @A: 21 04 06 02 | 07
#1588-d168 @A: 14 02 28 34 | 03
#1589-d168 @A: 35 24 09 02 | 06
#1590-d168 @A: 09 31 02 01 | 09
#1591-d168 @A: 35 02 33 19 | 02
#1592-d168 @A: 02 03 26 33 | 01
#1593-d168 @A: 32 33 24 02 | 12
#1594-d168 @A: 33 17 34 02 | 11
#1595-d168 @A: 23 02 33 13 | 04
#1596-d168 @A: 25 32 09 30 | 10
#1597-d168 @A: 01 08 19 30 | 08
#1598-d168 @A: 24 30 28 22 | 05
#1599-d168 @A: 03 21 30 22 | 07
#1600-d168 @A: 06 30 07 14 | 03
#1601-d168 @A: 09 21 04 30 | 06
#1602-d168 @A: 04 11 33 30 | 09
#1603-d168 @A: 04 01 30 31 | 02
#1604-d168 @A: 04 15 30 27 | 01
#1605-d168 @A: 26 30 28 31 | 12
#1606-d168 @A: 01 17 11 30 | 11
#1607-d168 @A: 35 30 14 12 | 04
#1608-d168 @A: 30 05 27 35 | 10
#1609-d168 @A: 30 13 12 33 | 08
#1610-d168 @A: 34 30 32 01 | 05
#1611-d168 @A: 03 05 34 30 | 07
#1612-d168 @A: 14 15 25 08 | 03
#1613-d168 @A: 25 08 01 07 | 06
#1614-d168 @A: 21 14 25 06 | 09
#1615-d168 @A: 11 04 13 25 | 02
#1616-d168 @A: 25 10 19 34 | 01
#1617-d168 @A: 15 25 23 28 | 12
#1618-d168 @A: 03 19 09 25 | 11
#1619-d168 @A: 17 25 35 14 | 04
#1620-d168 @A: 14 01 25 31 | 10
#1621-d168 @A: 20 25 31 27 | 08
#1622-d168 @A: 25 14 32 05 | 05
#1623-d168 @A: 01 20 21 25 | 07
#1624-d168 @A: 08 22 01 26 | 03
#1625-d168 @A: 10 32 04 08 | 06
#1626-d168 @A: 04 26 08 33 | 09
#1627-d168 @A: 10 19 17 08 | 02
#1628-d168 @A: 28 08 17 11 | 01
#1629-d168 @A: 08 11 09 32 | 12
#1630-d168 @A: 03 33 08 23 | 11
#1631-d168 @A: 08 27 05 15 | 04
#1632-d168 @A: 23 09 04 22 | 10
#1633-d168 @A: 13 32 10 22 | 08
#1634-d168 @A: 28 07 19 22 | 05
#1635-d168 @A: 11 22 33 03 | 07
#1636-d168 @A: 13 20 27 22 | 03
#1637-d168 @A: 03 22 27 23 | 06
#1638-d168 @A: 06 19 12 04 | 09
#1639-d168 @A: 19 09 06 13 | 02
#1640-d168 @A: 05 01 09 06 | 01
#1641-d168 @A: 33 06 11 27 | 12
#1642-d168 @A: 12 33 34 06 | 11
#1643-d168 @A: 15 06 05 32 | 04
#1644-d168 @A: 01 34 17 06 | 10
#1645-d168 @A: 18 14 04 12 | 08
#1646-d168 @A: 05 17 04 18 | 05
#1647-d168 @A: 28 18 17 20 | 07
#1648-d168 @A: 01 09 18 11 | 03
#1649-d168 @A: 21 14 18 13 | 06
#1650-d168 @A: 01 18 12 15 | 09
#1651-d168 @A: 34 18 33 24 | 02
#1652-d168 @A: 34 32 07 18 | 01
#1653-d168 @A: 04 13 31 01 | 12
#1654-d168 @A: 33 10 14 09 | 11
#1655-d168 @A: 07 19 10 03 | 04
#1656-d168 @A: 26 07 10 12 | 10
#1657-d168 @A: 23 26 10 27 | 08
#1658-d168 @A: 20 07 10 15 | 05
#1659-d168 @A: 07 05 01 10 | 07
#1660-d168 @A: 05 13 10 27 | 03
#1661-d168 @A: 31 28 27 35 | 06
#1662-d168 @A: 24 12 15 28 | 09
#1663-d168 @A: 34 03 28 23 | 02
#1664-d168 @A: 17 11 21 09 | 01
#1665-d168 @A: 09 17 31 35 | 12
#1666-d168 @A: 15 05 14 09 | 11
#1667-d168 @A: 23 07 05 09 | 04
#1668-d168 @A: 32 14 31 11 | 10
#1669-d168 @A: 24 11 26 34 | 08
#1670-d168 @A: 13 11 12 34 | 05
#1671-d168 @A: 21 23 11 34 | 07
#1672-d168 @A: 26 35 15 34 | 03
#1673-d168 @A: 20 15 05 35 | 06
#1674-d168 @A: 35 05 32 24 | 09
#1675-d168 @A: 20 31 21 17 | 02
#1676-d168 @A: 33 31 03 24 | 01
#1677-d168 @A: 24 05 31 34 | 12
#1678-d168 @A: 24 17 15 31 | 11
#1679-d168 @A: 03 19 12 14 | 04
#1680-d168 @A: 14 19 34 17 | 10
#1681-d168 @A: 19 26 20 32 | 08
#1682-d168 @A: 19 07 27 20 | 05
#1683-d168 @A: 34 33 19 01 | 07
#1684-d168 @A: 17 01 27 19 | 03
#1685-d168 @A: 01 14 20 07 | 06
#1686-d168 @A: 14 27 20 05 | 09
#1687-d168 @A: 33 14 03 34 | 02
#1688-d168 @A: 23 14 03 01 | 01
#1689-d168 @A: 24 14 27 23 | 12
