#0001-d178 @A: 27 24 35 14 | 09
#0002-d178 @A: 27 29 26 24 | 08
#0003-d178 @A: 20 01 24 27 | 03
#0004-d178 @A: 03 32 24 30 | 12
#0005-d178 @A: 24 34 14 09 | 11
#0006-d178 @A: 32 24 22 25 | 06
#0007-d178 @A: 24 17 03 22 | 01
#0008-d178 @A: 28 24 17 01 | 07
#0009-d178 @A: 11 22 12 24 | 10
#0010-d178 @A: 24 07 22 20 | 05
#0011-d178 @A: 24 16 01 21 | 02
#0012-d178 @A: 02 24 28 04 | 04
#0013-d178 @A: 19 27 35 23 | 09
#0014-d178 @A: 22 27 35 11 | 08
#0015-d178 @A: 35 31 27 08 | 03
#0016-d178 @A: 33 35 30 02 | 12
#0017-d178 @A: 35 20 12 19 | 11
#0018-d178 @A: 33 35 04 09 | 06
#0019-d178 @A: 35 05 29 34 | 01
#0020-d178 @A: 18 34 04 35 | 07
#0021-d178 @A: 35 34 01 26 | 10
#0022-d178 @A: 14 34 33 35 | 05
#0023-d178 @A: 18 12 01 35 | 02
#0024-d178 @A: 01 29 13 35 | 04
#0025-d178 @A: 35 26 16 07 | 09
#0026-d178 @A: 10 06 35 02 | 08
#0027-d178 @A: 16 02 31 35 | 03
#0028-d178 @A: 05 14 35 02 | 12
#0029-d178 @A: 27 15 12 08 | 11
#0030-d178 @A: 15 03 30 23 | 06
#0031-d178 @A: 15 31 22 09 | 01
#0032-d178 @A: 15 05 02 09 | 07
#0033-d178 @A: 25 29 22 15 | 10
#0034-d178 @A: 14 15 25 26 | 05
#0035-d178 @A: 03 15 11 12 | 02
#0036-d178 @A: 31 12 15 18 | 04
#0037-d178 @A: 29 33 01 15 | 09
#0038-d178 @A: 04 15 16 06 | 08
#0039-d178 @A: 15 32 16 28 | 03
#0040-d178 @A: 05 16 15 31 | 12
#0041-d178 @A: 04 14 15 05 | 11
#0042-d178 @A: 11 04 08 15 | 06
#0043-d178 @A: 30 26 17 27 | 01
#0044-d178 @A: 27 09 19 13 | 07
#0045-d178 @A: 27 09 20 03 | 10
#0046-d178 @A: 27 10 22 17 | 05
#0047-d178 @A: 20 17 11 27 | 02
#0048-d178 @A: 27 12 22 02 | 04
#0049-d178 @A: 27 02 23 18 | 09
#0050-d178 @A: 13 27 18 05 | 08
#0051-d178 @A: 08 13 26 27 | 03
#0052-d178 @A: 08 19 25 30 | 12
#0053-d178 @A: 19 30 03 16 | 11
#0054-d178 @A: 29 05 30 19 | 06
#0055-d178 @A: 09 30 14 25 | 01
#0056-d178 @A: 09 18 30 11 | 07
#0057-d178 @A: 17 11 30 23 | 10
#0058-d178 @A: 30 02 13 31 | 05
#0059-d178 @A: 09 19 28 18 | 02
#0060-d178 @A: 17 31 25 19 | 04
#0061-d178 @A: 02 23 19 03 | 09
#0062-d178 @A: 14 01 17 19 | 08
#0063-d178 @A: 12 19 21 04 | 03
#0064-d178 @A: 19 16 28 21 | 12
#0065-d178 @A: 19 08 01 20 | 11
#0066-d178 @A: 01 33 20 19 | 06
#0067-d178 @A: 31 08 19 16 | 01
#0068-d178 @A: 29 09 06 17 | 07
#0069-d178 @A: 21 09 23 32 | 10
#0070-d178 @A: 04 13 29 09 | 05
#0071-d178 @A: 08 09 11 21 | 02
#0072-d178 @A: 20 09 14 01 | 04
#0073-d178 @A: 26 04 09 06 | 09
#0074-d178 @A: 07 26 05 09 | 08
#0075-d178 @A: 11 32 09 26 | 03
#0076-d178 @A: 32 28 09 20 | 12
#0077-d178 @A: 31 05 33 09 | 11
#0078-d178 @A: 25 06 03 18 | 06
#0079-d178 @A: 17 25 01 06 | 01
#0080-d178 @A: 25 18 28 12 | 07
#0081-d178 @A: 14 29 28 25 | 10
#0082-d178 @A: 25 26 22 01 | 05
#0083-d178 @A: 18 13 25 21 | 02
#0084-d178 @A: 25 33 06 21 | 04
#0085-d178 @A: 31 25 26 06 | 09
#0086-d178 @A: 06 25 16 05 | 08
#0087-d178 @A: 13 28 31 25 | 03
#0088-d178 @A: 25 07 04 20 | 12
#0089-d178 @A: 25 32 31 33 | 11
#0090-d178 @A: 34 03 13 18 | 06
#0091-d178 @A: 31 18 17 34 | 01
#0092-d178 @A: 14 23 18 34 | 07
#0093-d178 @A: 16 06 33 34 | 10
#0094-d178 @A: 06 08 34 14 | 05
#0095-d178 @A: 16 10 32 34 | 02
#0096-d178 @A: 20 14 34 02 | 04
#0097-d178 @A: 03 22 29 07 | 09
#0098-d178 @A: 29 14 18 03 | 08
#0099-d178 @A: 10 08 29 03 | 03
#0100-d178 @A: 21 04 18 03 | 12
#0101-d178 @A: 22 21 17 28 | 11
#0102-d178 @A: 21 18 07 17 | 06
#0103-d178 @A: 17 10 04 18 | 01
#0104-d178 @A: 02 01 10 17 | 07
#0105-d178 @A: 13 17 05 10 | 10
#0106-d178 @A: 02 17 32 11 | 05
#0107-d178 @A: 22 12 23 28 | 02
#0108-d178 @A: 12 07 29 01 | 04
#0109-d178 @A: 28 08 12 13 | 09
#0110-d178 @A: 11 05 16 23 | 08
#0111-d178 @A: 11 04 13 23 | 03
#0112-d178 @A: 14 22 04 29 | 12
#0113-d178 @A: 14 29 33 22 | 11
#0114-d178 @A: 14 26 32 29 | 06
#0115-d178 @A: 28 05 07 29 | 01
#0116-d178 @A: 20 29 08 32 | 07
#0117-d178 @A: 26 22 11 20 | 10
#0118-d178 @A: 28 22 06 31 | 05
#0119-d178 @A: 28 21 26 14 | 02
#0120-d178 @A: 21 02 14 06 | 04
#0121-d178 @A: 16 32 21 04 | 09
#0122-d178 @A: 05 04 18 26 | 08
#0123-d178 @A: 33 14 18 08 | 03
#0124-d178 @A: 18 08 31 02 | 12
#0125-d178 @A: 01 32 14 13 | 11
#0126-d178 @A: 10 28 01 08 | 06
#0127-d178 @A: 31 04 14 01 | 01
#0128-d178 @A: 02 01 07 05 | 07
#0129-d178 @A: 16 26 33 31 | 10
#0130-d178 @A: 19 13 15 24 | 05
#0131-d178 @A: 24 27 16 25 | 02
#0132-d178 @A: 21 32 24 27 | 04
#0133-d178 @A: 24 32 18 09 | 09
#0134-d178 @A: 09 11 01 24 | 08
#0135-d178 @A: 09 24 28 05 | 03
#0136-d178 @A: 08 24 25 21 | 12
#0137-d178 @A: 34 17 24 10 | 11
#0138-d178 @A: 34 26 08 24 | 06
#0139-d178 @A: 33 24 01 17 | 01
#0140-d178 @A: 24 17 31 11 | 07
#0141-d178 @A: 12 01 08 24 | 10
#0142-d178 @A: 21 24 31 18 | 05
#0143-d178 @A: 24 31 07 26 | 02
#0144-d178 @A: 20 24 32 06 | 04
#0145-d178 @A: 05 08 24 16 | 09
#0146-d178 @A: 33 14 20 24 | 08
#0147-d178 @A: 20 04 24 08 | 03
#0148-d178 @A: 02 10 24 33 | 12
#0149-d178 @A: 30 15 35 06 | 11
#0150-d178 @A: 04 29 35 27 | 06
#0151-d178 @A: 35 18 27 32 | 01
#0152-d178 @A: 30 14 03 35 | 07
#0153-d178 @A: 28 35 30 17 | 10
#0154-d178 @A: 30 31 18 35 | 05
#0155-d178 @A: 33 19 35 18 | 02
#0156-d178 @A: 17 21 35 09 | 04
#0157-d178 @A: 35 13 18 09 | 09
#0158-d178 @A: 02 07 35 09 | 08
#0159-d178 @A: 03 11 35 01 | 03
#0160-d178 @A: 35 23 31 17 | 12
#0161-d178 @A: 17 22 26 35 | 11
#0162-d178 @A: 22 12 35 10 | 06
#0163-d178 @A: 12 31 11 35 | 01
#0164-d178 @A: 23 05 08 35 | 07
#0165-d178 @A: 29 18 35 08 | 10
#0166-d178 @A: 35 05 26 13 | 05
#0167-d178 @A: 07 06 35 28 | 02
#0168-d178 @A: 32 08 35 07 | 04
#0169-d178 @A: 11 05 04 35 | 09
#0170-d178 @A: 14 02 27 15 | 08
#0171-d178 @A: 20 15 30 34 | 03
#0172-d178 @A: 17 02 30 15 | 12
#0173-d178 @A: 11 30 15 21 | 11
#0174-d178 @A: 15 12 13 09 | 06
#0175-d178 @A: 33 06 15 09 | 01
#0176-d178 @A: 15 34 05 25 | 07
#0177-d178 @A: 15 34 08 22 | 10
#0178-d178 @A: 02 01 34 15 | 05
#0179-d178 @A: 29 03 16 15 | 02
#0180-d178 @A: 17 07 22 15 | 04
#0181-d178 @A: 15 12 22 06 | 09
#0182-d178 @A: 04 23 15 20 | 08
#0183-d178 @A: 21 18 32 15 | 03
#0184-d178 @A: 26 15 06 07 | 12
#0185-d178 @A: 06 15 02 31 | 11
#0186-d178 @A: 23 27 28 30 | 06
#0187-d178 @A: 27 08 19 17 | 01
#0188-d178 @A: 09 27 04 07 | 07
#0189-d178 @A: 25 01 27 10 | 10
#0190-d178 @A: 21 17 27 13 | 05
#0191-d178 @A: 17 27 06 18 | 02
#0192-d178 @A: 33 06 27 13 | 04
#0193-d178 @A: 32 05 14 27 | 09
#0194-d178 @A: 10 05 33 27 | 08
#0195-d178 @A: 06 30 18 19 | 03
#0196-d178 @A: 12 28 09 30 | 12
#0197-d178 @A: 31 09 08 30 | 11
#0198-d178 @A: 05 09 30 04 | 06
#0199-d178 @A: 30 25 34 13 | 01
#0200-d178 @A: 30 34 23 08 | 07
#0201-d178 @A: 34 18 05 30 | 10
#0202-d178 @A: 34 11 30 33 | 05
#0203-d178 @A: 17 30 22 31 | 02
#0204-d178 @A: 01 17 30 16 | 04
#0205-d178 @A: 31 23 30 12 | 09
#0206-d178 @A: 23 10 16 30 | 08
#0207-d178 @A: 10 20 29 30 | 03
#0208-d178 @A: 04 08 30 13 | 12
#0209-d178 @A: 19 09 10 22 | 11
#0210-d178 @A: 19 23 26 34 | 06
#0211-d178 @A: 28 17 19 03 | 01
#0212-d178 @A: 19 16 17 29 | 07
#0213-d178 @A: 07 12 19 18 | 10
#0214-d178 @A: 19 31 12 01 | 05
#0215-d178 @A: 19 31 22 33 | 02
#0216-d178 @A: 21 02 19 20 | 04
#0217-d178 @A: 06 04 19 02 | 09
#0218-d178 @A: 19 32 28 14 | 08
#0219-d178 @A: 19 28 02 07 | 03
#0220-d178 @A: 08 10 07 19 | 12
#0221-d178 @A: 03 05 25 09 | 11
#0222-d178 @A: 01 09 04 23 | 06
#0223-d178 @A: 06 02 11 09 | 01
#0224-d178 @A: 02 16 09 28 | 07
#0225-d178 @A: 22 31 25 03 | 10
#0226-d178 @A: 25 26 04 23 | 05
#0227-d178 @A: 32 25 23 31 | 02
#0228-d178 @A: 13 25 29 08 | 04
#0229-d178 @A: 13 04 25 10 | 09
#0230-d178 @A: 03 10 33 34 | 08
#0231-d178 @A: 17 04 12 34 | 03
#0232-d178 @A: 34 02 16 12 | 12
#0233-d178 @A: 23 31 34 29 | 11
#0234-d178 @A: 34 23 33 20 | 06
#0235-d178 @A: 29 34 18 33 | 01
#0236-d178 @A: 13 29 34 10 | 07
#0237-d178 @A: 01 34 22 32 | 10
#0238-d178 @A: 20 08 18 34 | 05
#0239-d178 @A: 34 26 31 32 | 02
#0240-d178 @A: 34 16 14 07 | 04
#0241-d178 @A: 32 12 18 03 | 09
#0242-d178 @A: 23 18 31 03 | 08
#0243-d178 @A: 22 20 06 03 | 03
#0244-d178 @A: 03 33 21 31 | 12
#0245-d178 @A: 08 06 03 32 | 11
#0246-d178 @A: 16 10 04 03 | 06
#0247-d178 @A: 02 16 03 05 | 01
#0248-d178 @A: 08 03 31 13 | 07
#0249-d178 @A: 33 03 07 32 | 10
#0250-d178 @A: 18 17 22 32 | 05
#0251-d178 @A: 17 04 26 11 | 02
#0252-d178 @A: 17 06 14 20 | 04
#0253-d178 @A: 17 20 08 10 | 09
#0254-d178 @A: 07 14 32 17 | 08
#0255-d178 @A: 26 22 18 12 | 03
#0256-d178 @A: 07 10 16 12 | 12
#0257-d178 @A: 32 02 12 08 | 11
#0258-d178 @A: 12 02 33 32 | 06
#0259-d178 @A: 33 10 23 29 | 01
#0260-d178 @A: 06 23 26 32 | 07
#0261-d178 @A: 20 02 11 29 | 10
#0262-d178 @A: 18 21 22 16 | 05
#0263-d178 @A: 22 28 02 10 | 02
#0264-d178 @A: 02 22 20 05 | 04
#0265-d178 @A: 16 13 20 21 | 09
#0266-d178 @A: 02 05 21 11 | 08
#0267-d178 @A: 18 20 05 16 | 03
#0268-d178 @A: 18 28 11 10 | 12
#0269-d178 @A: 07 06 08 01 | 11
#0270-d178 @A: 20 01 05 10 | 06
#0271-d178 @A: 06 35 24 09 | 01
#0272-d178 @A: 21 35 26 24 | 07
#0273-d178 @A: 24 08 30 15 | 10
#0274-d178 @A: 03 15 24 28 | 05
#0275-d178 @A: 23 17 24 15 | 02
#0276-d178 @A: 21 20 15 24 | 04
#0277-d178 @A: 26 24 17 09 | 09
#0278-d178 @A: 25 34 04 24 | 08
#0279-d178 @A: 21 12 24 34 | 03
#0280-d178 @A: 34 06 23 24 | 12
#0281-d178 @A: 24 32 07 34 | 11
#0282-d178 @A: 24 17 32 16 | 06
#0283-d178 @A: 12 28 24 14 | 01
#0284-d178 @A: 24 05 13 06 | 07
#0285-d178 @A: 33 32 24 16 | 10
#0286-d178 @A: 24 11 16 02 | 05
#0287-d178 @A: 09 35 15 32 | 02
#0288-d178 @A: 13 34 27 35 | 04
#0289-d178 @A: 22 09 35 05 | 09
#0290-d178 @A: 25 35 07 29 | 08
#0291-d178 @A: 02 35 34 11 | 03
#0292-d178 @A: 35 03 07 17 | 12
#0293-d178 @A: 03 35 23 04 | 11
#0294-d178 @A: 29 35 03 21 | 06
#0295-d178 @A: 31 35 32 04 | 01
#0296-d178 @A: 15 27 28 21 | 07
#0297-d178 @A: 22 19 15 02 | 10
#0298-d178 @A: 25 15 23 16 | 05
#0299-d178 @A: 04 02 15 25 | 02
#0300-d178 @A: 14 03 34 15 | 04
#0301-d178 @A: 05 06 15 03 | 09
#0302-d178 @A: 17 10 29 15 | 08
#0303-d178 @A: 17 06 15 28 | 03
#0304-d178 @A: 15 28 04 22 | 12
#0305-d178 @A: 26 04 15 13 | 11
#0306-d178 @A: 06 08 15 13 | 06
#0307-d178 @A: 14 33 13 15 | 01
#0308-d178 @A: 06 12 19 27 | 07
#0309-d178 @A: 31 19 18 27 | 10
#0310-d178 @A: 11 27 19 26 | 05
#0311-d178 @A: 18 27 09 26 | 02
#0312-d178 @A: 25 12 27 07 | 04
#0313-d178 @A: 34 27 12 20 | 09
#0314-d178 @A: 27 32 03 10 | 08
#0315-d178 @A: 29 27 12 10 | 03
#0316-d178 @A: 20 02 27 16 | 12
#0317-d178 @A: 31 32 16 27 | 11
#0318-d178 @A: 32 27 28 07 | 06
#0319-d178 @A: 27 04 32 20 | 01
#0320-d178 @A: 12 30 22 19 | 07
#0321-d178 @A: 30 13 09 23 | 10
#0322-d178 @A: 30 25 04 16 | 05
#0323-d178 @A: 18 03 30 01 | 02
#0324-d178 @A: 18 17 30 20 | 04
#0325-d178 @A: 29 30 26 18 | 09
#0326-d178 @A: 30 06 29 01 | 08
#0327-d178 @A: 13 10 26 30 | 03
#0328-d178 @A: 30 06 13 14 | 12
#0329-d178 @A: 30 07 20 02 | 11
#0330-d178 @A: 07 30 33 32 | 06
#0331-d178 @A: 32 09 19 04 | 01
#0332-d178 @A: 19 23 25 14 | 07
#0333-d178 @A: 20 29 19 25 | 10
#0334-d178 @A: 25 18 26 19 | 05
#0335-d178 @A: 04 29 19 34 | 02
#0336-d178 @A: 21 03 19 08 | 04
#0337-d178 @A: 29 19 10 01 | 09
#0338-d178 @A: 19 18 22 04 | 08
#0339-d178 @A: 02 16 19 13 | 03
#0340-d178 @A: 20 13 19 28 | 12
#0341-d178 @A: 19 31 07 04 | 11
#0342-d178 @A: 12 25 09 32 | 06
#0343-d178 @A: 21 25 09 31 | 01
#0344-d178 @A: 29 12 09 08 | 07
#0345-d178 @A: 02 09 33 29 | 10
#0346-d178 @A: 10 28 09 31 | 05
#0347-d178 @A: 04 14 08 09 | 02
#0348-d178 @A: 10 22 34 25 | 04
#0349-d178 @A: 29 16 25 12 | 09
#0350-d178 @A: 22 25 08 33 | 08
#0351-d178 @A: 21 06 11 25 | 03
#0352-d178 @A: 25 08 16 20 | 12
#0353-d178 @A: 11 25 07 08 | 11
#0354-d178 @A: 25 05 08 10 | 06
#0355-d178 @A: 34 22 17 02 | 01
#0356-d178 @A: 32 17 34 13 | 07
#0357-d178 @A: 29 01 14 34 | 10
#0358-d178 @A: 06 26 34 02 | 05
#0359-d178 @A: 05 16 34 26 | 02
#0360-d178 @A: 28 26 07 34 | 04
#0361-d178 @A: 13 07 02 34 | 09
#0362-d178 @A: 03 21 20 17 | 08
#0363-d178 @A: 22 33 12 03 | 03
#0364-d178 @A: 05 03 21 01 | 12
#0365-d178 @A: 03 16 06 26 | 11
#0366-d178 @A: 31 28 16 03 | 06
#0367-d178 @A: 14 03 11 20 | 01
#0368-d178 @A: 17 12 05 33 | 07
#0369-d178 @A: 14 23 22 17 | 10
#0370-d178 @A: 23 26 17 18 | 05
#0371-d178 @A: 10 06 26 17 | 02
#0372-d178 @A: 11 16 10 17 | 04
#0373-d178 @A: 17 04 13 31 | 09
#0374-d178 @A: 28 05 02 17 | 08
#0375-d178 @A: 33 12 04 29 | 03
#0376-d178 @A: 16 12 22 01 | 12
#0377-d178 @A: 12 01 04 10 | 11
#0378-d178 @A: 20 26 08 12 | 06
#0379-d178 @A: 13 07 12 06 | 01
#0380-d178 @A: 05 12 06 11 | 07
#0381-d178 @A: 12 04 11 32 | 10
#0382-d178 @A: 23 21 02 22 | 05
#0383-d178 @A: 23 11 28 31 | 02
#0384-d178 @A: 14 23 10 32 | 04
#0385-d178 @A: 05 26 29 20 | 09
#0386-d178 @A: 06 31 29 08 | 08
#0387-d178 @A: 29 14 07 20 | 03
#0388-d178 @A: 29 08 33 05 | 12
#0389-d178 @A: 07 05 22 16 | 11
#0390-d178 @A: 13 22 08 20 | 06
#0391-d178 @A: 22 13 11 31 | 01
#0392-d178 @A: 10 32 22 13 | 07
#0393-d178 @A: 14 28 08 22 | 10
#0394-d178 @A: 10 33 22 20 | 05
#0395-d178 @A: 04 10 05 22 | 02
#0396-d178 @A: 10 21 02 18 | 04
#0397-d178 @A: 26 01 21 02 | 09
#0398-d178 @A: 14 21 16 33 | 08
#0399-d178 @A: 13 10 21 08 | 03
#0400-d178 @A: 21 05 28 10 | 12
#0401-d178 @A: 01 32 18 31 | 11
#0402-d178 @A: 18 26 07 11 | 06
#0403-d178 @A: 31 06 16 18 | 01
#0404-d178 @A: 18 20 06 28 | 07
#0405-d178 @A: 18 13 20 31 | 10
#0406-d178 @A: 08 07 13 18 | 05
#0407-d178 @A: 06 33 01 08 | 02
#0408-d178 @A: 16 05 01 04 | 04
#0409-d178 @A: 16 33 11 05 | 09
#0410-d178 @A: 28 33 31 14 | 08
#0411-d178 @A: 07 33 20 31 | 03
#0412-d178 @A: 12 24 35 17 | 12
#0413-d178 @A: 07 15 29 24 | 11
#0414-d178 @A: 27 33 24 08 | 06
#0415-d178 @A: 07 24 12 30 | 01
#0416-d178 @A: 01 24 30 04 | 07
#0417-d178 @A: 24 06 19 03 | 10
#0418-d178 @A: 24 13 34 22 | 05
#0419-d178 @A: 10 12 24 23 | 02
#0420-d178 @A: 26 16 13 24 | 04
#0421-d178 @A: 24 26 20 14 | 09
#0422-d178 @A: 24 04 32 05 | 08
#0423-d178 @A: 15 35 13 25 | 03
#0424-d178 @A: 35 27 09 10 | 12
#0425-d178 @A: 33 27 35 20 | 11
#0426-d178 @A: 11 35 18 19 | 06
#0427-d178 @A: 34 09 35 12 | 01
#0428-d178 @A: 08 35 09 28 | 07
#0429-d178 @A: 35 29 32 22 | 10
#0430-d178 @A: 35 21 28 18 | 05
#0431-d178 @A: 33 35 08 21 | 02
#0432-d178 @A: 35 07 11 21 | 04
#0433-d178 @A: 31 26 35 20 | 09
#0434-d178 @A: 26 14 35 04 | 08
#0435-d178 @A: 02 28 32 35 | 03
#0436-d178 @A: 19 15 10 28 | 12
#0437-d178 @A: 14 29 09 15 | 11
#0438-d178 @A: 07 03 15 25 | 06
#0439-d178 @A: 12 15 21 25 | 01
#0440-d178 @A: 15 01 08 25 | 07
#0441-d178 @A: 34 15 29 32 | 10
#0442-d178 @A: 31 01 15 17 | 05
#0443-d178 @A: 02 15 28 12 | 02
#0444-d178 @A: 22 15 01 11 | 04
#0445-d178 @A: 22 32 15 20 | 09
#0446-d178 @A: 18 11 15 16 | 08
#0447-d178 @A: 20 15 16 14 | 03
#0448-d178 @A: 02 16 15 10 | 12
#0449-d178 @A: 05 13 15 28 | 11
#0450-d178 @A: 19 27 20 30 | 06
#0451-d178 @A: 34 27 25 09 | 01
#0452-d178 @A: 01 09 32 27 | 07
#0453-d178 @A: 27 25 13 23 | 10
#0454-d178 @A: 34 27 03 26 | 05
#0455-d178 @A: 31 01 27 34 | 02
#0456-d178 @A: 32 27 34 33 | 04
#0457-d178 @A: 18 12 14 27 | 09
#0458-d178 @A: 12 11 27 01 | 08
#0459-d178 @A: 08 10 23 27 | 03
#0460-d178 @A: 20 21 29 27 | 12
#0461-d178 @A: 27 22 07 26 | 11
#0462-d178 @A: 21 27 07 14 | 06
#0463-d178 @A: 06 10 11 27 | 01
#0464-d178 @A: 07 16 27 11 | 07
#0465-d178 @A: 05 27 11 31 | 10
#0466-d178 @A: 17 13 19 30 | 05
#0467-d178 @A: 17 03 04 30 | 02
#0468-d178 @A: 11 29 03 30 | 04
#0469-d178 @A: 11 30 16 28 | 09
#0470-d178 @A: 11 30 07 05 | 08
#0471-d178 @A: 19 34 07 03 | 03
#0472-d178 @A: 19 21 34 17 | 12
#0473-d178 @A: 12 34 08 19 | 11
#0474-d178 @A: 14 22 34 19 | 06
#0475-d178 @A: 19 03 14 12 | 01
#0476-d178 @A: 03 19 29 31 | 07
#0477-d178 @A: 03 10 19 18 | 10
#0478-d178 @A: 19 03 01 32 | 05
#0479-d178 @A: 18 17 19 02 | 02
#0480-d178 @A: 19 18 29 13 | 04
#0481-d178 @A: 19 07 22 01 | 09
#0482-d178 @A: 07 13 21 19 | 08
#0483-d178 @A: 19 20 14 18 | 03
#0484-d178 @A: 19 26 08 04 | 12
#0485-d178 @A: 33 19 02 16 | 11
#0486-d178 @A: 25 09 10 29 | 06
#0487-d178 @A: 25 09 16 01 | 01
#0488-d178 @A: 34 01 09 07 | 07
#0489-d178 @A: 09 28 03 22 | 10
#0490-d178 @A: 09 29 22 16 | 05
#0491-d178 @A: 29 01 09 02 | 02
#0492-d178 @A: 18 09 07 22 | 04
#0493-d178 @A: 13 09 20 26 | 09
#0494-d178 @A: 06 13 28 09 | 08
#0495-d178 @A: 20 04 16 09 | 03
#0496-d178 @A: 09 13 05 14 | 12
#0497-d178 @A: 34 17 20 25 | 11
#0498-d178 @A: 23 34 07 25 | 06
#0499-d178 @A: 25 13 12 17 | 01
#0500-d178 @A: 25 12 04 22 | 07
#0501-d178 @A: 18 23 01 25 | 10
#0502-d178 @A: 25 29 05 18 | 05
#0503-d178 @A: 28 16 07 25 | 02
#0504-d178 @A: 31 10 25 14 | 04
#0505-d178 @A: 25 14 11 04 | 09
#0506-d178 @A: 25 14 33 05 | 08
#0507-d178 @A: 03 32 34 02 | 03
#0508-d178 @A: 29 06 34 12 | 12
#0509-d178 @A: 31 14 21 34 | 11
#0510-d178 @A: 17 11 03 06 | 06
#0511-d178 @A: 21 26 23 03 | 01
#0512-d178 @A: 20 03 01 29 | 07
#0513-d178 @A: 22 08 03 18 | 10
#0514-d178 @A: 17 05 22 12 | 05
#0515-d178 @A: 23 17 05 29 | 02
#0516-d178 @A: 17 32 21 08 | 04
#0517-d178 @A: 26 16 17 31 | 09
#0518-d178 @A: 17 14 16 13 | 08
#0519-d178 @A: 28 17 11 08 | 03
#0520-d178 @A: 17 31 05 08 | 12
#0521-d178 @A: 11 02 33 17 | 11
#0522-d178 @A: 12 01 21 13 | 06
#0523-d178 @A: 20 06 02 12 | 01
#0524-d178 @A: 05 08 07 12 | 07
#0525-d178 @A: 01 22 23 31 | 10
#0526-d178 @A: 07 23 26 20 | 05
#0527-d178 @A: 10 06 23 05 | 02
#0528-d178 @A: 23 28 16 08 | 04
#0529-d178 @A: 11 23 33 04 | 09
#0530-d178 @A: 14 06 29 11 | 08
#0531-d178 @A: 02 26 31 22 | 03
#0532-d178 @A: 22 32 04 26 | 12
#0533-d178 @A: 06 02 33 22 | 11
#0534-d178 @A: 07 04 22 08 | 06
#0535-d178 @A: 21 26 05 31 | 01
#0536-d178 @A: 20 08 14 21 | 07
#0537-d178 @A: 21 04 02 08 | 10
#0538-d178 @A: 07 33 10 21 | 05
#0539-d178 @A: 32 11 10 21 | 02
#0540-d178 @A: 18 02 20 01 | 04
#0541-d178 @A: 18 01 11 05 | 09
#0542-d178 @A: 06 18 05 02 | 08
#0543-d178 @A: 13 31 01 26 | 03
#0544-d178 @A: 10 26 33 01 | 12
#0545-d178 @A: 33 26 05 28 | 11
#0546-d178 @A: 33 08 07 11 | 06
#0547-d178 @A: 24 02 15 35 | 01
#0548-d178 @A: 32 35 24 23 | 07
#0549-d178 @A: 24 18 35 05 | 10
#0550-d178 @A: 24 06 33 35 | 05
#0551-d178 @A: 24 32 15 01 | 02
#0552-d178 @A: 10 32 19 24 | 04
#0553-d178 @A: 24 11 33 19 | 09
#0554-d178 @A: 04 24 09 12 | 08
#0555-d178 @A: 12 24 09 33 | 03
#0556-d178 @A: 28 25 33 24 | 12
#0557-d178 @A: 34 20 24 03 | 11
#0558-d178 @A: 24 34 18 01 | 06
#0559-d178 @A: 03 31 12 24 | 01
#0560-d178 @A: 33 03 24 13 | 07
#0561-d178 @A: 24 17 08 29 | 10
#0562-d178 @A: 14 29 24 23 | 05
#0563-d178 @A: 24 10 26 04 | 02
#0564-d178 @A: 13 31 24 14 | 04
#0565-d178 @A: 24 14 10 08 | 09
#0566-d178 @A: 16 34 35 15 | 08
#0567-d178 @A: 35 03 31 15 | 03
#0568-d178 @A: 17 35 16 27 | 12
#0569-d178 @A: 12 28 27 35 | 11
#0570-d178 @A: 19 03 35 22 | 06
#0571-d178 @A: 35 32 13 19 | 01
#0572-d178 @A: 28 35 19 31 | 07
#0573-d178 @A: 25 35 03 32 | 10
#0574-d178 @A: 25 05 35 17 | 05
#0575-d178 @A: 35 23 26 12 | 02
#0576-d178 @A: 06 29 23 35 | 04
#0577-d178 @A: 06 01 14 35 | 09
#0578-d178 @A: 14 35 28 13 | 08
#0579-d178 @A: 03 27 33 15 | 03
#0580-d178 @A: 01 15 27 18 | 12
#0581-d178 @A: 31 15 14 30 | 11
#0582-d178 @A: 19 23 15 12 | 06
#0583-d178 @A: 19 18 05 15 | 01
#0584-d178 @A: 15 07 09 23 | 07
#0585-d178 @A: 15 26 09 21 | 10
#0586-d178 @A: 17 15 34 26 | 05
#0587-d178 @A: 15 23 13 34 | 02
#0588-d178 @A: 34 21 15 07 | 04
#0589-d178 @A: 15 17 08 18 | 09
#0590-d178 @A: 33 11 12 15 | 08
#0591-d178 @A: 15 26 10 23 | 03
#0592-d178 @A: 15 29 04 01 | 12
#0593-d178 @A: 28 26 15 20 | 11
#0594-d178 @A: 07 34 27 30 | 06
#0595-d178 @A: 33 30 22 27 | 01
#0596-d178 @A: 27 21 02 30 | 07
#0597-d178 @A: 09 28 29 27 | 10
#0598-d178 @A: 09 06 21 27 | 05
#0599-d178 @A: 33 21 27 09 | 02
#0600-d178 @A: 04 12 03 27 | 04
#0601-d178 @A: 12 31 17 27 | 09
#0602-d178 @A: 12 21 26 27 | 08
#0603-d178 @A: 06 27 07 29 | 03
#0604-d178 @A: 33 07 29 27 | 12
#0605-d178 @A: 18 11 27 21 | 11
#0606-d178 @A: 18 02 33 27 | 06
#0607-d178 @A: 10 28 27 26 | 01
#0608-d178 @A: 27 08 06 16 | 07
#0609-d178 @A: 13 07 31 27 | 10
#0610-d178 @A: 08 27 20 05 | 05
#0611-d178 @A: 19 30 26 21 | 02
#0612-d178 @A: 29 09 30 34 | 04
#0613-d178 @A: 09 17 30 32 | 09
#0614-d178 @A: 25 12 30 06 | 08
#0615-d178 @A: 11 02 25 30 | 03
#0616-d178 @A: 03 30 10 12 | 12
#0617-d178 @A: 30 03 33 29 | 11
#0618-d178 @A: 30 03 05 22 | 06
#0619-d178 @A: 33 17 30 10 | 01
#0620-d178 @A: 01 30 31 21 | 07
#0621-d178 @A: 28 30 32 01 | 10
#0622-d178 @A: 28 30 26 02 | 05
#0623-d178 @A: 20 08 28 30 | 02
#0624-d178 @A: 10 30 28 14 | 04
#0625-d178 @A: 14 30 20 32 | 09
#0626-d178 @A: 30 05 10 02 | 08
#0627-d178 @A: 05 09 01 19 | 03
#0628-d178 @A: 17 19 32 23 | 12
#0629-d178 @A: 17 13 33 19 | 11
#0630-d178 @A: 12 19 32 16 | 06
#0631-d178 @A: 23 32 33 19 | 01
#0632-d178 @A: 19 32 21 29 | 07
#0633-d178 @A: 11 16 06 19 | 10
#0634-d178 @A: 19 31 32 20 | 05
#0635-d178 @A: 33 07 19 04 | 02
#0636-d178 @A: 10 34 23 09 | 04
#0637-d178 @A: 18 34 16 09 | 09
#0638-d178 @A: 32 05 09 34 | 08
#0639-d178 @A: 10 09 14 17 | 03
#0640-d178 @A: 09 18 29 31 | 12
#0641-d178 @A: 16 14 09 11 | 11
#0642-d178 @A: 13 09 08 32 | 06
#0643-d178 @A: 05 09 20 31 | 01
#0644-d178 @A: 02 25 01 03 | 07
#0645-d178 @A: 25 05 12 23 | 10
#0646-d178 @A: 25 12 11 26 | 05
#0647-d178 @A: 01 31 05 25 | 02
#0648-d178 @A: 28 11 32 25 | 04
#0649-d178 @A: 02 20 33 25 | 09
#0650-d178 @A: 34 17 07 11 | 08
#0651-d178 @A: 12 34 22 07 | 03
#0652-d178 @A: 22 21 05 34 | 12
#0653-d178 @A: 26 11 13 34 | 11
#0654-d178 @A: 13 05 34 20 | 06
#0655-d178 @A: 31 34 02 04 | 01
#0656-d178 @A: 34 02 10 08 | 07
#0657-d178 @A: 02 17 03 12 | 10
#0658-d178 @A: 06 21 03 12 | 05
#0659-d178 @A: 23 28 01 03 | 02
#0660-d178 @A: 23 03 06 13 | 04
#0661-d178 @A: 03 04 22 01 | 09
#0662-d178 @A: 06 07 04 03 | 08
#0663-d178 @A: 03 10 20 13 | 03
#0664-d178 @A: 33 08 03 28 | 12
#0665-d178 @A: 03 05 28 11 | 11
#0666-d178 @A: 20 07 08 03 | 06
#0667-d178 @A: 31 03 10 02 | 01
#0668-d178 @A: 12 21 10 17 | 07
#0669-d178 @A: 16 17 20 23 | 10
#0670-d178 @A: 14 21 17 29 | 05
#0671-d178 @A: 02 17 26 20 | 02
#0672-d178 @A: 12 22 29 31 | 04
#0673-d178 @A: 12 08 18 04 | 09
#0674-d178 @A: 12 13 16 04 | 08
#0675-d178 @A: 13 10 31 12 | 03
#0676-d178 @A: 14 02 12 10 | 12
#0677-d178 @A: 07 02 12 11 | 11
#0678-d178 @A: 21 16 29 23 | 06
#0679-d178 @A: 29 23 10 18 | 01
#0680-d178 @A: 01 23 21 07 | 07
#0681-d178 @A: 23 26 02 13 | 10
#0682-d178 @A: 23 32 07 16 | 05
#0683-d178 @A: 13 23 08 14 | 02
#0684-d178 @A: 23 31 20 10 | 04
#0685-d178 @A: 02 31 14 23 | 09
#0686-d178 @A: 29 06 28 26 | 08
#0687-d178 @A: 26 29 16 02 | 03
#0688-d178 @A: 29 07 10 26 | 12
#0689-d178 @A: 29 16 06 20 | 11
#0690-d178 @A: 16 28 22 13 | 06
#0691-d178 @A: 20 22 16 10 | 01
#0692-d178 @A: 07 22 28 33 | 07
#0693-d178 @A: 06 32 21 28 | 10
#0694-d178 @A: 06 20 04 21 | 05
#0695-d178 @A: 13 33 05 21 | 02
#0696-d178 @A: 21 31 28 08 | 04
#0697-d178 @A: 21 32 05 20 | 09
#0698-d178 @A: 11 31 18 14 | 08
#0699-d178 @A: 14 18 07 05 | 03
#0700-d178 @A: 33 05 32 18 | 12
#0701-d178 @A: 16 01 14 28 | 11
#0702-d178 @A: 02 01 13 08 | 06
#0703-d178 @A: 11 20 33 26 | 01
#0704-d178 @A: 04 33 32 28 | 07
#0705-d178 @A: 08 03 24 35 | 10
#0706-d178 @A: 16 10 35 24 | 05
#0707-d178 @A: 24 18 30 16 | 02
#0708-d178 @A: 09 19 21 24 | 04
#0709-d178 @A: 24 05 19 22 | 09
#0710-d178 @A: 24 19 16 04 | 08
#0711-d178 @A: 31 24 16 09 | 03
#0712-d178 @A: 25 18 10 24 | 12
#0713-d178 @A: 03 29 24 05 | 11
#0714-d178 @A: 13 18 17 24 | 06
#0715-d178 @A: 13 23 21 24 | 01
#0716-d178 @A: 22 18 24 28 | 07
#0717-d178 @A: 24 11 04 21 | 10
#0718-d178 @A: 13 32 24 02 | 05
#0719-d178 @A: 20 24 02 10 | 02
#0720-d178 @A: 24 02 14 07 | 04
#0721-d178 @A: 35 29 16 30 | 09
#0722-d178 @A: 30 35 08 01 | 08
#0723-d178 @A: 29 35 09 11 | 03
#0724-d178 @A: 25 35 22 06 | 12
#0725-d178 @A: 35 17 06 34 | 11
#0726-d178 @A: 29 17 35 02 | 06
#0727-d178 @A: 35 18 17 14 | 01
#0728-d178 @A: 20 32 35 17 | 07
#0729-d178 @A: 22 18 02 35 | 10
#0730-d178 @A: 32 33 01 35 | 05
#0731-d178 @A: 35 08 26 02 | 02
#0732-d178 @A: 10 32 35 26 | 04
#0733-d178 @A: 16 35 11 20 | 09
#0734-d178 @A: 14 31 07 35 | 08
#0735-d178 @A: 10 15 20 27 | 03
#0736-d178 @A: 03 19 20 15 | 12
#0737-d178 @A: 17 21 16 15 | 11
#0738-d178 @A: 18 06 23 15 | 06
#0739-d178 @A: 01 21 15 06 | 01
#0740-d178 @A: 15 32 06 14 | 07
#0741-d178 @A: 33 31 15 02 | 10
#0742-d178 @A: 15 32 08 10 | 05
#0743-d178 @A: 14 09 22 27 | 02
#0744-d178 @A: 27 25 33 17 | 04
#0745-d178 @A: 27 06 02 25 | 09
#0746-d178 @A: 03 27 14 17 | 08
#0747-d178 @A: 23 07 03 27 | 03
#0748-d178 @A: 27 17 29 32 | 12
#0749-d178 @A: 27 05 21 23 | 11
#0750-d178 @A: 33 23 27 26 | 06
#0751-d178 @A: 06 01 22 27 | 01
#0752-d178 @A: 26 32 02 27 | 07
#0753-d178 @A: 27 31 20 28 | 10
#0754-d178 @A: 04 27 10 31 | 05
#0755-d178 @A: 11 31 27 33 | 02
#0756-d178 @A: 09 19 02 30 | 04
#0757-d178 @A: 10 25 17 30 | 09
#0758-d178 @A: 25 31 30 29 | 08
#0759-d178 @A: 10 01 30 34 | 03
#0760-d178 @A: 30 16 34 06 | 12
#0761-d178 @A: 03 30 21 13 | 11
#0762-d178 @A: 26 20 30 03 | 06
#0763-d178 @A: 12 16 20 30 | 01
#0764-d178 @A: 20 23 01 30 | 07
#0765-d178 @A: 22 08 06 30 | 10
#0766-d178 @A: 18 14 30 21 | 05
#0767-d178 @A: 21 33 26 30 | 02
#0768-d178 @A: 28 30 18 13 | 04
#0769-d178 @A: 30 31 18 33 | 09
#0770-d178 @A: 30 16 31 07 | 08
#0771-d178 @A: 33 30 20 05 | 03
#0772-d178 @A: 14 30 04 07 | 12
#0773-d178 @A: 29 19 07 09 | 11
#0774-d178 @A: 19 25 04 03 | 06
#0775-d178 @A: 34 05 19 06 | 01
#0776-d178 @A: 11 22 19 17 | 07
#0777-d178 @A: 05 12 19 28 | 10
#0778-d178 @A: 19 23 11 21 | 05
#0779-d178 @A: 01 19 21 18 | 02
#0780-d178 @A: 14 19 16 26 | 04
#0781-d178 @A: 32 26 19 07 | 09
#0782-d178 @A: 13 04 19 14 | 08
#0783-d178 @A: 03 33 23 09 | 03
#0784-d178 @A: 09 10 18 12 | 12
#0785-d178 @A: 09 26 12 16 | 11
#0786-d178 @A: 09 33 13 20 | 06
#0787-d178 @A: 34 25 01 11 | 01
#0788-d178 @A: 01 14 25 12 | 07
#0789-d178 @A: 21 25 23 10 | 10
#0790-d178 @A: 04 25 28 05 | 05
#0791-d178 @A: 14 05 25 20 | 02
#0792-d178 @A: 32 02 14 25 | 04
#0793-d178 @A: 11 34 03 23 | 09
#0794-d178 @A: 21 03 34 10 | 08
#0795-d178 @A: 05 17 01 34 | 03
#0796-d178 @A: 34 12 21 33 | 12
#0797-d178 @A: 01 16 34 23 | 11
#0798-d178 @A: 29 34 22 20 | 06
#0799-d178 @A: 10 26 34 14 | 01
#0800-d178 @A: 06 10 04 34 | 07
#0801-d178 @A: 28 34 14 05 | 10
#0802-d178 @A: 34 08 31 07 | 05
#0803-d178 @A: 31 34 05 10 | 02
#0804-d178 @A: 08 17 03 01 | 04
#0805-d178 @A: 22 10 26 03 | 09
#0806-d178 @A: 10 03 06 28 | 08
#0807-d178 @A: 20 03 16 32 | 03
#0808-d178 @A: 03 28 20 02 | 12
#0809-d178 @A: 14 03 04 28 | 11
#0810-d178 @A: 02 03 04 33 | 06
#0811-d178 @A: 26 17 12 07 | 01
#0812-d178 @A: 04 21 17 23 | 07
#0813-d178 @A: 01 23 13 17 | 10
#0814-d178 @A: 16 02 17 08 | 05
#0815-d178 @A: 32 28 04 17 | 02
#0816-d178 @A: 02 04 14 17 | 04
#0817-d178 @A: 14 17 11 05 | 09
#0818-d178 @A: 32 22 12 14 | 08
#0819-d178 @A: 33 18 12 16 | 03
#0820-d178 @A: 14 05 12 16 | 12
#0821-d178 @A: 32 10 28 12 | 11
#0822-d178 @A: 06 07 23 11 | 06
#0823-d178 @A: 29 01 21 28 | 01
#0824-d178 @A: 13 07 16 29 | 07
#0825-d178 @A: 08 16 29 04 | 10
#0826-d178 @A: 05 31 29 13 | 05
#0827-d178 @A: 31 29 28 32 | 02
#0828-d178 @A: 05 10 14 29 | 04
#0829-d178 @A: 05 22 31 18 | 09
#0830-d178 @A: 26 22 33 32 | 08
#0831-d178 @A: 21 16 11 26 | 03
#0832-d178 @A: 11 33 21 14 | 12
#0833-d178 @A: 07 21 31 10 | 11
#0834-d178 @A: 06 18 33 26 | 06
#0835-d178 @A: 32 20 26 18 | 01
#0836-d178 @A: 28 04 31 18 | 07
#0837-d178 @A: 01 26 07 14 | 10
#0838-d178 @A: 20 04 13 01 | 05
#0839-d178 @A: 28 02 31 01 | 02
#0840-d178 @A: 33 13 10 16 | 04
#0841-d178 @A: 35 07 24 01 | 09
#0842-d178 @A: 24 20 35 13 | 08
#0843-d178 @A: 24 15 16 12 | 03
#0844-d178 @A: 26 15 22 24 | 12
#0845-d178 @A: 04 31 24 15 | 11
#0846-d178 @A: 02 24 03 27 | 06
#0847-d178 @A: 27 24 17 04 | 01
#0848-d178 @A: 27 11 24 23 | 07
#0849-d178 @A: 25 24 17 14 | 10
#0850-d178 @A: 18 03 11 24 | 05
#0851-d178 @A: 13 03 24 04 | 02
#0852-d178 @A: 32 24 12 29 | 04
#0853-d178 @A: 06 18 12 24 | 09
#0854-d178 @A: 23 24 05 01 | 08
#0855-d178 @A: 31 01 29 24 | 03
#0856-d178 @A: 24 20 28 16 | 12
#0857-d178 @A: 14 24 11 32 | 11
#0858-d178 @A: 24 11 07 10 | 06
#0859-d178 @A: 28 15 35 23 | 01
#0860-d178 @A: 07 15 33 35 | 07
#0861-d178 @A: 04 09 35 25 | 10
#0862-d178 @A: 16 35 23 09 | 05
#0863-d178 @A: 03 12 35 16 | 02
#0864-d178 @A: 05 35 12 32 | 04
#0865-d178 @A: 35 23 21 14 | 09
#0866-d178 @A: 18 23 07 35 | 08
#0867-d178 @A: 23 35 10 01 | 03
#0868-d178 @A: 20 35 22 21 | 12
#0869-d178 @A: 18 06 26 35 | 11
#0870-d178 @A: 02 20 04 35 | 06
#0871-d178 @A: 35 11 08 14 | 01
#0872-d178 @A: 30 19 32 15 | 07
#0873-d178 @A: 26 30 15 05 | 10
#0874-d178 @A: 06 15 34 09 | 05
#0875-d178 @A: 21 02 15 03 | 02
#0876-d178 @A: 15 18 26 03 | 04
#0877-d178 @A: 03 01 10 15 | 09
#0878-d178 @A: 17 12 14 15 | 08
#0879-d178 @A: 29 11 15 23 | 03
#0880-d178 @A: 15 31 21 23 | 12
#0881-d178 @A: 31 26 29 15 | 11
#0882-d178 @A: 18 15 13 22 | 06
#0883-d178 @A: 20 06 11 15 | 01
#0884-d178 @A: 15 14 28 11 | 07
#0885-d178 @A: 14 08 07 15 | 10
#0886-d178 @A: 30 27 08 18 | 05
#0887-d178 @A: 30 01 14 27 | 02
#0888-d178 @A: 27 03 19 05 | 04
#0889-d178 @A: 34 27 23 17 | 09
#0890-d178 @A: 03 27 18 28 | 08
#0891-d178 @A: 27 16 23 12 | 03
#0892-d178 @A: 29 22 27 23 | 12
#0893-d178 @A: 14 23 04 27 | 11
#0894-d178 @A: 29 02 27 31 | 06
#0895-d178 @A: 27 08 32 22 | 01
#0896-d178 @A: 33 01 27 16 | 07
#0897-d178 @A: 05 26 06 27 | 10
#0898-d178 @A: 06 13 27 04 | 05
#0899-d178 @A: 28 04 08 27 | 02
#0900-d178 @A: 02 07 27 08 | 04
#0901-d178 @A: 07 10 05 27 | 09
#0902-d178 @A: 27 02 05 04 | 08
#0903-d178 @A: 30 23 19 07 | 03
#0904-d178 @A: 30 10 19 31 | 12
#0905-d178 @A: 30 09 21 07 | 11
#0906-d178 @A: 13 33 30 25 | 06
#0907-d178 @A: 07 30 03 28 | 01
#0908-d178 @A: 10 18 30 22 | 07
#0909-d178 @A: 26 30 14 22 | 10
#0910-d178 @A: 01 30 33 28 | 05
#0911-d178 @A: 26 31 30 04 | 02
#0912-d178 @A: 30 08 32 05 | 04
#0913-d178 @A: 19 03 11 09 | 09
#0914-d178 @A: 01 19 13 34 | 08
#0915-d178 @A: 19 12 02 29 | 03
#0916-d178 @A: 23 28 19 29 | 12
#0917-d178 @A: 16 18 23 19 | 11
#0918-d178 @A: 19 22 08 29 | 06
#0919-d178 @A: 19 06 22 32 | 01
#0920-d178 @A: 19 10 26 02 | 07
#0921-d178 @A: 04 10 20 19 | 10
#0922-d178 @A: 11 31 02 19 | 05
#0923-d178 @A: 11 09 22 25 | 02
#0924-d178 @A: 09 23 28 17 | 04
#0925-d178 @A: 22 20 12 09 | 09
#0926-d178 @A: 26 23 29 09 | 08
#0927-d178 @A: 22 33 09 01 | 03
#0928-d178 @A: 09 04 21 28 | 12
#0929-d178 @A: 09 06 18 14 | 11
#0930-d178 @A: 26 09 02 14 | 06
#0931-d178 @A: 26 09 10 08 | 01
#0932-d178 @A: 34 12 31 25 | 07
#0933-d178 @A: 21 03 28 25 | 10
#0934-d178 @A: 23 18 25 33 | 05
#0935-d178 @A: 08 06 25 23 | 02
#0936-d178 @A: 25 16 22 02 | 04
#0937-d178 @A: 14 25 06 07 | 09
#0938-d178 @A: 16 25 11 31 | 08
#0939-d178 @A: 13 05 11 25 | 03
#0940-d178 @A: 28 25 02 08 | 12
#0941-d178 @A: 18 34 12 11 | 11
#0942-d178 @A: 04 22 23 34 | 06
#0943-d178 @A: 28 34 23 21 | 01
#0944-d178 @A: 34 20 01 21 | 07
#0945-d178 @A: 08 04 34 01 | 10
#0946-d178 @A: 11 31 34 06 | 05
#0947-d178 @A: 11 04 34 16 | 02
#0948-d178 @A: 32 28 34 08 | 04
#0949-d178 @A: 34 08 33 02 | 09
#0950-d178 @A: 07 04 34 05 | 08
#0951-d178 @A: 17 03 23 10 | 03
#0952-d178 @A: 17 18 33 03 | 12
#0953-d178 @A: 03 32 23 22 | 11
#0954-d178 @A: 26 03 28 08 | 06
#0955-d178 @A: 26 03 14 33 | 01
#0956-d178 @A: 03 26 11 31 | 07
#0957-d178 @A: 01 17 32 12 | 10
#0958-d178 @A: 22 17 20 01 | 05
#0959-d178 @A: 17 08 32 33 | 02
#0960-d178 @A: 12 23 33 07 | 04
#0961-d178 @A: 12 21 07 32 | 09
#0962-d178 @A: 01 12 14 33 | 08
#0963-d178 @A: 12 26 02 33 | 03
#0964-d178 @A: 08 20 12 33 | 12
#0965-d178 @A: 08 29 01 23 | 11
#0966-d178 @A: 10 23 22 07 | 06
#0967-d178 @A: 26 08 23 31 | 01
#0968-d178 @A: 23 33 08 16 | 07
#0969-d178 @A: 28 04 23 10 | 10
#0970-d178 @A: 23 08 11 20 | 05
#0971-d178 @A: 20 32 02 23 | 02
#0972-d178 @A: 22 06 10 29 | 04
#0973-d178 @A: 21 18 29 06 | 09
#0974-d178 @A: 29 21 08 07 | 08
#0975-d178 @A: 11 18 32 29 | 03
#0976-d178 @A: 01 11 16 29 | 12
#0977-d178 @A: 04 20 28 29 | 11
#0978-d178 @A: 29 32 07 04 | 06
#0979-d178 @A: 22 16 33 04 | 01
#0980-d178 @A: 26 10 21 20 | 07
#0981-d178 @A: 04 21 26 07 | 10
#0982-d178 @A: 02 21 28 33 | 05
#0983-d178 @A: 18 13 10 06 | 02
#0984-d178 @A: 32 18 02 16 | 04
#0985-d178 @A: 32 18 10 05 | 09
#0986-d178 @A: 02 06 16 01 | 08
#0987-d178 @A: 01 05 06 28 | 03
#0988-d178 @A: 06 01 32 10 | 12
#0989-d178 @A: 11 14 02 01 | 11
#0990-d178 @A: 26 13 33 04 | 06
#0991-d178 @A: 24 28 29 35 | 01
#0992-d178 @A: 09 25 24 15 | 07
#0993-d178 @A: 24 34 27 05 | 10
#0994-d178 @A: 25 24 05 30 | 05
#0995-d178 @A: 24 23 30 33 | 02
#0996-d178 @A: 30 28 24 21 | 04
#0997-d178 @A: 30 24 31 20 | 09
#0998-d178 @A: 24 19 01 02 | 08
#0999-d178 @A: 09 24 07 13 | 03
#1000-d178 @A: 25 24 03 26 | 12
#1001-d178 @A: 25 29 06 24 | 11
#1002-d178 @A: 11 25 20 24 | 06
#1003-d178 @A: 01 14 24 03 | 01
#1004-d178 @A: 24 07 17 05 | 07
#1005-d178 @A: 08 22 23 24 | 10
#1006-d178 @A: 24 23 07 04 | 05
#1007-d178 @A: 29 02 22 24 | 02
#1008-d178 @A: 18 24 04 29 | 04
#1009-d178 @A: 24 26 32 28 | 09
#1010-d178 @A: 11 26 24 05 | 08
#1011-d178 @A: 28 07 24 08 | 03
#1012-d178 @A: 15 35 26 27 | 12
#1013-d178 @A: 15 35 17 11 | 11
#1014-d178 @A: 30 26 35 25 | 06
#1015-d178 @A: 30 23 35 02 | 01
#1016-d178 @A: 10 30 35 21 | 07
#1017-d178 @A: 19 02 35 25 | 10
#1018-d178 @A: 19 21 35 06 | 05
#1019-d178 @A: 35 26 03 09 | 02
#1020-d178 @A: 35 01 09 31 | 04
#1021-d178 @A: 34 23 35 20 | 09
#1022-d178 @A: 34 35 07 10 | 08
#1023-d178 @A: 35 16 33 17 | 03
#1024-d178 @A: 23 35 22 13 | 12
#1025-d178 @A: 05 22 33 35 | 11
#1026-d178 @A: 35 32 21 01 | 06
#1027-d178 @A: 28 04 16 35 | 01
#1028-d178 @A: 15 05 27 17 | 07
#1029-d178 @A: 15 13 27 16 | 10
#1030-d178 @A: 33 30 16 15 | 05
#1031-d178 @A: 17 04 15 19 | 02
#1032-d178 @A: 15 01 33 18 | 04
#1033-d178 @A: 15 01 07 16 | 09
#1034-d178 @A: 15 31 13 32 | 08
#1035-d178 @A: 27 32 12 30 | 03
#1036-d178 @A: 17 09 27 02 | 12
#1037-d178 @A: 12 09 27 05 | 11
#1038-d178 @A: 18 27 10 34 | 06
#1039-d178 @A: 11 14 27 34 | 01
#1040-d178 @A: 27 03 21 31 | 07
#1041-d178 @A: 27 04 22 21 | 10
#1042-d178 @A: 01 21 27 08 | 05
#1043-d178 @A: 27 14 16 10 | 02
#1044-d178 @A: 14 13 27 20 | 04
#1045-d178 @A: 03 09 06 30 | 09
#1046-d178 @A: 31 34 03 30 | 08
#1047-d178 @A: 11 30 22 34 | 03
#1048-d178 @A: 02 30 03 08 | 12
#1049-d178 @A: 29 17 07 30 | 11
#1050-d178 @A: 30 17 05 21 | 06
#1051-d178 @A: 12 01 05 30 | 01
#1052-d178 @A: 06 07 30 10 | 07
#1053-d178 @A: 02 06 32 30 | 10
#1054-d178 @A: 30 16 02 14 | 05
#1055-d178 @A: 31 30 11 32 | 02
#1056-d178 @A: 30 08 33 04 | 04
#1057-d178 @A: 04 30 32 10 | 09
#1058-d178 @A: 19 25 16 34 | 08
#1059-d178 @A: 19 25 21 05 | 03
#1060-d178 @A: 03 26 13 19 | 12
#1061-d178 @A: 23 13 10 19 | 11
#1062-d178 @A: 02 08 14 19 | 06
#1063-d178 @A: 07 19 11 14 | 01
#1064-d178 @A: 17 09 25 07 | 07
#1065-d178 @A: 03 09 04 34 | 10
#1066-d178 @A: 09 14 21 12 | 05
#1067-d178 @A: 01 12 09 06 | 02
#1068-d178 @A: 22 09 06 23 | 04
#1069-d178 @A: 06 08 05 09 | 09
#1070-d178 @A: 16 33 08 09 | 08
#1071-d178 @A: 10 04 02 09 | 03
#1072-d178 @A: 09 10 11 05 | 12
#1073-d178 @A: 06 34 25 28 | 11
#1074-d178 @A: 34 03 16 22 | 06
#1075-d178 @A: 23 02 05 34 | 01
#1076-d178 @A: 20 16 31 34 | 07
#1077-d178 @A: 34 04 32 14 | 10
#1078-d178 @A: 08 34 11 05 | 05
#1079-d178 @A: 13 22 12 03 | 02
#1080-d178 @A: 23 03 20 05 | 04
#1081-d178 @A: 03 02 14 22 | 09
#1082-d178 @A: 26 03 05 14 | 08
#1083-d178 @A: 33 20 16 03 | 03
#1084-d178 @A: 11 17 29 12 | 12
#1085-d178 @A: 17 29 13 22 | 11
#1086-d178 @A: 26 17 01 29 | 06
#1087-d178 @A: 20 31 29 17 | 01
#1088-d178 @A: 22 17 21 33 | 07
#1089-d178 @A: 04 07 17 16 | 10
#1090-d178 @A: 13 20 17 07 | 05
#1091-d178 @A: 31 32 10 17 | 02
#1092-d178 @A: 12 18 13 23 | 04
#1093-d178 @A: 12 22 21 08 | 09
#1094-d178 @A: 12 18 05 21 | 08
#1095-d178 @A: 28 26 31 12 | 03
#1096-d178 @A: 08 06 10 12 | 12
#1097-d178 @A: 07 12 31 20 | 11
#1098-d178 @A: 23 29 07 02 | 06
#1099-d178 @A: 18 08 23 21 | 01
#1100-d178 @A: 21 23 01 33 | 07
#1101-d178 @A: 23 18 33 13 | 10
#1102-d178 @A: 18 28 32 23 | 05
#1103-d178 @A: 01 23 11 32 | 02
#1104-d178 @A: 04 31 23 06 | 04
#1105-d178 @A: 04 21 29 31 | 09
#1106-d178 @A: 04 06 29 05 | 08
#1107-d178 @A: 28 10 16 29 | 03
#1108-d178 @A: 05 32 29 16 | 12
#1109-d178 @A: 21 01 22 14 | 11
#1110-d178 @A: 22 07 14 13 | 06
#1111-d178 @A: 33 22 13 11 | 01
#1112-d178 @A: 22 11 08 02 | 07
#1113-d178 @A: 13 05 21 04 | 10
#1114-d178 @A: 01 26 18 08 | 05
#1115-d178 @A: 18 06 04 01 | 02
#1116-d178 @A: 13 01 16 18 | 04
#1117-d178 @A: 10 18 01 14 | 09
#1118-d178 @A: 04 18 32 13 | 08
#1119-d178 @A: 18 11 04 20 | 03
#1120-d178 @A: 11 01 28 20 | 12
#1121-d178 @A: 14 32 06 33 | 11
#1122-d178 @A: 32 13 33 10 | 06
#1123-d178 @A: 35 24 04 22 | 01
#1124-d178 @A: 14 24 18 15 | 07
#1125-d178 @A: 33 15 24 05 | 10
#1126-d178 @A: 24 14 30 19 | 05
#1127-d178 @A: 17 30 24 06 | 02
#1128-d178 @A: 24 30 26 23 | 04
#1129-d178 @A: 24 29 30 13 | 09
#1130-d178 @A: 19 08 18 24 | 08
#1131-d178 @A: 02 12 24 25 | 03
#1132-d178 @A: 25 24 23 28 | 12
#1133-d178 @A: 24 33 34 31 | 11
#1134-d178 @A: 18 20 23 24 | 06
#1135-d178 @A: 24 22 14 16 | 01
#1136-d178 @A: 02 08 06 24 | 07
#1137-d178 @A: 10 24 13 28 | 10
#1138-d178 @A: 20 29 35 15 | 05
#1139-d178 @A: 01 05 15 35 | 02
#1140-d178 @A: 35 25 21 27 | 04
#1141-d178 @A: 35 03 27 06 | 09
#1142-d178 @A: 13 12 35 30 | 08
#1143-d178 @A: 19 09 35 14 | 03
#1144-d178 @A: 25 35 10 28 | 12
#1145-d178 @A: 35 22 31 34 | 11
#1146-d178 @A: 35 21 08 34 | 06
#1147-d178 @A: 35 17 04 01 | 01
#1148-d178 @A: 12 35 14 29 | 07
#1149-d178 @A: 12 02 21 35 | 10
#1150-d178 @A: 04 12 06 35 | 05
#1151-d178 @A: 08 35 16 22 | 02
#1152-d178 @A: 05 16 35 21 | 04
#1153-d178 @A: 21 13 35 31 | 09
#1154-d178 @A: 04 35 07 13 | 08
#1155-d178 @A: 10 13 35 11 | 03
#1156-d178 @A: 10 35 33 28 | 12
#1157-d178 @A: 09 11 27 15 | 11
#1158-d178 @A: 10 30 15 09 | 06
#1159-d178 @A: 15 25 30 28 | 01
#1160-d178 @A: 15 30 04 12 | 07
#1161-d178 @A: 15 30 16 22 | 10
#1162-d178 @A: 17 09 20 15 | 05
#1163-d178 @A: 01 09 15 28 | 02
#1164-d178 @A: 06 10 15 25 | 04
#1165-d178 @A: 03 32 04 15 | 09
#1166-d178 @A: 15 14 23 01 | 08
#1167-d178 @A: 28 15 29 08 | 03
#1168-d178 @A: 22 21 15 10 | 12
#1169-d178 @A: 20 13 15 02 | 11
#1170-d178 @A: 07 15 31 28 | 06
#1171-d178 @A: 08 31 15 20 | 01
#1172-d178 @A: 07 05 15 20 | 07
#1173-d178 @A: 15 04 33 20 | 10
#1174-d178 @A: 09 16 27 30 | 05
#1175-d178 @A: 25 27 32 19 | 02
#1176-d178 @A: 19 34 27 02 | 04
#1177-d178 @A: 33 28 19 27 | 09
#1178-d178 @A: 27 23 09 31 | 08
#1179-d178 @A: 17 25 28 27 | 03
#1180-d178 @A: 34 29 27 08 | 12
#1181-d178 @A: 32 06 27 34 | 11
#1182-d178 @A: 01 07 17 27 | 06
#1183-d178 @A: 27 13 28 01 | 01
#1184-d178 @A: 02 11 27 28 | 07
#1185-d178 @A: 27 14 04 33 | 10
#1186-d178 @A: 17 30 34 14 | 05
#1187-d178 @A: 14 30 12 11 | 02
#1188-d178 @A: 23 06 30 21 | 04
#1189-d178 @A: 23 14 05 30 | 09
#1190-d178 @A: 08 14 29 30 | 08
#1191-d178 @A: 02 30 29 04 | 03
#1192-d178 @A: 06 30 11 26 | 12
#1193-d178 @A: 08 26 07 30 | 11
#1194-d178 @A: 08 10 11 30 | 06
#1195-d178 @A: 09 19 20 34 | 01
#1196-d178 @A: 01 25 28 19 | 07
#1197-d178 @A: 22 23 20 19 | 10
#1198-d178 @A: 31 19 13 06 | 05
#1199-d178 @A: 19 05 11 20 | 02
#1200-d178 @A: 19 05 02 32 | 04
#1201-d178 @A: 25 20 23 09 | 09
#1202-d178 @A: 25 09 28 26 | 08
#1203-d178 @A: 09 02 25 13 | 03
#1204-d178 @A: 21 16 03 09 | 12
#1205-d178 @A: 22 17 04 09 | 11
#1206-d178 @A: 12 09 31 02 | 06
#1207-d178 @A: 05 21 29 09 | 01
#1208-d178 @A: 22 09 21 13 | 07
#1209-d178 @A: 10 01 21 09 | 10
#1210-d178 @A: 31 09 07 06 | 05
#1211-d178 @A: 25 26 34 29 | 02
#1212-d178 @A: 25 03 20 12 | 04
#1213-d178 @A: 11 10 03 25 | 09
#1214-d178 @A: 23 02 17 25 | 08
#1215-d178 @A: 25 17 29 04 | 03
#1216-d178 @A: 25 21 17 26 | 12
#1217-d178 @A: 02 25 29 21 | 11
#1218-d178 @A: 25 08 26 32 | 06
#1219-d178 @A: 10 07 25 02 | 01
#1220-d178 @A: 28 34 12 01 | 07
#1221-d178 @A: 28 04 34 13 | 10
#1222-d178 @A: 33 34 13 28 | 05
#1223-d178 @A: 18 17 05 03 | 02
#1224-d178 @A: 12 08 23 03 | 04
#1225-d178 @A: 02 29 06 03 | 09
#1226-d178 @A: 32 14 21 03 | 08
#1227-d178 @A: 03 33 05 01 | 03
#1228-d178 @A: 13 03 32 28 | 12
#1229-d178 @A: 11 03 32 07 | 11
#1230-d178 @A: 16 18 12 17 | 06
#1231-d178 @A: 22 06 17 16 | 01
#1232-d178 @A: 28 33 20 17 | 07
#1233-d178 @A: 31 07 17 02 | 10
#1234-d178 @A: 06 12 33 28 | 05
#1235-d178 @A: 12 16 08 11 | 02
#1236-d178 @A: 12 32 20 13 | 04
#1237-d178 @A: 05 13 12 02 | 09
#1238-d178 @A: 10 12 31 33 | 08
#1239-d178 @A: 04 31 05 12 | 03
#1240-d178 @A: 16 23 06 14 | 12
#1241-d178 @A: 13 23 28 07 | 11
#1242-d178 @A: 28 20 14 23 | 06
#1243-d178 @A: 05 07 23 31 | 01
#1244-d178 @A: 21 22 29 26 | 07
#1245-d178 @A: 11 29 08 26 | 10
#1246-d178 @A: 13 29 06 32 | 05
#1247-d178 @A: 33 29 20 06 | 02
#1248-d178 @A: 29 20 32 33 | 04
#1249-d178 @A: 32 02 10 29 | 09
#1250-d178 @A: 08 05 22 26 | 08
#1251-d178 @A: 06 02 07 22 | 03
#1252-d178 @A: 06 04 22 11 | 12
#1253-d178 @A: 16 11 32 22 | 11
#1254-d178 @A: 28 32 22 05 | 06
#1255-d178 @A: 31 07 22 32 | 01
#1256-d178 @A: 06 16 10 21 | 07
#1257-d178 @A: 11 14 21 13 | 10
#1258-d178 @A: 28 07 20 21 | 05
#1259-d178 @A: 01 13 06 11 | 02
#1260-d178 @A: 01 16 10 31 | 04
#1261-d178 @A: 16 08 01 32 | 09
#1262-d178 @A: 01 33 02 13 | 08
#1263-d178 @A: 20 01 07 32 | 03
#1264-d178 @A: 01 07 11 04 | 12
#1265-d178 @A: 02 01 04 32 | 11
#1266-d178 @A: 11 35 30 24 | 06
#1267-d178 @A: 24 19 27 28 | 01
#1268-d178 @A: 12 24 13 27 | 07
#1269-d178 @A: 09 30 24 22 | 10
#1270-d178 @A: 07 24 25 19 | 05
#1271-d178 @A: 19 26 12 24 | 02
#1272-d178 @A: 24 20 09 29 | 04
#1273-d178 @A: 29 26 24 33 | 09
#1274-d178 @A: 06 22 21 24 | 08
#1275-d178 @A: 33 24 18 22 | 03
#1276-d178 @A: 24 05 14 21 | 12
#1277-d178 @A: 02 26 18 24 | 11
#1278-d178 @A: 06 16 07 24 | 06
#1279-d178 @A: 33 24 07 13 | 01
#1280-d178 @A: 12 15 07 35 | 07
#1281-d178 @A: 04 21 15 35 | 10
#1282-d178 @A: 10 18 15 35 | 05
#1283-d178 @A: 05 30 27 35 | 02
#1284-d178 @A: 27 01 35 02 | 04
#1285-d178 @A: 20 30 09 35 | 09
#1286-d178 @A: 30 35 34 32 | 08
#1287-d178 @A: 07 35 30 22 | 03
#1288-d178 @A: 19 05 07 35 | 12
#1289-d178 @A: 26 35 09 33 | 11
#1290-d178 @A: 34 14 25 35 | 06
#1291-d178 @A: 25 35 18 16 | 01
#1292-d178 @A: 20 03 18 35 | 07
#1293-d178 @A: 05 10 03 35 | 10
#1294-d178 @A: 33 11 35 03 | 05
#1295-d178 @A: 17 35 13 08 | 02
#1296-d178 @A: 31 23 35 33 | 04
#1297-d178 @A: 13 35 29 33 | 09
#1298-d178 @A: 32 06 35 11 | 08
#1299-d178 @A: 08 04 35 10 | 03
#1300-d178 @A: 07 18 15 30 | 12
#1301-d178 @A: 29 19 15 06 | 11
#1302-d178 @A: 21 14 15 19 | 06
#1303-d178 @A: 15 25 17 32 | 01
#1304-d178 @A: 25 18 20 15 | 07
#1305-d178 @A: 22 15 34 33 | 10
#1306-d178 @A: 18 15 28 34 | 05
#1307-d178 @A: 12 15 05 29 | 02
#1308-d178 @A: 29 21 15 13 | 04
#1309-d178 @A: 08 05 15 21 | 09
#1310-d178 @A: 26 16 08 15 | 08
#1311-d178 @A: 31 10 11 15 | 03
#1312-d178 @A: 04 15 10 07 | 12
#1313-d178 @A: 22 25 27 05 | 11
#1314-d178 @A: 27 34 22 28 | 06
#1315-d178 @A: 29 01 27 05 | 01
#1316-d178 @A: 27 05 16 28 | 07
#1317-d178 @A: 10 27 13 02 | 10
#1318-d178 @A: 21 30 04 34 | 05
#1319-d178 @A: 29 12 30 21 | 02
#1320-d178 @A: 30 18 12 02 | 04
#1321-d178 @A: 20 30 22 04 | 09
#1322-d178 @A: 30 04 28 06 | 08
#1323-d178 @A: 30 32 07 13 | 03
#1324-d178 @A: 09 17 12 19 | 12
#1325-d178 @A: 09 31 26 19 | 11
#1326-d178 @A: 17 05 19 26 | 06
#1327-d178 @A: 23 19 01 06 | 01
#1328-d178 @A: 33 19 21 29 | 07
#1329-d178 @A: 28 22 19 26 | 10
#1330-d178 @A: 20 06 19 26 | 05
#1331-d178 @A: 19 10 16 05 | 02
#1332-d178 @A: 09 17 34 08 | 04
#1333-d178 @A: 34 09 21 02 | 09
#1334-d178 @A: 31 34 13 09 | 08
#1335-d178 @A: 03 17 09 31 | 03
#1336-d178 @A: 12 03 09 07 | 12
#1337-d178 @A: 17 09 18 01 | 11
#1338-d178 @A: 17 09 05 16 | 06
#1339-d178 @A: 17 28 09 33 | 01
#1340-d178 @A: 22 08 09 01 | 07
#1341-d178 @A: 09 02 22 32 | 10
#1342-d178 @A: 33 18 09 07 | 05
#1343-d178 @A: 32 09 06 16 | 02
#1344-d178 @A: 16 13 09 10 | 04
#1345-d178 @A: 14 07 28 09 | 09
#1346-d178 @A: 33 11 32 09 | 08
#1347-d178 @A: 25 34 03 08 | 03
#1348-d178 @A: 13 25 14 03 | 12
#1349-d178 @A: 25 29 32 01 | 11
#1350-d178 @A: 07 31 25 18 | 06
#1351-d178 @A: 32 13 16 25 | 01
#1352-d178 @A: 10 25 20 32 | 07
#1353-d178 @A: 06 03 01 34 | 10
#1354-d178 @A: 28 34 17 16 | 05
#1355-d178 @A: 33 34 17 04 | 02
#1356-d178 @A: 32 34 23 12 | 04
#1357-d178 @A: 11 34 21 29 | 09
#1358-d178 @A: 29 02 34 28 | 08
#1359-d178 @A: 06 34 22 18 | 03
#1360-d178 @A: 07 33 01 34 | 12
#1361-d178 @A: 20 34 28 10 | 11
#1362-d178 @A: 32 03 17 26 | 06
#1363-d178 @A: 03 12 26 01 | 01
#1364-d178 @A: 11 21 03 22 | 07
#1365-d178 @A: 02 26 07 03 | 10
#1366-d178 @A: 16 08 14 03 | 05
#1367-d178 @A: 05 03 04 08 | 02
#1368-d178 @A: 18 29 28 17 | 04
#1369-d178 @A: 17 33 29 31 | 09
#1370-d178 @A: 11 21 17 01 | 08
#1371-d178 @A: 17 06 05 32 | 03
#1372-d178 @A: 28 14 17 31 | 12
#1373-d178 @A: 29 04 23 12 | 11
#1374-d178 @A: 12 13 26 29 | 06
#1375-d178 @A: 31 16 21 12 | 01
#1376-d178 @A: 04 02 26 12 | 07
#1377-d178 @A: 31 14 12 08 | 10
#1378-d178 @A: 20 23 29 13 | 05
#1379-d178 @A: 22 11 18 23 | 02
#1380-d178 @A: 13 32 23 05 | 04
#1381-d178 @A: 04 23 32 08 | 09
#1382-d178 @A: 11 02 10 23 | 08
#1383-d178 @A: 33 23 05 02 | 03
#1384-d178 @A: 29 11 05 22 | 12
#1385-d178 @A: 16 31 29 14 | 11
#1386-d178 @A: 14 13 29 02 | 06
#1387-d178 @A: 21 26 06 08 | 01
#1388-d178 @A: 21 32 26 13 | 07
#1389-d178 @A: 11 20 31 21 | 10
#1390-d178 @A: 01 18 28 07 | 05
#1391-d178 @A: 13 11 02 18 | 02
#1392-d178 @A: 18 28 08 05 | 04
#1393-d178 @A: 28 33 18 11 | 09
#1394-d178 @A: 07 10 20 18 | 08
#1395-d178 @A: 14 08 32 18 | 03
#1396-d178 @A: 18 02 07 04 | 12
#1397-d178 @A: 04 10 18 33 | 11
#1398-d178 @A: 26 01 20 16 | 06
#1399-d178 @A: 28 01 26 04 | 01
#1400-d178 @A: 01 10 26 11 | 07
#1401-d178 @A: 32 05 26 01 | 10
#1402-d178 @A: 31 20 01 06 | 05
#1403-d178 @A: 06 11 33 10 | 02
#1404-d178 @A: 33 06 04 05 | 04
#1405-d178 @A: 07 33 02 14 | 09
#1406-d178 @A: 34 35 24 19 | 08
#1407-d178 @A: 15 06 24 27 | 03
#1408-d178 @A: 15 34 24 11 | 12
#1409-d178 @A: 10 15 05 24 | 11
#1410-d178 @A: 30 10 24 27 | 06
#1411-d178 @A: 18 27 07 24 | 01
#1412-d178 @A: 02 34 24 30 | 07
#1413-d178 @A: 09 03 24 10 | 10
#1414-d178 @A: 23 16 24 03 | 05
#1415-d178 @A: 17 21 02 24 | 02
#1416-d178 @A: 12 24 05 20 | 04
#1417-d178 @A: 24 29 10 21 | 09
#1418-d178 @A: 24 21 04 33 | 08
#1419-d178 @A: 04 14 06 24 | 03
#1420-d178 @A: 11 24 13 08 | 12
#1421-d178 @A: 05 02 31 24 | 11
#1422-d178 @A: 15 35 08 19 | 06
#1423-d178 @A: 07 35 20 27 | 01
#1424-d178 @A: 25 35 08 12 | 07
#1425-d178 @A: 35 11 23 25 | 10
#1426-d178 @A: 35 01 20 25 | 05
#1427-d178 @A: 34 03 35 28 | 02
#1428-d178 @A: 31 29 35 10 | 04
#1429-d178 @A: 22 28 01 35 | 09
#1430-d178 @A: 35 28 11 26 | 08
#1431-d178 @A: 30 29 15 27 | 03
#1432-d178 @A: 23 32 27 15 | 12
#1433-d178 @A: 30 15 13 01 | 11
#1434-d178 @A: 15 19 16 09 | 06
#1435-d178 @A: 19 15 25 11 | 01
#1436-d178 @A: 15 19 25 33 | 07
#1437-d178 @A: 15 09 03 08 | 10
#1438-d178 @A: 18 15 09 04 | 05
#1439-d178 @A: 17 15 13 03 | 02
#1440-d178 @A: 26 33 17 15 | 04
#1441-d178 @A: 23 15 22 05 | 09
#1442-d178 @A: 02 23 15 08 | 08
#1443-d178 @A: 02 29 18 15 | 03
#1444-d178 @A: 11 02 26 15 | 12
#1445-d178 @A: 10 13 14 15 | 11
#1446-d178 @A: 07 15 13 11 | 06
#1447-d178 @A: 27 06 31 30 | 01
#1448-d178 @A: 27 14 19 29 | 07
#1449-d178 @A: 04 19 01 27 | 10
#1450-d178 @A: 27 29 11 25 | 05
#1451-d178 @A: 04 25 27 18 | 02
#1452-d178 @A: 26 27 20 25 | 04
#1453-d178 @A: 16 27 01 03 | 09
#1454-d178 @A: 23 01 26 27 | 08
#1455-d178 @A: 22 20 27 18 | 03
#1456-d178 @A: 26 16 27 04 | 12
#1457-d178 @A: 27 06 28 14 | 11
#1458-d178 @A: 34 19 28 30 | 06
#1459-d178 @A: 30 11 01 19 | 01
#1460-d178 @A: 25 22 30 23 | 07
#1461-d178 @A: 20 30 25 21 | 10
#1462-d178 @A: 25 30 18 32 | 05
#1463-d178 @A: 07 01 25 30 | 02
#1464-d178 @A: 26 34 30 12 | 04
#1465-d178 @A: 30 23 32 29 | 09
#1466-d178 @A: 30 02 22 01 | 08
#1467-d178 @A: 16 08 30 21 | 03
#1468-d178 @A: 28 05 31 30 | 12
#1469-d178 @A: 08 19 09 23 | 11
#1470-d178 @A: 10 25 19 12 | 06
#1471-d178 @A: 19 13 22 25 | 01
#1472-d178 @A: 19 34 18 32 | 07
#1473-d178 @A: 17 07 19 06 | 10
#1474-d178 @A: 20 16 07 19 | 05
#1475-d178 @A: 19 13 05 08 | 02
#1476-d178 @A: 19 05 14 31 | 04
#1477-d178 @A: 10 19 33 14 | 09
#1478-d178 @A: 08 18 25 09 | 08
#1479-d178 @A: 03 09 01 13 | 03
#1480-d178 @A: 17 13 11 09 | 12
#1481-d178 @A: 23 09 12 11 | 11
#1482-d178 @A: 18 05 23 09 | 06
#1483-d178 @A: 10 20 09 06 | 01
#1484-d178 @A: 07 08 16 09 | 07
#1485-d178 @A: 20 07 11 09 | 10
#1486-d178 @A: 09 32 14 31 | 05
#1487-d178 @A: 32 07 09 10 | 02
#1488-d178 @A: 25 34 21 32 | 04
#1489-d178 @A: 34 25 18 02 | 09
#1490-d178 @A: 25 04 33 03 | 08
#1491-d178 @A: 14 22 25 18 | 03
#1492-d178 @A: 28 25 20 22 | 12
#1493-d178 @A: 16 14 25 21 | 11
#1494-d178 @A: 13 07 26 25 | 06
#1495-d178 @A: 26 25 05 02 | 01
#1496-d178 @A: 06 13 25 20 | 07
#1497-d178 @A: 20 02 31 25 | 10
#1498-d178 @A: 31 25 08 04 | 05
#1499-d178 @A: 14 34 13 12 | 02
#1500-d178 @A: 18 21 34 26 | 04
#1501-d178 @A: 13 06 34 21 | 09
#1502-d178 @A: 20 34 07 06 | 08
#1503-d178 @A: 34 08 16 13 | 03
#1504-d178 @A: 28 03 29 12 | 12
#1505-d178 @A: 03 16 18 07 | 11
#1506-d178 @A: 31 14 06 03 | 06
#1507-d178 @A: 13 03 07 05 | 01
#1508-d178 @A: 32 31 03 05 | 07
#1509-d178 @A: 03 11 04 02 | 10
#1510-d178 @A: 12 28 20 17 | 05
#1511-d178 @A: 17 07 23 08 | 02
#1512-d178 @A: 14 08 26 17 | 04
#1513-d178 @A: 06 08 04 17 | 09
#1514-d178 @A: 05 04 20 17 | 08
#1515-d178 @A: 12 20 23 21 | 03
#1516-d178 @A: 23 12 14 07 | 12
#1517-d178 @A: 20 29 12 18 | 11
#1518-d178 @A: 11 21 12 28 | 06
#1519-d178 @A: 12 06 14 26 | 01
#1520-d178 @A: 16 06 28 12 | 07
#1521-d178 @A: 04 28 07 12 | 10
#1522-d178 @A: 04 12 20 14 | 05
#1523-d178 @A: 11 12 20 10 | 02
#1524-d178 @A: 16 22 26 23 | 04
#1525-d178 @A: 06 28 23 02 | 09
#1526-d178 @A: 04 16 23 02 | 08
#1527-d178 @A: 22 01 18 29 | 03
#1528-d178 @A: 28 11 13 29 | 12
#1529-d178 @A: 10 11 29 04 | 11
#1530-d178 @A: 13 01 22 05 | 06
#1531-d178 @A: 06 22 05 14 | 01
#1532-d178 @A: 04 13 02 22 | 07
#1533-d178 @A: 20 22 14 31 | 10
#1534-d178 @A: 22 14 10 11 | 05
#1535-d178 @A: 08 31 10 22 | 02
#1536-d178 @A: 18 20 33 21 | 04
#1537-d178 @A: 05 07 06 21 | 09
#1538-d178 @A: 21 07 16 02 | 08
#1539-d178 @A: 18 26 13 14 | 03
#1540-d178 @A: 06 08 18 11 | 12
#1541-d178 @A: 16 18 04 14 | 11
#1542-d178 @A: 14 18 02 28 | 06
#1543-d178 @A: 31 01 08 11 | 01
#1544-d178 @A: 04 01 33 31 | 07
#1545-d178 @A: 07 33 05 26 | 10
#1546-d178 @A: 25 31 35 24 | 05
#1547-d178 @A: 27 24 08 09 | 02
#1548-d178 @A: 24 31 27 22 | 04
#1549-d178 @A: 24 19 20 17 | 09
#1550-d178 @A: 24 31 19 23 | 08
#1551-d178 @A: 19 29 11 24 | 03
#1552-d178 @A: 23 09 02 24 | 12
#1553-d178 @A: 25 24 01 13 | 11
#1554-d178 @A: 29 34 16 24 | 06
#1555-d178 @A: 34 31 28 24 | 01
#1556-d178 @A: 21 03 07 24 | 07
#1557-d178 @A: 01 22 10 24 | 10
#1558-d178 @A: 06 24 01 26 | 05
#1559-d178 @A: 24 28 11 06 | 02
#1560-d178 @A: 06 24 10 31 | 04
#1561-d178 @A: 08 32 24 31 | 09
#1562-d178 @A: 35 15 22 14 | 08
#1563-d178 @A: 35 30 19 04 | 03
#1564-d178 @A: 19 35 10 17 | 12
#1565-d178 @A: 26 29 19 35 | 11
#1566-d178 @A: 35 16 19 01 | 06
#1567-d178 @A: 12 35 33 25 | 01
#1568-d178 @A: 03 02 13 35 | 07
#1569-d178 @A: 06 13 35 16 | 10
#1570-d178 @A: 06 08 35 20 | 05
#1571-d178 @A: 31 05 35 06 | 02
#1572-d178 @A: 16 14 35 32 | 04
#1573-d178 @A: 35 28 05 20 | 09
#1574-d178 @A: 10 14 35 20 | 08
#1575-d178 @A: 27 15 07 19 | 03
#1576-d178 @A: 25 15 27 31 | 12
#1577-d178 @A: 34 27 15 04 | 11
#1578-d178 @A: 22 15 27 03 | 06
#1579-d178 @A: 19 31 34 15 | 01
#1580-d178 @A: 01 26 19 15 | 07
#1581-d178 @A: 10 15 12 34 | 10
#1582-d178 @A: 15 01 20 12 | 05
#1583-d178 @A: 26 32 12 15 | 02
#1584-d178 @A: 15 33 23 28 | 04
#1585-d178 @A: 21 33 15 32 | 09
#1586-d178 @A: 08 33 10 15 | 08
#1587-d178 @A: 32 07 15 02 | 03
#1588-d178 @A: 11 05 15 32 | 12
#1589-d178 @A: 30 27 25 03 | 11
#1590-d178 @A: 27 30 22 13 | 06
#1591-d178 @A: 30 04 27 11 | 01
#1592-d178 @A: 16 19 22 27 | 07
#1593-d178 @A: 21 27 19 10 | 10
#1594-d178 @A: 25 14 27 08 | 05
#1595-d178 @A: 27 16 34 21 | 02
#1596-d178 @A: 13 29 03 27 | 04
#1597-d178 @A: 03 08 11 27 | 09
#1598-d178 @A: 13 33 27 12 | 08
#1599-d178 @A: 06 20 27 23 | 03
#1600-d178 @A: 16 29 18 27 | 12
#1601-d178 @A: 26 27 14 31 | 11
#1602-d178 @A: 11 13 32 27 | 06
#1603-d178 @A: 19 12 30 33 | 01
#1604-d178 @A: 01 09 30 26 | 07
#1605-d178 @A: 09 30 14 33 | 10
#1606-d178 @A: 08 17 12 30 | 05
#1607-d178 @A: 30 23 18 04 | 02
#1608-d178 @A: 29 22 28 30 | 04
#1609-d178 @A: 30 22 21 32 | 09
#1610-d178 @A: 32 26 30 16 | 08
#1611-d178 @A: 05 06 30 20 | 03
#1612-d178 @A: 30 31 33 06 | 12
#1613-d178 @A: 30 16 05 13 | 11
#1614-d178 @A: 20 13 30 11 | 06
#1615-d178 @A: 09 06 19 25 | 01
#1616-d178 @A: 33 09 19 34 | 07
#1617-d178 @A: 10 19 11 34 | 10
#1618-d178 @A: 05 33 19 34 | 05
#1619-d178 @A: 06 19 33 03 | 02
#1620-d178 @A: 12 11 13 19 | 04
#1621-d178 @A: 04 05 23 19 | 09
#1622-d178 @A: 22 21 31 19 | 08
#1623-d178 @A: 08 19 26 33 | 03
#1624-d178 @A: 08 19 06 28 | 12
#1625-d178 @A: 14 19 06 10 | 11
#1626-d178 @A: 04 19 11 28 | 06
#1627-d178 @A: 11 32 19 08 | 01
#1628-d178 @A: 33 09 25 10 | 07
#1629-d178 @A: 09 26 22 34 | 10
#1630-d178 @A: 09 34 11 28 | 05
#1631-d178 @A: 09 23 03 14 | 02
#1632-d178 @A: 32 09 03 29 | 04
#1633-d178 @A: 03 18 02 09 | 09
#1634-d178 @A: 21 09 18 20 | 08
#1635-d178 @A: 08 09 20 02 | 03
#1636-d178 @A: 04 09 31 11 | 12
#1637-d178 @A: 25 26 34 33 | 11
#1638-d178 @A: 16 25 17 03 | 06
#1639-d178 @A: 29 23 03 25 | 01
#1640-d178 @A: 17 08 25 22 | 07
#1641-d178 @A: 25 11 17 18 | 10
#1642-d178 @A: 25 29 33 11 | 05
#1643-d178 @A: 22 21 07 25 | 02
#1644-d178 @A: 01 25 21 04 | 04
#1645-d178 @A: 33 25 01 11 | 09
#1646-d178 @A: 16 25 10 26 | 08
#1647-d178 @A: 32 06 04 25 | 03
#1648-d178 @A: 07 16 33 25 | 12
#1649-d178 @A: 32 07 25 05 | 11
#1650-d178 @A: 03 34 17 29 | 06
#1651-d178 @A: 34 03 12 05 | 01
#1652-d178 @A: 34 29 07 18 | 07
#1653-d178 @A: 20 26 34 04 | 10
#1654-d178 @A: 34 20 32 11 | 05
#1655-d178 @A: 04 29 26 03 | 02
#1656-d178 @A: 31 01 03 07 | 04
#1657-d178 @A: 11 13 03 16 | 09
#1658-d178 @A: 31 03 04 20 | 08
#1659-d178 @A: 10 07 03 14 | 03
#1660-d178 @A: 06 17 12 23 | 12
#1661-d178 @A: 23 17 14 33 | 11
#1662-d178 @A: 21 06 17 31 | 06
#1663-d178 @A: 28 13 26 17 | 01
#1664-d178 @A: 13 06 17 02 | 07
#1665-d178 @A: 06 07 17 33 | 10
#1666-d178 @A: 28 07 17 10 | 05
#1667-d178 @A: 23 02 01 12 | 02
#1668-d178 @A: 26 10 12 05 | 04
#1669-d178 @A: 12 06 31 32 | 09
#1670-d178 @A: 23 06 22 33 | 08
#1671-d178 @A: 23 26 05 28 | 03
#1672-d178 @A: 14 26 11 23 | 12
#1673-d178 @A: 23 16 13 31 | 11
#1674-d178 @A: 33 16 29 28 | 06
#1675-d178 @A: 11 31 29 07 | 01
#1676-d178 @A: 29 08 02 05 | 07
#1677-d178 @A: 13 06 22 26 | 10
#1678-d178 @A: 22 16 04 31 | 05
#1679-d178 @A: 07 28 11 22 | 02
#1680-d178 @A: 02 21 28 13 | 04
#1681-d178 @A: 04 14 10 21 | 09
#1682-d178 @A: 21 02 32 31 | 08
#1683-d178 @A: 28 26 18 16 | 03
#1684-d178 @A: 18 10 31 26 | 12
#1685-d178 @A: 06 18 32 07 | 11
#1686-d178 @A: 10 18 16 08 | 06
#1687-d178 @A: 10 07 01 13 | 01
#1688-d178 @A: 14 08 05 01 | 07
#1689-d178 @A: 31 08 33 13 | 10
