#0001-d186 @A: 13 11 15 03 | 06
#0002-d186 @A: 17 33 13 11 | 10
#0003-d186 @A: 06 01 13 28 | 03
#0004-d186 @A: 06 34 13 24 | 09
#0005-d186 @A: 16 30 13 06 | 11
#0006-d186 @A: 34 17 13 29 | 08
#0007-d186 @A: 31 13 01 27 | 02
#0008-d186 @A: 13 08 03 01 | 12
#0009-d186 @A: 13 30 15 34 | 01
#0010-d186 @A: 22 08 19 13 | 07
#0011-d186 @A: 35 13 02 19 | 05
#0012-d186 @A: 13 21 30 14 | 04
#0013-d186 @A: 03 13 17 10 | 06
#0014-d186 @A: 13 17 23 05 | 10
#0015-d186 @A: 31 14 11 06 | 03
#0016-d186 @A: 29 34 11 04 | 09
#0017-d186 @A: 22 11 01 04 | 11
#0018-d186 @A: 21 32 08 11 | 08
#0019-d186 @A: 32 10 11 20 | 02
#0020-d186 @A: 18 28 11 31 | 12
#0021-d186 @A: 33 30 11 14 | 01
#0022-d186 @A: 05 28 11 35 | 07
#0023-d186 @A: 31 27 11 34 | 05
#0024-d186 @A: 11 23 17 31 | 04
#0025-d186 @A: 30 26 12 11 | 06
#0026-d186 @A: 28 11 30 09 | 10
#0027-d186 @A: 06 01 20 29 | 03
#0028-d186 @A: 05 06 07 01 | 09
#0029-d186 @A: 33 32 10 06 | 11
#0030-d186 @A: 18 06 33 31 | 08
#0031-d186 @A: 15 35 20 06 | 02
#0032-d186 @A: 24 19 06 22 | 12
#0033-d186 @A: 22 27 17 06 | 01
#0034-d186 @A: 02 03 06 33 | 07
#0035-d186 @A: 03 27 06 14 | 05
#0036-d186 @A: 27 06 12 20 | 04
#0037-d186 @A: 09 23 05 06 | 06
#0038-d186 @A: 06 12 24 07 | 10
#0039-d186 @A: 04 25 06 17 | 03
#0040-d186 @A: 01 22 17 29 | 09
#0041-d186 @A: 01 29 35 07 | 11
#0042-d186 @A: 29 01 28 34 | 08
#0043-d186 @A: 32 29 07 31 | 02
#0044-d186 @A: 31 18 29 20 | 12
#0045-d186 @A: 29 20 26 15 | 01
#0046-d186 @A: 29 15 25 23 | 07
#0047-d186 @A: 30 29 22 34 | 05
#0048-d186 @A: 31 17 29 04 | 04
#0049-d186 @A: 30 03 29 09 | 06
#0050-d186 @A: 16 30 29 07 | 10
#0051-d186 @A: 01 16 20 32 | 03
#0052-d186 @A: 01 02 21 28 | 09
#0053-d186 @A: 24 26 01 21 | 11
#0054-d186 @A: 20 01 25 09 | 08
#0055-d186 @A: 01 33 04 31 | 02
#0056-d186 @A: 01 23 24 12 | 12
#0057-d186 @A: 19 14 32 25 | 01
#0058-d186 @A: 23 02 17 32 | 07
#0059-d186 @A: 20 25 32 21 | 05
#0060-d186 @A: 08 35 32 14 | 04
#0061-d186 @A: 14 32 27 26 | 06
#0062-d186 @A: 15 03 18 27 | 10
#0063-d186 @A: 18 22 28 02 | 03
#0064-d186 @A: 16 04 22 18 | 09
#0065-d186 @A: 23 21 18 33 | 11
#0066-d186 @A: 05 21 18 10 | 08
#0067-d186 @A: 25 03 21 18 | 02
#0068-d186 @A: 20 12 09 18 | 12
#0069-d186 @A: 23 18 24 34 | 01
#0070-d186 @A: 08 25 28 18 | 07
#0071-d186 @A: 15 19 22 28 | 05
#0072-d186 @A: 34 15 33 14 | 04
#0073-d186 @A: 28 14 23 15 | 06
#0074-d186 @A: 15 35 10 33 | 10
#0075-d186 @A: 10 23 03 15 | 03
#0076-d186 @A: 26 16 12 15 | 09
#0077-d186 @A: 22 14 26 19 | 11
#0078-d186 @A: 22 09 02 21 | 08
#0079-d186 @A: 22 34 02 03 | 02
#0080-d186 @A: 22 21 27 07 | 12
#0081-d186 @A: 21 33 31 22 | 01
#0082-d186 @A: 22 33 14 05 | 07
#0083-d186 @A: 22 20 33 24 | 05
#0084-d186 @A: 23 27 12 22 | 04
#0085-d186 @A: 33 22 28 09 | 06
#0086-d186 @A: 10 22 16 05 | 10
#0087-d186 @A: 08 16 22 12 | 03
#0088-d186 @A: 27 14 10 19 | 09
#0089-d186 @A: 09 19 10 20 | 11
#0090-d186 @A: 27 03 07 19 | 08
#0091-d186 @A: 19 10 07 24 | 02
#0092-d186 @A: 08 25 19 31 | 12
#0093-d186 @A: 04 03 16 19 | 01
#0094-d186 @A: 02 14 23 21 | 07
#0095-d186 @A: 20 02 31 34 | 05
#0096-d186 @A: 27 07 35 02 | 04
#0097-d186 @A: 02 34 35 04 | 06
#0098-d186 @A: 30 10 23 02 | 10
#0099-d186 @A: 23 08 24 02 | 03
#0100-d186 @A: 28 05 25 02 | 09
#0101-d186 @A: 16 12 02 30 | 11
#0102-d186 @A: 35 34 10 21 | 08
#0103-d186 @A: 24 21 04 35 | 02
#0104-d186 @A: 17 04 21 27 | 12
#0105-d186 @A: 23 31 05 21 | 01
#0106-d186 @A: 05 21 24 16 | 07
#0107-d186 @A: 08 04 12 21 | 05
#0108-d186 @A: 25 24 30 21 | 04
#0109-d186 @A: 31 08 14 24 | 06
#0110-d186 @A: 14 03 26 31 | 10
#0111-d186 @A: 14 09 30 31 | 03
#0112-d186 @A: 14 16 07 25 | 09
#0113-d186 @A: 20 34 35 33 | 11
#0114-d186 @A: 09 20 35 24 | 08
#0115-d186 @A: 16 08 10 20 | 02
#0116-d186 @A: 23 24 20 26 | 12
#0117-d186 @A: 23 20 09 16 | 01
#0118-d186 @A: 16 05 04 20 | 07
#0119-d186 @A: 28 08 20 04 | 05
#0120-d186 @A: 26 08 25 20 | 04
#0121-d186 @A: 27 35 34 05 | 06
#0122-d186 @A: 12 10 23 35 | 10
#0123-d186 @A: 35 12 31 05 | 03
#0124-d186 @A: 27 17 30 07 | 09
#0125-d186 @A: 04 34 12 09 | 11
#0126-d186 @A: 31 34 16 28 | 08
#0127-d186 @A: 10 05 07 03 | 02
#0128-d186 @A: 07 05 30 12 | 12
#0129-d186 @A: 05 06 21 13 | 01
#0130-d186 @A: 28 07 13 29 | 07
#0131-d186 @A: 12 20 01 13 | 05
#0132-d186 @A: 13 24 18 22 | 04
#0133-d186 @A: 18 31 16 13 | 06
#0134-d186 @A: 13 15 02 24 | 10
#0135-d186 @A: 14 15 31 13 | 03
#0136-d186 @A: 13 33 34 22 | 09
#0137-d186 @A: 33 13 20 03 | 11
#0138-d186 @A: 35 34 13 31 | 08
#0139-d186 @A: 31 30 12 13 | 02
#0140-d186 @A: 24 13 26 04 | 12
#0141-d186 @A: 17 06 11 21 | 01
#0142-d186 @A: 11 12 21 01 | 07
#0143-d186 @A: 11 25 01 14 | 05
#0144-d186 @A: 03 11 34 01 | 04
#0145-d186 @A: 11 15 32 25 | 06
#0146-d186 @A: 32 03 11 31 | 10
#0147-d186 @A: 18 11 35 16 | 03
#0148-d186 @A: 05 11 15 34 | 09
#0149-d186 @A: 14 11 19 09 | 11
#0150-d186 @A: 07 19 26 11 | 08
#0151-d186 @A: 21 10 11 14 | 02
#0152-d186 @A: 20 14 11 23 | 12
#0153-d186 @A: 14 34 17 11 | 01
#0154-d186 @A: 07 11 03 14 | 07
#0155-d186 @A: 20 11 35 04 | 05
#0156-d186 @A: 12 20 33 11 | 04
#0157-d186 @A: 20 11 12 07 | 06
#0158-d186 @A: 11 23 33 24 | 10
#0159-d186 @A: 11 25 31 04 | 03
#0160-d186 @A: 29 06 15 03 | 09
#0161-d186 @A: 06 09 22 29 | 11
#0162-d186 @A: 25 24 29 06 | 08
#0163-d186 @A: 06 26 01 27 | 02
#0164-d186 @A: 18 06 12 21 | 12
#0165-d186 @A: 20 18 24 06 | 01
#0166-d186 @A: 19 06 17 15 | 07
#0167-d186 @A: 06 02 19 12 | 05
#0168-d186 @A: 24 14 33 06 | 04
#0169-d186 @A: 14 10 06 30 | 06
#0170-d186 @A: 08 06 14 09 | 10
#0171-d186 @A: 16 06 27 28 | 03
#0172-d186 @A: 07 04 27 06 | 09
#0173-d186 @A: 05 33 06 17 | 11
#0174-d186 @A: 28 12 23 06 | 08
#0175-d186 @A: 16 03 06 05 | 02
#0176-d186 @A: 06 25 03 07 | 12
#0177-d186 @A: 15 32 04 29 | 01
#0178-d186 @A: 23 21 32 29 | 07
#0179-d186 @A: 29 02 25 18 | 05
#0180-d186 @A: 15 02 29 07 | 04
#0181-d186 @A: 22 19 29 10 | 06
#0182-d186 @A: 02 29 14 22 | 10
#0183-d186 @A: 21 03 29 02 | 03
#0184-d186 @A: 29 20 02 04 | 09
#0185-d186 @A: 29 30 02 35 | 11
#0186-d186 @A: 08 14 23 29 | 08
#0187-d186 @A: 29 03 24 10 | 02
#0188-d186 @A: 24 29 08 12 | 12
#0189-d186 @A: 29 16 30 17 | 01
#0190-d186 @A: 27 10 32 01 | 07
#0191-d186 @A: 23 34 01 32 | 05
#0192-d186 @A: 27 01 22 09 | 04
#0193-d186 @A: 19 01 02 09 | 06
#0194-d186 @A: 20 01 27 21 | 10
#0195-d186 @A: 01 24 14 16 | 03
#0196-d186 @A: 10 20 01 34 | 09
#0197-d186 @A: 30 08 01 20 | 11
#0198-d186 @A: 04 27 35 01 | 08
#0199-d186 @A: 24 05 25 01 | 02
#0200-d186 @A: 12 25 03 01 | 12
#0201-d186 @A: 34 31 18 32 | 01
#0202-d186 @A: 33 16 18 32 | 07
#0203-d186 @A: 12 32 15 35 | 05
#0204-d186 @A: 15 27 32 16 | 04
#0205-d186 @A: 32 19 31 02 | 06
#0206-d186 @A: 32 04 19 33 | 10
#0207-d186 @A: 02 10 16 32 | 03
#0208-d186 @A: 20 30 33 32 | 09
#0209-d186 @A: 34 09 32 35 | 11
#0210-d186 @A: 27 32 33 34 | 08
#0211-d186 @A: 32 12 24 09 | 02
#0212-d186 @A: 28 24 25 32 | 12
#0213-d186 @A: 02 15 18 17 | 01
#0214-d186 @A: 20 30 18 15 | 07
#0215-d186 @A: 02 18 09 35 | 05
#0216-d186 @A: 35 14 18 23 | 04
#0217-d186 @A: 27 18 31 09 | 06
#0218-d186 @A: 10 23 18 09 | 10
#0219-d186 @A: 18 23 04 05 | 03
#0220-d186 @A: 18 25 05 31 | 09
#0221-d186 @A: 03 15 22 21 | 11
#0222-d186 @A: 10 20 15 22 | 08
#0223-d186 @A: 10 02 27 15 | 02
#0224-d186 @A: 07 15 14 34 | 12
#0225-d186 @A: 24 35 34 15 | 01
#0226-d186 @A: 31 35 08 15 | 07
#0227-d186 @A: 27 15 05 24 | 05
#0228-d186 @A: 09 15 23 04 | 04
#0229-d186 @A: 23 19 33 22 | 06
#0230-d186 @A: 04 14 21 22 | 10
#0231-d186 @A: 22 20 21 23 | 03
#0232-d186 @A: 34 21 26 22 | 09
#0233-d186 @A: 22 34 35 23 | 11
#0234-d186 @A: 23 17 22 08 | 08
#0235-d186 @A: 05 22 03 08 | 02
#0236-d186 @A: 22 28 31 04 | 12
#0237-d186 @A: 03 25 09 22 | 01
#0238-d186 @A: 20 08 19 33 | 07
#0239-d186 @A: 35 09 19 33 | 05
#0240-d186 @A: 33 19 17 03 | 04
#0241-d186 @A: 28 12 19 03 | 06
#0242-d186 @A: 26 19 31 16 | 10
#0243-d186 @A: 26 19 17 04 | 03
#0244-d186 @A: 02 27 20 24 | 09
#0245-d186 @A: 09 03 02 12 | 11
#0246-d186 @A: 31 09 04 02 | 08
#0247-d186 @A: 02 30 08 28 | 02
#0248-d186 @A: 20 08 34 21 | 12
#0249-d186 @A: 33 07 21 24 | 01
#0250-d186 @A: 17 12 21 23 | 07
#0251-d186 @A: 21 05 30 17 | 05
#0252-d186 @A: 21 07 08 28 | 04
#0253-d186 @A: 14 17 08 10 | 06
#0254-d186 @A: 14 23 31 25 | 10
#0255-d186 @A: 26 23 17 14 | 03
#0256-d186 @A: 03 08 30 14 | 09
#0257-d186 @A: 26 07 14 09 | 11
#0258-d186 @A: 23 20 35 30 | 08
#0259-d186 @A: 35 07 20 24 | 02
#0260-d186 @A: 05 08 20 23 | 12
#0261-d186 @A: 20 04 12 23 | 01
#0262-d186 @A: 20 23 28 03 | 07
#0263-d186 @A: 28 35 10 16 | 05
#0264-d186 @A: 03 35 17 04 | 04
#0265-d186 @A: 23 10 27 28 | 06
#0266-d186 @A: 05 10 27 26 | 10
#0267-d186 @A: 23 27 08 09 | 03
#0268-d186 @A: 23 34 10 07 | 09
#0269-d186 @A: 24 17 33 10 | 11
#0270-d186 @A: 33 03 25 31 | 08
#0271-d186 @A: 16 33 28 24 | 02
#0272-d186 @A: 09 33 26 17 | 12
#0273-d186 @A: 26 07 30 23 | 01
#0274-d186 @A: 11 13 16 34 | 07
#0275-d186 @A: 13 11 30 05 | 05
#0276-d186 @A: 13 06 02 14 | 04
#0277-d186 @A: 35 18 13 01 | 06
#0278-d186 @A: 17 32 13 15 | 10
#0279-d186 @A: 28 13 32 34 | 03
#0280-d186 @A: 18 02 10 13 | 09
#0281-d186 @A: 14 18 13 25 | 11
#0282-d186 @A: 26 18 33 13 | 08
#0283-d186 @A: 08 26 15 13 | 02
#0284-d186 @A: 21 04 20 13 | 12
#0285-d186 @A: 31 24 21 13 | 01
#0286-d186 @A: 27 13 14 12 | 07
#0287-d186 @A: 05 33 13 27 | 05
#0288-d186 @A: 10 23 13 33 | 04
#0289-d186 @A: 25 13 31 09 | 06
#0290-d186 @A: 17 25 13 24 | 10
#0291-d186 @A: 05 22 11 06 | 03
#0292-d186 @A: 19 03 06 11 | 09
#0293-d186 @A: 11 35 29 26 | 11
#0294-d186 @A: 29 33 11 25 | 08
#0295-d186 @A: 10 15 11 01 | 02
#0296-d186 @A: 01 27 30 11 | 12
#0297-d186 @A: 35 32 19 11 | 01
#0298-d186 @A: 18 09 15 11 | 07
#0299-d186 @A: 18 11 20 26 | 05
#0300-d186 @A: 12 11 34 18 | 04
#0301-d186 @A: 10 11 18 07 | 06
#0302-d186 @A: 22 02 23 11 | 10
#0303-d186 @A: 19 08 11 34 | 03
#0304-d186 @A: 16 30 11 19 | 09
#0305-d186 @A: 26 03 21 11 | 11
#0306-d186 @A: 11 14 27 24 | 08
#0307-d186 @A: 11 28 07 27 | 02
#0308-d186 @A: 10 11 12 16 | 12
#0309-d186 @A: 28 11 04 17 | 01
#0310-d186 @A: 01 31 06 15 | 07
#0311-d186 @A: 15 32 06 26 | 05
#0312-d186 @A: 15 07 32 06 | 04
#0313-d186 @A: 25 18 06 16 | 06
#0314-d186 @A: 33 35 06 26 | 10
#0315-d186 @A: 23 17 10 06 | 03
#0316-d186 @A: 23 03 25 06 | 09
#0317-d186 @A: 06 12 03 04 | 11
#0318-d186 @A: 17 08 16 06 | 08
#0319-d186 @A: 28 04 30 06 | 02
#0320-d186 @A: 01 29 10 02 | 12
#0321-d186 @A: 31 14 01 29 | 01
#0322-d186 @A: 32 29 12 18 | 07
#0323-d186 @A: 32 29 35 05 | 05
#0324-d186 @A: 29 27 32 30 | 04
#0325-d186 @A: 22 29 18 15 | 06
#0326-d186 @A: 33 22 29 03 | 10
#0327-d186 @A: 17 02 29 33 | 03
#0328-d186 @A: 29 10 21 27 | 09
#0329-d186 @A: 33 29 31 12 | 11
#0330-d186 @A: 05 09 29 10 | 08
#0331-d186 @A: 31 08 29 03 | 02
#0332-d186 @A: 18 25 32 01 | 12
#0333-d186 @A: 03 28 01 18 | 01
#0334-d186 @A: 16 01 18 09 | 07
#0335-d186 @A: 01 05 02 33 | 05
#0336-d186 @A: 21 01 08 05 | 04
#0337-d186 @A: 17 05 03 01 | 06
#0338-d186 @A: 17 08 25 01 | 10
#0339-d186 @A: 01 08 16 07 | 03
#0340-d186 @A: 09 01 04 30 | 09
#0341-d186 @A: 23 32 19 07 | 11
#0342-d186 @A: 21 27 09 32 | 08
#0343-d186 @A: 21 32 17 34 | 02
#0344-d186 @A: 32 26 21 12 | 12
#0345-d186 @A: 12 14 32 30 | 01
#0346-d186 @A: 25 27 08 32 | 07
#0347-d186 @A: 08 34 24 32 | 05
#0348-d186 @A: 23 28 32 31 | 04
#0349-d186 @A: 32 26 31 09 | 06
#0350-d186 @A: 09 30 08 32 | 10
#0351-d186 @A: 26 17 24 32 | 03
#0352-d186 @A: 19 15 16 18 | 09
#0353-d186 @A: 18 22 03 12 | 11
#0354-d186 @A: 19 02 03 18 | 08
#0355-d186 @A: 28 18 12 04 | 02
#0356-d186 @A: 19 15 35 03 | 12
#0357-d186 @A: 25 15 19 33 | 01
#0358-d186 @A: 15 16 21 14 | 07
#0359-d186 @A: 05 15 21 20 | 05
#0360-d186 @A: 21 15 10 26 | 04
#0361-d186 @A: 15 12 10 17 | 06
#0362-d186 @A: 05 23 16 15 | 10
#0363-d186 @A: 23 24 17 15 | 03
#0364-d186 @A: 15 08 25 07 | 09
#0365-d186 @A: 19 27 22 30 | 11
#0366-d186 @A: 25 22 19 04 | 08
#0367-d186 @A: 22 12 21 24 | 02
#0368-d186 @A: 24 22 14 34 | 12
#0369-d186 @A: 10 26 22 12 | 01
#0370-d186 @A: 24 30 10 22 | 07
#0371-d186 @A: 23 22 28 24 | 05
#0372-d186 @A: 08 22 04 26 | 04
#0373-d186 @A: 22 04 09 24 | 06
#0374-d186 @A: 28 22 07 25 | 10
#0375-d186 @A: 35 26 19 27 | 03
#0376-d186 @A: 25 19 30 03 | 09
#0377-d186 @A: 35 02 05 23 | 11
#0378-d186 @A: 10 26 02 09 | 08
#0379-d186 @A: 24 05 12 02 | 02
#0380-d186 @A: 02 26 16 24 | 12
#0381-d186 @A: 07 02 04 28 | 01
#0382-d186 @A: 33 21 14 25 | 07
#0383-d186 @A: 07 05 21 34 | 05
#0384-d186 @A: 16 21 10 30 | 04
#0385-d186 @A: 03 21 30 07 | 06
#0386-d186 @A: 14 35 27 25 | 10
#0387-d186 @A: 35 26 14 34 | 03
#0388-d186 @A: 23 14 35 07 | 09
#0389-d186 @A: 14 10 26 24 | 11
#0390-d186 @A: 14 24 05 23 | 08
#0391-d186 @A: 12 05 03 14 | 02
#0392-d186 @A: 03 17 16 14 | 12
#0393-d186 @A: 20 35 10 27 | 01
#0394-d186 @A: 03 27 20 09 | 07
#0395-d186 @A: 04 20 10 24 | 05
#0396-d186 @A: 20 28 10 26 | 04
#0397-d186 @A: 28 16 25 20 | 06
#0398-d186 @A: 04 17 09 20 | 10
#0399-d186 @A: 33 16 35 12 | 03
#0400-d186 @A: 26 09 35 23 | 09
#0401-d186 @A: 07 35 23 25 | 11
#0402-d186 @A: 31 35 25 30 | 08
#0403-d186 @A: 35 04 16 31 | 02
#0404-d186 @A: 28 30 03 35 | 12
#0405-d186 @A: 26 04 27 30 | 01
#0406-d186 @A: 10 05 31 34 | 07
#0407-d186 @A: 05 34 03 23 | 05
#0408-d186 @A: 33 30 04 23 | 04
#0409-d186 @A: 16 33 09 05 | 06
#0410-d186 @A: 16 33 30 08 | 10
#0411-d186 @A: 16 33 17 25 | 03
#0412-d186 @A: 07 10 26 08 | 09
#0413-d186 @A: 03 07 17 08 | 11
#0414-d186 @A: 19 28 13 11 | 08
#0415-d186 @A: 13 27 18 32 | 02
#0416-d186 @A: 10 21 32 13 | 12
#0417-d186 @A: 33 25 32 13 | 01
#0418-d186 @A: 13 05 32 09 | 07
#0419-d186 @A: 04 13 35 15 | 05
#0420-d186 @A: 28 15 13 27 | 04
#0421-d186 @A: 20 22 13 05 | 06
#0422-d186 @A: 24 13 33 19 | 10
#0423-d186 @A: 13 33 02 31 | 03
#0424-d186 @A: 34 14 08 13 | 09
#0425-d186 @A: 12 10 13 05 | 11
#0426-d186 @A: 07 30 13 25 | 08
#0427-d186 @A: 11 01 23 06 | 02
#0428-d186 @A: 06 33 11 16 | 12
#0429-d186 @A: 29 11 16 01 | 01
#0430-d186 @A: 33 11 32 05 | 07
#0431-d186 @A: 18 33 03 11 | 05
#0432-d186 @A: 22 08 11 14 | 04
#0433-d186 @A: 22 11 34 09 | 06
#0434-d186 @A: 19 11 21 05 | 10
#0435-d186 @A: 11 19 26 33 | 03
#0436-d186 @A: 11 03 02 14 | 09
#0437-d186 @A: 11 28 02 12 | 11
#0438-d186 @A: 11 03 20 30 | 08
#0439-d186 @A: 11 31 33 35 | 02
#0440-d186 @A: 23 10 11 34 | 12
#0441-d186 @A: 33 04 07 11 | 01
#0442-d186 @A: 29 06 18 26 | 07
#0443-d186 @A: 06 29 35 19 | 05
#0444-d186 @A: 30 29 06 08 | 04
#0445-d186 @A: 06 32 01 04 | 06
#0446-d186 @A: 30 01 06 18 | 10
#0447-d186 @A: 32 06 09 02 | 03
#0448-d186 @A: 06 32 31 30 | 09
#0449-d186 @A: 06 18 22 23 | 11
#0450-d186 @A: 06 16 15 22 | 08
#0451-d186 @A: 34 28 06 02 | 02
#0452-d186 @A: 04 06 21 10 | 12
#0453-d186 @A: 34 23 06 14 | 01
#0454-d186 @A: 35 34 06 12 | 07
#0455-d186 @A: 08 05 06 24 | 05
#0456-d186 @A: 12 06 30 24 | 04
#0457-d186 @A: 27 05 22 29 | 06
#0458-d186 @A: 19 17 29 14 | 10
#0459-d186 @A: 05 19 29 33 | 03
#0460-d186 @A: 02 23 34 29 | 09
#0461-d186 @A: 34 24 21 29 | 11
#0462-d186 @A: 14 29 07 10 | 08
#0463-d186 @A: 14 28 29 30 | 02
#0464-d186 @A: 07 20 29 17 | 12
#0465-d186 @A: 05 29 07 33 | 01
#0466-d186 @A: 22 01 31 32 | 07
#0467-d186 @A: 19 01 05 32 | 05
#0468-d186 @A: 14 17 01 32 | 04
#0469-d186 @A: 01 22 18 20 | 06
#0470-d186 @A: 19 23 18 01 | 10
#0471-d186 @A: 15 30 02 01 | 03
#0472-d186 @A: 19 21 30 01 | 09
#0473-d186 @A: 02 30 01 07 | 11
#0474-d186 @A: 01 33 35 25 | 08
#0475-d186 @A: 10 01 09 03 | 02
#0476-d186 @A: 01 10 17 28 | 12
#0477-d186 @A: 01 17 30 23 | 01
#0478-d186 @A: 12 08 01 26 | 07
#0479-d186 @A: 04 03 26 01 | 05
#0480-d186 @A: 07 04 17 01 | 04
#0481-d186 @A: 27 22 32 02 | 06
#0482-d186 @A: 02 25 34 32 | 10
#0483-d186 @A: 27 32 04 20 | 03
#0484-d186 @A: 32 34 20 12 | 09
#0485-d186 @A: 35 33 17 32 | 11
#0486-d186 @A: 32 04 23 35 | 08
#0487-d186 @A: 32 16 30 05 | 02
#0488-d186 @A: 32 03 08 04 | 12
#0489-d186 @A: 25 32 03 26 | 01
#0490-d186 @A: 18 27 25 22 | 07
#0491-d186 @A: 24 14 19 18 | 05
#0492-d186 @A: 25 19 18 34 | 04
#0493-d186 @A: 18 12 19 33 | 06
#0494-d186 @A: 02 16 18 05 | 10
#0495-d186 @A: 26 14 21 18 | 03
#0496-d186 @A: 18 24 17 31 | 09
#0497-d186 @A: 34 15 22 25 | 11
#0498-d186 @A: 15 20 14 19 | 08
#0499-d186 @A: 34 19 15 23 | 02
#0500-d186 @A: 35 15 09 21 | 12
#0501-d186 @A: 15 20 12 28 | 01
#0502-d186 @A: 20 26 07 15 | 07
#0503-d186 @A: 35 17 15 27 | 05
#0504-d186 @A: 27 15 26 23 | 04
#0505-d186 @A: 15 12 05 04 | 06
#0506-d186 @A: 15 09 28 03 | 10
#0507-d186 @A: 15 16 17 04 | 03
#0508-d186 @A: 20 02 22 19 | 09
#0509-d186 @A: 23 10 22 25 | 11
#0510-d186 @A: 30 22 04 05 | 08
#0511-d186 @A: 12 31 22 07 | 02
#0512-d186 @A: 19 14 02 30 | 12
#0513-d186 @A: 19 04 02 10 | 01
#0514-d186 @A: 23 04 28 19 | 07
#0515-d186 @A: 19 12 05 26 | 05
#0516-d186 @A: 12 30 19 08 | 04
#0517-d186 @A: 24 09 19 31 | 06
#0518-d186 @A: 28 14 17 02 | 10
#0519-d186 @A: 23 16 04 02 | 03
#0520-d186 @A: 16 28 02 03 | 09
#0521-d186 @A: 26 21 31 27 | 11
#0522-d186 @A: 10 08 28 21 | 08
#0523-d186 @A: 25 21 08 23 | 02
#0524-d186 @A: 09 21 17 31 | 12
#0525-d186 @A: 14 20 28 33 | 01
#0526-d186 @A: 04 31 34 14 | 07
#0527-d186 @A: 14 07 28 05 | 05
#0528-d186 @A: 27 34 23 20 | 04
#0529-d186 @A: 17 20 30 10 | 06
#0530-d186 @A: 20 07 23 08 | 10
#0531-d186 @A: 03 16 20 12 | 03
#0532-d186 @A: 17 24 08 20 | 09
#0533-d186 @A: 10 03 35 25 | 11
#0534-d186 @A: 23 17 35 25 | 08
#0535-d186 @A: 12 26 07 35 | 02
#0536-d186 @A: 31 24 28 35 | 12
#0537-d186 @A: 35 08 03 24 | 01
#0538-d186 @A: 09 35 16 30 | 07
#0539-d186 @A: 31 24 10 27 | 05
#0540-d186 @A: 27 23 30 05 | 04
#0541-d186 @A: 27 23 25 24 | 06
#0542-d186 @A: 16 34 08 05 | 10
#0543-d186 @A: 17 34 16 24 | 03
#0544-d186 @A: 17 25 34 09 | 09
#0545-d186 @A: 34 09 07 30 | 11
#0546-d186 @A: 33 08 05 10 | 08
#0547-d186 @A: 12 08 09 33 | 02
#0548-d186 @A: 25 33 09 04 | 12
#0549-d186 @A: 16 10 31 07 | 01
#0550-d186 @A: 13 11 20 31 | 07
#0551-d186 @A: 13 27 11 10 | 05
#0552-d186 @A: 06 31 13 19 | 04
#0553-d186 @A: 31 13 32 29 | 06
#0554-d186 @A: 10 29 13 20 | 10
#0555-d186 @A: 13 29 08 33 | 03
#0556-d186 @A: 15 13 16 01 | 09
#0557-d186 @A: 33 09 13 01 | 11
#0558-d186 @A: 14 32 13 03 | 08
#0559-d186 @A: 04 32 13 30 | 02
#0560-d186 @A: 20 08 18 13 | 12
#0561-d186 @A: 22 13 02 30 | 01
#0562-d186 @A: 07 19 13 12 | 07
#0563-d186 @A: 13 12 34 02 | 05
#0564-d186 @A: 02 17 16 13 | 04
#0565-d186 @A: 17 14 13 09 | 06
#0566-d186 @A: 13 20 34 09 | 10
#0567-d186 @A: 30 09 13 10 | 03
#0568-d186 @A: 23 31 13 26 | 09
#0569-d186 @A: 05 13 08 31 | 11
#0570-d186 @A: 13 05 28 16 | 08
#0571-d186 @A: 17 13 07 12 | 02
#0572-d186 @A: 04 28 03 13 | 12
#0573-d186 @A: 10 29 06 11 | 01
#0574-d186 @A: 28 06 32 11 | 07
#0575-d186 @A: 30 18 29 11 | 05
#0576-d186 @A: 07 11 08 29 | 04
#0577-d186 @A: 11 04 12 32 | 06
#0578-d186 @A: 15 28 21 11 | 10
#0579-d186 @A: 11 17 20 15 | 03
#0580-d186 @A: 11 22 28 27 | 09
#0581-d186 @A: 35 10 02 11 | 11
#0582-d186 @A: 25 27 21 11 | 08
#0583-d186 @A: 27 26 11 17 | 02
#0584-d186 @A: 09 03 04 11 | 12
#0585-d186 @A: 06 34 01 17 | 01
#0586-d186 @A: 03 01 24 06 | 07
#0587-d186 @A: 25 32 06 35 | 05
#0588-d186 @A: 27 18 10 06 | 04
#0589-d186 @A: 15 23 06 30 | 06
#0590-d186 @A: 33 06 22 25 | 10
#0591-d186 @A: 19 27 06 25 | 03
#0592-d186 @A: 21 24 06 02 | 09
#0593-d186 @A: 26 21 06 07 | 11
#0594-d186 @A: 06 35 14 16 | 08
#0595-d186 @A: 35 08 04 06 | 02
#0596-d186 @A: 23 08 06 26 | 12
#0597-d186 @A: 06 16 31 12 | 01
#0598-d186 @A: 09 06 16 24 | 07
#0599-d186 @A: 30 07 28 06 | 05
#0600-d186 @A: 05 18 01 29 | 04
#0601-d186 @A: 01 35 12 29 | 06
#0602-d186 @A: 02 28 29 32 | 10
#0603-d186 @A: 18 27 23 29 | 03
#0604-d186 @A: 35 15 29 16 | 09
#0605-d186 @A: 24 22 29 26 | 11
#0606-d186 @A: 19 04 30 29 | 08
#0607-d186 @A: 02 29 26 08 | 02
#0608-d186 @A: 30 21 20 29 | 12
#0609-d186 @A: 20 08 29 27 | 01
#0610-d186 @A: 28 35 29 04 | 07
#0611-d186 @A: 10 29 28 12 | 05
#0612-d186 @A: 16 05 29 31 | 04
#0613-d186 @A: 01 07 21 32 | 06
#0614-d186 @A: 21 15 23 01 | 10
#0615-d186 @A: 08 01 15 27 | 03
#0616-d186 @A: 01 33 22 30 | 09
#0617-d186 @A: 19 01 20 07 | 11
#0618-d186 @A: 31 01 17 19 | 08
#0619-d186 @A: 20 02 17 01 | 02
#0620-d186 @A: 01 08 34 02 | 12
#0621-d186 @A: 14 23 27 01 | 01
#0622-d186 @A: 23 33 20 01 | 07
#0623-d186 @A: 04 01 05 10 | 05
#0624-d186 @A: 01 31 16 03 | 04
#0625-d186 @A: 01 08 04 24 | 06
#0626-d186 @A: 32 18 22 07 | 10
#0627-d186 @A: 18 20 17 32 | 03
#0628-d186 @A: 04 09 32 18 | 09
#0629-d186 @A: 21 15 32 30 | 11
#0630-d186 @A: 22 30 32 26 | 08
#0631-d186 @A: 05 20 32 02 | 02
#0632-d186 @A: 03 33 21 32 | 12
#0633-d186 @A: 17 27 12 32 | 01
#0634-d186 @A: 10 30 32 25 | 07
#0635-d186 @A: 32 12 25 05 | 05
#0636-d186 @A: 16 32 25 04 | 04
#0637-d186 @A: 22 35 18 10 | 06
#0638-d186 @A: 19 04 18 20 | 10
#0639-d186 @A: 14 09 18 33 | 03
#0640-d186 @A: 05 18 20 35 | 09
#0641-d186 @A: 34 18 07 17 | 11
#0642-d186 @A: 12 10 08 18 | 08
#0643-d186 @A: 07 08 12 18 | 02
#0644-d186 @A: 08 31 04 18 | 12
#0645-d186 @A: 26 08 17 18 | 01
#0646-d186 @A: 22 15 04 27 | 07
#0647-d186 @A: 15 30 19 26 | 05
#0648-d186 @A: 15 07 19 09 | 04
#0649-d186 @A: 15 20 27 25 | 06
#0650-d186 @A: 33 27 09 15 | 10
#0651-d186 @A: 15 33 16 03 | 03
#0652-d186 @A: 15 10 04 28 | 09
#0653-d186 @A: 15 03 05 26 | 11
#0654-d186 @A: 08 03 25 15 | 08
#0655-d186 @A: 21 22 16 19 | 02
#0656-d186 @A: 25 05 22 21 | 12
#0657-d186 @A: 10 34 22 27 | 01
#0658-d186 @A: 22 31 16 24 | 07
#0659-d186 @A: 19 23 12 14 | 05
#0660-d186 @A: 34 09 19 27 | 04
#0661-d186 @A: 10 19 23 05 | 06
#0662-d186 @A: 28 31 19 07 | 10
#0663-d186 @A: 03 08 19 09 | 03
#0664-d186 @A: 30 19 17 24 | 09
#0665-d186 @A: 09 19 26 25 | 11
#0666-d186 @A: 25 09 19 07 | 08
#0667-d186 @A: 35 16 21 02 | 02
#0668-d186 @A: 09 27 02 14 | 12
#0669-d186 @A: 02 04 27 28 | 01
#0670-d186 @A: 08 21 14 27 | 07
#0671-d186 @A: 03 10 31 21 | 05
#0672-d186 @A: 07 10 21 25 | 04
#0673-d186 @A: 30 21 31 04 | 06
#0674-d186 @A: 21 25 26 17 | 10
#0675-d186 @A: 14 08 20 12 | 03
#0676-d186 @A: 35 03 33 14 | 09
#0677-d186 @A: 17 14 33 27 | 11
#0678-d186 @A: 14 04 33 26 | 08
#0679-d186 @A: 31 17 12 14 | 02
#0680-d186 @A: 04 34 26 20 | 12
#0681-d186 @A: 30 31 05 20 | 01
#0682-d186 @A: 20 31 05 07 | 07
#0683-d186 @A: 17 31 16 20 | 05
#0684-d186 @A: 24 30 20 16 | 04
#0685-d186 @A: 04 35 05 26 | 06
#0686-d186 @A: 35 03 26 12 | 10
#0687-d186 @A: 28 35 17 09 | 03
#0688-d186 @A: 30 08 10 27 | 09
#0689-d186 @A: 27 17 05 25 | 11
#0690-d186 @A: 24 27 26 12 | 08
#0691-d186 @A: 28 30 27 12 | 02
#0692-d186 @A: 07 25 27 31 | 12
#0693-d186 @A: 09 30 24 27 | 01
#0694-d186 @A: 26 33 16 34 | 07
#0695-d186 @A: 25 34 12 26 | 05
#0696-d186 @A: 09 34 26 08 | 04
#0697-d186 @A: 12 33 03 10 | 06
#0698-d186 @A: 12 33 26 23 | 10
#0699-d186 @A: 31 33 30 28 | 03
#0700-d186 @A: 33 03 09 07 | 09
#0701-d186 @A: 23 04 07 24 | 11
#0702-d186 @A: 13 11 29 24 | 08
#0703-d186 @A: 06 13 18 15 | 02
#0704-d186 @A: 06 35 13 10 | 12
#0705-d186 @A: 13 05 15 29 | 01
#0706-d186 @A: 13 01 21 17 | 07
#0707-d186 @A: 13 08 32 02 | 05
#0708-d186 @A: 07 13 18 21 | 04
#0709-d186 @A: 23 13 15 20 | 06
#0710-d186 @A: 27 22 21 13 | 10
#0711-d186 @A: 31 22 13 03 | 03
#0712-d186 @A: 28 13 02 20 | 09
#0713-d186 @A: 02 33 13 07 | 11
#0714-d186 @A: 02 05 04 13 | 08
#0715-d186 @A: 13 28 14 35 | 02
#0716-d186 @A: 13 03 27 34 | 12
#0717-d186 @A: 27 16 13 24 | 01
#0718-d186 @A: 10 24 13 08 | 07
#0719-d186 @A: 16 23 12 13 | 05
#0720-d186 @A: 30 13 26 17 | 04
#0721-d186 @A: 16 09 04 13 | 06
#0722-d186 @A: 11 29 05 02 | 10
#0723-d186 @A: 17 29 08 11 | 03
#0724-d186 @A: 30 32 11 02 | 09
#0725-d186 @A: 22 18 11 21 | 11
#0726-d186 @A: 22 11 33 10 | 08
#0727-d186 @A: 27 20 19 11 | 02
#0728-d186 @A: 21 30 35 11 | 12
#0729-d186 @A: 21 11 09 23 | 01
#0730-d186 @A: 11 16 04 21 | 07
#0731-d186 @A: 27 11 12 03 | 05
#0732-d186 @A: 03 10 11 08 | 04
#0733-d186 @A: 10 24 09 11 | 06
#0734-d186 @A: 11 30 07 31 | 10
#0735-d186 @A: 08 11 24 30 | 03
#0736-d186 @A: 08 11 25 09 | 09
#0737-d186 @A: 12 29 06 05 | 11
#0738-d186 @A: 08 01 22 06 | 08
#0739-d186 @A: 06 28 19 18 | 02
#0740-d186 @A: 17 18 06 14 | 12
#0741-d186 @A: 33 28 15 06 | 01
#0742-d186 @A: 14 22 06 12 | 07
#0743-d186 @A: 06 04 20 22 | 05
#0744-d186 @A: 14 07 31 06 | 04
#0745-d186 @A: 28 06 05 10 | 06
#0746-d186 @A: 06 25 08 12 | 10
#0747-d186 @A: 26 06 03 30 | 03
#0748-d186 @A: 29 22 31 35 | 09
#0749-d186 @A: 29 03 19 27 | 11
#0750-d186 @A: 29 02 27 12 | 08
#0751-d186 @A: 20 05 29 34 | 02
#0752-d186 @A: 12 29 09 23 | 12
#0753-d186 @A: 26 31 25 29 | 01
#0754-d186 @A: 01 12 02 32 | 07
#0755-d186 @A: 01 18 15 24 | 05
#0756-d186 @A: 12 14 01 18 | 04
#0757-d186 @A: 01 18 17 27 | 06
#0758-d186 @A: 01 15 09 05 | 10
#0759-d186 @A: 15 01 25 26 | 03
#0760-d186 @A: 22 14 28 01 | 09
#0761-d186 @A: 01 35 26 22 | 11
#0762-d186 @A: 16 02 27 01 | 08
#0763-d186 @A: 01 05 14 30 | 02
#0764-d186 @A: 10 24 01 35 | 12
#0765-d186 @A: 27 03 01 33 | 01
#0766-d186 @A: 07 01 33 31 | 07
#0767-d186 @A: 01 26 10 23 | 05
#0768-d186 @A: 12 17 04 01 | 04
#0769-d186 @A: 08 28 01 31 | 06
#0770-d186 @A: 25 16 30 01 | 10
#0771-d186 @A: 32 23 18 15 | 03
#0772-d186 @A: 22 32 08 18 | 09
#0773-d186 @A: 32 21 02 18 | 11
#0774-d186 @A: 28 32 22 21 | 08
#0775-d186 @A: 32 09 22 20 | 02
#0776-d186 @A: 19 32 28 27 | 12
#0777-d186 @A: 10 12 19 32 | 01
#0778-d186 @A: 04 32 02 14 | 07
#0779-d186 @A: 07 32 33 08 | 05
#0780-d186 @A: 09 28 10 32 | 04
#0781-d186 @A: 32 28 10 07 | 06
#0782-d186 @A: 24 07 32 30 | 10
#0783-d186 @A: 08 18 15 14 | 03
#0784-d186 @A: 05 15 33 18 | 09
#0785-d186 @A: 10 31 15 18 | 11
#0786-d186 @A: 12 25 15 18 | 08
#0787-d186 @A: 27 18 04 14 | 02
#0788-d186 @A: 07 20 25 18 | 12
#0789-d186 @A: 18 35 25 04 | 01
#0790-d186 @A: 04 18 26 10 | 07
#0791-d186 @A: 17 05 28 18 | 05
#0792-d186 @A: 31 03 18 30 | 04
#0793-d186 @A: 18 30 09 25 | 06
#0794-d186 @A: 26 16 30 18 | 10
#0795-d186 @A: 15 19 08 21 | 03
#0796-d186 @A: 21 02 12 15 | 09
#0797-d186 @A: 15 21 33 24 | 11
#0798-d186 @A: 28 35 15 07 | 08
#0799-d186 @A: 05 15 30 10 | 02
#0800-d186 @A: 15 16 08 24 | 12
#0801-d186 @A: 24 26 15 09 | 01
#0802-d186 @A: 25 15 24 04 | 07
#0803-d186 @A: 22 30 07 19 | 05
#0804-d186 @A: 25 35 22 02 | 04
#0805-d186 @A: 22 20 34 17 | 06
#0806-d186 @A: 22 07 20 34 | 10
#0807-d186 @A: 27 08 22 33 | 03
#0808-d186 @A: 04 22 10 03 | 09
#0809-d186 @A: 23 09 22 30 | 11
#0810-d186 @A: 19 20 24 34 | 08
#0811-d186 @A: 35 30 19 10 | 02
#0812-d186 @A: 05 19 16 25 | 12
#0813-d186 @A: 08 26 19 24 | 01
#0814-d186 @A: 27 02 30 21 | 07
#0815-d186 @A: 35 24 02 14 | 05
#0816-d186 @A: 02 10 14 34 | 04
#0817-d186 @A: 14 24 07 02 | 06
#0818-d186 @A: 20 07 02 03 | 10
#0819-d186 @A: 35 33 02 08 | 03
#0820-d186 @A: 27 02 17 34 | 09
#0821-d186 @A: 28 02 24 10 | 11
#0822-d186 @A: 09 14 21 20 | 08
#0823-d186 @A: 34 12 14 21 | 02
#0824-d186 @A: 21 10 23 24 | 12
#0825-d186 @A: 12 21 30 03 | 01
#0826-d186 @A: 12 25 21 16 | 07
#0827-d186 @A: 20 14 07 30 | 05
#0828-d186 @A: 14 27 28 34 | 04
#0829-d186 @A: 03 14 23 09 | 06
#0830-d186 @A: 09 05 25 14 | 10
#0831-d186 @A: 20 05 03 24 | 03
#0832-d186 @A: 05 28 20 09 | 09
#0833-d186 @A: 03 20 31 04 | 11
#0834-d186 @A: 04 07 20 08 | 08
#0835-d186 @A: 35 23 31 03 | 02
#0836-d186 @A: 31 07 35 17 | 12
#0837-d186 @A: 03 31 27 28 | 01
#0838-d186 @A: 30 17 27 03 | 07
#0839-d186 @A: 33 30 34 24 | 05
#0840-d186 @A: 34 10 03 30 | 04
#0841-d186 @A: 34 17 26 10 | 06
#0842-d186 @A: 30 23 34 12 | 10
#0843-d186 @A: 34 23 25 16 | 03
#0844-d186 @A: 34 04 05 25 | 09
#0845-d186 @A: 05 33 25 23 | 11
#0846-d186 @A: 16 31 23 33 | 08
#0847-d186 @A: 33 24 12 04 | 02
#0848-d186 @A: 33 08 31 26 | 12
#0849-d186 @A: 23 16 09 07 | 01
#0850-d186 @A: 16 05 07 26 | 07
#0851-d186 @A: 24 03 31 07 | 05
#0852-d186 @A: 13 11 08 12 | 04
#0853-d186 @A: 01 29 13 30 | 06
#0854-d186 @A: 26 29 14 13 | 10
#0855-d186 @A: 29 04 27 13 | 03
#0856-d186 @A: 13 04 19 01 | 09
#0857-d186 @A: 02 13 01 23 | 11
#0858-d186 @A: 30 19 13 18 | 08
#0859-d186 @A: 18 09 21 13 | 02
#0860-d186 @A: 03 05 13 18 | 12
#0861-d186 @A: 09 13 22 15 | 01
#0862-d186 @A: 13 19 15 10 | 07
#0863-d186 @A: 02 13 27 25 | 05
#0864-d186 @A: 13 35 21 26 | 04
#0865-d186 @A: 35 27 23 13 | 06
#0866-d186 @A: 13 24 05 35 | 10
#0867-d186 @A: 28 30 24 13 | 03
#0868-d186 @A: 03 25 16 13 | 09
#0869-d186 @A: 06 04 11 18 | 11
#0870-d186 @A: 06 11 08 20 | 08
#0871-d186 @A: 29 15 11 27 | 02
#0872-d186 @A: 11 08 18 01 | 12
#0873-d186 @A: 19 24 11 01 | 01
#0874-d186 @A: 01 28 33 11 | 07
#0875-d186 @A: 16 02 15 11 | 05
#0876-d186 @A: 12 19 25 11 | 04
#0877-d186 @A: 11 03 16 23 | 06
#0878-d186 @A: 31 05 09 11 | 10
#0879-d186 @A: 26 09 11 16 | 03
#0880-d186 @A: 06 29 07 19 | 09
#0881-d186 @A: 19 06 14 01 | 11
#0882-d186 @A: 08 06 02 18 | 08
#0883-d186 @A: 15 05 06 14 | 02
#0884-d186 @A: 20 09 33 06 | 12
#0885-d186 @A: 10 06 03 20 | 01
#0886-d186 @A: 35 30 06 27 | 07
#0887-d186 @A: 35 06 09 31 | 05
#0888-d186 @A: 28 06 24 17 | 04
#0889-d186 @A: 29 27 25 01 | 06
#0890-d186 @A: 20 29 24 32 | 10
#0891-d186 @A: 29 21 22 08 | 03
#0892-d186 @A: 29 20 28 22 | 09
#0893-d186 @A: 07 22 04 29 | 11
#0894-d186 @A: 21 09 19 29 | 08
#0895-d186 @A: 29 14 34 25 | 02
#0896-d186 @A: 35 09 29 27 | 12
#0897-d186 @A: 08 34 29 35 | 01
#0898-d186 @A: 28 29 33 27 | 07
#0899-d186 @A: 34 07 25 29 | 05
#0900-d186 @A: 10 16 29 23 | 04
#0901-d186 @A: 29 30 10 31 | 06
#0902-d186 @A: 29 05 26 17 | 10
#0903-d186 @A: 29 09 08 04 | 03
#0904-d186 @A: 28 17 25 29 | 09
#0905-d186 @A: 31 18 21 01 | 11
#0906-d186 @A: 01 33 17 15 | 08
#0907-d186 @A: 19 26 01 20 | 02
#0908-d186 @A: 01 12 27 19 | 12
#0909-d186 @A: 31 35 01 20 | 01
#0910-d186 @A: 01 34 35 30 | 07
#0911-d186 @A: 03 34 07 01 | 05
#0912-d186 @A: 12 05 16 01 | 04
#0913-d186 @A: 28 01 12 09 | 06
#0914-d186 @A: 01 30 24 31 | 10
#0915-d186 @A: 26 19 18 32 | 03
#0916-d186 @A: 18 28 14 32 | 09
#0917-d186 @A: 04 05 32 21 | 11
#0918-d186 @A: 27 32 03 35 | 08
#0919-d186 @A: 27 05 31 32 | 02
#0920-d186 @A: 30 24 32 23 | 12
#0921-d186 @A: 09 23 32 25 | 01
#0922-d186 @A: 16 32 08 26 | 07
#0923-d186 @A: 26 04 28 32 | 05
#0924-d186 @A: 17 22 33 18 | 04
#0925-d186 @A: 27 19 18 05 | 06
#0926-d186 @A: 33 18 34 02 | 10
#0927-d186 @A: 18 34 16 14 | 03
#0928-d186 @A: 18 03 20 34 | 09
#0929-d186 @A: 18 12 35 27 | 11
#0930-d186 @A: 34 18 08 27 | 08
#0931-d186 @A: 30 18 23 08 | 02
#0932-d186 @A: 26 18 25 23 | 12
#0933-d186 @A: 12 05 30 18 | 01
#0934-d186 @A: 08 05 09 18 | 07
#0935-d186 @A: 18 09 28 24 | 05
#0936-d186 @A: 22 10 15 07 | 04
#0937-d186 @A: 27 31 15 19 | 06
#0938-d186 @A: 09 15 02 20 | 10
#0939-d186 @A: 14 09 10 15 | 03
#0940-d186 @A: 34 17 03 15 | 09
#0941-d186 @A: 16 25 15 10 | 11
#0942-d186 @A: 08 09 15 17 | 08
#0943-d186 @A: 25 30 17 15 | 02
#0944-d186 @A: 31 22 14 27 | 12
#0945-d186 @A: 28 22 34 08 | 01
#0946-d186 @A: 12 22 28 05 | 07
#0947-d186 @A: 17 05 24 22 | 05
#0948-d186 @A: 19 16 34 02 | 04
#0949-d186 @A: 28 19 21 14 | 06
#0950-d186 @A: 21 07 35 19 | 10
#0951-d186 @A: 21 04 34 19 | 03
#0952-d186 @A: 19 21 33 10 | 09
#0953-d186 @A: 02 33 21 04 | 11
#0954-d186 @A: 21 02 31 08 | 08
#0955-d186 @A: 05 02 03 10 | 02
#0956-d186 @A: 02 23 12 25 | 12
#0957-d186 @A: 02 09 17 05 | 01
#0958-d186 @A: 31 07 08 02 | 07
#0959-d186 @A: 14 07 17 21 | 05
#0960-d186 @A: 12 20 21 10 | 04
#0961-d186 @A: 09 20 07 21 | 06
#0962-d186 @A: 21 27 28 35 | 10
#0963-d186 @A: 05 21 03 27 | 03
#0964-d186 @A: 09 28 21 34 | 09
#0965-d186 @A: 04 23 03 21 | 11
#0966-d186 @A: 21 26 23 16 | 08
#0967-d186 @A: 17 03 08 21 | 02
#0968-d186 @A: 14 17 04 05 | 12
#0969-d186 @A: 25 05 20 10 | 01
#0970-d186 @A: 26 03 17 20 | 07
#0971-d186 @A: 09 35 04 10 | 05
#0972-d186 @A: 09 05 07 35 | 04
#0973-d186 @A: 25 16 35 08 | 06
#0974-d186 @A: 27 24 07 05 | 10
#0975-d186 @A: 07 12 27 16 | 03
#0976-d186 @A: 08 17 27 31 | 09
#0977-d186 @A: 16 27 30 31 | 11
#0978-d186 @A: 27 28 24 08 | 08
#0979-d186 @A: 26 25 27 16 | 02
#0980-d186 @A: 34 10 33 28 | 12
#0981-d186 @A: 03 31 34 09 | 01
#0982-d186 @A: 03 24 26 34 | 07
#0983-d186 @A: 33 31 10 09 | 05
#0984-d186 @A: 33 16 04 10 | 04
#0985-d186 @A: 33 31 24 05 | 06
#0986-d186 @A: 08 17 33 04 | 10
#0987-d186 @A: 03 26 28 33 | 03
#0988-d186 @A: 07 04 30 12 | 09
#0989-d186 @A: 26 28 17 07 | 11
#0990-d186 @A: 13 11 21 02 | 08
#0991-d186 @A: 09 11 13 35 | 02
#0992-d186 @A: 01 34 13 05 | 12
#0993-d186 @A: 19 32 23 13 | 01
#0994-d186 @A: 26 20 13 32 | 07
#0995-d186 @A: 16 13 32 35 | 05
#0996-d186 @A: 25 21 15 13 | 04
#0997-d186 @A: 15 13 31 07 | 06
#0998-d186 @A: 35 22 12 13 | 10
#0999-d186 @A: 07 22 03 13 | 03
#1000-d186 @A: 19 13 03 21 | 09
#1001-d186 @A: 14 19 05 13 | 11
#1002-d186 @A: 09 19 12 13 | 08
#1003-d186 @A: 13 28 33 21 | 02
#1004-d186 @A: 28 23 25 13 | 12
#1005-d186 @A: 06 11 12 15 | 01
#1006-d186 @A: 32 29 14 11 | 07
#1007-d186 @A: 29 11 12 22 | 05
#1008-d186 @A: 11 28 03 29 | 04
#1009-d186 @A: 11 18 32 24 | 06
#1010-d186 @A: 26 34 32 11 | 10
#1011-d186 @A: 32 11 17 16 | 03
#1012-d186 @A: 10 19 11 18 | 09
#1013-d186 @A: 15 35 23 11 | 11
#1014-d186 @A: 30 15 31 11 | 08
#1015-d186 @A: 16 11 35 07 | 02
#1016-d186 @A: 04 27 33 11 | 12
#1017-d186 @A: 11 08 28 23 | 01
#1018-d186 @A: 12 24 31 11 | 07
#1019-d186 @A: 17 12 09 11 | 05
#1020-d186 @A: 25 11 16 24 | 04
#1021-d186 @A: 33 29 34 06 | 06
#1022-d186 @A: 06 25 01 02 | 10
#1023-d186 @A: 32 05 18 06 | 03
#1024-d186 @A: 22 32 06 03 | 09
#1025-d186 @A: 06 20 23 32 | 11
#1026-d186 @A: 25 15 09 06 | 08
#1027-d186 @A: 10 02 06 22 | 02
#1028-d186 @A: 19 06 26 21 | 12
#1029-d186 @A: 06 02 31 23 | 01
#1030-d186 @A: 33 20 07 06 | 07
#1031-d186 @A: 27 04 06 34 | 05
#1032-d186 @A: 10 06 26 25 | 04
#1033-d186 @A: 23 04 06 24 | 06
#1034-d186 @A: 06 25 05 30 | 10
#1035-d186 @A: 09 28 06 26 | 03
#1036-d186 @A: 21 04 29 01 | 09
#1037-d186 @A: 29 25 32 22 | 11
#1038-d186 @A: 29 32 03 34 | 08
#1039-d186 @A: 10 18 29 34 | 02
#1040-d186 @A: 21 15 17 29 | 12
#1041-d186 @A: 33 15 30 29 | 01
#1042-d186 @A: 02 24 29 19 | 07
#1043-d186 @A: 29 19 20 12 | 05
#1044-d186 @A: 20 17 29 23 | 04
#1045-d186 @A: 03 25 20 29 | 06
#1046-d186 @A: 33 35 23 29 | 10
#1047-d186 @A: 23 29 26 30 | 03
#1048-d186 @A: 09 31 28 29 | 09
#1049-d186 @A: 25 16 09 29 | 11
#1050-d186 @A: 32 15 01 28 | 08
#1051-d186 @A: 18 01 10 33 | 02
#1052-d186 @A: 01 14 35 15 | 12
#1053-d186 @A: 01 07 15 12 | 01
#1054-d186 @A: 26 22 01 07 | 07
#1055-d186 @A: 10 08 01 19 | 05
#1056-d186 @A: 14 03 21 01 | 04
#1057-d186 @A: 01 25 34 21 | 06
#1058-d186 @A: 23 28 01 35 | 10
#1059-d186 @A: 09 24 17 01 | 03
#1060-d186 @A: 01 26 16 17 | 09
#1061-d186 @A: 32 10 03 18 | 11
#1062-d186 @A: 08 15 20 32 | 08
#1063-d186 @A: 10 34 15 32 | 02
#1064-d186 @A: 32 22 34 04 | 12
#1065-d186 @A: 12 32 22 33 | 01
#1066-d186 @A: 16 23 32 22 | 07
#1067-d186 @A: 19 32 24 21 | 05
#1068-d186 @A: 32 26 02 35 | 04
#1069-d186 @A: 23 32 14 33 | 06
#1070-d186 @A: 27 32 07 20 | 10
#1071-d186 @A: 35 31 10 32 | 03
#1072-d186 @A: 23 26 32 05 | 09
#1073-d186 @A: 17 32 25 31 | 11
#1074-d186 @A: 34 15 18 28 | 08
#1075-d186 @A: 22 05 18 34 | 02
#1076-d186 @A: 19 18 31 35 | 12
#1077-d186 @A: 31 02 18 14 | 01
#1078-d186 @A: 21 34 30 18 | 07
#1079-d186 @A: 18 20 14 10 | 05
#1080-d186 @A: 35 18 33 28 | 04
#1081-d186 @A: 18 08 24 33 | 06
#1082-d186 @A: 18 10 16 17 | 10
#1083-d186 @A: 24 18 16 12 | 03
#1084-d186 @A: 03 18 26 09 | 09
#1085-d186 @A: 07 18 03 16 | 11
#1086-d186 @A: 30 22 15 35 | 08
#1087-d186 @A: 05 19 15 02 | 02
#1088-d186 @A: 20 04 15 33 | 12
#1089-d186 @A: 05 15 35 25 | 01
#1090-d186 @A: 08 28 15 05 | 07
#1091-d186 @A: 15 31 03 12 | 05
#1092-d186 @A: 02 09 07 22 | 04
#1093-d186 @A: 14 35 22 09 | 06
#1094-d186 @A: 20 22 08 35 | 10
#1095-d186 @A: 22 20 30 12 | 03
#1096-d186 @A: 07 05 22 23 | 09
#1097-d186 @A: 08 22 31 30 | 11
#1098-d186 @A: 24 25 22 08 | 08
#1099-d186 @A: 20 19 31 21 | 02
#1100-d186 @A: 14 16 08 19 | 12
#1101-d186 @A: 19 17 34 05 | 01
#1102-d186 @A: 07 19 33 16 | 07
#1103-d186 @A: 10 19 17 25 | 05
#1104-d186 @A: 03 31 19 05 | 04
#1105-d186 @A: 05 09 19 30 | 06
#1106-d186 @A: 04 19 31 12 | 10
#1107-d186 @A: 17 12 16 19 | 03
#1108-d186 @A: 08 28 19 17 | 09
#1109-d186 @A: 17 04 19 07 | 11
#1110-d186 @A: 21 02 16 07 | 08
#1111-d186 @A: 25 17 03 02 | 02
#1112-d186 @A: 35 21 20 03 | 12
#1113-d186 @A: 21 09 26 04 | 01
#1114-d186 @A: 05 27 20 14 | 07
#1115-d186 @A: 34 30 20 14 | 05
#1116-d186 @A: 14 07 27 33 | 04
#1117-d186 @A: 12 26 09 14 | 06
#1118-d186 @A: 04 24 30 14 | 10
#1119-d186 @A: 26 20 05 33 | 03
#1120-d186 @A: 16 03 35 34 | 09
#1121-d186 @A: 05 09 03 35 | 11
#1122-d186 @A: 31 26 35 17 | 08
#1123-d186 @A: 27 16 04 08 | 02
#1124-d186 @A: 09 28 27 25 | 12
#1125-d186 @A: 34 23 33 09 | 01
#1126-d186 @A: 33 17 34 31 | 07
#1127-d186 @A: 17 34 23 04 | 05
#1128-d186 @A: 08 34 12 03 | 04
#1129-d186 @A: 17 28 34 12 | 06
#1130-d186 @A: 31 24 25 34 | 10
#1131-d186 @A: 03 25 28 34 | 03
#1132-d186 @A: 30 26 10 33 | 09
#1133-d186 @A: 07 30 33 10 | 11
#1134-d186 @A: 03 08 23 33 | 08
#1135-d186 @A: 33 28 04 05 | 02
#1136-d186 @A: 11 22 13 32 | 12
#1137-d186 @A: 11 18 13 23 | 01
#1138-d186 @A: 10 13 14 01 | 07
#1139-d186 @A: 12 13 15 33 | 05
#1140-d186 @A: 28 13 10 22 | 04
#1141-d186 @A: 20 13 19 16 | 06
#1142-d186 @A: 17 13 27 19 | 10
#1143-d186 @A: 13 02 26 03 | 03
#1144-d186 @A: 13 21 08 16 | 09
#1145-d186 @A: 33 13 14 16 | 11
#1146-d186 @A: 20 10 07 13 | 08
#1147-d186 @A: 35 34 13 07 | 02
#1148-d186 @A: 03 24 12 13 | 12
#1149-d186 @A: 13 08 25 30 | 01
#1150-d186 @A: 06 30 11 34 | 07
#1151-d186 @A: 11 29 19 23 | 05
#1152-d186 @A: 01 02 31 11 | 04
#1153-d186 @A: 11 01 35 17 | 06
#1154-d186 @A: 11 25 17 18 | 10
#1155-d186 @A: 11 20 22 16 | 03
#1156-d186 @A: 02 34 24 11 | 09
#1157-d186 @A: 10 11 31 26 | 11
#1158-d186 @A: 11 31 16 08 | 08
#1159-d186 @A: 02 06 29 16 | 02
#1160-d186 @A: 10 16 01 06 | 12
#1161-d186 @A: 06 34 16 32 | 01
#1162-d186 @A: 18 06 34 09 | 07
#1163-d186 @A: 06 07 18 23 | 05
#1164-d186 @A: 02 04 06 15 | 04
#1165-d186 @A: 06 34 08 15 | 06
#1166-d186 @A: 19 10 34 06 | 10
#1167-d186 @A: 30 19 33 06 | 03
#1168-d186 @A: 34 21 06 03 | 09
#1169-d186 @A: 33 08 21 06 | 11
#1170-d186 @A: 06 21 31 25 | 08
#1171-d186 @A: 06 28 14 25 | 02
#1172-d186 @A: 05 04 06 31 | 12
#1173-d186 @A: 07 06 09 08 | 01
#1174-d186 @A: 01 24 29 33 | 07
#1175-d186 @A: 18 27 29 07 | 05
#1176-d186 @A: 17 29 18 09 | 04
#1177-d186 @A: 29 15 12 14 | 06
#1178-d186 @A: 29 16 12 34 | 10
#1179-d186 @A: 07 12 29 23 | 03
#1180-d186 @A: 29 26 16 03 | 09
#1181-d186 @A: 32 01 26 33 | 11
#1182-d186 @A: 01 02 04 18 | 08
#1183-d186 @A: 19 03 22 01 | 02
#1184-d186 @A: 01 16 22 34 | 12
#1185-d186 @A: 25 19 01 28 | 01
#1186-d186 @A: 09 14 34 01 | 07
#1187-d186 @A: 10 27 07 01 | 05
#1188-d186 @A: 27 01 28 05 | 04
#1189-d186 @A: 16 08 01 23 | 06
#1190-d186 @A: 01 03 07 23 | 10
#1191-d186 @A: 01 25 23 04 | 03
#1192-d186 @A: 18 35 30 32 | 09
#1193-d186 @A: 03 15 02 32 | 11
#1194-d186 @A: 17 19 22 32 | 08
#1195-d186 @A: 22 24 32 35 | 02
#1196-d186 @A: 16 31 32 21 | 12
#1197-d186 @A: 32 34 14 05 | 01
#1198-d186 @A: 32 23 10 08 | 07
#1199-d186 @A: 23 03 12 32 | 05
#1200-d186 @A: 25 07 05 32 | 04
#1201-d186 @A: 32 16 28 12 | 06
#1202-d186 @A: 09 07 32 17 | 10
#1203-d186 @A: 15 07 30 18 | 03
#1204-d186 @A: 26 18 02 12 | 09
#1205-d186 @A: 27 20 16 18 | 11
#1206-d186 @A: 27 26 28 18 | 08
#1207-d186 @A: 10 28 30 18 | 02
#1208-d186 @A: 31 12 23 18 | 12
#1209-d186 @A: 16 03 18 08 | 01
#1210-d186 @A: 24 18 04 03 | 07
#1211-d186 @A: 04 07 26 18 | 05
#1212-d186 @A: 22 02 15 08 | 04
#1213-d186 @A: 17 15 14 22 | 06
#1214-d186 @A: 26 15 22 33 | 10
#1215-d186 @A: 19 15 24 12 | 03
#1216-d186 @A: 15 14 02 25 | 09
#1217-d186 @A: 02 23 33 15 | 11
#1218-d186 @A: 21 15 31 34 | 08
#1219-d186 @A: 15 12 23 08 | 02
#1220-d186 @A: 24 30 15 03 | 12
#1221-d186 @A: 26 15 28 17 | 01
#1222-d186 @A: 28 30 15 16 | 07
#1223-d186 @A: 34 22 19 12 | 05
#1224-d186 @A: 25 22 31 20 | 04
#1225-d186 @A: 16 35 27 22 | 06
#1226-d186 @A: 35 22 33 04 | 10
#1227-d186 @A: 12 31 22 09 | 03
#1228-d186 @A: 16 03 30 22 | 09
#1229-d186 @A: 28 22 30 25 | 11
#1230-d186 @A: 22 28 16 26 | 08
#1231-d186 @A: 33 02 28 19 | 02
#1232-d186 @A: 23 26 19 02 | 12
#1233-d186 @A: 27 21 23 19 | 01
#1234-d186 @A: 03 14 34 19 | 07
#1235-d186 @A: 23 35 08 19 | 05
#1236-d186 @A: 19 35 25 24 | 04
#1237-d186 @A: 19 33 27 16 | 06
#1238-d186 @A: 10 16 19 24 | 10
#1239-d186 @A: 02 33 25 30 | 03
#1240-d186 @A: 23 28 02 09 | 09
#1241-d186 @A: 26 28 31 02 | 11
#1242-d186 @A: 26 04 02 25 | 08
#1243-d186 @A: 14 17 21 24 | 02
#1244-d186 @A: 05 21 35 33 | 12
#1245-d186 @A: 10 25 09 21 | 01
#1246-d186 @A: 09 21 08 24 | 07
#1247-d186 @A: 30 26 21 08 | 05
#1248-d186 @A: 09 03 16 21 | 04
#1249-d186 @A: 28 04 21 25 | 06
#1250-d186 @A: 10 05 14 35 | 10
#1251-d186 @A: 10 04 14 23 | 03
#1252-d186 @A: 10 03 28 14 | 09
#1253-d186 @A: 16 14 30 23 | 11
#1254-d186 @A: 14 28 09 04 | 08
#1255-d186 @A: 23 10 20 31 | 02
#1256-d186 @A: 09 26 20 30 | 12
#1257-d186 @A: 24 33 35 27 | 01
#1258-d186 @A: 35 05 08 30 | 07
#1259-d186 @A: 12 35 17 24 | 05
#1260-d186 @A: 04 30 12 35 | 04
#1261-d186 @A: 27 25 10 33 | 06
#1262-d186 @A: 04 27 10 12 | 10
#1263-d186 @A: 27 12 25 31 | 03
#1264-d186 @A: 03 33 34 04 | 09
#1265-d186 @A: 24 07 28 34 | 11
#1266-d186 @A: 07 25 24 17 | 08
#1267-d186 @A: 11 06 13 25 | 02
#1268-d186 @A: 01 13 11 26 | 12
#1269-d186 @A: 06 29 23 13 | 01
#1270-d186 @A: 06 13 32 12 | 07
#1271-d186 @A: 08 27 06 13 | 05
#1272-d186 @A: 28 18 13 29 | 04
#1273-d186 @A: 25 19 13 29 | 06
#1274-d186 @A: 01 24 13 32 | 10
#1275-d186 @A: 14 13 01 07 | 03
#1276-d186 @A: 30 13 20 27 | 09
#1277-d186 @A: 07 27 09 13 | 11
#1278-d186 @A: 10 16 13 26 | 08
#1279-d186 @A: 13 07 04 05 | 02
#1280-d186 @A: 13 25 05 26 | 12
#1281-d186 @A: 12 26 13 28 | 01
#1282-d186 @A: 07 13 08 24 | 07
#1283-d186 @A: 08 13 09 28 | 05
#1284-d186 @A: 11 06 27 09 | 04
#1285-d186 @A: 07 11 06 17 | 06
#1286-d186 @A: 09 29 20 11 | 10
#1287-d186 @A: 07 34 32 11 | 03
#1288-d186 @A: 18 02 11 27 | 09
#1289-d186 @A: 11 21 07 15 | 11
#1290-d186 @A: 15 11 14 26 | 08
#1291-d186 @A: 22 35 11 03 | 02
#1292-d186 @A: 22 11 17 30 | 12
#1293-d186 @A: 22 25 11 26 | 01
#1294-d186 @A: 20 11 25 02 | 07
#1295-d186 @A: 11 33 09 02 | 05
#1296-d186 @A: 20 11 34 28 | 04
#1297-d186 @A: 10 28 11 25 | 06
#1298-d186 @A: 12 05 23 11 | 10
#1299-d186 @A: 23 11 30 25 | 03
#1300-d186 @A: 04 23 11 26 | 09
#1301-d186 @A: 26 11 08 05 | 11
#1302-d186 @A: 25 03 05 11 | 08
#1303-d186 @A: 06 28 21 29 | 02
#1304-d186 @A: 29 06 14 04 | 12
#1305-d186 @A: 06 01 21 09 | 01
#1306-d186 @A: 14 06 21 32 | 07
#1307-d186 @A: 24 27 06 32 | 05
#1308-d186 @A: 35 18 06 03 | 04
#1309-d186 @A: 15 06 21 27 | 06
#1310-d186 @A: 30 22 06 21 | 10
#1311-d186 @A: 27 02 05 06 | 03
#1312-d186 @A: 02 10 07 06 | 09
#1313-d186 @A: 14 20 26 06 | 11
#1314-d186 @A: 20 34 06 25 | 08
#1315-d186 @A: 31 06 28 20 | 02
#1316-d186 @A: 33 06 07 34 | 12
#1317-d186 @A: 06 34 26 05 | 01
#1318-d186 @A: 06 17 03 31 | 07
#1319-d186 @A: 17 06 30 09 | 05
#1320-d186 @A: 29 19 15 01 | 04
#1321-d186 @A: 12 29 21 07 | 06
#1322-d186 @A: 29 14 27 16 | 10
#1323-d186 @A: 29 33 10 14 | 03
#1324-d186 @A: 16 29 20 33 | 09
#1325-d186 @A: 17 29 27 24 | 11
#1326-d186 @A: 24 23 29 31 | 08
#1327-d186 @A: 29 25 05 08 | 02
#1328-d186 @A: 29 04 12 26 | 12
#1329-d186 @A: 20 03 01 15 | 01
#1330-d186 @A: 03 01 02 35 | 07
#1331-d186 @A: 35 08 09 01 | 05
#1332-d186 @A: 24 27 34 01 | 04
#1333-d186 @A: 31 05 26 01 | 06
#1334-d186 @A: 09 28 07 01 | 10
#1335-d186 @A: 01 16 04 28 | 03
#1336-d186 @A: 32 05 22 15 | 09
#1337-d186 @A: 19 15 32 09 | 11
#1338-d186 @A: 32 07 04 14 | 08
#1339-d186 @A: 12 31 08 32 | 02
#1340-d186 @A: 32 24 31 04 | 12
#1341-d186 @A: 09 03 17 32 | 01
#1342-d186 @A: 30 22 18 14 | 07
#1343-d186 @A: 21 18 17 19 | 05
#1344-d186 @A: 19 18 07 14 | 04
#1345-d186 @A: 24 02 30 18 | 06
#1346-d186 @A: 35 18 21 08 | 10
#1347-d186 @A: 24 27 18 21 | 03
#1348-d186 @A: 18 35 33 07 | 09
#1349-d186 @A: 27 30 33 18 | 11
#1350-d186 @A: 10 25 24 18 | 08
#1351-d186 @A: 28 16 18 23 | 02
#1352-d186 @A: 04 18 17 30 | 12
#1353-d186 @A: 28 15 02 35 | 01
#1354-d186 @A: 14 15 04 03 | 07
#1355-d186 @A: 26 33 15 07 | 05
#1356-d186 @A: 28 31 25 15 | 04
#1357-d186 @A: 05 35 19 22 | 06
#1358-d186 @A: 22 02 33 16 | 10
#1359-d186 @A: 02 26 22 17 | 03
#1360-d186 @A: 14 20 03 22 | 09
#1361-d186 @A: 22 27 24 03 | 11
#1362-d186 @A: 33 07 17 22 | 08
#1363-d186 @A: 17 22 31 10 | 02
#1364-d186 @A: 16 17 09 22 | 12
#1365-d186 @A: 02 27 19 08 | 01
#1366-d186 @A: 35 14 19 04 | 07
#1367-d186 @A: 31 14 19 33 | 05
#1368-d186 @A: 20 30 28 19 | 04
#1369-d186 @A: 03 24 19 23 | 06
#1370-d186 @A: 20 26 21 02 | 10
#1371-d186 @A: 08 05 02 14 | 03
#1372-d186 @A: 20 02 10 33 | 09
#1373-d186 @A: 35 02 31 27 | 11
#1374-d186 @A: 02 03 23 27 | 08
#1375-d186 @A: 34 09 30 02 | 02
#1376-d186 @A: 07 02 23 17 | 12
#1377-d186 @A: 16 09 08 02 | 01
#1378-d186 @A: 04 17 24 02 | 07
#1379-d186 @A: 25 02 07 26 | 05
#1380-d186 @A: 21 35 31 14 | 04
#1381-d186 @A: 16 27 34 21 | 06
#1382-d186 @A: 30 09 21 33 | 10
#1383-d186 @A: 25 21 07 04 | 03
#1384-d186 @A: 35 17 14 30 | 09
#1385-d186 @A: 12 25 14 10 | 11
#1386-d186 @A: 28 14 31 05 | 08
#1387-d186 @A: 24 28 12 14 | 02
#1388-d186 @A: 12 20 17 05 | 12
#1389-d186 @A: 08 10 35 26 | 01
#1390-d186 @A: 05 17 35 16 | 07
#1391-d186 @A: 30 08 07 35 | 05
#1392-d186 @A: 30 34 27 25 | 04
#1393-d186 @A: 17 27 10 09 | 06
#1394-d186 @A: 04 05 27 09 | 10
#1395-d186 @A: 04 03 27 25 | 03
#1396-d186 @A: 34 08 33 25 | 09
#1397-d186 @A: 04 08 10 34 | 11
#1398-d186 @A: 34 09 16 10 | 08
#1399-d186 @A: 34 08 31 23 | 02
#1400-d186 @A: 08 17 34 30 | 12
#1401-d186 @A: 34 24 28 04 | 01
#1402-d186 @A: 34 30 04 16 | 07
#1403-d186 @A: 03 30 33 05 | 05
#1404-d186 @A: 33 30 12 17 | 04
#1405-d186 @A: 12 33 07 25 | 06
#1406-d186 @A: 12 28 07 03 | 10
#1407-d186 @A: 06 04 13 33 | 03
#1408-d186 @A: 06 13 09 03 | 09
#1409-d186 @A: 07 13 06 16 | 11
#1410-d186 @A: 29 13 16 22 | 08
#1411-d186 @A: 13 35 03 29 | 02
#1412-d186 @A: 07 32 13 26 | 12
#1413-d186 @A: 13 04 34 18 | 01
#1414-d186 @A: 17 13 18 12 | 07
#1415-d186 @A: 19 26 13 34 | 05
#1416-d186 @A: 21 34 13 23 | 04
#1417-d186 @A: 25 35 13 20 | 06
#1418-d186 @A: 33 30 13 35 | 10
#1419-d186 @A: 09 26 13 27 | 03
#1420-d186 @A: 06 26 11 02 | 09
#1421-d186 @A: 05 01 20 11 | 11
#1422-d186 @A: 09 18 07 11 | 08
#1423-d186 @A: 11 24 15 22 | 02
#1424-d186 @A: 22 31 11 19 | 12
#1425-d186 @A: 24 07 11 22 | 01
#1426-d186 @A: 11 02 05 07 | 07
#1427-d186 @A: 33 11 34 21 | 05
#1428-d186 @A: 14 12 35 11 | 04
#1429-d186 @A: 11 27 08 35 | 06
#1430-d186 @A: 27 16 05 11 | 10
#1431-d186 @A: 30 11 04 10 | 03
#1432-d186 @A: 05 35 06 01 | 09
#1433-d186 @A: 33 12 06 01 | 11
#1434-d186 @A: 22 34 31 06 | 08
#1435-d186 @A: 09 06 19 04 | 02
#1436-d186 @A: 06 16 20 21 | 12
#1437-d186 @A: 35 23 06 21 | 01
#1438-d186 @A: 33 27 23 06 | 07
#1439-d186 @A: 12 10 09 06 | 05
#1440-d186 @A: 26 31 24 06 | 04
#1441-d186 @A: 29 09 26 01 | 06
#1442-d186 @A: 16 32 29 19 | 10
#1443-d186 @A: 08 29 19 18 | 03
#1444-d186 @A: 18 16 29 21 | 09
#1445-d186 @A: 03 14 18 29 | 11
#1446-d186 @A: 18 35 29 24 | 08
#1447-d186 @A: 15 09 34 29 | 02
#1448-d186 @A: 23 04 22 29 | 12
#1449-d186 @A: 29 31 19 34 | 01
#1450-d186 @A: 21 29 05 14 | 07
#1451-d186 @A: 21 29 35 25 | 05
#1452-d186 @A: 29 33 21 26 | 04
#1453-d186 @A: 29 34 26 27 | 06
#1454-d186 @A: 23 05 28 29 | 10
#1455-d186 @A: 29 24 30 05 | 03
#1456-d186 @A: 05 04 29 03 | 09
#1457-d186 @A: 17 03 29 12 | 11
#1458-d186 @A: 32 01 03 30 | 08
#1459-d186 @A: 24 07 01 18 | 02
#1460-d186 @A: 15 01 22 12 | 12
#1461-d186 @A: 01 34 15 04 | 01
#1462-d186 @A: 16 19 01 35 | 07
#1463-d186 @A: 02 01 14 26 | 05
#1464-d186 @A: 16 33 21 01 | 04
#1465-d186 @A: 25 01 31 10 | 06
#1466-d186 @A: 31 09 23 01 | 10
#1467-d186 @A: 26 01 30 28 | 03
#1468-d186 @A: 19 03 32 20 | 09
#1469-d186 @A: 02 32 24 33 | 11
#1470-d186 @A: 02 32 12 07 | 08
#1471-d186 @A: 20 14 31 32 | 02
#1472-d186 @A: 14 32 09 16 | 12
#1473-d186 @A: 32 07 35 03 | 01
#1474-d186 @A: 32 10 05 24 | 07
#1475-d186 @A: 32 17 04 10 | 05
#1476-d186 @A: 28 03 05 32 | 04
#1477-d186 @A: 15 26 35 18 | 06
#1478-d186 @A: 18 26 31 22 | 10
#1479-d186 @A: 18 20 02 23 | 03
#1480-d186 @A: 28 21 20 18 | 09
#1481-d186 @A: 26 05 24 18 | 11
#1482-d186 @A: 18 05 28 07 | 08
#1483-d186 @A: 26 34 15 02 | 02
#1484-d186 @A: 14 15 30 27 | 12
#1485-d186 @A: 34 15 20 16 | 01
#1486-d186 @A: 12 34 15 27 | 07
#1487-d186 @A: 31 05 15 17 | 05
#1488-d186 @A: 07 17 05 15 | 04
#1489-d186 @A: 30 15 12 09 | 06
#1490-d186 @A: 16 15 31 09 | 10
#1491-d186 @A: 07 16 24 15 | 03
#1492-d186 @A: 31 22 02 05 | 09
#1493-d186 @A: 04 02 22 12 | 11
#1494-d186 @A: 21 17 35 22 | 08
#1495-d186 @A: 22 14 08 07 | 02
#1496-d186 @A: 14 16 25 22 | 12
#1497-d186 @A: 09 08 22 10 | 01
#1498-d186 @A: 26 23 22 03 | 07
#1499-d186 @A: 22 28 17 03 | 05
#1500-d186 @A: 12 19 35 21 | 04
#1501-d186 @A: 19 17 35 20 | 06
#1502-d186 @A: 23 25 20 19 | 10
#1503-d186 @A: 35 19 34 28 | 03
#1504-d186 @A: 28 10 31 19 | 09
#1505-d186 @A: 03 19 26 10 | 11
#1506-d186 @A: 31 30 23 19 | 08
#1507-d186 @A: 23 09 19 17 | 02
#1508-d186 @A: 19 08 04 05 | 12
#1509-d186 @A: 19 28 24 05 | 01
#1510-d186 @A: 02 21 17 10 | 07
#1511-d186 @A: 14 02 33 12 | 05
#1512-d186 @A: 08 02 25 10 | 04
#1513-d186 @A: 08 12 02 17 | 06
#1514-d186 @A: 17 02 31 30 | 10
#1515-d186 @A: 02 16 31 25 | 03
#1516-d186 @A: 25 09 24 02 | 09
#1517-d186 @A: 04 30 02 03 | 11
#1518-d186 @A: 17 21 20 33 | 08
#1519-d186 @A: 21 07 23 31 | 02
#1520-d186 @A: 28 21 30 23 | 12
#1521-d186 @A: 12 31 21 28 | 01
#1522-d186 @A: 14 17 25 20 | 07
#1523-d186 @A: 12 14 34 07 | 05
#1524-d186 @A: 10 14 31 16 | 04
#1525-d186 @A: 12 16 14 04 | 06
#1526-d186 @A: 14 26 28 08 | 10
#1527-d186 @A: 14 04 08 25 | 03
#1528-d186 @A: 31 20 27 33 | 09
#1529-d186 @A: 20 26 31 12 | 11
#1530-d186 @A: 24 16 35 23 | 08
#1531-d186 @A: 12 35 08 28 | 02
#1532-d186 @A: 26 30 24 35 | 12
#1533-d186 @A: 17 23 16 27 | 01
#1534-d186 @A: 27 12 05 08 | 07
#1535-d186 @A: 09 27 12 16 | 05
#1536-d186 @A: 07 24 27 26 | 04
#1537-d186 @A: 10 24 12 34 | 06
#1538-d186 @A: 34 26 28 23 | 10
#1539-d186 @A: 24 34 05 09 | 03
#1540-d186 @A: 07 26 34 31 | 09
#1541-d186 @A: 28 33 07 23 | 11
#1542-d186 @A: 25 28 12 33 | 08
#1543-d186 @A: 12 07 09 10 | 02
#1544-d186 @A: 10 07 17 16 | 12
#1545-d186 @A: 07 31 04 09 | 01
#1546-d186 @A: 11 13 14 04 | 07
#1547-d186 @A: 23 13 07 11 | 05
#1548-d186 @A: 13 26 22 06 | 04
#1549-d186 @A: 20 13 17 06 | 06
#1550-d186 @A: 13 29 02 09 | 10
#1551-d186 @A: 13 29 12 21 | 03
#1552-d186 @A: 22 13 01 25 | 09
#1553-d186 @A: 23 22 13 14 | 11
#1554-d186 @A: 17 22 04 13 | 08
#1555-d186 @A: 24 20 14 13 | 02
#1556-d186 @A: 17 08 13 35 | 12
#1557-d186 @A: 10 25 13 34 | 01
#1558-d186 @A: 10 13 04 31 | 07
#1559-d186 @A: 13 23 08 04 | 05
#1560-d186 @A: 09 23 13 24 | 04
#1561-d186 @A: 03 30 13 23 | 06
#1562-d186 @A: 25 12 13 04 | 10
#1563-d186 @A: 31 28 17 13 | 03
#1564-d186 @A: 24 35 06 11 | 09
#1565-d186 @A: 21 29 11 31 | 11
#1566-d186 @A: 32 09 11 01 | 08
#1567-d186 @A: 01 25 11 07 | 02
#1568-d186 @A: 23 11 27 32 | 12
#1569-d186 @A: 05 11 18 14 | 01
#1570-d186 @A: 04 11 19 15 | 07
#1571-d186 @A: 15 08 33 11 | 05
#1572-d186 @A: 11 02 19 17 | 04
#1573-d186 @A: 11 08 02 04 | 06
#1574-d186 @A: 11 20 24 21 | 10
#1575-d186 @A: 28 14 11 16 | 03
#1576-d186 @A: 25 11 34 35 | 09
#1577-d186 @A: 17 11 10 05 | 11
#1578-d186 @A: 11 05 24 04 | 08
#1579-d186 @A: 11 17 24 03 | 02
#1580-d186 @A: 11 28 26 24 | 12
#1581-d186 @A: 06 29 17 32 | 01
#1582-d186 @A: 29 06 31 27 | 07
#1583-d186 @A: 19 32 06 08 | 05
#1584-d186 @A: 06 24 10 15 | 04
#1585-d186 @A: 22 35 06 28 | 06
#1586-d186 @A: 06 35 07 22 | 10
#1587-d186 @A: 20 06 19 05 | 03
#1588-d186 @A: 16 06 19 23 | 09
#1589-d186 @A: 30 20 06 02 | 11
#1590-d186 @A: 17 35 06 02 | 08
#1591-d186 @A: 31 06 10 08 | 02
#1592-d186 @A: 06 12 17 26 | 12
#1593-d186 @A: 08 28 06 03 | 01
#1594-d186 @A: 16 06 26 04 | 07
#1595-d186 @A: 29 01 32 08 | 05
#1596-d186 @A: 03 29 01 23 | 04
#1597-d186 @A: 09 29 32 33 | 06
#1598-d186 @A: 26 32 29 10 | 10
#1599-d186 @A: 04 18 33 29 | 03
#1600-d186 @A: 02 31 15 29 | 09
#1601-d186 @A: 10 15 08 29 | 11
#1602-d186 @A: 15 24 29 28 | 08
#1603-d186 @A: 26 19 28 29 | 02
#1604-d186 @A: 14 20 35 29 | 12
#1605-d186 @A: 09 24 14 29 | 01
#1606-d186 @A: 10 29 17 35 | 07
#1607-d186 @A: 29 25 10 04 | 05
#1608-d186 @A: 29 12 25 30 | 04
#1609-d186 @A: 28 16 08 29 | 06
#1610-d186 @A: 29 09 24 07 | 10
#1611-d186 @A: 04 16 29 24 | 03
#1612-d186 @A: 07 26 29 03 | 09
#1613-d186 @A: 35 32 01 21 | 11
#1614-d186 @A: 26 18 34 01 | 08
#1615-d186 @A: 02 01 22 24 | 02
#1616-d186 @A: 21 01 10 22 | 12
#1617-d186 @A: 01 22 05 23 | 01
#1618-d186 @A: 01 33 19 34 | 07
#1619-d186 @A: 04 14 20 01 | 05
#1620-d186 @A: 08 01 14 33 | 04
#1621-d186 @A: 01 20 28 24 | 06
#1622-d186 @A: 31 12 34 01 | 10
#1623-d186 @A: 01 10 12 30 | 03
#1624-d186 @A: 15 24 14 32 | 09
#1625-d186 @A: 32 33 15 31 | 11
#1626-d186 @A: 10 22 14 32 | 08
#1627-d186 @A: 16 32 22 07 | 02
#1628-d186 @A: 34 19 32 30 | 12
#1629-d186 @A: 20 32 28 35 | 01
#1630-d186 @A: 08 33 28 32 | 07
#1631-d186 @A: 08 32 05 17 | 05
#1632-d186 @A: 32 16 03 24 | 04
#1633-d186 @A: 28 32 17 30 | 06
#1634-d186 @A: 21 04 15 18 | 10
#1635-d186 @A: 18 19 22 09 | 03
#1636-d186 @A: 02 07 31 18 | 09
#1637-d186 @A: 18 20 33 25 | 11
#1638-d186 @A: 18 35 34 17 | 08
#1639-d186 @A: 23 17 03 18 | 02
#1640-d186 @A: 22 15 31 23 | 12
#1641-d186 @A: 31 15 20 24 | 01
#1642-d186 @A: 15 23 27 07 | 07
#1643-d186 @A: 26 15 04 31 | 05
#1644-d186 @A: 04 30 15 08 | 04
#1645-d186 @A: 15 07 03 04 | 06
#1646-d186 @A: 22 26 20 27 | 10
#1647-d186 @A: 26 09 05 22 | 03
#1648-d186 @A: 12 17 25 22 | 09
#1649-d186 @A: 25 19 21 02 | 11
#1650-d186 @A: 02 34 07 19 | 08
#1651-d186 @A: 27 04 24 19 | 02
#1652-d186 @A: 19 08 05 07 | 12
#1653-d186 @A: 16 19 28 09 | 01
#1654-d186 @A: 34 05 21 02 | 07
#1655-d186 @A: 14 20 16 02 | 05
#1656-d186 @A: 35 02 12 20 | 04
#1657-d186 @A: 03 08 02 20 | 06
#1658-d186 @A: 33 02 26 27 | 10
#1659-d186 @A: 12 10 02 31 | 03
#1660-d186 @A: 02 26 05 30 | 09
#1661-d186 @A: 24 03 02 31 | 11
#1662-d186 @A: 27 12 21 33 | 08
#1663-d186 @A: 21 05 12 09 | 02
#1664-d186 @A: 26 21 28 05 | 12
#1665-d186 @A: 03 21 24 28 | 01
#1666-d186 @A: 28 16 21 17 | 07
#1667-d186 @A: 26 14 05 16 | 05
#1668-d186 @A: 25 14 24 03 | 04
#1669-d186 @A: 25 14 26 30 | 06
#1670-d186 @A: 26 16 20 35 | 10
#1671-d186 @A: 20 27 17 28 | 03
#1672-d186 @A: 20 25 12 24 | 09
#1673-d186 @A: 20 09 08 31 | 11
#1674-d186 @A: 28 07 20 16 | 08
#1675-d186 @A: 20 30 25 04 | 02
#1676-d186 @A: 35 10 04 07 | 12
#1677-d186 @A: 12 09 25 35 | 01
#1678-d186 @A: 28 26 25 35 | 07
#1679-d186 @A: 07 34 08 27 | 05
#1680-d186 @A: 03 16 27 10 | 04
#1681-d186 @A: 04 27 23 31 | 06
#1682-d186 @A: 08 03 27 26 | 10
#1683-d186 @A: 34 33 12 05 | 03
#1684-d186 @A: 28 05 34 30 | 09
#1685-d186 @A: 26 31 34 30 | 11
#1686-d186 @A: 07 34 16 04 | 08
#1687-d186 @A: 28 23 17 33 | 02
#1688-d186 @A: 33 24 09 03 | 12
#1689-d186 @A: 26 24 33 25 | 01
