#0001-d218 @A: 30 28 33 23 | 08
#0002-d218 @A: 31 33 23 06 | 05
#0003-d218 @A: 23 10 24 34 | 01
#0004-d218 @A: 16 34 23 24 | 10
#0005-d218 @A: 27 29 23 19 | 04
#0006-d218 @A: 23 15 04 17 | 06
#0007-d218 @A: 31 22 07 23 | 03
#0008-d218 @A: 34 23 20 14 | 09
#0009-d218 @A: 01 23 15 35 | 02
#0010-d218 @A: 23 08 21 14 | 12
#0011-d218 @A: 35 22 08 23 | 07
#0012-d218 @A: 05 29 33 23 | 11
#0013-d218 @A: 11 25 26 23 | 08
#0014-d218 @A: 06 28 34 01 | 05
#0015-d218 @A: 28 10 06 05 | 01
#0016-d218 @A: 28 30 24 09 | 10
#0017-d218 @A: 28 24 12 17 | 04
#0018-d218 @A: 28 33 20 24 | 06
#0019-d218 @A: 28 01 14 26 | 03
#0020-d218 @A: 03 05 01 28 | 09
#0021-d218 @A: 35 28 08 14 | 02
#0022-d218 @A: 04 21 10 28 | 12
#0023-d218 @A: 15 14 11 28 | 07
#0024-d218 @A: 11 22 16 28 | 11
#0025-d218 @A: 32 28 26 05 | 08
#0026-d218 @A: 07 06 30 02 | 05
#0027-d218 @A: 12 06 24 33 | 01
#0028-d218 @A: 24 31 35 06 | 10
#0029-d218 @A: 19 06 05 01 | 04
#0030-d218 @A: 03 01 17 06 | 06
#0031-d218 @A: 07 29 11 06 | 03
#0032-d218 @A: 31 06 03 08 | 09
#0033-d218 @A: 12 15 08 06 | 02
#0034-d218 @A: 04 06 10 34 | 12
#0035-d218 @A: 04 13 06 11 | 07
#0036-d218 @A: 35 06 10 30 | 11
#0037-d218 @A: 34 35 06 33 | 08
#0038-d218 @A: 03 06 33 05 | 05
#0039-d218 @A: 03 16 06 11 | 01
#0040-d218 @A: 02 11 09 12 | 10
#0041-d218 @A: 01 12 19 02 | 04
#0042-d218 @A: 19 02 03 35 | 06
#0043-d218 @A: 30 14 02 17 | 03
#0044-d218 @A: 30 02 20 08 | 09
#0045-d218 @A: 10 02 03 01 | 02
#0046-d218 @A: 33 02 10 04 | 12
#0047-d218 @A: 22 11 02 35 | 07
#0048-d218 @A: 31 22 27 02 | 11
#0049-d218 @A: 32 02 31 15 | 08
#0050-d218 @A: 05 18 12 02 | 05
#0051-d218 @A: 02 18 26 32 | 01
#0052-d218 @A: 02 05 26 27 | 10
#0053-d218 @A: 30 32 02 13 | 04
#0054-d218 @A: 25 02 30 12 | 06
#0055-d218 @A: 09 31 11 24 | 03
#0056-d218 @A: 09 19 22 13 | 09
#0057-d218 @A: 09 01 30 20 | 02
#0058-d218 @A: 20 09 15 29 | 12
#0059-d218 @A: 01 18 35 09 | 07
#0060-d218 @A: 05 18 09 08 | 11
#0061-d218 @A: 09 33 32 14 | 08
#0062-d218 @A: 09 03 15 35 | 05
#0063-d218 @A: 22 27 30 09 | 01
#0064-d218 @A: 22 09 34 32 | 10
#0065-d218 @A: 19 08 01 24 | 04
#0066-d218 @A: 10 35 32 24 | 06
#0067-d218 @A: 31 16 24 22 | 03
#0068-d218 @A: 30 24 13 29 | 09
#0069-d218 @A: 24 16 29 30 | 02
#0070-d218 @A: 01 19 29 17 | 12
#0071-d218 @A: 07 14 18 19 | 07
#0072-d218 @A: 27 13 19 07 | 11
#0073-d218 @A: 29 08 20 19 | 08
#0074-d218 @A: 12 19 10 16 | 05
#0075-d218 @A: 19 35 16 33 | 01
#0076-d218 @A: 21 19 03 18 | 10
#0077-d218 @A: 21 13 29 19 | 04
#0078-d218 @A: 32 19 18 27 | 06
#0079-d218 @A: 19 25 05 13 | 03
#0080-d218 @A: 32 25 34 19 | 09
#0081-d218 @A: 04 29 17 07 | 02
#0082-d218 @A: 17 18 10 08 | 12
#0083-d218 @A: 04 03 17 13 | 07
#0084-d218 @A: 29 33 11 17 | 11
#0085-d218 @A: 33 17 22 16 | 08
#0086-d218 @A: 17 27 21 05 | 05
#0087-d218 @A: 03 17 34 15 | 01
#0088-d218 @A: 17 12 05 16 | 10
#0089-d218 @A: 01 15 07 18 | 04
#0090-d218 @A: 16 04 05 07 | 06
#0091-d218 @A: 14 11 07 31 | 03
#0092-d218 @A: 05 14 07 22 | 09
#0093-d218 @A: 18 07 30 34 | 02
#0094-d218 @A: 07 15 30 27 | 12
#0095-d218 @A: 05 01 11 20 | 07
#0096-d218 @A: 20 14 25 01 | 11
#0097-d218 @A: 20 33 35 30 | 08
#0098-d218 @A: 33 20 21 05 | 05
#0099-d218 @A: 20 11 26 03 | 01
#0100-d218 @A: 29 18 20 14 | 10
#0101-d218 @A: 26 20 05 34 | 04
#0102-d218 @A: 34 29 03 20 | 06
#0103-d218 @A: 29 08 01 31 | 03
#0104-d218 @A: 21 08 26 31 | 09
#0105-d218 @A: 16 21 08 15 | 02
#0106-d218 @A: 05 16 22 08 | 12
#0107-d218 @A: 13 08 22 26 | 07
#0108-d218 @A: 29 12 34 08 | 11
#0109-d218 @A: 16 03 08 12 | 08
#0110-d218 @A: 04 03 25 27 | 05
#0111-d218 @A: 15 10 18 32 | 01
#0112-d218 @A: 16 21 12 33 | 10
#0113-d218 @A: 15 33 34 29 | 04
#0114-d218 @A: 12 15 33 32 | 06
#0115-d218 @A: 14 05 11 16 | 03
#0116-d218 @A: 13 25 11 31 | 09
#0117-d218 @A: 32 21 11 18 | 02
#0118-d218 @A: 15 11 05 29 | 12
#0119-d218 @A: 34 12 25 11 | 07
#0120-d218 @A: 35 14 27 18 | 11
#0121-d218 @A: 15 34 32 14 | 08
#0122-d218 @A: 14 05 29 32 | 05
#0123-d218 @A: 30 14 29 12 | 01
#0124-d218 @A: 30 25 35 18 | 10
#0125-d218 @A: 12 35 34 26 | 04
#0126-d218 @A: 29 31 16 25 | 06
#0127-d218 @A: 34 21 32 16 | 03
#0128-d218 @A: 22 16 34 29 | 09
#0129-d218 @A: 06 12 28 23 | 02
#0130-d218 @A: 23 10 15 28 | 12
#0131-d218 @A: 21 28 16 23 | 07
#0132-d218 @A: 02 24 15 23 | 11
#0133-d218 @A: 16 23 09 04 | 08
#0134-d218 @A: 10 23 09 27 | 05
#0135-d218 @A: 09 13 23 05 | 01
#0136-d218 @A: 14 23 24 22 | 10
#0137-d218 @A: 35 23 27 17 | 04
#0138-d218 @A: 29 23 11 20 | 06
#0139-d218 @A: 23 12 01 11 | 03
#0140-d218 @A: 25 23 29 01 | 09
#0141-d218 @A: 23 05 08 25 | 02
#0142-d218 @A: 11 23 32 10 | 12
#0143-d218 @A: 16 23 03 18 | 07
#0144-d218 @A: 09 21 28 06 | 11
#0145-d218 @A: 06 26 33 28 | 08
#0146-d218 @A: 28 02 09 25 | 05
#0147-d218 @A: 16 02 28 05 | 01
#0148-d218 @A: 01 09 15 28 | 10
#0149-d218 @A: 07 05 28 04 | 04
#0150-d218 @A: 07 22 28 11 | 06
#0151-d218 @A: 34 07 12 28 | 03
#0152-d218 @A: 27 22 01 28 | 09
#0153-d218 @A: 16 35 28 03 | 02
#0154-d218 @A: 27 28 25 31 | 12
#0155-d218 @A: 28 12 30 05 | 07
#0156-d218 @A: 02 06 25 01 | 11
#0157-d218 @A: 22 06 08 02 | 08
#0158-d218 @A: 05 06 24 20 | 05
#0159-d218 @A: 11 24 26 06 | 01
#0160-d218 @A: 25 14 24 06 | 10
#0161-d218 @A: 06 15 24 32 | 04
#0162-d218 @A: 19 13 33 06 | 06
#0163-d218 @A: 07 22 06 33 | 03
#0164-d218 @A: 18 06 10 20 | 09
#0165-d218 @A: 15 06 21 01 | 02
#0166-d218 @A: 32 04 31 06 | 12
#0167-d218 @A: 14 06 33 27 | 07
#0168-d218 @A: 22 11 25 06 | 11
#0169-d218 @A: 21 06 03 26 | 08
#0170-d218 @A: 12 06 32 18 | 05
#0171-d218 @A: 27 06 29 34 | 01
#0172-d218 @A: 30 06 34 22 | 10
#0173-d218 @A: 02 21 11 19 | 04
#0174-d218 @A: 34 10 17 02 | 06
#0175-d218 @A: 33 02 25 17 | 03
#0176-d218 @A: 02 07 01 04 | 09
#0177-d218 @A: 07 34 02 26 | 02
#0178-d218 @A: 04 02 29 20 | 12
#0179-d218 @A: 34 02 22 20 | 07
#0180-d218 @A: 12 02 13 10 | 11
#0181-d218 @A: 22 03 33 02 | 08
#0182-d218 @A: 02 31 18 30 | 05
#0183-d218 @A: 26 16 30 02 | 01
#0184-d218 @A: 26 25 02 03 | 10
#0185-d218 @A: 16 25 02 32 | 04
#0186-d218 @A: 09 17 18 30 | 06
#0187-d218 @A: 35 08 25 09 | 03
#0188-d218 @A: 18 22 09 11 | 09
#0189-d218 @A: 29 09 30 26 | 02
#0190-d218 @A: 22 16 30 09 | 12
#0191-d218 @A: 20 30 17 24 | 07
#0192-d218 @A: 32 08 24 17 | 11
#0193-d218 @A: 25 11 17 24 | 08
#0194-d218 @A: 20 07 29 24 | 05
#0195-d218 @A: 01 24 07 11 | 01
#0196-d218 @A: 10 24 07 30 | 10
#0197-d218 @A: 24 12 04 20 | 04
#0198-d218 @A: 10 12 24 08 | 06
#0199-d218 @A: 24 11 34 04 | 03
#0200-d218 @A: 24 35 21 04 | 09
#0201-d218 @A: 33 16 13 24 | 02
#0202-d218 @A: 26 05 14 24 | 12
#0203-d218 @A: 03 29 24 31 | 07
#0204-d218 @A: 21 26 32 24 | 11
#0205-d218 @A: 29 18 24 05 | 08
#0206-d218 @A: 29 22 24 32 | 05
#0207-d218 @A: 10 17 19 32 | 01
#0208-d218 @A: 12 14 20 19 | 10
#0209-d218 @A: 19 01 18 25 | 04
#0210-d218 @A: 08 19 21 35 | 06
#0211-d218 @A: 33 19 29 14 | 03
#0212-d218 @A: 14 05 11 19 | 09
#0213-d218 @A: 05 16 27 19 | 02
#0214-d218 @A: 26 29 19 15 | 12
#0215-d218 @A: 07 13 08 17 | 07
#0216-d218 @A: 20 04 10 17 | 11
#0217-d218 @A: 17 15 20 11 | 08
#0218-d218 @A: 20 27 26 17 | 05
#0219-d218 @A: 17 27 01 08 | 01
#0220-d218 @A: 11 17 01 31 | 10
#0221-d218 @A: 14 17 33 26 | 04
#0222-d218 @A: 17 33 31 35 | 06
#0223-d218 @A: 15 12 22 17 | 03
#0224-d218 @A: 04 14 07 26 | 09
#0225-d218 @A: 10 32 27 07 | 02
#0226-d218 @A: 30 35 07 22 | 12
#0227-d218 @A: 26 21 07 22 | 07
#0228-d218 @A: 05 07 34 03 | 11
#0229-d218 @A: 22 07 29 13 | 08
#0230-d218 @A: 04 08 20 22 | 05
#0231-d218 @A: 20 08 11 21 | 01
#0232-d218 @A: 22 03 21 20 | 10
#0233-d218 @A: 18 27 34 20 | 04
#0234-d218 @A: 25 18 20 12 | 06
#0235-d218 @A: 20 30 15 26 | 03
#0236-d218 @A: 26 29 32 20 | 09
#0237-d218 @A: 20 30 22 25 | 02
#0238-d218 @A: 10 01 08 34 | 12
#0239-d218 @A: 26 01 04 16 | 07
#0240-d218 @A: 33 27 10 01 | 11
#0241-d218 @A: 35 05 33 01 | 08
#0242-d218 @A: 11 03 22 01 | 05
#0243-d218 @A: 26 15 13 01 | 01
#0244-d218 @A: 01 32 03 13 | 10
#0245-d218 @A: 08 05 04 11 | 04
#0246-d218 @A: 29 26 08 04 | 06
#0247-d218 @A: 08 33 11 22 | 03
#0248-d218 @A: 14 08 33 31 | 09
#0249-d218 @A: 31 08 12 16 | 02
#0250-d218 @A: 13 08 27 32 | 12
#0251-d218 @A: 15 03 32 08 | 07
#0252-d218 @A: 25 08 13 30 | 11
#0253-d218 @A: 32 33 04 29 | 08
#0254-d218 @A: 04 14 27 16 | 05
#0255-d218 @A: 27 26 22 04 | 01
#0256-d218 @A: 04 13 34 15 | 10
#0257-d218 @A: 12 03 05 04 | 04
#0258-d218 @A: 12 04 34 32 | 06
#0259-d218 @A: 35 10 14 33 | 03
#0260-d218 @A: 10 16 26 33 | 09
#0261-d218 @A: 26 03 10 31 | 02
#0262-d218 @A: 10 16 21 05 | 12
#0263-d218 @A: 25 29 10 15 | 07
#0264-d218 @A: 05 34 33 31 | 11
#0265-d218 @A: 25 21 26 33 | 08
#0266-d218 @A: 03 11 31 27 | 05
#0267-d218 @A: 21 31 14 16 | 01
#0268-d218 @A: 31 32 14 13 | 10
#0269-d218 @A: 22 16 26 14 | 04
#0270-d218 @A: 35 31 32 34 | 06
#0271-d218 @A: 12 35 21 18 | 03
#0272-d218 @A: 21 35 34 27 | 09
#0273-d218 @A: 32 13 35 18 | 02
#0274-d218 @A: 03 26 27 35 | 12
#0275-d218 @A: 27 22 35 12 | 07
#0276-d218 @A: 32 25 05 35 | 11
#0277-d218 @A: 35 30 12 03 | 08
#0278-d218 @A: 27 28 05 23 | 05
#0279-d218 @A: 16 06 23 25 | 01
#0280-d218 @A: 23 03 09 20 | 10
#0281-d218 @A: 23 24 18 30 | 04
#0282-d218 @A: 19 12 23 04 | 06
#0283-d218 @A: 07 23 16 13 | 03
#0284-d218 @A: 33 01 23 20 | 09
#0285-d218 @A: 34 33 23 08 | 02
#0286-d218 @A: 23 05 14 04 | 12
#0287-d218 @A: 14 33 15 23 | 07
#0288-d218 @A: 21 31 23 35 | 11
#0289-d218 @A: 29 23 31 13 | 08
#0290-d218 @A: 25 34 23 31 | 05
#0291-d218 @A: 15 34 23 21 | 01
#0292-d218 @A: 23 03 05 21 | 10
#0293-d218 @A: 13 32 23 21 | 04
#0294-d218 @A: 28 32 02 19 | 06
#0295-d218 @A: 09 28 19 05 | 03
#0296-d218 @A: 03 09 28 07 | 09
#0297-d218 @A: 28 12 09 04 | 02
#0298-d218 @A: 32 01 28 24 | 12
#0299-d218 @A: 18 04 19 28 | 07
#0300-d218 @A: 19 14 28 27 | 11
#0301-d218 @A: 17 25 28 01 | 08
#0302-d218 @A: 28 10 29 17 | 05
#0303-d218 @A: 28 08 21 30 | 01
#0304-d218 @A: 22 33 18 28 | 10
#0305-d218 @A: 28 11 27 13 | 04
#0306-d218 @A: 27 28 34 32 | 06
#0307-d218 @A: 16 32 15 28 | 03
#0308-d218 @A: 12 25 26 28 | 09
#0309-d218 @A: 29 06 02 24 | 02
#0310-d218 @A: 06 33 09 18 | 12
#0311-d218 @A: 09 26 06 13 | 07
#0312-d218 @A: 21 10 24 06 | 11
#0313-d218 @A: 21 19 06 07 | 08
#0314-d218 @A: 20 22 06 19 | 05
#0315-d218 @A: 30 17 12 06 | 01
#0316-d218 @A: 07 03 10 06 | 10
#0317-d218 @A: 20 30 03 06 | 04
#0318-d218 @A: 31 06 16 01 | 06
#0319-d218 @A: 10 06 25 08 | 03
#0320-d218 @A: 06 14 13 08 | 09
#0321-d218 @A: 22 06 04 12 | 02
#0322-d218 @A: 33 30 06 15 | 12
#0323-d218 @A: 16 14 35 06 | 07
#0324-d218 @A: 18 06 35 29 | 11
#0325-d218 @A: 29 31 21 06 | 08
#0326-d218 @A: 34 12 31 06 | 05
#0327-d218 @A: 06 05 18 26 | 01
#0328-d218 @A: 25 06 13 18 | 10
#0329-d218 @A: 24 03 17 02 | 04
#0330-d218 @A: 02 13 24 14 | 06
#0331-d218 @A: 35 24 30 02 | 03
#0332-d218 @A: 10 15 19 02 | 09
#0333-d218 @A: 05 31 02 17 | 02
#0334-d218 @A: 17 02 21 12 | 12
#0335-d218 @A: 02 13 11 20 | 07
#0336-d218 @A: 21 01 14 02 | 11
#0337-d218 @A: 18 08 04 02 | 08
#0338-d218 @A: 25 10 35 02 | 05
#0339-d218 @A: 02 14 33 05 | 01
#0340-d218 @A: 32 02 21 34 | 10
#0341-d218 @A: 18 25 15 02 | 04
#0342-d218 @A: 15 22 02 30 | 06
#0343-d218 @A: 03 05 02 30 | 03
#0344-d218 @A: 24 15 09 07 | 09
#0345-d218 @A: 08 09 33 24 | 02
#0346-d218 @A: 09 14 07 25 | 12
#0347-d218 @A: 09 20 10 16 | 07
#0348-d218 @A: 01 09 25 11 | 11
#0349-d218 @A: 32 09 16 01 | 08
#0350-d218 @A: 09 26 08 34 | 05
#0351-d218 @A: 11 03 09 33 | 01
#0352-d218 @A: 35 09 11 13 | 10
#0353-d218 @A: 18 26 09 12 | 04
#0354-d218 @A: 34 09 25 29 | 06
#0355-d218 @A: 24 17 13 01 | 03
#0356-d218 @A: 24 17 26 04 | 09
#0357-d218 @A: 24 07 21 25 | 02
#0358-d218 @A: 15 24 25 08 | 12
#0359-d218 @A: 04 24 30 25 | 07
#0360-d218 @A: 27 24 11 29 | 11
#0361-d218 @A: 24 22 05 35 | 08
#0362-d218 @A: 12 32 31 24 | 05
#0363-d218 @A: 22 24 21 15 | 01
#0364-d218 @A: 24 21 30 12 | 10
#0365-d218 @A: 13 22 18 24 | 04
#0366-d218 @A: 32 25 24 18 | 06
#0367-d218 @A: 24 12 15 29 | 03
#0368-d218 @A: 25 24 13 26 | 09
#0369-d218 @A: 17 34 33 19 | 02
#0370-d218 @A: 29 35 07 19 | 12
#0371-d218 @A: 19 01 32 26 | 07
#0372-d218 @A: 11 19 08 26 | 11
#0373-d218 @A: 19 08 18 31 | 08
#0374-d218 @A: 19 04 03 11 | 05
#0375-d218 @A: 35 19 04 30 | 01
#0376-d218 @A: 14 13 19 10 | 10
#0377-d218 @A: 31 05 19 27 | 04
#0378-d218 @A: 19 22 16 18 | 06
#0379-d218 @A: 22 12 19 05 | 03
#0380-d218 @A: 13 25 16 19 | 09
#0381-d218 @A: 32 07 17 33 | 02
#0382-d218 @A: 17 12 07 14 | 12
#0383-d218 @A: 17 16 20 30 | 07
#0384-d218 @A: 17 21 04 22 | 11
#0385-d218 @A: 13 18 34 17 | 08
#0386-d218 @A: 05 26 25 17 | 05
#0387-d218 @A: 30 17 05 29 | 01
#0388-d218 @A: 25 17 26 16 | 10
#0389-d218 @A: 07 04 35 18 | 04
#0390-d218 @A: 10 29 07 14 | 06
#0391-d218 @A: 21 14 07 33 | 03
#0392-d218 @A: 07 31 25 18 | 09
#0393-d218 @A: 16 21 07 18 | 02
#0394-d218 @A: 01 32 20 04 | 12
#0395-d218 @A: 04 14 13 20 | 07
#0396-d218 @A: 20 34 11 33 | 11
#0397-d218 @A: 35 16 25 20 | 08
#0398-d218 @A: 12 29 20 31 | 05
#0399-d218 @A: 29 21 30 20 | 01
#0400-d218 @A: 22 05 29 20 | 10
#0401-d218 @A: 01 30 04 11 | 04
#0402-d218 @A: 21 33 01 18 | 06
#0403-d218 @A: 22 01 12 18 | 03
#0404-d218 @A: 05 25 01 30 | 09
#0405-d218 @A: 03 01 12 34 | 02
#0406-d218 @A: 08 04 12 35 | 12
#0407-d218 @A: 10 30 08 16 | 07
#0408-d218 @A: 18 16 08 14 | 11
#0409-d218 @A: 32 34 08 05 | 08
#0410-d218 @A: 22 29 25 08 | 05
#0411-d218 @A: 04 29 10 12 | 01
#0412-d218 @A: 04 14 22 11 | 10
#0413-d218 @A: 04 12 26 13 | 04
#0414-d218 @A: 14 34 10 03 | 06
#0415-d218 @A: 10 34 18 35 | 03
#0416-d218 @A: 10 18 31 12 | 09
#0417-d218 @A: 34 22 31 10 | 02
#0418-d218 @A: 26 10 34 21 | 12
#0419-d218 @A: 10 13 22 21 | 07
#0420-d218 @A: 34 10 05 12 | 11
#0421-d218 @A: 31 33 27 21 | 08
#0422-d218 @A: 31 03 33 30 | 05
#0423-d218 @A: 18 33 13 30 | 01
#0424-d218 @A: 33 29 18 25 | 10
#0425-d218 @A: 32 16 33 05 | 04
#0426-d218 @A: 11 32 12 14 | 06
#0427-d218 @A: 22 11 31 21 | 03
#0428-d218 @A: 05 26 11 22 | 09
#0429-d218 @A: 32 26 30 11 | 02
#0430-d218 @A: 34 11 32 03 | 12
#0431-d218 @A: 14 35 03 13 | 07
#0432-d218 @A: 35 14 25 34 | 11
#0433-d218 @A: 27 21 32 14 | 08
#0434-d218 @A: 25 14 32 03 | 05
#0435-d218 @A: 03 25 31 35 | 01
#0436-d218 @A: 32 29 27 35 | 10
#0437-d218 @A: 05 35 03 29 | 04
#0438-d218 @A: 04 03 23 28 | 06
#0439-d218 @A: 02 06 21 23 | 03
#0440-d218 @A: 23 02 07 25 | 09
#0441-d218 @A: 29 08 09 23 | 02
#0442-d218 @A: 24 20 21 23 | 12
#0443-d218 @A: 01 23 24 05 | 07
#0444-d218 @A: 23 19 13 18 | 11
#0445-d218 @A: 23 33 03 17 | 08
#0446-d218 @A: 32 14 17 23 | 05
#0447-d218 @A: 23 16 17 15 | 01
#0448-d218 @A: 05 34 23 17 | 10
#0449-d218 @A: 05 07 20 23 | 04
#0450-d218 @A: 04 20 18 23 | 06
#0451-d218 @A: 31 26 23 05 | 03
#0452-d218 @A: 05 15 23 18 | 09
#0453-d218 @A: 34 27 22 23 | 02
#0454-d218 @A: 30 23 05 22 | 12
#0455-d218 @A: 26 12 23 29 | 07
#0456-d218 @A: 28 02 34 33 | 11
#0457-d218 @A: 24 05 08 28 | 08
#0458-d218 @A: 27 24 28 03 | 05
#0459-d218 @A: 17 19 28 30 | 01
#0460-d218 @A: 08 16 28 17 | 10
#0461-d218 @A: 35 28 07 31 | 04
#0462-d218 @A: 28 29 01 20 | 06
#0463-d218 @A: 10 11 20 28 | 03
#0464-d218 @A: 01 13 28 04 | 09
#0465-d218 @A: 04 28 14 29 | 02
#0466-d218 @A: 28 04 32 35 | 12
#0467-d218 @A: 28 05 11 33 | 07
#0468-d218 @A: 11 28 03 35 | 11
#0469-d218 @A: 15 34 28 31 | 08
#0470-d218 @A: 28 30 18 15 | 05
#0471-d218 @A: 18 28 13 12 | 01
#0472-d218 @A: 15 25 28 05 | 10
#0473-d218 @A: 09 29 06 14 | 04
#0474-d218 @A: 06 17 24 16 | 06
#0475-d218 @A: 24 04 08 06 | 03
#0476-d218 @A: 06 10 19 26 | 09
#0477-d218 @A: 06 08 17 11 | 02
#0478-d218 @A: 22 17 06 35 | 12
#0479-d218 @A: 11 06 18 01 | 07
#0480-d218 @A: 06 05 30 04 | 11
#0481-d218 @A: 22 21 27 06 | 08
#0482-d218 @A: 06 12 21 13 | 05
#0483-d218 @A: 25 27 06 15 | 01
#0484-d218 @A: 09 31 02 01 | 10
#0485-d218 @A: 34 30 02 09 | 04
#0486-d218 @A: 19 02 05 20 | 06
#0487-d218 @A: 32 07 14 02 | 03
#0488-d218 @A: 32 02 10 08 | 09
#0489-d218 @A: 08 26 02 14 | 02
#0490-d218 @A: 02 18 14 10 | 12
#0491-d218 @A: 31 02 12 03 | 07
#0492-d218 @A: 22 12 02 29 | 11
#0493-d218 @A: 17 09 22 24 | 08
#0494-d218 @A: 09 20 24 18 | 05
#0495-d218 @A: 32 09 24 13 | 01
#0496-d218 @A: 09 10 07 19 | 10
#0497-d218 @A: 32 01 09 17 | 04
#0498-d218 @A: 10 17 09 13 | 06
#0499-d218 @A: 33 20 09 25 | 03
#0500-d218 @A: 10 04 03 09 | 09
#0501-d218 @A: 09 11 04 21 | 02
#0502-d218 @A: 14 30 04 09 | 12
#0503-d218 @A: 31 10 09 14 | 07
#0504-d218 @A: 35 09 33 12 | 11
#0505-d218 @A: 35 16 15 09 | 08
#0506-d218 @A: 18 09 31 03 | 05
#0507-d218 @A: 21 29 32 09 | 01
#0508-d218 @A: 16 05 25 09 | 10
#0509-d218 @A: 16 03 09 29 | 04
#0510-d218 @A: 33 32 19 24 | 06
#0511-d218 @A: 17 24 18 07 | 03
#0512-d218 @A: 22 08 07 24 | 09
#0513-d218 @A: 31 07 04 24 | 02
#0514-d218 @A: 24 07 25 16 | 12
#0515-d218 @A: 24 20 14 32 | 07
#0516-d218 @A: 14 29 24 08 | 11
#0517-d218 @A: 18 03 08 24 | 08
#0518-d218 @A: 35 14 24 11 | 05
#0519-d218 @A: 30 27 26 24 | 01
#0520-d218 @A: 24 26 03 15 | 10
#0521-d218 @A: 17 14 22 19 | 04
#0522-d218 @A: 19 07 30 20 | 06
#0523-d218 @A: 25 07 03 19 | 03
#0524-d218 @A: 19 27 20 35 | 09
#0525-d218 @A: 19 22 33 35 | 02
#0526-d218 @A: 18 22 29 19 | 12
#0527-d218 @A: 15 05 19 03 | 07
#0528-d218 @A: 29 34 19 05 | 11
#0529-d218 @A: 22 26 30 19 | 08
#0530-d218 @A: 19 03 34 16 | 05
#0531-d218 @A: 07 17 21 15 | 01
#0532-d218 @A: 08 25 04 17 | 10
#0533-d218 @A: 17 08 34 31 | 04
#0534-d218 @A: 17 11 35 30 | 06
#0535-d218 @A: 17 21 13 31 | 03
#0536-d218 @A: 22 03 17 31 | 09
#0537-d218 @A: 17 13 03 16 | 02
#0538-d218 @A: 17 32 22 25 | 12
#0539-d218 @A: 32 17 12 29 | 07
#0540-d218 @A: 14 08 34 07 | 11
#0541-d218 @A: 16 07 14 10 | 08
#0542-d218 @A: 12 26 07 05 | 05
#0543-d218 @A: 20 34 01 21 | 01
#0544-d218 @A: 10 15 20 08 | 10
#0545-d218 @A: 21 12 10 20 | 04
#0546-d218 @A: 33 31 20 32 | 06
#0547-d218 @A: 16 11 13 20 | 03
#0548-d218 @A: 18 20 16 05 | 09
#0549-d218 @A: 08 03 35 01 | 02
#0550-d218 @A: 04 01 26 33 | 12
#0551-d218 @A: 14 15 10 01 | 07
#0552-d218 @A: 01 27 18 26 | 11
#0553-d218 @A: 27 01 30 13 | 08
#0554-d218 @A: 01 34 12 16 | 05
#0555-d218 @A: 10 13 08 33 | 01
#0556-d218 @A: 14 11 25 08 | 10
#0557-d218 @A: 35 30 32 08 | 04
#0558-d218 @A: 27 29 21 08 | 06
#0559-d218 @A: 08 32 13 16 | 03
#0560-d218 @A: 30 04 21 13 | 09
#0561-d218 @A: 18 15 04 22 | 02
#0562-d218 @A: 05 31 25 10 | 12
#0563-d218 @A: 31 29 32 10 | 07
#0564-d218 @A: 03 30 29 10 | 11
#0565-d218 @A: 33 32 30 25 | 08
#0566-d218 @A: 18 31 34 11 | 05
#0567-d218 @A: 31 11 30 29 | 01
#0568-d218 @A: 12 27 11 15 | 10
#0569-d218 @A: 11 27 26 34 | 04
#0570-d218 @A: 25 11 30 27 | 06
#0571-d218 @A: 34 26 11 16 | 03
#0572-d218 @A: 22 35 14 31 | 09
#0573-d218 @A: 05 31 03 14 | 02
#0574-d218 @A: 14 05 27 13 | 12
#0575-d218 @A: 30 14 27 03 | 07
#0576-d218 @A: 05 31 18 35 | 11
#0577-d218 @A: 21 19 23 28 | 08
#0578-d218 @A: 28 35 29 23 | 05
#0579-d218 @A: 06 19 23 17 | 01
#0580-d218 @A: 06 08 23 18 | 10
#0581-d218 @A: 32 23 06 25 | 04
#0582-d218 @A: 24 26 23 09 | 06
#0583-d218 @A: 23 12 07 09 | 03
#0584-d218 @A: 18 09 14 23 | 09
#0585-d218 @A: 24 33 23 25 | 02
#0586-d218 @A: 20 19 32 23 | 12
#0587-d218 @A: 20 23 17 31 | 07
#0588-d218 @A: 23 22 17 11 | 11
#0589-d218 @A: 20 23 10 25 | 08
#0590-d218 @A: 23 01 10 22 | 05
#0591-d218 @A: 14 30 10 23 | 01
#0592-d218 @A: 33 35 32 23 | 10
#0593-d218 @A: 23 14 11 13 | 04
#0594-d218 @A: 18 31 23 27 | 06
#0595-d218 @A: 27 26 13 23 | 03
#0596-d218 @A: 23 12 03 27 | 09
#0597-d218 @A: 02 28 31 06 | 02
#0598-d218 @A: 13 06 20 28 | 12
#0599-d218 @A: 32 14 28 06 | 07
#0600-d218 @A: 12 28 02 35 | 11
#0601-d218 @A: 11 28 21 24 | 08
#0602-d218 @A: 07 08 19 28 | 05
#0603-d218 @A: 01 19 11 28 | 01
#0604-d218 @A: 29 12 28 19 | 10
#0605-d218 @A: 15 07 28 20 | 04
#0606-d218 @A: 20 12 28 27 | 06
#0607-d218 @A: 01 33 31 28 | 03
#0608-d218 @A: 28 10 08 26 | 09
#0609-d218 @A: 13 04 28 16 | 02
#0610-d218 @A: 10 33 28 03 | 12
#0611-d218 @A: 18 31 29 28 | 07
#0612-d218 @A: 22 12 28 31 | 11
#0613-d218 @A: 03 21 28 34 | 08
#0614-d218 @A: 29 28 30 27 | 05
#0615-d218 @A: 28 22 30 32 | 01
#0616-d218 @A: 01 12 06 09 | 10
#0617-d218 @A: 09 06 30 08 | 04
#0618-d218 @A: 18 06 09 16 | 06
#0619-d218 @A: 24 07 13 06 | 03
#0620-d218 @A: 06 19 31 11 | 09
#0621-d218 @A: 10 17 33 06 | 02
#0622-d218 @A: 12 35 07 06 | 12
#0623-d218 @A: 06 01 20 27 | 07
#0624-d218 @A: 04 33 25 06 | 11
#0625-d218 @A: 06 21 18 30 | 08
#0626-d218 @A: 27 16 26 06 | 05
#0627-d218 @A: 06 25 05 29 | 01
#0628-d218 @A: 03 06 32 22 | 10
#0629-d218 @A: 16 06 32 22 | 04
#0630-d218 @A: 06 30 32 29 | 06
#0631-d218 @A: 09 17 20 02 | 03
#0632-d218 @A: 02 26 10 24 | 09
#0633-d218 @A: 08 19 02 25 | 02
#0634-d218 @A: 02 13 19 04 | 12
#0635-d218 @A: 33 07 15 02 | 07
#0636-d218 @A: 14 20 15 02 | 11
#0637-d218 @A: 08 13 02 01 | 08
#0638-d218 @A: 16 02 04 31 | 05
#0639-d218 @A: 18 02 21 22 | 01
#0640-d218 @A: 02 13 27 29 | 10
#0641-d218 @A: 34 27 02 03 | 04
#0642-d218 @A: 22 05 02 25 | 06
#0643-d218 @A: 09 19 20 21 | 03
#0644-d218 @A: 16 27 09 17 | 09
#0645-d218 @A: 34 09 12 17 | 02
#0646-d218 @A: 09 08 01 22 | 12
#0647-d218 @A: 01 33 09 13 | 07
#0648-d218 @A: 10 08 11 09 | 11
#0649-d218 @A: 09 10 30 12 | 08
#0650-d218 @A: 33 22 09 21 | 05
#0651-d218 @A: 13 29 18 09 | 01
#0652-d218 @A: 12 09 05 29 | 10
#0653-d218 @A: 22 04 19 24 | 04
#0654-d218 @A: 24 07 33 26 | 06
#0655-d218 @A: 20 24 01 15 | 03
#0656-d218 @A: 26 08 24 20 | 09
#0657-d218 @A: 11 24 20 22 | 02
#0658-d218 @A: 24 34 08 27 | 12
#0659-d218 @A: 12 24 05 11 | 07
#0660-d218 @A: 24 12 16 18 | 11
#0661-d218 @A: 24 25 27 22 | 08
#0662-d218 @A: 17 19 13 11 | 05
#0663-d218 @A: 01 13 20 19 | 01
#0664-d218 @A: 19 12 08 13 | 10
#0665-d218 @A: 03 13 26 19 | 04
#0666-d218 @A: 32 19 29 03 | 06
#0667-d218 @A: 35 10 17 03 | 03
#0668-d218 @A: 17 27 10 22 | 09
#0669-d218 @A: 05 15 17 33 | 02
#0670-d218 @A: 15 25 17 30 | 12
#0671-d218 @A: 17 26 34 30 | 07
#0672-d218 @A: 01 07 13 14 | 11
#0673-d218 @A: 11 07 15 04 | 08
#0674-d218 @A: 10 26 35 07 | 05
#0675-d218 @A: 33 03 35 07 | 01
#0676-d218 @A: 31 07 21 12 | 10
#0677-d218 @A: 07 05 31 30 | 04
#0678-d218 @A: 26 07 32 31 | 06
#0679-d218 @A: 31 13 03 07 | 03
#0680-d218 @A: 07 32 30 21 | 09
#0681-d218 @A: 22 32 07 12 | 02
#0682-d218 @A: 30 31 10 20 | 12
#0683-d218 @A: 20 33 14 22 | 07
#0684-d218 @A: 21 26 20 13 | 11
#0685-d218 @A: 13 20 15 18 | 08
#0686-d218 @A: 26 18 22 20 | 05
#0687-d218 @A: 30 32 20 18 | 01
#0688-d218 @A: 20 05 12 15 | 10
#0689-d218 @A: 22 16 15 20 | 04
#0690-d218 @A: 16 29 20 03 | 06
#0691-d218 @A: 27 35 04 01 | 03
#0692-d218 @A: 01 04 05 18 | 09
#0693-d218 @A: 01 30 21 22 | 02
#0694-d218 @A: 05 27 01 29 | 12
#0695-d218 @A: 15 34 01 22 | 07
#0696-d218 @A: 03 29 26 01 | 11
#0697-d218 @A: 14 27 04 08 | 08
#0698-d218 @A: 05 14 10 08 | 05
#0699-d218 @A: 13 18 11 08 | 01
#0700-d218 @A: 35 08 26 16 | 10
#0701-d218 @A: 22 08 18 34 | 04
#0702-d218 @A: 15 08 30 29 | 06
#0703-d218 @A: 04 10 35 22 | 03
#0704-d218 @A: 04 34 33 14 | 09
#0705-d218 @A: 18 04 31 33 | 02
#0706-d218 @A: 12 04 31 27 | 12
#0707-d218 @A: 25 15 31 04 | 07
#0708-d218 @A: 04 18 25 34 | 11
#0709-d218 @A: 32 04 15 30 | 08
#0710-d218 @A: 32 13 05 04 | 05
#0711-d218 @A: 21 18 10 05 | 01
#0712-d218 @A: 18 15 10 16 | 10
#0713-d218 @A: 10 26 18 13 | 04
#0714-d218 @A: 10 22 12 25 | 06
#0715-d218 @A: 15 27 18 33 | 03
#0716-d218 @A: 18 16 30 33 | 09
#0717-d218 @A: 34 18 03 33 | 02
#0718-d218 @A: 27 33 32 03 | 12
#0719-d218 @A: 25 33 03 15 | 07
#0720-d218 @A: 21 03 15 11 | 11
#0721-d218 @A: 29 12 11 18 | 08
#0722-d218 @A: 22 34 21 14 | 05
#0723-d218 @A: 21 25 12 14 | 01
#0724-d218 @A: 18 25 14 05 | 10
#0725-d218 @A: 26 15 13 16 | 04
#0726-d218 @A: 06 04 23 01 | 06
#0727-d218 @A: 23 11 06 05 | 03
#0728-d218 @A: 10 23 31 02 | 09
#0729-d218 @A: 24 23 17 29 | 02
#0730-d218 @A: 23 24 08 31 | 12
#0731-d218 @A: 32 23 24 03 | 07
#0732-d218 @A: 19 34 35 23 | 11
#0733-d218 @A: 08 23 07 11 | 08
#0734-d218 @A: 10 18 07 23 | 05
#0735-d218 @A: 04 23 25 35 | 01
#0736-d218 @A: 12 23 31 14 | 10
#0737-d218 @A: 31 32 30 23 | 04
#0738-d218 @A: 26 03 34 23 | 06
#0739-d218 @A: 12 25 23 13 | 03
#0740-d218 @A: 24 28 02 04 | 09
#0741-d218 @A: 31 28 17 09 | 02
#0742-d218 @A: 18 28 09 10 | 12
#0743-d218 @A: 11 09 28 32 | 07
#0744-d218 @A: 24 15 28 13 | 11
#0745-d218 @A: 33 25 19 28 | 08
#0746-d218 @A: 15 28 19 22 | 05
#0747-d218 @A: 28 17 04 34 | 01
#0748-d218 @A: 07 01 21 28 | 10
#0749-d218 @A: 28 01 10 12 | 04
#0750-d218 @A: 28 04 26 11 | 06
#0751-d218 @A: 14 10 22 28 | 03
#0752-d218 @A: 16 28 10 27 | 09
#0753-d218 @A: 28 32 03 31 | 02
#0754-d218 @A: 02 11 06 15 | 12
#0755-d218 @A: 02 06 05 32 | 07
#0756-d218 @A: 06 09 03 24 | 11
#0757-d218 @A: 06 11 09 34 | 08
#0758-d218 @A: 06 29 20 17 | 05
#0759-d218 @A: 17 06 21 32 | 01
#0760-d218 @A: 14 07 15 06 | 10
#0761-d218 @A: 01 35 13 06 | 04
#0762-d218 @A: 15 06 16 04 | 06
#0763-d218 @A: 06 10 15 22 | 03
#0764-d218 @A: 06 25 03 34 | 09
#0765-d218 @A: 24 19 02 27 | 02
#0766-d218 @A: 20 02 25 24 | 12
#0767-d218 @A: 02 32 11 24 | 07
#0768-d218 @A: 07 21 03 02 | 11
#0769-d218 @A: 02 11 01 27 | 08
#0770-d218 @A: 34 08 35 02 | 05
#0771-d218 @A: 27 16 08 02 | 01
#0772-d218 @A: 12 14 02 04 | 10
#0773-d218 @A: 27 25 02 14 | 04
#0774-d218 @A: 26 31 13 02 | 06
#0775-d218 @A: 30 02 27 21 | 03
#0776-d218 @A: 01 19 09 03 | 09
#0777-d218 @A: 09 19 31 35 | 02
#0778-d218 @A: 11 27 09 20 | 12
#0779-d218 @A: 05 10 32 09 | 07
#0780-d218 @A: 13 24 19 31 | 11
#0781-d218 @A: 35 27 24 07 | 08
#0782-d218 @A: 21 01 29 24 | 05
#0783-d218 @A: 04 33 24 05 | 01
#0784-d218 @A: 03 10 24 11 | 10
#0785-d218 @A: 13 27 21 24 | 04
#0786-d218 @A: 12 27 18 24 | 06
#0787-d218 @A: 32 30 05 24 | 03
#0788-d218 @A: 05 25 34 24 | 09
#0789-d218 @A: 19 25 20 17 | 02
#0790-d218 @A: 03 17 19 08 | 12
#0791-d218 @A: 19 01 34 27 | 07
#0792-d218 @A: 19 01 15 16 | 11
#0793-d218 @A: 19 26 14 21 | 08
#0794-d218 @A: 21 15 27 19 | 05
#0795-d218 @A: 19 21 05 32 | 01
#0796-d218 @A: 27 03 19 22 | 10
#0797-d218 @A: 07 17 22 20 | 04
#0798-d218 @A: 20 33 17 13 | 06
#0799-d218 @A: 14 20 21 17 | 03
#0800-d218 @A: 20 32 17 34 | 09
#0801-d218 @A: 22 33 17 01 | 02
#0802-d218 @A: 35 17 21 01 | 12
#0803-d218 @A: 30 33 08 17 | 07
#0804-d218 @A: 12 17 11 10 | 11
#0805-d218 @A: 21 17 34 11 | 08
#0806-d218 @A: 17 13 14 29 | 05
#0807-d218 @A: 25 13 17 35 | 01
#0808-d218 @A: 27 31 29 17 | 10
#0809-d218 @A: 18 03 17 27 | 04
#0810-d218 @A: 16 17 18 29 | 06
#0811-d218 @A: 26 17 12 03 | 03
#0812-d218 @A: 03 12 07 20 | 09
#0813-d218 @A: 03 08 04 07 | 02
#0814-d218 @A: 10 07 21 08 | 12
#0815-d218 @A: 35 29 07 16 | 07
#0816-d218 @A: 07 15 29 31 | 11
#0817-d218 @A: 21 29 07 05 | 08
#0818-d218 @A: 29 26 07 18 | 05
#0819-d218 @A: 22 15 03 07 | 01
#0820-d218 @A: 22 01 20 35 | 10
#0821-d218 @A: 33 08 20 16 | 04
#0822-d218 @A: 04 15 35 20 | 06
#0823-d218 @A: 35 11 20 25 | 03
#0824-d218 @A: 20 18 21 31 | 09
#0825-d218 @A: 05 18 20 03 | 02
#0826-d218 @A: 01 15 08 05 | 12
#0827-d218 @A: 16 08 01 25 | 07
#0828-d218 @A: 01 11 15 33 | 11
#0829-d218 @A: 01 14 33 03 | 08
#0830-d218 @A: 14 01 32 30 | 05
#0831-d218 @A: 31 21 01 32 | 01
#0832-d218 @A: 01 31 18 13 | 10
#0833-d218 @A: 01 12 31 05 | 04
#0834-d218 @A: 01 22 31 26 | 06
#0835-d218 @A: 27 12 21 01 | 03
#0836-d218 @A: 16 04 29 08 | 09
#0837-d218 @A: 08 35 11 27 | 02
#0838-d218 @A: 31 12 30 08 | 12
#0839-d218 @A: 12 08 21 05 | 07
#0840-d218 @A: 26 18 08 25 | 11
#0841-d218 @A: 27 05 08 03 | 08
#0842-d218 @A: 14 10 32 04 | 05
#0843-d218 @A: 33 16 21 04 | 01
#0844-d218 @A: 31 04 13 22 | 10
#0845-d218 @A: 10 35 15 11 | 04
#0846-d218 @A: 10 21 15 31 | 06
#0847-d218 @A: 29 27 18 10 | 03
#0848-d218 @A: 30 10 22 18 | 09
#0849-d218 @A: 30 15 10 05 | 02
#0850-d218 @A: 18 11 14 33 | 12
#0851-d218 @A: 33 11 35 26 | 07
#0852-d218 @A: 33 13 05 26 | 11
#0853-d218 @A: 03 29 13 33 | 08
#0854-d218 @A: 25 29 21 11 | 05
#0855-d218 @A: 32 11 25 15 | 01
#0856-d218 @A: 29 13 32 11 | 10
#0857-d218 @A: 16 29 11 32 | 04
#0858-d218 @A: 31 18 14 15 | 06
#0859-d218 @A: 30 05 34 14 | 03
#0860-d218 @A: 03 14 22 26 | 09
#0861-d218 @A: 13 27 35 31 | 02
#0862-d218 @A: 30 35 34 29 | 12
#0863-d218 @A: 03 16 26 21 | 07
#0864-d218 @A: 07 28 23 24 | 11
#0865-d218 @A: 28 23 22 20 | 08
#0866-d218 @A: 23 28 18 32 | 05
#0867-d218 @A: 22 23 09 06 | 01
#0868-d218 @A: 06 23 20 15 | 10
#0869-d218 @A: 14 06 23 26 | 04
#0870-d218 @A: 01 23 02 30 | 06
#0871-d218 @A: 34 04 02 23 | 03
#0872-d218 @A: 11 03 23 02 | 09
#0873-d218 @A: 23 25 17 09 | 02
#0874-d218 @A: 12 24 35 23 | 12
#0875-d218 @A: 31 01 23 19 | 07
#0876-d218 @A: 16 19 23 08 | 11
#0877-d218 @A: 19 15 23 25 | 08
#0878-d218 @A: 23 07 13 15 | 05
#0879-d218 @A: 23 08 13 20 | 01
#0880-d218 @A: 20 30 23 27 | 10
#0881-d218 @A: 34 13 23 01 | 04
#0882-d218 @A: 23 13 10 35 | 06
#0883-d218 @A: 29 06 08 28 | 03
#0884-d218 @A: 28 25 35 06 | 09
#0885-d218 @A: 21 20 02 28 | 02
#0886-d218 @A: 28 18 01 02 | 12
#0887-d218 @A: 30 02 10 28 | 07
#0888-d218 @A: 28 02 22 13 | 11
#0889-d218 @A: 33 29 28 09 | 08
#0890-d218 @A: 14 18 17 28 | 05
#0891-d218 @A: 32 17 28 15 | 01
#0892-d218 @A: 35 20 34 28 | 10
#0893-d218 @A: 27 28 04 33 | 04
#0894-d218 @A: 28 12 14 33 | 06
#0895-d218 @A: 29 11 34 28 | 03
#0896-d218 @A: 30 03 28 13 | 09
#0897-d218 @A: 02 20 06 33 | 02
#0898-d218 @A: 06 19 29 04 | 12
#0899-d218 @A: 31 06 17 26 | 07
#0900-d218 @A: 06 07 32 08 | 11
#0901-d218 @A: 11 12 06 20 | 08
#0902-d218 @A: 25 06 21 20 | 05
#0903-d218 @A: 34 21 06 05 | 01
#0904-d218 @A: 12 03 06 29 | 10
#0905-d218 @A: 24 05 09 02 | 04
#0906-d218 @A: 02 33 16 09 | 06
#0907-d218 @A: 09 22 02 14 | 03
#0908-d218 @A: 02 17 26 22 | 09
#0909-d218 @A: 13 35 02 07 | 02
#0910-d218 @A: 02 11 31 08 | 12
#0911-d218 @A: 04 25 11 02 | 07
#0912-d218 @A: 26 11 29 02 | 11
#0913-d218 @A: 27 02 21 16 | 08
#0914-d218 @A: 02 27 12 32 | 05
#0915-d218 @A: 15 12 02 34 | 01
#0916-d218 @A: 09 24 01 27 | 10
#0917-d218 @A: 09 24 35 34 | 04
#0918-d218 @A: 09 15 08 19 | 06
#0919-d218 @A: 09 07 17 27 | 03
#0920-d218 @A: 22 10 26 09 | 09
#0921-d218 @A: 09 13 16 14 | 02
#0922-d218 @A: 27 32 09 31 | 12
#0923-d218 @A: 15 09 21 30 | 07
#0924-d218 @A: 09 13 27 12 | 11
#0925-d218 @A: 25 15 13 09 | 08
#0926-d218 @A: 30 09 32 03 | 05
#0927-d218 @A: 19 24 07 05 | 01
#0928-d218 @A: 19 03 24 30 | 10
#0929-d218 @A: 10 01 24 18 | 04
#0930-d218 @A: 24 10 04 15 | 06
#0931-d218 @A: 35 16 24 05 | 03
#0932-d218 @A: 31 22 30 24 | 09
#0933-d218 @A: 07 01 22 19 | 02
#0934-d218 @A: 15 07 19 34 | 12
#0935-d218 @A: 08 05 33 19 | 07
#0936-d218 @A: 33 19 21 04 | 11
#0937-d218 @A: 22 34 11 19 | 08
#0938-d218 @A: 15 18 12 19 | 05
#0939-d218 @A: 19 05 18 30 | 01
#0940-d218 @A: 27 26 19 25 | 10
#0941-d218 @A: 07 17 05 01 | 04
#0942-d218 @A: 07 16 17 31 | 06
#0943-d218 @A: 17 35 14 04 | 03
#0944-d218 @A: 17 14 04 16 | 09
#0945-d218 @A: 17 16 34 10 | 02
#0946-d218 @A: 17 18 22 05 | 12
#0947-d218 @A: 25 17 34 27 | 07
#0948-d218 @A: 22 17 30 13 | 11
#0949-d218 @A: 29 17 25 03 | 08
#0950-d218 @A: 20 07 25 08 | 05
#0951-d218 @A: 20 04 34 07 | 01
#0952-d218 @A: 11 13 26 07 | 10
#0953-d218 @A: 05 27 25 07 | 04
#0954-d218 @A: 27 08 33 20 | 06
#0955-d218 @A: 20 03 04 33 | 03
#0956-d218 @A: 10 29 20 33 | 09
#0957-d218 @A: 20 26 31 25 | 02
#0958-d218 @A: 29 25 27 20 | 12
#0959-d218 @A: 04 01 10 25 | 07
#0960-d218 @A: 11 14 29 01 | 11
#0961-d218 @A: 03 21 01 25 | 08
#0962-d218 @A: 01 03 15 30 | 05
#0963-d218 @A: 12 13 01 29 | 01
#0964-d218 @A: 04 10 08 30 | 10
#0965-d218 @A: 08 33 04 15 | 04
#0966-d218 @A: 10 31 27 08 | 06
#0967-d218 @A: 26 03 08 33 | 03
#0968-d218 @A: 11 29 03 08 | 09
#0969-d218 @A: 32 08 31 25 | 02
#0970-d218 @A: 30 08 18 27 | 12
#0971-d218 @A: 15 27 08 22 | 07
#0972-d218 @A: 13 05 08 29 | 11
#0973-d218 @A: 29 11 35 04 | 08
#0974-d218 @A: 30 18 12 04 | 05
#0975-d218 @A: 04 13 29 25 | 01
#0976-d218 @A: 04 16 30 34 | 10
#0977-d218 @A: 10 11 31 33 | 04
#0978-d218 @A: 18 25 10 03 | 06
#0979-d218 @A: 26 10 29 05 | 03
#0980-d218 @A: 16 03 10 05 | 09
#0981-d218 @A: 10 26 32 25 | 02
#0982-d218 @A: 10 30 32 34 | 12
#0983-d218 @A: 33 21 15 13 | 07
#0984-d218 @A: 33 29 12 21 | 11
#0985-d218 @A: 33 26 22 15 | 08
#0986-d218 @A: 32 33 34 26 | 05
#0987-d218 @A: 12 22 33 34 | 01
#0988-d218 @A: 15 11 31 26 | 10
#0989-d218 @A: 25 27 16 11 | 04
#0990-d218 @A: 29 15 35 14 | 06
#0991-d218 @A: 05 12 14 35 | 03
#0992-d218 @A: 14 35 32 26 | 09
#0993-d218 @A: 12 18 14 03 | 02
#0994-d218 @A: 16 14 03 25 | 12
#0995-d218 @A: 29 26 31 35 | 07
#0996-d218 @A: 35 26 25 22 | 11
#0997-d218 @A: 25 21 30 16 | 08
#0998-d218 @A: 31 28 11 23 | 05
#0999-d218 @A: 14 29 02 23 | 01
#1000-d218 @A: 23 19 09 33 | 10
#1001-d218 @A: 21 23 10 17 | 04
#1002-d218 @A: 04 32 08 23 | 06
#1003-d218 @A: 03 10 23 08 | 03
#1004-d218 @A: 27 11 23 04 | 09
#1005-d218 @A: 15 22 23 29 | 02
#1006-d218 @A: 26 23 16 05 | 12
#1007-d218 @A: 32 05 12 23 | 07
#1008-d218 @A: 13 22 03 23 | 11
#1009-d218 @A: 12 16 32 23 | 08
#1010-d218 @A: 06 28 19 03 | 05
#1011-d218 @A: 29 02 28 05 | 01
#1012-d218 @A: 08 28 09 27 | 10
#1013-d218 @A: 13 28 14 09 | 04
#1014-d218 @A: 16 12 28 09 | 06
#1015-d218 @A: 26 24 28 19 | 03
#1016-d218 @A: 14 24 28 16 | 09
#1017-d218 @A: 19 16 30 28 | 02
#1018-d218 @A: 17 20 28 03 | 12
#1019-d218 @A: 33 28 17 21 | 07
#1020-d218 @A: 33 07 13 28 | 11
#1021-d218 @A: 28 14 30 07 | 08
#1022-d218 @A: 29 32 07 28 | 05
#1023-d218 @A: 28 08 20 18 | 01
#1024-d218 @A: 18 28 16 01 | 10
#1025-d218 @A: 08 11 12 28 | 04
#1026-d218 @A: 28 25 22 04 | 06
#1027-d218 @A: 28 10 13 32 | 03
#1028-d218 @A: 28 26 31 30 | 09
#1029-d218 @A: 26 13 29 28 | 02
#1030-d218 @A: 26 12 06 02 | 12
#1031-d218 @A: 19 06 09 32 | 07
#1032-d218 @A: 06 04 18 17 | 11
#1033-d218 @A: 14 05 06 17 | 08
#1034-d218 @A: 14 20 06 31 | 05
#1035-d218 @A: 06 32 01 10 | 01
#1036-d218 @A: 30 27 31 06 | 10
#1037-d218 @A: 13 06 22 05 | 04
#1038-d218 @A: 09 27 02 33 | 06
#1039-d218 @A: 02 09 26 35 | 03
#1040-d218 @A: 12 02 07 24 | 09
#1041-d218 @A: 24 01 22 02 | 02
#1042-d218 @A: 02 16 19 11 | 12
#1043-d218 @A: 17 02 16 01 | 07
#1044-d218 @A: 08 02 29 17 | 11
#1045-d218 @A: 02 17 04 27 | 08
#1046-d218 @A: 20 31 02 07 | 05
#1047-d218 @A: 02 07 03 16 | 01
#1048-d218 @A: 02 33 08 12 | 10
#1049-d218 @A: 16 10 02 29 | 04
#1050-d218 @A: 33 29 02 31 | 06
#1051-d218 @A: 25 02 21 31 | 03
#1052-d218 @A: 02 03 29 15 | 09
#1053-d218 @A: 02 13 34 16 | 02
#1054-d218 @A: 34 19 09 14 | 12
#1055-d218 @A: 11 09 05 17 | 07
#1056-d218 @A: 09 07 22 04 | 11
#1057-d218 @A: 07 32 35 09 | 08
#1058-d218 @A: 09 18 07 21 | 05
#1059-d218 @A: 10 34 20 09 | 01
#1060-d218 @A: 01 14 05 09 | 10
#1061-d218 @A: 32 09 04 18 | 04
#1062-d218 @A: 09 11 16 31 | 06
#1063-d218 @A: 09 31 22 29 | 03
#1064-d218 @A: 16 13 21 09 | 09
#1065-d218 @A: 03 27 09 29 | 02
#1066-d218 @A: 19 24 34 20 | 12
#1067-d218 @A: 19 35 25 24 | 07
#1068-d218 @A: 04 03 01 24 | 11
#1069-d218 @A: 24 25 01 31 | 08
#1070-d218 @A: 24 35 08 13 | 05
#1071-d218 @A: 27 14 10 24 | 01
#1072-d218 @A: 24 30 33 14 | 10
#1073-d218 @A: 15 33 24 31 | 04
#1074-d218 @A: 34 15 24 30 | 06
#1075-d218 @A: 29 24 26 34 | 03
#1076-d218 @A: 17 12 19 27 | 09
#1077-d218 @A: 32 04 19 07 | 02
#1078-d218 @A: 11 19 12 07 | 12
#1079-d218 @A: 19 20 10 03 | 07
#1080-d218 @A: 33 15 20 19 | 11
#1081-d218 @A: 10 01 19 21 | 08
#1082-d218 @A: 32 08 14 19 | 05
#1083-d218 @A: 35 32 19 11 | 01
#1084-d218 @A: 14 19 29 16 | 10
#1085-d218 @A: 25 31 19 29 | 04
#1086-d218 @A: 31 19 03 34 | 06
#1087-d218 @A: 17 31 30 04 | 03
#1088-d218 @A: 17 11 16 21 | 09
#1089-d218 @A: 13 15 27 17 | 02
#1090-d218 @A: 14 27 20 07 | 12
#1091-d218 @A: 25 35 01 07 | 07
#1092-d218 @A: 07 12 10 15 | 11
#1093-d218 @A: 27 34 31 07 | 08
#1094-d218 @A: 13 25 07 32 | 05
#1095-d218 @A: 16 12 22 07 | 01
#1096-d218 @A: 08 01 12 20 | 10
#1097-d218 @A: 05 10 35 20 | 04
#1098-d218 @A: 26 33 20 12 | 06
#1099-d218 @A: 14 11 30 20 | 03
#1100-d218 @A: 20 26 16 31 | 09
#1101-d218 @A: 25 08 33 01 | 02
#1102-d218 @A: 01 13 21 11 | 12
#1103-d218 @A: 01 31 30 34 | 07
#1104-d218 @A: 01 34 32 18 | 11
#1105-d218 @A: 08 11 15 34 | 08
#1106-d218 @A: 08 18 21 15 | 05
#1107-d218 @A: 13 03 08 21 | 01
#1108-d218 @A: 05 30 26 08 | 10
#1109-d218 @A: 31 04 34 26 | 04
#1110-d218 @A: 26 04 21 18 | 06
#1111-d218 @A: 32 25 21 04 | 03
#1112-d218 @A: 26 15 05 04 | 09
#1113-d218 @A: 22 05 34 04 | 02
#1114-d218 @A: 03 32 26 04 | 12
#1115-d218 @A: 30 22 04 03 | 07
#1116-d218 @A: 12 04 16 25 | 11
#1117-d218 @A: 11 29 10 22 | 08
#1118-d218 @A: 12 31 33 13 | 05
#1119-d218 @A: 29 27 26 33 | 01
#1120-d218 @A: 27 12 33 30 | 10
#1121-d218 @A: 12 25 05 33 | 04
#1122-d218 @A: 31 11 32 05 | 06
#1123-d218 @A: 30 18 03 11 | 03
#1124-d218 @A: 11 22 15 13 | 09
#1125-d218 @A: 16 12 15 11 | 02
#1126-d218 @A: 27 14 31 26 | 12
#1127-d218 @A: 14 21 15 05 | 07
#1128-d218 @A: 15 34 16 14 | 11
#1129-d218 @A: 14 26 34 13 | 08
#1130-d218 @A: 22 03 18 35 | 05
#1131-d218 @A: 12 13 15 35 | 01
#1132-d218 @A: 29 25 12 35 | 10
#1133-d218 @A: 16 27 32 18 | 04
#1134-d218 @A: 03 15 16 30 | 06
#1135-d218 @A: 34 23 06 07 | 03
#1136-d218 @A: 03 23 06 35 | 09
#1137-d218 @A: 06 23 13 30 | 02
#1138-d218 @A: 19 22 23 02 | 12
#1139-d218 @A: 01 14 23 27 | 07
#1140-d218 @A: 23 03 01 18 | 11
#1141-d218 @A: 26 04 23 10 | 08
#1142-d218 @A: 23 04 30 29 | 05
#1143-d218 @A: 23 10 33 12 | 01
#1144-d218 @A: 23 34 11 30 | 10
#1145-d218 @A: 31 03 15 23 | 04
#1146-d218 @A: 23 21 12 22 | 06
#1147-d218 @A: 32 26 23 22 | 03
#1148-d218 @A: 23 34 29 32 | 09
#1149-d218 @A: 22 06 24 28 | 02
#1150-d218 @A: 04 15 06 28 | 12
#1151-d218 @A: 02 28 03 14 | 07
#1152-d218 @A: 09 20 28 26 | 11
#1153-d218 @A: 24 14 34 28 | 08
#1154-d218 @A: 18 35 24 28 | 05
#1155-d218 @A: 07 26 28 17 | 01
#1156-d218 @A: 07 28 26 16 | 10
#1157-d218 @A: 01 28 35 30 | 04
#1158-d218 @A: 28 35 33 15 | 06
#1159-d218 @A: 16 25 33 28 | 03
#1160-d218 @A: 28 35 21 26 | 09
#1161-d218 @A: 18 28 21 27 | 02
#1162-d218 @A: 27 15 28 26 | 12
#1163-d218 @A: 03 12 15 28 | 07
#1164-d218 @A: 03 22 28 29 | 11
#1165-d218 @A: 02 17 06 13 | 08
#1166-d218 @A: 18 06 27 02 | 05
#1167-d218 @A: 24 17 34 06 | 01
#1168-d218 @A: 27 19 08 06 | 10
#1169-d218 @A: 30 14 19 06 | 04
#1170-d218 @A: 06 12 25 19 | 06
#1171-d218 @A: 06 26 07 20 | 03
#1172-d218 @A: 06 01 07 31 | 09
#1173-d218 @A: 06 05 35 08 | 02
#1174-d218 @A: 04 06 14 21 | 12
#1175-d218 @A: 10 12 14 06 | 07
#1176-d218 @A: 11 35 21 06 | 11
#1177-d218 @A: 16 13 06 12 | 08
#1178-d218 @A: 13 09 02 21 | 05
#1179-d218 @A: 02 24 34 31 | 01
#1180-d218 @A: 30 29 19 02 | 10
#1181-d218 @A: 10 02 07 22 | 04
#1182-d218 @A: 02 10 20 27 | 06
#1183-d218 @A: 20 18 35 02 | 03
#1184-d218 @A: 01 02 32 33 | 09
#1185-d218 @A: 05 04 02 21 | 02
#1186-d218 @A: 05 10 11 02 | 12
#1187-d218 @A: 33 35 21 02 | 07
#1188-d218 @A: 18 02 35 16 | 11
#1189-d218 @A: 13 05 02 15 | 08
#1190-d218 @A: 02 13 25 34 | 05
#1191-d218 @A: 09 24 19 12 | 01
#1192-d218 @A: 04 29 09 24 | 10
#1193-d218 @A: 17 19 09 26 | 04
#1194-d218 @A: 09 16 19 26 | 06
#1195-d218 @A: 07 09 11 30 | 03
#1196-d218 @A: 07 16 34 09 | 09
#1197-d218 @A: 21 35 10 09 | 02
#1198-d218 @A: 33 31 26 09 | 12
#1199-d218 @A: 14 09 11 26 | 07
#1200-d218 @A: 12 09 03 21 | 11
#1201-d218 @A: 27 18 25 09 | 08
#1202-d218 @A: 15 09 34 18 | 05
#1203-d218 @A: 09 03 25 22 | 01
#1204-d218 @A: 24 21 17 19 | 10
#1205-d218 @A: 29 24 10 19 | 04
#1206-d218 @A: 26 24 35 01 | 06
#1207-d218 @A: 08 24 30 11 | 03
#1208-d218 @A: 33 10 24 22 | 09
#1209-d218 @A: 24 11 33 13 | 02
#1210-d218 @A: 31 24 21 05 | 12
#1211-d218 @A: 05 15 27 24 | 07
#1212-d218 @A: 26 12 24 22 | 11
#1213-d218 @A: 19 17 15 31 | 08
#1214-d218 @A: 31 07 19 33 | 05
#1215-d218 @A: 15 04 19 01 | 01
#1216-d218 @A: 19 14 01 35 | 10
#1217-d218 @A: 10 19 35 12 | 04
#1218-d218 @A: 15 11 19 30 | 06
#1219-d218 @A: 26 19 31 12 | 03
#1220-d218 @A: 31 32 22 19 | 09
#1221-d218 @A: 13 05 17 12 | 02
#1222-d218 @A: 17 32 03 05 | 12
#1223-d218 @A: 34 29 22 17 | 07
#1224-d218 @A: 21 20 35 07 | 11
#1225-d218 @A: 01 34 29 07 | 08
#1226-d218 @A: 35 08 15 07 | 05
#1227-d218 @A: 07 33 30 04 | 01
#1228-d218 @A: 07 04 25 12 | 10
#1229-d218 @A: 21 07 27 11 | 04
#1230-d218 @A: 13 34 07 21 | 06
#1231-d218 @A: 18 05 13 07 | 03
#1232-d218 @A: 18 32 07 03 | 09
#1233-d218 @A: 29 12 27 07 | 02
#1234-d218 @A: 07 15 26 25 | 12
#1235-d218 @A: 25 34 07 22 | 07
#1236-d218 @A: 10 26 20 14 | 11
#1237-d218 @A: 20 35 29 13 | 08
#1238-d218 @A: 15 20 22 31 | 05
#1239-d218 @A: 13 27 20 22 | 01
#1240-d218 @A: 20 25 03 13 | 10
#1241-d218 @A: 04 08 21 01 | 04
#1242-d218 @A: 18 08 01 14 | 06
#1243-d218 @A: 01 12 15 25 | 03
#1244-d218 @A: 01 13 25 22 | 09
#1245-d218 @A: 21 32 08 22 | 02
#1246-d218 @A: 12 25 08 27 | 12
#1247-d218 @A: 34 30 08 03 | 07
#1248-d218 @A: 05 04 10 27 | 11
#1249-d218 @A: 31 04 05 29 | 08
#1250-d218 @A: 13 04 18 27 | 05
#1251-d218 @A: 04 03 18 29 | 01
#1252-d218 @A: 25 10 34 33 | 10
#1253-d218 @A: 27 25 35 33 | 04
#1254-d218 @A: 31 33 16 03 | 06
#1255-d218 @A: 32 05 18 33 | 03
#1256-d218 @A: 05 21 11 30 | 09
#1257-d218 @A: 11 21 26 12 | 02
#1258-d218 @A: 26 11 16 18 | 12
#1259-d218 @A: 03 25 05 11 | 07
#1260-d218 @A: 14 30 21 35 | 11
#1261-d218 @A: 30 25 14 31 | 08
#1262-d218 @A: 14 30 18 26 | 05
#1263-d218 @A: 15 13 14 30 | 01
#1264-d218 @A: 12 14 22 13 | 10
#1265-d218 @A: 27 05 30 35 | 04
#1266-d218 @A: 13 35 30 16 | 06
#1267-d218 @A: 16 15 25 31 | 03
#1268-d218 @A: 16 25 18 34 | 09
#1269-d218 @A: 05 29 16 13 | 02
#1270-d218 @A: 12 26 29 16 | 12
#1271-d218 @A: 23 28 02 26 | 07
#1272-d218 @A: 23 17 13 28 | 11
#1273-d218 @A: 23 08 01 28 | 08
#1274-d218 @A: 14 25 23 28 | 05
#1275-d218 @A: 29 23 06 10 | 01
#1276-d218 @A: 32 02 09 23 | 10
#1277-d218 @A: 02 23 12 20 | 04
#1278-d218 @A: 04 23 09 31 | 06
#1279-d218 @A: 35 30 09 23 | 03
#1280-d218 @A: 13 23 04 24 | 09
#1281-d218 @A: 07 23 17 30 | 02
#1282-d218 @A: 18 26 23 33 | 12
#1283-d218 @A: 03 25 23 30 | 07
#1284-d218 @A: 28 06 30 11 | 11
#1285-d218 @A: 16 28 06 29 | 08
#1286-d218 @A: 02 28 27 07 | 05
#1287-d218 @A: 13 35 28 19 | 01
#1288-d218 @A: 28 16 19 31 | 10
#1289-d218 @A: 17 28 08 22 | 04
#1290-d218 @A: 25 07 10 28 | 06
#1291-d218 @A: 20 28 14 05 | 03
#1292-d218 @A: 28 16 20 34 | 09
#1293-d218 @A: 08 28 04 31 | 02
#1294-d218 @A: 32 28 33 08 | 12
#1295-d218 @A: 28 35 27 10 | 07
#1296-d218 @A: 18 11 28 25 | 11
#1297-d218 @A: 05 31 13 28 | 08
#1298-d218 @A: 28 12 32 21 | 05
#1299-d218 @A: 06 02 34 19 | 01
#1300-d218 @A: 02 16 06 20 | 10
#1301-d218 @A: 35 27 09 06 | 04
#1302-d218 @A: 31 06 09 25 | 06
#1303-d218 @A: 06 19 18 24 | 03
#1304-d218 @A: 21 16 19 06 | 09
#1305-d218 @A: 07 06 25 17 | 02
#1306-d218 @A: 08 06 20 34 | 12
#1307-d218 @A: 06 29 01 33 | 07
#1308-d218 @A: 35 26 06 04 | 11
#1309-d218 @A: 06 03 11 14 | 08
#1310-d218 @A: 31 15 05 06 | 05
#1311-d218 @A: 34 06 15 26 | 01
#1312-d218 @A: 06 34 32 13 | 10
#1313-d218 @A: 08 21 24 02 | 04
#1314-d218 @A: 15 24 02 16 | 06
#1315-d218 @A: 17 01 15 02 | 03
#1316-d218 @A: 07 02 05 08 | 09
#1317-d218 @A: 03 32 20 02 | 02
#1318-d218 @A: 04 22 02 32 | 12
#1319-d218 @A: 21 02 29 10 | 07
#1320-d218 @A: 34 14 11 02 | 11
#1321-d218 @A: 09 24 16 08 | 08
#1322-d218 @A: 25 09 24 10 | 05
#1323-d218 @A: 19 29 09 11 | 01
#1324-d218 @A: 09 29 17 35 | 10
#1325-d218 @A: 09 35 20 14 | 04
#1326-d218 @A: 09 05 20 31 | 06
#1327-d218 @A: 22 20 09 12 | 03
#1328-d218 @A: 34 01 04 09 | 09
#1329-d218 @A: 29 09 01 10 | 02
#1330-d218 @A: 12 08 09 14 | 12
#1331-d218 @A: 35 05 09 04 | 07
#1332-d218 @A: 10 15 33 09 | 11
#1333-d218 @A: 34 21 31 09 | 08
#1334-d218 @A: 15 22 09 05 | 05
#1335-d218 @A: 03 09 05 26 | 01
#1336-d218 @A: 24 05 17 10 | 10
#1337-d218 @A: 24 17 31 14 | 04
#1338-d218 @A: 35 20 03 24 | 06
#1339-d218 @A: 24 27 20 31 | 03
#1340-d218 @A: 34 24 33 01 | 09
#1341-d218 @A: 16 01 24 27 | 02
#1342-d218 @A: 35 33 29 24 | 12
#1343-d218 @A: 33 21 03 24 | 07
#1344-d218 @A: 24 18 11 15 | 11
#1345-d218 @A: 24 18 34 21 | 08
#1346-d218 @A: 34 13 24 12 | 05
#1347-d218 @A: 24 25 03 12 | 01
#1348-d218 @A: 18 35 19 17 | 10
#1349-d218 @A: 18 19 20 11 | 04
#1350-d218 @A: 01 33 30 19 | 06
#1351-d218 @A: 35 05 19 26 | 03
#1352-d218 @A: 03 11 07 17 | 09
#1353-d218 @A: 34 17 07 35 | 02
#1354-d218 @A: 18 20 17 01 | 12
#1355-d218 @A: 17 30 10 01 | 07
#1356-d218 @A: 17 32 11 04 | 11
#1357-d218 @A: 10 25 14 17 | 08
#1358-d218 @A: 34 16 35 17 | 05
#1359-d218 @A: 03 30 21 17 | 01
#1360-d218 @A: 17 18 15 29 | 10
#1361-d218 @A: 07 20 10 01 | 04
#1362-d218 @A: 32 07 11 20 | 06
#1363-d218 @A: 07 08 30 01 | 03
#1364-d218 @A: 08 29 07 33 | 09
#1365-d218 @A: 07 16 11 08 | 02
#1366-d218 @A: 13 07 10 04 | 12
#1367-d218 @A: 10 05 07 33 | 07
#1368-d218 @A: 07 35 11 05 | 11
#1369-d218 @A: 07 27 15 16 | 08
#1370-d218 @A: 12 30 13 07 | 05
#1371-d218 @A: 20 03 01 31 | 01
#1372-d218 @A: 31 08 20 35 | 10
#1373-d218 @A: 31 04 20 11 | 04
#1374-d218 @A: 04 20 21 27 | 06
#1375-d218 @A: 32 20 22 10 | 03
#1376-d218 @A: 20 15 34 25 | 09
#1377-d218 @A: 29 22 04 01 | 02
#1378-d218 @A: 05 10 13 01 | 12
#1379-d218 @A: 16 01 11 33 | 07
#1380-d218 @A: 15 31 27 01 | 11
#1381-d218 @A: 01 21 29 16 | 08
#1382-d218 @A: 27 01 25 32 | 05
#1383-d218 @A: 35 29 10 08 | 01
#1384-d218 @A: 31 13 08 15 | 10
#1385-d218 @A: 10 18 11 04 | 04
#1386-d218 @A: 14 04 15 03 | 06
#1387-d218 @A: 21 31 03 04 | 03
#1388-d218 @A: 15 29 27 04 | 09
#1389-d218 @A: 10 21 33 32 | 02
#1390-d218 @A: 10 30 33 26 | 12
#1391-d218 @A: 14 11 10 21 | 07
#1392-d218 @A: 21 27 10 03 | 11
#1393-d218 @A: 26 27 12 10 | 08
#1394-d218 @A: 10 13 27 25 | 05
#1395-d218 @A: 10 03 32 12 | 01
#1396-d218 @A: 34 21 33 30 | 10
#1397-d218 @A: 05 22 27 33 | 04
#1398-d218 @A: 34 16 33 27 | 06
#1399-d218 @A: 33 22 30 29 | 03
#1400-d218 @A: 11 22 32 27 | 09
#1401-d218 @A: 30 12 22 11 | 02
#1402-d218 @A: 29 27 14 22 | 12
#1403-d218 @A: 12 15 26 14 | 07
#1404-d218 @A: 35 32 16 31 | 11
#1405-d218 @A: 21 35 15 25 | 08
#1406-d218 @A: 29 35 22 21 | 05
#1407-d218 @A: 21 16 22 35 | 01
#1408-d218 @A: 16 35 27 12 | 10
#1409-d218 @A: 26 30 13 35 | 04
#1410-d218 @A: 35 13 22 34 | 06
#1411-d218 @A: 16 34 05 31 | 03
#1412-d218 @A: 03 32 16 27 | 09
#1413-d218 @A: 23 09 34 28 | 02
#1414-d218 @A: 23 13 33 02 | 12
#1415-d218 @A: 05 23 02 35 | 07
#1416-d218 @A: 16 23 02 22 | 11
#1417-d218 @A: 21 23 01 09 | 08
#1418-d218 @A: 23 19 11 24 | 05
#1419-d218 @A: 08 23 19 30 | 01
#1420-d218 @A: 10 23 19 05 | 10
#1421-d218 @A: 17 01 26 23 | 04
#1422-d218 @A: 12 23 08 17 | 06
#1423-d218 @A: 04 23 07 21 | 03
#1424-d218 @A: 23 35 07 14 | 09
#1425-d218 @A: 29 03 07 23 | 02
#1426-d218 @A: 27 16 20 23 | 12
#1427-d218 @A: 23 01 35 16 | 07
#1428-d218 @A: 23 15 26 08 | 11
#1429-d218 @A: 22 23 04 33 | 08
#1430-d218 @A: 31 23 10 16 | 05
#1431-d218 @A: 35 23 11 18 | 01
#1432-d218 @A: 16 30 23 11 | 10
#1433-d218 @A: 29 23 21 18 | 04
#1434-d218 @A: 23 27 25 21 | 06
#1435-d218 @A: 23 22 25 18 | 03
#1436-d218 @A: 12 18 23 34 | 09
#1437-d218 @A: 30 23 12 15 | 02
#1438-d218 @A: 35 28 22 09 | 12
#1439-d218 @A: 31 28 24 10 | 07
#1440-d218 @A: 28 31 20 19 | 11
#1441-d218 @A: 35 17 28 05 | 08
#1442-d218 @A: 20 32 28 25 | 05
#1443-d218 @A: 08 34 28 13 | 01
#1444-d218 @A: 21 14 31 28 | 10
#1445-d218 @A: 13 21 25 28 | 04
#1446-d218 @A: 25 34 30 28 | 06
#1447-d218 @A: 06 02 10 09 | 03
#1448-d218 @A: 15 06 09 17 | 09
#1449-d218 @A: 06 07 05 09 | 02
#1450-d218 @A: 24 30 01 06 | 12
#1451-d218 @A: 04 07 27 06 | 07
#1452-d218 @A: 16 33 06 07 | 11
#1453-d218 @A: 14 22 01 06 | 08
#1454-d218 @A: 08 06 16 34 | 05
#1455-d218 @A: 13 10 31 06 | 01
#1456-d218 @A: 12 06 27 05 | 10
#1457-d218 @A: 27 06 32 26 | 04
#1458-d218 @A: 27 03 06 13 | 06
#1459-d218 @A: 29 13 06 15 | 03
#1460-d218 @A: 09 02 15 04 | 09
#1461-d218 @A: 02 33 24 18 | 02
#1462-d218 @A: 17 32 02 35 | 12
#1463-d218 @A: 07 02 11 18 | 07
#1464-d218 @A: 02 26 20 01 | 11
#1465-d218 @A: 05 01 34 02 | 08
#1466-d218 @A: 33 11 30 02 | 05
#1467-d218 @A: 12 02 16 14 | 01
#1468-d218 @A: 15 02 26 21 | 10
#1469-d218 @A: 02 13 03 18 | 04
#1470-d218 @A: 02 32 29 25 | 06
#1471-d218 @A: 14 09 21 24 | 03
#1472-d218 @A: 09 21 08 17 | 09
#1473-d218 @A: 14 09 17 03 | 02
#1474-d218 @A: 20 09 07 13 | 12
#1475-d218 @A: 34 33 07 09 | 07
#1476-d218 @A: 09 04 08 13 | 11
#1477-d218 @A: 04 25 26 09 | 08
#1478-d218 @A: 05 30 33 09 | 05
#1479-d218 @A: 14 15 09 27 | 01
#1480-d218 @A: 31 15 12 09 | 10
#1481-d218 @A: 31 09 30 13 | 04
#1482-d218 @A: 27 05 34 09 | 06
#1483-d218 @A: 26 32 15 09 | 03
#1484-d218 @A: 09 12 32 25 | 09
#1485-d218 @A: 24 14 19 15 | 02
#1486-d218 @A: 03 24 07 14 | 12
#1487-d218 @A: 24 16 20 21 | 07
#1488-d218 @A: 12 24 01 14 | 11
#1489-d218 @A: 32 27 24 04 | 08
#1490-d218 @A: 16 04 24 03 | 05
#1491-d218 @A: 18 26 31 24 | 01
#1492-d218 @A: 32 26 16 24 | 10
#1493-d218 @A: 22 03 34 24 | 04
#1494-d218 @A: 05 04 19 17 | 06
#1495-d218 @A: 32 19 17 16 | 03
#1496-d218 @A: 04 16 20 19 | 09
#1497-d218 @A: 08 04 34 19 | 02
#1498-d218 @A: 22 19 10 08 | 12
#1499-d218 @A: 19 31 10 04 | 07
#1500-d218 @A: 10 18 33 19 | 11
#1501-d218 @A: 11 10 25 19 | 08
#1502-d218 @A: 27 30 19 10 | 05
#1503-d218 @A: 31 19 30 21 | 01
#1504-d218 @A: 21 12 34 19 | 10
#1505-d218 @A: 18 26 34 19 | 04
#1506-d218 @A: 32 19 15 13 | 06
#1507-d218 @A: 35 12 20 17 | 03
#1508-d218 @A: 34 17 01 14 | 09
#1509-d218 @A: 17 35 26 08 | 02
#1510-d218 @A: 10 26 17 15 | 12
#1511-d218 @A: 17 11 27 14 | 07
#1512-d218 @A: 17 11 26 18 | 11
#1513-d218 @A: 18 21 17 25 | 08
#1514-d218 @A: 21 17 29 26 | 05
#1515-d218 @A: 13 17 32 26 | 01
#1516-d218 @A: 32 16 20 07 | 10
#1517-d218 @A: 12 33 01 07 | 04
#1518-d218 @A: 01 07 03 27 | 06
#1519-d218 @A: 07 01 16 30 | 03
#1520-d218 @A: 26 07 27 08 | 09
#1521-d218 @A: 07 34 10 11 | 02
#1522-d218 @A: 07 18 27 22 | 12
#1523-d218 @A: 25 29 30 07 | 07
#1524-d218 @A: 15 20 32 21 | 11
#1525-d218 @A: 13 30 20 05 | 08
#1526-d218 @A: 04 14 31 01 | 05
#1527-d218 @A: 31 01 10 35 | 01
#1528-d218 @A: 21 01 05 26 | 10
#1529-d218 @A: 18 29 30 01 | 04
#1530-d218 @A: 15 01 16 05 | 06
#1531-d218 @A: 15 32 01 29 | 03
#1532-d218 @A: 12 26 01 30 | 09
#1533-d218 @A: 14 22 08 30 | 02
#1534-d218 @A: 31 22 05 08 | 12
#1535-d218 @A: 08 34 21 25 | 07
#1536-d218 @A: 08 18 32 29 | 11
#1537-d218 @A: 03 12 08 22 | 08
#1538-d218 @A: 35 13 33 04 | 05
#1539-d218 @A: 16 35 04 11 | 01
#1540-d218 @A: 04 27 34 30 | 10
#1541-d218 @A: 27 34 10 15 | 04
#1542-d218 @A: 05 10 03 22 | 06
#1543-d218 @A: 34 10 13 29 | 03
#1544-d218 @A: 16 10 25 22 | 09
#1545-d218 @A: 27 34 13 33 | 02
#1546-d218 @A: 12 31 35 11 | 12
#1547-d218 @A: 34 13 05 11 | 07
#1548-d218 @A: 11 13 12 03 | 11
#1549-d218 @A: 29 14 21 03 | 08
#1550-d218 @A: 22 32 14 18 | 05
#1551-d218 @A: 16 32 14 30 | 01
#1552-d218 @A: 31 30 15 35 | 10
#1553-d218 @A: 35 34 05 15 | 04
#1554-d218 @A: 18 31 13 16 | 06
#1555-d218 @A: 27 22 16 13 | 03
#1556-d218 @A: 24 06 23 27 | 09
#1557-d218 @A: 02 18 17 23 | 02
#1558-d218 @A: 08 23 02 27 | 12
#1559-d218 @A: 15 23 11 09 | 07
#1560-d218 @A: 07 23 19 26 | 11
#1561-d218 @A: 03 23 14 19 | 08
#1562-d218 @A: 32 07 23 01 | 05
#1563-d218 @A: 33 27 23 07 | 01
#1564-d218 @A: 26 35 20 23 | 10
#1565-d218 @A: 21 23 11 33 | 04
#1566-d218 @A: 33 16 23 14 | 06
#1567-d218 @A: 21 30 26 23 | 03
#1568-d218 @A: 23 15 27 32 | 09
#1569-d218 @A: 16 23 29 27 | 02
#1570-d218 @A: 06 17 28 27 | 12
#1571-d218 @A: 18 06 28 07 | 07
#1572-d218 @A: 11 02 28 17 | 11
#1573-d218 @A: 28 15 02 08 | 08
#1574-d218 @A: 24 25 29 28 | 05
#1575-d218 @A: 34 19 10 28 | 01
#1576-d218 @A: 20 04 28 30 | 10
#1577-d218 @A: 28 25 08 03 | 04
#1578-d218 @A: 28 21 29 15 | 06
#1579-d218 @A: 21 22 28 05 | 03
#1580-d218 @A: 05 34 28 18 | 09
#1581-d218 @A: 03 26 18 28 | 02
#1582-d218 @A: 28 22 34 26 | 12
#1583-d218 @A: 04 06 02 03 | 07
#1584-d218 @A: 02 35 06 14 | 11
#1585-d218 @A: 06 20 04 09 | 08
#1586-d218 @A: 06 35 15 19 | 05
#1587-d218 @A: 35 20 32 06 | 01
#1588-d218 @A: 06 01 08 26 | 10
#1589-d218 @A: 33 21 08 06 | 04
#1590-d218 @A: 11 27 10 06 | 06
#1591-d218 @A: 35 06 16 10 | 03
#1592-d218 @A: 06 11 32 33 | 09
#1593-d218 @A: 18 34 14 06 | 02
#1594-d218 @A: 22 18 31 06 | 12
#1595-d218 @A: 15 03 18 06 | 07
#1596-d218 @A: 06 30 05 16 | 11
#1597-d218 @A: 06 22 26 29 | 08
#1598-d218 @A: 25 30 26 06 | 05
#1599-d218 @A: 02 09 19 18 | 01
#1600-d218 @A: 02 29 07 09 | 10
#1601-d218 @A: 03 08 02 09 | 04
#1602-d218 @A: 02 07 19 17 | 06
#1603-d218 @A: 19 02 26 33 | 03
#1604-d218 @A: 02 14 31 19 | 09
#1605-d218 @A: 01 29 02 35 | 02
#1606-d218 @A: 02 31 04 35 | 12
#1607-d218 @A: 30 26 04 02 | 07
#1608-d218 @A: 27 02 15 35 | 11
#1609-d218 @A: 29 18 02 34 | 08
#1610-d218 @A: 27 09 19 04 | 05
#1611-d218 @A: 09 19 30 25 | 01
#1612-d218 @A: 09 17 33 04 | 10
#1613-d218 @A: 26 09 01 07 | 04
#1614-d218 @A: 09 08 31 07 | 06
#1615-d218 @A: 09 08 20 32 | 03
#1616-d218 @A: 26 09 21 27 | 09
#1617-d218 @A: 05 21 09 25 | 02
#1618-d218 @A: 03 13 09 34 | 12
#1619-d218 @A: 16 19 24 07 | 07
#1620-d218 @A: 24 17 27 33 | 11
#1621-d218 @A: 15 17 35 24 | 08
#1622-d218 @A: 32 24 34 07 | 05
#1623-d218 @A: 10 13 20 24 | 01
#1624-d218 @A: 14 18 04 24 | 10
#1625-d218 @A: 16 24 10 11 | 04
#1626-d218 @A: 03 13 05 24 | 06
#1627-d218 @A: 19 26 20 04 | 03
#1628-d218 @A: 25 04 19 14 | 09
#1629-d218 @A: 11 27 19 33 | 02
#1630-d218 @A: 03 33 12 19 | 12
#1631-d218 @A: 21 25 19 22 | 07
#1632-d218 @A: 34 19 13 30 | 11
#1633-d218 @A: 19 32 12 30 | 08
#1634-d218 @A: 31 07 10 17 | 05
#1635-d218 @A: 08 17 20 05 | 01
#1636-d218 @A: 01 04 17 12 | 10
#1637-d218 @A: 08 14 17 15 | 04
#1638-d218 @A: 17 33 18 12 | 06
#1639-d218 @A: 32 18 17 31 | 03
#1640-d218 @A: 17 12 31 25 | 09
#1641-d218 @A: 32 17 27 30 | 02
#1642-d218 @A: 18 20 33 07 | 12
#1643-d218 @A: 12 08 07 18 | 07
#1644-d218 @A: 07 33 25 11 | 11
#1645-d218 @A: 32 15 05 07 | 08
#1646-d218 @A: 07 26 03 30 | 05
#1647-d218 @A: 20 14 01 16 | 01
#1648-d218 @A: 03 08 20 14 | 10
#1649-d218 @A: 25 05 20 04 | 04
#1650-d218 @A: 13 34 20 31 | 06
#1651-d218 @A: 27 03 20 15 | 03
#1652-d218 @A: 32 27 05 20 | 09
#1653-d218 @A: 13 20 32 12 | 02
#1654-d218 @A: 34 20 30 12 | 12
#1655-d218 @A: 16 30 20 12 | 07
#1656-d218 @A: 32 01 08 11 | 11
#1657-d218 @A: 10 11 01 26 | 08
#1658-d218 @A: 16 01 10 13 | 05
#1659-d218 @A: 34 11 01 35 | 01
#1660-d218 @A: 01 32 12 35 | 10
#1661-d218 @A: 22 05 01 32 | 04
#1662-d218 @A: 26 01 25 34 | 06
#1663-d218 @A: 22 01 16 03 | 03
#1664-d218 @A: 33 18 35 08 | 09
#1665-d218 @A: 08 12 26 32 | 02
#1666-d218 @A: 32 04 16 10 | 12
#1667-d218 @A: 33 11 04 12 | 07
#1668-d218 @A: 35 04 34 03 | 11
#1669-d218 @A: 12 04 15 21 | 08
#1670-d218 @A: 29 04 21 34 | 05
#1671-d218 @A: 16 18 04 22 | 01
#1672-d218 @A: 11 30 10 13 | 10
#1673-d218 @A: 25 21 10 30 | 04
#1674-d218 @A: 15 03 13 10 | 06
#1675-d218 @A: 14 33 25 13 | 03
#1676-d218 @A: 33 31 22 25 | 09
#1677-d218 @A: 16 15 29 33 | 02
#1678-d218 @A: 32 22 13 33 | 12
#1679-d218 @A: 05 27 11 18 | 07
#1680-d218 @A: 14 31 34 29 | 11
#1681-d218 @A: 13 18 14 21 | 08
#1682-d218 @A: 14 12 34 27 | 05
#1683-d218 @A: 25 22 15 14 | 01
#1684-d218 @A: 25 14 29 26 | 10
#1685-d218 @A: 05 21 35 13 | 04
#1686-d218 @A: 21 35 32 03 | 06
#1687-d218 @A: 26 18 15 35 | 03
#1688-d218 @A: 35 32 22 15 | 09
#1689-d218 @A: 30 16 31 27 | 02
