#0001-d226 @A: 22 20 29 11 | 05
#0002-d226 @A: 20 33 13 11 | 12
#0003-d226 @A: 11 10 32 33 | 07
#0004-d226 @A: 02 30 11 18 | 08
#0005-d226 @A: 11 16 04 01 | 04
#0006-d226 @A: 28 11 06 16 | 03
#0007-d226 @A: 17 15 11 16 | 06
#0008-d226 @A: 18 16 11 09 | 01
#0009-d226 @A: 01 29 11 31 | 09
#0010-d226 @A: 26 01 11 09 | 02
#0011-d226 @A: 25 03 01 11 | 10
#0012-d226 @A: 03 11 28 05 | 11
#0013-d226 @A: 11 28 35 25 | 05
#0014-d226 @A: 07 11 27 03 | 12
#0015-d226 @A: 35 23 11 05 | 07
#0016-d226 @A: 27 34 25 11 | 08
#0017-d226 @A: 32 12 06 11 | 04
#0018-d226 @A: 17 22 04 11 | 03
#0019-d226 @A: 24 11 18 22 | 06
#0020-d226 @A: 11 25 08 29 | 01
#0021-d226 @A: 25 14 11 12 | 09
#0022-d226 @A: 11 24 17 25 | 02
#0023-d226 @A: 19 16 10 20 | 10
#0024-d226 @A: 01 20 10 30 | 11
#0025-d226 @A: 20 10 06 04 | 05
#0026-d226 @A: 24 20 32 02 | 12
#0027-d226 @A: 20 16 21 28 | 07
#0028-d226 @A: 23 28 32 20 | 08
#0029-d226 @A: 29 28 20 18 | 04
#0030-d226 @A: 15 05 25 20 | 03
#0031-d226 @A: 20 35 34 15 | 06
#0032-d226 @A: 27 19 07 20 | 01
#0033-d226 @A: 24 35 20 07 | 09
#0034-d226 @A: 12 20 27 32 | 02
#0035-d226 @A: 20 27 21 25 | 10
#0036-d226 @A: 31 03 06 20 | 11
#0037-d226 @A: 13 20 03 09 | 05
#0038-d226 @A: 04 24 29 20 | 12
#0039-d226 @A: 03 29 20 25 | 07
#0040-d226 @A: 08 20 12 25 | 08
#0041-d226 @A: 03 20 21 04 | 04
#0042-d226 @A: 10 02 03 21 | 03
#0043-d226 @A: 23 10 01 15 | 06
#0044-d226 @A: 30 05 28 10 | 01
#0045-d226 @A: 33 10 28 09 | 09
#0046-d226 @A: 28 10 17 12 | 02
#0047-d226 @A: 15 13 10 30 | 10
#0048-d226 @A: 31 10 27 04 | 11
#0049-d226 @A: 13 04 10 09 | 05
#0050-d226 @A: 10 30 12 09 | 12
#0051-d226 @A: 06 10 13 23 | 07
#0052-d226 @A: 08 10 14 17 | 08
#0053-d226 @A: 23 33 10 14 | 04
#0054-d226 @A: 21 10 33 17 | 03
#0055-d226 @A: 10 24 18 21 | 06
#0056-d226 @A: 04 17 24 10 | 01
#0057-d226 @A: 10 03 30 18 | 09
#0058-d226 @A: 27 02 16 29 | 02
#0059-d226 @A: 02 09 16 08 | 10
#0060-d226 @A: 01 29 23 02 | 11
#0061-d226 @A: 02 08 07 06 | 05
#0062-d226 @A: 07 02 19 25 | 12
#0063-d226 @A: 25 27 32 02 | 07
#0064-d226 @A: 14 02 31 18 | 08
#0065-d226 @A: 09 04 02 24 | 04
#0066-d226 @A: 02 34 18 13 | 03
#0067-d226 @A: 29 02 19 17 | 06
#0068-d226 @A: 30 17 02 21 | 01
#0069-d226 @A: 18 02 23 26 | 09
#0070-d226 @A: 02 17 24 12 | 02
#0071-d226 @A: 01 06 16 31 | 10
#0072-d226 @A: 34 16 24 15 | 11
#0073-d226 @A: 27 03 18 16 | 05
#0074-d226 @A: 13 21 09 16 | 12
#0075-d226 @A: 16 23 14 21 | 07
#0076-d226 @A: 30 25 16 17 | 08
#0077-d226 @A: 09 01 15 04 | 04
#0078-d226 @A: 15 08 01 13 | 03
#0079-d226 @A: 30 31 01 07 | 06
#0080-d226 @A: 13 07 14 01 | 01
#0081-d226 @A: 01 23 07 03 | 09
#0082-d226 @A: 14 29 05 01 | 02
#0083-d226 @A: 06 01 27 23 | 10
#0084-d226 @A: 31 32 01 12 | 11
#0085-d226 @A: 31 08 17 01 | 05
#0086-d226 @A: 13 35 22 01 | 12
#0087-d226 @A: 01 22 33 14 | 07
#0088-d226 @A: 21 13 01 18 | 08
#0089-d226 @A: 01 33 21 34 | 04
#0090-d226 @A: 28 12 14 15 | 03
#0091-d226 @A: 22 12 07 28 | 06
#0092-d226 @A: 07 26 14 28 | 01
#0093-d226 @A: 22 09 25 28 | 09
#0094-d226 @A: 26 28 35 32 | 02
#0095-d226 @A: 13 03 22 28 | 10
#0096-d226 @A: 29 15 32 07 | 11
#0097-d226 @A: 05 15 32 09 | 05
#0098-d226 @A: 30 15 19 09 | 12
#0099-d226 @A: 25 15 32 13 | 07
#0100-d226 @A: 29 13 15 06 | 08
#0101-d226 @A: 27 07 05 32 | 04
#0102-d226 @A: 31 27 07 24 | 03
#0103-d226 @A: 12 07 06 27 | 06
#0104-d226 @A: 13 05 27 30 | 01
#0105-d226 @A: 09 13 05 08 | 09
#0106-d226 @A: 05 24 35 22 | 02
#0107-d226 @A: 08 05 18 30 | 10
#0108-d226 @A: 21 05 23 04 | 11
#0109-d226 @A: 30 22 25 27 | 05
#0110-d226 @A: 24 19 27 30 | 12
#0111-d226 @A: 19 17 25 27 | 07
#0112-d226 @A: 14 27 04 34 | 08
#0113-d226 @A: 09 22 31 21 | 04
#0114-d226 @A: 06 26 32 31 | 03
#0115-d226 @A: 29 04 19 31 | 06
#0116-d226 @A: 17 29 03 31 | 01
#0117-d226 @A: 31 24 04 21 | 09
#0118-d226 @A: 29 09 06 34 | 02
#0119-d226 @A: 29 19 25 09 | 10
#0120-d226 @A: 29 09 14 12 | 11
#0121-d226 @A: 09 19 12 08 | 05
#0122-d226 @A: 09 03 12 23 | 12
#0123-d226 @A: 34 32 33 14 | 07
#0124-d226 @A: 08 06 12 03 | 08
#0125-d226 @A: 06 25 17 08 | 04
#0126-d226 @A: 22 34 14 21 | 03
#0127-d226 @A: 34 24 25 22 | 06
#0128-d226 @A: 22 21 26 23 | 01
#0129-d226 @A: 03 04 24 22 | 09
#0130-d226 @A: 33 23 29 35 | 02
#0131-d226 @A: 23 35 19 30 | 10
#0132-d226 @A: 04 35 18 30 | 11
#0133-d226 @A: 33 35 17 04 | 05
#0134-d226 @A: 24 33 12 35 | 12
#0135-d226 @A: 14 26 29 13 | 07
#0136-d226 @A: 13 21 26 19 | 08
#0137-d226 @A: 34 08 13 04 | 04
#0138-d226 @A: 34 30 13 25 | 03
#0139-d226 @A: 18 14 12 13 | 06
#0140-d226 @A: 13 08 30 03 | 01
#0141-d226 @A: 18 04 12 33 | 09
#0142-d226 @A: 11 12 20 10 | 02
#0143-d226 @A: 18 20 11 19 | 10
#0144-d226 @A: 10 11 27 09 | 11
#0145-d226 @A: 02 11 21 13 | 05
#0146-d226 @A: 33 11 16 31 | 12
#0147-d226 @A: 21 01 27 11 | 07
#0148-d226 @A: 04 07 11 28 | 08
#0149-d226 @A: 23 13 28 11 | 04
#0150-d226 @A: 05 15 29 11 | 03
#0151-d226 @A: 31 11 12 15 | 06
#0152-d226 @A: 11 09 08 15 | 01
#0153-d226 @A: 11 25 15 06 | 09
#0154-d226 @A: 15 22 11 30 | 02
#0155-d226 @A: 22 11 31 07 | 10
#0156-d226 @A: 11 17 32 05 | 11
#0157-d226 @A: 22 11 14 09 | 05
#0158-d226 @A: 06 11 22 19 | 12
#0159-d226 @A: 14 17 19 11 | 07
#0160-d226 @A: 25 19 21 11 | 08
#0161-d226 @A: 11 25 26 30 | 04
#0162-d226 @A: 23 11 33 03 | 03
#0163-d226 @A: 20 23 10 27 | 06
#0164-d226 @A: 20 10 18 33 | 01
#0165-d226 @A: 20 03 28 02 | 09
#0166-d226 @A: 21 02 20 18 | 02
#0167-d226 @A: 05 04 20 16 | 10
#0168-d226 @A: 20 08 26 01 | 11
#0169-d226 @A: 20 17 01 33 | 05
#0170-d226 @A: 20 13 28 26 | 12
#0171-d226 @A: 20 18 24 28 | 07
#0172-d226 @A: 08 05 20 07 | 08
#0173-d226 @A: 05 32 20 22 | 04
#0174-d226 @A: 30 20 27 14 | 03
#0175-d226 @A: 35 06 20 12 | 06
#0176-d226 @A: 20 35 08 22 | 01
#0177-d226 @A: 20 30 12 29 | 09
#0178-d226 @A: 20 19 25 23 | 02
#0179-d226 @A: 23 03 20 14 | 10
#0180-d226 @A: 24 03 30 20 | 11
#0181-d226 @A: 06 05 10 02 | 05
#0182-d226 @A: 01 21 05 10 | 12
#0183-d226 @A: 13 10 29 01 | 07
#0184-d226 @A: 19 15 03 10 | 08
#0185-d226 @A: 09 10 07 14 | 04
#0186-d226 @A: 07 10 12 13 | 03
#0187-d226 @A: 31 05 23 10 | 06
#0188-d226 @A: 30 35 10 27 | 01
#0189-d226 @A: 19 06 31 10 | 09
#0190-d226 @A: 31 26 35 10 | 02
#0191-d226 @A: 10 32 08 30 | 10
#0192-d226 @A: 35 10 18 13 | 11
#0193-d226 @A: 21 01 02 16 | 05
#0194-d226 @A: 16 02 24 23 | 12
#0195-d226 @A: 01 32 02 04 | 07
#0196-d226 @A: 15 31 02 33 | 08
#0197-d226 @A: 15 09 02 14 | 04
#0198-d226 @A: 07 09 27 02 | 03
#0199-d226 @A: 07 03 35 02 | 06
#0200-d226 @A: 22 33 04 02 | 01
#0201-d226 @A: 35 14 02 17 | 09
#0202-d226 @A: 26 02 08 21 | 02
#0203-d226 @A: 01 16 05 34 | 10
#0204-d226 @A: 01 18 31 16 | 11
#0205-d226 @A: 29 16 22 01 | 05
#0206-d226 @A: 28 13 16 29 | 12
#0207-d226 @A: 16 17 24 28 | 07
#0208-d226 @A: 07 14 16 15 | 08
#0209-d226 @A: 19 15 16 31 | 04
#0210-d226 @A: 04 07 16 27 | 03
#0211-d226 @A: 35 16 17 07 | 06
#0212-d226 @A: 26 09 16 31 | 01
#0213-d226 @A: 12 16 35 31 | 09
#0214-d226 @A: 21 32 16 03 | 02
#0215-d226 @A: 16 26 18 35 | 10
#0216-d226 @A: 21 16 17 18 | 11
#0217-d226 @A: 21 07 28 01 | 05
#0218-d226 @A: 26 29 28 01 | 12
#0219-d226 @A: 17 18 01 07 | 07
#0220-d226 @A: 12 27 01 35 | 08
#0221-d226 @A: 01 14 27 18 | 04
#0222-d226 @A: 01 18 09 25 | 03
#0223-d226 @A: 06 01 29 08 | 06
#0224-d226 @A: 01 21 12 22 | 01
#0225-d226 @A: 13 30 21 01 | 09
#0226-d226 @A: 17 34 01 03 | 02
#0227-d226 @A: 33 04 01 23 | 10
#0228-d226 @A: 17 25 28 07 | 11
#0229-d226 @A: 28 19 29 24 | 05
#0230-d226 @A: 08 14 19 28 | 12
#0231-d226 @A: 21 03 19 28 | 07
#0232-d226 @A: 34 21 28 24 | 08
#0233-d226 @A: 05 19 35 15 | 04
#0234-d226 @A: 32 08 15 04 | 03
#0235-d226 @A: 18 34 15 33 | 06
#0236-d226 @A: 12 15 25 04 | 01
#0237-d226 @A: 03 18 05 07 | 09
#0238-d226 @A: 27 07 23 33 | 02
#0239-d226 @A: 33 06 07 31 | 10
#0240-d226 @A: 35 31 23 07 | 11
#0241-d226 @A: 21 14 17 07 | 05
#0242-d226 @A: 17 07 26 03 | 12
#0243-d226 @A: 19 14 09 05 | 07
#0244-d226 @A: 05 32 13 21 | 08
#0245-d226 @A: 30 06 05 35 | 04
#0246-d226 @A: 33 24 19 05 | 03
#0247-d226 @A: 03 34 05 24 | 06
#0248-d226 @A: 04 03 33 05 | 01
#0249-d226 @A: 30 05 17 24 | 09
#0250-d226 @A: 17 09 27 32 | 02
#0251-d226 @A: 31 14 32 29 | 10
#0252-d226 @A: 34 18 31 35 | 11
#0253-d226 @A: 21 31 12 19 | 05
#0254-d226 @A: 17 30 33 31 | 12
#0255-d226 @A: 33 09 06 03 | 07
#0256-d226 @A: 09 14 35 18 | 08
#0257-d226 @A: 35 08 25 09 | 04
#0258-d226 @A: 26 09 30 29 | 03
#0259-d226 @A: 24 09 14 23 | 06
#0260-d226 @A: 09 12 21 25 | 01
#0261-d226 @A: 23 06 17 32 | 09
#0262-d226 @A: 30 32 33 22 | 02
#0263-d226 @A: 32 34 12 29 | 10
#0264-d226 @A: 24 34 32 30 | 11
#0265-d226 @A: 25 21 30 32 | 05
#0266-d226 @A: 24 25 33 32 | 12
#0267-d226 @A: 17 19 04 06 | 07
#0268-d226 @A: 25 34 23 06 | 08
#0269-d226 @A: 21 14 30 06 | 04
#0270-d226 @A: 30 03 06 26 | 03
#0271-d226 @A: 19 30 29 22 | 06
#0272-d226 @A: 14 24 22 17 | 01
#0273-d226 @A: 22 04 30 21 | 09
#0274-d226 @A: 12 13 21 35 | 02
#0275-d226 @A: 21 19 35 08 | 10
#0276-d226 @A: 34 21 17 35 | 11
#0277-d226 @A: 35 33 30 14 | 05
#0278-d226 @A: 30 35 12 26 | 12
#0279-d226 @A: 18 13 19 30 | 07
#0280-d226 @A: 21 03 13 17 | 08
#0281-d226 @A: 18 24 14 29 | 04
#0282-d226 @A: 19 18 25 04 | 03
#0283-d226 @A: 17 24 19 18 | 06
#0284-d226 @A: 34 03 18 14 | 01
#0285-d226 @A: 28 15 11 10 | 09
#0286-d226 @A: 35 10 11 04 | 02
#0287-d226 @A: 01 11 02 08 | 10
#0288-d226 @A: 01 22 11 28 | 11
#0289-d226 @A: 26 23 27 11 | 05
#0290-d226 @A: 12 35 11 29 | 12
#0291-d226 @A: 08 23 19 11 | 07
#0292-d226 @A: 34 11 12 23 | 08
#0293-d226 @A: 07 34 20 10 | 04
#0294-d226 @A: 19 20 02 05 | 03
#0295-d226 @A: 16 25 20 07 | 06
#0296-d226 @A: 09 16 20 12 | 01
#0297-d226 @A: 31 21 20 01 | 09
#0298-d226 @A: 35 14 28 20 | 02
#0299-d226 @A: 07 04 18 20 | 10
#0300-d226 @A: 20 18 34 27 | 11
#0301-d226 @A: 20 31 32 04 | 05
#0302-d226 @A: 24 19 31 20 | 12
#0303-d226 @A: 20 09 18 26 | 07
#0304-d226 @A: 20 22 06 21 | 08
#0305-d226 @A: 34 17 22 20 | 04
#0306-d226 @A: 12 20 34 26 | 03
#0307-d226 @A: 10 35 02 13 | 06
#0308-d226 @A: 02 04 10 12 | 01
#0309-d226 @A: 16 10 08 15 | 09
#0310-d226 @A: 10 27 12 16 | 02
#0311-d226 @A: 06 12 01 10 | 10
#0312-d226 @A: 15 10 17 07 | 11
#0313-d226 @A: 35 21 10 15 | 05
#0314-d226 @A: 27 34 10 22 | 12
#0315-d226 @A: 32 22 14 10 | 07
#0316-d226 @A: 18 10 32 13 | 08
#0317-d226 @A: 10 24 06 08 | 04
#0318-d226 @A: 33 19 29 10 | 03
#0319-d226 @A: 26 10 34 17 | 06
#0320-d226 @A: 10 30 26 21 | 01
#0321-d226 @A: 18 02 01 08 | 09
#0322-d226 @A: 32 28 02 08 | 02
#0323-d226 @A: 28 24 33 02 | 10
#0324-d226 @A: 15 02 32 23 | 11
#0325-d226 @A: 13 15 03 02 | 05
#0326-d226 @A: 19 06 13 02 | 12
#0327-d226 @A: 06 02 25 30 | 07
#0328-d226 @A: 29 02 04 26 | 08
#0329-d226 @A: 33 12 30 02 | 04
#0330-d226 @A: 01 14 27 16 | 03
#0331-d226 @A: 27 15 16 03 | 06
#0332-d226 @A: 16 26 32 15 | 01
#0333-d226 @A: 15 33 13 16 | 09
#0334-d226 @A: 16 05 26 07 | 02
#0335-d226 @A: 06 26 16 27 | 10
#0336-d226 @A: 34 16 31 21 | 11
#0337-d226 @A: 32 30 16 04 | 05
#0338-d226 @A: 29 25 34 16 | 12
#0339-d226 @A: 08 19 24 16 | 07
#0340-d226 @A: 19 16 18 26 | 08
#0341-d226 @A: 16 34 12 04 | 04
#0342-d226 @A: 14 16 12 26 | 03
#0343-d226 @A: 16 21 08 30 | 06
#0344-d226 @A: 16 08 04 03 | 01
#0345-d226 @A: 01 05 24 15 | 09
#0346-d226 @A: 03 15 01 31 | 02
#0347-d226 @A: 01 32 15 21 | 10
#0348-d226 @A: 01 06 15 14 | 11
#0349-d226 @A: 35 07 25 01 | 05
#0350-d226 @A: 05 08 01 27 | 12
#0351-d226 @A: 27 01 19 33 | 07
#0352-d226 @A: 32 01 08 09 | 08
#0353-d226 @A: 14 24 01 04 | 04
#0354-d226 @A: 33 01 03 30 | 03
#0355-d226 @A: 28 18 15 03 | 06
#0356-d226 @A: 28 27 32 19 | 01
#0357-d226 @A: 28 12 26 31 | 09
#0358-d226 @A: 08 26 28 03 | 02
#0359-d226 @A: 12 21 30 28 | 10
#0360-d226 @A: 24 12 03 28 | 11
#0361-d226 @A: 25 23 18 28 | 05
#0362-d226 @A: 07 29 18 15 | 12
#0363-d226 @A: 15 19 08 07 | 07
#0364-d226 @A: 15 06 26 05 | 08
#0365-d226 @A: 03 15 05 23 | 04
#0366-d226 @A: 31 27 15 14 | 03
#0367-d226 @A: 27 15 24 32 | 06
#0368-d226 @A: 27 23 15 35 | 01
#0369-d226 @A: 06 31 24 15 | 09
#0370-d226 @A: 25 26 09 15 | 02
#0371-d226 @A: 18 15 32 23 | 10
#0372-d226 @A: 19 22 15 23 | 11
#0373-d226 @A: 26 15 19 29 | 05
#0374-d226 @A: 34 17 15 19 | 12
#0375-d226 @A: 33 15 04 19 | 07
#0376-d226 @A: 33 15 34 08 | 08
#0377-d226 @A: 26 08 14 15 | 04
#0378-d226 @A: 25 26 15 18 | 03
#0379-d226 @A: 27 18 24 07 | 06
#0380-d226 @A: 07 32 09 26 | 01
#0381-d226 @A: 13 04 07 32 | 09
#0382-d226 @A: 29 12 07 19 | 02
#0383-d226 @A: 17 07 29 34 | 10
#0384-d226 @A: 21 23 07 25 | 11
#0385-d226 @A: 07 24 26 12 | 05
#0386-d226 @A: 05 31 14 06 | 12
#0387-d226 @A: 35 09 05 26 | 07
#0388-d226 @A: 22 05 25 04 | 08
#0389-d226 @A: 19 05 30 25 | 04
#0390-d226 @A: 08 21 05 12 | 03
#0391-d226 @A: 25 18 05 33 | 06
#0392-d226 @A: 13 32 29 27 | 01
#0393-d226 @A: 22 27 13 23 | 09
#0394-d226 @A: 08 29 27 14 | 02
#0395-d226 @A: 04 26 08 27 | 10
#0396-d226 @A: 12 27 08 17 | 11
#0397-d226 @A: 27 04 24 12 | 05
#0398-d226 @A: 12 27 26 33 | 12
#0399-d226 @A: 29 18 31 12 | 07
#0400-d226 @A: 31 04 34 17 | 08
#0401-d226 @A: 03 31 08 25 | 04
#0402-d226 @A: 30 32 09 13 | 03
#0403-d226 @A: 26 06 09 13 | 06
#0404-d226 @A: 23 32 13 34 | 01
#0405-d226 @A: 29 03 32 33 | 09
#0406-d226 @A: 19 18 21 32 | 02
#0407-d226 @A: 26 34 04 32 | 10
#0408-d226 @A: 32 25 18 21 | 11
#0409-d226 @A: 21 34 06 03 | 05
#0410-d226 @A: 22 29 26 17 | 12
#0411-d226 @A: 03 25 22 23 | 07
#0412-d226 @A: 13 34 35 14 | 08
#0413-d226 @A: 08 29 35 34 | 04
#0414-d226 @A: 29 35 14 04 | 03
#0415-d226 @A: 14 26 21 35 | 06
#0416-d226 @A: 08 26 35 24 | 01
#0417-d226 @A: 35 21 33 03 | 09
#0418-d226 @A: 18 03 29 13 | 02
#0419-d226 @A: 04 13 30 17 | 10
#0420-d226 @A: 26 18 13 24 | 11
#0421-d226 @A: 11 20 04 02 | 05
#0422-d226 @A: 27 11 31 20 | 12
#0423-d226 @A: 10 14 01 11 | 07
#0424-d226 @A: 26 24 10 11 | 08
#0425-d226 @A: 24 11 27 02 | 04
#0426-d226 @A: 02 31 11 14 | 03
#0427-d226 @A: 11 02 26 06 | 06
#0428-d226 @A: 01 34 11 24 | 01
#0429-d226 @A: 32 15 19 11 | 09
#0430-d226 @A: 15 13 14 11 | 02
#0431-d226 @A: 13 35 07 11 | 10
#0432-d226 @A: 31 06 11 23 | 11
#0433-d226 @A: 21 17 31 11 | 05
#0434-d226 @A: 13 11 17 09 | 12
#0435-d226 @A: 04 06 11 34 | 07
#0436-d226 @A: 19 11 04 24 | 08
#0437-d226 @A: 12 30 11 19 | 04
#0438-d226 @A: 14 11 18 33 | 03
#0439-d226 @A: 13 16 20 30 | 06
#0440-d226 @A: 06 01 05 20 | 01
#0441-d226 @A: 35 01 18 20 | 09
#0442-d226 @A: 28 15 20 24 | 02
#0443-d226 @A: 08 28 30 20 | 10
#0444-d226 @A: 23 20 09 15 | 11
#0445-d226 @A: 20 22 04 09 | 05
#0446-d226 @A: 35 09 20 33 | 12
#0447-d226 @A: 21 17 20 08 | 07
#0448-d226 @A: 04 33 26 20 | 08
#0449-d226 @A: 02 10 15 26 | 04
#0450-d226 @A: 10 18 16 34 | 03
#0451-d226 @A: 31 10 09 01 | 06
#0452-d226 @A: 10 21 28 27 | 01
#0453-d226 @A: 28 26 06 10 | 09
#0454-d226 @A: 27 25 10 15 | 02
#0455-d226 @A: 25 07 10 32 | 10
#0456-d226 @A: 10 05 34 32 | 11
#0457-d226 @A: 26 10 13 27 | 05
#0458-d226 @A: 10 06 22 03 | 12
#0459-d226 @A: 10 18 22 25 | 07
#0460-d226 @A: 10 14 26 25 | 08
#0461-d226 @A: 33 10 04 30 | 04
#0462-d226 @A: 25 33 10 12 | 03
#0463-d226 @A: 10 17 23 25 | 06
#0464-d226 @A: 02 19 26 16 | 01
#0465-d226 @A: 01 15 02 25 | 09
#0466-d226 @A: 02 01 06 34 | 02
#0467-d226 @A: 15 02 07 28 | 10
#0468-d226 @A: 09 26 02 28 | 11
#0469-d226 @A: 02 31 05 24 | 05
#0470-d226 @A: 09 32 06 02 | 12
#0471-d226 @A: 26 32 12 02 | 07
#0472-d226 @A: 14 18 19 02 | 08
#0473-d226 @A: 12 34 02 21 | 04
#0474-d226 @A: 02 25 33 08 | 03
#0475-d226 @A: 24 02 18 04 | 06
#0476-d226 @A: 02 03 24 26 | 01
#0477-d226 @A: 07 16 31 29 | 09
#0478-d226 @A: 16 07 06 23 | 02
#0479-d226 @A: 24 16 32 12 | 10
#0480-d226 @A: 30 22 34 16 | 11
#0481-d226 @A: 16 14 29 03 | 05
#0482-d226 @A: 16 24 29 26 | 12
#0483-d226 @A: 25 33 14 16 | 07
#0484-d226 @A: 23 30 16 03 | 08
#0485-d226 @A: 33 32 01 28 | 04
#0486-d226 @A: 28 01 08 35 | 03
#0487-d226 @A: 34 07 15 01 | 06
#0488-d226 @A: 33 01 07 05 | 01
#0489-d226 @A: 07 19 01 17 | 09
#0490-d226 @A: 01 34 29 04 | 02
#0491-d226 @A: 33 01 29 25 | 10
#0492-d226 @A: 12 03 01 29 | 11
#0493-d226 @A: 21 01 25 26 | 05
#0494-d226 @A: 01 21 24 03 | 12
#0495-d226 @A: 33 01 24 18 | 07
#0496-d226 @A: 13 28 07 33 | 08
#0497-d226 @A: 28 05 06 08 | 04
#0498-d226 @A: 12 35 05 28 | 03
#0499-d226 @A: 28 09 08 27 | 06
#0500-d226 @A: 31 23 09 28 | 01
#0501-d226 @A: 17 28 09 35 | 09
#0502-d226 @A: 28 32 17 22 | 02
#0503-d226 @A: 28 13 06 18 | 10
#0504-d226 @A: 30 22 28 23 | 11
#0505-d226 @A: 35 28 19 04 | 05
#0506-d226 @A: 29 28 30 03 | 12
#0507-d226 @A: 21 26 28 17 | 07
#0508-d226 @A: 26 23 28 24 | 08
#0509-d226 @A: 21 07 15 27 | 04
#0510-d226 @A: 34 32 15 31 | 03
#0511-d226 @A: 13 31 15 04 | 06
#0512-d226 @A: 15 06 04 35 | 01
#0513-d226 @A: 24 15 13 22 | 09
#0514-d226 @A: 30 15 33 23 | 02
#0515-d226 @A: 31 12 07 34 | 10
#0516-d226 @A: 22 32 23 07 | 11
#0517-d226 @A: 32 07 18 35 | 05
#0518-d226 @A: 35 07 19 06 | 12
#0519-d226 @A: 29 07 04 03 | 07
#0520-d226 @A: 30 34 07 14 | 08
#0521-d226 @A: 07 04 17 08 | 04
#0522-d226 @A: 07 03 30 12 | 03
#0523-d226 @A: 33 17 07 24 | 06
#0524-d226 @A: 05 29 13 31 | 01
#0525-d226 @A: 05 09 22 29 | 09
#0526-d226 @A: 03 08 19 05 | 02
#0527-d226 @A: 19 05 26 04 | 10
#0528-d226 @A: 23 34 14 05 | 11
#0529-d226 @A: 18 21 34 05 | 05
#0530-d226 @A: 27 09 31 19 | 12
#0531-d226 @A: 09 14 27 13 | 07
#0532-d226 @A: 25 35 06 27 | 08
#0533-d226 @A: 19 18 33 27 | 04
#0534-d226 @A: 26 17 30 27 | 03
#0535-d226 @A: 18 23 12 27 | 06
#0536-d226 @A: 31 22 26 34 | 01
#0537-d226 @A: 31 26 08 29 | 09
#0538-d226 @A: 03 31 21 23 | 02
#0539-d226 @A: 35 09 03 32 | 10
#0540-d226 @A: 19 09 34 04 | 11
#0541-d226 @A: 25 09 17 14 | 05
#0542-d226 @A: 09 21 08 04 | 12
#0543-d226 @A: 08 24 03 09 | 07
#0544-d226 @A: 22 29 32 06 | 08
#0545-d226 @A: 32 13 08 22 | 04
#0546-d226 @A: 35 25 23 32 | 03
#0547-d226 @A: 32 19 21 34 | 06
#0548-d226 @A: 23 32 21 12 | 01
#0549-d226 @A: 25 18 29 06 | 09
#0550-d226 @A: 24 06 30 33 | 02
#0551-d226 @A: 22 35 21 18 | 10
#0552-d226 @A: 03 33 18 22 | 11
#0553-d226 @A: 22 12 23 17 | 05
#0554-d226 @A: 19 35 26 34 | 12
#0555-d226 @A: 14 19 03 35 | 07
#0556-d226 @A: 12 08 35 04 | 08
#0557-d226 @A: 35 17 25 03 | 04
#0558-d226 @A: 21 23 13 08 | 03
#0559-d226 @A: 18 34 26 29 | 06
#0560-d226 @A: 34 03 20 11 | 01
#0561-d226 @A: 11 10 02 19 | 09
#0562-d226 @A: 10 25 13 11 | 02
#0563-d226 @A: 11 10 17 03 | 10
#0564-d226 @A: 02 25 22 11 | 11
#0565-d226 @A: 35 34 16 11 | 05
#0566-d226 @A: 11 15 33 01 | 12
#0567-d226 @A: 35 03 15 11 | 07
#0568-d226 @A: 07 21 05 11 | 08
#0569-d226 @A: 06 11 07 14 | 04
#0570-d226 @A: 11 07 30 29 | 03
#0571-d226 @A: 24 14 05 11 | 06
#0572-d226 @A: 27 32 11 30 | 01
#0573-d226 @A: 14 35 11 27 | 09
#0574-d226 @A: 13 08 27 11 | 02
#0575-d226 @A: 31 08 11 04 | 10
#0576-d226 @A: 09 24 11 33 | 11
#0577-d226 @A: 22 11 23 24 | 05
#0578-d226 @A: 26 33 29 11 | 12
#0579-d226 @A: 05 20 26 10 | 07
#0580-d226 @A: 02 12 20 13 | 08
#0581-d226 @A: 22 16 03 20 | 04
#0582-d226 @A: 26 35 20 16 | 03
#0583-d226 @A: 22 20 01 19 | 06
#0584-d226 @A: 28 09 20 34 | 01
#0585-d226 @A: 17 27 15 20 | 09
#0586-d226 @A: 15 13 21 20 | 02
#0587-d226 @A: 07 20 03 33 | 10
#0588-d226 @A: 23 20 12 07 | 11
#0589-d226 @A: 17 20 14 29 | 05
#0590-d226 @A: 34 08 20 24 | 12
#0591-d226 @A: 25 33 20 30 | 07
#0592-d226 @A: 16 32 10 02 | 08
#0593-d226 @A: 18 10 02 05 | 04
#0594-d226 @A: 10 35 16 33 | 03
#0595-d226 @A: 31 28 10 14 | 06
#0596-d226 @A: 28 10 04 32 | 01
#0597-d226 @A: 10 22 31 15 | 09
#0598-d226 @A: 10 04 15 29 | 02
#0599-d226 @A: 29 18 27 10 | 10
#0600-d226 @A: 13 19 10 22 | 11
#0601-d226 @A: 10 23 19 21 | 05
#0602-d226 @A: 01 02 13 24 | 12
#0603-d226 @A: 02 29 28 35 | 07
#0604-d226 @A: 26 02 13 07 | 08
#0605-d226 @A: 21 02 27 23 | 04
#0606-d226 @A: 04 02 35 31 | 03
#0607-d226 @A: 02 30 09 03 | 06
#0608-d226 @A: 35 32 02 34 | 01
#0609-d226 @A: 19 02 33 32 | 09
#0610-d226 @A: 06 24 22 02 | 02
#0611-d226 @A: 02 33 26 14 | 10
#0612-d226 @A: 08 02 12 23 | 11
#0613-d226 @A: 02 04 17 25 | 05
#0614-d226 @A: 16 15 30 01 | 12
#0615-d226 @A: 09 01 16 33 | 07
#0616-d226 @A: 01 35 16 19 | 08
#0617-d226 @A: 16 03 31 05 | 04
#0618-d226 @A: 32 05 16 23 | 03
#0619-d226 @A: 35 21 27 16 | 06
#0620-d226 @A: 16 31 32 22 | 01
#0621-d226 @A: 08 16 32 06 | 09
#0622-d226 @A: 24 30 18 16 | 02
#0623-d226 @A: 15 01 26 27 | 10
#0624-d226 @A: 01 07 06 04 | 11
#0625-d226 @A: 01 22 05 30 | 05
#0626-d226 @A: 21 06 09 01 | 12
#0627-d226 @A: 09 22 01 23 | 07
#0628-d226 @A: 01 19 29 21 | 08
#0629-d226 @A: 04 01 30 12 | 04
#0630-d226 @A: 01 04 18 03 | 03
#0631-d226 @A: 12 23 26 01 | 06
#0632-d226 @A: 01 25 12 17 | 01
#0633-d226 @A: 15 28 03 32 | 09
#0634-d226 @A: 06 27 28 24 | 02
#0635-d226 @A: 34 27 28 17 | 10
#0636-d226 @A: 23 28 27 14 | 11
#0637-d226 @A: 19 28 09 06 | 05
#0638-d226 @A: 25 06 12 28 | 12
#0639-d226 @A: 19 12 23 28 | 07
#0640-d226 @A: 03 14 28 34 | 08
#0641-d226 @A: 28 25 08 21 | 04
#0642-d226 @A: 26 18 17 28 | 03
#0643-d226 @A: 07 15 26 31 | 06
#0644-d226 @A: 15 31 05 21 | 01
#0645-d226 @A: 22 05 08 15 | 09
#0646-d226 @A: 27 22 15 29 | 02
#0647-d226 @A: 09 35 13 15 | 10
#0648-d226 @A: 30 14 32 15 | 11
#0649-d226 @A: 04 15 34 22 | 05
#0650-d226 @A: 23 18 13 15 | 12
#0651-d226 @A: 15 34 25 14 | 07
#0652-d226 @A: 21 15 12 26 | 08
#0653-d226 @A: 18 12 15 21 | 04
#0654-d226 @A: 04 03 26 15 | 03
#0655-d226 @A: 17 30 03 15 | 06
#0656-d226 @A: 22 07 09 08 | 01
#0657-d226 @A: 07 29 21 24 | 09
#0658-d226 @A: 07 24 03 19 | 02
#0659-d226 @A: 24 34 07 23 | 10
#0660-d226 @A: 18 07 08 14 | 11
#0661-d226 @A: 07 12 21 04 | 05
#0662-d226 @A: 18 30 12 07 | 12
#0663-d226 @A: 03 05 27 09 | 07
#0664-d226 @A: 21 09 05 17 | 08
#0665-d226 @A: 05 06 33 32 | 04
#0666-d226 @A: 26 18 22 05 | 03
#0667-d226 @A: 35 33 34 05 | 06
#0668-d226 @A: 05 29 04 18 | 01
#0669-d226 @A: 05 23 26 29 | 09
#0670-d226 @A: 05 17 12 34 | 02
#0671-d226 @A: 05 08 23 17 | 10
#0672-d226 @A: 13 25 27 31 | 11
#0673-d226 @A: 24 22 27 09 | 05
#0674-d226 @A: 14 27 32 06 | 12
#0675-d226 @A: 33 22 35 27 | 07
#0676-d226 @A: 29 12 27 21 | 08
#0677-d226 @A: 25 03 27 26 | 04
#0678-d226 @A: 14 13 31 22 | 03
#0679-d226 @A: 31 30 21 29 | 06
#0680-d226 @A: 14 33 31 19 | 01
#0681-d226 @A: 31 34 14 24 | 09
#0682-d226 @A: 30 31 08 14 | 02
#0683-d226 @A: 25 31 12 30 | 10
#0684-d226 @A: 18 32 09 03 | 11
#0685-d226 @A: 09 26 19 24 | 05
#0686-d226 @A: 34 09 23 17 | 12
#0687-d226 @A: 29 32 25 04 | 07
#0688-d226 @A: 34 08 18 32 | 08
#0689-d226 @A: 32 14 08 23 | 04
#0690-d226 @A: 13 17 14 06 | 03
#0691-d226 @A: 23 24 19 06 | 06
#0692-d226 @A: 06 08 18 33 | 01
#0693-d226 @A: 06 21 12 17 | 09
#0694-d226 @A: 24 29 22 33 | 02
#0695-d226 @A: 17 22 14 18 | 10
#0696-d226 @A: 22 30 26 08 | 11
#0697-d226 @A: 29 35 18 19 | 05
#0698-d226 @A: 19 35 33 25 | 12
#0699-d226 @A: 23 35 14 12 | 07
#0700-d226 @A: 33 04 29 13 | 08
#0701-d226 @A: 13 04 12 23 | 04
#0702-d226 @A: 07 01 20 11 | 03
#0703-d226 @A: 10 11 22 21 | 06
#0704-d226 @A: 02 16 11 03 | 01
#0705-d226 @A: 07 02 11 17 | 09
#0706-d226 @A: 16 11 27 19 | 02
#0707-d226 @A: 16 13 24 11 | 10
#0708-d226 @A: 01 05 11 19 | 11
#0709-d226 @A: 23 01 11 18 | 05
#0710-d226 @A: 30 11 09 06 | 12
#0711-d226 @A: 35 32 24 11 | 07
#0712-d226 @A: 34 18 11 25 | 08
#0713-d226 @A: 08 33 30 11 | 04
#0714-d226 @A: 03 12 11 21 | 03
#0715-d226 @A: 10 21 20 32 | 06
#0716-d226 @A: 10 03 20 35 | 01
#0717-d226 @A: 20 16 02 17 | 09
#0718-d226 @A: 06 23 20 02 | 02
#0719-d226 @A: 21 33 02 20 | 10
#0720-d226 @A: 24 01 20 16 | 11
#0721-d226 @A: 33 16 06 20 | 05
#0722-d226 @A: 18 20 16 12 | 12
#0723-d226 @A: 20 28 01 04 | 07
#0724-d226 @A: 15 20 07 04 | 08
#0725-d226 @A: 33 20 15 32 | 04
#0726-d226 @A: 20 09 21 07 | 03
#0727-d226 @A: 30 22 20 07 | 06
#0728-d226 @A: 17 20 30 09 | 01
#0729-d226 @A: 25 20 06 32 | 09
#0730-d226 @A: 08 13 06 20 | 02
#0731-d226 @A: 29 21 26 20 | 10
#0732-d226 @A: 04 25 34 20 | 11
#0733-d226 @A: 24 26 20 25 | 05
#0734-d226 @A: 09 10 02 25 | 12
#0735-d226 @A: 03 10 16 28 | 07
#0736-d226 @A: 07 16 21 10 | 08
#0737-d226 @A: 15 34 10 09 | 04
#0738-d226 @A: 12 05 22 10 | 03
#0739-d226 @A: 08 31 12 10 | 06
#0740-d226 @A: 23 31 10 18 | 01
#0741-d226 @A: 18 10 09 08 | 09
#0742-d226 @A: 24 32 10 13 | 02
#0743-d226 @A: 26 10 29 32 | 10
#0744-d226 @A: 34 23 35 10 | 11
#0745-d226 @A: 29 14 10 24 | 05
#0746-d226 @A: 10 26 12 18 | 12
#0747-d226 @A: 13 04 02 16 | 07
#0748-d226 @A: 02 01 03 22 | 08
#0749-d226 @A: 27 02 15 18 | 04
#0750-d226 @A: 19 02 15 12 | 03
#0751-d226 @A: 07 02 21 31 | 06
#0752-d226 @A: 05 26 02 22 | 01
#0753-d226 @A: 14 27 02 22 | 09
#0754-d226 @A: 02 29 22 31 | 02
#0755-d226 @A: 02 12 09 35 | 10
#0756-d226 @A: 22 23 02 35 | 11
#0757-d226 @A: 02 13 08 14 | 05
#0758-d226 @A: 02 29 25 12 | 12
#0759-d226 @A: 17 02 23 26 | 07
#0760-d226 @A: 17 03 33 02 | 08
#0761-d226 @A: 04 28 16 15 | 04
#0762-d226 @A: 15 09 16 06 | 03
#0763-d226 @A: 15 16 21 22 | 06
#0764-d226 @A: 16 19 07 34 | 01
#0765-d226 @A: 32 29 16 35 | 09
#0766-d226 @A: 16 14 34 17 | 02
#0767-d226 @A: 04 25 16 21 | 10
#0768-d226 @A: 23 33 17 16 | 11
#0769-d226 @A: 06 30 01 32 | 05
#0770-d226 @A: 29 18 30 01 | 12
#0771-d226 @A: 19 04 03 01 | 07
#0772-d226 @A: 19 24 01 12 | 08
#0773-d226 @A: 25 08 01 04 | 04
#0774-d226 @A: 12 33 08 01 | 03
#0775-d226 @A: 30 01 25 23 | 06
#0776-d226 @A: 08 29 28 15 | 01
#0777-d226 @A: 05 07 24 28 | 09
#0778-d226 @A: 07 29 06 28 | 02
#0779-d226 @A: 19 28 33 26 | 10
#0780-d226 @A: 04 26 25 28 | 11
#0781-d226 @A: 28 23 17 03 | 05
#0782-d226 @A: 15 07 25 22 | 12
#0783-d226 @A: 06 30 27 15 | 07
#0784-d226 @A: 15 23 31 29 | 08
#0785-d226 @A: 14 35 15 22 | 04
#0786-d226 @A: 15 22 18 19 | 03
#0787-d226 @A: 35 33 15 26 | 06
#0788-d226 @A: 03 15 33 12 | 01
#0789-d226 @A: 18 34 19 07 | 09
#0790-d226 @A: 07 14 24 08 | 02
#0791-d226 @A: 12 07 33 14 | 10
#0792-d226 @A: 21 03 07 08 | 11
#0793-d226 @A: 12 31 05 27 | 05
#0794-d226 @A: 30 05 31 09 | 12
#0795-d226 @A: 06 09 05 25 | 07
#0796-d226 @A: 23 05 06 22 | 08
#0797-d226 @A: 03 05 29 06 | 04
#0798-d226 @A: 17 22 13 05 | 03
#0799-d226 @A: 04 17 29 05 | 06
#0800-d226 @A: 21 25 05 34 | 01
#0801-d226 @A: 14 25 08 05 | 09
#0802-d226 @A: 30 14 26 05 | 02
#0803-d226 @A: 24 26 05 21 | 10
#0804-d226 @A: 27 31 21 08 | 11
#0805-d226 @A: 18 09 27 04 | 05
#0806-d226 @A: 27 04 22 32 | 12
#0807-d226 @A: 27 21 26 32 | 07
#0808-d226 @A: 18 27 22 06 | 08
#0809-d226 @A: 27 03 21 30 | 04
#0810-d226 @A: 09 24 31 32 | 03
#0811-d226 @A: 31 13 12 09 | 06
#0812-d226 @A: 06 30 22 31 | 01
#0813-d226 @A: 06 35 29 31 | 09
#0814-d226 @A: 31 06 34 13 | 02
#0815-d226 @A: 35 31 24 30 | 10
#0816-d226 @A: 12 24 29 31 | 11
#0817-d226 @A: 32 34 22 09 | 05
#0818-d226 @A: 33 22 09 13 | 12
#0819-d226 @A: 34 26 09 14 | 07
#0820-d226 @A: 32 19 22 35 | 08
#0821-d226 @A: 32 17 24 19 | 04
#0822-d226 @A: 06 17 35 26 | 03
#0823-d226 @A: 29 06 21 23 | 06
#0824-d226 @A: 06 03 14 25 | 01
#0825-d226 @A: 06 08 30 04 | 09
#0826-d226 @A: 03 23 06 04 | 02
#0827-d226 @A: 23 12 06 30 | 10
#0828-d226 @A: 03 06 17 24 | 11
#0829-d226 @A: 17 22 25 21 | 05
#0830-d226 @A: 25 13 35 26 | 12
#0831-d226 @A: 19 17 12 35 | 07
#0832-d226 @A: 13 23 19 14 | 08
#0833-d226 @A: 08 17 19 13 | 04
#0834-d226 @A: 03 13 25 19 | 03
#0835-d226 @A: 30 13 14 12 | 06
#0836-d226 @A: 13 08 26 12 | 01
#0837-d226 @A: 08 25 18 24 | 09
#0838-d226 @A: 23 16 20 11 | 02
#0839-d226 @A: 20 17 35 11 | 10
#0840-d226 @A: 12 05 02 11 | 11
#0841-d226 @A: 32 11 29 02 | 05
#0842-d226 @A: 12 11 16 07 | 12
#0843-d226 @A: 26 11 18 07 | 07
#0844-d226 @A: 13 04 05 11 | 08
#0845-d226 @A: 05 18 14 11 | 04
#0846-d226 @A: 11 18 13 27 | 03
#0847-d226 @A: 35 21 11 09 | 06
#0848-d226 @A: 35 11 26 22 | 01
#0849-d226 @A: 34 22 13 11 | 09
#0850-d226 @A: 29 11 14 34 | 02
#0851-d226 @A: 24 03 29 11 | 10
#0852-d226 @A: 26 11 04 14 | 11
#0853-d226 @A: 11 24 21 30 | 05
#0854-d226 @A: 11 30 04 03 | 12
#0855-d226 @A: 26 11 17 12 | 07
#0856-d226 @A: 25 20 28 10 | 08
#0857-d226 @A: 20 23 01 35 | 04
#0858-d226 @A: 32 20 07 17 | 03
#0859-d226 @A: 20 06 26 07 | 06
#0860-d226 @A: 05 20 31 34 | 01
#0861-d226 @A: 03 05 20 17 | 09
#0862-d226 @A: 30 35 32 20 | 02
#0863-d226 @A: 14 20 26 22 | 10
#0864-d226 @A: 13 25 18 20 | 11
#0865-d226 @A: 29 23 20 08 | 05
#0866-d226 @A: 08 14 04 20 | 12
#0867-d226 @A: 23 24 20 17 | 07
#0868-d226 @A: 02 24 10 07 | 08
#0869-d226 @A: 10 02 14 34 | 04
#0870-d226 @A: 05 10 09 16 | 03
#0871-d226 @A: 23 16 10 22 | 06
#0872-d226 @A: 10 04 22 01 | 01
#0873-d226 @A: 19 28 10 07 | 09
#0874-d226 @A: 05 15 33 10 | 02
#0875-d226 @A: 10 04 07 05 | 10
#0876-d226 @A: 10 22 33 07 | 11
#0877-d226 @A: 10 05 24 25 | 05
#0878-d226 @A: 29 03 09 10 | 12
#0879-d226 @A: 29 10 12 23 | 07
#0880-d226 @A: 02 16 05 15 | 08
#0881-d226 @A: 35 02 26 01 | 04
#0882-d226 @A: 22 19 02 28 | 03
#0883-d226 @A: 27 02 08 15 | 06
#0884-d226 @A: 24 15 35 02 | 01
#0885-d226 @A: 27 13 02 33 | 09
#0886-d226 @A: 21 19 02 09 | 02
#0887-d226 @A: 35 02 06 21 | 10
#0888-d226 @A: 19 02 08 04 | 11
#0889-d226 @A: 14 12 03 02 | 05
#0890-d226 @A: 02 24 21 25 | 12
#0891-d226 @A: 28 16 19 05 | 07
#0892-d226 @A: 35 15 25 16 | 08
#0893-d226 @A: 06 16 05 17 | 04
#0894-d226 @A: 16 05 14 22 | 03
#0895-d226 @A: 16 05 35 13 | 06
#0896-d226 @A: 30 05 16 12 | 01
#0897-d226 @A: 16 22 17 27 | 09
#0898-d226 @A: 16 23 31 04 | 02
#0899-d226 @A: 35 09 16 24 | 10
#0900-d226 @A: 04 06 29 16 | 11
#0901-d226 @A: 16 19 06 30 | 05
#0902-d226 @A: 35 04 22 16 | 12
#0903-d226 @A: 18 16 13 08 | 07
#0904-d226 @A: 16 03 12 17 | 08
#0905-d226 @A: 22 15 17 01 | 04
#0906-d226 @A: 01 27 13 04 | 03
#0907-d226 @A: 22 31 01 24 | 06
#0908-d226 @A: 01 14 31 23 | 01
#0909-d226 @A: 13 32 01 03 | 09
#0910-d226 @A: 01 24 35 06 | 02
#0911-d226 @A: 08 34 22 01 | 10
#0912-d226 @A: 28 22 34 05 | 11
#0913-d226 @A: 35 13 28 27 | 05
#0914-d226 @A: 04 28 23 34 | 12
#0915-d226 @A: 28 24 04 30 | 07
#0916-d226 @A: 09 15 07 33 | 08
#0917-d226 @A: 13 15 27 19 | 04
#0918-d226 @A: 15 24 09 29 | 03
#0919-d226 @A: 15 04 23 24 | 06
#0920-d226 @A: 26 24 30 15 | 01
#0921-d226 @A: 05 07 35 14 | 09
#0922-d226 @A: 13 27 07 17 | 02
#0923-d226 @A: 19 07 31 32 | 10
#0924-d226 @A: 06 09 24 07 | 11
#0925-d226 @A: 21 18 09 07 | 05
#0926-d226 @A: 12 08 32 07 | 12
#0927-d226 @A: 22 26 07 04 | 07
#0928-d226 @A: 08 05 31 32 | 08
#0929-d226 @A: 13 05 33 26 | 04
#0930-d226 @A: 34 19 05 29 | 03
#0931-d226 @A: 26 17 25 05 | 06
#0932-d226 @A: 32 18 27 26 | 01
#0933-d226 @A: 19 06 34 27 | 09
#0934-d226 @A: 24 14 26 27 | 02
#0935-d226 @A: 23 08 30 27 | 10
#0936-d226 @A: 30 25 27 18 | 11
#0937-d226 @A: 23 31 08 22 | 05
#0938-d226 @A: 25 26 19 31 | 12
#0939-d226 @A: 31 23 30 34 | 07
#0940-d226 @A: 31 26 17 24 | 08
#0941-d226 @A: 25 31 18 12 | 04
#0942-d226 @A: 06 09 23 35 | 03
#0943-d226 @A: 23 29 09 04 | 06
#0944-d226 @A: 34 09 08 30 | 01
#0945-d226 @A: 23 21 30 09 | 09
#0946-d226 @A: 19 23 32 04 | 02
#0947-d226 @A: 26 19 32 30 | 10
#0948-d226 @A: 18 12 19 06 | 11
#0949-d226 @A: 26 14 23 06 | 05
#0950-d226 @A: 26 06 33 25 | 12
#0951-d226 @A: 22 12 29 13 | 07
#0952-d226 @A: 08 22 29 04 | 08
#0953-d226 @A: 03 29 22 21 | 04
#0954-d226 @A: 22 08 25 19 | 03
#0955-d226 @A: 19 04 12 22 | 06
#0956-d226 @A: 12 24 22 30 | 01
#0957-d226 @A: 21 29 35 25 | 09
#0958-d226 @A: 35 25 30 04 | 02
#0959-d226 @A: 13 03 26 34 | 10
#0960-d226 @A: 14 21 24 13 | 11
#0961-d226 @A: 13 14 03 33 | 05
#0962-d226 @A: 13 21 25 33 | 12
#0963-d226 @A: 17 18 08 29 | 07
#0964-d226 @A: 18 30 23 33 | 08
#0965-d226 @A: 15 26 11 20 | 04
#0966-d226 @A: 11 30 20 05 | 03
#0967-d226 @A: 17 10 11 18 | 06
#0968-d226 @A: 28 30 02 11 | 01
#0969-d226 @A: 32 11 16 14 | 09
#0970-d226 @A: 22 08 11 16 | 02
#0971-d226 @A: 16 26 11 21 | 10
#0972-d226 @A: 28 11 27 29 | 11
#0973-d226 @A: 12 11 28 09 | 05
#0974-d226 @A: 24 15 11 07 | 12
#0975-d226 @A: 07 11 34 32 | 07
#0976-d226 @A: 11 19 31 35 | 08
#0977-d226 @A: 11 18 29 32 | 04
#0978-d226 @A: 11 35 08 06 | 03
#0979-d226 @A: 18 11 35 06 | 06
#0980-d226 @A: 13 03 11 06 | 01
#0981-d226 @A: 06 21 33 11 | 09
#0982-d226 @A: 11 19 33 34 | 02
#0983-d226 @A: 34 21 11 08 | 10
#0984-d226 @A: 34 30 11 17 | 11
#0985-d226 @A: 14 11 08 03 | 05
#0986-d226 @A: 11 18 21 04 | 12
#0987-d226 @A: 04 11 23 25 | 07
#0988-d226 @A: 08 02 31 20 | 08
#0989-d226 @A: 28 31 20 07 | 04
#0990-d226 @A: 30 20 31 15 | 03
#0991-d226 @A: 15 18 20 31 | 06
#0992-d226 @A: 06 20 19 15 | 01
#0993-d226 @A: 08 20 15 03 | 09
#0994-d226 @A: 20 13 07 29 | 02
#0995-d226 @A: 20 05 27 33 | 10
#0996-d226 @A: 24 20 09 05 | 11
#0997-d226 @A: 21 20 35 05 | 05
#0998-d226 @A: 35 27 04 20 | 12
#0999-d226 @A: 20 31 12 22 | 07
#1000-d226 @A: 26 23 20 31 | 08
#1001-d226 @A: 20 32 09 19 | 04
#1002-d226 @A: 08 33 19 20 | 03
#1003-d226 @A: 06 16 34 10 | 06
#1004-d226 @A: 26 10 16 04 | 01
#1005-d226 @A: 01 10 19 32 | 09
#1006-d226 @A: 28 13 10 08 | 02
#1007-d226 @A: 24 10 12 15 | 10
#1008-d226 @A: 10 14 05 27 | 11
#1009-d226 @A: 03 10 32 27 | 05
#1010-d226 @A: 17 32 31 10 | 12
#1011-d226 @A: 31 10 29 25 | 07
#1012-d226 @A: 10 30 17 22 | 08
#1013-d226 @A: 12 21 14 10 | 04
#1014-d226 @A: 14 10 18 04 | 03
#1015-d226 @A: 10 08 23 04 | 06
#1016-d226 @A: 08 26 33 10 | 01
#1017-d226 @A: 10 03 30 25 | 09
#1018-d226 @A: 06 16 18 02 | 02
#1019-d226 @A: 12 07 01 02 | 10
#1020-d226 @A: 31 02 17 28 | 11
#1021-d226 @A: 25 13 28 02 | 05
#1022-d226 @A: 21 29 02 15 | 12
#1023-d226 @A: 32 02 30 07 | 07
#1024-d226 @A: 07 23 04 02 | 08
#1025-d226 @A: 02 05 23 30 | 04
#1026-d226 @A: 31 27 26 02 | 03
#1027-d226 @A: 27 02 19 35 | 06
#1028-d226 @A: 09 02 22 17 | 01
#1029-d226 @A: 21 02 32 22 | 09
#1030-d226 @A: 29 08 03 02 | 02
#1031-d226 @A: 04 02 03 34 | 10
#1032-d226 @A: 25 02 34 26 | 11
#1033-d226 @A: 17 01 16 32 | 05
#1034-d226 @A: 13 16 01 23 | 12
#1035-d226 @A: 16 32 07 28 | 07
#1036-d226 @A: 28 22 33 16 | 08
#1037-d226 @A: 28 26 30 16 | 04
#1038-d226 @A: 07 13 03 16 | 03
#1039-d226 @A: 05 16 21 29 | 06
#1040-d226 @A: 30 16 27 31 | 01
#1041-d226 @A: 32 13 19 16 | 09
#1042-d226 @A: 06 13 16 12 | 02
#1043-d226 @A: 35 14 16 08 | 10
#1044-d226 @A: 17 16 21 19 | 11
#1045-d226 @A: 08 17 16 26 | 05
#1046-d226 @A: 21 33 12 16 | 12
#1047-d226 @A: 04 24 16 33 | 07
#1048-d226 @A: 01 28 24 25 | 08
#1049-d226 @A: 22 07 01 27 | 04
#1050-d226 @A: 35 03 01 05 | 03
#1051-d226 @A: 18 01 05 19 | 06
#1052-d226 @A: 01 31 35 33 | 01
#1053-d226 @A: 01 09 19 13 | 09
#1054-d226 @A: 14 09 01 03 | 02
#1055-d226 @A: 22 18 01 32 | 10
#1056-d226 @A: 19 06 25 01 | 11
#1057-d226 @A: 01 23 34 19 | 05
#1058-d226 @A: 08 14 01 21 | 12
#1059-d226 @A: 14 30 17 01 | 07
#1060-d226 @A: 15 28 22 26 | 08
#1061-d226 @A: 28 07 03 09 | 04
#1062-d226 @A: 07 28 34 35 | 03
#1063-d226 @A: 07 28 08 23 | 06
#1064-d226 @A: 28 25 32 05 | 01
#1065-d226 @A: 03 27 04 28 | 09
#1066-d226 @A: 13 28 31 19 | 02
#1067-d226 @A: 28 34 31 29 | 10
#1068-d226 @A: 32 28 06 34 | 11
#1069-d226 @A: 18 28 12 32 | 05
#1070-d226 @A: 28 33 21 23 | 12
#1071-d226 @A: 34 15 05 27 | 07
#1072-d226 @A: 05 14 15 04 | 08
#1073-d226 @A: 09 31 15 17 | 04
#1074-d226 @A: 35 08 15 31 | 03
#1075-d226 @A: 15 03 09 22 | 06
#1076-d226 @A: 17 15 32 35 | 01
#1077-d226 @A: 33 15 25 17 | 09
#1078-d226 @A: 07 19 13 05 | 02
#1079-d226 @A: 27 34 08 07 | 10
#1080-d226 @A: 32 06 21 07 | 11
#1081-d226 @A: 14 07 19 22 | 05
#1082-d226 @A: 33 07 13 18 | 12
#1083-d226 @A: 30 19 07 04 | 07
#1084-d226 @A: 07 23 26 19 | 08
#1085-d226 @A: 21 34 07 26 | 04
#1086-d226 @A: 30 26 07 33 | 03
#1087-d226 @A: 19 31 22 05 | 06
#1088-d226 @A: 29 05 12 33 | 01
#1089-d226 @A: 03 05 21 14 | 09
#1090-d226 @A: 12 24 18 05 | 02
#1091-d226 @A: 26 27 19 22 | 10
#1092-d226 @A: 04 29 27 30 | 11
#1093-d226 @A: 19 27 21 04 | 05
#1094-d226 @A: 27 30 12 34 | 12
#1095-d226 @A: 21 18 27 08 | 07
#1096-d226 @A: 14 09 31 35 | 08
#1097-d226 @A: 03 14 31 26 | 04
#1098-d226 @A: 18 32 06 04 | 03
#1099-d226 @A: 19 14 32 25 | 06
#1100-d226 @A: 21 24 08 32 | 01
#1101-d226 @A: 26 25 32 08 | 09
#1102-d226 @A: 06 34 35 22 | 02
#1103-d226 @A: 06 19 14 29 | 10
#1104-d226 @A: 06 29 26 12 | 11
#1105-d226 @A: 06 08 19 26 | 05
#1106-d226 @A: 06 33 34 17 | 12
#1107-d226 @A: 24 06 18 34 | 07
#1108-d226 @A: 19 24 22 21 | 08
#1109-d226 @A: 22 17 33 19 | 04
#1110-d226 @A: 23 04 22 14 | 03
#1111-d226 @A: 35 30 17 08 | 06
#1112-d226 @A: 29 24 13 08 | 01
#1113-d226 @A: 23 13 29 03 | 09
#1114-d226 @A: 04 26 24 13 | 02
#1115-d226 @A: 30 26 23 13 | 10
#1116-d226 @A: 18 14 26 30 | 11
#1117-d226 @A: 08 26 04 18 | 05
#1118-d226 @A: 02 33 35 11 | 12
#1119-d226 @A: 16 11 05 25 | 07
#1120-d226 @A: 24 11 31 28 | 08
#1121-d226 @A: 11 15 04 27 | 04
#1122-d226 @A: 15 11 18 08 | 03
#1123-d226 @A: 34 11 05 09 | 06
#1124-d226 @A: 11 27 22 12 | 01
#1125-d226 @A: 31 13 30 11 | 09
#1126-d226 @A: 10 08 20 09 | 02
#1127-d226 @A: 20 34 27 02 | 10
#1128-d226 @A: 16 27 20 08 | 11
#1129-d226 @A: 20 32 34 16 | 05
#1130-d226 @A: 15 01 12 20 | 12
#1131-d226 @A: 01 03 20 27 | 07
#1132-d226 @A: 20 14 01 25 | 08
#1133-d226 @A: 09 29 31 20 | 04
#1134-d226 @A: 17 20 25 31 | 03
#1135-d226 @A: 32 26 03 20 | 06
#1136-d226 @A: 06 30 20 34 | 01
#1137-d226 @A: 18 22 20 30 | 09
#1138-d226 @A: 20 29 35 19 | 02
#1139-d226 @A: 14 19 20 34 | 10
#1140-d226 @A: 20 12 03 19 | 11
#1141-d226 @A: 27 02 17 10 | 05
#1142-d226 @A: 07 01 26 10 | 12
#1143-d226 @A: 24 01 27 10 | 07
#1144-d226 @A: 10 32 06 15 | 08
#1145-d226 @A: 29 07 10 27 | 04
#1146-d226 @A: 18 07 06 10 | 03
#1147-d226 @A: 35 10 08 07 | 06
#1148-d226 @A: 05 19 10 17 | 01
#1149-d226 @A: 10 09 23 32 | 09
#1150-d226 @A: 09 19 10 35 | 02
#1151-d226 @A: 06 35 10 14 | 10
#1152-d226 @A: 03 04 14 10 | 11
#1153-d226 @A: 16 02 34 28 | 05
#1154-d226 @A: 01 17 02 05 | 12
#1155-d226 @A: 01 19 31 02 | 07
#1156-d226 @A: 02 17 15 06 | 08
#1157-d226 @A: 02 05 33 09 | 04
#1158-d226 @A: 05 34 13 02 | 03
#1159-d226 @A: 02 03 27 06 | 06
#1160-d226 @A: 18 29 02 09 | 01
#1161-d226 @A: 16 28 25 27 | 09
#1162-d226 @A: 28 08 31 16 | 02
#1163-d226 @A: 16 23 28 35 | 10
#1164-d226 @A: 05 08 16 33 | 11
#1165-d226 @A: 09 27 16 23 | 05
#1166-d226 @A: 22 16 26 13 | 12
#1167-d226 @A: 33 26 34 16 | 07
#1168-d226 @A: 30 24 16 14 | 08
#1169-d226 @A: 33 18 25 16 | 04
#1170-d226 @A: 01 05 28 23 | 03
#1171-d226 @A: 01 30 09 28 | 06
#1172-d226 @A: 07 01 24 32 | 01
#1173-d226 @A: 25 01 34 31 | 09
#1174-d226 @A: 01 09 34 35 | 02
#1175-d226 @A: 06 22 26 01 | 10
#1176-d226 @A: 28 35 30 15 | 11
#1177-d226 @A: 34 28 13 15 | 05
#1178-d226 @A: 27 26 05 28 | 12
#1179-d226 @A: 05 09 28 18 | 07
#1180-d226 @A: 28 14 13 05 | 08
#1181-d226 @A: 31 28 30 32 | 04
#1182-d226 @A: 06 21 28 31 | 03
#1183-d226 @A: 33 28 35 06 | 06
#1184-d226 @A: 21 22 28 35 | 01
#1185-d226 @A: 28 12 08 34 | 09
#1186-d226 @A: 25 28 30 14 | 02
#1187-d226 @A: 28 33 25 03 | 10
#1188-d226 @A: 18 05 24 15 | 11
#1189-d226 @A: 22 15 12 32 | 05
#1190-d226 @A: 06 15 22 33 | 12
#1191-d226 @A: 15 30 29 25 | 07
#1192-d226 @A: 14 23 15 17 | 08
#1193-d226 @A: 15 23 08 25 | 04
#1194-d226 @A: 04 15 17 21 | 03
#1195-d226 @A: 03 15 21 25 | 06
#1196-d226 @A: 07 27 35 26 | 01
#1197-d226 @A: 25 27 14 07 | 09
#1198-d226 @A: 17 12 09 07 | 02
#1199-d226 @A: 24 07 13 30 | 10
#1200-d226 @A: 29 08 07 33 | 11
#1201-d226 @A: 33 19 21 07 | 05
#1202-d226 @A: 07 04 34 33 | 12
#1203-d226 @A: 07 03 34 25 | 07
#1204-d226 @A: 30 23 07 17 | 08
#1205-d226 @A: 32 29 05 24 | 04
#1206-d226 @A: 30 05 34 04 | 03
#1207-d226 @A: 05 17 33 14 | 06
#1208-d226 @A: 32 23 31 27 | 01
#1209-d226 @A: 27 03 31 22 | 09
#1210-d226 @A: 35 34 31 27 | 02
#1211-d226 @A: 27 29 33 31 | 10
#1212-d226 @A: 31 17 27 18 | 11
#1213-d226 @A: 29 27 09 35 | 05
#1214-d226 @A: 32 08 27 35 | 12
#1215-d226 @A: 27 19 29 03 | 07
#1216-d226 @A: 27 24 23 29 | 08
#1217-d226 @A: 12 19 27 14 | 04
#1218-d226 @A: 23 03 27 34 | 03
#1219-d226 @A: 27 21 33 14 | 06
#1220-d226 @A: 17 27 14 03 | 01
#1221-d226 @A: 24 03 31 13 | 09
#1222-d226 @A: 23 31 17 19 | 02
#1223-d226 @A: 34 33 31 03 | 10
#1224-d226 @A: 25 21 31 14 | 11
#1225-d226 @A: 08 33 31 24 | 05
#1226-d226 @A: 31 18 26 03 | 12
#1227-d226 @A: 24 31 25 23 | 07
#1228-d226 @A: 12 09 33 32 | 08
#1229-d226 @A: 23 09 25 13 | 04
#1230-d226 @A: 25 34 09 33 | 03
#1231-d226 @A: 26 04 12 09 | 06
#1232-d226 @A: 25 30 24 09 | 01
#1233-d226 @A: 24 18 23 09 | 09
#1234-d226 @A: 06 13 35 32 | 02
#1235-d226 @A: 19 32 03 06 | 10
#1236-d226 @A: 04 32 24 06 | 11
#1237-d226 @A: 12 32 14 04 | 05
#1238-d226 @A: 12 17 30 32 | 12
#1239-d226 @A: 03 32 12 25 | 07
#1240-d226 @A: 14 24 06 12 | 08
#1241-d226 @A: 06 21 26 04 | 04
#1242-d226 @A: 21 06 03 18 | 03
#1243-d226 @A: 03 19 22 34 | 06
#1244-d226 @A: 08 21 33 22 | 01
#1245-d226 @A: 12 22 08 18 | 09
#1246-d226 @A: 19 24 13 35 | 02
#1247-d226 @A: 35 33 13 08 | 10
#1248-d226 @A: 24 17 29 35 | 11
#1249-d226 @A: 34 13 17 24 | 05
#1250-d226 @A: 18 17 23 34 | 12
#1251-d226 @A: 14 03 18 25 | 07
#1252-d226 @A: 08 05 11 10 | 08
#1253-d226 @A: 11 02 34 15 | 04
#1254-d226 @A: 11 17 06 01 | 03
#1255-d226 @A: 12 01 11 13 | 06
#1256-d226 @A: 07 11 09 19 | 01
#1257-d226 @A: 05 11 27 06 | 09
#1258-d226 @A: 31 03 09 11 | 02
#1259-d226 @A: 04 32 09 11 | 10
#1260-d226 @A: 11 26 13 32 | 11
#1261-d226 @A: 12 11 08 24 | 05
#1262-d226 @A: 04 33 11 12 | 12
#1263-d226 @A: 12 03 11 18 | 07
#1264-d226 @A: 01 09 20 02 | 08
#1265-d226 @A: 15 02 20 22 | 04
#1266-d226 @A: 01 32 29 20 | 03
#1267-d226 @A: 17 06 20 28 | 06
#1268-d226 @A: 05 20 13 23 | 01
#1269-d226 @A: 09 27 26 20 | 09
#1270-d226 @A: 13 22 25 20 | 02
#1271-d226 @A: 22 33 20 23 | 10
#1272-d226 @A: 21 20 19 30 | 11
#1273-d226 @A: 20 19 17 26 | 05
#1274-d226 @A: 03 18 08 20 | 12
#1275-d226 @A: 24 21 12 20 | 07
#1276-d226 @A: 30 04 20 23 | 08
#1277-d226 @A: 02 28 10 23 | 04
#1278-d226 @A: 02 30 10 31 | 03
#1279-d226 @A: 25 16 01 10 | 06
#1280-d226 @A: 24 28 10 35 | 01
#1281-d226 @A: 03 10 07 31 | 09
#1282-d226 @A: 06 10 07 30 | 02
#1283-d226 @A: 03 10 05 13 | 10
#1284-d226 @A: 19 08 27 10 | 11
#1285-d226 @A: 13 21 10 31 | 05
#1286-d226 @A: 06 25 21 10 | 12
#1287-d226 @A: 10 35 25 22 | 07
#1288-d226 @A: 21 08 10 29 | 08
#1289-d226 @A: 12 26 10 19 | 04
#1290-d226 @A: 21 04 10 34 | 03
#1291-d226 @A: 23 26 10 03 | 06
#1292-d226 @A: 25 02 16 31 | 01
#1293-d226 @A: 12 16 02 22 | 09
#1294-d226 @A: 27 12 28 02 | 02
#1295-d226 @A: 07 29 05 02 | 10
#1296-d226 @A: 07 02 25 18 | 11
#1297-d226 @A: 02 34 09 31 | 05
#1298-d226 @A: 31 02 32 03 | 12
#1299-d226 @A: 13 02 31 23 | 07
#1300-d226 @A: 02 32 18 33 | 08
#1301-d226 @A: 24 19 14 02 | 04
#1302-d226 @A: 21 02 04 14 | 03
#1303-d226 @A: 02 24 08 30 | 06
#1304-d226 @A: 26 03 16 01 | 01
#1305-d226 @A: 14 09 28 16 | 09
#1306-d226 @A: 16 04 18 28 | 02
#1307-d226 @A: 09 16 07 30 | 10
#1308-d226 @A: 23 18 16 07 | 11
#1309-d226 @A: 16 09 25 32 | 05
#1310-d226 @A: 29 16 08 12 | 12
#1311-d226 @A: 33 16 29 30 | 07
#1312-d226 @A: 04 19 16 14 | 08
#1313-d226 @A: 16 19 33 03 | 04
#1314-d226 @A: 15 28 01 19 | 03
#1315-d226 @A: 28 01 18 07 | 06
#1316-d226 @A: 28 01 27 31 | 01
#1317-d226 @A: 14 26 19 01 | 09
#1318-d226 @A: 08 19 01 30 | 02
#1319-d226 @A: 18 01 34 12 | 10
#1320-d226 @A: 23 21 17 01 | 11
#1321-d226 @A: 04 26 17 01 | 05
#1322-d226 @A: 33 01 26 24 | 12
#1323-d226 @A: 17 28 05 15 | 07
#1324-d226 @A: 06 23 15 28 | 08
#1325-d226 @A: 04 28 09 05 | 04
#1326-d226 @A: 18 08 27 28 | 03
#1327-d226 @A: 35 31 03 28 | 06
#1328-d226 @A: 32 09 28 29 | 01
#1329-d226 @A: 32 13 12 28 | 09
#1330-d226 @A: 22 06 14 28 | 02
#1331-d226 @A: 29 21 28 14 | 10
#1332-d226 @A: 12 28 29 04 | 11
#1333-d226 @A: 33 08 28 04 | 05
#1334-d226 @A: 15 30 07 05 | 12
#1335-d226 @A: 09 15 12 27 | 07
#1336-d226 @A: 34 06 15 12 | 08
#1337-d226 @A: 29 15 33 14 | 04
#1338-d226 @A: 21 15 14 19 | 03
#1339-d226 @A: 21 30 15 34 | 06
#1340-d226 @A: 34 23 26 15 | 01
#1341-d226 @A: 14 03 15 24 | 09
#1342-d226 @A: 24 17 15 08 | 02
#1343-d226 @A: 23 07 05 09 | 10
#1344-d226 @A: 31 13 07 08 | 11
#1345-d226 @A: 09 04 35 07 | 05
#1346-d226 @A: 35 21 30 07 | 12
#1347-d226 @A: 24 25 04 07 | 07
#1348-d226 @A: 18 35 27 05 | 08
#1349-d226 @A: 25 27 29 05 | 04
#1350-d226 @A: 05 27 23 19 | 03
#1351-d226 @A: 32 05 12 19 | 06
#1352-d226 @A: 04 09 06 27 | 01
#1353-d226 @A: 27 21 09 34 | 09
#1354-d226 @A: 22 27 08 06 | 02
#1355-d226 @A: 27 35 24 03 | 10
#1356-d226 @A: 13 27 12 03 | 11
#1357-d226 @A: 24 34 27 33 | 05
#1358-d226 @A: 27 03 33 08 | 12
#1359-d226 @A: 04 33 27 25 | 07
#1360-d226 @A: 17 23 04 27 | 08
#1361-d226 @A: 24 32 31 18 | 04
#1362-d226 @A: 31 04 06 25 | 03
#1363-d226 @A: 25 31 33 22 | 06
#1364-d226 @A: 13 18 04 31 | 01
#1365-d226 @A: 03 31 30 19 | 09
#1366-d226 @A: 31 21 30 18 | 02
#1367-d226 @A: 31 12 23 33 | 10
#1368-d226 @A: 09 22 12 06 | 11
#1369-d226 @A: 09 35 22 30 | 05
#1370-d226 @A: 09 29 17 08 | 12
#1371-d226 @A: 29 21 09 33 | 07
#1372-d226 @A: 24 09 12 34 | 08
#1373-d226 @A: 26 03 21 09 | 04
#1374-d226 @A: 09 17 26 33 | 03
#1375-d226 @A: 32 19 29 08 | 06
#1376-d226 @A: 21 17 32 29 | 01
#1377-d226 @A: 33 32 17 08 | 09
#1378-d226 @A: 18 30 32 17 | 02
#1379-d226 @A: 14 06 08 34 | 10
#1380-d226 @A: 22 29 25 14 | 11
#1381-d226 @A: 12 33 34 22 | 05
#1382-d226 @A: 22 04 18 23 | 12
#1383-d226 @A: 33 26 22 03 | 07
#1384-d226 @A: 35 29 13 30 | 08
#1385-d226 @A: 17 35 23 13 | 04
#1386-d226 @A: 23 18 35 08 | 03
#1387-d226 @A: 25 35 17 18 | 06
#1388-d226 @A: 13 25 14 04 | 01
#1389-d226 @A: 13 23 33 24 | 09
#1390-d226 @A: 11 20 21 14 | 02
#1391-d226 @A: 16 11 10 30 | 10
#1392-d226 @A: 11 23 10 07 | 11
#1393-d226 @A: 11 23 09 02 | 05
#1394-d226 @A: 01 11 32 23 | 12
#1395-d226 @A: 18 11 31 28 | 07
#1396-d226 @A: 23 11 21 15 | 08
#1397-d226 @A: 07 08 11 26 | 04
#1398-d226 @A: 33 07 25 11 | 03
#1399-d226 @A: 33 05 22 11 | 06
#1400-d226 @A: 03 11 32 22 | 01
#1401-d226 @A: 29 11 21 04 | 09
#1402-d226 @A: 30 23 11 14 | 02
#1403-d226 @A: 02 20 29 10 | 10
#1404-d226 @A: 20 15 10 14 | 11
#1405-d226 @A: 20 33 10 31 | 05
#1406-d226 @A: 22 24 20 10 | 12
#1407-d226 @A: 07 02 14 20 | 07
#1408-d226 @A: 20 35 25 02 | 08
#1409-d226 @A: 16 20 15 29 | 04
#1410-d226 @A: 34 01 13 20 | 03
#1411-d226 @A: 20 29 05 28 | 06
#1412-d226 @A: 05 23 18 20 | 01
#1413-d226 @A: 20 06 29 27 | 09
#1414-d226 @A: 24 20 27 13 | 02
#1415-d226 @A: 09 14 06 20 | 10
#1416-d226 @A: 18 32 14 20 | 11
#1417-d226 @A: 18 20 06 17 | 05
#1418-d226 @A: 19 13 04 20 | 12
#1419-d226 @A: 20 23 21 34 | 07
#1420-d226 @A: 02 33 10 01 | 08
#1421-d226 @A: 16 10 31 24 | 04
#1422-d226 @A: 13 16 10 14 | 03
#1423-d226 @A: 01 34 10 28 | 06
#1424-d226 @A: 17 35 01 10 | 01
#1425-d226 @A: 28 10 18 19 | 09
#1426-d226 @A: 26 09 10 22 | 02
#1427-d226 @A: 21 09 24 10 | 10
#1428-d226 @A: 33 13 34 10 | 11
#1429-d226 @A: 29 30 10 34 | 05
#1430-d226 @A: 34 24 10 19 | 12
#1431-d226 @A: 25 19 04 10 | 07
#1432-d226 @A: 10 34 25 08 | 08
#1433-d226 @A: 34 12 10 03 | 04
#1434-d226 @A: 23 30 24 10 | 03
#1435-d226 @A: 16 07 33 02 | 06
#1436-d226 @A: 02 06 14 16 | 01
#1437-d226 @A: 35 30 02 16 | 09
#1438-d226 @A: 28 14 02 01 | 02
#1439-d226 @A: 28 06 04 02 | 10
#1440-d226 @A: 22 28 18 02 | 11
#1441-d226 @A: 27 04 05 02 | 05
#1442-d226 @A: 02 35 08 05 | 12
#1443-d226 @A: 02 25 05 03 | 07
#1444-d226 @A: 06 02 33 29 | 08
#1445-d226 @A: 02 24 29 34 | 04
#1446-d226 @A: 02 30 29 14 | 03
#1447-d226 @A: 03 02 23 19 | 06
#1448-d226 @A: 33 02 23 34 | 01
#1449-d226 @A: 12 16 01 28 | 09
#1450-d226 @A: 22 24 07 16 | 02
#1451-d226 @A: 05 18 32 16 | 10
#1452-d226 @A: 32 33 16 27 | 11
#1453-d226 @A: 27 34 13 16 | 05
#1454-d226 @A: 09 03 16 34 | 12
#1455-d226 @A: 16 06 35 03 | 07
#1456-d226 @A: 21 16 24 06 | 08
#1457-d226 @A: 16 08 25 13 | 04
#1458-d226 @A: 29 16 19 23 | 03
#1459-d226 @A: 26 23 16 25 | 06
#1460-d226 @A: 06 01 28 03 | 01
#1461-d226 @A: 01 35 29 15 | 09
#1462-d226 @A: 07 09 01 29 | 02
#1463-d226 @A: 05 01 26 32 | 10
#1464-d226 @A: 09 27 25 01 | 11
#1465-d226 @A: 27 01 29 17 | 05
#1466-d226 @A: 32 22 25 01 | 12
#1467-d226 @A: 14 01 35 32 | 07
#1468-d226 @A: 06 01 33 13 | 08
#1469-d226 @A: 01 29 24 30 | 04
#1470-d226 @A: 01 24 23 08 | 03
#1471-d226 @A: 15 09 21 28 | 06
#1472-d226 @A: 27 30 07 28 | 01
#1473-d226 @A: 31 28 33 05 | 09
#1474-d226 @A: 28 13 09 24 | 02
#1475-d226 @A: 30 28 06 13 | 10
#1476-d226 @A: 21 04 13 28 | 11
#1477-d226 @A: 23 28 29 25 | 05
#1478-d226 @A: 17 28 30 19 | 12
#1479-d226 @A: 28 30 18 34 | 07
#1480-d226 @A: 28 21 18 14 | 08
#1481-d226 @A: 28 04 17 14 | 04
#1482-d226 @A: 15 07 35 12 | 03
#1483-d226 @A: 13 15 12 05 | 06
#1484-d226 @A: 06 08 21 15 | 01
#1485-d226 @A: 29 12 17 15 | 09
#1486-d226 @A: 15 25 19 24 | 02
#1487-d226 @A: 30 08 12 15 | 10
#1488-d226 @A: 21 33 15 24 | 11
#1489-d226 @A: 18 17 15 04 | 05
#1490-d226 @A: 17 07 31 05 | 12
#1491-d226 @A: 07 25 31 09 | 07
#1492-d226 @A: 31 14 04 07 | 08
#1493-d226 @A: 07 06 25 13 | 04
#1494-d226 @A: 14 07 29 23 | 03
#1495-d226 @A: 31 18 06 05 | 06
#1496-d226 @A: 05 25 35 31 | 01
#1497-d226 @A: 05 04 35 32 | 09
#1498-d226 @A: 24 13 06 05 | 02
#1499-d226 @A: 29 30 08 05 | 10
#1500-d226 @A: 04 05 24 08 | 11
#1501-d226 @A: 21 05 33 30 | 05
#1502-d226 @A: 12 26 05 03 | 12
#1503-d226 @A: 24 05 23 12 | 07
#1504-d226 @A: 27 06 31 17 | 08
#1505-d226 @A: 17 24 27 21 | 04
#1506-d226 @A: 33 31 09 04 | 03
#1507-d226 @A: 35 21 32 31 | 06
#1508-d226 @A: 33 32 13 31 | 01
#1509-d226 @A: 22 35 31 17 | 09
#1510-d226 @A: 08 34 31 19 | 02
#1511-d226 @A: 30 04 31 26 | 10
#1512-d226 @A: 14 09 32 21 | 11
#1513-d226 @A: 19 23 09 33 | 05
#1514-d226 @A: 18 09 34 30 | 12
#1515-d226 @A: 08 09 33 14 | 07
#1516-d226 @A: 30 09 14 04 | 08
#1517-d226 @A: 32 34 03 08 | 04
#1518-d226 @A: 17 32 25 34 | 03
#1519-d226 @A: 04 03 17 32 | 06
#1520-d226 @A: 25 06 29 24 | 01
#1521-d226 @A: 04 33 06 14 | 09
#1522-d226 @A: 03 12 35 22 | 02
#1523-d226 @A: 12 14 22 08 | 10
#1524-d226 @A: 03 08 22 17 | 11
#1525-d226 @A: 04 35 13 03 | 05
#1526-d226 @A: 30 34 35 03 | 12
#1527-d226 @A: 34 12 25 35 | 07
#1528-d226 @A: 26 04 23 35 | 08
#1529-d226 @A: 18 24 35 03 | 04
#1530-d226 @A: 25 13 29 17 | 03
#1531-d226 @A: 13 34 12 19 | 06
#1532-d226 @A: 19 30 13 33 | 01
#1533-d226 @A: 13 17 12 33 | 09
#1534-d226 @A: 29 23 18 21 | 02
#1535-d226 @A: 11 28 19 20 | 10
#1536-d226 @A: 09 11 25 20 | 11
#1537-d226 @A: 08 20 11 32 | 05
#1538-d226 @A: 24 11 20 06 | 12
#1539-d226 @A: 31 34 10 11 | 07
#1540-d226 @A: 06 10 29 11 | 08
#1541-d226 @A: 16 29 09 11 | 04
#1542-d226 @A: 11 30 01 35 | 03
#1543-d226 @A: 32 11 21 28 | 06
#1544-d226 @A: 26 11 34 28 | 01
#1545-d226 @A: 14 33 11 28 | 09
#1546-d226 @A: 11 17 28 08 | 02
#1547-d226 @A: 31 26 05 11 | 10
#1548-d226 @A: 17 33 27 11 | 11
#1549-d226 @A: 32 25 31 11 | 05
#1550-d226 @A: 19 29 11 13 | 12
#1551-d226 @A: 17 29 11 23 | 07
#1552-d226 @A: 19 11 03 26 | 08
#1553-d226 @A: 20 17 10 13 | 04
#1554-d226 @A: 26 30 02 20 | 03
#1555-d226 @A: 31 20 16 14 | 06
#1556-d226 @A: 27 20 22 28 | 01
#1557-d226 @A: 12 28 20 33 | 09
#1558-d226 @A: 12 14 05 20 | 02
#1559-d226 @A: 31 35 20 13 | 10
#1560-d226 @A: 13 20 14 32 | 11
#1561-d226 @A: 20 34 29 33 | 05
#1562-d226 @A: 33 20 24 14 | 12
#1563-d226 @A: 20 17 12 04 | 07
#1564-d226 @A: 10 22 02 08 | 08
#1565-d226 @A: 16 17 10 29 | 04
#1566-d226 @A: 18 10 15 01 | 03
#1567-d226 @A: 01 10 08 03 | 06
#1568-d226 @A: 22 10 28 29 | 01
#1569-d226 @A: 05 10 35 29 | 09
#1570-d226 @A: 06 10 33 27 | 02
#1571-d226 @A: 10 06 17 09 | 10
#1572-d226 @A: 12 10 35 32 | 11
#1573-d226 @A: 30 19 10 14 | 05
#1574-d226 @A: 03 10 33 24 | 12
#1575-d226 @A: 30 02 01 27 | 07
#1576-d226 @A: 05 02 21 28 | 08
#1577-d226 @A: 30 15 04 02 | 04
#1578-d226 @A: 22 07 34 02 | 03
#1579-d226 @A: 05 14 32 02 | 06
#1580-d226 @A: 02 31 12 06 | 01
#1581-d226 @A: 02 13 09 29 | 09
#1582-d226 @A: 17 02 32 13 | 02
#1583-d226 @A: 22 30 02 13 | 10
#1584-d226 @A: 02 35 12 18 | 11
#1585-d226 @A: 19 34 02 30 | 05
#1586-d226 @A: 02 34 08 17 | 12
#1587-d226 @A: 25 14 23 02 | 07
#1588-d226 @A: 03 02 17 18 | 08
#1589-d226 @A: 16 08 07 01 | 04
#1590-d226 @A: 16 18 15 14 | 03
#1591-d226 @A: 23 12 16 15 | 06
#1592-d226 @A: 05 16 24 27 | 01
#1593-d226 @A: 17 31 16 13 | 09
#1594-d226 @A: 19 16 22 09 | 02
#1595-d226 @A: 16 04 17 09 | 10
#1596-d226 @A: 16 25 06 22 | 11
#1597-d226 @A: 16 18 22 29 | 05
#1598-d226 @A: 16 25 19 12 | 12
#1599-d226 @A: 08 16 34 23 | 07
#1600-d226 @A: 03 25 16 24 | 08
#1601-d226 @A: 13 17 01 28 | 04
#1602-d226 @A: 01 04 31 05 | 03
#1603-d226 @A: 05 01 09 12 | 06
#1604-d226 @A: 01 05 25 13 | 01
#1605-d226 @A: 01 32 27 34 | 09
#1606-d226 @A: 01 26 13 31 | 02
#1607-d226 @A: 24 17 09 01 | 10
#1608-d226 @A: 18 01 06 26 | 11
#1609-d226 @A: 21 04 01 35 | 05
#1610-d226 @A: 34 12 14 01 | 12
#1611-d226 @A: 01 26 34 30 | 07
#1612-d226 @A: 27 28 33 15 | 08
#1613-d226 @A: 31 28 15 25 | 04
#1614-d226 @A: 28 22 31 04 | 03
#1615-d226 @A: 24 14 28 32 | 06
#1616-d226 @A: 24 08 22 28 | 01
#1617-d226 @A: 18 33 28 35 | 09
#1618-d226 @A: 17 29 28 33 | 02
#1619-d226 @A: 25 28 34 19 | 10
#1620-d226 @A: 30 28 33 34 | 11
#1621-d226 @A: 03 06 15 07 | 05
#1622-d226 @A: 15 13 23 07 | 12
#1623-d226 @A: 09 15 18 35 | 07
#1624-d226 @A: 15 18 06 30 | 08
#1625-d226 @A: 17 26 13 15 | 04
#1626-d226 @A: 03 29 15 34 | 03
#1627-d226 @A: 06 34 07 05 | 06
#1628-d226 @A: 22 03 07 05 | 01
#1629-d226 @A: 05 12 07 25 | 09
#1630-d226 @A: 07 31 18 22 | 02
#1631-d226 @A: 09 34 07 13 | 10
#1632-d226 @A: 35 32 07 33 | 11
#1633-d226 @A: 07 32 03 14 | 05
#1634-d226 @A: 22 06 07 17 | 12
#1635-d226 @A: 22 29 35 07 | 07
#1636-d226 @A: 07 13 22 21 | 08
#1637-d226 @A: 07 25 29 26 | 04
#1638-d226 @A: 08 30 25 07 | 03
#1639-d226 @A: 27 21 05 22 | 06
#1640-d226 @A: 17 05 35 27 | 01
#1641-d226 @A: 32 03 05 30 | 09
#1642-d226 @A: 06 19 21 05 | 02
#1643-d226 @A: 06 05 04 12 | 10
#1644-d226 @A: 05 18 17 13 | 11
#1645-d226 @A: 34 26 05 08 | 05
#1646-d226 @A: 23 25 05 33 | 12
#1647-d226 @A: 33 27 09 30 | 07
#1648-d226 @A: 06 13 27 21 | 08
#1649-d226 @A: 34 27 29 26 | 04
#1650-d226 @A: 08 27 24 25 | 03
#1651-d226 @A: 27 12 25 23 | 06
#1652-d226 @A: 31 09 06 08 | 01
#1653-d226 @A: 18 31 33 09 | 09
#1654-d226 @A: 31 18 19 08 | 02
#1655-d226 @A: 14 31 17 12 | 10
#1656-d226 @A: 33 21 26 31 | 11
#1657-d226 @A: 04 12 03 31 | 05
#1658-d226 @A: 19 06 09 18 | 12
#1659-d226 @A: 18 13 09 22 | 07
#1660-d226 @A: 03 17 09 19 | 08
#1661-d226 @A: 23 09 08 26 | 04
#1662-d226 @A: 09 03 04 25 | 03
#1663-d226 @A: 18 09 17 12 | 06
#1664-d226 @A: 26 24 32 22 | 01
#1665-d226 @A: 23 29 30 32 | 09
#1666-d226 @A: 32 14 26 17 | 02
#1667-d226 @A: 33 21 04 32 | 10
#1668-d226 @A: 33 26 32 23 | 11
#1669-d226 @A: 23 03 24 32 | 05
#1670-d226 @A: 13 04 06 22 | 12
#1671-d226 @A: 17 29 06 30 | 07
#1672-d226 @A: 12 33 06 19 | 08
#1673-d226 @A: 26 24 06 34 | 04
#1674-d226 @A: 23 06 18 14 | 03
#1675-d226 @A: 08 33 23 06 | 06
#1676-d226 @A: 34 29 22 23 | 01
#1677-d226 @A: 18 04 22 34 | 09
#1678-d226 @A: 22 14 03 30 | 02
#1679-d226 @A: 12 26 22 25 | 10
#1680-d226 @A: 03 29 35 26 | 11
#1681-d226 @A: 04 34 24 35 | 05
#1682-d226 @A: 24 14 35 25 | 12
#1683-d226 @A: 35 23 08 03 | 07
#1684-d226 @A: 23 21 35 24 | 08
#1685-d226 @A: 13 29 34 21 | 04
#1686-d226 @A: 13 25 24 12 | 03
#1687-d226 @A: 29 18 17 33 | 06
#1688-d226 @A: 23 19 18 03 | 01
#1689-d226 @A: 26 18 33 21 | 09
