#0001-d235 @A: 21 18 25 14 | 02
#0002-d235 @A: 21 29 13 04 | 01
#0003-d235 @A: 10 03 13 21 | 07
#0004-d235 @A: 03 35 21 23 | 11
#0005-d235 @A: 17 21 06 03 | 03
#0006-d235 @A: 28 13 09 21 | 05
#0007-d235 @A: 32 21 12 27 | 06
#0008-d235 @A: 27 21 09 06 | 12
#0009-d235 @A: 01 21 05 25 | 09
#0010-d235 @A: 32 17 21 19 | 08
#0011-d235 @A: 33 24 21 25 | 04
#0012-d235 @A: 07 21 24 11 | 10
#0013-d235 @A: 04 08 21 07 | 02
#0014-d235 @A: 21 26 30 04 | 01
#0015-d235 @A: 25 21 15 04 | 07
#0016-d235 @A: 18 31 16 07 | 11
#0017-d235 @A: 31 29 14 15 | 03
#0018-d235 @A: 31 32 03 17 | 05
#0019-d235 @A: 31 16 20 22 | 06
#0020-d235 @A: 22 31 13 33 | 12
#0021-d235 @A: 31 23 19 22 | 09
#0022-d235 @A: 02 28 16 31 | 08
#0023-d235 @A: 28 15 10 31 | 04
#0024-d235 @A: 01 27 02 31 | 10
#0025-d235 @A: 31 27 13 09 | 02
#0026-d235 @A: 31 19 34 02 | 01
#0027-d235 @A: 30 17 31 34 | 07
#0028-d235 @A: 20 31 33 12 | 11
#0029-d235 @A: 31 26 20 14 | 03
#0030-d235 @A: 15 13 31 17 | 05
#0031-d235 @A: 25 32 31 23 | 06
#0032-d235 @A: 31 25 24 26 | 12
#0033-d235 @A: 11 31 06 05 | 09
#0034-d235 @A: 03 04 14 18 | 08
#0035-d235 @A: 03 18 07 08 | 04
#0036-d235 @A: 33 01 18 28 | 10
#0037-d235 @A: 23 28 17 18 | 02
#0038-d235 @A: 01 25 27 18 | 01
#0039-d235 @A: 13 27 17 18 | 07
#0040-d235 @A: 18 25 19 34 | 11
#0041-d235 @A: 11 20 25 18 | 03
#0042-d235 @A: 18 14 16 26 | 05
#0043-d235 @A: 25 18 07 24 | 06
#0044-d235 @A: 32 08 26 18 | 12
#0045-d235 @A: 29 09 16 03 | 09
#0046-d235 @A: 29 02 28 13 | 08
#0047-d235 @A: 27 24 15 29 | 04
#0048-d235 @A: 34 23 29 20 | 10
#0049-d235 @A: 29 01 20 07 | 02
#0050-d235 @A: 13 29 20 11 | 01
#0051-d235 @A: 01 04 17 29 | 07
#0052-d235 @A: 01 12 24 29 | 11
#0053-d235 @A: 29 35 05 13 | 03
#0054-d235 @A: 24 04 29 09 | 05
#0055-d235 @A: 01 19 03 10 | 06
#0056-d235 @A: 03 33 35 14 | 12
#0057-d235 @A: 19 03 33 32 | 09
#0058-d235 @A: 24 03 16 30 | 08
#0059-d235 @A: 03 16 33 11 | 04
#0060-d235 @A: 03 17 14 08 | 10
#0061-d235 @A: 03 26 24 23 | 02
#0062-d235 @A: 05 03 23 25 | 01
#0063-d235 @A: 10 23 30 03 | 07
#0064-d235 @A: 03 02 08 06 | 11
#0065-d235 @A: 22 20 11 27 | 03
#0066-d235 @A: 04 27 22 16 | 05
#0067-d235 @A: 34 12 25 22 | 06
#0068-d235 @A: 22 13 07 20 | 12
#0069-d235 @A: 16 01 22 26 | 09
#0070-d235 @A: 01 22 24 10 | 08
#0071-d235 @A: 02 11 22 35 | 04
#0072-d235 @A: 33 23 24 22 | 10
#0073-d235 @A: 22 06 15 10 | 02
#0074-d235 @A: 09 32 07 22 | 01
#0075-d235 @A: 25 28 13 27 | 07
#0076-d235 @A: 30 28 12 27 | 11
#0077-d235 @A: 20 04 28 14 | 03
#0078-d235 @A: 35 14 11 28 | 05
#0079-d235 @A: 23 28 07 15 | 06
#0080-d235 @A: 28 10 30 05 | 12
#0081-d235 @A: 07 30 28 11 | 09
#0082-d235 @A: 09 28 08 02 | 08
#0083-d235 @A: 15 11 32 28 | 04
#0084-d235 @A: 33 34 01 27 | 10
#0085-d235 @A: 33 20 27 13 | 02
#0086-d235 @A: 12 27 19 02 | 01
#0087-d235 @A: 04 23 27 10 | 07
#0088-d235 @A: 27 08 05 26 | 11
#0089-d235 @A: 25 32 27 33 | 03
#0090-d235 @A: 27 02 10 25 | 05
#0091-d235 @A: 34 16 11 35 | 06
#0092-d235 @A: 16 33 19 34 | 12
#0093-d235 @A: 16 12 24 34 | 09
#0094-d235 @A: 07 23 34 32 | 08
#0095-d235 @A: 24 07 30 34 | 04
#0096-d235 @A: 33 04 34 02 | 10
#0097-d235 @A: 02 30 34 26 | 02
#0098-d235 @A: 34 10 11 02 | 01
#0099-d235 @A: 20 05 26 04 | 07
#0100-d235 @A: 30 07 20 05 | 11
#0101-d235 @A: 20 11 05 32 | 03
#0102-d235 @A: 20 15 02 05 | 05
#0103-d235 @A: 20 10 09 25 | 06
#0104-d235 @A: 06 01 13 33 | 12
#0105-d235 @A: 33 35 01 05 | 09
#0106-d235 @A: 01 15 26 09 | 08
#0107-d235 @A: 10 07 13 35 | 04
#0108-d235 @A: 19 13 33 12 | 10
#0109-d235 @A: 19 09 11 13 | 02
#0110-d235 @A: 13 07 23 24 | 01
#0111-d235 @A: 10 05 13 32 | 07
#0112-d235 @A: 08 13 07 30 | 11
#0113-d235 @A: 09 32 35 19 | 03
#0114-d235 @A: 10 16 35 32 | 05
#0115-d235 @A: 26 06 08 35 | 06
#0116-d235 @A: 30 33 26 35 | 12
#0117-d235 @A: 35 32 15 26 | 09
#0118-d235 @A: 17 14 06 19 | 08
#0119-d235 @A: 26 14 19 05 | 04
#0120-d235 @A: 24 06 23 19 | 10
#0121-d235 @A: 19 25 23 07 | 02
#0122-d235 @A: 06 05 19 32 | 01
#0123-d235 @A: 26 06 19 04 | 07
#0124-d235 @A: 19 15 30 02 | 11
#0125-d235 @A: 05 17 16 12 | 03
#0126-d235 @A: 16 17 07 14 | 05
#0127-d235 @A: 24 15 16 09 | 06
#0128-d235 @A: 08 02 23 17 | 12
#0129-d235 @A: 04 06 17 15 | 09
#0130-d235 @A: 30 04 17 32 | 08
#0131-d235 @A: 06 32 02 17 | 04
#0132-d235 @A: 07 32 12 14 | 10
#0133-d235 @A: 23 26 12 10 | 02
#0134-d235 @A: 12 26 06 32 | 01
#0135-d235 @A: 08 14 32 05 | 07
#0136-d235 @A: 06 30 32 14 | 11
#0137-d235 @A: 30 14 26 08 | 03
#0138-d235 @A: 14 11 08 09 | 05
#0139-d235 @A: 23 11 04 09 | 06
#0140-d235 @A: 11 09 25 06 | 12
#0141-d235 @A: 31 04 21 33 | 09
#0142-d235 @A: 18 21 22 04 | 08
#0143-d235 @A: 09 21 02 18 | 04
#0144-d235 @A: 28 29 30 21 | 10
#0145-d235 @A: 03 08 33 21 | 02
#0146-d235 @A: 32 21 22 25 | 01
#0147-d235 @A: 28 07 34 21 | 07
#0148-d235 @A: 01 21 23 28 | 11
#0149-d235 @A: 21 08 34 06 | 03
#0150-d235 @A: 04 20 21 11 | 05
#0151-d235 @A: 25 13 19 21 | 06
#0152-d235 @A: 21 16 13 26 | 12
#0153-d235 @A: 13 33 21 02 | 09
#0154-d235 @A: 17 21 16 24 | 08
#0155-d235 @A: 21 10 30 06 | 04
#0156-d235 @A: 21 32 33 15 | 10
#0157-d235 @A: 31 18 24 03 | 02
#0158-d235 @A: 20 24 31 29 | 01
#0159-d235 @A: 19 29 31 11 | 07
#0160-d235 @A: 31 08 12 03 | 11
#0161-d235 @A: 09 12 22 31 | 03
#0162-d235 @A: 27 24 31 16 | 05
#0163-d235 @A: 23 31 14 34 | 06
#0164-d235 @A: 31 15 26 34 | 12
#0165-d235 @A: 23 16 31 01 | 09
#0166-d235 @A: 35 10 31 12 | 08
#0167-d235 @A: 19 08 32 31 | 04
#0168-d235 @A: 31 17 33 16 | 10
#0169-d235 @A: 17 08 04 31 | 02
#0170-d235 @A: 14 09 31 25 | 01
#0171-d235 @A: 23 15 30 31 | 07
#0172-d235 @A: 26 02 31 11 | 11
#0173-d235 @A: 10 29 18 22 | 03
#0174-d235 @A: 29 17 18 06 | 05
#0175-d235 @A: 29 12 18 14 | 06
#0176-d235 @A: 20 30 18 28 | 12
#0177-d235 @A: 18 27 16 19 | 09
#0178-d235 @A: 12 06 34 18 | 08
#0179-d235 @A: 34 14 18 15 | 04
#0180-d235 @A: 18 02 19 13 | 10
#0181-d235 @A: 23 18 25 13 | 02
#0182-d235 @A: 06 18 13 15 | 01
#0183-d235 @A: 18 17 25 12 | 07
#0184-d235 @A: 18 14 09 12 | 11
#0185-d235 @A: 11 18 10 32 | 03
#0186-d235 @A: 03 20 27 29 | 05
#0187-d235 @A: 29 03 17 15 | 06
#0188-d235 @A: 27 29 01 09 | 12
#0189-d235 @A: 29 08 34 14 | 09
#0190-d235 @A: 20 17 29 08 | 08
#0191-d235 @A: 14 29 13 26 | 04
#0192-d235 @A: 35 02 29 17 | 10
#0193-d235 @A: 35 12 15 29 | 02
#0194-d235 @A: 16 12 33 29 | 01
#0195-d235 @A: 12 29 17 26 | 07
#0196-d235 @A: 06 14 04 29 | 11
#0197-d235 @A: 29 15 06 26 | 03
#0198-d235 @A: 29 30 33 02 | 05
#0199-d235 @A: 29 10 32 02 | 06
#0200-d235 @A: 19 22 03 02 | 12
#0201-d235 @A: 28 06 03 13 | 09
#0202-d235 @A: 35 03 04 28 | 08
#0203-d235 @A: 03 27 17 33 | 04
#0204-d235 @A: 02 12 34 03 | 10
#0205-d235 @A: 34 05 24 03 | 02
#0206-d235 @A: 05 01 03 14 | 01
#0207-d235 @A: 03 07 13 26 | 07
#0208-d235 @A: 03 05 35 32 | 11
#0209-d235 @A: 19 03 14 24 | 03
#0210-d235 @A: 03 04 11 30 | 05
#0211-d235 @A: 33 10 15 03 | 06
#0212-d235 @A: 22 10 19 28 | 12
#0213-d235 @A: 10 20 34 22 | 09
#0214-d235 @A: 22 34 09 02 | 08
#0215-d235 @A: 04 22 20 23 | 04
#0216-d235 @A: 24 09 20 22 | 10
#0217-d235 @A: 22 12 35 05 | 02
#0218-d235 @A: 19 30 22 16 | 01
#0219-d235 @A: 22 25 17 19 | 07
#0220-d235 @A: 17 19 09 22 | 11
#0221-d235 @A: 15 17 33 22 | 03
#0222-d235 @A: 07 22 12 33 | 05
#0223-d235 @A: 22 11 30 23 | 06
#0224-d235 @A: 02 22 04 30 | 12
#0225-d235 @A: 27 32 28 19 | 09
#0226-d235 @A: 27 28 16 26 | 08
#0227-d235 @A: 28 23 06 27 | 04
#0228-d235 @A: 14 28 34 10 | 10
#0229-d235 @A: 28 01 32 07 | 02
#0230-d235 @A: 12 13 28 32 | 01
#0231-d235 @A: 19 08 12 28 | 07
#0232-d235 @A: 32 14 28 17 | 11
#0233-d235 @A: 04 28 32 05 | 03
#0234-d235 @A: 28 07 10 06 | 05
#0235-d235 @A: 08 28 07 25 | 06
#0236-d235 @A: 26 27 34 14 | 12
#0237-d235 @A: 01 35 15 27 | 09
#0238-d235 @A: 12 08 10 27 | 08
#0239-d235 @A: 27 02 15 23 | 04
#0240-d235 @A: 33 27 24 04 | 10
#0241-d235 @A: 27 09 25 08 | 02
#0242-d235 @A: 34 26 35 20 | 01
#0243-d235 @A: 34 20 16 05 | 07
#0244-d235 @A: 04 34 12 20 | 11
#0245-d235 @A: 06 05 01 34 | 03
#0246-d235 @A: 35 34 17 06 | 05
#0247-d235 @A: 04 34 19 32 | 06
#0248-d235 @A: 11 05 34 26 | 12
#0249-d235 @A: 34 25 26 33 | 09
#0250-d235 @A: 13 12 20 25 | 08
#0251-d235 @A: 23 17 35 20 | 04
#0252-d235 @A: 20 07 08 24 | 10
#0253-d235 @A: 20 32 08 15 | 02
#0254-d235 @A: 02 08 25 20 | 01
#0255-d235 @A: 17 12 10 01 | 07
#0256-d235 @A: 01 11 26 23 | 11
#0257-d235 @A: 11 01 08 04 | 03
#0258-d235 @A: 06 01 30 26 | 05
#0259-d235 @A: 15 01 02 06 | 06
#0260-d235 @A: 01 08 10 15 | 12
#0261-d235 @A: 16 06 13 35 | 09
#0262-d235 @A: 13 16 25 07 | 08
#0263-d235 @A: 12 13 05 09 | 04
#0264-d235 @A: 11 23 15 13 | 10
#0265-d235 @A: 10 04 13 24 | 02
#0266-d235 @A: 07 13 32 15 | 01
#0267-d235 @A: 33 35 04 19 | 07
#0268-d235 @A: 19 35 15 10 | 11
#0269-d235 @A: 23 06 35 02 | 03
#0270-d235 @A: 35 05 10 25 | 05
#0271-d235 @A: 02 33 23 19 | 06
#0272-d235 @A: 05 19 09 06 | 12
#0273-d235 @A: 19 02 25 05 | 09
#0274-d235 @A: 06 11 19 33 | 08
#0275-d235 @A: 10 06 19 02 | 04
#0276-d235 @A: 23 16 04 24 | 10
#0277-d235 @A: 24 16 07 02 | 02
#0278-d235 @A: 24 26 11 16 | 01
#0279-d235 @A: 05 02 10 16 | 07
#0280-d235 @A: 32 07 16 26 | 11
#0281-d235 @A: 08 17 06 30 | 03
#0282-d235 @A: 17 09 26 07 | 05
#0283-d235 @A: 09 32 17 10 | 06
#0284-d235 @A: 24 02 15 12 | 12
#0285-d235 @A: 25 12 11 04 | 09
#0286-d235 @A: 30 12 25 07 | 08
#0287-d235 @A: 05 33 14 23 | 04
#0288-d235 @A: 04 14 07 25 | 10
#0289-d235 @A: 26 14 33 06 | 02
#0290-d235 @A: 14 25 11 15 | 01
#0291-d235 @A: 08 31 27 21 | 07
#0292-d235 @A: 31 20 21 30 | 11
#0293-d235 @A: 08 21 18 11 | 03
#0294-d235 @A: 27 29 05 21 | 05
#0295-d235 @A: 11 21 14 03 | 06
#0296-d235 @A: 21 27 33 26 | 12
#0297-d235 @A: 34 21 09 08 | 09
#0298-d235 @A: 24 12 21 13 | 08
#0299-d235 @A: 19 07 21 35 | 04
#0300-d235 @A: 21 12 35 33 | 10
#0301-d235 @A: 21 24 32 08 | 02
#0302-d235 @A: 15 07 21 10 | 01
#0303-d235 @A: 28 18 25 31 | 07
#0304-d235 @A: 18 32 12 31 | 11
#0305-d235 @A: 31 02 18 14 | 03
#0306-d235 @A: 12 25 31 29 | 05
#0307-d235 @A: 29 33 10 31 | 06
#0308-d235 @A: 03 15 31 35 | 12
#0309-d235 @A: 31 09 03 15 | 09
#0310-d235 @A: 04 31 22 25 | 08
#0311-d235 @A: 10 31 02 22 | 04
#0312-d235 @A: 28 17 31 01 | 10
#0313-d235 @A: 31 20 17 19 | 02
#0314-d235 @A: 31 32 02 20 | 01
#0315-d235 @A: 31 30 04 01 | 07
#0316-d235 @A: 31 01 33 25 | 11
#0317-d235 @A: 31 35 07 17 | 03
#0318-d235 @A: 31 19 25 16 | 05
#0319-d235 @A: 19 04 31 14 | 06
#0320-d235 @A: 12 31 24 23 | 12
#0321-d235 @A: 31 04 02 23 | 09
#0322-d235 @A: 31 26 06 23 | 08
#0323-d235 @A: 24 08 31 02 | 04
#0324-d235 @A: 07 02 31 15 | 10
#0325-d235 @A: 28 35 18 10 | 02
#0326-d235 @A: 35 18 34 04 | 01
#0327-d235 @A: 16 09 18 34 | 07
#0328-d235 @A: 32 01 18 19 | 11
#0329-d235 @A: 24 16 18 13 | 03
#0330-d235 @A: 02 16 35 18 | 05
#0331-d235 @A: 19 14 18 11 | 06
#0332-d235 @A: 17 18 25 09 | 12
#0333-d235 @A: 12 26 05 18 | 09
#0334-d235 @A: 24 04 30 18 | 08
#0335-d235 @A: 08 30 18 33 | 04
#0336-d235 @A: 29 01 23 03 | 10
#0337-d235 @A: 30 29 12 03 | 02
#0338-d235 @A: 14 07 29 03 | 01
#0339-d235 @A: 08 29 35 28 | 07
#0340-d235 @A: 28 06 19 29 | 11
#0341-d235 @A: 27 29 13 10 | 03
#0342-d235 @A: 08 13 01 29 | 05
#0343-d235 @A: 19 25 01 29 | 06
#0344-d235 @A: 33 29 26 01 | 12
#0345-d235 @A: 07 12 29 13 | 09
#0346-d235 @A: 23 29 09 35 | 08
#0347-d235 @A: 10 29 19 24 | 04
#0348-d235 @A: 02 23 29 24 | 10
#0349-d235 @A: 32 26 29 24 | 02
#0350-d235 @A: 10 26 05 29 | 01
#0351-d235 @A: 10 04 08 29 | 07
#0352-d235 @A: 29 04 25 26 | 11
#0353-d235 @A: 29 30 10 15 | 03
#0354-d235 @A: 22 03 09 13 | 05
#0355-d235 @A: 24 22 12 03 | 06
#0356-d235 @A: 24 13 27 03 | 12
#0357-d235 @A: 19 03 08 27 | 09
#0358-d235 @A: 04 09 27 03 | 08
#0359-d235 @A: 03 30 35 34 | 04
#0360-d235 @A: 26 16 03 34 | 10
#0361-d235 @A: 20 19 03 26 | 02
#0362-d235 @A: 02 35 07 03 | 01
#0363-d235 @A: 25 26 08 03 | 07
#0364-d235 @A: 30 22 34 13 | 11
#0365-d235 @A: 01 15 12 22 | 03
#0366-d235 @A: 25 24 22 16 | 05
#0367-d235 @A: 17 04 10 22 | 06
#0368-d235 @A: 15 09 05 22 | 12
#0369-d235 @A: 11 33 32 22 | 09
#0370-d235 @A: 27 28 08 17 | 08
#0371-d235 @A: 17 15 34 28 | 04
#0372-d235 @A: 25 28 02 34 | 10
#0373-d235 @A: 24 13 14 28 | 02
#0374-d235 @A: 28 13 05 23 | 01
#0375-d235 @A: 35 23 19 28 | 07
#0376-d235 @A: 28 25 35 17 | 11
#0377-d235 @A: 33 07 14 28 | 03
#0378-d235 @A: 24 28 04 06 | 05
#0379-d235 @A: 28 25 26 09 | 06
#0380-d235 @A: 01 27 05 20 | 12
#0381-d235 @A: 13 06 12 27 | 09
#0382-d235 @A: 27 23 13 26 | 08
#0383-d235 @A: 12 09 27 35 | 04
#0384-d235 @A: 23 27 11 35 | 10
#0385-d235 @A: 04 27 30 19 | 02
#0386-d235 @A: 08 27 24 23 | 01
#0387-d235 @A: 33 11 10 27 | 07
#0388-d235 @A: 09 07 27 02 | 11
#0389-d235 @A: 11 01 34 13 | 03
#0390-d235 @A: 08 34 01 12 | 05
#0391-d235 @A: 14 10 09 34 | 06
#0392-d235 @A: 02 34 23 05 | 12
#0393-d235 @A: 23 34 04 26 | 09
#0394-d235 @A: 08 34 30 10 | 08
#0395-d235 @A: 04 16 13 20 | 04
#0396-d235 @A: 10 20 05 12 | 10
#0397-d235 @A: 33 05 25 20 | 02
#0398-d235 @A: 09 15 11 20 | 01
#0399-d235 @A: 23 15 33 01 | 07
#0400-d235 @A: 24 01 33 07 | 11
#0401-d235 @A: 01 24 09 10 | 03
#0402-d235 @A: 04 32 01 02 | 05
#0403-d235 @A: 33 01 06 09 | 06
#0404-d235 @A: 02 08 01 30 | 12
#0405-d235 @A: 13 08 16 19 | 09
#0406-d235 @A: 13 06 25 32 | 08
#0407-d235 @A: 15 35 04 23 | 04
#0408-d235 @A: 35 32 06 11 | 10
#0409-d235 @A: 15 35 08 07 | 02
#0410-d235 @A: 05 19 10 04 | 01
#0411-d235 @A: 15 33 19 26 | 07
#0412-d235 @A: 04 10 16 07 | 11
#0413-d235 @A: 02 06 25 16 | 03
#0414-d235 @A: 16 33 15 02 | 05
#0415-d235 @A: 14 17 15 23 | 06
#0416-d235 @A: 06 17 33 10 | 12
#0417-d235 @A: 32 12 23 08 | 09
#0418-d235 @A: 12 05 24 08 | 08
#0419-d235 @A: 07 09 30 12 | 04
#0420-d235 @A: 32 12 02 25 | 10
#0421-d235 @A: 15 30 14 04 | 02
#0422-d235 @A: 31 05 32 21 | 01
#0423-d235 @A: 21 29 18 24 | 07
#0424-d235 @A: 21 19 10 18 | 11
#0425-d235 @A: 21 18 33 17 | 03
#0426-d235 @A: 14 33 21 29 | 05
#0427-d235 @A: 29 09 30 21 | 06
#0428-d235 @A: 02 22 16 21 | 12
#0429-d235 @A: 34 14 21 12 | 09
#0430-d235 @A: 21 09 14 01 | 08
#0431-d235 @A: 10 21 01 02 | 04
#0432-d235 @A: 35 16 21 30 | 10
#0433-d235 @A: 25 21 30 08 | 02
#0434-d235 @A: 31 18 35 06 | 01
#0435-d235 @A: 11 17 18 31 | 07
#0436-d235 @A: 31 29 28 32 | 11
#0437-d235 @A: 04 31 03 13 | 03
#0438-d235 @A: 22 07 28 31 | 05
#0439-d235 @A: 01 07 12 31 | 06
#0440-d235 @A: 26 08 13 31 | 12
#0441-d235 @A: 31 02 13 25 | 09
#0442-d235 @A: 35 14 31 32 | 08
#0443-d235 @A: 09 30 31 17 | 04
#0444-d235 @A: 29 19 03 18 | 10
#0445-d235 @A: 27 29 08 18 | 02
#0446-d235 @A: 30 13 18 29 | 01
#0447-d235 @A: 29 05 18 04 | 07
#0448-d235 @A: 18 33 32 29 | 11
#0449-d235 @A: 07 15 18 29 | 03
#0450-d235 @A: 03 18 06 27 | 05
#0451-d235 @A: 18 16 05 03 | 06
#0452-d235 @A: 05 18 28 22 | 12
#0453-d235 @A: 27 26 18 22 | 09
#0454-d235 @A: 27 22 09 18 | 08
#0455-d235 @A: 18 01 11 22 | 04
#0456-d235 @A: 19 18 24 22 | 10
#0457-d235 @A: 18 15 16 22 | 02
#0458-d235 @A: 23 18 27 07 | 01
#0459-d235 @A: 11 15 18 27 | 07
#0460-d235 @A: 01 04 20 18 | 11
#0461-d235 @A: 24 18 02 20 | 03
#0462-d235 @A: 13 18 01 07 | 05
#0463-d235 @A: 01 05 17 18 | 06
#0464-d235 @A: 08 13 18 12 | 12
#0465-d235 @A: 04 18 17 19 | 09
#0466-d235 @A: 17 16 18 32 | 08
#0467-d235 @A: 23 15 18 26 | 04
#0468-d235 @A: 07 18 04 32 | 10
#0469-d235 @A: 02 18 07 11 | 02
#0470-d235 @A: 29 34 10 03 | 01
#0471-d235 @A: 26 29 11 03 | 07
#0472-d235 @A: 22 29 32 17 | 11
#0473-d235 @A: 23 29 22 26 | 03
#0474-d235 @A: 17 28 29 24 | 05
#0475-d235 @A: 29 14 28 25 | 06
#0476-d235 @A: 13 29 33 34 | 12
#0477-d235 @A: 12 29 34 32 | 09
#0478-d235 @A: 29 25 20 32 | 08
#0479-d235 @A: 24 16 29 14 | 04
#0480-d235 @A: 23 13 34 03 | 10
#0481-d235 @A: 16 03 20 02 | 02
#0482-d235 @A: 01 03 16 08 | 01
#0483-d235 @A: 13 15 03 12 | 07
#0484-d235 @A: 24 25 15 03 | 11
#0485-d235 @A: 15 08 03 04 | 03
#0486-d235 @A: 28 16 22 32 | 05
#0487-d235 @A: 28 22 23 08 | 06
#0488-d235 @A: 28 11 25 22 | 12
#0489-d235 @A: 20 35 15 22 | 09
#0490-d235 @A: 01 35 25 22 | 08
#0491-d235 @A: 23 01 22 02 | 04
#0492-d235 @A: 17 13 11 22 | 10
#0493-d235 @A: 13 04 22 26 | 02
#0494-d235 @A: 14 24 35 22 | 01
#0495-d235 @A: 22 08 16 09 | 07
#0496-d235 @A: 08 22 04 24 | 11
#0497-d235 @A: 32 07 22 24 | 03
#0498-d235 @A: 07 22 04 11 | 05
#0499-d235 @A: 26 15 08 22 | 06
#0500-d235 @A: 28 13 10 20 | 12
#0501-d235 @A: 11 16 01 28 | 09
#0502-d235 @A: 28 35 02 12 | 08
#0503-d235 @A: 33 17 12 28 | 04
#0504-d235 @A: 32 23 30 28 | 10
#0505-d235 @A: 28 24 10 08 | 02
#0506-d235 @A: 28 24 30 02 | 01
#0507-d235 @A: 25 28 33 06 | 07
#0508-d235 @A: 20 08 27 16 | 11
#0509-d235 @A: 32 17 27 35 | 03
#0510-d235 @A: 27 17 10 16 | 05
#0511-d235 @A: 12 27 17 04 | 06
#0512-d235 @A: 17 07 05 27 | 12
#0513-d235 @A: 32 11 04 27 | 09
#0514-d235 @A: 25 01 34 04 | 08
#0515-d235 @A: 34 25 13 35 | 04
#0516-d235 @A: 13 34 14 06 | 10
#0517-d235 @A: 26 17 19 34 | 02
#0518-d235 @A: 34 16 25 14 | 01
#0519-d235 @A: 34 33 23 11 | 07
#0520-d235 @A: 24 34 05 09 | 11
#0521-d235 @A: 05 04 34 30 | 03
#0522-d235 @A: 12 07 20 19 | 05
#0523-d235 @A: 20 12 11 17 | 06
#0524-d235 @A: 06 24 20 32 | 12
#0525-d235 @A: 05 06 08 20 | 09
#0526-d235 @A: 07 20 32 10 | 08
#0527-d235 @A: 19 14 23 01 | 04
#0528-d235 @A: 16 25 12 01 | 10
#0529-d235 @A: 09 13 14 07 | 02
#0530-d235 @A: 14 11 32 13 | 01
#0531-d235 @A: 06 13 24 09 | 07
#0532-d235 @A: 06 35 05 30 | 11
#0533-d235 @A: 11 05 35 15 | 03
#0534-d235 @A: 05 02 35 26 | 05
#0535-d235 @A: 06 10 04 35 | 06
#0536-d235 @A: 33 06 07 35 | 12
#0537-d235 @A: 35 08 02 10 | 09
#0538-d235 @A: 09 35 11 26 | 08
#0539-d235 @A: 26 19 07 24 | 04
#0540-d235 @A: 08 07 19 05 | 10
#0541-d235 @A: 25 10 19 11 | 02
#0542-d235 @A: 23 25 16 09 | 01
#0543-d235 @A: 08 24 06 16 | 07
#0544-d235 @A: 08 11 16 05 | 11
#0545-d235 @A: 16 09 05 11 | 03
#0546-d235 @A: 26 16 05 25 | 05
#0547-d235 @A: 17 09 12 33 | 06
#0548-d235 @A: 17 23 07 06 | 12
#0549-d235 @A: 24 17 32 05 | 09
#0550-d235 @A: 15 07 17 24 | 08
#0551-d235 @A: 17 24 10 02 | 04
#0552-d235 @A: 05 17 10 15 | 10
#0553-d235 @A: 17 05 25 11 | 02
#0554-d235 @A: 02 17 04 09 | 01
#0555-d235 @A: 12 14 02 26 | 07
#0556-d235 @A: 26 24 30 12 | 11
#0557-d235 @A: 30 10 12 04 | 03
#0558-d235 @A: 32 33 14 02 | 05
#0559-d235 @A: 21 35 25 31 | 06
#0560-d235 @A: 31 10 21 14 | 12
#0561-d235 @A: 26 21 18 34 | 09
#0562-d235 @A: 02 34 29 21 | 08
#0563-d235 @A: 21 03 24 01 | 04
#0564-d235 @A: 04 28 21 10 | 10
#0565-d235 @A: 27 21 15 13 | 02
#0566-d235 @A: 20 21 26 12 | 01
#0567-d235 @A: 21 01 17 15 | 07
#0568-d235 @A: 21 35 13 32 | 11
#0569-d235 @A: 10 21 11 35 | 03
#0570-d235 @A: 21 11 33 30 | 05
#0571-d235 @A: 32 30 07 21 | 06
#0572-d235 @A: 08 21 02 15 | 12
#0573-d235 @A: 21 32 10 26 | 09
#0574-d235 @A: 31 05 34 18 | 08
#0575-d235 @A: 31 11 22 03 | 04
#0576-d235 @A: 03 16 10 31 | 10
#0577-d235 @A: 22 15 27 31 | 02
#0578-d235 @A: 28 35 31 05 | 01
#0579-d235 @A: 06 30 31 28 | 07
#0580-d235 @A: 14 27 33 31 | 11
#0581-d235 @A: 34 24 01 31 | 03
#0582-d235 @A: 31 34 16 08 | 05
#0583-d235 @A: 34 32 10 31 | 06
#0584-d235 @A: 20 04 15 31 | 12
#0585-d235 @A: 13 31 12 14 | 09
#0586-d235 @A: 09 04 31 19 | 08
#0587-d235 @A: 17 25 14 31 | 04
#0588-d235 @A: 31 25 07 05 | 10
#0589-d235 @A: 06 31 02 33 | 02
#0590-d235 @A: 32 11 30 31 | 01
#0591-d235 @A: 18 29 16 20 | 07
#0592-d235 @A: 29 35 25 18 | 11
#0593-d235 @A: 32 28 03 18 | 03
#0594-d235 @A: 03 35 18 20 | 05
#0595-d235 @A: 34 22 08 18 | 06
#0596-d235 @A: 28 24 18 34 | 12
#0597-d235 @A: 14 27 30 18 | 09
#0598-d235 @A: 24 18 27 32 | 08
#0599-d235 @A: 34 18 30 16 | 04
#0600-d235 @A: 09 18 01 23 | 10
#0601-d235 @A: 18 35 23 32 | 02
#0602-d235 @A: 04 11 18 23 | 01
#0603-d235 @A: 05 18 06 25 | 07
#0604-d235 @A: 26 04 18 10 | 11
#0605-d235 @A: 11 09 33 18 | 03
#0606-d235 @A: 18 09 32 30 | 05
#0607-d235 @A: 10 25 18 15 | 06
#0608-d235 @A: 33 22 03 29 | 12
#0609-d235 @A: 06 03 35 29 | 09
#0610-d235 @A: 08 29 24 03 | 08
#0611-d235 @A: 04 29 28 22 | 04
#0612-d235 @A: 25 22 27 29 | 10
#0613-d235 @A: 09 10 19 29 | 02
#0614-d235 @A: 17 16 29 11 | 01
#0615-d235 @A: 11 05 23 29 | 07
#0616-d235 @A: 02 29 05 06 | 11
#0617-d235 @A: 25 05 29 08 | 03
#0618-d235 @A: 33 04 07 29 | 05
#0619-d235 @A: 23 17 22 03 | 06
#0620-d235 @A: 01 25 28 03 | 12
#0621-d235 @A: 12 26 28 03 | 09
#0622-d235 @A: 09 28 07 03 | 08
#0623-d235 @A: 16 03 27 35 | 04
#0624-d235 @A: 03 27 14 10 | 10
#0625-d235 @A: 03 20 15 30 | 02
#0626-d235 @A: 19 13 17 03 | 01
#0627-d235 @A: 05 13 03 33 | 07
#0628-d235 @A: 03 06 23 15 | 11
#0629-d235 @A: 03 02 33 24 | 03
#0630-d235 @A: 03 07 15 05 | 05
#0631-d235 @A: 13 22 28 01 | 06
#0632-d235 @A: 06 28 12 22 | 12
#0633-d235 @A: 22 27 07 35 | 09
#0634-d235 @A: 08 20 22 19 | 08
#0635-d235 @A: 26 22 24 05 | 04
#0636-d235 @A: 22 33 25 08 | 10
#0637-d235 @A: 34 35 32 28 | 02
#0638-d235 @A: 28 16 23 34 | 01
#0639-d235 @A: 12 01 14 28 | 07
#0640-d235 @A: 13 26 28 35 | 11
#0641-d235 @A: 28 15 08 13 | 03
#0642-d235 @A: 17 16 04 28 | 05
#0643-d235 @A: 23 25 26 28 | 06
#0644-d235 @A: 26 32 02 28 | 12
#0645-d235 @A: 34 12 15 27 | 09
#0646-d235 @A: 20 15 14 27 | 08
#0647-d235 @A: 01 27 14 24 | 04
#0648-d235 @A: 27 12 35 14 | 10
#0649-d235 @A: 05 15 27 16 | 02
#0650-d235 @A: 27 17 11 14 | 01
#0651-d235 @A: 24 27 26 17 | 07
#0652-d235 @A: 27 15 06 30 | 11
#0653-d235 @A: 27 10 26 30 | 03
#0654-d235 @A: 27 02 32 30 | 05
#0655-d235 @A: 27 32 10 15 | 06
#0656-d235 @A: 34 01 16 15 | 12
#0657-d235 @A: 01 34 10 26 | 09
#0658-d235 @A: 15 34 06 19 | 08
#0659-d235 @A: 25 34 08 23 | 04
#0660-d235 @A: 34 05 08 33 | 10
#0661-d235 @A: 06 11 34 04 | 02
#0662-d235 @A: 33 34 15 07 | 01
#0663-d235 @A: 04 20 35 24 | 07
#0664-d235 @A: 24 19 15 20 | 11
#0665-d235 @A: 16 20 33 24 | 03
#0666-d235 @A: 24 20 23 05 | 05
#0667-d235 @A: 23 09 20 07 | 06
#0668-d235 @A: 11 30 02 20 | 12
#0669-d235 @A: 01 02 13 16 | 09
#0670-d235 @A: 01 13 10 23 | 08
#0671-d235 @A: 01 07 19 17 | 04
#0672-d235 @A: 01 08 09 19 | 10
#0673-d235 @A: 10 04 33 01 | 02
#0674-d235 @A: 06 10 32 01 | 01
#0675-d235 @A: 32 01 33 30 | 07
#0676-d235 @A: 35 04 13 12 | 11
#0677-d235 @A: 13 06 26 17 | 03
#0678-d235 @A: 13 10 25 17 | 05
#0679-d235 @A: 32 23 02 13 | 06
#0680-d235 @A: 05 30 26 13 | 12
#0681-d235 @A: 30 35 12 17 | 09
#0682-d235 @A: 25 35 23 24 | 08
#0683-d235 @A: 04 35 02 25 | 04
#0684-d235 @A: 25 26 19 12 | 10
#0685-d235 @A: 02 19 04 08 | 02
#0686-d235 @A: 33 16 26 23 | 01
#0687-d235 @A: 16 30 07 06 | 07
#0688-d235 @A: 25 04 17 23 | 11
#0689-d235 @A: 32 11 07 17 | 03
#0690-d235 @A: 15 25 17 08 | 05
#0691-d235 @A: 14 24 12 11 | 06
#0692-d235 @A: 04 05 12 14 | 12
#0693-d235 @A: 10 25 12 24 | 09
#0694-d235 @A: 08 12 04 33 | 08
#0695-d235 @A: 12 26 04 15 | 04
#0696-d235 @A: 06 30 12 02 | 10
#0697-d235 @A: 12 26 07 08 | 02
#0698-d235 @A: 10 15 12 11 | 01
#0699-d235 @A: 14 23 11 06 | 07
#0700-d235 @A: 25 02 23 14 | 11
#0701-d235 @A: 25 14 24 32 | 03
#0702-d235 @A: 06 05 14 07 | 05
#0703-d235 @A: 07 14 26 15 | 06
#0704-d235 @A: 06 29 22 21 | 12
#0705-d235 @A: 21 13 22 23 | 09
#0706-d235 @A: 21 08 35 22 | 08
#0707-d235 @A: 24 21 27 19 | 04
#0708-d235 @A: 04 16 21 34 | 10
#0709-d235 @A: 21 07 14 20 | 02
#0710-d235 @A: 21 13 07 06 | 01
#0711-d235 @A: 21 16 12 09 | 07
#0712-d235 @A: 21 07 05 16 | 11
#0713-d235 @A: 09 21 17 11 | 03
#0714-d235 @A: 02 23 21 26 | 05
#0715-d235 @A: 07 21 09 33 | 06
#0716-d235 @A: 18 08 20 31 | 12
#0717-d235 @A: 31 05 01 29 | 09
#0718-d235 @A: 29 31 30 08 | 08
#0719-d235 @A: 31 33 03 28 | 04
#0720-d235 @A: 31 03 19 05 | 10
#0721-d235 @A: 31 26 19 28 | 02
#0722-d235 @A: 31 35 27 26 | 01
#0723-d235 @A: 31 34 11 12 | 07
#0724-d235 @A: 09 31 05 01 | 11
#0725-d235 @A: 31 10 04 11 | 03
#0726-d235 @A: 29 18 34 11 | 05
#0727-d235 @A: 23 18 03 02 | 06
#0728-d235 @A: 13 18 28 04 | 12
#0729-d235 @A: 18 12 01 30 | 09
#0730-d235 @A: 12 16 04 18 | 08
#0731-d235 @A: 24 17 18 14 | 04
#0732-d235 @A: 02 18 33 10 | 10
#0733-d235 @A: 22 34 15 29 | 02
#0734-d235 @A: 28 29 20 33 | 01
#0735-d235 @A: 11 12 27 29 | 07
#0736-d235 @A: 23 29 33 27 | 11
#0737-d235 @A: 34 35 29 01 | 03
#0738-d235 @A: 29 06 34 16 | 05
#0739-d235 @A: 10 35 29 20 | 06
#0740-d235 @A: 20 29 04 19 | 12
#0741-d235 @A: 29 20 14 05 | 09
#0742-d235 @A: 29 32 13 19 | 08
#0743-d235 @A: 15 13 16 29 | 04
#0744-d235 @A: 23 17 29 13 | 10
#0745-d235 @A: 35 29 24 33 | 02
#0746-d235 @A: 02 29 14 19 | 01
#0747-d235 @A: 23 16 10 29 | 07
#0748-d235 @A: 04 02 12 29 | 11
#0749-d235 @A: 29 15 23 25 | 03
#0750-d235 @A: 33 06 29 08 | 05
#0751-d235 @A: 07 02 25 29 | 06
#0752-d235 @A: 05 22 03 20 | 12
#0753-d235 @A: 14 26 03 22 | 09
#0754-d235 @A: 03 22 08 32 | 08
#0755-d235 @A: 03 24 20 28 | 04
#0756-d235 @A: 03 11 01 20 | 10
#0757-d235 @A: 01 13 03 30 | 02
#0758-d235 @A: 03 19 15 11 | 01
#0759-d235 @A: 07 03 12 17 | 07
#0760-d235 @A: 11 08 23 03 | 11
#0761-d235 @A: 03 25 10 04 | 03
#0762-d235 @A: 30 06 33 03 | 05
#0763-d235 @A: 03 11 25 32 | 06
#0764-d235 @A: 22 26 20 28 | 12
#0765-d235 @A: 22 17 02 27 | 09
#0766-d235 @A: 14 06 27 22 | 08
#0767-d235 @A: 11 34 19 22 | 04
#0768-d235 @A: 24 34 22 02 | 10
#0769-d235 @A: 20 22 14 25 | 02
#0770-d235 @A: 22 13 25 05 | 01
#0771-d235 @A: 22 13 06 02 | 07
#0772-d235 @A: 17 22 05 06 | 11
#0773-d235 @A: 30 22 07 15 | 03
#0774-d235 @A: 11 22 10 08 | 05
#0775-d235 @A: 32 10 30 22 | 06
#0776-d235 @A: 09 32 28 27 | 12
#0777-d235 @A: 01 28 30 34 | 09
#0778-d235 @A: 12 34 05 28 | 08
#0779-d235 @A: 06 28 34 26 | 04
#0780-d235 @A: 01 28 06 35 | 10
#0781-d235 @A: 28 05 02 01 | 02
#0782-d235 @A: 04 01 28 26 | 01
#0783-d235 @A: 14 30 28 16 | 07
#0784-d235 @A: 09 10 28 12 | 11
#0785-d235 @A: 15 28 24 26 | 03
#0786-d235 @A: 10 33 26 28 | 05
#0787-d235 @A: 35 27 19 20 | 06
#0788-d235 @A: 09 24 27 17 | 12
#0789-d235 @A: 25 30 27 23 | 09
#0790-d235 @A: 04 08 27 06 | 08
#0791-d235 @A: 25 06 27 26 | 04
#0792-d235 @A: 34 09 13 17 | 10
#0793-d235 @A: 12 35 07 34 | 02
#0794-d235 @A: 34 05 35 14 | 01
#0795-d235 @A: 24 26 08 34 | 07
#0796-d235 @A: 34 04 10 15 | 11
#0797-d235 @A: 06 25 34 30 | 03
#0798-d235 @A: 32 34 08 02 | 05
#0799-d235 @A: 01 20 33 17 | 06
#0800-d235 @A: 14 20 01 30 | 12
#0801-d235 @A: 20 24 17 13 | 09
#0802-d235 @A: 35 12 20 08 | 08
#0803-d235 @A: 20 35 06 14 | 04
#0804-d235 @A: 20 33 09 05 | 10
#0805-d235 @A: 26 20 33 07 | 02
#0806-d235 @A: 25 10 20 26 | 01
#0807-d235 @A: 20 11 15 26 | 07
#0808-d235 @A: 13 25 14 01 | 11
#0809-d235 @A: 16 01 09 17 | 03
#0810-d235 @A: 01 02 24 25 | 05
#0811-d235 @A: 07 05 04 01 | 06
#0812-d235 @A: 01 10 07 25 | 12
#0813-d235 @A: 10 19 13 14 | 09
#0814-d235 @A: 13 07 33 11 | 08
#0815-d235 @A: 32 13 08 09 | 04
#0816-d235 @A: 13 15 25 30 | 10
#0817-d235 @A: 17 35 16 15 | 02
#0818-d235 @A: 35 26 04 11 | 01
#0819-d235 @A: 23 19 16 17 | 07
#0820-d235 @A: 19 05 15 23 | 11
#0821-d235 @A: 32 10 23 19 | 03
#0822-d235 @A: 08 19 30 24 | 05
#0823-d235 @A: 30 05 11 19 | 06
#0824-d235 @A: 10 07 19 33 | 12
#0825-d235 @A: 19 25 33 09 | 09
#0826-d235 @A: 15 32 25 19 | 08
#0827-d235 @A: 23 16 02 30 | 04
#0828-d235 @A: 04 05 06 16 | 10
#0829-d235 @A: 05 32 33 16 | 02
#0830-d235 @A: 08 04 26 16 | 01
#0831-d235 @A: 16 15 06 32 | 07
#0832-d235 @A: 08 25 16 10 | 11
#0833-d235 @A: 12 25 33 23 | 03
#0834-d235 @A: 06 12 33 24 | 05
#0835-d235 @A: 12 07 10 02 | 06
#0836-d235 @A: 12 02 25 09 | 12
#0837-d235 @A: 10 30 14 24 | 09
#0838-d235 @A: 30 14 24 09 | 08
#0839-d235 @A: 14 09 15 04 | 04
#0840-d235 @A: 26 11 10 14 | 10
#0841-d235 @A: 26 05 09 02 | 02
#0842-d235 @A: 25 09 32 04 | 01
#0843-d235 @A: 15 09 10 07 | 07
#0844-d235 @A: 31 07 21 29 | 11
#0845-d235 @A: 17 29 25 21 | 03
#0846-d235 @A: 03 21 07 22 | 05
#0847-d235 @A: 28 21 16 03 | 06
#0848-d235 @A: 26 19 22 21 | 12
#0849-d235 @A: 22 21 15 14 | 09
#0850-d235 @A: 28 20 21 32 | 08
#0851-d235 @A: 21 11 28 13 | 04
#0852-d235 @A: 28 08 05 21 | 10
#0853-d235 @A: 11 27 21 34 | 02
#0854-d235 @A: 23 27 21 20 | 01
#0855-d235 @A: 27 01 21 07 | 07
#0856-d235 @A: 34 24 35 21 | 11
#0857-d235 @A: 20 21 05 35 | 03
#0858-d235 @A: 26 21 01 08 | 05
#0859-d235 @A: 21 14 32 16 | 06
#0860-d235 @A: 12 15 21 23 | 12
#0861-d235 @A: 04 05 23 21 | 09
#0862-d235 @A: 04 24 21 02 | 08
#0863-d235 @A: 01 18 31 26 | 04
#0864-d235 @A: 03 31 23 27 | 10
#0865-d235 @A: 34 31 25 03 | 02
#0866-d235 @A: 08 22 06 31 | 01
#0867-d235 @A: 28 31 27 11 | 07
#0868-d235 @A: 01 31 19 15 | 11
#0869-d235 @A: 23 13 31 35 | 03
#0870-d235 @A: 05 30 16 31 | 05
#0871-d235 @A: 31 05 02 17 | 06
#0872-d235 @A: 26 17 31 10 | 12
#0873-d235 @A: 15 31 08 05 | 09
#0874-d235 @A: 04 31 32 26 | 08
#0875-d235 @A: 33 11 31 15 | 04
#0876-d235 @A: 17 18 26 03 | 10
#0877-d235 @A: 17 07 18 22 | 02
#0878-d235 @A: 22 02 12 18 | 01
#0879-d235 @A: 32 06 18 22 | 07
#0880-d235 @A: 13 26 18 20 | 11
#0881-d235 @A: 24 06 18 01 | 03
#0882-d235 @A: 18 14 09 19 | 05
#0883-d235 @A: 18 05 10 14 | 06
#0884-d235 @A: 23 18 30 05 | 12
#0885-d235 @A: 18 07 05 33 | 09
#0886-d235 @A: 32 18 05 15 | 08
#0887-d235 @A: 33 04 15 18 | 04
#0888-d235 @A: 25 04 18 08 | 10
#0889-d235 @A: 26 25 18 02 | 02
#0890-d235 @A: 27 29 28 34 | 01
#0891-d235 @A: 29 23 28 12 | 07
#0892-d235 @A: 30 07 29 27 | 11
#0893-d235 @A: 10 14 01 29 | 03
#0894-d235 @A: 29 16 19 35 | 05
#0895-d235 @A: 29 14 35 23 | 06
#0896-d235 @A: 30 05 29 24 | 12
#0897-d235 @A: 04 24 11 29 | 09
#0898-d235 @A: 15 29 33 05 | 08
#0899-d235 @A: 30 06 11 29 | 04
#0900-d235 @A: 03 10 35 22 | 10
#0901-d235 @A: 08 28 03 30 | 02
#0902-d235 @A: 27 03 25 12 | 01
#0903-d235 @A: 34 20 08 03 | 07
#0904-d235 @A: 23 03 20 33 | 11
#0905-d235 @A: 33 03 12 01 | 03
#0906-d235 @A: 03 35 12 11 | 05
#0907-d235 @A: 06 25 03 14 | 06
#0908-d235 @A: 02 03 05 04 | 12
#0909-d235 @A: 08 10 03 05 | 09
#0910-d235 @A: 03 26 33 04 | 08
#0911-d235 @A: 22 34 27 05 | 04
#0912-d235 @A: 22 17 34 01 | 10
#0913-d235 @A: 35 22 34 23 | 02
#0914-d235 @A: 22 32 26 34 | 01
#0915-d235 @A: 32 22 04 35 | 07
#0916-d235 @A: 12 19 04 22 | 11
#0917-d235 @A: 08 16 22 17 | 03
#0918-d235 @A: 16 22 06 23 | 05
#0919-d235 @A: 07 05 22 23 | 06
#0920-d235 @A: 23 22 25 10 | 12
#0921-d235 @A: 11 20 34 28 | 09
#0922-d235 @A: 08 34 04 28 | 08
#0923-d235 @A: 15 12 20 28 | 04
#0924-d235 @A: 13 28 33 16 | 10
#0925-d235 @A: 28 24 12 07 | 02
#0926-d235 @A: 32 28 33 24 | 01
#0927-d235 @A: 15 28 06 05 | 07
#0928-d235 @A: 09 05 28 30 | 11
#0929-d235 @A: 25 04 30 28 | 03
#0930-d235 @A: 32 08 06 28 | 05
#0931-d235 @A: 33 28 30 15 | 06
#0932-d235 @A: 28 08 26 11 | 12
#0933-d235 @A: 13 08 34 27 | 09
#0934-d235 @A: 23 19 27 34 | 08
#0935-d235 @A: 23 09 34 27 | 04
#0936-d235 @A: 27 20 24 12 | 10
#0937-d235 @A: 20 27 04 07 | 02
#0938-d235 @A: 17 19 15 27 | 01
#0939-d235 @A: 25 11 24 27 | 07
#0940-d235 @A: 33 27 02 07 | 11
#0941-d235 @A: 27 32 08 07 | 03
#0942-d235 @A: 07 11 26 27 | 05
#0943-d235 @A: 24 34 20 14 | 06
#0944-d235 @A: 34 13 10 16 | 12
#0945-d235 @A: 26 13 34 12 | 09
#0946-d235 @A: 13 15 34 05 | 08
#0947-d235 @A: 33 09 35 34 | 04
#0948-d235 @A: 34 15 35 02 | 10
#0949-d235 @A: 34 12 19 10 | 02
#0950-d235 @A: 19 09 34 12 | 01
#0951-d235 @A: 24 15 34 23 | 07
#0952-d235 @A: 24 33 34 10 | 11
#0953-d235 @A: 02 34 07 06 | 03
#0954-d235 @A: 12 01 20 09 | 05
#0955-d235 @A: 24 01 20 26 | 06
#0956-d235 @A: 09 16 13 20 | 12
#0957-d235 @A: 12 20 30 16 | 09
#0958-d235 @A: 25 17 20 07 | 08
#0959-d235 @A: 09 08 17 20 | 04
#0960-d235 @A: 09 14 20 02 | 10
#0961-d235 @A: 20 32 04 33 | 02
#0962-d235 @A: 06 07 11 20 | 01
#0963-d235 @A: 02 19 01 35 | 07
#0964-d235 @A: 01 16 04 19 | 11
#0965-d235 @A: 05 23 01 08 | 03
#0966-d235 @A: 14 35 15 13 | 05
#0967-d235 @A: 24 13 15 33 | 06
#0968-d235 @A: 25 33 04 13 | 12
#0969-d235 @A: 33 09 30 13 | 09
#0970-d235 @A: 13 02 08 11 | 08
#0971-d235 @A: 17 35 05 19 | 04
#0972-d235 @A: 32 12 19 35 | 10
#0973-d235 @A: 23 16 35 05 | 02
#0974-d235 @A: 35 17 14 10 | 01
#0975-d235 @A: 07 23 35 26 | 07
#0976-d235 @A: 08 11 24 35 | 11
#0977-d235 @A: 07 25 32 35 | 03
#0978-d235 @A: 30 35 25 11 | 05
#0979-d235 @A: 16 15 24 10 | 06
#0980-d235 @A: 26 06 16 10 | 12
#0981-d235 @A: 08 30 32 16 | 09
#0982-d235 @A: 17 23 32 33 | 08
#0983-d235 @A: 30 23 14 12 | 04
#0984-d235 @A: 24 23 09 12 | 10
#0985-d235 @A: 25 15 12 05 | 02
#0986-d235 @A: 14 15 24 05 | 01
#0987-d235 @A: 10 14 25 33 | 07
#0988-d235 @A: 18 15 31 21 | 11
#0989-d235 @A: 31 34 22 21 | 03
#0990-d235 @A: 28 24 31 21 | 05
#0991-d235 @A: 11 16 21 31 | 06
#0992-d235 @A: 02 31 21 12 | 12
#0993-d235 @A: 18 23 21 16 | 09
#0994-d235 @A: 21 18 02 32 | 08
#0995-d235 @A: 20 15 21 29 | 04
#0996-d235 @A: 25 21 20 03 | 10
#0997-d235 @A: 22 21 24 20 | 02
#0998-d235 @A: 28 26 14 21 | 01
#0999-d235 @A: 06 28 02 21 | 07
#1000-d235 @A: 27 21 17 30 | 11
#1001-d235 @A: 21 27 04 14 | 03
#1002-d235 @A: 01 34 21 32 | 05
#1003-d235 @A: 02 20 21 19 | 06
#1004-d235 @A: 21 17 20 10 | 12
#1005-d235 @A: 01 19 21 30 | 09
#1006-d235 @A: 24 23 21 14 | 08
#1007-d235 @A: 25 06 21 23 | 04
#1008-d235 @A: 15 21 05 26 | 10
#1009-d235 @A: 02 11 25 21 | 02
#1010-d235 @A: 10 31 18 09 | 01
#1011-d235 @A: 31 03 30 14 | 07
#1012-d235 @A: 13 34 28 31 | 11
#1013-d235 @A: 27 31 30 13 | 03
#1014-d235 @A: 27 19 31 10 | 05
#1015-d235 @A: 27 12 31 05 | 06
#1016-d235 @A: 01 20 31 10 | 12
#1017-d235 @A: 13 05 31 20 | 09
#1018-d235 @A: 11 14 31 01 | 08
#1019-d235 @A: 35 31 19 24 | 04
#1020-d235 @A: 35 02 30 31 | 10
#1021-d235 @A: 23 11 31 07 | 02
#1022-d235 @A: 25 31 06 15 | 01
#1023-d235 @A: 29 09 20 18 | 07
#1024-d235 @A: 09 18 05 03 | 11
#1025-d235 @A: 14 18 22 23 | 03
#1026-d235 @A: 28 18 12 11 | 05
#1027-d235 @A: 20 10 18 27 | 06
#1028-d235 @A: 18 07 34 20 | 12
#1029-d235 @A: 08 01 18 14 | 09
#1030-d235 @A: 23 19 18 08 | 08
#1031-d235 @A: 25 16 18 33 | 04
#1032-d235 @A: 18 10 24 23 | 10
#1033-d235 @A: 26 11 18 30 | 02
#1034-d235 @A: 15 28 01 29 | 01
#1035-d235 @A: 11 29 10 28 | 07
#1036-d235 @A: 27 26 29 19 | 11
#1037-d235 @A: 30 29 34 19 | 03
#1038-d235 @A: 25 29 24 34 | 05
#1039-d235 @A: 06 12 20 29 | 06
#1040-d235 @A: 29 01 16 32 | 12
#1041-d235 @A: 29 05 19 12 | 09
#1042-d235 @A: 07 11 29 09 | 08
#1043-d235 @A: 29 08 26 02 | 04
#1044-d235 @A: 03 01 22 04 | 10
#1045-d235 @A: 03 17 10 28 | 02
#1046-d235 @A: 11 28 02 03 | 01
#1047-d235 @A: 01 26 03 35 | 07
#1048-d235 @A: 01 17 02 03 | 11
#1049-d235 @A: 24 17 03 35 | 03
#1050-d235 @A: 12 08 03 09 | 05
#1051-d235 @A: 23 03 04 32 | 06
#1052-d235 @A: 03 08 24 09 | 12
#1053-d235 @A: 03 06 32 07 | 09
#1054-d235 @A: 33 25 03 07 | 08
#1055-d235 @A: 25 03 02 30 | 04
#1056-d235 @A: 10 09 25 03 | 10
#1057-d235 @A: 09 28 34 22 | 02
#1058-d235 @A: 14 22 02 28 | 01
#1059-d235 @A: 22 33 27 19 | 07
#1060-d235 @A: 01 22 06 20 | 11
#1061-d235 @A: 22 05 01 19 | 03
#1062-d235 @A: 14 19 22 32 | 05
#1063-d235 @A: 12 22 14 17 | 06
#1064-d235 @A: 22 10 33 05 | 12
#1065-d235 @A: 05 27 14 28 | 09
#1066-d235 @A: 19 25 28 20 | 08
#1067-d235 @A: 13 30 28 19 | 04
#1068-d235 @A: 17 13 07 28 | 10
#1069-d235 @A: 16 19 05 28 | 02
#1070-d235 @A: 19 28 09 15 | 01
#1071-d235 @A: 28 12 10 16 | 07
#1072-d235 @A: 11 17 28 06 | 11
#1073-d235 @A: 10 32 25 28 | 03
#1074-d235 @A: 27 09 11 20 | 05
#1075-d235 @A: 27 01 16 30 | 06
#1076-d235 @A: 25 08 27 35 | 12
#1077-d235 @A: 27 14 23 16 | 09
#1078-d235 @A: 14 27 26 09 | 08
#1079-d235 @A: 25 27 05 04 | 04
#1080-d235 @A: 33 05 30 27 | 10
#1081-d235 @A: 09 05 10 27 | 02
#1082-d235 @A: 27 02 04 26 | 01
#1083-d235 @A: 33 27 15 08 | 07
#1084-d235 @A: 09 32 34 20 | 11
#1085-d235 @A: 02 34 01 14 | 03
#1086-d235 @A: 19 14 07 34 | 05
#1087-d235 @A: 10 34 23 06 | 06
#1088-d235 @A: 32 11 24 34 | 12
#1089-d235 @A: 05 07 34 10 | 09
#1090-d235 @A: 20 35 25 16 | 08
#1091-d235 @A: 16 20 07 15 | 04
#1092-d235 @A: 04 20 06 25 | 10
#1093-d235 @A: 08 30 20 04 | 02
#1094-d235 @A: 04 10 02 20 | 01
#1095-d235 @A: 30 20 33 10 | 07
#1096-d235 @A: 13 01 17 32 | 11
#1097-d235 @A: 01 07 35 16 | 03
#1098-d235 @A: 17 35 11 01 | 05
#1099-d235 @A: 08 01 24 17 | 06
#1100-d235 @A: 17 25 01 30 | 12
#1101-d235 @A: 15 04 24 01 | 09
#1102-d235 @A: 01 07 08 06 | 08
#1103-d235 @A: 01 25 09 30 | 04
#1104-d235 @A: 04 23 19 13 | 10
#1105-d235 @A: 05 08 13 17 | 02
#1106-d235 @A: 06 11 13 10 | 01
#1107-d235 @A: 32 13 26 33 | 07
#1108-d235 @A: 09 25 15 13 | 11
#1109-d235 @A: 30 14 35 19 | 03
#1110-d235 @A: 35 10 33 23 | 05
#1111-d235 @A: 35 30 23 08 | 06
#1112-d235 @A: 35 32 24 02 | 12
#1113-d235 @A: 33 32 35 08 | 09
#1114-d235 @A: 12 19 16 14 | 08
#1115-d235 @A: 26 19 16 02 | 04
#1116-d235 @A: 07 04 15 19 | 10
#1117-d235 @A: 25 33 19 30 | 02
#1118-d235 @A: 02 19 30 09 | 01
#1119-d235 @A: 15 11 04 16 | 07
#1120-d235 @A: 09 04 26 16 | 11
#1121-d235 @A: 11 17 10 23 | 03
#1122-d235 @A: 17 05 33 04 | 05
#1123-d235 @A: 26 17 04 07 | 06
#1124-d235 @A: 06 17 15 09 | 12
#1125-d235 @A: 33 17 26 08 | 09
#1126-d235 @A: 25 02 33 17 | 08
#1127-d235 @A: 10 32 17 08 | 04
#1128-d235 @A: 15 30 17 11 | 10
#1129-d235 @A: 12 24 32 04 | 02
#1130-d235 @A: 12 02 05 33 | 01
#1131-d235 @A: 06 07 12 15 | 07
#1132-d235 @A: 15 12 08 30 | 11
#1133-d235 @A: 07 14 23 10 | 03
#1134-d235 @A: 02 06 14 24 | 05
#1135-d235 @A: 30 14 02 07 | 06
#1136-d235 @A: 06 21 19 31 | 12
#1137-d235 @A: 03 29 21 32 | 09
#1138-d235 @A: 16 21 29 08 | 08
#1139-d235 @A: 03 05 12 21 | 04
#1140-d235 @A: 27 21 10 22 | 10
#1141-d235 @A: 33 01 22 21 | 02
#1142-d235 @A: 21 15 35 28 | 01
#1143-d235 @A: 21 13 34 17 | 07
#1144-d235 @A: 19 34 05 21 | 11
#1145-d235 @A: 30 13 14 21 | 03
#1146-d235 @A: 21 16 15 19 | 05
#1147-d235 @A: 21 17 12 08 | 06
#1148-d235 @A: 11 26 17 21 | 12
#1149-d235 @A: 21 07 23 33 | 09
#1150-d235 @A: 08 21 10 23 | 08
#1151-d235 @A: 06 26 21 24 | 04
#1152-d235 @A: 09 15 32 21 | 10
#1153-d235 @A: 23 18 31 29 | 02
#1154-d235 @A: 17 31 27 29 | 01
#1155-d235 @A: 16 29 31 26 | 07
#1156-d235 @A: 07 34 31 27 | 11
#1157-d235 @A: 07 09 34 31 | 03
#1158-d235 @A: 20 31 26 09 | 05
#1159-d235 @A: 01 08 35 31 | 06
#1160-d235 @A: 31 35 04 16 | 12
#1161-d235 @A: 07 31 14 24 | 09
#1162-d235 @A: 31 24 33 30 | 08
#1163-d235 @A: 15 24 31 32 | 04
#1164-d235 @A: 10 25 30 31 | 10
#1165-d235 @A: 03 25 18 22 | 02
#1166-d235 @A: 13 11 18 03 | 01
#1167-d235 @A: 19 18 28 07 | 07
#1168-d235 @A: 28 18 16 08 | 11
#1169-d235 @A: 34 18 23 01 | 03
#1170-d235 @A: 14 18 32 20 | 05
#1171-d235 @A: 18 35 19 26 | 06
#1172-d235 @A: 17 08 18 35 | 12
#1173-d235 @A: 18 12 35 24 | 09
#1174-d235 @A: 12 15 18 19 | 08
#1175-d235 @A: 18 19 30 06 | 04
#1176-d235 @A: 17 30 18 02 | 10
#1177-d235 @A: 24 18 08 15 | 02
#1178-d235 @A: 18 07 06 26 | 01
#1179-d235 @A: 01 22 30 29 | 07
#1180-d235 @A: 29 22 09 06 | 11
#1181-d235 @A: 29 04 27 35 | 03
#1182-d235 @A: 29 30 32 35 | 05
#1183-d235 @A: 29 25 30 16 | 06
#1184-d235 @A: 07 10 17 29 | 12
#1185-d235 @A: 29 23 06 32 | 09
#1186-d235 @A: 15 29 32 04 | 08
#1187-d235 @A: 29 32 09 02 | 04
#1188-d235 @A: 22 03 28 15 | 10
#1189-d235 @A: 23 14 03 28 | 02
#1190-d235 @A: 01 03 27 32 | 01
#1191-d235 @A: 03 20 17 04 | 07
#1192-d235 @A: 02 14 03 13 | 11
#1193-d235 @A: 06 09 03 14 | 03
#1194-d235 @A: 03 05 06 26 | 05
#1195-d235 @A: 03 07 10 11 | 06
#1196-d235 @A: 03 11 30 09 | 12
#1197-d235 @A: 10 26 03 02 | 09
#1198-d235 @A: 32 22 20 12 | 08
#1199-d235 @A: 14 01 07 22 | 04
#1200-d235 @A: 19 15 13 22 | 10
#1201-d235 @A: 22 12 16 11 | 02
#1202-d235 @A: 14 10 22 16 | 01
#1203-d235 @A: 22 09 30 23 | 07
#1204-d235 @A: 24 22 11 15 | 11
#1205-d235 @A: 22 08 02 07 | 03
#1206-d235 @A: 22 15 25 02 | 05
#1207-d235 @A: 27 33 35 28 | 06
#1208-d235 @A: 28 14 19 15 | 12
#1209-d235 @A: 16 09 28 14 | 09
#1210-d235 @A: 28 25 16 15 | 08
#1211-d235 @A: 11 23 28 24 | 04
#1212-d235 @A: 28 02 23 10 | 10
#1213-d235 @A: 25 24 05 28 | 02
#1214-d235 @A: 26 05 07 28 | 01
#1215-d235 @A: 28 09 33 04 | 07
#1216-d235 @A: 07 04 02 28 | 11
#1217-d235 @A: 10 34 35 27 | 03
#1218-d235 @A: 25 17 27 34 | 05
#1219-d235 @A: 20 17 27 06 | 06
#1220-d235 @A: 13 27 04 01 | 12
#1221-d235 @A: 23 01 27 17 | 09
#1222-d235 @A: 16 27 11 13 | 08
#1223-d235 @A: 27 25 19 14 | 04
#1224-d235 @A: 27 16 33 06 | 10
#1225-d235 @A: 09 30 27 16 | 02
#1226-d235 @A: 27 10 24 07 | 01
#1227-d235 @A: 06 27 10 05 | 07
#1228-d235 @A: 06 02 27 11 | 11
#1229-d235 @A: 25 07 27 15 | 03
#1230-d235 @A: 09 34 01 11 | 05
#1231-d235 @A: 34 02 17 16 | 06
#1232-d235 @A: 33 34 17 14 | 12
#1233-d235 @A: 34 06 09 04 | 09
#1234-d235 @A: 07 11 34 25 | 08
#1235-d235 @A: 32 35 01 20 | 04
#1236-d235 @A: 13 35 30 20 | 10
#1237-d235 @A: 13 20 19 06 | 02
#1238-d235 @A: 11 14 16 20 | 01
#1239-d235 @A: 16 32 20 23 | 07
#1240-d235 @A: 23 30 06 20 | 11
#1241-d235 @A: 20 23 26 08 | 03
#1242-d235 @A: 23 15 10 20 | 05
#1243-d235 @A: 01 13 24 35 | 06
#1244-d235 @A: 01 05 13 12 | 12
#1245-d235 @A: 12 35 01 23 | 09
#1246-d235 @A: 06 12 01 19 | 08
#1247-d235 @A: 11 10 05 01 | 04
#1248-d235 @A: 02 01 11 33 | 10
#1249-d235 @A: 15 01 07 11 | 02
#1250-d235 @A: 08 01 25 32 | 01
#1251-d235 @A: 10 09 13 35 | 07
#1252-d235 @A: 13 12 23 16 | 11
#1253-d235 @A: 13 05 16 14 | 03
#1254-d235 @A: 15 23 13 09 | 05
#1255-d235 @A: 07 02 05 13 | 06
#1256-d235 @A: 08 13 10 33 | 12
#1257-d235 @A: 14 26 35 25 | 09
#1258-d235 @A: 35 10 24 26 | 08
#1259-d235 @A: 16 32 19 24 | 04
#1260-d235 @A: 08 17 11 19 | 10
#1261-d235 @A: 19 17 10 30 | 02
#1262-d235 @A: 02 32 07 19 | 01
#1263-d235 @A: 12 02 08 16 | 07
#1264-d235 @A: 06 10 16 09 | 11
#1265-d235 @A: 11 10 16 30 | 03
#1266-d235 @A: 04 23 12 07 | 05
#1267-d235 @A: 11 02 12 23 | 06
#1268-d235 @A: 05 30 12 32 | 12
#1269-d235 @A: 10 33 32 12 | 09
#1270-d235 @A: 09 12 32 11 | 08
#1271-d235 @A: 08 23 04 14 | 04
#1272-d235 @A: 23 14 09 32 | 10
#1273-d235 @A: 24 14 04 26 | 02
#1274-d235 @A: 04 14 10 32 | 01
#1275-d235 @A: 15 14 06 08 | 07
#1276-d235 @A: 14 07 08 11 | 11
#1277-d235 @A: 05 23 08 09 | 03
#1278-d235 @A: 02 10 09 23 | 05
#1279-d235 @A: 32 09 04 05 | 06
#1280-d235 @A: 10 26 09 30 | 12
#1281-d235 @A: 17 23 21 31 | 09
#1282-d235 @A: 07 18 12 21 | 08
#1283-d235 @A: 19 23 21 29 | 04
#1284-d235 @A: 21 10 29 12 | 10
#1285-d235 @A: 04 19 03 21 | 02
#1286-d235 @A: 05 22 21 11 | 01
#1287-d235 @A: 19 33 28 21 | 07
#1288-d235 @A: 30 21 23 34 | 11
#1289-d235 @A: 04 21 01 12 | 03
#1290-d235 @A: 19 11 12 21 | 05
#1291-d235 @A: 21 23 19 09 | 06
#1292-d235 @A: 16 06 12 21 | 12
#1293-d235 @A: 21 23 11 32 | 09
#1294-d235 @A: 21 10 24 05 | 08
#1295-d235 @A: 21 33 06 05 | 04
#1296-d235 @A: 06 04 32 21 | 10
#1297-d235 @A: 04 21 09 10 | 02
#1298-d235 @A: 15 06 21 11 | 01
#1299-d235 @A: 18 04 31 27 | 07
#1300-d235 @A: 10 18 13 31 | 11
#1301-d235 @A: 33 31 29 09 | 03
#1302-d235 @A: 31 01 03 06 | 05
#1303-d235 @A: 17 24 22 31 | 06
#1304-d235 @A: 31 14 22 05 | 12
#1305-d235 @A: 20 06 34 31 | 09
#1306-d235 @A: 33 31 34 35 | 08
#1307-d235 @A: 20 31 11 35 | 04
#1308-d235 @A: 31 30 19 12 | 10
#1309-d235 @A: 09 02 16 31 | 02
#1310-d235 @A: 31 23 05 10 | 01
#1311-d235 @A: 33 08 23 31 | 07
#1312-d235 @A: 05 33 31 26 | 11
#1313-d235 @A: 31 32 33 07 | 03
#1314-d235 @A: 26 29 18 28 | 05
#1315-d235 @A: 34 03 33 18 | 06
#1316-d235 @A: 18 06 14 28 | 12
#1317-d235 @A: 18 28 24 09 | 09
#1318-d235 @A: 18 27 05 35 | 08
#1319-d235 @A: 20 12 23 18 | 04
#1320-d235 @A: 35 33 18 11 | 10
#1321-d235 @A: 11 18 16 06 | 02
#1322-d235 @A: 33 18 26 24 | 01
#1323-d235 @A: 10 18 06 08 | 07
#1324-d235 @A: 03 25 13 29 | 11
#1325-d235 @A: 07 29 22 19 | 03
#1326-d235 @A: 16 02 27 29 | 05
#1327-d235 @A: 34 29 05 17 | 06
#1328-d235 @A: 33 17 19 29 | 12
#1329-d235 @A: 29 15 08 19 | 09
#1330-d235 @A: 15 09 12 29 | 08
#1331-d235 @A: 30 23 29 04 | 04
#1332-d235 @A: 07 29 32 05 | 10
#1333-d235 @A: 29 10 25 06 | 02
#1334-d235 @A: 29 33 25 11 | 01
#1335-d235 @A: 03 22 06 34 | 07
#1336-d235 @A: 28 03 27 07 | 11
#1337-d235 @A: 27 04 34 03 | 03
#1338-d235 @A: 34 11 03 17 | 05
#1339-d235 @A: 09 26 03 34 | 06
#1340-d235 @A: 20 09 19 03 | 12
#1341-d235 @A: 08 03 13 35 | 09
#1342-d235 @A: 32 16 12 03 | 08
#1343-d235 @A: 23 07 03 16 | 04
#1344-d235 @A: 30 17 03 05 | 10
#1345-d235 @A: 24 03 32 10 | 02
#1346-d235 @A: 32 26 30 03 | 01
#1347-d235 @A: 15 32 02 03 | 07
#1348-d235 @A: 24 28 27 22 | 11
#1349-d235 @A: 28 33 34 22 | 03
#1350-d235 @A: 22 35 30 28 | 05
#1351-d235 @A: 27 01 08 22 | 06
#1352-d235 @A: 13 27 22 32 | 12
#1353-d235 @A: 22 16 07 34 | 09
#1354-d235 @A: 14 22 13 08 | 08
#1355-d235 @A: 33 35 22 16 | 04
#1356-d235 @A: 25 35 22 09 | 10
#1357-d235 @A: 15 32 22 23 | 02
#1358-d235 @A: 24 06 30 22 | 01
#1359-d235 @A: 05 30 22 08 | 07
#1360-d235 @A: 07 22 06 25 | 11
#1361-d235 @A: 22 33 26 02 | 03
#1362-d235 @A: 26 07 10 22 | 05
#1363-d235 @A: 25 26 30 22 | 06
#1364-d235 @A: 20 28 07 35 | 12
#1365-d235 @A: 09 35 28 20 | 09
#1366-d235 @A: 35 24 28 16 | 08
#1367-d235 @A: 19 04 11 28 | 04
#1368-d235 @A: 27 34 30 20 | 10
#1369-d235 @A: 06 34 24 27 | 02
#1370-d235 @A: 11 27 19 01 | 01
#1371-d235 @A: 26 12 01 27 | 07
#1372-d235 @A: 19 05 13 27 | 11
#1373-d235 @A: 27 02 14 08 | 03
#1374-d235 @A: 02 05 24 27 | 05
#1375-d235 @A: 34 19 20 01 | 06
#1376-d235 @A: 13 02 34 20 | 12
#1377-d235 @A: 34 13 07 04 | 09
#1378-d235 @A: 14 30 34 11 | 08
#1379-d235 @A: 30 09 15 34 | 04
#1380-d235 @A: 14 23 20 13 | 10
#1381-d235 @A: 02 33 35 20 | 02
#1382-d235 @A: 19 10 16 20 | 01
#1383-d235 @A: 20 17 14 02 | 07
#1384-d235 @A: 23 07 02 20 | 11
#1385-d235 @A: 09 30 20 06 | 03
#1386-d235 @A: 20 11 33 08 | 05
#1387-d235 @A: 19 26 01 13 | 06
#1388-d235 @A: 02 13 09 01 | 12
#1389-d235 @A: 01 05 24 16 | 09
#1390-d235 @A: 01 15 32 14 | 08
#1391-d235 @A: 11 06 01 25 | 04
#1392-d235 @A: 25 26 15 01 | 10
#1393-d235 @A: 13 15 04 02 | 02
#1394-d235 @A: 11 13 26 25 | 01
#1395-d235 @A: 16 12 35 26 | 07
#1396-d235 @A: 35 05 24 07 | 11
#1397-d235 @A: 04 05 08 35 | 03
#1398-d235 @A: 35 15 33 25 | 05
#1399-d235 @A: 19 07 16 11 | 06
#1400-d235 @A: 12 17 24 19 | 12
#1401-d235 @A: 30 23 26 19 | 09
#1402-d235 @A: 33 24 05 19 | 08
#1403-d235 @A: 09 24 33 19 | 04
#1404-d235 @A: 25 19 06 08 | 10
#1405-d235 @A: 16 32 04 25 | 02
#1406-d235 @A: 16 33 08 07 | 01
#1407-d235 @A: 16 15 26 30 | 07
#1408-d235 @A: 11 32 16 02 | 11
#1409-d235 @A: 23 24 17 30 | 03
#1410-d235 @A: 26 05 17 23 | 05
#1411-d235 @A: 17 33 11 24 | 06
#1412-d235 @A: 17 32 25 26 | 12
#1413-d235 @A: 12 08 25 14 | 09
#1414-d235 @A: 12 06 23 05 | 08
#1415-d235 @A: 14 24 08 33 | 04
#1416-d235 @A: 06 23 02 09 | 10
#1417-d235 @A: 26 33 09 23 | 02
#1418-d235 @A: 26 24 09 32 | 01
#1419-d235 @A: 04 09 08 30 | 07
#1420-d235 @A: 21 31 26 03 | 11
#1421-d235 @A: 13 01 31 21 | 03
#1422-d235 @A: 18 21 06 20 | 05
#1423-d235 @A: 01 35 18 21 | 06
#1424-d235 @A: 21 34 03 15 | 12
#1425-d235 @A: 28 17 21 22 | 09
#1426-d235 @A: 26 09 21 22 | 08
#1427-d235 @A: 25 12 28 21 | 04
#1428-d235 @A: 27 21 35 06 | 10
#1429-d235 @A: 21 25 16 27 | 02
#1430-d235 @A: 34 33 20 21 | 01
#1431-d235 @A: 21 20 01 16 | 07
#1432-d235 @A: 13 21 20 08 | 11
#1433-d235 @A: 21 19 14 08 | 03
#1434-d235 @A: 16 33 21 10 | 05
#1435-d235 @A: 17 14 21 05 | 06
#1436-d235 @A: 02 07 17 21 | 12
#1437-d235 @A: 30 24 15 21 | 09
#1438-d235 @A: 30 21 05 02 | 08
#1439-d235 @A: 25 21 09 05 | 04
#1440-d235 @A: 30 31 22 18 | 10
#1441-d235 @A: 33 19 31 18 | 02
#1442-d235 @A: 22 35 31 29 | 01
#1443-d235 @A: 04 34 31 29 | 07
#1444-d235 @A: 13 06 31 29 | 11
#1445-d235 @A: 12 22 26 31 | 03
#1446-d235 @A: 20 31 28 23 | 05
#1447-d235 @A: 25 20 31 27 | 06
#1448-d235 @A: 31 06 27 32 | 12
#1449-d235 @A: 12 17 06 31 | 09
#1450-d235 @A: 24 31 04 05 | 08
#1451-d235 @A: 06 24 31 10 | 04
#1452-d235 @A: 10 31 07 08 | 10
#1453-d235 @A: 22 33 18 20 | 02
#1454-d235 @A: 15 02 18 28 | 01
#1455-d235 @A: 27 18 34 02 | 07
#1456-d235 @A: 32 18 34 13 | 11
#1457-d235 @A: 18 10 34 17 | 03
#1458-d235 @A: 20 15 17 18 | 05
#1459-d235 @A: 18 10 01 16 | 06
#1460-d235 @A: 18 06 35 09 | 12
#1461-d235 @A: 15 35 30 18 | 09
#1462-d235 @A: 05 08 02 18 | 08
#1463-d235 @A: 10 07 18 30 | 04
#1464-d235 @A: 09 18 15 08 | 10
#1465-d235 @A: 16 03 29 04 | 02
#1466-d235 @A: 29 20 22 02 | 01
#1467-d235 @A: 16 05 29 22 | 07
#1468-d235 @A: 17 09 29 28 | 11
#1469-d235 @A: 01 27 06 29 | 03
#1470-d235 @A: 07 34 29 26 | 05
#1471-d235 @A: 26 20 29 30 | 06
#1472-d235 @A: 09 29 04 13 | 12
#1473-d235 @A: 29 17 30 14 | 09
#1474-d235 @A: 29 09 05 14 | 08
#1475-d235 @A: 29 26 08 09 | 04
#1476-d235 @A: 27 03 22 30 | 10
#1477-d235 @A: 03 16 22 13 | 02
#1478-d235 @A: 03 28 34 19 | 01
#1479-d235 @A: 05 11 03 27 | 07
#1480-d235 @A: 34 07 03 01 | 11
#1481-d235 @A: 34 03 32 14 | 03
#1482-d235 @A: 20 03 32 13 | 05
#1483-d235 @A: 14 20 12 03 | 06
#1484-d235 @A: 01 03 32 09 | 12
#1485-d235 @A: 19 03 16 06 | 09
#1486-d235 @A: 03 30 07 19 | 08
#1487-d235 @A: 25 03 16 17 | 04
#1488-d235 @A: 14 16 03 15 | 10
#1489-d235 @A: 24 11 06 03 | 02
#1490-d235 @A: 09 03 33 02 | 01
#1491-d235 @A: 17 26 35 22 | 07
#1492-d235 @A: 33 22 09 14 | 11
#1493-d235 @A: 06 04 33 22 | 03
#1494-d235 @A: 11 06 26 22 | 05
#1495-d235 @A: 28 27 15 04 | 06
#1496-d235 @A: 01 06 28 09 | 12
#1497-d235 @A: 17 02 28 19 | 09
#1498-d235 @A: 33 28 11 05 | 08
#1499-d235 @A: 30 35 27 24 | 04
#1500-d235 @A: 06 07 27 19 | 10
#1501-d235 @A: 12 07 27 16 | 02
#1502-d235 @A: 27 32 23 05 | 01
#1503-d235 @A: 33 09 27 15 | 07
#1504-d235 @A: 27 08 30 11 | 11
#1505-d235 @A: 17 32 34 20 | 03
#1506-d235 @A: 34 24 19 13 | 05
#1507-d235 @A: 34 12 33 30 | 06
#1508-d235 @A: 34 15 08 11 | 12
#1509-d235 @A: 30 34 32 15 | 09
#1510-d235 @A: 01 20 12 02 | 08
#1511-d235 @A: 20 14 33 19 | 04
#1512-d235 @A: 20 19 32 30 | 10
#1513-d235 @A: 10 14 08 20 | 02
#1514-d235 @A: 24 20 30 25 | 01
#1515-d235 @A: 10 11 24 20 | 07
#1516-d235 @A: 33 15 20 06 | 11
#1517-d235 @A: 20 26 02 06 | 03
#1518-d235 @A: 01 30 10 35 | 05
#1519-d235 @A: 14 01 16 33 | 06
#1520-d235 @A: 17 01 26 14 | 12
#1521-d235 @A: 01 32 11 12 | 09
#1522-d235 @A: 01 04 23 06 | 08
#1523-d235 @A: 07 23 30 01 | 04
#1524-d235 @A: 01 11 30 24 | 10
#1525-d235 @A: 05 32 26 01 | 02
#1526-d235 @A: 17 33 35 13 | 01
#1527-d235 @A: 17 13 16 30 | 07
#1528-d235 @A: 13 02 12 17 | 11
#1529-d235 @A: 13 14 17 04 | 03
#1530-d235 @A: 13 11 30 12 | 05
#1531-d235 @A: 06 24 05 13 | 06
#1532-d235 @A: 13 24 08 25 | 12
#1533-d235 @A: 24 30 13 32 | 09
#1534-d235 @A: 30 13 02 10 | 08
#1535-d235 @A: 10 26 13 15 | 04
#1536-d235 @A: 09 16 35 24 | 10
#1537-d235 @A: 06 25 12 35 | 02
#1538-d235 @A: 35 07 30 04 | 01
#1539-d235 @A: 15 35 02 09 | 07
#1540-d235 @A: 08 10 26 19 | 11
#1541-d235 @A: 26 32 11 19 | 03
#1542-d235 @A: 04 14 02 16 | 05
#1543-d235 @A: 32 12 15 17 | 06
#1544-d235 @A: 17 06 25 24 | 12
#1545-d235 @A: 07 17 05 09 | 09
#1546-d235 @A: 04 11 17 02 | 08
#1547-d235 @A: 26 17 02 15 | 04
#1548-d235 @A: 14 33 15 12 | 10
#1549-d235 @A: 12 08 11 06 | 02
#1550-d235 @A: 26 32 14 23 | 01
#1551-d235 @A: 11 33 04 14 | 07
#1552-d235 @A: 24 09 07 25 | 11
#1553-d235 @A: 31 24 09 21 | 03
#1554-d235 @A: 21 30 03 18 | 05
#1555-d235 @A: 28 27 21 18 | 06
#1556-d235 @A: 18 05 13 21 | 12
#1557-d235 @A: 01 21 11 29 | 09
#1558-d235 @A: 26 29 21 35 | 08
#1559-d235 @A: 21 27 03 02 | 04
#1560-d235 @A: 03 21 09 35 | 10
#1561-d235 @A: 12 30 21 22 | 02
#1562-d235 @A: 34 21 25 10 | 01
#1563-d235 @A: 21 20 09 04 | 07
#1564-d235 @A: 14 21 01 06 | 11
#1565-d235 @A: 17 21 04 35 | 03
#1566-d235 @A: 35 14 21 02 | 05
#1567-d235 @A: 07 26 25 21 | 06
#1568-d235 @A: 03 02 29 31 | 12
#1569-d235 @A: 03 07 31 20 | 09
#1570-d235 @A: 01 22 32 31 | 08
#1571-d235 @A: 28 04 31 12 | 04
#1572-d235 @A: 14 08 31 28 | 10
#1573-d235 @A: 31 28 09 23 | 02
#1574-d235 @A: 09 11 31 28 | 01
#1575-d235 @A: 31 13 07 19 | 07
#1576-d235 @A: 16 13 31 32 | 11
#1577-d235 @A: 31 24 13 11 | 03
#1578-d235 @A: 31 09 35 08 | 05
#1579-d235 @A: 15 16 31 12 | 06
#1580-d235 @A: 06 31 16 14 | 12
#1581-d235 @A: 04 07 06 31 | 09
#1582-d235 @A: 31 06 32 09 | 08
#1583-d235 @A: 30 31 07 26 | 04
#1584-d235 @A: 08 31 11 25 | 10
#1585-d235 @A: 02 29 01 18 | 02
#1586-d235 @A: 01 18 03 15 | 01
#1587-d235 @A: 18 10 12 03 | 07
#1588-d235 @A: 18 13 22 35 | 11
#1589-d235 @A: 33 27 18 12 | 03
#1590-d235 @A: 19 20 18 05 | 05
#1591-d235 @A: 33 13 18 14 | 06
#1592-d235 @A: 09 13 18 26 | 12
#1593-d235 @A: 18 35 14 07 | 09
#1594-d235 @A: 23 18 33 06 | 08
#1595-d235 @A: 18 05 24 11 | 04
#1596-d235 @A: 04 18 02 06 | 10
#1597-d235 @A: 04 07 09 18 | 02
#1598-d235 @A: 25 32 30 18 | 01
#1599-d235 @A: 03 05 29 28 | 07
#1600-d235 @A: 13 29 22 24 | 11
#1601-d235 @A: 12 22 08 29 | 03
#1602-d235 @A: 11 14 29 22 | 05
#1603-d235 @A: 16 07 28 29 | 06
#1604-d235 @A: 14 27 32 29 | 12
#1605-d235 @A: 09 29 25 34 | 09
#1606-d235 @A: 07 29 11 35 | 08
#1607-d235 @A: 29 23 08 07 | 04
#1608-d235 @A: 24 06 07 29 | 10
#1609-d235 @A: 29 11 08 32 | 02
#1610-d235 @A: 29 11 15 02 | 01
#1611-d235 @A: 03 15 27 26 | 07
#1612-d235 @A: 06 10 20 03 | 11
#1613-d235 @A: 35 25 03 19 | 03
#1614-d235 @A: 19 12 23 03 | 05
#1615-d235 @A: 09 03 17 23 | 06
#1616-d235 @A: 06 03 04 12 | 12
#1617-d235 @A: 03 07 04 24 | 09
#1618-d235 @A: 12 23 22 27 | 08
#1619-d235 @A: 14 22 34 04 | 04
#1620-d235 @A: 20 17 22 30 | 10
#1621-d235 @A: 01 04 22 09 | 02
#1622-d235 @A: 13 12 22 10 | 01
#1623-d235 @A: 06 19 22 35 | 07
#1624-d235 @A: 22 30 14 33 | 11
#1625-d235 @A: 15 22 04 05 | 03
#1626-d235 @A: 02 22 05 32 | 05
#1627-d235 @A: 10 22 11 09 | 06
#1628-d235 @A: 28 02 27 20 | 12
#1629-d235 @A: 01 27 10 28 | 09
#1630-d235 @A: 01 28 08 20 | 08
#1631-d235 @A: 16 28 06 20 | 04
#1632-d235 @A: 28 17 05 20 | 10
#1633-d235 @A: 19 28 01 24 | 02
#1634-d235 @A: 30 17 26 28 | 01
#1635-d235 @A: 23 28 33 04 | 07
#1636-d235 @A: 02 08 33 28 | 11
#1637-d235 @A: 16 27 34 32 | 03
#1638-d235 @A: 26 32 27 20 | 05
#1639-d235 @A: 35 13 02 27 | 06
#1640-d235 @A: 13 07 27 14 | 12
#1641-d235 @A: 27 09 19 26 | 09
#1642-d235 @A: 20 25 34 15 | 08
#1643-d235 @A: 34 19 08 35 | 04
#1644-d235 @A: 12 34 23 17 | 10
#1645-d235 @A: 34 24 04 17 | 02
#1646-d235 @A: 08 17 07 34 | 01
#1647-d235 @A: 34 25 05 32 | 07
#1648-d235 @A: 06 32 34 33 | 11
#1649-d235 @A: 20 13 15 01 | 03
#1650-d235 @A: 01 25 20 23 | 05
#1651-d235 @A: 23 11 20 19 | 06
#1652-d235 @A: 26 20 16 17 | 12
#1653-d235 @A: 04 14 35 01 | 09
#1654-d235 @A: 35 07 09 01 | 08
#1655-d235 @A: 08 33 19 01 | 04
#1656-d235 @A: 17 01 06 16 | 10
#1657-d235 @A: 23 24 01 32 | 02
#1658-d235 @A: 30 01 05 15 | 01
#1659-d235 @A: 07 02 01 26 | 07
#1660-d235 @A: 11 19 13 35 | 11
#1661-d235 @A: 13 08 06 23 | 03
#1662-d235 @A: 30 13 23 33 | 05
#1663-d235 @A: 26 02 24 13 | 06
#1664-d235 @A: 11 05 13 04 | 12
#1665-d235 @A: 04 06 13 30 | 09
#1666-d235 @A: 32 04 13 08 | 08
#1667-d235 @A: 35 14 08 16 | 04
#1668-d235 @A: 35 14 17 09 | 10
#1669-d235 @A: 09 04 12 35 | 02
#1670-d235 @A: 24 06 15 35 | 01
#1671-d235 @A: 09 30 05 35 | 07
#1672-d235 @A: 09 19 07 16 | 11
#1673-d235 @A: 24 19 04 25 | 03
#1674-d235 @A: 24 02 19 11 | 05
#1675-d235 @A: 15 23 16 08 | 06
#1676-d235 @A: 25 23 11 16 | 12
#1677-d235 @A: 16 04 30 33 | 09
#1678-d235 @A: 32 16 09 33 | 08
#1679-d235 @A: 07 33 17 30 | 04
#1680-d235 @A: 06 12 14 10 | 10
#1681-d235 @A: 05 11 07 12 | 02
#1682-d235 @A: 09 06 26 12 | 01
#1683-d235 @A: 33 26 12 11 | 07
#1684-d235 @A: 14 05 30 25 | 11
#1685-d235 @A: 02 11 14 05 | 03
#1686-d235 @A: 10 15 14 02 | 05
#1687-d235 @A: 11 09 02 24 | 06
#1688-d235 @A: 09 08 07 06 | 12
#1689-d235 @A: 10 08 33 09 | 09
