#0001-d239 @A: 15 09 30 05 | 02
#0002-d239 @A: 21 23 09 08 | 01
#0003-d239 @A: 25 09 30 33 | 07
#0004-d239 @A: 04 11 07 09 | 11
#0005-d239 @A: 24 29 12 09 | 03
#0006-d239 @A: 20 10 09 16 | 05
#0007-d239 @A: 26 09 08 14 | 06
#0008-d239 @A: 34 13 09 06 | 12
#0009-d239 @A: 02 13 09 14 | 09
#0010-d239 @A: 34 09 30 16 | 08
#0011-d239 @A: 15 09 03 14 | 04
#0012-d239 @A: 09 22 34 15 | 10
#0013-d239 @A: 03 10 35 09 | 02
#0014-d239 @A: 06 25 31 05 | 01
#0015-d239 @A: 34 31 05 04 | 07
#0016-d239 @A: 17 34 05 01 | 11
#0017-d239 @A: 26 22 01 05 | 03
#0018-d239 @A: 17 28 05 07 | 05
#0019-d239 @A: 29 05 07 11 | 06
#0020-d239 @A: 04 05 02 18 | 12
#0021-d239 @A: 27 20 05 08 | 09
#0022-d239 @A: 02 27 05 30 | 08
#0023-d239 @A: 08 05 03 22 | 04
#0024-d239 @A: 02 10 05 34 | 10
#0025-d239 @A: 34 32 16 05 | 02
#0026-d239 @A: 30 25 31 21 | 01
#0027-d239 @A: 31 04 33 35 | 07
#0028-d239 @A: 14 15 31 01 | 11
#0029-d239 @A: 31 29 17 08 | 03
#0030-d239 @A: 17 12 31 28 | 05
#0031-d239 @A: 26 31 30 07 | 06
#0032-d239 @A: 31 12 07 22 | 12
#0033-d239 @A: 31 34 29 18 | 09
#0034-d239 @A: 18 19 26 31 | 08
#0035-d239 @A: 24 31 26 29 | 04
#0036-d239 @A: 31 04 10 20 | 10
#0037-d239 @A: 30 31 13 27 | 02
#0038-d239 @A: 08 31 35 15 | 01
#0039-d239 @A: 02 33 03 21 | 07
#0040-d239 @A: 01 21 04 35 | 11
#0041-d239 @A: 07 21 24 13 | 03
#0042-d239 @A: 24 18 21 34 | 05
#0043-d239 @A: 26 20 02 21 | 06
#0044-d239 @A: 27 21 26 23 | 12
#0045-d239 @A: 30 16 21 06 | 09
#0046-d239 @A: 23 10 21 13 | 08
#0047-d239 @A: 28 21 15 35 | 04
#0048-d239 @A: 27 10 21 02 | 10
#0049-d239 @A: 33 01 25 18 | 02
#0050-d239 @A: 17 33 18 13 | 01
#0051-d239 @A: 02 07 13 33 | 07
#0052-d239 @A: 13 19 22 33 | 11
#0053-d239 @A: 27 33 12 25 | 03
#0054-d239 @A: 33 03 34 27 | 05
#0055-d239 @A: 03 33 25 28 | 06
#0056-d239 @A: 03 22 33 16 | 12
#0057-d239 @A: 24 22 33 27 | 09
#0058-d239 @A: 27 10 11 33 | 08
#0059-d239 @A: 01 18 23 17 | 04
#0060-d239 @A: 01 25 17 12 | 10
#0061-d239 @A: 01 24 19 18 | 02
#0062-d239 @A: 08 01 29 30 | 01
#0063-d239 @A: 06 11 23 01 | 07
#0064-d239 @A: 02 01 23 04 | 11
#0065-d239 @A: 30 25 01 35 | 03
#0066-d239 @A: 01 22 15 03 | 05
#0067-d239 @A: 34 01 24 10 | 06
#0068-d239 @A: 34 19 01 23 | 12
#0069-d239 @A: 17 07 27 32 | 09
#0070-d239 @A: 10 17 18 14 | 08
#0071-d239 @A: 02 17 26 32 | 04
#0072-d239 @A: 30 16 17 13 | 10
#0073-d239 @A: 17 02 10 03 | 02
#0074-d239 @A: 17 32 03 24 | 01
#0075-d239 @A: 17 24 16 19 | 07
#0076-d239 @A: 32 29 07 14 | 11
#0077-d239 @A: 26 07 35 13 | 03
#0078-d239 @A: 30 07 06 19 | 05
#0079-d239 @A: 13 14 07 11 | 06
#0080-d239 @A: 14 07 15 04 | 12
#0081-d239 @A: 07 32 25 08 | 09
#0082-d239 @A: 16 19 08 07 | 08
#0083-d239 @A: 18 13 29 20 | 04
#0084-d239 @A: 29 35 04 18 | 10
#0085-d239 @A: 18 06 13 02 | 02
#0086-d239 @A: 06 28 18 04 | 01
#0087-d239 @A: 06 25 30 18 | 07
#0088-d239 @A: 22 13 04 18 | 11
#0089-d239 @A: 03 12 04 18 | 03
#0090-d239 @A: 28 08 14 18 | 05
#0091-d239 @A: 18 15 03 32 | 06
#0092-d239 @A: 03 19 18 28 | 12
#0093-d239 @A: 26 20 29 32 | 09
#0094-d239 @A: 22 25 32 29 | 08
#0095-d239 @A: 22 02 28 29 | 04
#0096-d239 @A: 29 19 32 02 | 10
#0097-d239 @A: 10 24 29 11 | 02
#0098-d239 @A: 35 04 20 03 | 01
#0099-d239 @A: 20 15 34 08 | 07
#0100-d239 @A: 20 11 16 03 | 11
#0101-d239 @A: 25 20 11 28 | 03
#0102-d239 @A: 34 24 16 20 | 05
#0103-d239 @A: 26 22 06 30 | 06
#0104-d239 @A: 11 04 26 34 | 12
#0105-d239 @A: 26 28 08 12 | 09
#0106-d239 @A: 03 26 27 10 | 08
#0107-d239 @A: 27 26 28 35 | 04
#0108-d239 @A: 26 16 28 02 | 10
#0109-d239 @A: 32 08 11 26 | 02
#0110-d239 @A: 13 06 22 27 | 01
#0111-d239 @A: 15 06 27 32 | 07
#0112-d239 @A: 23 24 06 28 | 11
#0113-d239 @A: 04 13 14 12 | 03
#0114-d239 @A: 13 15 22 16 | 05
#0115-d239 @A: 24 03 13 34 | 06
#0116-d239 @A: 13 34 02 35 | 12
#0117-d239 @A: 34 22 10 13 | 09
#0118-d239 @A: 24 04 02 27 | 08
#0119-d239 @A: 32 19 25 04 | 04
#0120-d239 @A: 32 04 24 08 | 10
#0121-d239 @A: 19 30 25 16 | 02
#0122-d239 @A: 10 02 19 30 | 01
#0123-d239 @A: 35 14 27 12 | 07
#0124-d239 @A: 22 12 25 03 | 11
#0125-d239 @A: 03 24 12 08 | 03
#0126-d239 @A: 11 12 03 10 | 05
#0127-d239 @A: 27 10 12 08 | 06
#0128-d239 @A: 23 12 25 24 | 12
#0129-d239 @A: 11 12 19 16 | 09
#0130-d239 @A: 22 14 15 35 | 08
#0131-d239 @A: 19 27 11 23 | 04
#0132-d239 @A: 05 32 09 31 | 10
#0133-d239 @A: 13 25 09 05 | 02
#0134-d239 @A: 05 09 04 28 | 01
#0135-d239 @A: 19 21 33 09 | 07
#0136-d239 @A: 08 17 21 09 | 11
#0137-d239 @A: 35 12 33 09 | 03
#0138-d239 @A: 10 09 01 07 | 05
#0139-d239 @A: 29 19 09 17 | 06
#0140-d239 @A: 26 17 28 09 | 12
#0141-d239 @A: 17 09 13 22 | 09
#0142-d239 @A: 16 17 25 09 | 08
#0143-d239 @A: 09 29 07 15 | 04
#0144-d239 @A: 10 29 30 09 | 10
#0145-d239 @A: 04 09 26 24 | 02
#0146-d239 @A: 19 04 09 14 | 01
#0147-d239 @A: 10 02 15 09 | 07
#0148-d239 @A: 08 09 24 27 | 11
#0149-d239 @A: 09 08 11 02 | 03
#0150-d239 @A: 02 16 32 09 | 05
#0151-d239 @A: 31 02 05 29 | 06
#0152-d239 @A: 24 20 05 31 | 12
#0153-d239 @A: 11 21 12 05 | 09
#0154-d239 @A: 05 28 01 33 | 08
#0155-d239 @A: 12 05 33 02 | 04
#0156-d239 @A: 05 13 15 01 | 10
#0157-d239 @A: 29 15 17 05 | 02
#0158-d239 @A: 05 17 30 20 | 01
#0159-d239 @A: 07 14 22 05 | 07
#0160-d239 @A: 29 23 24 05 | 11
#0161-d239 @A: 05 13 20 32 | 03
#0162-d239 @A: 14 12 26 05 | 05
#0163-d239 @A: 06 30 05 34 | 06
#0164-d239 @A: 12 05 08 13 | 12
#0165-d239 @A: 12 05 32 04 | 09
#0166-d239 @A: 25 05 24 15 | 08
#0167-d239 @A: 05 03 35 27 | 04
#0168-d239 @A: 05 03 16 02 | 10
#0169-d239 @A: 32 31 20 33 | 02
#0170-d239 @A: 31 23 35 33 | 01
#0171-d239 @A: 07 03 19 31 | 07
#0172-d239 @A: 18 11 31 13 | 11
#0173-d239 @A: 10 31 18 30 | 03
#0174-d239 @A: 31 11 22 04 | 05
#0175-d239 @A: 31 12 23 14 | 06
#0176-d239 @A: 10 31 03 15 | 12
#0177-d239 @A: 25 35 11 31 | 09
#0178-d239 @A: 19 02 31 24 | 08
#0179-d239 @A: 31 10 28 19 | 04
#0180-d239 @A: 21 01 27 17 | 10
#0181-d239 @A: 23 21 30 17 | 02
#0182-d239 @A: 06 27 07 21 | 01
#0183-d239 @A: 29 21 34 20 | 07
#0184-d239 @A: 29 27 13 21 | 11
#0185-d239 @A: 14 20 10 21 | 03
#0186-d239 @A: 03 04 14 21 | 05
#0187-d239 @A: 32 12 23 21 | 06
#0188-d239 @A: 16 21 03 15 | 12
#0189-d239 @A: 26 01 33 04 | 09
#0190-d239 @A: 33 17 34 07 | 08
#0191-d239 @A: 17 33 10 30 | 04
#0192-d239 @A: 33 07 14 10 | 10
#0193-d239 @A: 35 03 18 33 | 02
#0194-d239 @A: 28 20 33 29 | 01
#0195-d239 @A: 08 33 20 26 | 07
#0196-d239 @A: 12 19 04 33 | 11
#0197-d239 @A: 33 15 02 28 | 03
#0198-d239 @A: 27 32 33 02 | 05
#0199-d239 @A: 08 06 17 01 | 06
#0200-d239 @A: 20 35 13 01 | 12
#0201-d239 @A: 27 20 01 23 | 09
#0202-d239 @A: 26 01 16 25 | 08
#0203-d239 @A: 01 13 11 30 | 04
#0204-d239 @A: 01 14 19 13 | 10
#0205-d239 @A: 11 03 04 01 | 02
#0206-d239 @A: 27 01 10 30 | 01
#0207-d239 @A: 01 14 22 23 | 07
#0208-d239 @A: 01 15 35 34 | 11
#0209-d239 @A: 03 01 02 27 | 03
#0210-d239 @A: 01 03 19 34 | 05
#0211-d239 @A: 22 02 11 01 | 06
#0212-d239 @A: 22 01 19 28 | 12
#0213-d239 @A: 01 08 34 32 | 09
#0214-d239 @A: 17 22 07 06 | 08
#0215-d239 @A: 07 17 13 19 | 04
#0216-d239 @A: 29 17 18 28 | 10
#0217-d239 @A: 23 17 29 06 | 02
#0218-d239 @A: 20 25 23 17 | 01
#0219-d239 @A: 20 34 17 19 | 07
#0220-d239 @A: 14 17 13 32 | 11
#0221-d239 @A: 15 17 34 32 | 03
#0222-d239 @A: 08 22 17 32 | 05
#0223-d239 @A: 08 07 29 18 | 06
#0224-d239 @A: 07 20 18 22 | 12
#0225-d239 @A: 11 30 18 07 | 09
#0226-d239 @A: 18 24 07 14 | 08
#0227-d239 @A: 25 07 03 18 | 04
#0228-d239 @A: 06 07 11 02 | 10
#0229-d239 @A: 13 07 16 12 | 02
#0230-d239 @A: 04 07 12 34 | 01
#0231-d239 @A: 11 02 07 23 | 07
#0232-d239 @A: 28 18 27 25 | 11
#0233-d239 @A: 08 19 32 18 | 03
#0234-d239 @A: 29 08 26 06 | 05
#0235-d239 @A: 12 29 11 26 | 06
#0236-d239 @A: 14 25 29 06 | 12
#0237-d239 @A: 03 29 06 27 | 09
#0238-d239 @A: 22 06 16 29 | 08
#0239-d239 @A: 32 03 13 29 | 04
#0240-d239 @A: 29 19 15 04 | 10
#0241-d239 @A: 30 16 29 14 | 02
#0242-d239 @A: 29 23 34 15 | 01
#0243-d239 @A: 35 32 29 16 | 07
#0244-d239 @A: 11 29 25 27 | 11
#0245-d239 @A: 27 08 02 29 | 03
#0246-d239 @A: 34 29 28 25 | 05
#0247-d239 @A: 23 32 28 29 | 06
#0248-d239 @A: 20 19 30 26 | 12
#0249-d239 @A: 34 06 20 23 | 09
#0250-d239 @A: 08 06 10 20 | 08
#0251-d239 @A: 15 13 20 14 | 04
#0252-d239 @A: 26 06 12 27 | 10
#0253-d239 @A: 13 26 02 04 | 02
#0254-d239 @A: 04 14 35 26 | 01
#0255-d239 @A: 34 26 23 14 | 07
#0256-d239 @A: 03 25 35 26 | 11
#0257-d239 @A: 26 08 16 10 | 03
#0258-d239 @A: 06 04 35 15 | 05
#0259-d239 @A: 25 06 11 12 | 06
#0260-d239 @A: 02 06 27 35 | 12
#0261-d239 @A: 28 02 13 30 | 09
#0262-d239 @A: 11 13 27 03 | 08
#0263-d239 @A: 16 34 03 04 | 04
#0264-d239 @A: 02 35 28 04 | 10
#0265-d239 @A: 10 04 23 25 | 02
#0266-d239 @A: 04 19 23 22 | 01
#0267-d239 @A: 23 30 12 22 | 07
#0268-d239 @A: 15 30 08 03 | 11
#0269-d239 @A: 30 24 35 15 | 03
#0270-d239 @A: 35 11 28 30 | 05
#0271-d239 @A: 08 34 30 22 | 06
#0272-d239 @A: 02 14 12 11 | 12
#0273-d239 @A: 15 02 19 12 | 09
#0274-d239 @A: 08 12 16 25 | 08
#0275-d239 @A: 12 11 34 08 | 04
#0276-d239 @A: 23 12 08 34 | 10
#0277-d239 @A: 35 19 14 02 | 02
#0278-d239 @A: 19 22 14 16 | 01
#0279-d239 @A: 14 02 23 28 | 07
#0280-d239 @A: 16 05 09 12 | 11
#0281-d239 @A: 22 30 09 31 | 03
#0282-d239 @A: 29 21 32 09 | 05
#0283-d239 @A: 09 21 12 10 | 06
#0284-d239 @A: 33 09 29 11 | 12
#0285-d239 @A: 29 09 03 01 | 09
#0286-d239 @A: 16 04 09 01 | 08
#0287-d239 @A: 09 20 15 17 | 04
#0288-d239 @A: 09 23 17 26 | 10
#0289-d239 @A: 14 09 27 07 | 02
#0290-d239 @A: 06 18 03 09 | 01
#0291-d239 @A: 09 35 18 13 | 07
#0292-d239 @A: 29 09 27 28 | 11
#0293-d239 @A: 04 32 13 09 | 03
#0294-d239 @A: 15 23 09 13 | 05
#0295-d239 @A: 14 35 30 09 | 06
#0296-d239 @A: 09 23 35 11 | 12
#0297-d239 @A: 28 21 13 05 | 09
#0298-d239 @A: 21 02 08 05 | 08
#0299-d239 @A: 20 05 25 33 | 04
#0300-d239 @A: 05 01 27 11 | 10
#0301-d239 @A: 17 18 26 05 | 02
#0302-d239 @A: 17 05 25 08 | 01
#0303-d239 @A: 07 05 06 24 | 07
#0304-d239 @A: 07 13 05 10 | 11
#0305-d239 @A: 18 05 15 14 | 03
#0306-d239 @A: 05 06 29 28 | 05
#0307-d239 @A: 05 20 04 15 | 06
#0308-d239 @A: 05 12 20 34 | 12
#0309-d239 @A: 28 05 03 26 | 09
#0310-d239 @A: 04 25 05 14 | 08
#0311-d239 @A: 10 31 01 21 | 04
#0312-d239 @A: 21 20 31 16 | 10
#0313-d239 @A: 33 31 18 22 | 02
#0314-d239 @A: 20 31 15 18 | 01
#0315-d239 @A: 31 29 27 20 | 07
#0316-d239 @A: 31 29 32 30 | 11
#0317-d239 @A: 20 31 08 12 | 03
#0318-d239 @A: 31 12 26 02 | 05
#0319-d239 @A: 31 06 34 14 | 06
#0320-d239 @A: 06 31 19 15 | 12
#0321-d239 @A: 31 25 04 28 | 09
#0322-d239 @A: 31 30 08 16 | 08
#0323-d239 @A: 27 08 31 03 | 04
#0324-d239 @A: 11 03 34 31 | 10
#0325-d239 @A: 27 31 25 16 | 02
#0326-d239 @A: 34 27 31 19 | 01
#0327-d239 @A: 10 08 31 34 | 07
#0328-d239 @A: 34 01 13 21 | 11
#0329-d239 @A: 21 02 12 01 | 03
#0330-d239 @A: 02 06 21 17 | 05
#0331-d239 @A: 30 17 21 03 | 06
#0332-d239 @A: 15 21 22 07 | 12
#0333-d239 @A: 21 29 12 25 | 09
#0334-d239 @A: 22 20 24 21 | 08
#0335-d239 @A: 04 26 21 32 | 04
#0336-d239 @A: 21 04 13 06 | 10
#0337-d239 @A: 32 21 12 06 | 02
#0338-d239 @A: 28 21 34 06 | 01
#0339-d239 @A: 13 16 21 14 | 07
#0340-d239 @A: 21 08 15 27 | 11
#0341-d239 @A: 28 34 23 21 | 03
#0342-d239 @A: 21 28 16 32 | 05
#0343-d239 @A: 15 17 14 33 | 06
#0344-d239 @A: 33 27 23 07 | 12
#0345-d239 @A: 18 20 34 33 | 09
#0346-d239 @A: 26 32 12 33 | 08
#0347-d239 @A: 22 35 26 33 | 04
#0348-d239 @A: 13 28 33 32 | 10
#0349-d239 @A: 33 11 16 08 | 02
#0350-d239 @A: 17 18 01 22 | 01
#0351-d239 @A: 24 01 17 29 | 07
#0352-d239 @A: 34 01 06 07 | 11
#0353-d239 @A: 16 30 01 07 | 03
#0354-d239 @A: 30 01 18 20 | 05
#0355-d239 @A: 18 12 11 01 | 06
#0356-d239 @A: 20 14 34 01 | 12
#0357-d239 @A: 26 01 24 27 | 09
#0358-d239 @A: 12 13 27 01 | 08
#0359-d239 @A: 11 16 18 17 | 04
#0360-d239 @A: 29 17 12 32 | 10
#0361-d239 @A: 15 13 06 17 | 02
#0362-d239 @A: 04 23 17 14 | 01
#0363-d239 @A: 28 30 25 17 | 07
#0364-d239 @A: 16 15 17 10 | 11
#0365-d239 @A: 17 32 25 35 | 03
#0366-d239 @A: 34 27 17 16 | 05
#0367-d239 @A: 17 08 11 27 | 06
#0368-d239 @A: 22 17 10 24 | 12
#0369-d239 @A: 02 34 17 11 | 09
#0370-d239 @A: 18 19 04 07 | 08
#0371-d239 @A: 07 04 28 26 | 04
#0372-d239 @A: 07 15 06 28 | 10
#0373-d239 @A: 25 07 13 34 | 02
#0374-d239 @A: 12 07 02 10 | 01
#0375-d239 @A: 34 07 03 10 | 07
#0376-d239 @A: 22 08 35 07 | 11
#0377-d239 @A: 35 07 10 23 | 03
#0378-d239 @A: 18 29 03 14 | 05
#0379-d239 @A: 20 12 18 02 | 06
#0380-d239 @A: 11 27 18 20 | 12
#0381-d239 @A: 19 11 18 35 | 09
#0382-d239 @A: 35 24 18 28 | 08
#0383-d239 @A: 23 04 26 29 | 04
#0384-d239 @A: 13 29 12 34 | 10
#0385-d239 @A: 04 12 29 08 | 02
#0386-d239 @A: 04 34 32 29 | 01
#0387-d239 @A: 30 28 12 29 | 07
#0388-d239 @A: 29 12 35 10 | 11
#0389-d239 @A: 16 15 34 29 | 03
#0390-d239 @A: 22 35 11 29 | 05
#0391-d239 @A: 27 22 19 29 | 06
#0392-d239 @A: 06 20 15 12 | 12
#0393-d239 @A: 20 35 06 22 | 09
#0394-d239 @A: 02 23 20 13 | 08
#0395-d239 @A: 14 20 19 32 | 04
#0396-d239 @A: 20 32 15 22 | 10
#0397-d239 @A: 34 03 22 20 | 02
#0398-d239 @A: 20 23 22 25 | 01
#0399-d239 @A: 24 23 32 20 | 07
#0400-d239 @A: 26 13 27 15 | 11
#0401-d239 @A: 10 30 11 26 | 03
#0402-d239 @A: 11 26 02 03 | 05
#0403-d239 @A: 27 02 19 26 | 06
#0404-d239 @A: 22 24 19 26 | 12
#0405-d239 @A: 06 04 30 32 | 09
#0406-d239 @A: 06 03 10 24 | 08
#0407-d239 @A: 10 35 06 11 | 04
#0408-d239 @A: 27 25 06 10 | 10
#0409-d239 @A: 28 34 13 04 | 02
#0410-d239 @A: 12 30 13 03 | 01
#0411-d239 @A: 08 24 13 15 | 07
#0412-d239 @A: 03 16 28 13 | 11
#0413-d239 @A: 13 24 27 25 | 03
#0414-d239 @A: 24 32 22 13 | 05
#0415-d239 @A: 04 16 14 27 | 06
#0416-d239 @A: 04 22 24 15 | 12
#0417-d239 @A: 32 04 15 02 | 09
#0418-d239 @A: 15 04 28 11 | 08
#0419-d239 @A: 03 04 32 23 | 04
#0420-d239 @A: 32 27 04 28 | 10
#0421-d239 @A: 24 34 19 04 | 02
#0422-d239 @A: 30 14 32 15 | 01
#0423-d239 @A: 15 30 02 16 | 07
#0424-d239 @A: 30 25 03 11 | 11
#0425-d239 @A: 24 19 30 11 | 03
#0426-d239 @A: 02 35 03 12 | 05
#0427-d239 @A: 16 10 34 12 | 06
#0428-d239 @A: 03 35 14 32 | 12
#0429-d239 @A: 14 08 10 03 | 09
#0430-d239 @A: 34 14 16 08 | 08
#0431-d239 @A: 16 32 10 14 | 04
#0432-d239 @A: 32 11 14 28 | 10
#0433-d239 @A: 23 16 25 15 | 02
#0434-d239 @A: 27 23 35 19 | 01
#0435-d239 @A: 02 23 25 34 | 07
#0436-d239 @A: 22 09 05 27 | 11
#0437-d239 @A: 26 35 09 31 | 03
#0438-d239 @A: 09 01 15 26 | 05
#0439-d239 @A: 07 09 18 28 | 06
#0440-d239 @A: 26 09 18 30 | 12
#0441-d239 @A: 18 09 12 14 | 09
#0442-d239 @A: 29 04 09 20 | 08
#0443-d239 @A: 06 29 35 09 | 04
#0444-d239 @A: 29 27 09 23 | 10
#0445-d239 @A: 26 34 09 25 | 02
#0446-d239 @A: 30 03 04 09 | 01
#0447-d239 @A: 22 09 10 04 | 07
#0448-d239 @A: 09 35 27 15 | 11
#0449-d239 @A: 03 09 16 27 | 03
#0450-d239 @A: 05 21 15 31 | 05
#0451-d239 @A: 31 16 14 05 | 06
#0452-d239 @A: 05 21 26 25 | 12
#0453-d239 @A: 16 10 01 05 | 09
#0454-d239 @A: 20 16 05 07 | 08
#0455-d239 @A: 08 05 07 26 | 04
#0456-d239 @A: 18 05 34 23 | 10
#0457-d239 @A: 20 05 11 22 | 02
#0458-d239 @A: 19 05 26 04 | 01
#0459-d239 @A: 05 06 08 16 | 07
#0460-d239 @A: 05 13 27 23 | 11
#0461-d239 @A: 30 05 04 22 | 03
#0462-d239 @A: 30 35 05 16 | 05
#0463-d239 @A: 03 05 19 32 | 06
#0464-d239 @A: 05 34 35 11 | 12
#0465-d239 @A: 05 27 10 28 | 09
#0466-d239 @A: 19 05 24 27 | 08
#0467-d239 @A: 10 05 08 11 | 04
#0468-d239 @A: 27 31 21 35 | 10
#0469-d239 @A: 26 33 28 31 | 02
#0470-d239 @A: 31 33 16 15 | 01
#0471-d239 @A: 33 34 31 02 | 07
#0472-d239 @A: 20 28 31 01 | 11
#0473-d239 @A: 30 34 01 31 | 03
#0474-d239 @A: 17 22 31 20 | 05
#0475-d239 @A: 31 06 17 10 | 06
#0476-d239 @A: 06 07 31 35 | 12
#0477-d239 @A: 23 24 31 26 | 09
#0478-d239 @A: 30 19 04 31 | 08
#0479-d239 @A: 21 10 26 07 | 04
#0480-d239 @A: 18 11 21 03 | 10
#0481-d239 @A: 21 10 29 06 | 02
#0482-d239 @A: 08 21 29 24 | 01
#0483-d239 @A: 22 30 13 21 | 07
#0484-d239 @A: 21 30 14 08 | 11
#0485-d239 @A: 27 25 14 21 | 03
#0486-d239 @A: 21 02 19 28 | 05
#0487-d239 @A: 24 21 23 02 | 06
#0488-d239 @A: 23 16 21 19 | 12
#0489-d239 @A: 02 33 01 19 | 09
#0490-d239 @A: 16 33 28 17 | 08
#0491-d239 @A: 33 06 24 20 | 04
#0492-d239 @A: 20 04 02 33 | 10
#0493-d239 @A: 06 03 30 33 | 02
#0494-d239 @A: 08 33 34 13 | 01
#0495-d239 @A: 20 01 07 02 | 07
#0496-d239 @A: 07 14 01 25 | 11
#0497-d239 @A: 27 01 14 18 | 03
#0498-d239 @A: 04 24 01 20 | 05
#0499-d239 @A: 35 06 01 12 | 06
#0500-d239 @A: 30 12 01 14 | 12
#0501-d239 @A: 08 15 01 23 | 09
#0502-d239 @A: 24 35 01 03 | 08
#0503-d239 @A: 29 16 07 17 | 04
#0504-d239 @A: 17 07 12 08 | 10
#0505-d239 @A: 32 30 18 17 | 02
#0506-d239 @A: 26 17 29 10 | 01
#0507-d239 @A: 14 17 26 03 | 07
#0508-d239 @A: 17 06 30 11 | 11
#0509-d239 @A: 23 13 17 32 | 03
#0510-d239 @A: 35 27 17 19 | 05
#0511-d239 @A: 17 25 19 02 | 06
#0512-d239 @A: 08 07 04 20 | 12
#0513-d239 @A: 20 07 03 14 | 09
#0514-d239 @A: 25 07 26 12 | 08
#0515-d239 @A: 26 14 07 34 | 04
#0516-d239 @A: 07 14 12 06 | 10
#0517-d239 @A: 34 07 30 35 | 02
#0518-d239 @A: 35 15 19 07 | 01
#0519-d239 @A: 28 27 19 07 | 07
#0520-d239 @A: 22 32 02 07 | 11
#0521-d239 @A: 10 07 32 19 | 03
#0522-d239 @A: 16 14 20 18 | 05
#0523-d239 @A: 28 20 18 23 | 06
#0524-d239 @A: 14 25 18 26 | 12
#0525-d239 @A: 15 16 18 35 | 09
#0526-d239 @A: 03 18 34 08 | 08
#0527-d239 @A: 26 15 29 14 | 04
#0528-d239 @A: 34 35 29 08 | 10
#0529-d239 @A: 24 29 34 22 | 02
#0530-d239 @A: 23 10 29 11 | 01
#0531-d239 @A: 02 20 22 13 | 07
#0532-d239 @A: 14 22 04 20 | 11
#0533-d239 @A: 12 10 30 20 | 03
#0534-d239 @A: 03 02 30 20 | 05
#0535-d239 @A: 11 20 08 30 | 06
#0536-d239 @A: 22 10 20 27 | 12
#0537-d239 @A: 28 13 06 26 | 09
#0538-d239 @A: 06 32 14 26 | 08
#0539-d239 @A: 26 23 03 25 | 04
#0540-d239 @A: 28 26 34 22 | 10
#0541-d239 @A: 34 02 26 08 | 02
#0542-d239 @A: 30 35 13 06 | 01
#0543-d239 @A: 12 19 06 13 | 07
#0544-d239 @A: 04 06 14 02 | 11
#0545-d239 @A: 30 08 06 12 | 03
#0546-d239 @A: 15 06 02 08 | 05
#0547-d239 @A: 16 03 06 19 | 06
#0548-d239 @A: 23 32 16 06 | 12
#0549-d239 @A: 16 13 25 10 | 09
#0550-d239 @A: 19 12 30 32 | 08
#0551-d239 @A: 34 35 30 23 | 04
#0552-d239 @A: 16 30 27 28 | 10
#0553-d239 @A: 27 16 30 23 | 02
#0554-d239 @A: 03 28 12 14 | 01
#0555-d239 @A: 12 32 11 35 | 07
#0556-d239 @A: 23 19 28 12 | 11
#0557-d239 @A: 34 24 32 14 | 03
#0558-d239 @A: 23 24 22 15 | 05
#0559-d239 @A: 01 18 05 09 | 06
#0560-d239 @A: 26 05 20 09 | 12
#0561-d239 @A: 28 09 02 31 | 09
#0562-d239 @A: 09 21 15 13 | 08
#0563-d239 @A: 06 02 09 01 | 04
#0564-d239 @A: 03 13 09 07 | 10
#0565-d239 @A: 23 20 14 09 | 02
#0566-d239 @A: 09 14 16 06 | 01
#0567-d239 @A: 35 04 34 09 | 07
#0568-d239 @A: 15 24 09 16 | 11
#0569-d239 @A: 09 23 10 27 | 03
#0570-d239 @A: 19 09 32 22 | 05
#0571-d239 @A: 28 16 09 11 | 06
#0572-d239 @A: 05 33 03 31 | 12
#0573-d239 @A: 18 35 05 31 | 09
#0574-d239 @A: 23 05 31 10 | 08
#0575-d239 @A: 33 16 21 05 | 04
#0576-d239 @A: 05 21 07 30 | 10
#0577-d239 @A: 14 05 21 32 | 02
#0578-d239 @A: 17 33 22 05 | 01
#0579-d239 @A: 05 33 34 29 | 07
#0580-d239 @A: 01 03 30 05 | 11
#0581-d239 @A: 34 07 05 18 | 03
#0582-d239 @A: 29 30 13 05 | 05
#0583-d239 @A: 35 23 05 20 | 06
#0584-d239 @A: 06 04 05 27 | 12
#0585-d239 @A: 06 12 05 10 | 09
#0586-d239 @A: 05 04 23 16 | 08
#0587-d239 @A: 15 16 05 27 | 04
#0588-d239 @A: 32 25 11 05 | 10
#0589-d239 @A: 08 24 05 34 | 02
#0590-d239 @A: 28 02 05 11 | 01
#0591-d239 @A: 21 31 19 22 | 07
#0592-d239 @A: 18 31 17 03 | 11
#0593-d239 @A: 31 27 17 26 | 03
#0594-d239 @A: 14 31 17 25 | 05
#0595-d239 @A: 31 25 12 18 | 06
#0596-d239 @A: 31 08 06 32 | 12
#0597-d239 @A: 13 23 31 14 | 09
#0598-d239 @A: 12 04 27 31 | 08
#0599-d239 @A: 35 28 31 03 | 04
#0600-d239 @A: 27 31 22 32 | 10
#0601-d239 @A: 02 31 10 25 | 02
#0602-d239 @A: 02 08 22 31 | 01
#0603-d239 @A: 08 23 19 31 | 07
#0604-d239 @A: 31 08 28 24 | 11
#0605-d239 @A: 21 01 33 22 | 03
#0606-d239 @A: 18 10 33 21 | 05
#0607-d239 @A: 14 34 33 21 | 06
#0608-d239 @A: 21 14 11 17 | 12
#0609-d239 @A: 14 07 21 19 | 09
#0610-d239 @A: 21 35 30 18 | 08
#0611-d239 @A: 20 30 27 21 | 04
#0612-d239 @A: 21 10 24 35 | 10
#0613-d239 @A: 21 22 27 34 | 02
#0614-d239 @A: 25 21 28 08 | 01
#0615-d239 @A: 16 08 21 22 | 07
#0616-d239 @A: 01 35 29 33 | 11
#0617-d239 @A: 10 01 33 06 | 03
#0618-d239 @A: 33 01 15 30 | 05
#0619-d239 @A: 33 17 24 12 | 06
#0620-d239 @A: 14 19 33 18 | 12
#0621-d239 @A: 23 29 33 13 | 09
#0622-d239 @A: 22 33 20 12 | 08
#0623-d239 @A: 20 14 33 35 | 04
#0624-d239 @A: 04 33 32 14 | 10
#0625-d239 @A: 15 27 19 33 | 02
#0626-d239 @A: 33 11 32 03 | 01
#0627-d239 @A: 22 23 16 33 | 07
#0628-d239 @A: 01 17 26 20 | 11
#0629-d239 @A: 07 01 15 12 | 03
#0630-d239 @A: 01 11 20 06 | 05
#0631-d239 @A: 26 28 30 01 | 06
#0632-d239 @A: 01 25 04 15 | 12
#0633-d239 @A: 08 15 01 28 | 09
#0634-d239 @A: 01 22 24 16 | 08
#0635-d239 @A: 26 11 17 07 | 04
#0636-d239 @A: 07 24 17 04 | 10
#0637-d239 @A: 18 27 17 02 | 02
#0638-d239 @A: 29 06 17 34 | 01
#0639-d239 @A: 17 16 20 35 | 07
#0640-d239 @A: 06 12 16 17 | 11
#0641-d239 @A: 17 14 04 08 | 03
#0642-d239 @A: 17 12 10 23 | 05
#0643-d239 @A: 10 17 25 34 | 06
#0644-d239 @A: 17 34 08 28 | 12
#0645-d239 @A: 29 07 22 26 | 09
#0646-d239 @A: 13 07 06 29 | 08
#0647-d239 @A: 07 32 15 16 | 04
#0648-d239 @A: 25 07 35 10 | 10
#0649-d239 @A: 02 07 27 25 | 02
#0650-d239 @A: 27 24 07 16 | 01
#0651-d239 @A: 24 34 28 07 | 07
#0652-d239 @A: 32 11 07 34 | 11
#0653-d239 @A: 22 15 18 28 | 03
#0654-d239 @A: 22 20 30 29 | 05
#0655-d239 @A: 23 29 12 20 | 06
#0656-d239 @A: 29 04 11 06 | 12
#0657-d239 @A: 08 29 13 19 | 09
#0658-d239 @A: 24 30 04 29 | 08
#0659-d239 @A: 24 29 02 15 | 04
#0660-d239 @A: 20 06 13 16 | 10
#0661-d239 @A: 20 23 30 04 | 02
#0662-d239 @A: 24 30 20 14 | 01
#0663-d239 @A: 08 20 25 24 | 07
#0664-d239 @A: 25 19 10 20 | 11
#0665-d239 @A: 12 13 26 22 | 03
#0666-d239 @A: 26 13 14 10 | 05
#0667-d239 @A: 30 25 26 24 | 06
#0668-d239 @A: 23 35 12 26 | 12
#0669-d239 @A: 03 22 26 32 | 09
#0670-d239 @A: 06 16 15 25 | 08
#0671-d239 @A: 03 06 32 25 | 04
#0672-d239 @A: 02 06 32 34 | 10
#0673-d239 @A: 13 10 30 08 | 02
#0674-d239 @A: 13 22 35 03 | 01
#0675-d239 @A: 19 13 34 16 | 07
#0676-d239 @A: 23 04 15 11 | 11
#0677-d239 @A: 04 03 28 24 | 03
#0678-d239 @A: 23 04 27 24 | 05
#0679-d239 @A: 30 16 03 10 | 06
#0680-d239 @A: 24 34 30 27 | 12
#0681-d239 @A: 19 34 12 14 | 09
#0682-d239 @A: 25 35 12 15 | 08
#0683-d239 @A: 12 35 08 19 | 04
#0684-d239 @A: 24 28 22 12 | 10
#0685-d239 @A: 10 32 12 28 | 02
#0686-d239 @A: 28 14 25 15 | 01
#0687-d239 @A: 14 22 03 02 | 07
#0688-d239 @A: 35 14 25 34 | 11
#0689-d239 @A: 32 14 08 27 | 03
#0690-d239 @A: 23 32 27 14 | 05
#0691-d239 @A: 28 34 14 02 | 06
#0692-d239 @A: 05 09 10 14 | 12
#0693-d239 @A: 07 31 09 17 | 09
#0694-d239 @A: 18 24 09 31 | 08
#0695-d239 @A: 09 31 04 15 | 04
#0696-d239 @A: 09 24 21 06 | 10
#0697-d239 @A: 15 33 06 09 | 02
#0698-d239 @A: 02 33 22 09 | 01
#0699-d239 @A: 20 22 09 01 | 07
#0700-d239 @A: 19 01 11 09 | 11
#0701-d239 @A: 17 09 14 24 | 03
#0702-d239 @A: 09 07 34 20 | 05
#0703-d239 @A: 09 18 29 22 | 06
#0704-d239 @A: 04 27 18 09 | 12
#0705-d239 @A: 09 08 15 18 | 09
#0706-d239 @A: 12 09 27 20 | 08
#0707-d239 @A: 09 08 32 03 | 04
#0708-d239 @A: 09 19 25 27 | 10
#0709-d239 @A: 31 05 12 19 | 02
#0710-d239 @A: 29 21 05 03 | 01
#0711-d239 @A: 33 32 06 05 | 07
#0712-d239 @A: 24 05 01 12 | 11
#0713-d239 @A: 04 17 16 05 | 03
#0714-d239 @A: 02 14 05 17 | 05
#0715-d239 @A: 05 17 15 23 | 06
#0716-d239 @A: 10 05 17 32 | 12
#0717-d239 @A: 25 07 05 19 | 09
#0718-d239 @A: 08 30 18 05 | 08
#0719-d239 @A: 24 32 05 18 | 04
#0720-d239 @A: 35 05 29 26 | 10
#0721-d239 @A: 29 14 05 24 | 02
#0722-d239 @A: 06 20 05 02 | 01
#0723-d239 @A: 15 26 05 06 | 07
#0724-d239 @A: 14 27 13 05 | 11
#0725-d239 @A: 34 05 03 14 | 03
#0726-d239 @A: 28 25 35 05 | 05
#0727-d239 @A: 31 21 07 02 | 06
#0728-d239 @A: 11 21 31 06 | 12
#0729-d239 @A: 32 31 21 34 | 09
#0730-d239 @A: 11 31 01 33 | 08
#0731-d239 @A: 31 07 24 01 | 04
#0732-d239 @A: 01 13 31 03 | 10
#0733-d239 @A: 16 31 07 18 | 02
#0734-d239 @A: 18 27 06 31 | 01
#0735-d239 @A: 13 16 26 31 | 07
#0736-d239 @A: 11 26 31 15 | 11
#0737-d239 @A: 15 31 13 02 | 03
#0738-d239 @A: 30 11 31 23 | 05
#0739-d239 @A: 03 31 24 22 | 06
#0740-d239 @A: 31 34 23 27 | 12
#0741-d239 @A: 32 31 11 10 | 09
#0742-d239 @A: 27 33 04 21 | 08
#0743-d239 @A: 12 08 21 33 | 04
#0744-d239 @A: 22 21 29 17 | 10
#0745-d239 @A: 28 17 10 21 | 02
#0746-d239 @A: 07 23 20 21 | 01
#0747-d239 @A: 20 18 06 21 | 07
#0748-d239 @A: 18 04 21 25 | 11
#0749-d239 @A: 23 11 18 21 | 03
#0750-d239 @A: 34 10 30 21 | 05
#0751-d239 @A: 21 14 23 35 | 06
#0752-d239 @A: 21 28 03 27 | 12
#0753-d239 @A: 16 21 10 19 | 09
#0754-d239 @A: 01 27 20 33 | 08
#0755-d239 @A: 11 20 17 33 | 04
#0756-d239 @A: 08 17 02 33 | 10
#0757-d239 @A: 02 29 18 33 | 02
#0758-d239 @A: 06 33 18 08 | 01
#0759-d239 @A: 26 19 29 33 | 07
#0760-d239 @A: 29 14 33 12 | 11
#0761-d239 @A: 04 33 25 13 | 03
#0762-d239 @A: 19 10 33 03 | 05
#0763-d239 @A: 08 22 25 33 | 06
#0764-d239 @A: 16 25 02 33 | 12
#0765-d239 @A: 32 22 10 33 | 09
#0766-d239 @A: 06 01 18 15 | 08
#0767-d239 @A: 01 34 26 29 | 04
#0768-d239 @A: 13 29 02 01 | 10
#0769-d239 @A: 15 16 01 20 | 02
#0770-d239 @A: 08 04 13 01 | 01
#0771-d239 @A: 28 12 04 01 | 07
#0772-d239 @A: 30 32 01 22 | 11
#0773-d239 @A: 32 19 01 15 | 03
#0774-d239 @A: 25 32 10 01 | 05
#0775-d239 @A: 32 01 24 02 | 06
#0776-d239 @A: 01 19 10 08 | 12
#0777-d239 @A: 07 17 19 23 | 09
#0778-d239 @A: 13 20 03 17 | 08
#0779-d239 @A: 06 24 26 17 | 04
#0780-d239 @A: 04 17 13 35 | 10
#0781-d239 @A: 27 25 17 03 | 02
#0782-d239 @A: 17 03 22 19 | 01
#0783-d239 @A: 08 35 17 10 | 07
#0784-d239 @A: 17 22 27 23 | 11
#0785-d239 @A: 07 30 25 29 | 03
#0786-d239 @A: 07 34 27 29 | 05
#0787-d239 @A: 29 24 07 19 | 06
#0788-d239 @A: 07 20 24 12 | 12
#0789-d239 @A: 07 23 08 04 | 09
#0790-d239 @A: 07 28 30 14 | 08
#0791-d239 @A: 07 03 27 22 | 04
#0792-d239 @A: 16 07 10 11 | 10
#0793-d239 @A: 26 35 18 32 | 02
#0794-d239 @A: 18 13 34 14 | 01
#0795-d239 @A: 18 25 13 32 | 07
#0796-d239 @A: 30 14 18 22 | 11
#0797-d239 @A: 03 18 30 27 | 03
#0798-d239 @A: 25 27 23 18 | 05
#0799-d239 @A: 11 22 24 18 | 06
#0800-d239 @A: 14 20 08 29 | 12
#0801-d239 @A: 13 29 10 04 | 09
#0802-d239 @A: 29 04 22 03 | 08
#0803-d239 @A: 29 35 03 15 | 04
#0804-d239 @A: 29 34 03 02 | 10
#0805-d239 @A: 29 28 35 19 | 02
#0806-d239 @A: 25 16 24 29 | 01
#0807-d239 @A: 29 24 28 32 | 07
#0808-d239 @A: 06 26 20 03 | 11
#0809-d239 @A: 23 16 20 26 | 03
#0810-d239 @A: 02 15 20 35 | 05
#0811-d239 @A: 35 34 27 20 | 06
#0812-d239 @A: 03 24 16 26 | 12
#0813-d239 @A: 06 23 13 19 | 09
#0814-d239 @A: 10 04 19 06 | 08
#0815-d239 @A: 22 15 06 10 | 04
#0816-d239 @A: 06 16 24 35 | 10
#0817-d239 @A: 25 34 22 06 | 02
#0818-d239 @A: 24 22 06 08 | 01
#0819-d239 @A: 32 22 06 11 | 07
#0820-d239 @A: 13 02 11 25 | 11
#0821-d239 @A: 32 08 16 13 | 03
#0822-d239 @A: 11 13 32 19 | 05
#0823-d239 @A: 16 02 04 12 | 06
#0824-d239 @A: 04 03 15 27 | 12
#0825-d239 @A: 10 16 35 04 | 09
#0826-d239 @A: 04 34 25 08 | 08
#0827-d239 @A: 10 08 04 28 | 04
#0828-d239 @A: 11 15 27 30 | 10
#0829-d239 @A: 22 30 35 27 | 02
#0830-d239 @A: 08 02 30 25 | 01
#0831-d239 @A: 30 24 23 34 | 07
#0832-d239 @A: 16 32 30 24 | 11
#0833-d239 @A: 12 16 28 15 | 03
#0834-d239 @A: 03 12 27 19 | 05
#0835-d239 @A: 35 16 22 12 | 06
#0836-d239 @A: 25 02 28 12 | 12
#0837-d239 @A: 02 34 12 24 | 09
#0838-d239 @A: 23 12 16 11 | 08
#0839-d239 @A: 14 11 35 08 | 04
#0840-d239 @A: 35 16 14 28 | 10
#0841-d239 @A: 35 15 23 02 | 02
#0842-d239 @A: 24 23 35 16 | 01
#0843-d239 @A: 33 09 24 05 | 07
#0844-d239 @A: 09 02 05 07 | 11
#0845-d239 @A: 05 29 09 08 | 03
#0846-d239 @A: 01 27 09 31 | 05
#0847-d239 @A: 31 20 09 06 | 06
#0848-d239 @A: 35 07 21 09 | 12
#0849-d239 @A: 27 26 21 09 | 09
#0850-d239 @A: 20 03 09 33 | 08
#0851-d239 @A: 12 09 17 11 | 04
#0852-d239 @A: 20 18 09 19 | 10
#0853-d239 @A: 03 12 09 26 | 02
#0854-d239 @A: 19 34 09 08 | 01
#0855-d239 @A: 21 05 19 17 | 07
#0856-d239 @A: 15 07 33 05 | 11
#0857-d239 @A: 23 32 05 33 | 03
#0858-d239 @A: 35 14 01 05 | 05
#0859-d239 @A: 17 05 24 13 | 06
#0860-d239 @A: 05 18 25 29 | 12
#0861-d239 @A: 05 10 29 20 | 09
#0862-d239 @A: 16 29 19 05 | 08
#0863-d239 @A: 04 05 13 11 | 04
#0864-d239 @A: 05 23 11 14 | 10
#0865-d239 @A: 19 15 11 05 | 02
#0866-d239 @A: 05 10 03 25 | 01
#0867-d239 @A: 21 31 14 12 | 07
#0868-d239 @A: 01 31 23 07 | 11
#0869-d239 @A: 22 01 29 31 | 03
#0870-d239 @A: 01 25 19 31 | 05
#0871-d239 @A: 34 15 07 31 | 06
#0872-d239 @A: 23 20 31 15 | 12
#0873-d239 @A: 26 31 22 14 | 09
#0874-d239 @A: 04 16 31 06 | 08
#0875-d239 @A: 31 06 25 23 | 04
#0876-d239 @A: 14 24 31 04 | 10
#0877-d239 @A: 24 12 31 35 | 02
#0878-d239 @A: 32 02 03 31 | 01
#0879-d239 @A: 35 22 31 34 | 07
#0880-d239 @A: 19 35 31 32 | 11
#0881-d239 @A: 35 21 33 17 | 03
#0882-d239 @A: 26 21 11 33 | 05
#0883-d239 @A: 33 04 21 23 | 06
#0884-d239 @A: 29 21 30 02 | 12
#0885-d239 @A: 29 21 14 35 | 09
#0886-d239 @A: 21 20 11 13 | 08
#0887-d239 @A: 26 13 19 21 | 04
#0888-d239 @A: 26 14 24 21 | 10
#0889-d239 @A: 21 15 14 06 | 02
#0890-d239 @A: 06 19 08 21 | 01
#0891-d239 @A: 21 08 11 04 | 07
#0892-d239 @A: 30 12 24 21 | 11
#0893-d239 @A: 08 21 03 35 | 03
#0894-d239 @A: 23 03 21 27 | 05
#0895-d239 @A: 21 11 34 16 | 06
#0896-d239 @A: 24 02 21 16 | 12
#0897-d239 @A: 07 20 19 33 | 09
#0898-d239 @A: 07 26 33 03 | 08
#0899-d239 @A: 33 18 28 30 | 04
#0900-d239 @A: 12 13 33 15 | 10
#0901-d239 @A: 15 33 04 34 | 02
#0902-d239 @A: 33 02 30 14 | 01
#0903-d239 @A: 35 33 30 08 | 07
#0904-d239 @A: 24 03 15 33 | 11
#0905-d239 @A: 35 10 33 02 | 03
#0906-d239 @A: 02 33 24 11 | 05
#0907-d239 @A: 19 33 08 24 | 06
#0908-d239 @A: 10 11 33 23 | 12
#0909-d239 @A: 24 33 10 16 | 09
#0910-d239 @A: 01 16 17 14 | 08
#0911-d239 @A: 07 26 19 01 | 04
#0912-d239 @A: 18 13 28 01 | 10
#0913-d239 @A: 18 01 16 03 | 02
#0914-d239 @A: 01 10 03 20 | 01
#0915-d239 @A: 12 10 01 26 | 07
#0916-d239 @A: 04 06 01 22 | 11
#0917-d239 @A: 01 10 35 22 | 03
#0918-d239 @A: 02 10 01 28 | 05
#0919-d239 @A: 08 01 11 24 | 06
#0920-d239 @A: 24 18 25 17 | 12
#0921-d239 @A: 02 12 17 13 | 09
#0922-d239 @A: 17 30 08 24 | 08
#0923-d239 @A: 17 14 22 34 | 04
#0924-d239 @A: 03 17 35 11 | 10
#0925-d239 @A: 28 24 17 02 | 02
#0926-d239 @A: 15 13 18 07 | 01
#0927-d239 @A: 32 35 07 04 | 07
#0928-d239 @A: 07 03 24 30 | 11
#0929-d239 @A: 11 07 25 24 | 03
#0930-d239 @A: 28 07 02 08 | 05
#0931-d239 @A: 29 18 27 12 | 06
#0932-d239 @A: 28 18 26 20 | 12
#0933-d239 @A: 23 18 30 26 | 09
#0934-d239 @A: 18 06 22 23 | 08
#0935-d239 @A: 18 13 27 19 | 04
#0936-d239 @A: 25 15 18 10 | 10
#0937-d239 @A: 22 35 02 18 | 02
#0938-d239 @A: 18 22 16 27 | 01
#0939-d239 @A: 27 10 18 32 | 07
#0940-d239 @A: 25 22 18 19 | 11
#0941-d239 @A: 28 34 18 11 | 03
#0942-d239 @A: 08 16 18 24 | 05
#0943-d239 @A: 20 29 16 12 | 06
#0944-d239 @A: 29 14 04 28 | 12
#0945-d239 @A: 14 10 29 02 | 09
#0946-d239 @A: 15 29 32 10 | 08
#0947-d239 @A: 06 04 34 20 | 04
#0948-d239 @A: 12 11 20 04 | 10
#0949-d239 @A: 28 20 24 15 | 02
#0950-d239 @A: 27 03 32 20 | 01
#0951-d239 @A: 22 16 28 20 | 07
#0952-d239 @A: 20 24 32 11 | 11
#0953-d239 @A: 04 26 15 12 | 03
#0954-d239 @A: 26 12 30 16 | 05
#0955-d239 @A: 25 02 15 26 | 06
#0956-d239 @A: 15 28 26 32 | 12
#0957-d239 @A: 03 06 23 04 | 09
#0958-d239 @A: 27 12 23 06 | 08
#0959-d239 @A: 06 03 34 35 | 04
#0960-d239 @A: 06 24 25 02 | 10
#0961-d239 @A: 19 25 06 28 | 02
#0962-d239 @A: 04 13 23 34 | 01
#0963-d239 @A: 13 15 03 25 | 07
#0964-d239 @A: 08 28 13 35 | 11
#0965-d239 @A: 27 34 13 32 | 03
#0966-d239 @A: 10 25 24 04 | 05
#0967-d239 @A: 16 04 11 25 | 06
#0968-d239 @A: 30 34 15 25 | 12
#0969-d239 @A: 34 03 32 30 | 09
#0970-d239 @A: 32 08 28 30 | 08
#0971-d239 @A: 12 23 03 15 | 04
#0972-d239 @A: 27 12 15 34 | 10
#0973-d239 @A: 19 15 24 14 | 02
#0974-d239 @A: 16 15 14 11 | 01
#0975-d239 @A: 02 14 32 25 | 07
#0976-d239 @A: 10 11 14 22 | 11
#0977-d239 @A: 15 23 27 28 | 03
#0978-d239 @A: 23 28 16 03 | 05
#0979-d239 @A: 23 08 27 02 | 06
#0980-d239 @A: 35 05 19 09 | 12
#0981-d239 @A: 03 21 31 09 | 09
#0982-d239 @A: 09 10 13 31 | 08
#0983-d239 @A: 31 19 16 09 | 04
#0984-d239 @A: 25 21 01 09 | 10
#0985-d239 @A: 30 21 11 09 | 02
#0986-d239 @A: 13 27 33 09 | 01
#0987-d239 @A: 07 09 23 25 | 07
#0988-d239 @A: 09 02 29 26 | 11
#0989-d239 @A: 13 26 11 09 | 03
#0990-d239 @A: 12 09 22 06 | 05
#0991-d239 @A: 09 12 13 28 | 06
#0992-d239 @A: 09 30 28 24 | 12
#0993-d239 @A: 09 28 22 08 | 09
#0994-d239 @A: 08 05 01 31 | 08
#0995-d239 @A: 20 05 21 35 | 04
#0996-d239 @A: 22 21 10 05 | 10
#0997-d239 @A: 17 06 35 05 | 02
#0998-d239 @A: 28 23 05 17 | 01
#0999-d239 @A: 07 35 05 12 | 07
#1000-d239 @A: 18 05 03 20 | 11
#1001-d239 @A: 18 28 05 12 | 03
#1002-d239 @A: 05 34 13 26 | 05
#1003-d239 @A: 02 24 26 05 | 06
#1004-d239 @A: 30 11 14 05 | 12
#1005-d239 @A: 05 08 15 32 | 09
#1006-d239 @A: 34 27 25 05 | 08
#1007-d239 @A: 31 08 21 26 | 04
#1008-d239 @A: 25 31 07 33 | 10
#1009-d239 @A: 06 29 33 31 | 02
#1010-d239 @A: 12 33 31 10 | 01
#1011-d239 @A: 32 01 31 04 | 07
#1012-d239 @A: 02 31 04 17 | 11
#1013-d239 @A: 16 31 29 03 | 03
#1014-d239 @A: 20 14 31 02 | 05
#1015-d239 @A: 26 04 31 03 | 06
#1016-d239 @A: 06 28 31 22 | 12
#1017-d239 @A: 13 12 32 31 | 09
#1018-d239 @A: 16 22 31 10 | 08
#1019-d239 @A: 32 31 02 23 | 04
#1020-d239 @A: 32 01 18 21 | 10
#1021-d239 @A: 17 15 21 12 | 02
#1022-d239 @A: 21 25 07 20 | 01
#1023-d239 @A: 21 03 20 12 | 07
#1024-d239 @A: 26 35 21 06 | 11
#1025-d239 @A: 12 13 21 35 | 03
#1026-d239 @A: 32 21 13 02 | 05
#1027-d239 @A: 21 11 15 32 | 06
#1028-d239 @A: 21 11 28 22 | 12
#1029-d239 @A: 10 08 32 21 | 09
#1030-d239 @A: 33 08 07 01 | 08
#1031-d239 @A: 12 01 03 33 | 04
#1032-d239 @A: 17 03 33 29 | 10
#1033-d239 @A: 27 06 17 33 | 02
#1034-d239 @A: 18 27 07 33 | 01
#1035-d239 @A: 28 35 07 33 | 07
#1036-d239 @A: 30 29 33 27 | 11
#1037-d239 @A: 29 25 33 10 | 03
#1038-d239 @A: 29 32 08 33 | 05
#1039-d239 @A: 16 20 30 33 | 06
#1040-d239 @A: 13 06 11 33 | 12
#1041-d239 @A: 33 06 28 12 | 09
#1042-d239 @A: 06 22 33 14 | 08
#1043-d239 @A: 34 16 33 06 | 04
#1044-d239 @A: 11 04 33 30 | 10
#1045-d239 @A: 11 25 14 33 | 02
#1046-d239 @A: 07 27 01 04 | 01
#1047-d239 @A: 01 25 20 29 | 07
#1048-d239 @A: 01 32 12 20 | 11
#1049-d239 @A: 14 02 01 26 | 03
#1050-d239 @A: 30 02 01 04 | 05
#1051-d239 @A: 22 01 12 34 | 06
#1052-d239 @A: 01 08 22 14 | 12
#1053-d239 @A: 01 08 27 16 | 09
#1054-d239 @A: 28 25 01 24 | 08
#1055-d239 @A: 17 07 02 30 | 04
#1056-d239 @A: 18 17 19 06 | 10
#1057-d239 @A: 04 17 18 15 | 02
#1058-d239 @A: 13 17 11 29 | 01
#1059-d239 @A: 17 29 25 04 | 07
#1060-d239 @A: 08 26 13 17 | 11
#1061-d239 @A: 28 17 13 27 | 03
#1062-d239 @A: 12 17 22 30 | 05
#1063-d239 @A: 15 27 17 22 | 06
#1064-d239 @A: 17 16 23 02 | 12
#1065-d239 @A: 07 18 12 32 | 09
#1066-d239 @A: 06 16 26 07 | 08
#1067-d239 @A: 04 30 10 07 | 04
#1068-d239 @A: 27 12 07 30 | 10
#1069-d239 @A: 07 23 03 30 | 02
#1070-d239 @A: 23 34 07 16 | 01
#1071-d239 @A: 24 08 07 10 | 07
#1072-d239 @A: 18 26 29 16 | 11
#1073-d239 @A: 06 29 18 24 | 03
#1074-d239 @A: 29 18 19 23 | 05
#1075-d239 @A: 29 11 18 32 | 06
#1076-d239 @A: 18 10 20 24 | 12
#1077-d239 @A: 26 06 18 11 | 09
#1078-d239 @A: 13 26 18 03 | 08
#1079-d239 @A: 27 34 26 18 | 04
#1080-d239 @A: 35 06 18 14 | 10
#1081-d239 @A: 16 04 18 30 | 02
#1082-d239 @A: 23 10 14 18 | 01
#1083-d239 @A: 34 19 18 15 | 07
#1084-d239 @A: 03 18 22 10 | 11
#1085-d239 @A: 03 24 02 18 | 03
#1086-d239 @A: 32 22 18 34 | 05
#1087-d239 @A: 14 29 22 13 | 06
#1088-d239 @A: 11 03 08 29 | 12
#1089-d239 @A: 02 25 35 29 | 09
#1090-d239 @A: 16 29 27 10 | 08
#1091-d239 @A: 29 34 10 19 | 04
#1092-d239 @A: 08 28 16 29 | 10
#1093-d239 @A: 20 34 30 13 | 02
#1094-d239 @A: 15 19 03 20 | 01
#1095-d239 @A: 28 20 35 10 | 07
#1096-d239 @A: 11 02 19 20 | 11
#1097-d239 @A: 06 10 34 26 | 03
#1098-d239 @A: 26 30 08 04 | 05
#1099-d239 @A: 15 08 26 22 | 06
#1100-d239 @A: 08 19 03 26 | 12
#1101-d239 @A: 23 19 26 02 | 09
#1102-d239 @A: 10 26 32 24 | 08
#1103-d239 @A: 04 12 06 24 | 04
#1104-d239 @A: 02 22 19 06 | 10
#1105-d239 @A: 04 13 16 24 | 02
#1106-d239 @A: 11 13 24 12 | 01
#1107-d239 @A: 08 02 03 13 | 07
#1108-d239 @A: 13 35 25 19 | 11
#1109-d239 @A: 25 13 35 23 | 03
#1110-d239 @A: 27 02 16 13 | 05
#1111-d239 @A: 28 25 22 13 | 06
#1112-d239 @A: 23 22 13 11 | 12
#1113-d239 @A: 13 11 28 10 | 09
#1114-d239 @A: 04 35 30 12 | 08
#1115-d239 @A: 30 22 19 15 | 04
#1116-d239 @A: 16 11 22 30 | 10
#1117-d239 @A: 24 32 12 27 | 02
#1118-d239 @A: 12 32 34 25 | 01
#1119-d239 @A: 24 14 03 27 | 07
#1120-d239 @A: 19 03 24 23 | 11
#1121-d239 @A: 09 21 05 34 | 03
#1122-d239 @A: 09 05 17 03 | 05
#1123-d239 @A: 21 18 09 16 | 06
#1124-d239 @A: 07 33 16 09 | 12
#1125-d239 @A: 33 18 32 09 | 09
#1126-d239 @A: 17 01 30 09 | 08
#1127-d239 @A: 09 35 28 01 | 04
#1128-d239 @A: 17 34 18 09 | 10
#1129-d239 @A: 09 18 25 02 | 02
#1130-d239 @A: 18 02 09 23 | 01
#1131-d239 @A: 09 14 29 34 | 07
#1132-d239 @A: 27 09 06 30 | 11
#1133-d239 @A: 04 12 25 09 | 03
#1134-d239 @A: 09 12 15 32 | 05
#1135-d239 @A: 35 25 09 22 | 06
#1136-d239 @A: 08 10 09 25 | 12
#1137-d239 @A: 09 28 25 32 | 09
#1138-d239 @A: 10 32 34 09 | 08
#1139-d239 @A: 09 11 24 34 | 04
#1140-d239 @A: 24 10 09 19 | 10
#1141-d239 @A: 31 05 30 28 | 02
#1142-d239 @A: 26 05 33 27 | 01
#1143-d239 @A: 07 01 32 05 | 07
#1144-d239 @A: 12 27 05 17 | 11
#1145-d239 @A: 26 05 07 23 | 03
#1146-d239 @A: 22 06 05 18 | 05
#1147-d239 @A: 32 30 26 05 | 06
#1148-d239 @A: 02 23 05 06 | 12
#1149-d239 @A: 05 04 08 35 | 09
#1150-d239 @A: 05 25 12 30 | 08
#1151-d239 @A: 05 30 10 24 | 04
#1152-d239 @A: 03 05 15 12 | 10
#1153-d239 @A: 15 05 34 28 | 02
#1154-d239 @A: 05 25 19 23 | 01
#1155-d239 @A: 05 22 34 19 | 07
#1156-d239 @A: 17 31 24 21 | 11
#1157-d239 @A: 18 21 31 28 | 03
#1158-d239 @A: 30 33 31 24 | 05
#1159-d239 @A: 01 17 35 31 | 06
#1160-d239 @A: 16 31 01 12 | 12
#1161-d239 @A: 07 32 28 31 | 09
#1162-d239 @A: 31 13 35 29 | 08
#1163-d239 @A: 12 15 29 31 | 04
#1164-d239 @A: 06 13 24 31 | 10
#1165-d239 @A: 15 31 27 28 | 02
#1166-d239 @A: 27 24 31 10 | 01
#1167-d239 @A: 31 25 34 24 | 07
#1168-d239 @A: 21 11 07 01 | 11
#1169-d239 @A: 32 20 21 17 | 03
#1170-d239 @A: 13 17 25 21 | 05
#1171-d239 @A: 04 21 07 16 | 06
#1172-d239 @A: 18 15 21 29 | 12
#1173-d239 @A: 13 08 21 18 | 09
#1174-d239 @A: 02 14 18 21 | 08
#1175-d239 @A: 19 20 21 04 | 04
#1176-d239 @A: 06 22 21 03 | 10
#1177-d239 @A: 21 13 03 10 | 02
#1178-d239 @A: 28 21 04 30 | 01
#1179-d239 @A: 02 15 34 21 | 07
#1180-d239 @A: 34 25 21 03 | 11
#1181-d239 @A: 25 16 21 35 | 03
#1182-d239 @A: 01 14 24 33 | 05
#1183-d239 @A: 33 23 34 17 | 06
#1184-d239 @A: 07 11 12 33 | 12
#1185-d239 @A: 24 18 04 33 | 09
#1186-d239 @A: 04 08 33 03 | 08
#1187-d239 @A: 32 33 25 15 | 04
#1188-d239 @A: 33 10 34 28 | 10
#1189-d239 @A: 07 03 01 17 | 02
#1190-d239 @A: 01 10 18 29 | 01
#1191-d239 @A: 01 29 19 12 | 07
#1192-d239 @A: 01 27 06 19 | 11
#1193-d239 @A: 06 16 01 28 | 03
#1194-d239 @A: 01 04 10 14 | 05
#1195-d239 @A: 01 03 28 32 | 06
#1196-d239 @A: 01 08 35 02 | 12
#1197-d239 @A: 19 35 16 01 | 09
#1198-d239 @A: 20 17 10 07 | 08
#1199-d239 @A: 17 07 14 35 | 04
#1200-d239 @A: 30 29 17 35 | 10
#1201-d239 @A: 29 17 27 14 | 02
#1202-d239 @A: 17 04 26 22 | 01
#1203-d239 @A: 17 12 26 19 | 07
#1204-d239 @A: 28 17 06 14 | 11
#1205-d239 @A: 17 12 04 10 | 03
#1206-d239 @A: 17 15 24 11 | 05
#1207-d239 @A: 17 34 35 24 | 06
#1208-d239 @A: 24 11 23 17 | 12
#1209-d239 @A: 28 07 29 23 | 09
#1210-d239 @A: 32 20 07 06 | 08
#1211-d239 @A: 02 07 16 14 | 04
#1212-d239 @A: 28 07 25 16 | 10
#1213-d239 @A: 23 22 07 32 | 02
#1214-d239 @A: 29 18 19 30 | 01
#1215-d239 @A: 18 10 26 04 | 07
#1216-d239 @A: 18 16 06 32 | 11
#1217-d239 @A: 13 24 30 18 | 03
#1218-d239 @A: 18 15 24 27 | 05
#1219-d239 @A: 15 11 18 02 | 06
#1220-d239 @A: 27 35 18 08 | 12
#1221-d239 @A: 18 10 28 16 | 09
#1222-d239 @A: 29 30 03 26 | 08
#1223-d239 @A: 29 12 06 02 | 04
#1224-d239 @A: 29 23 30 02 | 10
#1225-d239 @A: 02 29 16 11 | 02
#1226-d239 @A: 26 16 20 04 | 01
#1227-d239 @A: 20 35 26 12 | 07
#1228-d239 @A: 14 11 26 20 | 11
#1229-d239 @A: 25 04 30 20 | 03
#1230-d239 @A: 19 28 12 20 | 05
#1231-d239 @A: 35 19 24 20 | 06
#1232-d239 @A: 20 22 19 08 | 12
#1233-d239 @A: 34 28 32 20 | 09
#1234-d239 @A: 08 11 23 20 | 08
#1235-d239 @A: 25 26 04 06 | 04
#1236-d239 @A: 13 28 26 23 | 10
#1237-d239 @A: 26 30 27 14 | 02
#1238-d239 @A: 02 26 30 35 | 01
#1239-d239 @A: 14 28 19 26 | 07
#1240-d239 @A: 26 32 15 23 | 11
#1241-d239 @A: 22 26 27 11 | 03
#1242-d239 @A: 34 26 19 32 | 05
#1243-d239 @A: 11 23 26 32 | 06
#1244-d239 @A: 06 10 32 13 | 12
#1245-d239 @A: 28 35 06 32 | 09
#1246-d239 @A: 08 11 06 28 | 08
#1247-d239 @A: 32 24 19 06 | 04
#1248-d239 @A: 13 10 27 35 | 10
#1249-d239 @A: 25 02 03 04 | 02
#1250-d239 @A: 25 04 27 35 | 01
#1251-d239 @A: 23 04 28 35 | 07
#1252-d239 @A: 04 02 11 10 | 11
#1253-d239 @A: 30 10 35 32 | 03
#1254-d239 @A: 30 32 27 25 | 05
#1255-d239 @A: 30 23 25 32 | 06
#1256-d239 @A: 10 14 12 25 | 12
#1257-d239 @A: 03 16 32 12 | 09
#1258-d239 @A: 27 02 12 22 | 08
#1259-d239 @A: 14 23 15 19 | 04
#1260-d239 @A: 03 16 14 25 | 10
#1261-d239 @A: 27 22 14 28 | 02
#1262-d239 @A: 10 28 14 24 | 01
#1263-d239 @A: 16 10 15 23 | 07
#1264-d239 @A: 02 22 23 10 | 11
#1265-d239 @A: 23 10 32 34 | 03
#1266-d239 @A: 08 24 23 10 | 05
#1267-d239 @A: 11 09 14 31 | 06
#1268-d239 @A: 09 23 16 31 | 12
#1269-d239 @A: 02 21 09 04 | 09
#1270-d239 @A: 09 26 33 10 | 08
#1271-d239 @A: 09 33 06 23 | 04
#1272-d239 @A: 23 09 01 24 | 10
#1273-d239 @A: 26 09 07 32 | 02
#1274-d239 @A: 07 09 08 30 | 01
#1275-d239 @A: 24 22 07 09 | 07
#1276-d239 @A: 20 08 09 13 | 11
#1277-d239 @A: 09 25 14 20 | 03
#1278-d239 @A: 06 10 09 28 | 05
#1279-d239 @A: 23 12 04 09 | 06
#1280-d239 @A: 09 28 03 34 | 12
#1281-d239 @A: 02 27 09 34 | 09
#1282-d239 @A: 09 27 11 32 | 08
#1283-d239 @A: 09 23 19 32 | 04
#1284-d239 @A: 27 05 31 07 | 10
#1285-d239 @A: 13 22 05 31 | 02
#1286-d239 @A: 04 33 10 05 | 01
#1287-d239 @A: 01 20 19 05 | 07
#1288-d239 @A: 05 01 02 25 | 11
#1289-d239 @A: 27 32 05 29 | 03
#1290-d239 @A: 20 05 14 28 | 05
#1291-d239 @A: 06 13 05 03 | 06
#1292-d239 @A: 14 05 06 19 | 12
#1293-d239 @A: 05 13 02 19 | 09
#1294-d239 @A: 23 08 30 05 | 08
#1295-d239 @A: 15 35 10 05 | 04
#1296-d239 @A: 22 05 35 24 | 10
#1297-d239 @A: 05 28 16 24 | 02
#1298-d239 @A: 29 21 31 23 | 01
#1299-d239 @A: 19 17 33 31 | 07
#1300-d239 @A: 14 31 27 33 | 11
#1301-d239 @A: 31 18 02 01 | 03
#1302-d239 @A: 31 03 17 23 | 05
#1303-d239 @A: 07 29 10 31 | 06
#1304-d239 @A: 31 28 29 11 | 12
#1305-d239 @A: 14 10 35 31 | 09
#1306-d239 @A: 16 02 31 35 | 08
#1307-d239 @A: 11 27 02 31 | 04
#1308-d239 @A: 31 28 23 22 | 10
#1309-d239 @A: 21 06 25 33 | 02
#1310-d239 @A: 33 32 21 30 | 01
#1311-d239 @A: 26 01 03 21 | 07
#1312-d239 @A: 01 25 23 21 | 11
#1313-d239 @A: 17 21 34 04 | 03
#1314-d239 @A: 08 34 07 21 | 05
#1315-d239 @A: 26 18 22 21 | 06
#1316-d239 @A: 19 12 18 21 | 12
#1317-d239 @A: 26 29 28 21 | 09
#1318-d239 @A: 10 15 04 21 | 08
#1319-d239 @A: 32 21 35 22 | 04
#1320-d239 @A: 25 21 11 10 | 10
#1321-d239 @A: 24 32 25 21 | 02
#1322-d239 @A: 33 01 32 17 | 01
#1323-d239 @A: 26 33 17 25 | 07
#1324-d239 @A: 12 18 16 33 | 11
#1325-d239 @A: 18 33 24 23 | 03
#1326-d239 @A: 26 13 30 33 | 05
#1327-d239 @A: 33 26 14 16 | 06
#1328-d239 @A: 33 02 12 23 | 12
#1329-d239 @A: 35 15 11 33 | 09
#1330-d239 @A: 23 02 03 33 | 08
#1331-d239 @A: 35 33 34 32 | 04
#1332-d239 @A: 22 33 34 11 | 10
#1333-d239 @A: 33 19 32 16 | 02
#1334-d239 @A: 18 35 07 01 | 01
#1335-d239 @A: 01 18 04 34 | 07
#1336-d239 @A: 29 01 27 15 | 11
#1337-d239 @A: 26 11 35 01 | 03
#1338-d239 @A: 25 06 01 13 | 05
#1339-d239 @A: 13 23 01 30 | 06
#1340-d239 @A: 25 03 08 01 | 12
#1341-d239 @A: 23 01 32 35 | 09
#1342-d239 @A: 34 28 27 01 | 08
#1343-d239 @A: 28 10 01 23 | 04
#1344-d239 @A: 20 17 12 14 | 10
#1345-d239 @A: 27 04 30 17 | 02
#1346-d239 @A: 32 11 17 04 | 01
#1347-d239 @A: 19 30 14 17 | 07
#1348-d239 @A: 16 22 17 02 | 11
#1349-d239 @A: 11 17 19 10 | 03
#1350-d239 @A: 17 32 28 19 | 05
#1351-d239 @A: 35 07 20 29 | 06
#1352-d239 @A: 07 26 20 27 | 12
#1353-d239 @A: 20 15 07 30 | 09
#1354-d239 @A: 12 23 07 06 | 08
#1355-d239 @A: 30 32 13 07 | 04
#1356-d239 @A: 11 28 07 03 | 10
#1357-d239 @A: 02 34 07 19 | 02
#1358-d239 @A: 13 10 18 12 | 01
#1359-d239 @A: 12 30 18 15 | 07
#1360-d239 @A: 18 30 02 34 | 11
#1361-d239 @A: 18 35 34 10 | 03
#1362-d239 @A: 25 08 11 18 | 05
#1363-d239 @A: 20 24 29 03 | 06
#1364-d239 @A: 19 25 03 29 | 12
#1365-d239 @A: 08 29 25 23 | 09
#1366-d239 @A: 29 10 22 08 | 08
#1367-d239 @A: 24 13 20 26 | 04
#1368-d239 @A: 08 28 20 03 | 10
#1369-d239 @A: 02 28 20 27 | 02
#1370-d239 @A: 20 34 25 02 | 01
#1371-d239 @A: 20 10 02 32 | 07
#1372-d239 @A: 34 16 26 35 | 11
#1373-d239 @A: 28 10 26 25 | 03
#1374-d239 @A: 11 24 26 28 | 05
#1375-d239 @A: 30 14 23 06 | 06
#1376-d239 @A: 11 06 24 14 | 12
#1377-d239 @A: 34 24 15 06 | 09
#1378-d239 @A: 03 06 28 02 | 08
#1379-d239 @A: 25 06 08 35 | 04
#1380-d239 @A: 08 34 27 06 | 10
#1381-d239 @A: 06 16 27 11 | 02
#1382-d239 @A: 13 03 04 19 | 01
#1383-d239 @A: 35 24 14 13 | 07
#1384-d239 @A: 35 15 13 32 | 11
#1385-d239 @A: 13 34 15 11 | 03
#1386-d239 @A: 15 13 19 10 | 05
#1387-d239 @A: 22 23 03 13 | 06
#1388-d239 @A: 19 28 24 13 | 12
#1389-d239 @A: 04 14 34 30 | 09
#1390-d239 @A: 04 15 16 08 | 08
#1391-d239 @A: 22 19 04 35 | 04
#1392-d239 @A: 19 28 16 04 | 10
#1393-d239 @A: 28 30 15 10 | 02
#1394-d239 @A: 12 14 32 22 | 01
#1395-d239 @A: 19 12 25 24 | 07
#1396-d239 @A: 32 02 12 08 | 11
#1397-d239 @A: 02 14 15 27 | 03
#1398-d239 @A: 34 03 23 11 | 05
#1399-d239 @A: 23 03 09 05 | 06
#1400-d239 @A: 08 09 33 31 | 12
#1401-d239 @A: 22 14 21 09 | 09
#1402-d239 @A: 33 17 04 09 | 08
#1403-d239 @A: 01 13 24 09 | 04
#1404-d239 @A: 32 14 01 09 | 10
#1405-d239 @A: 09 35 02 17 | 02
#1406-d239 @A: 17 27 10 09 | 01
#1407-d239 @A: 13 09 16 29 | 07
#1408-d239 @A: 20 32 30 09 | 11
#1409-d239 @A: 11 20 09 35 | 03
#1410-d239 @A: 28 09 15 19 | 05
#1411-d239 @A: 09 22 03 11 | 06
#1412-d239 @A: 02 19 03 09 | 12
#1413-d239 @A: 24 09 35 32 | 09
#1414-d239 @A: 17 11 31 05 | 08
#1415-d239 @A: 05 06 01 21 | 04
#1416-d239 @A: 18 27 05 21 | 10
#1417-d239 @A: 22 23 05 21 | 02
#1418-d239 @A: 33 13 05 35 | 01
#1419-d239 @A: 05 30 19 33 | 07
#1420-d239 @A: 08 33 14 05 | 11
#1421-d239 @A: 04 03 07 05 | 03
#1422-d239 @A: 12 29 05 22 | 05
#1423-d239 @A: 02 22 05 15 | 06
#1424-d239 @A: 19 28 05 08 | 12
#1425-d239 @A: 33 13 21 31 | 09
#1426-d239 @A: 31 04 21 29 | 08
#1427-d239 @A: 30 15 31 17 | 04
#1428-d239 @A: 31 17 32 16 | 10
#1429-d239 @A: 11 20 07 31 | 02
#1430-d239 @A: 31 14 07 08 | 01
#1431-d239 @A: 31 18 04 08 | 07
#1432-d239 @A: 18 32 31 14 | 11
#1433-d239 @A: 31 20 19 13 | 03
#1434-d239 @A: 26 32 31 25 | 05
#1435-d239 @A: 30 06 31 02 | 06
#1436-d239 @A: 13 14 28 31 | 12
#1437-d239 @A: 31 25 08 13 | 09
#1438-d239 @A: 31 30 12 11 | 08
#1439-d239 @A: 31 30 14 03 | 04
#1440-d239 @A: 25 31 22 15 | 10
#1441-d239 @A: 32 24 31 15 | 02
#1442-d239 @A: 11 31 24 16 | 01
#1443-d239 @A: 07 33 29 21 | 07
#1444-d239 @A: 20 15 33 21 | 11
#1445-d239 @A: 21 24 28 33 | 03
#1446-d239 @A: 01 29 21 16 | 05
#1447-d239 @A: 08 01 21 20 | 06
#1448-d239 @A: 21 01 19 30 | 12
#1449-d239 @A: 17 21 16 26 | 09
#1450-d239 @A: 26 30 15 21 | 08
#1451-d239 @A: 12 26 34 21 | 04
#1452-d239 @A: 21 23 06 15 | 10
#1453-d239 @A: 21 25 15 19 | 02
#1454-d239 @A: 19 03 21 24 | 01
#1455-d239 @A: 21 11 35 02 | 07
#1456-d239 @A: 26 23 33 01 | 11
#1457-d239 @A: 07 04 33 06 | 03
#1458-d239 @A: 33 15 22 29 | 05
#1459-d239 @A: 33 13 10 20 | 06
#1460-d239 @A: 23 19 33 20 | 12
#1461-d239 @A: 02 33 26 06 | 09
#1462-d239 @A: 26 33 24 34 | 08
#1463-d239 @A: 23 08 28 33 | 04
#1464-d239 @A: 19 33 28 11 | 10
#1465-d239 @A: 17 01 19 04 | 02
#1466-d239 @A: 28 11 17 01 | 01
#1467-d239 @A: 07 01 29 28 | 07
#1468-d239 @A: 08 01 26 18 | 11
#1469-d239 @A: 01 29 06 32 | 03
#1470-d239 @A: 01 29 14 11 | 05
#1471-d239 @A: 13 01 26 32 | 06
#1472-d239 @A: 03 14 01 06 | 12
#1473-d239 @A: 25 22 27 01 | 09
#1474-d239 @A: 34 02 01 16 | 08
#1475-d239 @A: 20 18 08 17 | 04
#1476-d239 @A: 20 06 17 25 | 10
#1477-d239 @A: 17 30 34 26 | 02
#1478-d239 @A: 15 26 35 17 | 01
#1479-d239 @A: 15 17 03 28 | 07
#1480-d239 @A: 19 17 15 08 | 11
#1481-d239 @A: 17 03 16 08 | 03
#1482-d239 @A: 22 11 25 17 | 05
#1483-d239 @A: 18 26 07 02 | 06
#1484-d239 @A: 06 07 18 10 | 12
#1485-d239 @A: 23 07 18 15 | 09
#1486-d239 @A: 07 28 13 20 | 08
#1487-d239 @A: 26 07 15 24 | 04
#1488-d239 @A: 06 08 03 07 | 10
#1489-d239 @A: 24 23 13 07 | 02
#1490-d239 @A: 22 07 25 04 | 01
#1491-d239 @A: 07 15 27 10 | 07
#1492-d239 @A: 15 11 07 08 | 11
#1493-d239 @A: 07 03 35 16 | 03
#1494-d239 @A: 11 07 35 27 | 05
#1495-d239 @A: 35 24 07 02 | 06
#1496-d239 @A: 04 18 32 20 | 12
#1497-d239 @A: 12 06 34 18 | 09
#1498-d239 @A: 23 18 13 12 | 08
#1499-d239 @A: 14 18 11 04 | 04
#1500-d239 @A: 03 18 35 23 | 10
#1501-d239 @A: 19 06 29 20 | 02
#1502-d239 @A: 26 29 25 13 | 01
#1503-d239 @A: 29 04 27 26 | 07
#1504-d239 @A: 28 13 29 15 | 11
#1505-d239 @A: 03 28 29 10 | 03
#1506-d239 @A: 35 29 27 24 | 05
#1507-d239 @A: 27 06 20 14 | 06
#1508-d239 @A: 27 20 04 13 | 12
#1509-d239 @A: 13 25 20 12 | 09
#1510-d239 @A: 16 27 20 19 | 08
#1511-d239 @A: 25 16 32 20 | 04
#1512-d239 @A: 10 06 26 23 | 10
#1513-d239 @A: 16 19 15 26 | 02
#1514-d239 @A: 24 08 35 26 | 01
#1515-d239 @A: 11 19 26 25 | 07
#1516-d239 @A: 26 22 23 08 | 11
#1517-d239 @A: 14 30 06 10 | 03
#1518-d239 @A: 03 11 06 15 | 05
#1519-d239 @A: 08 06 23 35 | 06
#1520-d239 @A: 19 06 34 11 | 12
#1521-d239 @A: 04 30 13 15 | 09
#1522-d239 @A: 11 13 35 16 | 08
#1523-d239 @A: 11 13 22 08 | 04
#1524-d239 @A: 02 10 24 13 | 10
#1525-d239 @A: 04 32 10 03 | 02
#1526-d239 @A: 11 24 35 04 | 01
#1527-d239 @A: 22 04 08 27 | 07
#1528-d239 @A: 22 02 04 34 | 11
#1529-d239 @A: 04 08 19 02 | 03
#1530-d239 @A: 27 08 30 19 | 05
#1531-d239 @A: 22 30 10 25 | 06
#1532-d239 @A: 22 24 02 30 | 12
#1533-d239 @A: 11 30 02 32 | 09
#1534-d239 @A: 30 23 10 19 | 08
#1535-d239 @A: 08 15 12 14 | 04
#1536-d239 @A: 10 12 24 15 | 10
#1537-d239 @A: 12 34 28 35 | 02
#1538-d239 @A: 34 14 15 10 | 01
#1539-d239 @A: 14 19 03 11 | 07
#1540-d239 @A: 11 14 34 27 | 11
#1541-d239 @A: 24 25 14 22 | 03
#1542-d239 @A: 08 14 02 24 | 05
#1543-d239 @A: 28 11 23 25 | 06
#1544-d239 @A: 06 05 11 09 | 12
#1545-d239 @A: 25 31 09 29 | 09
#1546-d239 @A: 12 31 34 09 | 08
#1547-d239 @A: 28 21 09 20 | 04
#1548-d239 @A: 09 34 33 01 | 10
#1549-d239 @A: 33 14 28 09 | 02
#1550-d239 @A: 09 12 01 08 | 01
#1551-d239 @A: 09 32 06 17 | 07
#1552-d239 @A: 09 07 06 25 | 11
#1553-d239 @A: 19 12 07 09 | 03
#1554-d239 @A: 11 18 09 10 | 05
#1555-d239 @A: 24 20 09 02 | 06
#1556-d239 @A: 19 06 09 26 | 12
#1557-d239 @A: 09 22 16 26 | 09
#1558-d239 @A: 06 08 04 09 | 08
#1559-d239 @A: 19 30 13 09 | 04
#1560-d239 @A: 02 12 09 30 | 10
#1561-d239 @A: 09 30 23 28 | 02
#1562-d239 @A: 25 11 15 09 | 01
#1563-d239 @A: 25 24 09 03 | 07
#1564-d239 @A: 16 35 08 09 | 11
#1565-d239 @A: 22 23 09 34 | 03
#1566-d239 @A: 31 10 26 05 | 05
#1567-d239 @A: 04 24 21 05 | 06
#1568-d239 @A: 11 05 18 33 | 12
#1569-d239 @A: 01 04 29 05 | 09
#1570-d239 @A: 01 05 23 12 | 08
#1571-d239 @A: 16 05 18 13 | 04
#1572-d239 @A: 10 05 19 18 | 10
#1573-d239 @A: 26 16 05 11 | 02
#1574-d239 @A: 03 05 24 11 | 01
#1575-d239 @A: 35 05 02 32 | 07
#1576-d239 @A: 16 05 22 25 | 11
#1577-d239 @A: 32 28 22 05 | 03
#1578-d239 @A: 26 06 31 01 | 05
#1579-d239 @A: 17 31 34 13 | 06
#1580-d239 @A: 04 31 13 07 | 12
#1581-d239 @A: 04 23 18 31 | 09
#1582-d239 @A: 29 14 31 19 | 08
#1583-d239 @A: 31 34 20 26 | 04
#1584-d239 @A: 20 35 30 31 | 10
#1585-d239 @A: 20 31 03 25 | 02
#1586-d239 @A: 03 31 06 12 | 01
#1587-d239 @A: 34 28 31 16 | 07
#1588-d239 @A: 11 08 19 31 | 11
#1589-d239 @A: 28 21 14 01 | 03
#1590-d239 @A: 21 24 15 01 | 05
#1591-d239 @A: 21 07 18 17 | 06
#1592-d239 @A: 07 12 21 28 | 12
#1593-d239 @A: 21 32 07 03 | 09
#1594-d239 @A: 21 19 29 11 | 08
#1595-d239 @A: 21 04 22 12 | 04
#1596-d239 @A: 16 27 12 21 | 10
#1597-d239 @A: 19 21 34 35 | 02
#1598-d239 @A: 21 32 27 19 | 01
#1599-d239 @A: 11 21 27 24 | 07
#1600-d239 @A: 02 25 21 22 | 11
#1601-d239 @A: 13 16 01 33 | 03
#1602-d239 @A: 07 22 33 30 | 05
#1603-d239 @A: 24 07 32 33 | 06
#1604-d239 @A: 15 18 33 26 | 12
#1605-d239 @A: 13 29 24 33 | 09
#1606-d239 @A: 04 29 16 33 | 08
#1607-d239 @A: 35 33 19 06 | 04
#1608-d239 @A: 14 03 13 33 | 10
#1609-d239 @A: 28 22 04 33 | 02
#1610-d239 @A: 34 30 33 12 | 01
#1611-d239 @A: 15 23 33 30 | 07
#1612-d239 @A: 23 25 33 14 | 11
#1613-d239 @A: 33 15 08 10 | 03
#1614-d239 @A: 33 27 35 16 | 05
#1615-d239 @A: 25 24 33 35 | 06
#1616-d239 @A: 28 08 27 33 | 12
#1617-d239 @A: 19 33 25 34 | 09
#1618-d239 @A: 01 13 10 17 | 08
#1619-d239 @A: 02 15 17 01 | 04
#1620-d239 @A: 07 01 13 22 | 10
#1621-d239 @A: 01 16 23 18 | 02
#1622-d239 @A: 23 03 29 01 | 01
#1623-d239 @A: 01 06 24 30 | 07
#1624-d239 @A: 10 11 01 15 | 11
#1625-d239 @A: 32 35 01 27 | 03
#1626-d239 @A: 01 25 11 34 | 05
#1627-d239 @A: 11 32 16 01 | 06
#1628-d239 @A: 25 07 17 15 | 12
#1629-d239 @A: 12 18 17 35 | 09
#1630-d239 @A: 02 29 17 20 | 08
#1631-d239 @A: 17 28 04 20 | 04
#1632-d239 @A: 27 20 17 24 | 10
#1633-d239 @A: 04 17 03 06 | 02
#1634-d239 @A: 34 03 12 17 | 01
#1635-d239 @A: 22 28 35 17 | 07
#1636-d239 @A: 08 17 35 23 | 11
#1637-d239 @A: 02 04 29 07 | 03
#1638-d239 @A: 07 29 12 03 | 05
#1639-d239 @A: 27 08 07 13 | 06
#1640-d239 @A: 14 07 24 23 | 12
#1641-d239 @A: 15 02 03 07 | 09
#1642-d239 @A: 16 22 34 07 | 08
#1643-d239 @A: 22 10 07 28 | 04
#1644-d239 @A: 07 22 19 11 | 10
#1645-d239 @A: 35 25 18 20 | 02
#1646-d239 @A: 18 24 12 26 | 01
#1647-d239 @A: 22 12 08 18 | 07
#1648-d239 @A: 16 18 34 25 | 11
#1649-d239 @A: 18 08 10 02 | 03
#1650-d239 @A: 02 19 16 18 | 05
#1651-d239 @A: 32 02 28 18 | 06
#1652-d239 @A: 32 23 08 18 | 12
#1653-d239 @A: 15 20 29 11 | 09
#1654-d239 @A: 30 15 29 06 | 08
#1655-d239 @A: 29 34 30 11 | 04
#1656-d239 @A: 29 14 16 23 | 10
#1657-d239 @A: 15 25 08 29 | 02
#1658-d239 @A: 35 22 23 29 | 01
#1659-d239 @A: 20 15 10 26 | 07
#1660-d239 @A: 20 25 22 26 | 11
#1661-d239 @A: 28 20 06 30 | 03
#1662-d239 @A: 25 15 20 27 | 05
#1663-d239 @A: 23 03 20 10 | 06
#1664-d239 @A: 32 20 35 08 | 12
#1665-d239 @A: 10 11 20 34 | 09
#1666-d239 @A: 20 02 16 08 | 08
#1667-d239 @A: 34 15 03 26 | 04
#1668-d239 @A: 35 19 26 10 | 10
#1669-d239 @A: 25 08 26 27 | 02
#1670-d239 @A: 27 16 26 32 | 01
#1671-d239 @A: 10 22 02 26 | 07
#1672-d239 @A: 08 14 06 13 | 11
#1673-d239 @A: 27 24 06 28 | 03
#1674-d239 @A: 16 02 10 06 | 05
#1675-d239 @A: 14 30 25 13 | 06
#1676-d239 @A: 23 16 08 13 | 12
#1677-d239 @A: 10 04 27 34 | 09
#1678-d239 @A: 19 11 04 27 | 08
#1679-d239 @A: 04 32 16 22 | 04
#1680-d239 @A: 03 30 35 19 | 10
#1681-d239 @A: 03 28 22 30 | 02
#1682-d239 @A: 28 19 34 30 | 01
#1683-d239 @A: 24 16 14 12 | 07
#1684-d239 @A: 12 11 22 15 | 11
#1685-d239 @A: 11 27 28 12 | 03
#1686-d239 @A: 12 22 19 10 | 05
#1687-d239 @A: 14 08 03 23 | 06
#1688-d239 @A: 27 19 14 10 | 12
#1689-d239 @A: 19 08 25 14 | 09
