#0001-d241 @A: 17 13 33 05 | 10
#0002-d241 @A: 32 33 23 07 | 01
#0003-d241 @A: 27 13 33 35 | 11
#0004-d241 @A: 04 35 26 33 | 06
#0005-d241 @A: 18 33 17 14 | 08
#0006-d241 @A: 34 17 04 33 | 12
#0007-d241 @A: 33 13 09 15 | 07
#0008-d241 @A: 33 28 26 09 | 05
#0009-d241 @A: 03 14 13 33 | 02
#0010-d241 @A: 33 02 13 07 | 09
#0011-d241 @A: 33 24 13 25 | 04
#0012-d241 @A: 03 29 33 27 | 03
#0013-d241 @A: 18 27 33 26 | 10
#0014-d241 @A: 24 28 33 02 | 01
#0015-d241 @A: 33 27 24 11 | 11
#0016-d241 @A: 30 33 29 06 | 06
#0017-d241 @A: 33 25 02 06 | 08
#0018-d241 @A: 10 33 04 06 | 12
#0019-d241 @A: 33 02 04 22 | 07
#0020-d241 @A: 12 25 11 33 | 05
#0021-d241 @A: 33 27 12 19 | 02
#0022-d241 @A: 15 20 19 33 | 09
#0023-d241 @A: 23 10 05 24 | 04
#0024-d241 @A: 05 30 11 35 | 03
#0025-d241 @A: 35 34 22 05 | 10
#0026-d241 @A: 15 09 17 05 | 01
#0027-d241 @A: 16 05 17 18 | 11
#0028-d241 @A: 05 09 12 03 | 06
#0029-d241 @A: 31 09 08 05 | 08
#0030-d241 @A: 05 01 25 06 | 12
#0031-d241 @A: 05 31 13 04 | 07
#0032-d241 @A: 29 03 02 05 | 05
#0033-d241 @A: 20 27 07 05 | 02
#0034-d241 @A: 05 24 25 29 | 09
#0035-d241 @A: 05 29 06 20 | 04
#0036-d241 @A: 25 05 19 20 | 03
#0037-d241 @A: 28 31 05 26 | 10
#0038-d241 @A: 03 23 35 06 | 01
#0039-d241 @A: 14 35 16 23 | 11
#0040-d241 @A: 07 23 21 31 | 06
#0041-d241 @A: 01 14 23 04 | 08
#0042-d241 @A: 23 06 13 34 | 12
#0043-d241 @A: 23 04 03 12 | 07
#0044-d241 @A: 27 03 25 23 | 05
#0045-d241 @A: 23 12 18 08 | 02
#0046-d241 @A: 31 14 24 23 | 09
#0047-d241 @A: 28 23 02 29 | 04
#0048-d241 @A: 26 23 25 12 | 03
#0049-d241 @A: 28 15 23 16 | 10
#0050-d241 @A: 22 26 23 10 | 01
#0051-d241 @A: 14 22 23 34 | 11
#0052-d241 @A: 08 16 23 34 | 06
#0053-d241 @A: 31 34 19 23 | 08
#0054-d241 @A: 26 16 31 23 | 12
#0055-d241 @A: 09 35 21 32 | 07
#0056-d241 @A: 06 28 35 21 | 05
#0057-d241 @A: 21 02 35 30 | 02
#0058-d241 @A: 34 04 21 35 | 09
#0059-d241 @A: 03 27 35 17 | 04
#0060-d241 @A: 07 35 25 17 | 03
#0061-d241 @A: 04 35 22 17 | 10
#0062-d241 @A: 08 01 18 35 | 01
#0063-d241 @A: 20 25 35 13 | 11
#0064-d241 @A: 19 03 35 34 | 06
#0065-d241 @A: 29 20 18 35 | 08
#0066-d241 @A: 07 35 19 11 | 12
#0067-d241 @A: 35 02 34 11 | 07
#0068-d241 @A: 35 22 20 32 | 05
#0069-d241 @A: 14 10 22 35 | 02
#0070-d241 @A: 14 34 35 27 | 09
#0071-d241 @A: 27 30 31 35 | 04
#0072-d241 @A: 25 09 21 03 | 03
#0073-d241 @A: 21 09 20 18 | 10
#0074-d241 @A: 13 28 01 21 | 01
#0075-d241 @A: 02 21 01 14 | 11
#0076-d241 @A: 21 13 07 12 | 06
#0077-d241 @A: 18 04 21 14 | 08
#0078-d241 @A: 34 21 15 29 | 12
#0079-d241 @A: 20 21 10 11 | 07
#0080-d241 @A: 21 19 32 10 | 05
#0081-d241 @A: 10 21 16 15 | 02
#0082-d241 @A: 21 26 20 08 | 09
#0083-d241 @A: 17 09 34 24 | 04
#0084-d241 @A: 17 27 09 11 | 03
#0085-d241 @A: 32 13 17 01 | 10
#0086-d241 @A: 06 28 17 01 | 01
#0087-d241 @A: 02 17 18 13 | 11
#0088-d241 @A: 20 13 04 17 | 06
#0089-d241 @A: 08 17 13 27 | 08
#0090-d241 @A: 25 11 17 24 | 12
#0091-d241 @A: 17 11 06 26 | 07
#0092-d241 @A: 02 11 04 17 | 05
#0093-d241 @A: 17 15 28 31 | 02
#0094-d241 @A: 06 09 13 12 | 09
#0095-d241 @A: 18 09 25 29 | 04
#0096-d241 @A: 22 09 30 07 | 03
#0097-d241 @A: 09 24 29 12 | 10
#0098-d241 @A: 31 12 25 09 | 01
#0099-d241 @A: 16 14 25 09 | 11
#0100-d241 @A: 30 19 25 09 | 06
#0101-d241 @A: 14 09 08 28 | 08
#0102-d241 @A: 34 28 09 20 | 12
#0103-d241 @A: 20 15 09 22 | 07
#0104-d241 @A: 03 01 07 14 | 05
#0105-d241 @A: 20 29 01 11 | 02
#0106-d241 @A: 01 04 28 02 | 09
#0107-d241 @A: 12 01 16 32 | 04
#0108-d241 @A: 25 14 28 01 | 03
#0109-d241 @A: 27 11 13 18 | 10
#0110-d241 @A: 13 07 15 28 | 01
#0111-d241 @A: 13 04 14 34 | 11
#0112-d241 @A: 28 32 13 34 | 06
#0113-d241 @A: 03 25 32 12 | 08
#0114-d241 @A: 03 10 34 12 | 12
#0115-d241 @A: 20 03 14 32 | 07
#0116-d241 @A: 16 31 03 32 | 05
#0117-d241 @A: 18 14 07 10 | 02
#0118-d241 @A: 22 18 02 25 | 09
#0119-d241 @A: 30 22 26 18 | 04
#0120-d241 @A: 22 16 20 18 | 03
#0121-d241 @A: 19 30 20 18 | 10
#0122-d241 @A: 08 07 11 15 | 01
#0123-d241 @A: 30 19 26 07 | 11
#0124-d241 @A: 24 12 27 10 | 06
#0125-d241 @A: 12 34 24 22 | 08
#0126-d241 @A: 31 32 24 30 | 12
#0127-d241 @A: 29 15 20 12 | 07
#0128-d241 @A: 31 29 34 32 | 05
#0129-d241 @A: 15 28 30 29 | 02
#0130-d241 @A: 29 10 14 31 | 09
#0131-d241 @A: 19 31 16 29 | 04
#0132-d241 @A: 06 31 19 25 | 03
#0133-d241 @A: 15 34 10 06 | 10
#0134-d241 @A: 20 22 06 26 | 01
#0135-d241 @A: 08 10 30 02 | 11
#0136-d241 @A: 02 22 26 16 | 06
#0137-d241 @A: 34 30 31 02 | 08
#0138-d241 @A: 32 28 04 11 | 12
#0139-d241 @A: 25 14 04 10 | 07
#0140-d241 @A: 27 10 34 04 | 05
#0141-d241 @A: 16 04 08 31 | 02
#0142-d241 @A: 11 12 16 08 | 09
#0143-d241 @A: 16 25 11 20 | 04
#0144-d241 @A: 11 28 30 08 | 03
#0145-d241 @A: 10 11 30 22 | 10
#0146-d241 @A: 32 08 12 22 | 01
#0147-d241 @A: 27 08 31 25 | 11
#0148-d241 @A: 08 22 28 34 | 06
#0149-d241 @A: 15 10 22 08 | 08
#0150-d241 @A: 08 22 26 14 | 12
#0151-d241 @A: 30 08 15 26 | 07
#0152-d241 @A: 28 23 17 33 | 05
#0153-d241 @A: 19 33 23 13 | 02
#0154-d241 @A: 14 23 02 33 | 09
#0155-d241 @A: 33 31 35 18 | 04
#0156-d241 @A: 19 29 33 17 | 03
#0157-d241 @A: 33 17 30 11 | 10
#0158-d241 @A: 09 24 33 30 | 01
#0159-d241 @A: 15 18 33 01 | 11
#0160-d241 @A: 33 25 29 01 | 06
#0161-d241 @A: 10 13 22 33 | 08
#0162-d241 @A: 15 11 33 03 | 12
#0163-d241 @A: 29 33 18 34 | 07
#0164-d241 @A: 15 07 10 33 | 05
#0165-d241 @A: 27 14 33 07 | 02
#0166-d241 @A: 33 24 31 26 | 09
#0167-d241 @A: 22 12 33 26 | 04
#0168-d241 @A: 28 22 33 15 | 03
#0169-d241 @A: 15 14 08 33 | 10
#0170-d241 @A: 31 14 34 33 | 01
#0171-d241 @A: 16 08 30 33 | 11
#0172-d241 @A: 23 05 32 13 | 06
#0173-d241 @A: 05 26 08 23 | 08
#0174-d241 @A: 35 06 19 05 | 12
#0175-d241 @A: 32 05 29 21 | 07
#0176-d241 @A: 05 30 01 17 | 05
#0177-d241 @A: 17 28 05 20 | 02
#0178-d241 @A: 09 05 22 11 | 09
#0179-d241 @A: 34 01 07 05 | 04
#0180-d241 @A: 13 05 15 08 | 03
#0181-d241 @A: 16 11 24 05 | 10
#0182-d241 @A: 02 14 05 06 | 01
#0183-d241 @A: 08 06 27 05 | 11
#0184-d241 @A: 22 14 05 12 | 06
#0185-d241 @A: 14 15 05 16 | 08
#0186-d241 @A: 07 23 34 35 | 12
#0187-d241 @A: 35 04 23 11 | 07
#0188-d241 @A: 21 23 09 16 | 05
#0189-d241 @A: 17 01 23 08 | 02
#0190-d241 @A: 23 17 24 07 | 09
#0191-d241 @A: 12 23 11 17 | 04
#0192-d241 @A: 25 08 23 09 | 03
#0193-d241 @A: 23 12 13 18 | 10
#0194-d241 @A: 13 11 30 23 | 01
#0195-d241 @A: 03 31 20 23 | 11
#0196-d241 @A: 23 29 10 34 | 06
#0197-d241 @A: 32 23 11 26 | 08
#0198-d241 @A: 20 23 32 10 | 12
#0199-d241 @A: 26 23 34 15 | 07
#0200-d241 @A: 29 35 17 15 | 05
#0201-d241 @A: 35 12 03 13 | 02
#0202-d241 @A: 35 03 15 18 | 09
#0203-d241 @A: 04 25 18 35 | 04
#0204-d241 @A: 11 29 35 27 | 03
#0205-d241 @A: 35 12 26 06 | 10
#0206-d241 @A: 34 06 20 35 | 01
#0207-d241 @A: 16 19 25 35 | 11
#0208-d241 @A: 14 30 35 32 | 06
#0209-d241 @A: 32 19 26 35 | 08
#0210-d241 @A: 14 15 28 35 | 12
#0211-d241 @A: 35 26 28 22 | 07
#0212-d241 @A: 21 09 13 29 | 05
#0213-d241 @A: 01 07 25 21 | 02
#0214-d241 @A: 21 27 13 04 | 09
#0215-d241 @A: 03 21 08 29 | 04
#0216-d241 @A: 30 04 07 21 | 03
#0217-d241 @A: 21 11 27 07 | 10
#0218-d241 @A: 06 21 20 02 | 01
#0219-d241 @A: 21 32 12 20 | 11
#0220-d241 @A: 21 25 10 31 | 06
#0221-d241 @A: 21 28 34 31 | 08
#0222-d241 @A: 15 26 21 31 | 12
#0223-d241 @A: 21 08 34 31 | 07
#0224-d241 @A: 20 27 21 34 | 05
#0225-d241 @A: 09 17 13 08 | 02
#0226-d241 @A: 17 19 03 09 | 09
#0227-d241 @A: 18 09 07 17 | 04
#0228-d241 @A: 17 20 31 09 | 03
#0229-d241 @A: 17 01 29 14 | 10
#0230-d241 @A: 12 13 17 24 | 01
#0231-d241 @A: 17 13 16 19 | 11
#0232-d241 @A: 25 03 17 08 | 06
#0233-d241 @A: 06 18 19 17 | 08
#0234-d241 @A: 27 10 17 07 | 12
#0235-d241 @A: 14 24 06 17 | 07
#0236-d241 @A: 17 19 24 02 | 05
#0237-d241 @A: 08 24 17 20 | 02
#0238-d241 @A: 15 04 14 17 | 09
#0239-d241 @A: 34 11 14 17 | 04
#0240-d241 @A: 25 17 16 15 | 03
#0241-d241 @A: 32 17 27 16 | 10
#0242-d241 @A: 16 15 17 08 | 01
#0243-d241 @A: 24 14 09 01 | 11
#0244-d241 @A: 09 34 13 18 | 06
#0245-d241 @A: 15 09 03 24 | 08
#0246-d241 @A: 25 11 09 07 | 12
#0247-d241 @A: 02 24 09 20 | 07
#0248-d241 @A: 28 09 31 29 | 05
#0249-d241 @A: 34 06 09 11 | 02
#0250-d241 @A: 22 09 25 26 | 09
#0251-d241 @A: 13 01 30 04 | 04
#0252-d241 @A: 06 01 03 22 | 03
#0253-d241 @A: 08 24 01 04 | 10
#0254-d241 @A: 01 06 32 30 | 01
#0255-d241 @A: 25 19 02 01 | 11
#0256-d241 @A: 01 20 31 25 | 06
#0257-d241 @A: 34 01 30 10 | 08
#0258-d241 @A: 07 03 27 13 | 12
#0259-d241 @A: 28 13 18 20 | 07
#0260-d241 @A: 02 07 08 13 | 05
#0261-d241 @A: 12 02 04 13 | 02
#0262-d241 @A: 13 31 34 11 | 09
#0263-d241 @A: 25 32 08 13 | 04
#0264-d241 @A: 13 26 25 14 | 03
#0265-d241 @A: 15 13 26 32 | 10
#0266-d241 @A: 02 03 18 14 | 01
#0267-d241 @A: 18 20 03 12 | 11
#0268-d241 @A: 22 24 04 03 | 06
#0269-d241 @A: 12 06 16 03 | 08
#0270-d241 @A: 28 03 10 20 | 12
#0271-d241 @A: 03 34 28 22 | 07
#0272-d241 @A: 04 32 18 07 | 05
#0273-d241 @A: 18 07 26 12 | 02
#0274-d241 @A: 11 18 24 28 | 09
#0275-d241 @A: 18 12 28 10 | 04
#0276-d241 @A: 25 18 08 26 | 03
#0277-d241 @A: 22 18 15 10 | 10
#0278-d241 @A: 19 30 08 18 | 01
#0279-d241 @A: 15 07 24 26 | 11
#0280-d241 @A: 20 06 07 15 | 06
#0281-d241 @A: 12 15 07 25 | 08
#0282-d241 @A: 20 14 28 07 | 12
#0283-d241 @A: 07 22 16 08 | 07
#0284-d241 @A: 32 06 24 12 | 05
#0285-d241 @A: 34 32 24 08 | 02
#0286-d241 @A: 24 14 15 10 | 09
#0287-d241 @A: 14 24 16 22 | 04
#0288-d241 @A: 20 31 24 34 | 03
#0289-d241 @A: 28 27 29 22 | 10
#0290-d241 @A: 26 29 10 27 | 01
#0291-d241 @A: 06 20 12 08 | 11
#0292-d241 @A: 34 06 14 28 | 06
#0293-d241 @A: 06 28 20 16 | 08
#0294-d241 @A: 12 15 02 10 | 12
#0295-d241 @A: 12 16 14 02 | 07
#0296-d241 @A: 02 30 32 26 | 05
#0297-d241 @A: 32 31 20 02 | 02
#0298-d241 @A: 34 02 28 16 | 09
#0299-d241 @A: 14 02 19 22 | 04
#0300-d241 @A: 11 04 22 20 | 03
#0301-d241 @A: 10 12 32 04 | 10
#0302-d241 @A: 15 04 28 12 | 01
#0303-d241 @A: 19 04 12 26 | 11
#0304-d241 @A: 19 34 04 25 | 06
#0305-d241 @A: 28 04 22 14 | 08
#0306-d241 @A: 04 08 19 10 | 12
#0307-d241 @A: 12 27 11 20 | 07
#0308-d241 @A: 11 19 25 28 | 05
#0309-d241 @A: 34 11 08 25 | 02
#0310-d241 @A: 11 32 27 31 | 09
#0311-d241 @A: 15 28 11 20 | 04
#0312-d241 @A: 30 28 34 11 | 03
#0313-d241 @A: 30 27 11 26 | 10
#0314-d241 @A: 25 33 05 09 | 01
#0315-d241 @A: 33 24 20 05 | 11
#0316-d241 @A: 26 05 33 11 | 06
#0317-d241 @A: 28 33 05 14 | 08
#0318-d241 @A: 35 33 34 09 | 12
#0319-d241 @A: 25 18 33 21 | 07
#0320-d241 @A: 08 33 24 21 | 05
#0321-d241 @A: 33 10 02 21 | 02
#0322-d241 @A: 33 17 07 12 | 09
#0323-d241 @A: 27 10 33 09 | 04
#0324-d241 @A: 13 01 33 31 | 03
#0325-d241 @A: 32 33 11 02 | 10
#0326-d241 @A: 33 12 30 04 | 01
#0327-d241 @A: 14 12 15 33 | 11
#0328-d241 @A: 33 20 27 31 | 06
#0329-d241 @A: 35 12 23 05 | 08
#0330-d241 @A: 05 06 23 15 | 12
#0331-d241 @A: 31 05 23 02 | 07
#0332-d241 @A: 17 24 35 05 | 05
#0333-d241 @A: 05 35 03 25 | 02
#0334-d241 @A: 06 03 17 05 | 09
#0335-d241 @A: 01 09 05 31 | 04
#0336-d241 @A: 18 02 09 05 | 03
#0337-d241 @A: 28 09 05 04 | 10
#0338-d241 @A: 29 18 30 05 | 01
#0339-d241 @A: 05 25 26 10 | 11
#0340-d241 @A: 10 05 08 16 | 06
#0341-d241 @A: 23 35 19 09 | 08
#0342-d241 @A: 21 23 03 24 | 12
#0343-d241 @A: 17 19 01 23 | 07
#0344-d241 @A: 29 23 20 13 | 05
#0345-d241 @A: 03 18 28 23 | 02
#0346-d241 @A: 11 16 03 23 | 09
#0347-d241 @A: 07 30 10 23 | 04
#0348-d241 @A: 12 16 24 23 | 03
#0349-d241 @A: 29 22 23 12 | 10
#0350-d241 @A: 23 27 02 34 | 01
#0351-d241 @A: 32 12 23 34 | 11
#0352-d241 @A: 25 14 19 23 | 06
#0353-d241 @A: 23 32 14 15 | 08
#0354-d241 @A: 35 14 17 21 | 12
#0355-d241 @A: 35 26 21 13 | 07
#0356-d241 @A: 19 17 35 12 | 05
#0357-d241 @A: 09 02 08 35 | 02
#0358-d241 @A: 24 28 35 01 | 09
#0359-d241 @A: 03 07 35 31 | 04
#0360-d241 @A: 30 07 06 35 | 03
#0361-d241 @A: 15 07 04 35 | 10
#0362-d241 @A: 22 35 30 29 | 01
#0363-d241 @A: 14 35 06 04 | 11
#0364-d241 @A: 28 27 35 04 | 06
#0365-d241 @A: 12 27 25 35 | 08
#0366-d241 @A: 35 30 19 10 | 12
#0367-d241 @A: 21 09 17 30 | 07
#0368-d241 @A: 17 12 02 21 | 05
#0369-d241 @A: 01 21 15 09 | 02
#0370-d241 @A: 21 30 01 19 | 09
#0371-d241 @A: 15 07 21 19 | 04
#0372-d241 @A: 21 25 20 30 | 03
#0373-d241 @A: 26 19 21 27 | 10
#0374-d241 @A: 31 20 16 21 | 01
#0375-d241 @A: 17 13 09 14 | 11
#0376-d241 @A: 17 03 31 01 | 06
#0377-d241 @A: 27 01 02 17 | 08
#0378-d241 @A: 11 17 01 10 | 12
#0379-d241 @A: 30 17 18 04 | 07
#0380-d241 @A: 02 30 14 17 | 05
#0381-d241 @A: 19 15 17 26 | 02
#0382-d241 @A: 31 22 17 26 | 09
#0383-d241 @A: 20 17 27 30 | 04
#0384-d241 @A: 11 13 09 26 | 03
#0385-d241 @A: 03 11 28 09 | 10
#0386-d241 @A: 07 24 19 09 | 01
#0387-d241 @A: 30 09 08 29 | 11
#0388-d241 @A: 10 09 31 02 | 06
#0389-d241 @A: 09 04 25 15 | 08
#0390-d241 @A: 15 32 09 19 | 12
#0391-d241 @A: 32 26 09 34 | 07
#0392-d241 @A: 09 26 19 14 | 05
#0393-d241 @A: 03 25 01 04 | 02
#0394-d241 @A: 01 18 12 02 | 09
#0395-d241 @A: 01 29 07 32 | 04
#0396-d241 @A: 04 24 01 11 | 03
#0397-d241 @A: 30 01 14 08 | 10
#0398-d241 @A: 01 26 19 34 | 01
#0399-d241 @A: 27 16 34 01 | 11
#0400-d241 @A: 13 03 32 06 | 06
#0401-d241 @A: 03 30 13 20 | 08
#0402-d241 @A: 13 24 02 10 | 12
#0403-d241 @A: 30 13 24 27 | 07
#0404-d241 @A: 11 13 08 26 | 05
#0405-d241 @A: 13 12 25 30 | 02
#0406-d241 @A: 12 10 13 26 | 09
#0407-d241 @A: 26 30 13 28 | 04
#0408-d241 @A: 30 15 13 14 | 03
#0409-d241 @A: 18 27 04 03 | 10
#0410-d241 @A: 03 24 12 02 | 01
#0411-d241 @A: 03 29 06 26 | 11
#0412-d241 @A: 03 22 26 11 | 06
#0413-d241 @A: 03 25 31 26 | 08
#0414-d241 @A: 16 26 15 03 | 12
#0415-d241 @A: 02 24 18 31 | 07
#0416-d241 @A: 18 28 30 25 | 05
#0417-d241 @A: 28 07 24 04 | 02
#0418-d241 @A: 32 07 34 19 | 09
#0419-d241 @A: 07 20 34 30 | 04
#0420-d241 @A: 30 06 02 24 | 03
#0421-d241 @A: 28 30 24 12 | 10
#0422-d241 @A: 24 12 26 14 | 01
#0423-d241 @A: 24 34 10 32 | 11
#0424-d241 @A: 28 27 20 24 | 06
#0425-d241 @A: 20 16 24 15 | 08
#0426-d241 @A: 08 31 19 24 | 12
#0427-d241 @A: 25 02 29 04 | 07
#0428-d241 @A: 02 31 22 29 | 05
#0429-d241 @A: 32 16 29 10 | 02
#0430-d241 @A: 29 20 22 10 | 09
#0431-d241 @A: 22 30 06 12 | 04
#0432-d241 @A: 31 06 28 30 | 03
#0433-d241 @A: 19 08 28 06 | 10
#0434-d241 @A: 16 10 30 06 | 01
#0435-d241 @A: 06 26 31 34 | 11
#0436-d241 @A: 25 12 02 34 | 06
#0437-d241 @A: 15 30 02 25 | 08
#0438-d241 @A: 16 02 19 20 | 12
#0439-d241 @A: 02 19 27 30 | 07
#0440-d241 @A: 31 04 15 32 | 05
#0441-d241 @A: 32 11 12 14 | 02
#0442-d241 @A: 27 10 11 25 | 09
#0443-d241 @A: 11 26 31 19 | 04
#0444-d241 @A: 34 26 08 19 | 03
#0445-d241 @A: 30 33 05 23 | 10
#0446-d241 @A: 33 11 20 23 | 01
#0447-d241 @A: 33 17 21 15 | 11
#0448-d241 @A: 12 33 24 21 | 06
#0449-d241 @A: 02 09 17 33 | 08
#0450-d241 @A: 17 24 22 33 | 12
#0451-d241 @A: 33 28 11 01 | 07
#0452-d241 @A: 03 06 33 18 | 05
#0453-d241 @A: 33 28 04 18 | 02
#0454-d241 @A: 33 28 25 27 | 09
#0455-d241 @A: 31 15 25 33 | 04
#0456-d241 @A: 14 05 29 23 | 03
#0457-d241 @A: 21 05 17 31 | 10
#0458-d241 @A: 21 06 26 05 | 01
#0459-d241 @A: 05 07 14 17 | 11
#0460-d241 @A: 04 05 19 17 | 06
#0461-d241 @A: 29 09 05 19 | 08
#0462-d241 @A: 26 30 05 09 | 12
#0463-d241 @A: 01 05 10 16 | 07
#0464-d241 @A: 02 13 34 05 | 05
#0465-d241 @A: 05 12 11 13 | 02
#0466-d241 @A: 05 03 07 32 | 09
#0467-d241 @A: 28 05 18 34 | 04
#0468-d241 @A: 05 07 04 11 | 03
#0469-d241 @A: 05 31 07 25 | 10
#0470-d241 @A: 27 34 24 05 | 01
#0471-d241 @A: 28 29 08 05 | 11
#0472-d241 @A: 16 22 29 05 | 06
#0473-d241 @A: 21 30 18 23 | 08
#0474-d241 @A: 09 11 23 10 | 12
#0475-d241 @A: 23 01 07 02 | 07
#0476-d241 @A: 07 12 20 23 | 05
#0477-d241 @A: 12 19 30 23 | 02
#0478-d241 @A: 27 23 10 28 | 09
#0479-d241 @A: 23 15 28 08 | 04
#0480-d241 @A: 21 03 35 01 | 03
#0481-d241 @A: 21 18 35 12 | 10
#0482-d241 @A: 06 08 35 21 | 01
#0483-d241 @A: 21 35 11 15 | 11
#0484-d241 @A: 32 35 17 06 | 06
#0485-d241 @A: 35 30 09 18 | 08
#0486-d241 @A: 27 07 09 35 | 12
#0487-d241 @A: 35 09 15 06 | 07
#0488-d241 @A: 35 04 16 13 | 05
#0489-d241 @A: 04 35 03 10 | 02
#0490-d241 @A: 02 35 12 07 | 09
#0491-d241 @A: 35 25 29 26 | 04
#0492-d241 @A: 26 15 02 35 | 03
#0493-d241 @A: 15 12 22 35 | 10
#0494-d241 @A: 10 26 35 20 | 01
#0495-d241 @A: 35 16 31 22 | 11
#0496-d241 @A: 26 27 16 35 | 06
#0497-d241 @A: 34 01 17 21 | 08
#0498-d241 @A: 09 21 08 15 | 12
#0499-d241 @A: 21 16 01 18 | 07
#0500-d241 @A: 29 21 01 22 | 05
#0501-d241 @A: 21 24 13 34 | 02
#0502-d241 @A: 19 21 08 13 | 09
#0503-d241 @A: 21 07 03 16 | 04
#0504-d241 @A: 27 03 21 06 | 03
#0505-d241 @A: 29 21 07 02 | 10
#0506-d241 @A: 24 21 32 16 | 01
#0507-d241 @A: 21 25 29 11 | 11
#0508-d241 @A: 25 16 26 21 | 06
#0509-d241 @A: 21 14 19 28 | 08
#0510-d241 @A: 27 22 10 21 | 12
#0511-d241 @A: 17 29 26 09 | 07
#0512-d241 @A: 24 17 03 30 | 05
#0513-d241 @A: 34 03 02 17 | 02
#0514-d241 @A: 17 04 26 07 | 09
#0515-d241 @A: 19 17 07 28 | 04
#0516-d241 @A: 17 32 24 04 | 03
#0517-d241 @A: 24 16 17 28 | 10
#0518-d241 @A: 17 10 12 06 | 01
#0519-d241 @A: 30 17 16 12 | 11
#0520-d241 @A: 25 32 17 19 | 06
#0521-d241 @A: 15 10 20 17 | 08
#0522-d241 @A: 06 01 19 09 | 12
#0523-d241 @A: 32 09 06 29 | 07
#0524-d241 @A: 04 22 09 29 | 05
#0525-d241 @A: 09 11 29 30 | 02
#0526-d241 @A: 09 15 26 10 | 09
#0527-d241 @A: 24 13 26 01 | 04
#0528-d241 @A: 12 13 08 01 | 03
#0529-d241 @A: 03 11 30 01 | 10
#0530-d241 @A: 12 01 19 07 | 01
#0531-d241 @A: 01 22 24 20 | 11
#0532-d241 @A: 04 29 01 27 | 06
#0533-d241 @A: 10 01 31 27 | 08
#0534-d241 @A: 14 01 31 26 | 12
#0535-d241 @A: 13 24 11 32 | 07
#0536-d241 @A: 14 10 13 16 | 05
#0537-d241 @A: 34 22 13 26 | 02
#0538-d241 @A: 13 27 16 22 | 09
#0539-d241 @A: 31 12 03 29 | 04
#0540-d241 @A: 26 04 32 03 | 03
#0541-d241 @A: 30 03 26 12 | 10
#0542-d241 @A: 14 30 10 03 | 01
#0543-d241 @A: 20 27 03 22 | 11
#0544-d241 @A: 12 18 24 04 | 06
#0545-d241 @A: 29 10 04 18 | 08
#0546-d241 @A: 18 11 06 14 | 12
#0547-d241 @A: 18 12 16 25 | 07
#0548-d241 @A: 32 34 30 18 | 05
#0549-d241 @A: 31 26 32 18 | 02
#0550-d241 @A: 22 18 27 34 | 09
#0551-d241 @A: 22 29 07 06 | 04
#0552-d241 @A: 07 28 25 26 | 03
#0553-d241 @A: 10 07 25 08 | 10
#0554-d241 @A: 07 25 20 22 | 01
#0555-d241 @A: 08 11 02 24 | 11
#0556-d241 @A: 20 19 24 11 | 06
#0557-d241 @A: 26 24 25 19 | 08
#0558-d241 @A: 24 31 16 10 | 12
#0559-d241 @A: 04 29 06 11 | 07
#0560-d241 @A: 29 06 27 19 | 05
#0561-d241 @A: 29 19 11 32 | 02
#0562-d241 @A: 08 29 25 14 | 09
#0563-d241 @A: 06 04 32 02 | 04
#0564-d241 @A: 06 32 31 22 | 03
#0565-d241 @A: 28 22 19 06 | 10
#0566-d241 @A: 11 12 30 02 | 01
#0567-d241 @A: 32 02 19 12 | 11
#0568-d241 @A: 16 32 02 25 | 06
#0569-d241 @A: 02 14 10 26 | 08
#0570-d241 @A: 11 04 31 25 | 12
#0571-d241 @A: 31 28 04 20 | 07
#0572-d241 @A: 16 27 04 20 | 05
#0573-d241 @A: 16 32 11 22 | 02
#0574-d241 @A: 28 08 31 12 | 09
#0575-d241 @A: 27 10 12 08 | 04
#0576-d241 @A: 08 19 16 25 | 03
#0577-d241 @A: 16 08 20 28 | 10
#0578-d241 @A: 10 31 20 08 | 01
#0579-d241 @A: 05 31 33 06 | 11
#0580-d241 @A: 01 09 33 23 | 06
#0581-d241 @A: 35 32 01 33 | 08
#0582-d241 @A: 33 35 30 03 | 12
#0583-d241 @A: 33 21 06 09 | 07
#0584-d241 @A: 31 11 21 33 | 05
#0585-d241 @A: 21 33 14 22 | 02
#0586-d241 @A: 17 16 33 20 | 09
#0587-d241 @A: 17 19 08 33 | 04
#0588-d241 @A: 33 29 14 09 | 03
#0589-d241 @A: 06 20 01 33 | 10
#0590-d241 @A: 33 01 14 19 | 01
#0591-d241 @A: 20 33 07 29 | 11
#0592-d241 @A: 24 33 14 04 | 06
#0593-d241 @A: 33 31 04 29 | 08
#0594-d241 @A: 02 33 08 31 | 12
#0595-d241 @A: 33 31 12 16 | 07
#0596-d241 @A: 30 28 20 33 | 05
#0597-d241 @A: 05 27 35 21 | 02
#0598-d241 @A: 05 04 20 35 | 09
#0599-d241 @A: 29 12 17 05 | 04
#0600-d241 @A: 05 18 01 27 | 03
#0601-d241 @A: 01 29 05 26 | 10
#0602-d241 @A: 05 13 27 29 | 01
#0603-d241 @A: 03 28 05 30 | 11
#0604-d241 @A: 31 05 18 11 | 06
#0605-d241 @A: 07 05 22 19 | 08
#0606-d241 @A: 05 02 28 22 | 12
#0607-d241 @A: 05 20 11 08 | 07
#0608-d241 @A: 32 10 05 31 | 05
#0609-d241 @A: 22 05 32 30 | 02
#0610-d241 @A: 22 35 23 01 | 09
#0611-d241 @A: 20 35 24 23 | 04
#0612-d241 @A: 28 23 32 35 | 03
#0613-d241 @A: 12 21 23 27 | 10
#0614-d241 @A: 22 17 23 13 | 01
#0615-d241 @A: 14 03 17 23 | 11
#0616-d241 @A: 07 28 09 23 | 06
#0617-d241 @A: 12 02 23 09 | 08
#0618-d241 @A: 31 04 09 23 | 12
#0619-d241 @A: 26 03 23 01 | 07
#0620-d241 @A: 01 23 34 11 | 05
#0621-d241 @A: 23 24 28 13 | 02
#0622-d241 @A: 23 29 11 08 | 09
#0623-d241 @A: 25 23 28 34 | 04
#0624-d241 @A: 22 30 25 23 | 03
#0625-d241 @A: 07 21 20 35 | 10
#0626-d241 @A: 35 21 31 19 | 01
#0627-d241 @A: 17 31 11 35 | 11
#0628-d241 @A: 09 22 35 24 | 06
#0629-d241 @A: 18 13 35 24 | 08
#0630-d241 @A: 07 14 35 13 | 12
#0631-d241 @A: 18 19 35 14 | 07
#0632-d241 @A: 06 35 24 29 | 05
#0633-d241 @A: 24 25 14 35 | 02
#0634-d241 @A: 02 31 35 06 | 09
#0635-d241 @A: 35 08 30 04 | 04
#0636-d241 @A: 11 35 32 08 | 03
#0637-d241 @A: 34 35 32 25 | 10
#0638-d241 @A: 31 25 28 35 | 01
#0639-d241 @A: 15 10 25 35 | 11
#0640-d241 @A: 08 19 22 35 | 06
#0641-d241 @A: 21 17 07 08 | 08
#0642-d241 @A: 27 21 17 29 | 12
#0643-d241 @A: 04 17 21 25 | 07
#0644-d241 @A: 17 22 16 21 | 05
#0645-d241 @A: 28 09 21 24 | 02
#0646-d241 @A: 22 21 09 34 | 09
#0647-d241 @A: 01 32 21 31 | 04
#0648-d241 @A: 21 03 29 19 | 03
#0649-d241 @A: 02 03 28 21 | 10
#0650-d241 @A: 24 21 11 14 | 01
#0651-d241 @A: 21 27 24 15 | 11
#0652-d241 @A: 21 14 06 31 | 06
#0653-d241 @A: 15 02 04 21 | 08
#0654-d241 @A: 10 04 28 21 | 12
#0655-d241 @A: 28 32 21 27 | 07
#0656-d241 @A: 21 14 20 15 | 05
#0657-d241 @A: 01 17 04 12 | 02
#0658-d241 @A: 07 17 03 15 | 09
#0659-d241 @A: 22 29 03 17 | 04
#0660-d241 @A: 24 17 18 20 | 03
#0661-d241 @A: 15 17 18 11 | 10
#0662-d241 @A: 17 22 11 07 | 01
#0663-d241 @A: 10 17 29 24 | 11
#0664-d241 @A: 34 17 06 29 | 06
#0665-d241 @A: 11 16 29 17 | 08
#0666-d241 @A: 22 06 17 02 | 12
#0667-d241 @A: 34 12 17 08 | 07
#0668-d241 @A: 14 28 10 17 | 05
#0669-d241 @A: 14 16 17 31 | 02
#0670-d241 @A: 14 19 17 27 | 09
#0671-d241 @A: 15 17 34 30 | 04
#0672-d241 @A: 17 19 20 34 | 03
#0673-d241 @A: 18 09 22 03 | 10
#0674-d241 @A: 08 09 24 03 | 01
#0675-d241 @A: 09 02 32 03 | 11
#0676-d241 @A: 30 03 09 04 | 06
#0677-d241 @A: 09 02 34 19 | 08
#0678-d241 @A: 12 09 20 19 | 12
#0679-d241 @A: 32 30 09 10 | 07
#0680-d241 @A: 09 31 30 16 | 05
#0681-d241 @A: 19 20 08 09 | 02
#0682-d241 @A: 16 24 01 02 | 09
#0683-d241 @A: 04 15 01 06 | 04
#0684-d241 @A: 08 34 06 01 | 03
#0685-d241 @A: 01 28 19 27 | 10
#0686-d241 @A: 27 01 15 08 | 01
#0687-d241 @A: 18 31 13 07 | 11
#0688-d241 @A: 30 06 13 18 | 06
#0689-d241 @A: 32 13 10 18 | 08
#0690-d241 @A: 18 26 19 13 | 12
#0691-d241 @A: 13 19 07 04 | 07
#0692-d241 @A: 08 13 14 24 | 05
#0693-d241 @A: 04 29 13 26 | 02
#0694-d241 @A: 11 13 06 20 | 09
#0695-d241 @A: 13 31 10 28 | 04
#0696-d241 @A: 16 34 30 13 | 03
#0697-d241 @A: 15 29 03 04 | 10
#0698-d241 @A: 03 31 11 06 | 01
#0699-d241 @A: 14 25 06 03 | 11
#0700-d241 @A: 34 03 25 20 | 06
#0701-d241 @A: 15 03 14 19 | 08
#0702-d241 @A: 16 03 30 22 | 12
#0703-d241 @A: 07 18 25 24 | 07
#0704-d241 @A: 06 24 18 15 | 05
#0705-d241 @A: 18 06 25 32 | 02
#0706-d241 @A: 11 02 19 18 | 09
#0707-d241 @A: 20 18 34 02 | 04
#0708-d241 @A: 14 16 18 34 | 03
#0709-d241 @A: 26 15 18 20 | 10
#0710-d241 @A: 12 07 06 04 | 01
#0711-d241 @A: 19 10 07 02 | 11
#0712-d241 @A: 30 08 07 12 | 06
#0713-d241 @A: 07 27 25 19 | 08
#0714-d241 @A: 07 22 16 28 | 12
#0715-d241 @A: 07 16 14 19 | 07
#0716-d241 @A: 11 06 22 24 | 05
#0717-d241 @A: 31 15 06 29 | 02
#0718-d241 @A: 14 29 27 12 | 09
#0719-d241 @A: 26 29 12 16 | 04
#0720-d241 @A: 34 08 29 27 | 03
#0721-d241 @A: 32 08 06 31 | 10
#0722-d241 @A: 26 31 12 02 | 01
#0723-d241 @A: 19 28 02 15 | 11
#0724-d241 @A: 27 28 08 02 | 06
#0725-d241 @A: 27 11 04 19 | 08
#0726-d241 @A: 16 12 22 04 | 12
#0727-d241 @A: 31 27 12 04 | 07
#0728-d241 @A: 12 15 26 11 | 05
#0729-d241 @A: 16 11 10 34 | 02
#0730-d241 @A: 15 33 05 35 | 09
#0731-d241 @A: 34 05 33 03 | 04
#0732-d241 @A: 04 27 33 05 | 03
#0733-d241 @A: 08 33 05 25 | 10
#0734-d241 @A: 23 24 18 33 | 01
#0735-d241 @A: 04 15 23 33 | 11
#0736-d241 @A: 08 27 33 23 | 06
#0737-d241 @A: 33 35 17 10 | 08
#0738-d241 @A: 33 12 35 29 | 12
#0739-d241 @A: 07 33 31 09 | 07
#0740-d241 @A: 19 33 09 11 | 05
#0741-d241 @A: 33 30 07 01 | 02
#0742-d241 @A: 16 33 01 04 | 09
#0743-d241 @A: 16 13 18 33 | 04
#0744-d241 @A: 28 13 33 06 | 03
#0745-d241 @A: 33 03 02 26 | 10
#0746-d241 @A: 06 33 14 26 | 01
#0747-d241 @A: 27 15 02 33 | 11
#0748-d241 @A: 26 25 32 33 | 06
#0749-d241 @A: 33 08 26 28 | 08
#0750-d241 @A: 33 16 26 19 | 12
#0751-d241 @A: 21 05 23 25 | 07
#0752-d241 @A: 29 35 05 31 | 05
#0753-d241 @A: 14 35 05 26 | 02
#0754-d241 @A: 01 12 05 21 | 09
#0755-d241 @A: 05 18 10 21 | 04
#0756-d241 @A: 04 05 03 14 | 03
#0757-d241 @A: 03 11 05 19 | 10
#0758-d241 @A: 05 32 26 12 | 01
#0759-d241 @A: 12 05 27 28 | 11
#0760-d241 @A: 26 20 34 05 | 06
#0761-d241 @A: 21 35 29 23 | 08
#0762-d241 @A: 21 19 23 02 | 12
#0763-d241 @A: 01 12 15 23 | 07
#0764-d241 @A: 08 13 06 23 | 05
#0765-d241 @A: 29 23 03 32 | 02
#0766-d241 @A: 18 11 23 22 | 09
#0767-d241 @A: 07 23 11 14 | 04
#0768-d241 @A: 29 30 23 04 | 03
#0769-d241 @A: 23 29 11 31 | 10
#0770-d241 @A: 16 06 23 02 | 01
#0771-d241 @A: 32 30 23 16 | 11
#0772-d241 @A: 26 30 20 23 | 06
#0773-d241 @A: 27 23 19 20 | 08
#0774-d241 @A: 27 35 06 01 | 12
#0775-d241 @A: 35 01 30 25 | 07
#0776-d241 @A: 11 35 22 13 | 05
#0777-d241 @A: 03 28 29 35 | 02
#0778-d241 @A: 24 35 02 27 | 09
#0779-d241 @A: 08 29 35 26 | 04
#0780-d241 @A: 10 34 31 35 | 03
#0781-d241 @A: 21 17 13 10 | 10
#0782-d241 @A: 17 03 32 21 | 01
#0783-d241 @A: 01 28 21 08 | 11
#0784-d241 @A: 13 15 21 18 | 06
#0785-d241 @A: 02 31 13 21 | 08
#0786-d241 @A: 11 21 13 16 | 12
#0787-d241 @A: 32 25 13 21 | 07
#0788-d241 @A: 02 21 27 18 | 05
#0789-d241 @A: 21 24 22 07 | 02
#0790-d241 @A: 12 22 31 21 | 09
#0791-d241 @A: 21 14 27 25 | 04
#0792-d241 @A: 32 21 22 26 | 03
#0793-d241 @A: 17 27 13 25 | 10
#0794-d241 @A: 18 12 27 17 | 01
#0795-d241 @A: 17 18 08 28 | 11
#0796-d241 @A: 31 17 24 27 | 06
#0797-d241 @A: 10 17 34 25 | 08
#0798-d241 @A: 28 34 27 17 | 12
#0799-d241 @A: 01 11 32 09 | 07
#0800-d241 @A: 09 20 03 29 | 05
#0801-d241 @A: 18 31 09 06 | 02
#0802-d241 @A: 18 09 11 04 | 09
#0803-d241 @A: 27 29 02 09 | 04
#0804-d241 @A: 15 30 12 09 | 03
#0805-d241 @A: 22 19 31 09 | 10
#0806-d241 @A: 14 01 13 18 | 01
#0807-d241 @A: 13 01 11 19 | 11
#0808-d241 @A: 03 31 08 01 | 06
#0809-d241 @A: 10 01 06 14 | 08
#0810-d241 @A: 01 02 15 32 | 12
#0811-d241 @A: 34 32 14 01 | 07
#0812-d241 @A: 06 13 07 26 | 05
#0813-d241 @A: 07 32 13 30 | 02
#0814-d241 @A: 13 04 29 08 | 09
#0815-d241 @A: 22 15 02 13 | 04
#0816-d241 @A: 12 13 15 16 | 03
#0817-d241 @A: 13 28 10 08 | 10
#0818-d241 @A: 24 18 03 16 | 01
#0819-d241 @A: 18 08 03 04 | 11
#0820-d241 @A: 07 03 06 08 | 06
#0821-d241 @A: 28 03 25 24 | 08
#0822-d241 @A: 03 14 27 24 | 12
#0823-d241 @A: 20 02 03 15 | 07
#0824-d241 @A: 12 03 19 22 | 05
#0825-d241 @A: 19 28 32 03 | 02
#0826-d241 @A: 03 28 16 14 | 09
#0827-d241 @A: 10 08 03 34 | 04
#0828-d241 @A: 08 15 18 24 | 03
#0829-d241 @A: 06 28 29 18 | 10
#0830-d241 @A: 16 04 31 18 | 01
#0831-d241 @A: 27 18 10 30 | 11
#0832-d241 @A: 06 32 11 07 | 06
#0833-d241 @A: 02 07 27 04 | 08
#0834-d241 @A: 07 11 31 16 | 12
#0835-d241 @A: 22 10 12 07 | 07
#0836-d241 @A: 16 07 27 12 | 05
#0837-d241 @A: 07 30 14 25 | 02
#0838-d241 @A: 32 28 31 07 | 09
#0839-d241 @A: 26 16 32 07 | 04
#0840-d241 @A: 34 10 07 28 | 03
#0841-d241 @A: 31 19 20 07 | 10
#0842-d241 @A: 29 24 34 11 | 01
#0843-d241 @A: 29 16 24 08 | 11
#0844-d241 @A: 26 06 16 24 | 06
#0845-d241 @A: 12 24 19 15 | 08
#0846-d241 @A: 10 22 19 24 | 12
#0847-d241 @A: 34 24 19 14 | 07
#0848-d241 @A: 30 15 24 22 | 05
#0849-d241 @A: 29 12 06 02 | 02
#0850-d241 @A: 30 12 29 32 | 09
#0851-d241 @A: 27 15 29 16 | 04
#0852-d241 @A: 27 06 04 22 | 03
#0853-d241 @A: 06 20 12 31 | 10
#0854-d241 @A: 19 26 10 06 | 01
#0855-d241 @A: 30 06 27 14 | 11
#0856-d241 @A: 22 12 27 02 | 06
#0857-d241 @A: 14 25 02 31 | 08
#0858-d241 @A: 30 28 02 10 | 12
#0859-d241 @A: 22 02 30 20 | 07
#0860-d241 @A: 02 08 16 26 | 05
#0861-d241 @A: 04 11 34 12 | 02
#0862-d241 @A: 11 16 15 04 | 09
#0863-d241 @A: 04 22 32 25 | 04
#0864-d241 @A: 04 28 16 25 | 03
#0865-d241 @A: 30 15 10 04 | 10
#0866-d241 @A: 14 19 04 31 | 01
#0867-d241 @A: 26 27 15 04 | 11
#0868-d241 @A: 04 27 20 08 | 06
#0869-d241 @A: 11 10 12 31 | 08
#0870-d241 @A: 11 20 14 26 | 12
#0871-d241 @A: 19 12 08 14 | 07
#0872-d241 @A: 29 26 33 23 | 05
#0873-d241 @A: 23 33 12 06 | 02
#0874-d241 @A: 16 27 33 23 | 09
#0875-d241 @A: 33 04 32 21 | 04
#0876-d241 @A: 22 32 33 09 | 03
#0877-d241 @A: 29 13 32 33 | 10
#0878-d241 @A: 33 08 13 22 | 01
#0879-d241 @A: 33 13 20 26 | 11
#0880-d241 @A: 07 33 16 24 | 06
#0881-d241 @A: 34 24 33 06 | 08
#0882-d241 @A: 20 12 10 33 | 12
#0883-d241 @A: 34 27 32 33 | 07
#0884-d241 @A: 28 16 33 10 | 05
#0885-d241 @A: 33 22 20 34 | 02
#0886-d241 @A: 34 23 05 17 | 09
#0887-d241 @A: 23 04 05 16 | 04
#0888-d241 @A: 35 05 10 07 | 03
#0889-d241 @A: 22 17 10 05 | 10
#0890-d241 @A: 05 09 07 13 | 01
#0891-d241 @A: 34 09 10 05 | 11
#0892-d241 @A: 14 01 11 05 | 06
#0893-d241 @A: 05 10 03 13 | 08
#0894-d241 @A: 18 05 14 20 | 12
#0895-d241 @A: 07 05 16 06 | 07
#0896-d241 @A: 24 02 15 05 | 05
#0897-d241 @A: 05 28 25 32 | 02
#0898-d241 @A: 22 25 27 05 | 09
#0899-d241 @A: 32 05 15 20 | 04
#0900-d241 @A: 05 15 30 27 | 03
#0901-d241 @A: 19 27 05 31 | 10
#0902-d241 @A: 35 13 31 23 | 01
#0903-d241 @A: 35 27 23 18 | 11
#0904-d241 @A: 23 11 21 28 | 06
#0905-d241 @A: 27 17 23 04 | 08
#0906-d241 @A: 03 34 23 09 | 12
#0907-d241 @A: 23 30 09 27 | 07
#0908-d241 @A: 01 16 25 23 | 05
#0909-d241 @A: 23 34 04 18 | 02
#0910-d241 @A: 04 22 23 07 | 09
#0911-d241 @A: 11 23 19 06 | 04
#0912-d241 @A: 11 08 23 04 | 03
#0913-d241 @A: 32 22 27 23 | 10
#0914-d241 @A: 02 25 09 35 | 01
#0915-d241 @A: 18 10 01 35 | 11
#0916-d241 @A: 12 14 01 35 | 06
#0917-d241 @A: 11 18 35 26 | 08
#0918-d241 @A: 11 25 06 35 | 12
#0919-d241 @A: 28 12 34 35 | 07
#0920-d241 @A: 28 25 35 08 | 05
#0921-d241 @A: 16 28 35 30 | 02
#0922-d241 @A: 16 35 08 27 | 09
#0923-d241 @A: 13 06 19 21 | 04
#0924-d241 @A: 03 14 21 12 | 03
#0925-d241 @A: 26 21 10 03 | 10
#0926-d241 @A: 21 14 32 07 | 01
#0927-d241 @A: 21 29 12 04 | 11
#0928-d241 @A: 19 12 21 25 | 06
#0929-d241 @A: 21 12 34 26 | 08
#0930-d241 @A: 28 21 15 25 | 12
#0931-d241 @A: 30 21 26 14 | 07
#0932-d241 @A: 25 01 17 09 | 05
#0933-d241 @A: 17 01 22 18 | 02
#0934-d241 @A: 15 01 17 24 | 09
#0935-d241 @A: 04 03 17 16 | 04
#0936-d241 @A: 32 17 20 07 | 03
#0937-d241 @A: 17 29 02 08 | 10
#0938-d241 @A: 17 20 06 25 | 01
#0939-d241 @A: 26 16 17 34 | 11
#0940-d241 @A: 31 26 08 17 | 06
#0941-d241 @A: 18 26 09 01 | 08
#0942-d241 @A: 09 13 16 24 | 12
#0943-d241 @A: 13 30 09 02 | 07
#0944-d241 @A: 10 06 03 09 | 05
#0945-d241 @A: 27 18 32 09 | 02
#0946-d241 @A: 15 16 18 09 | 09
#0947-d241 @A: 04 02 14 09 | 04
#0948-d241 @A: 25 10 28 09 | 03
#0949-d241 @A: 32 16 28 09 | 10
#0950-d241 @A: 18 01 32 03 | 01
#0951-d241 @A: 29 01 31 18 | 11
#0952-d241 @A: 06 18 34 01 | 06
#0953-d241 @A: 01 27 24 07 | 08
#0954-d241 @A: 07 01 10 04 | 12
#0955-d241 @A: 29 01 02 30 | 07
#0956-d241 @A: 01 19 08 29 | 05
#0957-d241 @A: 01 22 28 10 | 02
#0958-d241 @A: 31 15 19 01 | 09
#0959-d241 @A: 16 01 26 30 | 04
#0960-d241 @A: 13 25 29 07 | 03
#0961-d241 @A: 06 13 02 27 | 10
#0962-d241 @A: 04 06 13 25 | 01
#0963-d241 @A: 13 27 12 32 | 11
#0964-d241 @A: 13 20 16 32 | 06
#0965-d241 @A: 13 34 10 20 | 08
#0966-d241 @A: 22 31 30 13 | 12
#0967-d241 @A: 27 13 26 31 | 07
#0968-d241 @A: 10 29 03 07 | 05
#0969-d241 @A: 25 02 07 03 | 02
#0970-d241 @A: 29 03 11 14 | 09
#0971-d241 @A: 03 31 02 04 | 04
#0972-d241 @A: 11 03 08 27 | 03
#0973-d241 @A: 22 15 25 03 | 10
#0974-d241 @A: 28 27 26 03 | 01
#0975-d241 @A: 03 10 27 19 | 11
#0976-d241 @A: 03 14 22 31 | 06
#0977-d241 @A: 14 18 24 32 | 08
#0978-d241 @A: 22 32 18 12 | 12
#0979-d241 @A: 31 25 34 18 | 07
#0980-d241 @A: 32 16 19 18 | 05
#0981-d241 @A: 07 29 31 24 | 02
#0982-d241 @A: 04 07 08 32 | 09
#0983-d241 @A: 34 14 12 07 | 04
#0984-d241 @A: 32 25 07 10 | 03
#0985-d241 @A: 34 14 08 07 | 10
#0986-d241 @A: 24 28 29 14 | 01
#0987-d241 @A: 15 24 25 32 | 11
#0988-d241 @A: 24 16 27 25 | 06
#0989-d241 @A: 27 32 24 19 | 08
#0990-d241 @A: 26 24 28 10 | 12
#0991-d241 @A: 19 24 28 31 | 07
#0992-d241 @A: 06 29 15 08 | 05
#0993-d241 @A: 25 29 28 20 | 02
#0994-d241 @A: 29 27 20 32 | 09
#0995-d241 @A: 15 06 26 28 | 04
#0996-d241 @A: 22 15 14 06 | 03
#0997-d241 @A: 27 16 31 06 | 10
#0998-d241 @A: 28 20 02 12 | 01
#0999-d241 @A: 20 26 04 25 | 11
#1000-d241 @A: 16 10 04 19 | 06
#1001-d241 @A: 16 26 04 14 | 08
#1002-d241 @A: 11 19 12 16 | 12
#1003-d241 @A: 11 22 25 14 | 07
#1004-d241 @A: 34 25 26 11 | 05
#1005-d241 @A: 11 20 32 34 | 02
#1006-d241 @A: 27 16 14 11 | 09
#1007-d241 @A: 31 08 11 22 | 04
#1008-d241 @A: 25 33 23 35 | 03
#1009-d241 @A: 22 23 33 31 | 10
#1010-d241 @A: 14 35 33 11 | 01
#1011-d241 @A: 33 03 21 20 | 11
#1012-d241 @A: 01 33 17 26 | 06
#1013-d241 @A: 03 33 12 01 | 08
#1014-d241 @A: 30 18 33 02 | 12
#1015-d241 @A: 32 20 33 18 | 07
#1016-d241 @A: 04 25 33 07 | 05
#1017-d241 @A: 06 04 33 08 | 02
#1018-d241 @A: 30 33 34 25 | 09
#1019-d241 @A: 33 31 10 30 | 04
#1020-d241 @A: 23 05 09 20 | 03
#1021-d241 @A: 23 11 27 05 | 10
#1022-d241 @A: 14 35 05 08 | 01
#1023-d241 @A: 21 05 20 13 | 11
#1024-d241 @A: 15 21 05 03 | 06
#1025-d241 @A: 05 07 21 28 | 08
#1026-d241 @A: 27 26 17 05 | 12
#1027-d241 @A: 09 05 08 12 | 07
#1028-d241 @A: 05 01 08 07 | 05
#1029-d241 @A: 04 01 32 05 | 02
#1030-d241 @A: 25 18 13 05 | 09
#1031-d241 @A: 13 05 06 22 | 04
#1032-d241 @A: 18 05 24 22 | 03
#1033-d241 @A: 15 04 05 18 | 10
#1034-d241 @A: 05 07 02 30 | 01
#1035-d241 @A: 06 28 05 24 | 11
#1036-d241 @A: 12 05 25 04 | 06
#1037-d241 @A: 15 12 31 05 | 08
#1038-d241 @A: 10 20 05 30 | 12
#1039-d241 @A: 05 14 30 31 | 07
#1040-d241 @A: 22 05 15 26 | 05
#1041-d241 @A: 34 05 19 15 | 02
#1042-d241 @A: 05 22 31 20 | 09
#1043-d241 @A: 23 10 21 01 | 04
#1044-d241 @A: 21 04 26 23 | 03
#1045-d241 @A: 15 22 21 23 | 10
#1046-d241 @A: 23 31 17 18 | 01
#1047-d241 @A: 06 23 17 30 | 11
#1048-d241 @A: 09 23 14 18 | 06
#1049-d241 @A: 23 13 02 26 | 08
#1050-d241 @A: 23 07 03 19 | 12
#1051-d241 @A: 20 06 14 23 | 07
#1052-d241 @A: 09 17 35 28 | 05
#1053-d241 @A: 17 18 35 34 | 02
#1054-d241 @A: 35 14 03 09 | 09
#1055-d241 @A: 29 10 09 35 | 04
#1056-d241 @A: 34 15 35 01 | 03
#1057-d241 @A: 06 13 35 10 | 10
#1058-d241 @A: 13 20 08 35 | 01
#1059-d241 @A: 11 35 32 03 | 11
#1060-d241 @A: 07 35 16 29 | 06
#1061-d241 @A: 35 08 07 28 | 08
#1062-d241 @A: 04 24 30 35 | 12
#1063-d241 @A: 11 35 12 24 | 07
#1064-d241 @A: 31 24 35 15 | 05
#1065-d241 @A: 12 32 31 35 | 02
#1066-d241 @A: 02 21 26 09 | 09
#1067-d241 @A: 01 21 20 04 | 04
#1068-d241 @A: 21 13 03 22 | 03
#1069-d241 @A: 19 21 18 24 | 10
#1070-d241 @A: 25 34 06 21 | 01
#1071-d241 @A: 22 11 02 21 | 11
#1072-d241 @A: 16 21 28 12 | 06
#1073-d241 @A: 08 25 21 22 | 08
#1074-d241 @A: 22 09 12 17 | 12
#1075-d241 @A: 16 01 07 17 | 07
#1076-d241 @A: 13 07 17 34 | 05
#1077-d241 @A: 17 06 15 13 | 02
#1078-d241 @A: 12 28 17 03 | 09
#1079-d241 @A: 30 31 25 17 | 04
#1080-d241 @A: 32 14 26 17 | 03
#1081-d241 @A: 17 10 19 31 | 10
#1082-d241 @A: 30 17 19 22 | 01
#1083-d241 @A: 16 09 08 01 | 11
#1084-d241 @A: 07 29 34 09 | 06
#1085-d241 @A: 09 27 04 24 | 08
#1086-d241 @A: 09 08 06 11 | 12
#1087-d241 @A: 08 26 09 04 | 07
#1088-d241 @A: 16 09 12 34 | 05
#1089-d241 @A: 08 09 34 32 | 02
#1090-d241 @A: 15 28 27 09 | 09
#1091-d241 @A: 16 22 09 10 | 04
#1092-d241 @A: 09 31 15 34 | 03
#1093-d241 @A: 06 16 13 01 | 10
#1094-d241 @A: 11 18 01 25 | 01
#1095-d241 @A: 11 02 31 01 | 11
#1096-d241 @A: 11 01 22 27 | 06
#1097-d241 @A: 01 12 25 22 | 08
#1098-d241 @A: 22 32 19 01 | 12
#1099-d241 @A: 13 03 29 18 | 07
#1100-d241 @A: 13 18 08 31 | 05
#1101-d241 @A: 15 13 24 04 | 02
#1102-d241 @A: 13 19 20 14 | 09
#1103-d241 @A: 13 27 19 34 | 04
#1104-d241 @A: 03 12 11 07 | 03
#1105-d241 @A: 03 06 20 24 | 10
#1106-d241 @A: 03 06 34 04 | 01
#1107-d241 @A: 11 02 03 27 | 11
#1108-d241 @A: 03 32 30 27 | 06
#1109-d241 @A: 20 03 26 19 | 08
#1110-d241 @A: 18 02 16 07 | 12
#1111-d241 @A: 20 18 11 07 | 07
#1112-d241 @A: 34 26 24 18 | 05
#1113-d241 @A: 22 18 29 14 | 02
#1114-d241 @A: 02 26 18 04 | 09
#1115-d241 @A: 25 18 15 14 | 04
#1116-d241 @A: 18 15 28 32 | 03
#1117-d241 @A: 18 28 16 27 | 10
#1118-d241 @A: 02 22 32 07 | 01
#1119-d241 @A: 28 27 07 30 | 11
#1120-d241 @A: 14 07 31 15 | 06
#1121-d241 @A: 26 29 24 30 | 08
#1122-d241 @A: 24 04 34 02 | 12
#1123-d241 @A: 34 28 15 24 | 07
#1124-d241 @A: 22 27 26 24 | 05
#1125-d241 @A: 30 24 27 08 | 02
#1126-d241 @A: 25 10 29 12 | 09
#1127-d241 @A: 25 34 29 22 | 04
#1128-d241 @A: 27 31 29 25 | 03
#1129-d241 @A: 10 29 32 08 | 10
#1130-d241 @A: 20 08 14 29 | 01
#1131-d241 @A: 14 19 29 30 | 11
#1132-d241 @A: 30 29 27 34 | 06
#1133-d241 @A: 02 11 15 06 | 08
#1134-d241 @A: 06 11 27 28 | 12
#1135-d241 @A: 34 27 06 12 | 07
#1136-d241 @A: 06 25 08 30 | 05
#1137-d241 @A: 06 16 15 19 | 02
#1138-d241 @A: 19 30 34 06 | 09
#1139-d241 @A: 02 14 20 27 | 04
#1140-d241 @A: 32 14 04 27 | 03
#1141-d241 @A: 30 04 28 19 | 10
#1142-d241 @A: 15 04 22 19 | 01
#1143-d241 @A: 15 04 34 08 | 11
#1144-d241 @A: 11 32 10 15 | 06
#1145-d241 @A: 31 11 20 30 | 08
#1146-d241 @A: 25 15 08 20 | 12
#1147-d241 @A: 32 27 19 08 | 07
#1148-d241 @A: 05 33 19 21 | 05
#1149-d241 @A: 05 01 22 33 | 02
#1150-d241 @A: 05 29 10 33 | 09
#1151-d241 @A: 05 33 16 32 | 04
#1152-d241 @A: 02 20 35 33 | 03
#1153-d241 @A: 21 13 33 30 | 10
#1154-d241 @A: 04 33 11 13 | 01
#1155-d241 @A: 12 33 34 13 | 11
#1156-d241 @A: 03 33 32 24 | 06
#1157-d241 @A: 07 11 34 33 | 08
#1158-d241 @A: 16 33 29 02 | 12
#1159-d241 @A: 08 12 33 29 | 07
#1160-d241 @A: 16 33 06 11 | 05
#1161-d241 @A: 14 33 20 25 | 02
#1162-d241 @A: 25 16 33 22 | 09
#1163-d241 @A: 10 26 33 34 | 04
#1164-d241 @A: 05 13 28 35 | 03
#1165-d241 @A: 02 21 05 16 | 10
#1166-d241 @A: 21 08 30 05 | 01
#1167-d241 @A: 17 11 32 05 | 11
#1168-d241 @A: 32 24 09 05 | 06
#1169-d241 @A: 26 05 18 03 | 08
#1170-d241 @A: 04 05 26 24 | 12
#1171-d241 @A: 05 11 06 10 | 07
#1172-d241 @A: 04 02 05 10 | 05
#1173-d241 @A: 05 02 20 11 | 02
#1174-d241 @A: 05 11 15 25 | 09
#1175-d241 @A: 12 30 34 05 | 04
#1176-d241 @A: 14 32 19 05 | 03
#1177-d241 @A: 28 15 05 10 | 10
#1178-d241 @A: 19 16 05 28 | 01
#1179-d241 @A: 02 10 35 23 | 11
#1180-d241 @A: 35 30 23 15 | 06
#1181-d241 @A: 21 13 14 23 | 08
#1182-d241 @A: 06 21 23 32 | 12
#1183-d241 @A: 17 15 23 02 | 07
#1184-d241 @A: 09 23 24 26 | 05
#1185-d241 @A: 13 10 04 23 | 02
#1186-d241 @A: 23 27 29 07 | 09
#1187-d241 @A: 23 25 07 06 | 04
#1188-d241 @A: 24 06 27 23 | 03
#1189-d241 @A: 23 06 04 28 | 10
#1190-d241 @A: 02 11 23 25 | 01
#1191-d241 @A: 04 32 23 19 | 11
#1192-d241 @A: 23 32 25 31 | 06
#1193-d241 @A: 23 28 14 30 | 08
#1194-d241 @A: 08 22 23 30 | 12
#1195-d241 @A: 16 20 23 34 | 07
#1196-d241 @A: 09 31 35 26 | 05
#1197-d241 @A: 29 35 19 01 | 02
#1198-d241 @A: 35 31 04 01 | 09
#1199-d241 @A: 16 01 11 35 | 04
#1200-d241 @A: 32 13 02 35 | 03
#1201-d241 @A: 35 15 19 13 | 10
#1202-d241 @A: 16 03 35 20 | 01
#1203-d241 @A: 18 02 35 28 | 11
#1204-d241 @A: 35 32 07 24 | 06
#1205-d241 @A: 35 32 10 27 | 08
#1206-d241 @A: 21 18 28 17 | 12
#1207-d241 @A: 09 12 21 11 | 07
#1208-d241 @A: 34 03 30 21 | 05
#1209-d241 @A: 18 08 21 16 | 02
#1210-d241 @A: 29 24 21 20 | 09
#1211-d241 @A: 06 10 29 21 | 04
#1212-d241 @A: 29 14 21 16 | 03
#1213-d241 @A: 15 12 06 21 | 10
#1214-d241 @A: 11 08 10 21 | 01
#1215-d241 @A: 21 14 27 08 | 11
#1216-d241 @A: 10 09 04 17 | 06
#1217-d241 @A: 03 17 26 13 | 08
#1218-d241 @A: 17 04 28 29 | 12
#1219-d241 @A: 25 22 28 17 | 07
#1220-d241 @A: 10 12 09 01 | 05
#1221-d241 @A: 13 03 31 09 | 02
#1222-d241 @A: 09 26 03 07 | 09
#1223-d241 @A: 28 19 18 09 | 04
#1224-d241 @A: 09 07 16 04 | 03
#1225-d241 @A: 02 28 09 06 | 10
#1226-d241 @A: 30 09 20 06 | 01
#1227-d241 @A: 09 16 11 02 | 11
#1228-d241 @A: 12 09 27 26 | 06
#1229-d241 @A: 25 09 32 20 | 08
#1230-d241 @A: 16 26 09 20 | 12
#1231-d241 @A: 29 01 24 03 | 07
#1232-d241 @A: 03 10 02 01 | 05
#1233-d241 @A: 19 03 16 01 | 02
#1234-d241 @A: 01 07 15 11 | 09
#1235-d241 @A: 24 31 01 12 | 04
#1236-d241 @A: 01 34 25 24 | 03
#1237-d241 @A: 02 26 06 01 | 10
#1238-d241 @A: 01 12 26 28 | 01
#1239-d241 @A: 01 32 25 27 | 11
#1240-d241 @A: 26 32 01 08 | 06
#1241-d241 @A: 10 19 20 01 | 08
#1242-d241 @A: 27 14 01 15 | 12
#1243-d241 @A: 01 14 16 20 | 07
#1244-d241 @A: 01 15 30 20 | 05
#1245-d241 @A: 22 34 01 31 | 02
#1246-d241 @A: 03 13 02 16 | 09
#1247-d241 @A: 22 18 13 04 | 04
#1248-d241 @A: 13 07 20 24 | 03
#1249-d241 @A: 29 13 22 24 | 10
#1250-d241 @A: 13 06 24 31 | 01
#1251-d241 @A: 13 11 15 29 | 11
#1252-d241 @A: 16 13 29 28 | 06
#1253-d241 @A: 19 13 25 22 | 08
#1254-d241 @A: 18 34 11 03 | 12
#1255-d241 @A: 19 03 18 25 | 07
#1256-d241 @A: 03 07 04 20 | 05
#1257-d241 @A: 03 29 30 25 | 02
#1258-d241 @A: 15 03 08 12 | 09
#1259-d241 @A: 03 32 10 22 | 04
#1260-d241 @A: 03 14 08 32 | 03
#1261-d241 @A: 32 15 03 34 | 10
#1262-d241 @A: 03 31 10 15 | 01
#1263-d241 @A: 31 03 27 34 | 11
#1264-d241 @A: 18 27 29 24 | 06
#1265-d241 @A: 18 08 22 29 | 08
#1266-d241 @A: 18 31 28 22 | 12
#1267-d241 @A: 18 10 19 34 | 07
#1268-d241 @A: 10 18 16 26 | 05
#1269-d241 @A: 10 31 20 18 | 02
#1270-d241 @A: 15 30 31 18 | 09
#1271-d241 @A: 07 24 06 10 | 04
#1272-d241 @A: 24 11 07 30 | 03
#1273-d241 @A: 11 07 02 28 | 10
#1274-d241 @A: 07 26 10 31 | 01
#1275-d241 @A: 34 22 07 15 | 11
#1276-d241 @A: 30 07 15 16 | 06
#1277-d241 @A: 07 30 08 20 | 08
#1278-d241 @A: 02 29 24 32 | 12
#1279-d241 @A: 32 26 20 24 | 07
#1280-d241 @A: 19 24 16 30 | 05
#1281-d241 @A: 12 29 19 34 | 02
#1282-d241 @A: 19 26 22 29 | 09
#1283-d241 @A: 20 29 26 31 | 04
#1284-d241 @A: 25 06 28 12 | 03
#1285-d241 @A: 15 25 06 27 | 10
#1286-d241 @A: 06 32 16 14 | 01
#1287-d241 @A: 06 32 27 26 | 11
#1288-d241 @A: 20 06 19 32 | 06
#1289-d241 @A: 08 26 06 10 | 08
#1290-d241 @A: 28 02 14 32 | 12
#1291-d241 @A: 16 31 15 02 | 07
#1292-d241 @A: 12 04 08 25 | 05
#1293-d241 @A: 12 22 11 28 | 02
#1294-d241 @A: 26 16 28 11 | 09
#1295-d241 @A: 19 30 15 11 | 04
#1296-d241 @A: 19 11 34 22 | 03
#1297-d241 @A: 08 27 12 26 | 10
#1298-d241 @A: 12 02 33 05 | 01
#1299-d241 @A: 23 21 34 33 | 11
#1300-d241 @A: 03 23 10 33 | 06
#1301-d241 @A: 35 33 24 19 | 08
#1302-d241 @A: 35 06 22 33 | 12
#1303-d241 @A: 07 26 21 33 | 07
#1304-d241 @A: 33 31 32 17 | 05
#1305-d241 @A: 09 03 33 16 | 02
#1306-d241 @A: 12 09 18 33 | 09
#1307-d241 @A: 08 09 07 33 | 04
#1308-d241 @A: 33 20 09 04 | 03
#1309-d241 @A: 02 01 33 34 | 10
#1310-d241 @A: 33 22 03 07 | 01
#1311-d241 @A: 33 03 28 31 | 11
#1312-d241 @A: 08 33 18 11 | 06
#1313-d241 @A: 24 29 33 15 | 08
#1314-d241 @A: 22 33 11 29 | 12
#1315-d241 @A: 33 02 31 19 | 07
#1316-d241 @A: 25 10 19 33 | 05
#1317-d241 @A: 14 33 32 10 | 02
#1318-d241 @A: 30 32 19 33 | 09
#1319-d241 @A: 30 14 33 16 | 04
#1320-d241 @A: 34 33 16 15 | 03
#1321-d241 @A: 26 33 30 15 | 10
#1322-d241 @A: 33 22 30 27 | 01
#1323-d241 @A: 23 28 01 05 | 11
#1324-d241 @A: 03 22 05 23 | 06
#1325-d241 @A: 01 35 05 02 | 08
#1326-d241 @A: 18 05 32 35 | 12
#1327-d241 @A: 34 21 05 11 | 07
#1328-d241 @A: 17 04 05 08 | 05
#1329-d241 @A: 27 06 05 09 | 02
#1330-d241 @A: 05 01 03 20 | 09
#1331-d241 @A: 30 13 19 05 | 04
#1332-d241 @A: 07 12 24 05 | 03
#1333-d241 @A: 24 08 22 05 | 10
#1334-d241 @A: 19 26 05 02 | 01
#1335-d241 @A: 05 16 12 20 | 11
#1336-d241 @A: 27 05 14 10 | 06
#1337-d241 @A: 23 08 35 03 | 08
#1338-d241 @A: 23 20 17 21 | 12
#1339-d241 @A: 17 23 09 32 | 07
#1340-d241 @A: 25 13 23 09 | 05
#1341-d241 @A: 18 01 20 23 | 02
#1342-d241 @A: 29 23 06 01 | 09
#1343-d241 @A: 30 03 02 23 | 04
#1344-d241 @A: 29 24 19 23 | 03
#1345-d241 @A: 23 02 24 22 | 10
#1346-d241 @A: 24 15 23 11 | 01
#1347-d241 @A: 20 23 02 08 | 11
#1348-d241 @A: 22 28 23 20 | 06
#1349-d241 @A: 09 12 35 04 | 08
#1350-d241 @A: 13 35 34 29 | 12
#1351-d241 @A: 35 03 24 26 | 07
#1352-d241 @A: 02 29 14 35 | 05
#1353-d241 @A: 19 04 02 35 | 02
#1354-d241 @A: 28 35 11 10 | 09
#1355-d241 @A: 28 35 20 19 | 04
#1356-d241 @A: 27 35 22 19 | 03
#1357-d241 @A: 17 26 21 24 | 10
#1358-d241 @A: 21 03 31 18 | 01
#1359-d241 @A: 03 21 11 04 | 11
#1360-d241 @A: 18 21 06 22 | 06
#1361-d241 @A: 18 32 21 11 | 08
#1362-d241 @A: 25 02 21 24 | 12
#1363-d241 @A: 11 21 30 06 | 07
#1364-d241 @A: 12 21 10 30 | 05
#1365-d241 @A: 16 30 27 21 | 02
#1366-d241 @A: 31 17 29 13 | 09
#1367-d241 @A: 17 11 13 28 | 04
#1368-d241 @A: 11 20 17 03 | 03
#1369-d241 @A: 17 32 18 29 | 10
#1370-d241 @A: 17 29 20 02 | 01
#1371-d241 @A: 17 06 04 31 | 11
#1372-d241 @A: 17 02 10 32 | 06
#1373-d241 @A: 32 12 17 15 | 08
#1374-d241 @A: 12 17 20 26 | 12
#1375-d241 @A: 32 17 30 08 | 07
#1376-d241 @A: 17 15 27 22 | 05
#1377-d241 @A: 20 09 07 01 | 02
#1378-d241 @A: 09 16 29 01 | 09
#1379-d241 @A: 09 01 04 34 | 04
#1380-d241 @A: 13 28 22 09 | 03
#1381-d241 @A: 09 18 24 10 | 10
#1382-d241 @A: 10 08 09 18 | 01
#1383-d241 @A: 31 24 11 09 | 11
#1384-d241 @A: 32 14 09 31 | 06
#1385-d241 @A: 16 27 19 09 | 08
#1386-d241 @A: 13 10 25 01 | 12
#1387-d241 @A: 15 28 01 03 | 07
#1388-d241 @A: 28 34 29 01 | 05
#1389-d241 @A: 01 15 26 25 | 02
#1390-d241 @A: 01 28 32 20 | 09
#1391-d241 @A: 22 14 01 30 | 04
#1392-d241 @A: 26 27 20 01 | 03
#1393-d241 @A: 13 28 04 03 | 10
#1394-d241 @A: 02 13 29 19 | 01
#1395-d241 @A: 13 02 28 25 | 11
#1396-d241 @A: 28 12 19 13 | 06
#1397-d241 @A: 12 13 14 31 | 08
#1398-d241 @A: 32 13 22 14 | 12
#1399-d241 @A: 27 10 15 13 | 07
#1400-d241 @A: 03 06 28 07 | 05
#1401-d241 @A: 25 10 16 03 | 02
#1402-d241 @A: 31 30 03 08 | 09
#1403-d241 @A: 07 19 29 18 | 04
#1404-d241 @A: 27 18 06 07 | 03
#1405-d241 @A: 12 29 11 18 | 10
#1406-d241 @A: 08 18 06 02 | 01
#1407-d241 @A: 14 12 18 30 | 11
#1408-d241 @A: 18 31 27 14 | 06
#1409-d241 @A: 07 14 04 29 | 08
#1410-d241 @A: 26 02 07 20 | 12
#1411-d241 @A: 12 31 07 30 | 07
#1412-d241 @A: 07 31 22 27 | 05
#1413-d241 @A: 26 07 34 27 | 02
#1414-d241 @A: 19 06 24 04 | 09
#1415-d241 @A: 08 24 04 28 | 04
#1416-d241 @A: 10 24 04 20 | 03
#1417-d241 @A: 28 32 22 24 | 10
#1418-d241 @A: 20 19 04 29 | 01
#1419-d241 @A: 10 28 19 29 | 11
#1420-d241 @A: 15 29 26 14 | 06
#1421-d241 @A: 20 16 30 29 | 08
#1422-d241 @A: 10 25 06 22 | 12
#1423-d241 @A: 06 27 10 20 | 07
#1424-d241 @A: 22 34 06 16 | 05
#1425-d241 @A: 30 02 04 16 | 02
#1426-d241 @A: 26 04 10 11 | 09
#1427-d241 @A: 14 04 20 12 | 04
#1428-d241 @A: 30 22 34 04 | 03
#1429-d241 @A: 25 30 11 32 | 10
#1430-d241 @A: 31 28 11 14 | 01
#1431-d241 @A: 32 28 08 16 | 11
#1432-d241 @A: 07 33 18 05 | 06
#1433-d241 @A: 35 33 28 07 | 08
#1434-d241 @A: 28 33 29 21 | 12
#1435-d241 @A: 24 10 33 01 | 07
#1436-d241 @A: 01 08 10 33 | 05
#1437-d241 @A: 33 19 03 04 | 02
#1438-d241 @A: 33 28 08 03 | 09
#1439-d241 @A: 33 18 11 10 | 04
#1440-d241 @A: 32 33 28 12 | 03
#1441-d241 @A: 23 18 19 05 | 10
#1442-d241 @A: 05 21 14 09 | 01
#1443-d241 @A: 05 30 24 21 | 11
#1444-d241 @A: 05 01 15 13 | 06
#1445-d241 @A: 05 13 16 26 | 08
#1446-d241 @A: 03 27 16 05 | 12
#1447-d241 @A: 05 03 19 08 | 07
#1448-d241 @A: 12 05 06 18 | 05
#1449-d241 @A: 07 15 05 29 | 02
#1450-d241 @A: 29 34 04 05 | 09
#1451-d241 @A: 05 28 29 11 | 04
#1452-d241 @A: 06 30 04 05 | 03
#1453-d241 @A: 08 34 02 05 | 10
#1454-d241 @A: 16 05 25 30 | 01
#1455-d241 @A: 23 21 32 08 | 11
#1456-d241 @A: 17 16 23 10 | 06
#1457-d241 @A: 23 09 29 15 | 08
#1458-d241 @A: 23 06 09 22 | 12
#1459-d241 @A: 31 23 01 30 | 07
#1460-d241 @A: 15 03 23 13 | 05
#1461-d241 @A: 06 26 23 18 | 02
#1462-d241 @A: 08 19 07 23 | 09
#1463-d241 @A: 10 08 23 24 | 04
#1464-d241 @A: 24 34 30 23 | 03
#1465-d241 @A: 20 02 23 04 | 10
#1466-d241 @A: 28 23 26 19 | 01
#1467-d241 @A: 23 15 31 27 | 11
#1468-d241 @A: 19 16 23 22 | 06
#1469-d241 @A: 13 30 17 35 | 08
#1470-d241 @A: 02 35 17 16 | 12
#1471-d241 @A: 11 09 20 35 | 07
#1472-d241 @A: 18 35 07 22 | 05
#1473-d241 @A: 18 16 35 06 | 02
#1474-d241 @A: 35 12 08 24 | 09
#1475-d241 @A: 35 32 04 29 | 04
#1476-d241 @A: 16 10 12 35 | 03
#1477-d241 @A: 12 30 35 20 | 10
#1478-d241 @A: 08 31 35 15 | 01
#1479-d241 @A: 20 27 15 35 | 11
#1480-d241 @A: 21 17 07 06 | 06
#1481-d241 @A: 21 11 19 17 | 08
#1482-d241 @A: 19 04 21 09 | 12
#1483-d241 @A: 26 29 21 18 | 07
#1484-d241 @A: 04 06 21 16 | 05
#1485-d241 @A: 21 02 12 08 | 02
#1486-d241 @A: 15 32 21 30 | 09
#1487-d241 @A: 30 21 22 28 | 04
#1488-d241 @A: 21 28 20 26 | 03
#1489-d241 @A: 34 21 19 16 | 10
#1490-d241 @A: 16 09 17 06 | 01
#1491-d241 @A: 03 17 18 10 | 11
#1492-d241 @A: 30 29 07 17 | 06
#1493-d241 @A: 07 02 31 17 | 08
#1494-d241 @A: 08 06 22 17 | 12
#1495-d241 @A: 17 14 11 08 | 07
#1496-d241 @A: 17 28 32 30 | 05
#1497-d241 @A: 17 14 22 20 | 02
#1498-d241 @A: 30 28 09 01 | 09
#1499-d241 @A: 13 19 10 09 | 04
#1500-d241 @A: 09 11 15 14 | 03
#1501-d241 @A: 09 08 27 22 | 10
#1502-d241 @A: 13 34 03 01 | 01
#1503-d241 @A: 22 01 13 07 | 11
#1504-d241 @A: 18 01 28 07 | 06
#1505-d241 @A: 01 24 30 18 | 08
#1506-d241 @A: 19 18 04 01 | 12
#1507-d241 @A: 12 01 11 06 | 07
#1508-d241 @A: 25 08 01 02 | 05
#1509-d241 @A: 12 34 20 01 | 02
#1510-d241 @A: 01 32 26 10 | 09
#1511-d241 @A: 16 01 22 15 | 04
#1512-d241 @A: 13 03 24 19 | 03
#1513-d241 @A: 11 13 03 25 | 10
#1514-d241 @A: 13 06 29 14 | 01
#1515-d241 @A: 10 13 30 29 | 11
#1516-d241 @A: 22 13 20 12 | 06
#1517-d241 @A: 20 31 13 15 | 08
#1518-d241 @A: 03 24 07 34 | 12
#1519-d241 @A: 03 02 08 22 | 07
#1520-d241 @A: 15 03 27 12 | 05
#1521-d241 @A: 03 31 19 30 | 02
#1522-d241 @A: 07 08 27 18 | 09
#1523-d241 @A: 06 10 18 02 | 04
#1524-d241 @A: 12 15 34 18 | 03
#1525-d241 @A: 18 31 19 12 | 10
#1526-d241 @A: 20 25 27 18 | 01
#1527-d241 @A: 19 15 18 27 | 11
#1528-d241 @A: 14 02 07 24 | 06
#1529-d241 @A: 07 31 34 04 | 08
#1530-d241 @A: 25 07 34 16 | 12
#1531-d241 @A: 14 26 07 22 | 07
#1532-d241 @A: 16 24 04 29 | 05
#1533-d241 @A: 11 24 02 26 | 02
#1534-d241 @A: 30 24 14 20 | 09
#1535-d241 @A: 02 34 26 29 | 04
#1536-d241 @A: 14 25 32 29 | 03
#1537-d241 @A: 15 25 19 29 | 10
#1538-d241 @A: 32 28 29 26 | 01
#1539-d241 @A: 29 32 15 22 | 11
#1540-d241 @A: 14 20 34 29 | 06
#1541-d241 @A: 14 19 06 12 | 08
#1542-d241 @A: 25 26 06 30 | 12
#1543-d241 @A: 32 06 10 28 | 07
#1544-d241 @A: 08 06 16 14 | 05
#1545-d241 @A: 04 14 02 08 | 02
#1546-d241 @A: 10 20 25 02 | 09
#1547-d241 @A: 27 26 02 25 | 04
#1548-d241 @A: 10 27 16 02 | 03
#1549-d241 @A: 34 14 15 02 | 10
#1550-d241 @A: 15 19 02 08 | 01
#1551-d241 @A: 11 30 04 14 | 11
#1552-d241 @A: 30 20 04 32 | 06
#1553-d241 @A: 34 28 04 26 | 08
#1554-d241 @A: 22 31 04 10 | 12
#1555-d241 @A: 34 20 15 04 | 07
#1556-d241 @A: 30 04 26 31 | 05
#1557-d241 @A: 11 27 15 34 | 02
#1558-d241 @A: 21 33 16 35 | 09
#1559-d241 @A: 34 35 33 08 | 04
#1560-d241 @A: 01 27 21 33 | 03
#1561-d241 @A: 03 33 17 25 | 10
#1562-d241 @A: 33 17 27 06 | 01
#1563-d241 @A: 33 22 19 18 | 11
#1564-d241 @A: 19 33 06 07 | 06
#1565-d241 @A: 15 32 06 33 | 08
#1566-d241 @A: 33 20 32 08 | 12
#1567-d241 @A: 19 34 33 28 | 07
#1568-d241 @A: 07 05 23 26 | 05
#1569-d241 @A: 05 09 35 16 | 02
#1570-d241 @A: 04 05 22 21 | 09
#1571-d241 @A: 17 02 25 05 | 04
#1572-d241 @A: 05 01 24 19 | 03
#1573-d241 @A: 24 14 05 13 | 10
#1574-d241 @A: 03 05 31 24 | 01
#1575-d241 @A: 32 08 05 18 | 11
#1576-d241 @A: 06 05 32 34 | 06
#1577-d241 @A: 32 27 05 02 | 08
#1578-d241 @A: 12 10 19 05 | 12
#1579-d241 @A: 14 25 34 05 | 07
#1580-d241 @A: 05 34 31 16 | 05
#1581-d241 @A: 17 26 23 35 | 02
#1582-d241 @A: 25 17 29 23 | 09
#1583-d241 @A: 23 27 01 13 | 04
#1584-d241 @A: 01 32 23 24 | 03
#1585-d241 @A: 13 23 07 16 | 10
#1586-d241 @A: 07 23 15 18 | 01
#1587-d241 @A: 29 18 23 16 | 11
#1588-d241 @A: 18 02 23 32 | 06
#1589-d241 @A: 25 23 18 10 | 08
#1590-d241 @A: 24 25 23 04 | 12
#1591-d241 @A: 31 06 23 10 | 07
#1592-d241 @A: 12 23 28 31 | 05
#1593-d241 @A: 14 23 12 10 | 02
#1594-d241 @A: 23 20 25 15 | 09
#1595-d241 @A: 19 10 23 15 | 04
#1596-d241 @A: 23 27 14 26 | 03
#1597-d241 @A: 08 14 23 31 | 10
#1598-d241 @A: 21 35 24 10 | 01
#1599-d241 @A: 21 22 35 25 | 11
#1600-d241 @A: 01 35 17 20 | 06
#1601-d241 @A: 10 17 08 35 | 08
#1602-d241 @A: 01 09 35 13 | 12
#1603-d241 @A: 07 01 26 35 | 07
#1604-d241 @A: 02 03 35 22 | 05
#1605-d241 @A: 16 34 24 35 | 02
#1606-d241 @A: 15 32 16 35 | 09
#1607-d241 @A: 35 31 20 14 | 04
#1608-d241 @A: 34 26 30 35 | 03
#1609-d241 @A: 10 09 07 21 | 10
#1610-d241 @A: 31 21 27 09 | 01
#1611-d241 @A: 01 06 24 21 | 11
#1612-d241 @A: 11 21 26 01 | 06
#1613-d241 @A: 34 21 07 18 | 08
#1614-d241 @A: 24 21 31 04 | 12
#1615-d241 @A: 29 21 30 31 | 07
#1616-d241 @A: 32 02 21 34 | 05
#1617-d241 @A: 04 21 08 22 | 02
#1618-d241 @A: 10 21 14 34 | 09
#1619-d241 @A: 20 21 22 19 | 04
#1620-d241 @A: 18 17 25 26 | 03
#1621-d241 @A: 02 17 28 26 | 10
#1622-d241 @A: 17 14 25 12 | 01
#1623-d241 @A: 12 17 31 34 | 11
#1624-d241 @A: 22 32 17 34 | 06
#1625-d241 @A: 26 30 10 17 | 08
#1626-d241 @A: 01 09 03 27 | 12
#1627-d241 @A: 02 22 09 01 | 07
#1628-d241 @A: 32 04 13 09 | 05
#1629-d241 @A: 09 20 13 27 | 02
#1630-d241 @A: 06 14 07 09 | 09
#1631-d241 @A: 07 15 02 09 | 04
#1632-d241 @A: 32 09 07 12 | 03
#1633-d241 @A: 09 25 06 24 | 10
#1634-d241 @A: 26 04 06 09 | 01
#1635-d241 @A: 12 14 28 09 | 11
#1636-d241 @A: 09 25 34 27 | 06
#1637-d241 @A: 09 10 20 14 | 08
#1638-d241 @A: 14 27 22 09 | 12
#1639-d241 @A: 34 14 09 30 | 07
#1640-d241 @A: 12 01 29 13 | 05
#1641-d241 @A: 20 01 02 13 | 02
#1642-d241 @A: 06 07 31 01 | 09
#1643-d241 @A: 15 10 01 29 | 04
#1644-d241 @A: 01 26 22 04 | 03
#1645-d241 @A: 19 11 01 08 | 10
#1646-d241 @A: 12 27 01 30 | 01
#1647-d241 @A: 31 16 01 28 | 11
#1648-d241 @A: 01 08 22 20 | 06
#1649-d241 @A: 16 08 13 03 | 08
#1650-d241 @A: 07 13 10 11 | 12
#1651-d241 @A: 14 02 13 11 | 07
#1652-d241 @A: 34 25 13 15 | 05
#1653-d241 @A: 16 25 31 13 | 02
#1654-d241 @A: 32 19 31 13 | 09
#1655-d241 @A: 14 28 27 13 | 04
#1656-d241 @A: 34 08 13 30 | 03
#1657-d241 @A: 07 18 03 30 | 10
#1658-d241 @A: 24 03 10 11 | 01
#1659-d241 @A: 29 16 03 34 | 11
#1660-d241 @A: 02 06 03 19 | 06
#1661-d241 @A: 15 06 03 30 | 08
#1662-d241 @A: 26 03 14 34 | 12
#1663-d241 @A: 26 03 20 08 | 07
#1664-d241 @A: 18 15 29 02 | 05
#1665-d241 @A: 04 06 18 20 | 02
#1666-d241 @A: 30 11 18 16 | 09
#1667-d241 @A: 28 18 14 26 | 04
#1668-d241 @A: 18 10 14 08 | 03
#1669-d241 @A: 18 08 20 34 | 10
#1670-d241 @A: 24 07 08 26 | 01
#1671-d241 @A: 11 26 07 29 | 11
#1672-d241 @A: 12 29 07 28 | 06
#1673-d241 @A: 29 08 07 31 | 08
#1674-d241 @A: 34 02 07 06 | 12
#1675-d241 @A: 15 32 27 07 | 07
#1676-d241 @A: 20 16 07 10 | 05
#1677-d241 @A: 08 06 24 25 | 02
#1678-d241 @A: 24 20 12 25 | 09
#1679-d241 @A: 10 30 24 25 | 04
#1680-d241 @A: 22 25 31 24 | 03
#1681-d241 @A: 06 25 16 29 | 10
#1682-d241 @A: 10 02 29 11 | 01
#1683-d241 @A: 32 15 08 02 | 11
#1684-d241 @A: 27 02 31 28 | 06
#1685-d241 @A: 02 22 34 10 | 08
#1686-d241 @A: 25 30 27 04 | 12
#1687-d241 @A: 32 16 04 34 | 07
#1688-d241 @A: 19 14 11 10 | 05
#1689-d241 @A: 22 11 31 15 | 02
