#0001-d246 @A: 22 11 24 10 | 06
#0002-d246 @A: 24 29 11 04 | 04
#0003-d246 @A: 19 11 22 31 | 10
#0004-d246 @A: 11 34 19 32 | 09
#0005-d246 @A: 15 19 14 11 | 01
#0006-d246 @A: 15 11 01 13 | 11
#0007-d246 @A: 29 11 05 13 | 03
#0008-d246 @A: 35 11 04 02 | 02
#0009-d246 @A: 11 22 12 30 | 12
#0010-d246 @A: 14 03 11 06 | 08
#0011-d246 @A: 18 11 02 14 | 07
#0012-d246 @A: 02 11 23 06 | 05
#0013-d246 @A: 05 28 34 11 | 06
#0014-d246 @A: 08 20 32 07 | 04
#0015-d246 @A: 09 08 07 06 | 10
#0016-d246 @A: 26 27 24 08 | 09
#0017-d246 @A: 20 19 08 09 | 01
#0018-d246 @A: 13 20 08 12 | 11
#0019-d246 @A: 34 08 13 14 | 03
#0020-d246 @A: 08 21 05 35 | 02
#0021-d246 @A: 35 17 03 08 | 12
#0022-d246 @A: 02 14 08 35 | 08
#0023-d246 @A: 25 08 06 35 | 07
#0024-d246 @A: 08 21 15 30 | 05
#0025-d246 @A: 23 18 08 01 | 06
#0026-d246 @A: 08 06 29 05 | 04
#0027-d246 @A: 17 08 25 33 | 10
#0028-d246 @A: 10 12 24 07 | 09
#0029-d246 @A: 26 19 09 07 | 01
#0030-d246 @A: 18 07 35 31 | 11
#0031-d246 @A: 07 31 30 01 | 03
#0032-d246 @A: 31 15 07 26 | 02
#0033-d246 @A: 32 35 07 02 | 12
#0034-d246 @A: 01 06 07 35 | 08
#0035-d246 @A: 07 23 10 21 | 07
#0036-d246 @A: 32 05 07 18 | 05
#0037-d246 @A: 07 18 01 03 | 06
#0038-d246 @A: 07 16 29 14 | 04
#0039-d246 @A: 07 33 23 26 | 10
#0040-d246 @A: 22 29 24 31 | 09
#0041-d246 @A: 10 24 31 14 | 01
#0042-d246 @A: 21 06 10 24 | 11
#0043-d246 @A: 32 24 14 25 | 03
#0044-d246 @A: 34 16 24 22 | 02
#0045-d246 @A: 29 24 25 16 | 12
#0046-d246 @A: 24 09 22 20 | 08
#0047-d246 @A: 28 24 14 29 | 07
#0048-d246 @A: 34 24 28 15 | 05
#0049-d246 @A: 28 10 24 17 | 06
#0050-d246 @A: 30 34 33 24 | 04
#0051-d246 @A: 04 24 26 34 | 10
#0052-d246 @A: 19 27 30 32 | 09
#0053-d246 @A: 20 27 14 19 | 01
#0054-d246 @A: 27 22 31 25 | 11
#0055-d246 @A: 06 35 14 27 | 03
#0056-d246 @A: 18 28 35 27 | 02
#0057-d246 @A: 27 20 35 29 | 12
#0058-d246 @A: 17 01 12 27 | 08
#0059-d246 @A: 04 27 33 16 | 07
#0060-d246 @A: 03 27 15 14 | 05
#0061-d246 @A: 09 33 27 22 | 06
#0062-d246 @A: 13 03 19 30 | 04
#0063-d246 @A: 19 21 29 18 | 10
#0064-d246 @A: 19 05 28 22 | 09
#0065-d246 @A: 19 04 02 29 | 01
#0066-d246 @A: 04 19 18 05 | 11
#0067-d246 @A: 23 15 19 18 | 03
#0068-d246 @A: 34 19 05 30 | 02
#0069-d246 @A: 23 19 25 29 | 12
#0070-d246 @A: 06 31 35 12 | 08
#0071-d246 @A: 05 12 31 32 | 07
#0072-d246 @A: 32 28 31 26 | 05
#0073-d246 @A: 31 02 23 18 | 06
#0074-d246 @A: 30 34 29 31 | 04
#0075-d246 @A: 25 34 20 31 | 10
#0076-d246 @A: 33 31 04 23 | 09
#0077-d246 @A: 17 01 35 13 | 01
#0078-d246 @A: 32 14 13 18 | 11
#0079-d246 @A: 13 23 01 03 | 03
#0080-d246 @A: 14 13 16 10 | 02
#0081-d246 @A: 13 23 22 14 | 12
#0082-d246 @A: 33 34 26 13 | 08
#0083-d246 @A: 13 04 23 17 | 07
#0084-d246 @A: 32 35 09 17 | 05
#0085-d246 @A: 35 29 34 12 | 06
#0086-d246 @A: 09 35 18 03 | 04
#0087-d246 @A: 06 26 35 17 | 10
#0088-d246 @A: 32 21 09 26 | 09
#0089-d246 @A: 01 14 02 21 | 01
#0090-d246 @A: 21 09 12 17 | 11
#0091-d246 @A: 26 21 02 33 | 03
#0092-d246 @A: 05 21 10 30 | 02
#0093-d246 @A: 05 04 21 29 | 12
#0094-d246 @A: 20 21 34 33 | 08
#0095-d246 @A: 02 01 25 32 | 07
#0096-d246 @A: 32 17 34 16 | 05
#0097-d246 @A: 14 22 32 20 | 06
#0098-d246 @A: 32 14 15 06 | 04
#0099-d246 @A: 30 05 32 02 | 10
#0100-d246 @A: 34 32 33 18 | 09
#0101-d246 @A: 30 23 17 32 | 01
#0102-d246 @A: 34 32 04 06 | 11
#0103-d246 @A: 14 12 01 15 | 03
#0104-d246 @A: 10 01 22 25 | 02
#0105-d246 @A: 29 34 01 04 | 12
#0106-d246 @A: 12 28 33 18 | 08
#0107-d246 @A: 12 04 20 34 | 07
#0108-d246 @A: 17 15 33 12 | 05
#0109-d246 @A: 26 12 17 25 | 06
#0110-d246 @A: 20 12 23 29 | 04
#0111-d246 @A: 18 16 23 26 | 10
#0112-d246 @A: 16 23 05 34 | 09
#0113-d246 @A: 03 22 28 09 | 01
#0114-d246 @A: 02 03 29 10 | 11
#0115-d246 @A: 20 03 17 30 | 03
#0116-d246 @A: 04 06 03 17 | 02
#0117-d246 @A: 34 30 22 28 | 12
#0118-d246 @A: 30 09 02 33 | 08
#0119-d246 @A: 28 17 18 09 | 07
#0120-d246 @A: 23 05 17 09 | 05
#0121-d246 @A: 09 34 25 06 | 06
#0122-d246 @A: 14 02 25 33 | 04
#0123-d246 @A: 25 14 18 04 | 10
#0124-d246 @A: 28 14 33 05 | 09
#0125-d246 @A: 04 28 14 10 | 01
#0126-d246 @A: 29 30 14 15 | 11
#0127-d246 @A: 33 17 23 14 | 03
#0128-d246 @A: 14 04 33 26 | 02
#0129-d246 @A: 06 10 30 29 | 12
#0130-d246 @A: 29 05 17 33 | 08
#0131-d246 @A: 11 33 08 24 | 07
#0132-d246 @A: 08 34 11 30 | 05
#0133-d246 @A: 19 30 11 07 | 06
#0134-d246 @A: 11 19 05 24 | 04
#0135-d246 @A: 15 21 24 11 | 10
#0136-d246 @A: 11 19 21 18 | 09
#0137-d246 @A: 26 11 19 03 | 01
#0138-d246 @A: 35 33 11 31 | 11
#0139-d246 @A: 31 28 11 17 | 03
#0140-d246 @A: 14 13 30 11 | 02
#0141-d246 @A: 21 11 16 26 | 12
#0142-d246 @A: 21 22 25 11 | 08
#0143-d246 @A: 04 14 01 11 | 07
#0144-d246 @A: 11 26 34 01 | 05
#0145-d246 @A: 03 04 12 11 | 06
#0146-d246 @A: 26 11 15 17 | 04
#0147-d246 @A: 23 10 26 11 | 10
#0148-d246 @A: 08 12 19 24 | 09
#0149-d246 @A: 28 24 32 08 | 01
#0150-d246 @A: 06 22 27 08 | 11
#0151-d246 @A: 32 06 08 19 | 03
#0152-d246 @A: 19 08 01 34 | 02
#0153-d246 @A: 08 35 31 01 | 12
#0154-d246 @A: 16 20 08 31 | 08
#0155-d246 @A: 26 08 31 03 | 07
#0156-d246 @A: 08 29 31 02 | 05
#0157-d246 @A: 21 10 13 08 | 06
#0158-d246 @A: 08 09 34 21 | 04
#0159-d246 @A: 03 08 32 02 | 10
#0160-d246 @A: 25 08 10 04 | 09
#0161-d246 @A: 04 06 08 23 | 01
#0162-d246 @A: 29 07 35 03 | 11
#0163-d246 @A: 07 20 01 21 | 03
#0164-d246 @A: 21 07 16 28 | 02
#0165-d246 @A: 07 02 10 01 | 12
#0166-d246 @A: 29 05 12 07 | 08
#0167-d246 @A: 07 04 15 12 | 07
#0168-d246 @A: 07 05 16 04 | 05
#0169-d246 @A: 22 07 04 26 | 06
#0170-d246 @A: 24 02 32 27 | 04
#0171-d246 @A: 18 17 24 27 | 10
#0172-d246 @A: 24 18 31 22 | 09
#0173-d246 @A: 01 25 13 24 | 01
#0174-d246 @A: 35 17 24 14 | 11
#0175-d246 @A: 35 20 33 24 | 03
#0176-d246 @A: 16 32 10 24 | 02
#0177-d246 @A: 23 33 12 24 | 12
#0178-d246 @A: 17 02 33 24 | 08
#0179-d246 @A: 26 06 25 24 | 07
#0180-d246 @A: 19 09 27 18 | 05
#0181-d246 @A: 31 27 35 16 | 06
#0182-d246 @A: 03 27 12 13 | 04
#0183-d246 @A: 17 16 27 13 | 10
#0184-d246 @A: 34 27 02 21 | 09
#0185-d246 @A: 23 27 04 29 | 01
#0186-d246 @A: 13 19 28 35 | 11
#0187-d246 @A: 35 03 33 19 | 03
#0188-d246 @A: 30 35 14 19 | 02
#0189-d246 @A: 19 10 21 14 | 12
#0190-d246 @A: 19 12 30 06 | 08
#0191-d246 @A: 14 19 06 16 | 07
#0192-d246 @A: 34 09 33 19 | 05
#0193-d246 @A: 19 02 06 15 | 06
#0194-d246 @A: 19 18 28 20 | 04
#0195-d246 @A: 06 28 19 26 | 10
#0196-d246 @A: 20 25 19 33 | 09
#0197-d246 @A: 31 05 02 13 | 01
#0198-d246 @A: 31 32 35 04 | 11
#0199-d246 @A: 31 03 35 02 | 03
#0200-d246 @A: 31 35 25 14 | 02
#0201-d246 @A: 32 21 17 31 | 12
#0202-d246 @A: 31 10 16 21 | 08
#0203-d246 @A: 09 31 14 32 | 07
#0204-d246 @A: 01 09 31 06 | 05
#0205-d246 @A: 31 25 29 09 | 06
#0206-d246 @A: 28 04 25 31 | 04
#0207-d246 @A: 04 28 29 31 | 10
#0208-d246 @A: 17 20 31 23 | 09
#0209-d246 @A: 21 04 13 35 | 01
#0210-d246 @A: 09 13 15 35 | 11
#0211-d246 @A: 35 14 20 13 | 03
#0212-d246 @A: 17 03 13 21 | 02
#0213-d246 @A: 04 12 18 13 | 12
#0214-d246 @A: 13 17 12 10 | 08
#0215-d246 @A: 13 22 18 29 | 07
#0216-d246 @A: 34 04 13 28 | 05
#0217-d246 @A: 28 25 29 13 | 06
#0218-d246 @A: 13 26 23 05 | 04
#0219-d246 @A: 22 35 06 21 | 10
#0220-d246 @A: 18 21 14 35 | 09
#0221-d246 @A: 14 26 35 32 | 01
#0222-d246 @A: 10 32 30 35 | 11
#0223-d246 @A: 16 12 35 17 | 03
#0224-d246 @A: 12 28 14 35 | 02
#0225-d246 @A: 16 35 25 09 | 12
#0226-d246 @A: 33 35 04 18 | 08
#0227-d246 @A: 34 18 03 21 | 07
#0228-d246 @A: 04 05 21 02 | 05
#0229-d246 @A: 30 03 32 16 | 06
#0230-d246 @A: 02 04 32 33 | 04
#0231-d246 @A: 30 15 18 32 | 10
#0232-d246 @A: 34 25 32 30 | 09
#0233-d246 @A: 05 23 32 10 | 01
#0234-d246 @A: 32 15 26 05 | 11
#0235-d246 @A: 12 29 01 25 | 03
#0236-d246 @A: 03 14 28 01 | 02
#0237-d246 @A: 01 28 17 22 | 12
#0238-d246 @A: 29 01 14 33 | 08
#0239-d246 @A: 17 01 02 05 | 07
#0240-d246 @A: 25 23 05 01 | 05
#0241-d246 @A: 34 06 20 01 | 06
#0242-d246 @A: 15 10 29 01 | 04
#0243-d246 @A: 25 16 15 12 | 10
#0244-d246 @A: 03 20 09 12 | 09
#0245-d246 @A: 12 09 04 22 | 01
#0246-d246 @A: 30 15 12 02 | 11
#0247-d246 @A: 12 30 17 28 | 03
#0248-d246 @A: 05 04 28 12 | 02
#0249-d246 @A: 34 06 12 17 | 12
#0250-d246 @A: 06 03 16 18 | 08
#0251-d246 @A: 28 05 29 16 | 07
#0252-d246 @A: 33 16 25 34 | 05
#0253-d246 @A: 20 25 16 17 | 06
#0254-d246 @A: 03 18 23 20 | 04
#0255-d246 @A: 15 06 05 03 | 10
#0256-d246 @A: 03 05 26 10 | 09
#0257-d246 @A: 33 20 29 22 | 01
#0258-d246 @A: 22 06 29 25 | 11
#0259-d246 @A: 25 05 09 14 | 03
#0260-d246 @A: 09 14 15 34 | 02
#0261-d246 @A: 23 02 09 26 | 12
#0262-d246 @A: 09 18 30 06 | 08
#0263-d246 @A: 15 28 09 10 | 07
#0264-d246 @A: 09 34 23 20 | 05
#0265-d246 @A: 05 02 14 23 | 06
#0266-d246 @A: 02 10 26 14 | 04
#0267-d246 @A: 28 29 20 26 | 10
#0268-d246 @A: 18 31 11 08 | 09
#0269-d246 @A: 13 11 17 08 | 01
#0270-d246 @A: 12 08 10 11 | 11
#0271-d246 @A: 05 21 11 07 | 03
#0272-d246 @A: 07 29 26 11 | 02
#0273-d246 @A: 16 02 24 11 | 12
#0274-d246 @A: 11 14 24 34 | 08
#0275-d246 @A: 27 11 31 03 | 07
#0276-d246 @A: 19 16 11 20 | 05
#0277-d246 @A: 35 23 13 11 | 06
#0278-d246 @A: 22 35 01 11 | 04
#0279-d246 @A: 11 04 16 32 | 10
#0280-d246 @A: 20 01 03 11 | 09
#0281-d246 @A: 11 16 09 23 | 01
#0282-d246 @A: 28 11 33 03 | 11
#0283-d246 @A: 05 20 18 11 | 03
#0284-d246 @A: 33 11 23 18 | 02
#0285-d246 @A: 34 33 29 11 | 12
#0286-d246 @A: 33 11 20 10 | 08
#0287-d246 @A: 01 25 07 08 | 07
#0288-d246 @A: 08 25 24 34 | 05
#0289-d246 @A: 19 14 28 08 | 06
#0290-d246 @A: 09 31 08 30 | 04
#0291-d246 @A: 08 25 16 13 | 10
#0292-d246 @A: 35 08 12 34 | 09
#0293-d246 @A: 01 14 09 08 | 01
#0294-d246 @A: 22 34 03 08 | 11
#0295-d246 @A: 04 28 08 03 | 03
#0296-d246 @A: 02 17 34 08 | 02
#0297-d246 @A: 26 18 17 08 | 12
#0298-d246 @A: 30 06 20 08 | 08
#0299-d246 @A: 23 07 24 35 | 07
#0300-d246 @A: 20 07 27 22 | 05
#0301-d246 @A: 14 27 30 07 | 06
#0302-d246 @A: 21 07 25 13 | 04
#0303-d246 @A: 07 03 04 35 | 10
#0304-d246 @A: 07 21 06 14 | 09
#0305-d246 @A: 20 07 16 12 | 01
#0306-d246 @A: 03 07 20 14 | 11
#0307-d246 @A: 07 30 02 23 | 03
#0308-d246 @A: 04 07 17 34 | 02
#0309-d246 @A: 34 25 07 26 | 12
#0310-d246 @A: 04 33 07 25 | 08
#0311-d246 @A: 24 34 19 27 | 07
#0312-d246 @A: 27 24 29 03 | 05
#0313-d246 @A: 27 24 04 09 | 06
#0314-d246 @A: 31 35 13 24 | 04
#0315-d246 @A: 31 24 16 05 | 10
#0316-d246 @A: 29 13 32 24 | 09
#0317-d246 @A: 24 30 12 13 | 01
#0318-d246 @A: 34 13 24 02 | 11
#0319-d246 @A: 24 06 35 09 | 03
#0320-d246 @A: 01 24 23 21 | 02
#0321-d246 @A: 25 21 12 24 | 12
#0322-d246 @A: 24 22 17 21 | 08
#0323-d246 @A: 24 17 32 01 | 07
#0324-d246 @A: 16 09 28 24 | 05
#0325-d246 @A: 24 25 03 02 | 06
#0326-d246 @A: 29 15 24 09 | 04
#0327-d246 @A: 14 05 24 30 | 10
#0328-d246 @A: 30 17 24 25 | 09
#0329-d246 @A: 34 17 24 05 | 01
#0330-d246 @A: 05 10 25 24 | 11
#0331-d246 @A: 33 24 26 10 | 03
#0332-d246 @A: 03 19 27 01 | 02
#0333-d246 @A: 15 27 04 21 | 12
#0334-d246 @A: 27 12 32 20 | 08
#0335-d246 @A: 22 27 26 32 | 07
#0336-d246 @A: 33 12 27 26 | 05
#0337-d246 @A: 27 16 09 02 | 06
#0338-d246 @A: 23 16 27 15 | 04
#0339-d246 @A: 02 20 27 18 | 10
#0340-d246 @A: 27 10 25 30 | 09
#0341-d246 @A: 33 34 27 10 | 01
#0342-d246 @A: 31 34 19 35 | 11
#0343-d246 @A: 06 19 03 31 | 03
#0344-d246 @A: 35 23 19 16 | 02
#0345-d246 @A: 06 19 35 20 | 12
#0346-d246 @A: 17 19 16 21 | 08
#0347-d246 @A: 01 19 15 16 | 07
#0348-d246 @A: 01 19 23 22 | 05
#0349-d246 @A: 29 12 19 10 | 06
#0350-d246 @A: 14 19 03 25 | 04
#0351-d246 @A: 19 05 15 25 | 10
#0352-d246 @A: 34 10 17 19 | 09
#0353-d246 @A: 26 33 17 19 | 01
#0354-d246 @A: 26 10 15 19 | 11
#0355-d246 @A: 31 21 05 03 | 03
#0356-d246 @A: 30 21 31 14 | 02
#0357-d246 @A: 18 01 14 31 | 12
#0358-d246 @A: 12 18 31 03 | 08
#0359-d246 @A: 10 12 31 22 | 07
#0360-d246 @A: 16 15 14 31 | 05
#0361-d246 @A: 31 30 26 33 | 06
#0362-d246 @A: 04 31 30 10 | 04
#0363-d246 @A: 23 31 15 06 | 10
#0364-d246 @A: 26 20 31 06 | 09
#0365-d246 @A: 03 13 06 35 | 01
#0366-d246 @A: 35 22 13 10 | 11
#0367-d246 @A: 16 12 13 21 | 03
#0368-d246 @A: 20 13 06 21 | 02
#0369-d246 @A: 13 32 23 16 | 12
#0370-d246 @A: 16 33 05 13 | 08
#0371-d246 @A: 18 13 34 30 | 07
#0372-d246 @A: 18 25 13 33 | 05
#0373-d246 @A: 13 04 06 26 | 06
#0374-d246 @A: 35 21 06 29 | 04
#0375-d246 @A: 35 15 12 26 | 10
#0376-d246 @A: 30 20 35 02 | 09
#0377-d246 @A: 35 02 05 25 | 01
#0378-d246 @A: 17 35 02 10 | 11
#0379-d246 @A: 35 10 28 06 | 03
#0380-d246 @A: 21 34 22 32 | 02
#0381-d246 @A: 21 02 12 22 | 12
#0382-d246 @A: 25 16 03 21 | 08
#0383-d246 @A: 21 17 22 29 | 07
#0384-d246 @A: 21 25 09 28 | 05
#0385-d246 @A: 05 18 21 06 | 06
#0386-d246 @A: 20 30 28 21 | 04
#0387-d246 @A: 29 21 15 23 | 10
#0388-d246 @A: 28 09 32 01 | 09
#0389-d246 @A: 05 01 34 32 | 01
#0390-d246 @A: 28 34 12 32 | 11
#0391-d246 @A: 22 18 17 32 | 03
#0392-d246 @A: 04 32 22 10 | 02
#0393-d246 @A: 20 32 02 23 | 12
#0394-d246 @A: 18 32 29 25 | 08
#0395-d246 @A: 10 26 18 32 | 07
#0396-d246 @A: 26 32 06 30 | 05
#0397-d246 @A: 23 01 16 12 | 06
#0398-d246 @A: 01 14 06 23 | 04
#0399-d246 @A: 04 02 34 01 | 10
#0400-d246 @A: 33 01 34 23 | 09
#0401-d246 @A: 12 28 16 22 | 01
#0402-d246 @A: 23 30 12 20 | 11
#0403-d246 @A: 28 14 16 20 | 03
#0404-d246 @A: 16 26 02 34 | 02
#0405-d246 @A: 16 04 17 18 | 12
#0406-d246 @A: 16 10 26 28 | 08
#0407-d246 @A: 14 30 03 26 | 07
#0408-d246 @A: 29 18 03 15 | 05
#0409-d246 @A: 28 30 05 03 | 06
#0410-d246 @A: 18 28 22 06 | 04
#0411-d246 @A: 06 33 22 23 | 10
#0412-d246 @A: 09 28 33 23 | 09
#0413-d246 @A: 02 14 30 17 | 01
#0414-d246 @A: 14 20 06 02 | 11
#0415-d246 @A: 06 26 14 34 | 03
#0416-d246 @A: 02 29 30 23 | 02
#0417-d246 @A: 15 08 11 07 | 12
#0418-d246 @A: 12 07 32 11 | 08
#0419-d246 @A: 07 11 25 16 | 07
#0420-d246 @A: 35 24 11 26 | 05
#0421-d246 @A: 24 30 11 01 | 06
#0422-d246 @A: 11 03 13 10 | 04
#0423-d246 @A: 11 22 04 13 | 10
#0424-d246 @A: 13 11 06 09 | 09
#0425-d246 @A: 28 16 35 11 | 01
#0426-d246 @A: 11 26 12 14 | 11
#0427-d246 @A: 15 03 16 11 | 03
#0428-d246 @A: 06 22 11 16 | 02
#0429-d246 @A: 17 14 16 11 | 12
#0430-d246 @A: 29 22 23 11 | 08
#0431-d246 @A: 25 28 11 18 | 07
#0432-d246 @A: 28 04 11 26 | 05
#0433-d246 @A: 08 05 24 01 | 06
#0434-d246 @A: 20 08 24 03 | 04
#0435-d246 @A: 08 12 15 27 | 10
#0436-d246 @A: 14 08 04 27 | 09
#0437-d246 @A: 10 30 08 19 | 01
#0438-d246 @A: 08 05 17 19 | 11
#0439-d246 @A: 04 05 08 31 | 03
#0440-d246 @A: 08 05 06 13 | 02
#0441-d246 @A: 35 08 15 20 | 12
#0442-d246 @A: 21 08 14 20 | 08
#0443-d246 @A: 01 10 26 08 | 07
#0444-d246 @A: 30 29 08 16 | 05
#0445-d246 @A: 25 30 08 23 | 06
#0446-d246 @A: 34 05 08 26 | 04
#0447-d246 @A: 34 15 23 08 | 10
#0448-d246 @A: 08 23 17 10 | 09
#0449-d246 @A: 07 20 24 31 | 01
#0450-d246 @A: 07 24 21 29 | 11
#0451-d246 @A: 33 24 15 07 | 03
#0452-d246 @A: 07 10 27 19 | 02
#0453-d246 @A: 31 17 03 07 | 12
#0454-d246 @A: 31 22 02 07 | 08
#0455-d246 @A: 26 07 13 35 | 07
#0456-d246 @A: 07 02 32 29 | 05
#0457-d246 @A: 16 01 07 26 | 06
#0458-d246 @A: 17 12 22 07 | 04
#0459-d246 @A: 07 09 10 22 | 10
#0460-d246 @A: 04 07 30 18 | 09
#0461-d246 @A: 35 25 24 27 | 01
#0462-d246 @A: 24 33 16 19 | 11
#0463-d246 @A: 03 19 24 28 | 03
#0464-d246 @A: 02 24 31 09 | 02
#0465-d246 @A: 13 20 16 24 | 12
#0466-d246 @A: 13 04 24 33 | 08
#0467-d246 @A: 16 03 12 24 | 07
#0468-d246 @A: 12 14 02 24 | 05
#0469-d246 @A: 03 24 22 23 | 06
#0470-d246 @A: 26 28 24 05 | 04
#0471-d246 @A: 27 28 21 19 | 10
#0472-d246 @A: 19 22 27 02 | 09
#0473-d246 @A: 17 31 04 27 | 01
#0474-d246 @A: 13 27 28 23 | 11
#0475-d246 @A: 30 13 29 27 | 03
#0476-d246 @A: 17 21 27 35 | 02
#0477-d246 @A: 01 27 34 28 | 12
#0478-d246 @A: 27 23 03 34 | 08
#0479-d246 @A: 27 22 28 04 | 07
#0480-d246 @A: 30 27 34 20 | 05
#0481-d246 @A: 19 18 31 13 | 06
#0482-d246 @A: 01 19 32 31 | 04
#0483-d246 @A: 14 19 05 13 | 10
#0484-d246 @A: 26 35 19 18 | 09
#0485-d246 @A: 33 32 14 19 | 01
#0486-d246 @A: 19 05 10 33 | 11
#0487-d246 @A: 34 19 23 06 | 03
#0488-d246 @A: 31 13 26 21 | 02
#0489-d246 @A: 25 32 13 31 | 12
#0490-d246 @A: 12 33 31 21 | 08
#0491-d246 @A: 33 06 32 31 | 07
#0492-d246 @A: 16 04 01 31 | 05
#0493-d246 @A: 16 03 28 31 | 06
#0494-d246 @A: 02 31 34 30 | 04
#0495-d246 @A: 31 17 25 18 | 10
#0496-d246 @A: 28 30 06 31 | 09
#0497-d246 @A: 33 10 17 31 | 01
#0498-d246 @A: 12 29 09 13 | 11
#0499-d246 @A: 35 21 03 28 | 03
#0500-d246 @A: 35 12 03 23 | 02
#0501-d246 @A: 20 22 16 35 | 12
#0502-d246 @A: 30 35 06 16 | 08
#0503-d246 @A: 35 25 14 29 | 07
#0504-d246 @A: 35 02 33 06 | 05
#0505-d246 @A: 35 34 25 18 | 06
#0506-d246 @A: 22 21 26 14 | 04
#0507-d246 @A: 17 21 25 14 | 10
#0508-d246 @A: 22 03 32 05 | 09
#0509-d246 @A: 28 03 18 32 | 01
#0510-d246 @A: 12 05 01 03 | 11
#0511-d246 @A: 09 30 12 01 | 03
#0512-d246 @A: 22 09 01 26 | 02
#0513-d246 @A: 23 02 01 15 | 12
#0514-d246 @A: 17 01 33 04 | 08
#0515-d246 @A: 23 17 01 26 | 07
#0516-d246 @A: 12 34 25 02 | 05
#0517-d246 @A: 12 02 04 17 | 06
#0518-d246 @A: 28 15 23 12 | 04
#0519-d246 @A: 33 12 10 06 | 10
#0520-d246 @A: 22 23 16 17 | 09
#0521-d246 @A: 10 02 33 16 | 01
#0522-d246 @A: 18 16 34 28 | 11
#0523-d246 @A: 30 16 10 18 | 03
#0524-d246 @A: 16 28 25 30 | 02
#0525-d246 @A: 05 16 20 30 | 12
#0526-d246 @A: 03 17 26 09 | 08
#0527-d246 @A: 18 03 30 02 | 07
#0528-d246 @A: 20 28 10 03 | 05
#0529-d246 @A: 15 23 30 03 | 06
#0530-d246 @A: 05 03 33 04 | 04
#0531-d246 @A: 03 33 34 17 | 10
#0532-d246 @A: 06 34 03 29 | 09
#0533-d246 @A: 06 04 30 22 | 01
#0534-d246 @A: 09 05 34 18 | 11
#0535-d246 @A: 09 10 04 33 | 03
#0536-d246 @A: 26 14 23 28 | 02
#0537-d246 @A: 30 14 04 15 | 12
#0538-d246 @A: 04 20 14 17 | 08
#0539-d246 @A: 26 15 14 25 | 07
#0540-d246 @A: 26 05 29 02 | 05
#0541-d246 @A: 29 02 26 25 | 06
#0542-d246 @A: 29 34 25 17 | 04
#0543-d246 @A: 20 29 04 25 | 10
#0544-d246 @A: 11 20 27 08 | 09
#0545-d246 @A: 35 11 07 20 | 01
#0546-d246 @A: 32 23 11 24 | 11
#0547-d246 @A: 17 03 11 24 | 03
#0548-d246 @A: 22 27 11 05 | 02
#0549-d246 @A: 19 13 25 11 | 12
#0550-d246 @A: 19 11 23 28 | 08
#0551-d246 @A: 11 31 10 09 | 07
#0552-d246 @A: 10 35 11 25 | 05
#0553-d246 @A: 22 11 32 15 | 06
#0554-d246 @A: 02 26 11 20 | 04
#0555-d246 @A: 11 18 10 34 | 10
#0556-d246 @A: 17 11 18 06 | 09
#0557-d246 @A: 30 06 11 05 | 01
#0558-d246 @A: 23 34 11 04 | 11
#0559-d246 @A: 04 33 06 11 | 03
#0560-d246 @A: 30 07 13 08 | 02
#0561-d246 @A: 24 08 06 31 | 12
#0562-d246 @A: 08 27 23 19 | 08
#0563-d246 @A: 27 08 32 05 | 07
#0564-d246 @A: 08 31 23 13 | 05
#0565-d246 @A: 35 23 09 08 | 06
#0566-d246 @A: 20 21 29 08 | 04
#0567-d246 @A: 32 08 23 14 | 10
#0568-d246 @A: 08 15 03 09 | 09
#0569-d246 @A: 03 08 05 14 | 01
#0570-d246 @A: 08 02 33 23 | 11
#0571-d246 @A: 10 08 02 06 | 03
#0572-d246 @A: 08 34 04 18 | 02
#0573-d246 @A: 10 20 08 18 | 12
#0574-d246 @A: 23 05 28 08 | 08
#0575-d246 @A: 28 15 17 08 | 07
#0576-d246 @A: 08 23 20 26 | 05
#0577-d246 @A: 07 03 21 24 | 06
#0578-d246 @A: 07 27 13 05 | 04
#0579-d246 @A: 07 18 19 16 | 10
#0580-d246 @A: 04 07 31 21 | 09
#0581-d246 @A: 33 16 07 31 | 01
#0582-d246 @A: 30 35 12 07 | 11
#0583-d246 @A: 21 09 02 07 | 03
#0584-d246 @A: 32 01 07 33 | 02
#0585-d246 @A: 09 28 07 20 | 12
#0586-d246 @A: 04 02 28 07 | 08
#0587-d246 @A: 18 23 07 28 | 07
#0588-d246 @A: 33 18 10 07 | 05
#0589-d246 @A: 15 17 07 18 | 06
#0590-d246 @A: 33 06 07 30 | 04
#0591-d246 @A: 07 25 06 23 | 10
#0592-d246 @A: 28 31 27 24 | 09
#0593-d246 @A: 29 24 05 19 | 01
#0594-d246 @A: 01 31 24 26 | 11
#0595-d246 @A: 31 24 12 17 | 03
#0596-d246 @A: 24 21 02 35 | 02
#0597-d246 @A: 12 32 35 24 | 12
#0598-d246 @A: 22 12 24 26 | 08
#0599-d246 @A: 34 18 24 12 | 07
#0600-d246 @A: 14 22 04 24 | 05
#0601-d246 @A: 20 28 24 25 | 06
#0602-d246 @A: 10 23 24 34 | 04
#0603-d246 @A: 16 26 19 27 | 10
#0604-d246 @A: 31 12 30 27 | 09
#0605-d246 @A: 14 09 27 21 | 01
#0606-d246 @A: 27 14 32 28 | 11
#0607-d246 @A: 09 27 23 12 | 03
#0608-d246 @A: 27 16 14 18 | 02
#0609-d246 @A: 10 03 27 22 | 12
#0610-d246 @A: 17 27 23 02 | 08
#0611-d246 @A: 17 29 27 18 | 07
#0612-d246 @A: 19 14 26 31 | 05
#0613-d246 @A: 01 06 13 19 | 06
#0614-d246 @A: 19 04 35 01 | 04
#0615-d246 @A: 19 01 21 33 | 10
#0616-d246 @A: 02 32 19 26 | 09
#0617-d246 @A: 25 18 32 19 | 01
#0618-d246 @A: 19 01 14 17 | 11
#0619-d246 @A: 26 19 23 12 | 03
#0620-d246 @A: 09 19 30 16 | 02
#0621-d246 @A: 18 19 33 06 | 12
#0622-d246 @A: 19 28 17 04 | 08
#0623-d246 @A: 17 15 19 20 | 07
#0624-d246 @A: 04 20 19 10 | 05
#0625-d246 @A: 09 21 15 31 | 06
#0626-d246 @A: 31 12 20 01 | 04
#0627-d246 @A: 12 26 09 31 | 10
#0628-d246 @A: 04 20 31 22 | 09
#0629-d246 @A: 10 02 31 20 | 01
#0630-d246 @A: 20 31 33 28 | 11
#0631-d246 @A: 13 18 35 05 | 03
#0632-d246 @A: 01 26 12 13 | 02
#0633-d246 @A: 15 29 13 34 | 12
#0634-d246 @A: 10 17 29 13 | 08
#0635-d246 @A: 35 10 12 01 | 07
#0636-d246 @A: 09 35 20 01 | 05
#0637-d246 @A: 14 35 05 01 | 06
#0638-d246 @A: 29 18 28 35 | 04
#0639-d246 @A: 29 05 30 35 | 10
#0640-d246 @A: 04 05 10 35 | 09
#0641-d246 @A: 32 21 18 20 | 01
#0642-d246 @A: 21 18 12 30 | 11
#0643-d246 @A: 12 21 26 34 | 03
#0644-d246 @A: 03 21 02 06 | 02
#0645-d246 @A: 25 18 21 23 | 12
#0646-d246 @A: 23 21 04 26 | 08
#0647-d246 @A: 10 25 20 21 | 07
#0648-d246 @A: 10 03 32 09 | 05
#0649-d246 @A: 06 09 32 23 | 06
#0650-d246 @A: 32 29 15 20 | 04
#0651-d246 @A: 03 17 16 01 | 10
#0652-d246 @A: 03 02 01 09 | 09
#0653-d246 @A: 10 01 03 33 | 01
#0654-d246 @A: 05 01 22 20 | 11
#0655-d246 @A: 30 34 12 16 | 03
#0656-d246 @A: 22 03 15 12 | 02
#0657-d246 @A: 03 17 12 14 | 12
#0658-d246 @A: 06 25 03 12 | 08
#0659-d246 @A: 20 33 02 12 | 07
#0660-d246 @A: 18 05 12 15 | 05
#0661-d246 @A: 12 17 20 05 | 06
#0662-d246 @A: 15 20 12 06 | 04
#0663-d246 @A: 03 16 33 29 | 10
#0664-d246 @A: 22 16 09 18 | 09
#0665-d246 @A: 02 06 25 16 | 01
#0666-d246 @A: 34 16 29 10 | 11
#0667-d246 @A: 33 14 22 03 | 03
#0668-d246 @A: 04 34 03 30 | 02
#0669-d246 @A: 03 05 25 29 | 12
#0670-d246 @A: 06 15 09 22 | 08
#0671-d246 @A: 04 05 22 17 | 07
#0672-d246 @A: 06 17 22 25 | 05
#0673-d246 @A: 22 15 23 04 | 06
#0674-d246 @A: 10 20 22 06 | 04
#0675-d246 @A: 28 09 34 26 | 10
#0676-d246 @A: 34 09 30 17 | 09
#0677-d246 @A: 09 04 30 25 | 01
#0678-d246 @A: 09 05 29 20 | 11
#0679-d246 @A: 34 18 14 17 | 03
#0680-d246 @A: 14 34 30 23 | 02
#0681-d246 @A: 20 29 06 18 | 12
#0682-d246 @A: 29 30 06 28 | 08
#0683-d246 @A: 11 34 07 22 | 07
#0684-d246 @A: 24 25 11 09 | 05
#0685-d246 @A: 11 32 18 27 | 06
#0686-d246 @A: 27 11 23 14 | 04
#0687-d246 @A: 31 32 11 02 | 10
#0688-d246 @A: 35 11 12 18 | 09
#0689-d246 @A: 35 11 05 17 | 01
#0690-d246 @A: 11 32 28 10 | 11
#0691-d246 @A: 20 32 17 11 | 03
#0692-d246 @A: 01 10 11 16 | 02
#0693-d246 @A: 11 25 12 23 | 12
#0694-d246 @A: 11 15 06 34 | 08
#0695-d246 @A: 07 19 04 08 | 07
#0696-d246 @A: 08 24 17 04 | 05
#0697-d246 @A: 27 35 08 10 | 06
#0698-d246 @A: 08 29 27 15 | 04
#0699-d246 @A: 25 26 19 08 | 10
#0700-d246 @A: 13 01 08 04 | 09
#0701-d246 @A: 32 08 18 35 | 01
#0702-d246 @A: 16 08 22 21 | 11
#0703-d246 @A: 08 12 32 17 | 03
#0704-d246 @A: 01 20 17 08 | 02
#0705-d246 @A: 08 05 09 22 | 12
#0706-d246 @A: 10 08 22 14 | 08
#0707-d246 @A: 22 20 25 08 | 07
#0708-d246 @A: 08 20 28 34 | 05
#0709-d246 @A: 24 07 13 17 | 06
#0710-d246 @A: 34 24 07 06 | 04
#0711-d246 @A: 33 27 17 07 | 10
#0712-d246 @A: 33 19 07 22 | 09
#0713-d246 @A: 02 19 14 07 | 01
#0714-d246 @A: 07 23 09 31 | 11
#0715-d246 @A: 01 13 07 22 | 03
#0716-d246 @A: 07 02 13 33 | 02
#0717-d246 @A: 18 09 07 12 | 12
#0718-d246 @A: 06 12 07 02 | 08
#0719-d246 @A: 07 22 03 06 | 07
#0720-d246 @A: 30 03 09 07 | 05
#0721-d246 @A: 30 07 05 26 | 06
#0722-d246 @A: 17 20 07 06 | 04
#0723-d246 @A: 24 27 15 22 | 10
#0724-d246 @A: 19 24 13 10 | 09
#0725-d246 @A: 31 24 23 25 | 01
#0726-d246 @A: 24 13 26 03 | 11
#0727-d246 @A: 35 34 24 01 | 03
#0728-d246 @A: 18 24 35 10 | 02
#0729-d246 @A: 30 24 22 32 | 12
#0730-d246 @A: 06 12 04 24 | 08
#0731-d246 @A: 26 16 24 14 | 07
#0732-d246 @A: 15 17 24 16 | 05
#0733-d246 @A: 24 30 18 29 | 06
#0734-d246 @A: 15 24 04 25 | 04
#0735-d246 @A: 06 24 26 29 | 10
#0736-d246 @A: 04 19 27 13 | 09
#0737-d246 @A: 25 27 19 12 | 01
#0738-d246 @A: 19 06 27 17 | 11
#0739-d246 @A: 18 31 27 21 | 03
#0740-d246 @A: 31 32 10 27 | 02
#0741-d246 @A: 34 27 22 13 | 12
#0742-d246 @A: 27 30 21 22 | 08
#0743-d246 @A: 09 01 15 27 | 07
#0744-d246 @A: 26 14 27 01 | 05
#0745-d246 @A: 33 20 01 27 | 06
#0746-d246 @A: 12 27 18 22 | 04
#0747-d246 @A: 27 26 18 34 | 10
#0748-d246 @A: 05 04 27 34 | 09
#0749-d246 @A: 33 23 25 27 | 01
#0750-d246 @A: 26 13 22 19 | 11
#0751-d246 @A: 22 19 32 35 | 03
#0752-d246 @A: 10 35 09 19 | 02
#0753-d246 @A: 19 32 05 21 | 12
#0754-d246 @A: 01 19 10 28 | 08
#0755-d246 @A: 03 18 10 19 | 07
#0756-d246 @A: 10 19 02 25 | 05
#0757-d246 @A: 15 28 19 30 | 06
#0758-d246 @A: 12 34 31 13 | 04
#0759-d246 @A: 09 04 13 31 | 10
#0760-d246 @A: 29 21 31 12 | 09
#0761-d246 @A: 03 32 31 23 | 01
#0762-d246 @A: 23 14 31 12 | 11
#0763-d246 @A: 03 04 14 31 | 03
#0764-d246 @A: 25 26 02 31 | 02
#0765-d246 @A: 31 18 06 34 | 12
#0766-d246 @A: 10 05 34 31 | 08
#0767-d246 @A: 01 34 13 21 | 07
#0768-d246 @A: 09 13 05 01 | 05
#0769-d246 @A: 02 13 01 20 | 06
#0770-d246 @A: 13 12 23 02 | 04
#0771-d246 @A: 33 13 09 03 | 10
#0772-d246 @A: 10 13 02 04 | 09
#0773-d246 @A: 33 23 13 20 | 01
#0774-d246 @A: 29 33 26 13 | 11
#0775-d246 @A: 25 06 15 13 | 03
#0776-d246 @A: 01 35 25 03 | 02
#0777-d246 @A: 05 12 22 35 | 12
#0778-d246 @A: 16 35 03 34 | 08
#0779-d246 @A: 03 26 35 22 | 07
#0780-d246 @A: 14 34 22 35 | 05
#0781-d246 @A: 35 26 20 04 | 06
#0782-d246 @A: 20 03 22 21 | 04
#0783-d246 @A: 09 23 22 21 | 10
#0784-d246 @A: 02 17 21 20 | 09
#0785-d246 @A: 17 33 18 21 | 01
#0786-d246 @A: 21 34 28 29 | 11
#0787-d246 @A: 28 26 15 21 | 03
#0788-d246 @A: 05 21 34 15 | 02
#0789-d246 @A: 21 29 25 10 | 12
#0790-d246 @A: 12 26 32 16 | 08
#0791-d246 @A: 09 02 32 12 | 07
#0792-d246 @A: 34 02 15 32 | 05
#0793-d246 @A: 20 32 06 28 | 06
#0794-d246 @A: 32 05 34 29 | 04
#0795-d246 @A: 26 32 23 34 | 10
#0796-d246 @A: 34 01 12 22 | 09
#0797-d246 @A: 01 16 29 23 | 01
#0798-d246 @A: 28 29 09 01 | 11
#0799-d246 @A: 01 18 28 05 | 03
#0800-d246 @A: 04 06 01 18 | 02
#0801-d246 @A: 28 33 26 01 | 12
#0802-d246 @A: 30 15 26 01 | 08
#0803-d246 @A: 12 18 02 10 | 07
#0804-d246 @A: 12 26 05 02 | 05
#0805-d246 @A: 25 12 28 10 | 06
#0806-d246 @A: 16 02 15 28 | 04
#0807-d246 @A: 29 16 18 34 | 10
#0808-d246 @A: 16 33 26 06 | 09
#0809-d246 @A: 20 02 03 34 | 01
#0810-d246 @A: 03 05 17 18 | 11
#0811-d246 @A: 33 30 25 03 | 03
#0812-d246 @A: 18 23 22 34 | 02
#0813-d246 @A: 15 33 18 22 | 12
#0814-d246 @A: 22 05 30 15 | 08
#0815-d246 @A: 26 22 05 06 | 07
#0816-d246 @A: 09 14 28 30 | 05
#0817-d246 @A: 09 20 06 05 | 06
#0818-d246 @A: 33 20 09 17 | 04
#0819-d246 @A: 33 29 04 09 | 10
#0820-d246 @A: 26 09 25 33 | 09
#0821-d246 @A: 26 06 10 09 | 01
#0822-d246 @A: 06 10 18 14 | 11
#0823-d246 @A: 21 04 08 11 | 03
#0824-d246 @A: 08 05 11 16 | 02
#0825-d246 @A: 19 27 33 11 | 12
#0826-d246 @A: 01 27 25 11 | 08
#0827-d246 @A: 12 11 02 27 | 07
#0828-d246 @A: 09 11 27 28 | 05
#0829-d246 @A: 04 11 19 09 | 06
#0830-d246 @A: 16 11 34 31 | 04
#0831-d246 @A: 20 14 11 31 | 10
#0832-d246 @A: 03 35 30 11 | 09
#0833-d246 @A: 03 21 32 11 | 01
#0834-d246 @A: 02 05 11 10 | 11
#0835-d246 @A: 30 18 26 11 | 03
#0836-d246 @A: 20 04 30 11 | 02
#0837-d246 @A: 05 23 11 15 | 12
#0838-d246 @A: 25 11 20 06 | 08
#0839-d246 @A: 08 07 24 02 | 07
#0840-d246 @A: 27 08 07 18 | 05
#0841-d246 @A: 26 08 14 07 | 06
#0842-d246 @A: 22 13 24 08 | 04
#0843-d246 @A: 34 24 29 08 | 10
#0844-d246 @A: 28 08 16 27 | 09
#0845-d246 @A: 08 35 33 13 | 01
#0846-d246 @A: 08 32 09 33 | 11
#0847-d246 @A: 12 08 02 01 | 03
#0848-d246 @A: 22 01 15 08 | 02
#0849-d246 @A: 18 16 12 08 | 12
#0850-d246 @A: 17 08 12 29 | 08
#0851-d246 @A: 10 03 16 08 | 07
#0852-d246 @A: 18 08 02 09 | 05
#0853-d246 @A: 08 28 18 30 | 06
#0854-d246 @A: 15 18 08 06 | 04
#0855-d246 @A: 33 08 28 10 | 10
#0856-d246 @A: 07 04 24 01 | 09
#0857-d246 @A: 09 13 07 34 | 01
#0858-d246 @A: 35 33 07 21 | 11
#0859-d246 @A: 21 07 26 18 | 03
#0860-d246 @A: 03 07 12 26 | 02
#0861-d246 @A: 07 14 22 18 | 12
#0862-d246 @A: 10 29 22 07 | 08
#0863-d246 @A: 02 07 20 15 | 07
#0864-d246 @A: 05 28 07 10 | 05
#0865-d246 @A: 25 17 07 05 | 06
#0866-d246 @A: 06 07 04 29 | 04
#0867-d246 @A: 20 23 07 04 | 10
#0868-d246 @A: 01 27 24 10 | 09
#0869-d246 @A: 19 15 24 35 | 01
#0870-d246 @A: 19 24 21 26 | 11
#0871-d246 @A: 33 24 03 31 | 03
#0872-d246 @A: 18 15 24 13 | 02
#0873-d246 @A: 24 30 21 16 | 12
#0874-d246 @A: 05 21 24 09 | 08
#0875-d246 @A: 34 20 32 24 | 07
#0876-d246 @A: 02 22 24 01 | 05
#0877-d246 @A: 14 01 20 24 | 06
#0878-d246 @A: 25 16 18 24 | 04
#0879-d246 @A: 24 03 14 18 | 10
#0880-d246 @A: 09 30 24 26 | 09
#0881-d246 @A: 28 23 24 02 | 01
#0882-d246 @A: 24 04 02 30 | 11
#0883-d246 @A: 24 02 05 06 | 03
#0884-d246 @A: 24 18 28 04 | 02
#0885-d246 @A: 28 24 06 33 | 12
#0886-d246 @A: 24 23 06 17 | 08
#0887-d246 @A: 26 17 20 24 | 07
#0888-d246 @A: 29 17 24 20 | 05
#0889-d246 @A: 26 24 23 15 | 06
#0890-d246 @A: 09 27 26 35 | 04
#0891-d246 @A: 32 23 27 21 | 10
#0892-d246 @A: 27 01 21 06 | 09
#0893-d246 @A: 14 27 12 34 | 01
#0894-d246 @A: 27 02 22 29 | 11
#0895-d246 @A: 27 05 29 14 | 03
#0896-d246 @A: 30 02 27 06 | 02
#0897-d246 @A: 26 28 27 30 | 12
#0898-d246 @A: 20 27 28 05 | 08
#0899-d246 @A: 28 17 25 27 | 07
#0900-d246 @A: 05 06 33 27 | 05
#0901-d246 @A: 17 26 05 27 | 06
#0902-d246 @A: 31 04 19 12 | 04
#0903-d246 @A: 31 23 19 10 | 10
#0904-d246 @A: 19 12 15 21 | 09
#0905-d246 @A: 22 19 21 04 | 01
#0906-d246 @A: 10 32 19 12 | 11
#0907-d246 @A: 19 30 01 20 | 03
#0908-d246 @A: 01 05 26 19 | 02
#0909-d246 @A: 19 34 03 12 | 12
#0910-d246 @A: 12 18 19 14 | 08
#0911-d246 @A: 17 22 19 03 | 07
#0912-d246 @A: 28 19 33 02 | 05
#0913-d246 @A: 33 19 30 23 | 06
#0914-d246 @A: 17 23 19 25 | 04
#0915-d246 @A: 31 22 15 35 | 10
#0916-d246 @A: 15 17 01 31 | 09
#0917-d246 @A: 09 22 34 31 | 01
#0918-d246 @A: 14 22 06 31 | 11
#0919-d246 @A: 18 09 31 33 | 03
#0920-d246 @A: 31 15 34 04 | 02
#0921-d246 @A: 06 10 31 25 | 12
#0922-d246 @A: 13 35 02 29 | 08
#0923-d246 @A: 21 13 28 32 | 07
#0924-d246 @A: 09 22 30 13 | 05
#0925-d246 @A: 28 26 18 13 | 06
#0926-d246 @A: 28 13 30 10 | 04
#0927-d246 @A: 23 30 13 06 | 10
#0928-d246 @A: 05 04 13 15 | 09
#0929-d246 @A: 13 06 33 17 | 01
#0930-d246 @A: 35 20 12 21 | 11
#0931-d246 @A: 35 15 28 01 | 03
#0932-d246 @A: 35 09 29 16 | 02
#0933-d246 @A: 09 02 35 22 | 12
#0934-d246 @A: 14 04 23 35 | 08
#0935-d246 @A: 23 02 35 34 | 07
#0936-d246 @A: 35 18 20 17 | 05
#0937-d246 @A: 23 35 06 18 | 06
#0938-d246 @A: 23 30 05 35 | 04
#0939-d246 @A: 34 05 06 35 | 10
#0940-d246 @A: 32 21 06 12 | 09
#0941-d246 @A: 21 30 03 01 | 01
#0942-d246 @A: 01 09 10 21 | 11
#0943-d246 @A: 26 29 21 14 | 03
#0944-d246 @A: 34 21 06 30 | 02
#0945-d246 @A: 18 12 32 01 | 12
#0946-d246 @A: 17 28 32 02 | 08
#0947-d246 @A: 17 15 32 25 | 07
#0948-d246 @A: 25 18 30 01 | 05
#0949-d246 @A: 30 23 28 01 | 06
#0950-d246 @A: 25 01 28 06 | 04
#0951-d246 @A: 12 06 16 09 | 10
#0952-d246 @A: 03 12 28 02 | 09
#0953-d246 @A: 02 22 16 03 | 01
#0954-d246 @A: 23 03 33 16 | 11
#0955-d246 @A: 20 15 16 34 | 03
#0956-d246 @A: 04 26 16 29 | 02
#0957-d246 @A: 10 23 25 16 | 12
#0958-d246 @A: 16 10 15 06 | 08
#0959-d246 @A: 17 03 23 28 | 07
#0960-d246 @A: 15 26 34 03 | 05
#0961-d246 @A: 04 23 03 25 | 06
#0962-d246 @A: 18 22 25 26 | 04
#0963-d246 @A: 22 23 10 28 | 10
#0964-d246 @A: 22 29 26 30 | 09
#0965-d246 @A: 20 26 15 22 | 01
#0966-d246 @A: 09 17 15 04 | 11
#0967-d246 @A: 25 06 14 30 | 03
#0968-d246 @A: 15 23 10 14 | 02
#0969-d246 @A: 29 05 23 10 | 12
#0970-d246 @A: 26 08 09 11 | 08
#0971-d246 @A: 11 25 08 14 | 07
#0972-d246 @A: 13 07 11 31 | 05
#0973-d246 @A: 11 09 33 07 | 06
#0974-d246 @A: 28 24 13 11 | 04
#0975-d246 @A: 11 16 30 27 | 10
#0976-d246 @A: 11 12 17 19 | 09
#0977-d246 @A: 11 19 20 29 | 01
#0978-d246 @A: 21 31 11 06 | 11
#0979-d246 @A: 29 11 31 01 | 03
#0980-d246 @A: 31 11 15 12 | 02
#0981-d246 @A: 11 21 33 14 | 12
#0982-d246 @A: 09 11 30 32 | 08
#0983-d246 @A: 12 11 06 01 | 07
#0984-d246 @A: 22 17 09 11 | 05
#0985-d246 @A: 23 22 20 11 | 06
#0986-d246 @A: 11 15 18 04 | 04
#0987-d246 @A: 11 25 29 30 | 10
#0988-d246 @A: 15 11 33 25 | 09
#0989-d246 @A: 22 23 08 07 | 01
#0990-d246 @A: 27 21 33 08 | 11
#0991-d246 @A: 08 15 25 31 | 03
#0992-d246 @A: 08 32 26 13 | 02
#0993-d246 @A: 16 35 26 08 | 12
#0994-d246 @A: 16 08 06 17 | 08
#0995-d246 @A: 08 03 26 29 | 07
#0996-d246 @A: 28 25 08 02 | 05
#0997-d246 @A: 08 05 20 02 | 06
#0998-d246 @A: 33 26 08 15 | 04
#0999-d246 @A: 19 25 07 24 | 10
#1000-d246 @A: 27 07 03 28 | 09
#1001-d246 @A: 26 27 02 07 | 01
#1002-d246 @A: 07 34 19 21 | 11
#1003-d246 @A: 07 32 34 31 | 03
#1004-d246 @A: 31 07 14 05 | 02
#1005-d246 @A: 07 10 13 32 | 12
#1006-d246 @A: 28 13 12 07 | 08
#1007-d246 @A: 18 06 07 13 | 07
#1008-d246 @A: 07 09 01 17 | 05
#1009-d246 @A: 07 16 30 22 | 06
#1010-d246 @A: 17 28 26 07 | 04
#1011-d246 @A: 29 07 17 15 | 10
#1012-d246 @A: 13 27 21 24 | 09
#1013-d246 @A: 24 32 31 15 | 01
#1014-d246 @A: 24 05 35 03 | 11
#1015-d246 @A: 21 20 24 04 | 03
#1016-d246 @A: 02 15 24 10 | 02
#1017-d246 @A: 23 18 30 24 | 12
#1018-d246 @A: 15 24 30 06 | 08
#1019-d246 @A: 30 24 10 20 | 07
#1020-d246 @A: 24 04 05 23 | 05
#1021-d246 @A: 27 19 29 01 | 06
#1022-d246 @A: 27 31 09 20 | 04
#1023-d246 @A: 31 23 27 26 | 10
#1024-d246 @A: 30 35 27 13 | 09
#1025-d246 @A: 01 13 18 27 | 01
#1026-d246 @A: 27 20 15 13 | 11
#1027-d246 @A: 33 27 32 35 | 03
#1028-d246 @A: 20 03 35 27 | 02
#1029-d246 @A: 23 22 35 27 | 12
#1030-d246 @A: 27 26 21 03 | 08
#1031-d246 @A: 27 06 12 28 | 07
#1032-d246 @A: 16 06 34 27 | 05
#1033-d246 @A: 18 03 04 27 | 06
#1034-d246 @A: 17 27 09 29 | 04
#1035-d246 @A: 18 27 05 23 | 10
#1036-d246 @A: 25 18 27 06 | 09
#1037-d246 @A: 27 17 30 15 | 01
#1038-d246 @A: 10 26 04 27 | 11
#1039-d246 @A: 06 15 26 27 | 03
#1040-d246 @A: 19 13 17 32 | 02
#1041-d246 @A: 34 13 19 16 | 12
#1042-d246 @A: 09 19 28 12 | 08
#1043-d246 @A: 19 04 16 03 | 07
#1044-d246 @A: 17 03 29 19 | 05
#1045-d246 @A: 04 19 14 34 | 06
#1046-d246 @A: 29 33 06 19 | 04
#1047-d246 @A: 09 31 28 35 | 10
#1048-d246 @A: 01 31 02 28 | 09
#1049-d246 @A: 17 16 09 31 | 01
#1050-d246 @A: 31 23 16 30 | 11
#1051-d246 @A: 23 05 22 31 | 03
#1052-d246 @A: 04 18 31 26 | 02
#1053-d246 @A: 02 13 35 16 | 12
#1054-d246 @A: 22 21 05 13 | 08
#1055-d246 @A: 15 13 12 32 | 07
#1056-d246 @A: 16 13 28 01 | 05
#1057-d246 @A: 03 22 25 13 | 06
#1058-d246 @A: 15 17 13 34 | 04
#1059-d246 @A: 10 34 13 06 | 10
#1060-d246 @A: 04 25 13 20 | 09
#1061-d246 @A: 35 25 20 32 | 01
#1062-d246 @A: 01 22 29 35 | 11
#1063-d246 @A: 17 35 22 33 | 03
#1064-d246 @A: 34 09 35 04 | 02
#1065-d246 @A: 04 30 28 35 | 12
#1066-d246 @A: 01 12 21 04 | 08
#1067-d246 @A: 10 33 22 21 | 07
#1068-d246 @A: 21 17 05 28 | 05
#1069-d246 @A: 21 28 04 33 | 06
#1070-d246 @A: 21 26 10 17 | 04
#1071-d246 @A: 32 16 01 20 | 10
#1072-d246 @A: 10 14 32 01 | 09
#1073-d246 @A: 05 32 09 16 | 01
#1074-d246 @A: 32 04 15 28 | 11
#1075-d246 @A: 25 05 06 32 | 03
#1076-d246 @A: 14 01 16 25 | 02
#1077-d246 @A: 34 01 30 10 | 12
#1078-d246 @A: 05 10 06 01 | 08
#1079-d246 @A: 10 12 09 05 | 07
#1080-d246 @A: 28 12 26 20 | 05
#1081-d246 @A: 12 05 25 30 | 06
#1082-d246 @A: 26 03 16 20 | 04
#1083-d246 @A: 20 16 10 09 | 10
#1084-d246 @A: 15 30 33 16 | 09
#1085-d246 @A: 03 17 02 15 | 01
#1086-d246 @A: 18 15 03 25 | 11
#1087-d246 @A: 06 33 20 03 | 03
#1088-d246 @A: 17 03 10 25 | 02
#1089-d246 @A: 02 06 34 22 | 12
#1090-d246 @A: 22 25 23 02 | 08
#1091-d246 @A: 33 34 04 22 | 07
#1092-d246 @A: 17 22 20 34 | 05
#1093-d246 @A: 15 22 17 10 | 06
#1094-d246 @A: 04 09 02 14 | 04
#1095-d246 @A: 14 09 33 06 | 10
#1096-d246 @A: 09 02 20 25 | 09
#1097-d246 @A: 05 14 34 20 | 01
#1098-d246 @A: 23 25 20 14 | 11
#1099-d246 @A: 20 02 34 29 | 03
#1100-d246 @A: 08 11 06 28 | 02
#1101-d246 @A: 07 03 11 02 | 12
#1102-d246 @A: 11 20 24 12 | 08
#1103-d246 @A: 11 27 17 34 | 07
#1104-d246 @A: 06 19 11 10 | 05
#1105-d246 @A: 11 25 30 31 | 06
#1106-d246 @A: 11 20 34 13 | 04
#1107-d246 @A: 29 11 21 30 | 10
#1108-d246 @A: 11 33 16 12 | 09
#1109-d246 @A: 18 03 22 11 | 01
#1110-d246 @A: 25 02 17 11 | 11
#1111-d246 @A: 30 15 11 10 | 03
#1112-d246 @A: 17 11 10 04 | 02
#1113-d246 @A: 28 08 35 07 | 12
#1114-d246 @A: 03 33 08 07 | 08
#1115-d246 @A: 27 13 08 02 | 07
#1116-d246 @A: 08 03 19 21 | 05
#1117-d246 @A: 08 29 01 13 | 06
#1118-d246 @A: 08 13 28 09 | 04
#1119-d246 @A: 33 29 08 35 | 10
#1120-d246 @A: 12 08 23 21 | 09
#1121-d246 @A: 15 16 08 32 | 01
#1122-d246 @A: 29 28 32 08 | 11
#1123-d246 @A: 32 30 04 08 | 03
#1124-d246 @A: 01 08 06 03 | 02
#1125-d246 @A: 25 09 12 08 | 12
#1126-d246 @A: 08 02 15 04 | 08
#1127-d246 @A: 08 25 18 05 | 07
#1128-d246 @A: 08 34 33 06 | 05
#1129-d246 @A: 08 20 33 04 | 06
#1130-d246 @A: 24 07 16 27 | 04
#1131-d246 @A: 07 24 26 32 | 10
#1132-d246 @A: 22 07 05 24 | 09
#1133-d246 @A: 07 14 24 09 | 01
#1134-d246 @A: 07 12 21 27 | 11
#1135-d246 @A: 31 28 07 19 | 03
#1136-d246 @A: 07 19 13 29 | 02
#1137-d246 @A: 03 15 07 19 | 12
#1138-d246 @A: 06 07 19 05 | 08
#1139-d246 @A: 04 07 09 32 | 07
#1140-d246 @A: 32 14 07 17 | 05
#1141-d246 @A: 34 01 14 07 | 06
#1142-d246 @A: 09 07 16 15 | 04
#1143-d246 @A: 16 02 17 07 | 10
#1144-d246 @A: 07 25 02 18 | 09
#1145-d246 @A: 34 07 28 33 | 01
#1146-d246 @A: 28 07 06 15 | 11
#1147-d246 @A: 34 30 15 07 | 03
#1148-d246 @A: 07 30 10 17 | 02
#1149-d246 @A: 19 02 20 24 | 12
#1150-d246 @A: 05 24 13 32 | 08
#1151-d246 @A: 09 24 13 23 | 07
#1152-d246 @A: 06 13 24 14 | 05
#1153-d246 @A: 24 21 33 32 | 06
#1154-d246 @A: 03 32 06 24 | 04
#1155-d246 @A: 05 24 33 18 | 10
#1156-d246 @A: 23 33 29 24 | 09
#1157-d246 @A: 15 19 31 27 | 01
#1158-d246 @A: 27 33 31 13 | 11
#1159-d246 @A: 09 10 27 13 | 03
#1160-d246 @A: 27 32 16 25 | 02
#1161-d246 @A: 10 27 12 16 | 12
#1162-d246 @A: 20 10 27 17 | 08
#1163-d246 @A: 16 19 25 31 | 07
#1164-d246 @A: 19 26 29 35 | 05
#1165-d246 @A: 09 32 15 19 | 06
#1166-d246 @A: 30 29 32 19 | 04
#1167-d246 @A: 20 19 22 12 | 10
#1168-d246 @A: 23 20 19 05 | 09
#1169-d246 @A: 34 20 26 19 | 01
#1170-d246 @A: 13 14 31 28 | 11
#1171-d246 @A: 13 31 15 30 | 03
#1172-d246 @A: 23 21 31 35 | 02
#1173-d246 @A: 20 05 35 31 | 12
#1174-d246 @A: 01 21 25 31 | 08
#1175-d246 @A: 22 28 31 21 | 07
#1176-d246 @A: 12 31 16 02 | 05
#1177-d246 @A: 34 33 14 31 | 06
#1178-d246 @A: 31 15 02 33 | 04
#1179-d246 @A: 02 04 31 06 | 10
#1180-d246 @A: 31 28 15 05 | 09
#1181-d246 @A: 15 13 14 21 | 01
#1182-d246 @A: 13 21 30 33 | 11
#1183-d246 @A: 23 21 29 13 | 03
#1184-d246 @A: 01 13 30 32 | 02
#1185-d246 @A: 13 04 03 32 | 12
#1186-d246 @A: 13 16 30 04 | 08
#1187-d246 @A: 13 34 05 03 | 07
#1188-d246 @A: 13 02 28 06 | 05
#1189-d246 @A: 25 23 13 34 | 06
#1190-d246 @A: 09 21 30 35 | 04
#1191-d246 @A: 03 35 32 15 | 10
#1192-d246 @A: 05 35 28 32 | 09
#1193-d246 @A: 15 16 05 35 | 01
#1194-d246 @A: 02 15 18 35 | 11
#1195-d246 @A: 02 26 28 35 | 03
#1196-d246 @A: 25 33 35 28 | 02
#1197-d246 @A: 34 35 33 15 | 12
#1198-d246 @A: 35 23 17 15 | 08
#1199-d246 @A: 29 04 15 35 | 07
#1200-d246 @A: 26 25 23 35 | 05
#1201-d246 @A: 32 10 21 02 | 06
#1202-d246 @A: 05 01 21 16 | 04
#1203-d246 @A: 10 03 21 12 | 10
#1204-d246 @A: 21 14 05 12 | 09
#1205-d246 @A: 33 21 09 16 | 01
#1206-d246 @A: 09 04 21 03 | 11
#1207-d246 @A: 03 21 23 14 | 03
#1208-d246 @A: 28 02 21 18 | 02
#1209-d246 @A: 23 06 28 21 | 12
#1210-d246 @A: 33 23 21 05 | 08
#1211-d246 @A: 01 06 32 22 | 07
#1212-d246 @A: 32 04 25 12 | 05
#1213-d246 @A: 32 22 16 33 | 06
#1214-d246 @A: 32 03 14 34 | 04
#1215-d246 @A: 32 30 33 28 | 10
#1216-d246 @A: 20 05 04 32 | 09
#1217-d246 @A: 10 20 32 15 | 01
#1218-d246 @A: 12 01 25 33 | 11
#1219-d246 @A: 16 09 34 01 | 03
#1220-d246 @A: 15 29 02 01 | 02
#1221-d246 @A: 05 01 30 04 | 12
#1222-d246 @A: 17 29 01 06 | 08
#1223-d246 @A: 15 10 04 01 | 07
#1224-d246 @A: 16 12 29 06 | 05
#1225-d246 @A: 09 30 29 12 | 06
#1226-d246 @A: 30 12 26 10 | 04
#1227-d246 @A: 09 16 14 03 | 10
#1228-d246 @A: 06 05 28 16 | 09
#1229-d246 @A: 10 02 23 03 | 01
#1230-d246 @A: 18 33 03 26 | 11
#1231-d246 @A: 30 03 10 06 | 03
#1232-d246 @A: 20 25 05 03 | 02
#1233-d246 @A: 22 14 15 02 | 12
#1234-d246 @A: 02 20 28 22 | 08
#1235-d246 @A: 22 33 02 05 | 07
#1236-d246 @A: 02 26 22 17 | 05
#1237-d246 @A: 10 22 18 05 | 06
#1238-d246 @A: 10 22 26 34 | 04
#1239-d246 @A: 02 29 09 18 | 10
#1240-d246 @A: 09 28 04 06 | 09
#1241-d246 @A: 10 23 30 09 | 01
#1242-d246 @A: 30 15 09 20 | 11
#1243-d246 @A: 02 14 28 34 | 03
#1244-d246 @A: 05 14 26 18 | 02
#1245-d246 @A: 14 28 06 17 | 12
#1246-d246 @A: 14 15 05 17 | 08
#1247-d246 @A: 29 23 17 14 | 07
#1248-d246 @A: 08 02 11 22 | 05
#1249-d246 @A: 29 08 11 18 | 06
#1250-d246 @A: 11 07 17 23 | 04
#1251-d246 @A: 11 04 24 31 | 10
#1252-d246 @A: 11 10 27 21 | 09
#1253-d246 @A: 02 01 19 11 | 01
#1254-d246 @A: 12 13 11 05 | 11
#1255-d246 @A: 16 11 13 18 | 03
#1256-d246 @A: 11 34 21 35 | 02
#1257-d246 @A: 06 32 35 11 | 12
#1258-d246 @A: 28 11 12 21 | 08
#1259-d246 @A: 01 33 05 11 | 07
#1260-d246 @A: 09 12 11 34 | 05
#1261-d246 @A: 16 11 02 29 | 06
#1262-d246 @A: 03 11 05 09 | 04
#1263-d246 @A: 11 03 09 29 | 10
#1264-d246 @A: 03 25 34 11 | 09
#1265-d246 @A: 14 11 22 28 | 01
#1266-d246 @A: 02 15 11 09 | 11
#1267-d246 @A: 15 11 20 28 | 03
#1268-d246 @A: 11 30 17 33 | 02
#1269-d246 @A: 04 25 11 05 | 12
#1270-d246 @A: 06 15 29 11 | 08
#1271-d246 @A: 08 31 07 10 | 07
#1272-d246 @A: 17 08 07 21 | 05
#1273-d246 @A: 10 09 08 24 | 06
#1274-d246 @A: 02 21 08 31 | 04
#1275-d246 @A: 31 29 08 23 | 10
#1276-d246 @A: 32 08 21 25 | 09
#1277-d246 @A: 06 26 08 21 | 01
#1278-d246 @A: 01 16 08 33 | 11
#1279-d246 @A: 30 12 03 08 | 03
#1280-d246 @A: 12 22 08 33 | 02
#1281-d246 @A: 06 12 08 14 | 12
#1282-d246 @A: 08 16 14 30 | 08
#1283-d246 @A: 04 22 08 29 | 07
#1284-d246 @A: 14 08 29 10 | 05
#1285-d246 @A: 07 27 06 31 | 06
#1286-d246 @A: 07 32 27 15 | 04
#1287-d246 @A: 01 27 23 07 | 10
#1288-d246 @A: 19 07 17 35 | 09
#1289-d246 @A: 18 31 07 29 | 01
#1290-d246 @A: 15 07 13 23 | 11
#1291-d246 @A: 25 32 07 03 | 03
#1292-d246 @A: 14 07 12 33 | 02
#1293-d246 @A: 29 30 07 33 | 12
#1294-d246 @A: 25 20 30 07 | 08
#1295-d246 @A: 20 33 07 05 | 07
#1296-d246 @A: 23 07 34 29 | 05
#1297-d246 @A: 07 26 10 20 | 06
#1298-d246 @A: 27 14 33 24 | 04
#1299-d246 @A: 23 20 27 24 | 10
#1300-d246 @A: 01 19 18 24 | 09
#1301-d246 @A: 24 22 19 06 | 01
#1302-d246 @A: 35 10 24 29 | 11
#1303-d246 @A: 09 24 18 32 | 03
#1304-d246 @A: 28 12 24 01 | 02
#1305-d246 @A: 09 03 34 24 | 12
#1306-d246 @A: 04 03 10 24 | 08
#1307-d246 @A: 24 25 22 33 | 07
#1308-d246 @A: 26 24 18 02 | 05
#1309-d246 @A: 29 27 31 33 | 06
#1310-d246 @A: 27 25 13 14 | 04
#1311-d246 @A: 35 04 12 27 | 10
#1312-d246 @A: 09 34 32 27 | 09
#1313-d246 @A: 06 09 27 03 | 01
#1314-d246 @A: 09 30 05 27 | 11
#1315-d246 @A: 27 05 14 10 | 03
#1316-d246 @A: 27 02 10 28 | 02
#1317-d246 @A: 05 27 15 02 | 12
#1318-d246 @A: 27 30 18 33 | 08
#1319-d246 @A: 18 10 27 15 | 07
#1320-d246 @A: 30 27 23 04 | 05
#1321-d246 @A: 27 34 29 26 | 06
#1322-d246 @A: 23 13 21 19 | 04
#1323-d246 @A: 19 33 12 13 | 10
#1324-d246 @A: 02 13 09 19 | 09
#1325-d246 @A: 19 35 25 21 | 01
#1326-d246 @A: 09 06 19 21 | 11
#1327-d246 @A: 25 19 01 09 | 03
#1328-d246 @A: 19 05 12 16 | 02
#1329-d246 @A: 22 16 10 19 | 12
#1330-d246 @A: 22 16 19 29 | 08
#1331-d246 @A: 19 03 05 02 | 07
#1332-d246 @A: 14 19 22 09 | 05
#1333-d246 @A: 34 19 22 15 | 06
#1334-d246 @A: 26 30 19 04 | 04
#1335-d246 @A: 17 31 30 35 | 10
#1336-d246 @A: 33 01 31 22 | 09
#1337-d246 @A: 26 22 31 16 | 01
#1338-d246 @A: 31 22 03 30 | 11
#1339-d246 @A: 14 29 03 31 | 03
#1340-d246 @A: 31 18 20 15 | 02
#1341-d246 @A: 28 23 31 34 | 12
#1342-d246 @A: 31 29 26 17 | 08
#1343-d246 @A: 31 20 10 29 | 07
#1344-d246 @A: 35 34 13 32 | 05
#1345-d246 @A: 25 12 35 13 | 06
#1346-d246 @A: 14 12 13 09 | 04
#1347-d246 @A: 16 22 13 15 | 10
#1348-d246 @A: 13 28 15 03 | 09
#1349-d246 @A: 22 28 33 13 | 01
#1350-d246 @A: 09 25 17 13 | 11
#1351-d246 @A: 29 13 14 20 | 03
#1352-d246 @A: 02 17 13 18 | 02
#1353-d246 @A: 20 17 13 28 | 12
#1354-d246 @A: 17 30 13 05 | 08
#1355-d246 @A: 15 33 13 10 | 07
#1356-d246 @A: 32 35 21 16 | 05
#1357-d246 @A: 01 35 21 26 | 06
#1358-d246 @A: 32 01 35 23 | 04
#1359-d246 @A: 05 35 33 26 | 10
#1360-d246 @A: 23 33 10 35 | 09
#1361-d246 @A: 17 35 25 04 | 01
#1362-d246 @A: 35 04 06 15 | 11
#1363-d246 @A: 15 21 32 01 | 03
#1364-d246 @A: 06 16 04 21 | 02
#1365-d246 @A: 03 33 21 15 | 12
#1366-d246 @A: 34 21 28 10 | 08
#1367-d246 @A: 21 04 17 30 | 07
#1368-d246 @A: 15 21 17 06 | 05
#1369-d246 @A: 01 32 03 26 | 06
#1370-d246 @A: 12 33 32 03 | 04
#1371-d246 @A: 29 17 16 32 | 10
#1372-d246 @A: 32 05 17 33 | 09
#1373-d246 @A: 33 10 32 25 | 01
#1374-d246 @A: 06 10 17 32 | 11
#1375-d246 @A: 22 03 04 01 | 03
#1376-d246 @A: 14 01 30 22 | 02
#1377-d246 @A: 18 17 10 01 | 12
#1378-d246 @A: 06 15 33 01 | 08
#1379-d246 @A: 25 01 04 26 | 07
#1380-d246 @A: 14 25 22 12 | 05
#1381-d246 @A: 10 14 20 12 | 06
#1382-d246 @A: 18 12 17 23 | 04
#1383-d246 @A: 33 30 12 04 | 10
#1384-d246 @A: 25 16 04 22 | 09
#1385-d246 @A: 05 18 16 02 | 01
#1386-d246 @A: 16 04 20 02 | 11
#1387-d246 @A: 20 33 16 18 | 03
#1388-d246 @A: 10 34 16 04 | 02
#1389-d246 @A: 06 16 23 20 | 12
#1390-d246 @A: 09 29 34 22 | 08
#1391-d246 @A: 18 04 02 22 | 07
#1392-d246 @A: 09 17 06 02 | 05
#1393-d246 @A: 18 25 10 09 | 06
#1394-d246 @A: 09 15 25 23 | 04
#1395-d246 @A: 18 14 30 20 | 10
#1396-d246 @A: 29 04 18 14 | 09
#1397-d246 @A: 10 14 25 34 | 01
#1398-d246 @A: 35 08 19 11 | 11
#1399-d246 @A: 32 01 11 08 | 03
#1400-d246 @A: 04 07 27 11 | 02
#1401-d246 @A: 14 10 11 07 | 12
#1402-d246 @A: 26 11 06 07 | 08
#1403-d246 @A: 06 24 27 11 | 07
#1404-d246 @A: 35 27 11 15 | 05
#1405-d246 @A: 11 31 01 23 | 06
#1406-d246 @A: 26 31 11 05 | 04
#1407-d246 @A: 11 02 13 21 | 10
#1408-d246 @A: 13 33 32 11 | 09
#1409-d246 @A: 17 29 11 35 | 01
#1410-d246 @A: 21 09 11 20 | 11
#1411-d246 @A: 21 30 11 23 | 03
#1412-d246 @A: 05 32 11 14 | 02
#1413-d246 @A: 09 01 18 11 | 12
#1414-d246 @A: 26 22 33 11 | 08
#1415-d246 @A: 08 16 07 34 | 07
#1416-d246 @A: 08 30 01 27 | 05
#1417-d246 @A: 25 27 03 08 | 06
#1418-d246 @A: 31 19 08 33 | 04
#1419-d246 @A: 02 16 08 19 | 10
#1420-d246 @A: 12 31 28 08 | 09
#1421-d246 @A: 08 03 18 13 | 01
#1422-d246 @A: 08 35 04 22 | 11
#1423-d246 @A: 08 34 10 32 | 03
#1424-d246 @A: 26 28 08 22 | 02
#1425-d246 @A: 30 08 17 22 | 12
#1426-d246 @A: 33 08 14 18 | 08
#1427-d246 @A: 30 05 33 08 | 07
#1428-d246 @A: 10 08 15 05 | 05
#1429-d246 @A: 24 28 07 30 | 06
#1430-d246 @A: 29 28 07 27 | 04
#1431-d246 @A: 20 19 07 13 | 10
#1432-d246 @A: 07 19 12 01 | 09
#1433-d246 @A: 31 25 12 07 | 01
#1434-d246 @A: 07 16 13 03 | 11
#1435-d246 @A: 25 22 35 07 | 03
#1436-d246 @A: 05 07 09 35 | 02
#1437-d246 @A: 35 15 07 14 | 12
#1438-d246 @A: 32 16 07 06 | 08
#1439-d246 @A: 15 07 05 01 | 07
#1440-d246 @A: 23 34 12 07 | 05
#1441-d246 @A: 34 07 10 03 | 06
#1442-d246 @A: 07 28 25 14 | 04
#1443-d246 @A: 07 34 20 18 | 10
#1444-d246 @A: 06 04 10 07 | 09
#1445-d246 @A: 03 24 27 30 | 01
#1446-d246 @A: 04 35 24 16 | 11
#1447-d246 @A: 21 14 28 24 | 03
#1448-d246 @A: 16 01 06 24 | 02
#1449-d246 @A: 24 29 01 30 | 12
#1450-d246 @A: 27 35 05 19 | 08
#1451-d246 @A: 16 21 27 20 | 07
#1452-d246 @A: 27 32 01 04 | 05
#1453-d246 @A: 29 32 06 27 | 06
#1454-d246 @A: 16 01 22 27 | 04
#1455-d246 @A: 27 03 33 02 | 10
#1456-d246 @A: 22 17 27 14 | 09
#1457-d246 @A: 28 15 33 27 | 01
#1458-d246 @A: 29 10 25 27 | 11
#1459-d246 @A: 27 10 06 23 | 03
#1460-d246 @A: 31 19 35 29 | 02
#1461-d246 @A: 02 31 19 17 | 12
#1462-d246 @A: 19 28 16 32 | 08
#1463-d246 @A: 19 03 20 32 | 07
#1464-d246 @A: 22 30 25 19 | 05
#1465-d246 @A: 19 02 34 18 | 06
#1466-d246 @A: 34 25 28 19 | 04
#1467-d246 @A: 19 15 29 28 | 10
#1468-d246 @A: 15 04 33 19 | 09
#1469-d246 @A: 01 13 10 31 | 01
#1470-d246 @A: 06 31 16 13 | 11
#1471-d246 @A: 17 13 22 31 | 03
#1472-d246 @A: 13 31 06 29 | 02
#1473-d246 @A: 31 30 32 20 | 12
#1474-d246 @A: 32 29 05 31 | 08
#1475-d246 @A: 34 31 01 03 | 07
#1476-d246 @A: 29 15 16 31 | 05
#1477-d246 @A: 10 28 31 18 | 06
#1478-d246 @A: 05 31 33 25 | 04
#1479-d246 @A: 13 18 09 21 | 10
#1480-d246 @A: 29 13 04 03 | 09
#1481-d246 @A: 22 13 20 18 | 01
#1482-d246 @A: 17 13 26 14 | 11
#1483-d246 @A: 25 30 13 02 | 03
#1484-d246 @A: 05 10 20 13 | 02
#1485-d246 @A: 35 10 21 15 | 12
#1486-d246 @A: 23 35 29 32 | 08
#1487-d246 @A: 35 01 30 33 | 07
#1488-d246 @A: 12 35 09 33 | 05
#1489-d246 @A: 35 14 10 03 | 06
#1490-d246 @A: 30 22 35 18 | 04
#1491-d246 @A: 15 30 35 25 | 10
#1492-d246 @A: 29 21 01 03 | 09
#1493-d246 @A: 18 01 22 21 | 01
#1494-d246 @A: 16 14 34 21 | 11
#1495-d246 @A: 21 18 10 04 | 03
#1496-d246 @A: 05 20 26 21 | 02
#1497-d246 @A: 29 12 33 32 | 12
#1498-d246 @A: 32 16 14 02 | 08
#1499-d246 @A: 25 32 22 09 | 07
#1500-d246 @A: 02 06 32 18 | 05
#1501-d246 @A: 18 04 32 23 | 06
#1502-d246 @A: 28 32 25 23 | 04
#1503-d246 @A: 33 15 32 23 | 10
#1504-d246 @A: 32 20 33 26 | 09
#1505-d246 @A: 01 16 30 02 | 01
#1506-d246 @A: 26 06 02 01 | 11
#1507-d246 @A: 34 01 18 15 | 03
#1508-d246 @A: 26 20 01 18 | 02
#1509-d246 @A: 04 28 20 01 | 12
#1510-d246 @A: 01 30 17 06 | 08
#1511-d246 @A: 20 01 25 15 | 07
#1512-d246 @A: 10 01 23 20 | 05
#1513-d246 @A: 12 18 03 29 | 06
#1514-d246 @A: 14 12 29 22 | 04
#1515-d246 @A: 06 12 26 18 | 10
#1516-d246 @A: 29 12 28 04 | 09
#1517-d246 @A: 12 23 05 06 | 01
#1518-d246 @A: 10 15 12 34 | 11
#1519-d246 @A: 17 16 28 33 | 03
#1520-d246 @A: 16 05 17 10 | 02
#1521-d246 @A: 05 26 16 25 | 12
#1522-d246 @A: 03 25 28 26 | 08
#1523-d246 @A: 23 28 29 03 | 07
#1524-d246 @A: 03 20 30 29 | 05
#1525-d246 @A: 06 26 23 03 | 06
#1526-d246 @A: 28 29 33 22 | 04
#1527-d246 @A: 30 20 22 33 | 10
#1528-d246 @A: 26 22 23 30 | 09
#1529-d246 @A: 15 22 29 05 | 01
#1530-d246 @A: 18 09 23 14 | 11
#1531-d246 @A: 10 17 09 14 | 03
#1532-d246 @A: 14 20 09 26 | 02
#1533-d246 @A: 05 09 02 28 | 12
#1534-d246 @A: 34 10 02 09 | 08
#1535-d246 @A: 06 29 09 23 | 07
#1536-d246 @A: 09 10 29 26 | 05
#1537-d246 @A: 04 06 05 14 | 06
#1538-d246 @A: 33 15 20 14 | 04
#1539-d246 @A: 29 33 10 18 | 10
#1540-d246 @A: 18 23 29 26 | 09
#1541-d246 @A: 29 33 15 25 | 01
#1542-d246 @A: 08 11 03 23 | 11
#1543-d246 @A: 24 07 11 18 | 03
#1544-d246 @A: 07 01 28 11 | 02
#1545-d246 @A: 13 27 11 26 | 12
#1546-d246 @A: 12 27 29 11 | 08
#1547-d246 @A: 35 14 09 11 | 07
#1548-d246 @A: 11 21 17 01 | 05
#1549-d246 @A: 32 14 29 11 | 06
#1550-d246 @A: 26 32 11 25 | 04
#1551-d246 @A: 11 30 02 28 | 10
#1552-d246 @A: 33 11 02 34 | 09
#1553-d246 @A: 29 28 10 11 | 01
#1554-d246 @A: 08 12 05 07 | 11
#1555-d246 @A: 29 25 08 07 | 03
#1556-d246 @A: 30 08 24 35 | 02
#1557-d246 @A: 08 21 18 24 | 12
#1558-d246 @A: 16 23 08 24 | 08
#1559-d246 @A: 15 24 14 08 | 07
#1560-d246 @A: 08 31 27 34 | 05
#1561-d246 @A: 08 27 09 17 | 06
#1562-d246 @A: 19 13 15 08 | 04
#1563-d246 @A: 22 19 18 08 | 10
#1564-d246 @A: 19 29 08 09 | 09
#1565-d246 @A: 22 31 08 32 | 01
#1566-d246 @A: 31 14 17 08 | 11
#1567-d246 @A: 01 28 21 08 | 03
#1568-d246 @A: 08 04 12 26 | 02
#1569-d246 @A: 04 08 16 09 | 12
#1570-d246 @A: 02 08 30 26 | 08
#1571-d246 @A: 34 07 35 27 | 07
#1572-d246 @A: 09 07 27 25 | 05
#1573-d246 @A: 32 23 07 19 | 06
#1574-d246 @A: 04 07 14 13 | 04
#1575-d246 @A: 35 10 07 16 | 10
#1576-d246 @A: 21 07 30 32 | 09
#1577-d246 @A: 22 21 15 07 | 01
#1578-d246 @A: 28 22 32 07 | 11
#1579-d246 @A: 07 20 29 01 | 03
#1580-d246 @A: 07 23 16 14 | 02
#1581-d246 @A: 03 07 05 23 | 12
#1582-d246 @A: 14 07 29 09 | 08
#1583-d246 @A: 07 34 02 05 | 07
#1584-d246 @A: 07 25 10 15 | 05
#1585-d246 @A: 12 27 05 24 | 06
#1586-d246 @A: 19 31 24 30 | 04
#1587-d246 @A: 32 19 24 04 | 10
#1588-d246 @A: 17 09 19 24 | 09
#1589-d246 @A: 24 23 19 14 | 01
#1590-d246 @A: 31 34 24 21 | 11
#1591-d246 @A: 35 22 28 24 | 03
#1592-d246 @A: 01 03 15 24 | 02
#1593-d246 @A: 24 33 09 01 | 12
#1594-d246 @A: 15 12 24 09 | 08
#1595-d246 @A: 24 02 29 12 | 07
#1596-d246 @A: 18 24 06 20 | 05
#1597-d246 @A: 05 15 20 24 | 06
#1598-d246 @A: 05 31 27 01 | 04
#1599-d246 @A: 02 14 31 27 | 10
#1600-d246 @A: 06 32 13 27 | 09
#1601-d246 @A: 02 27 01 35 | 01
#1602-d246 @A: 16 21 29 27 | 11
#1603-d246 @A: 21 05 25 27 | 03
#1604-d246 @A: 03 17 32 27 | 02
#1605-d246 @A: 03 16 05 27 | 12
#1606-d246 @A: 02 25 04 27 | 08
#1607-d246 @A: 34 27 25 15 | 07
#1608-d246 @A: 20 04 06 27 | 05
#1609-d246 @A: 26 25 20 27 | 06
#1610-d246 @A: 31 20 21 19 | 04
#1611-d246 @A: 05 09 31 19 | 10
#1612-d246 @A: 12 19 35 02 | 09
#1613-d246 @A: 30 21 02 19 | 01
#1614-d246 @A: 19 09 23 03 | 11
#1615-d246 @A: 19 14 29 34 | 03
#1616-d246 @A: 19 02 04 23 | 02
#1617-d246 @A: 17 19 18 30 | 12
#1618-d246 @A: 04 19 06 25 | 08
#1619-d246 @A: 13 20 31 03 | 07
#1620-d246 @A: 26 10 31 35 | 05
#1621-d246 @A: 16 18 32 31 | 06
#1622-d246 @A: 25 09 31 03 | 04
#1623-d246 @A: 03 10 15 31 | 10
#1624-d246 @A: 18 30 05 31 | 09
#1625-d246 @A: 17 31 05 06 | 01
#1626-d246 @A: 17 31 26 34 | 11
#1627-d246 @A: 13 32 22 02 | 03
#1628-d246 @A: 32 09 20 13 | 02
#1629-d246 @A: 01 14 13 33 | 12
#1630-d246 @A: 06 22 12 13 | 08
#1631-d246 @A: 13 26 09 16 | 07
#1632-d246 @A: 29 16 13 20 | 05
#1633-d246 @A: 03 14 02 13 | 06
#1634-d246 @A: 26 02 13 15 | 04
#1635-d246 @A: 13 18 23 10 | 10
#1636-d246 @A: 05 13 28 25 | 09
#1637-d246 @A: 13 20 30 26 | 01
#1638-d246 @A: 13 26 25 10 | 11
#1639-d246 @A: 35 16 01 18 | 03
#1640-d246 @A: 16 14 35 33 | 02
#1641-d246 @A: 35 17 28 34 | 12
#1642-d246 @A: 23 28 35 20 | 08
#1643-d246 @A: 34 30 26 35 | 07
#1644-d246 @A: 10 35 34 20 | 05
#1645-d246 @A: 32 29 09 21 | 06
#1646-d246 @A: 14 21 04 32 | 04
#1647-d246 @A: 23 16 02 21 | 10
#1648-d246 @A: 15 16 21 18 | 09
#1649-d246 @A: 33 21 29 02 | 01
#1650-d246 @A: 02 25 15 21 | 11
#1651-d246 @A: 30 21 26 25 | 03
#1652-d246 @A: 34 23 17 21 | 02
#1653-d246 @A: 21 25 34 04 | 12
#1654-d246 @A: 33 21 25 06 | 08
#1655-d246 @A: 20 23 21 15 | 07
#1656-d246 @A: 32 01 26 29 | 05
#1657-d246 @A: 22 23 12 32 | 06
#1658-d246 @A: 32 12 14 30 | 04
#1659-d246 @A: 29 22 03 32 | 10
#1660-d246 @A: 04 26 17 32 | 09
#1661-d246 @A: 29 10 04 32 | 01
#1662-d246 @A: 09 01 04 23 | 11
#1663-d246 @A: 33 01 18 02 | 03
#1664-d246 @A: 18 05 29 01 | 02
#1665-d246 @A: 01 17 25 34 | 12
#1666-d246 @A: 16 04 14 12 | 08
#1667-d246 @A: 25 18 12 20 | 07
#1668-d246 @A: 34 12 33 05 | 05
#1669-d246 @A: 10 04 12 23 | 06
#1670-d246 @A: 26 12 15 29 | 04
#1671-d246 @A: 14 16 05 22 | 10
#1672-d246 @A: 16 28 04 23 | 09
#1673-d246 @A: 26 17 16 30 | 01
#1674-d246 @A: 26 04 16 15 | 11
#1675-d246 @A: 03 26 04 02 | 03
#1676-d246 @A: 34 28 03 06 | 02
#1677-d246 @A: 04 03 15 20 | 12
#1678-d246 @A: 22 10 02 30 | 08
#1679-d246 @A: 15 28 22 25 | 07
#1680-d246 @A: 05 25 34 22 | 05
#1681-d246 @A: 04 18 09 20 | 06
#1682-d246 @A: 15 09 26 18 | 04
#1683-d246 @A: 33 15 09 05 | 10
#1684-d246 @A: 05 04 26 09 | 09
#1685-d246 @A: 02 14 29 06 | 01
#1686-d246 @A: 15 28 18 14 | 11
#1687-d246 @A: 30 14 10 33 | 03
#1688-d246 @A: 29 28 17 02 | 02
#1689-d246 @A: 29 04 30 17 | 12
