#0001-d260 @A: 11 07 33 05 | 02
#0002-d260 @A: 24 29 11 05 | 06
#0003-d260 @A: 11 05 16 19 | 07
#0004-d260 @A: 04 26 05 10 | 11
#0005-d260 @A: 30 31 05 02 | 08
#0006-d260 @A: 28 07 05 08 | 12
#0007-d260 @A: 33 05 01 09 | 03
#0008-d260 @A: 28 05 03 01 | 04
#0009-d260 @A: 01 15 05 16 | 01
#0010-d260 @A: 30 05 27 18 | 10
#0011-d260 @A: 31 24 05 28 | 05
#0012-d260 @A: 05 31 32 09 | 09
#0013-d260 @A: 05 20 28 15 | 02
#0014-d260 @A: 12 24 26 05 | 06
#0015-d260 @A: 29 20 14 05 | 07
#0016-d260 @A: 25 32 05 03 | 11
#0017-d260 @A: 26 09 05 08 | 08
#0018-d260 @A: 15 17 05 13 | 12
#0019-d260 @A: 17 01 04 11 | 03
#0020-d260 @A: 11 22 04 26 | 04
#0021-d260 @A: 28 16 02 11 | 01
#0022-d260 @A: 01 08 06 11 | 10
#0023-d260 @A: 11 06 03 18 | 05
#0024-d260 @A: 07 11 08 27 | 09
#0025-d260 @A: 34 20 18 11 | 02
#0026-d260 @A: 29 12 33 11 | 06
#0027-d260 @A: 20 11 26 31 | 07
#0028-d260 @A: 17 26 32 11 | 11
#0029-d260 @A: 17 16 11 09 | 08
#0030-d260 @A: 19 11 26 23 | 12
#0031-d260 @A: 13 22 17 11 | 03
#0032-d260 @A: 22 04 02 07 | 04
#0033-d260 @A: 09 30 04 02 | 01
#0034-d260 @A: 04 06 16 26 | 10
#0035-d260 @A: 01 16 04 07 | 05
#0036-d260 @A: 14 01 03 04 | 09
#0037-d260 @A: 28 33 03 04 | 02
#0038-d260 @A: 04 27 33 19 | 06
#0039-d260 @A: 04 31 20 27 | 07
#0040-d260 @A: 04 25 23 28 | 11
#0041-d260 @A: 03 17 27 04 | 08
#0042-d260 @A: 27 04 23 30 | 12
#0043-d260 @A: 35 14 04 21 | 03
#0044-d260 @A: 35 04 30 12 | 04
#0045-d260 @A: 30 15 25 04 | 01
#0046-d260 @A: 30 04 19 16 | 10
#0047-d260 @A: 20 09 04 23 | 05
#0048-d260 @A: 15 08 13 04 | 09
#0049-d260 @A: 24 02 21 06 | 02
#0050-d260 @A: 06 32 09 02 | 06
#0051-d260 @A: 02 07 29 32 | 07
#0052-d260 @A: 01 02 14 25 | 11
#0053-d260 @A: 21 34 02 18 | 08
#0054-d260 @A: 13 02 18 09 | 12
#0055-d260 @A: 02 33 03 31 | 03
#0056-d260 @A: 02 32 33 15 | 04
#0057-d260 @A: 13 02 31 20 | 01
#0058-d260 @A: 19 02 17 31 | 10
#0059-d260 @A: 02 16 35 12 | 05
#0060-d260 @A: 02 29 25 21 | 09
#0061-d260 @A: 02 25 20 19 | 02
#0062-d260 @A: 10 02 29 30 | 06
#0063-d260 @A: 07 15 19 06 | 07
#0064-d260 @A: 08 06 18 14 | 11
#0065-d260 @A: 29 28 06 31 | 08
#0066-d260 @A: 06 35 31 20 | 12
#0067-d260 @A: 31 06 30 13 | 03
#0068-d260 @A: 34 16 06 19 | 04
#0069-d260 @A: 09 06 13 35 | 01
#0070-d260 @A: 06 30 35 29 | 10
#0071-d260 @A: 06 17 23 32 | 05
#0072-d260 @A: 17 06 16 03 | 09
#0073-d260 @A: 29 06 22 09 | 02
#0074-d260 @A: 07 35 01 22 | 06
#0075-d260 @A: 09 33 07 24 | 07
#0076-d260 @A: 33 25 07 10 | 11
#0077-d260 @A: 31 07 35 15 | 08
#0078-d260 @A: 32 17 07 31 | 12
#0079-d260 @A: 10 28 03 07 | 03
#0080-d260 @A: 30 27 35 07 | 04
#0081-d260 @A: 07 27 22 12 | 01
#0082-d260 @A: 26 35 14 07 | 10
#0083-d260 @A: 12 07 29 24 | 05
#0084-d260 @A: 15 16 07 13 | 09
#0085-d260 @A: 22 09 20 07 | 02
#0086-d260 @A: 22 29 26 07 | 06
#0087-d260 @A: 01 16 31 14 | 07
#0088-d260 @A: 32 25 01 27 | 11
#0089-d260 @A: 01 22 15 25 | 08
#0090-d260 @A: 21 01 16 19 | 12
#0091-d260 @A: 22 09 01 23 | 03
#0092-d260 @A: 01 15 10 26 | 04
#0093-d260 @A: 18 12 30 33 | 01
#0094-d260 @A: 14 18 32 29 | 10
#0095-d260 @A: 18 03 21 22 | 05
#0096-d260 @A: 22 18 23 16 | 09
#0097-d260 @A: 15 18 26 17 | 02
#0098-d260 @A: 35 24 33 08 | 06
#0099-d260 @A: 32 14 33 08 | 07
#0100-d260 @A: 33 13 25 09 | 11
#0101-d260 @A: 16 15 08 33 | 08
#0102-d260 @A: 33 29 09 17 | 12
#0103-d260 @A: 28 14 08 31 | 03
#0104-d260 @A: 26 12 28 31 | 04
#0105-d260 @A: 31 32 13 28 | 01
#0106-d260 @A: 13 31 34 27 | 10
#0107-d260 @A: 24 17 31 34 | 05
#0108-d260 @A: 32 31 35 08 | 09
#0109-d260 @A: 31 12 13 24 | 02
#0110-d260 @A: 24 08 25 31 | 06
#0111-d260 @A: 25 22 29 31 | 07
#0112-d260 @A: 19 21 08 31 | 11
#0113-d260 @A: 10 29 31 13 | 08
#0114-d260 @A: 10 28 35 34 | 12
#0115-d260 @A: 29 14 28 34 | 03
#0116-d260 @A: 12 28 03 34 | 04
#0117-d260 @A: 35 28 21 24 | 01
#0118-d260 @A: 28 26 15 35 | 10
#0119-d260 @A: 28 19 25 03 | 05
#0120-d260 @A: 28 08 25 09 | 09
#0121-d260 @A: 16 28 21 09 | 02
#0122-d260 @A: 21 08 22 28 | 06
#0123-d260 @A: 29 10 28 08 | 07
#0124-d260 @A: 28 26 30 20 | 11
#0125-d260 @A: 27 35 34 29 | 08
#0126-d260 @A: 27 34 09 22 | 12
#0127-d260 @A: 35 24 27 15 | 03
#0128-d260 @A: 12 08 35 27 | 04
#0129-d260 @A: 03 12 27 24 | 01
#0130-d260 @A: 14 10 12 27 | 10
#0131-d260 @A: 22 34 19 24 | 05
#0132-d260 @A: 14 34 22 32 | 09
#0133-d260 @A: 23 34 22 21 | 02
#0134-d260 @A: 20 23 15 34 | 06
#0135-d260 @A: 24 29 35 09 | 07
#0136-d260 @A: 13 29 35 16 | 11
#0137-d260 @A: 35 15 21 10 | 08
#0138-d260 @A: 29 24 03 17 | 12
#0139-d260 @A: 24 22 10 16 | 03
#0140-d260 @A: 24 21 26 20 | 04
#0141-d260 @A: 24 22 23 26 | 01
#0142-d260 @A: 08 14 19 03 | 10
#0143-d260 @A: 14 25 10 22 | 05
#0144-d260 @A: 14 21 26 10 | 09
#0145-d260 @A: 03 09 21 12 | 02
#0146-d260 @A: 32 03 09 22 | 06
#0147-d260 @A: 25 08 32 15 | 07
#0148-d260 @A: 13 25 26 32 | 11
#0149-d260 @A: 29 15 32 09 | 08
#0150-d260 @A: 20 29 32 22 | 12
#0151-d260 @A: 26 03 08 20 | 03
#0152-d260 @A: 11 05 04 30 | 04
#0153-d260 @A: 11 26 25 05 | 01
#0154-d260 @A: 05 16 02 18 | 10
#0155-d260 @A: 28 05 29 02 | 05
#0156-d260 @A: 03 05 35 02 | 09
#0157-d260 @A: 35 06 21 05 | 02
#0158-d260 @A: 01 05 14 07 | 06
#0159-d260 @A: 07 20 35 05 | 07
#0160-d260 @A: 32 05 20 01 | 11
#0161-d260 @A: 05 13 14 18 | 08
#0162-d260 @A: 18 08 20 05 | 12
#0163-d260 @A: 13 28 05 35 | 03
#0164-d260 @A: 28 05 14 30 | 04
#0165-d260 @A: 27 17 35 05 | 01
#0166-d260 @A: 35 05 32 15 | 10
#0167-d260 @A: 05 03 30 12 | 05
#0168-d260 @A: 11 10 32 04 | 09
#0169-d260 @A: 25 11 02 31 | 02
#0170-d260 @A: 11 07 31 24 | 06
#0171-d260 @A: 18 11 19 23 | 07
#0172-d260 @A: 30 11 33 20 | 11
#0173-d260 @A: 11 32 28 29 | 08
#0174-d260 @A: 27 19 24 11 | 12
#0175-d260 @A: 24 08 14 11 | 03
#0176-d260 @A: 10 23 08 11 | 04
#0177-d260 @A: 11 30 08 29 | 01
#0178-d260 @A: 11 09 20 13 | 10
#0179-d260 @A: 31 02 24 04 | 05
#0180-d260 @A: 21 04 32 06 | 09
#0181-d260 @A: 15 07 33 04 | 02
#0182-d260 @A: 01 27 04 21 | 06
#0183-d260 @A: 25 04 26 01 | 07
#0184-d260 @A: 25 19 04 18 | 11
#0185-d260 @A: 13 24 04 33 | 08
#0186-d260 @A: 04 14 30 31 | 12
#0187-d260 @A: 28 04 27 09 | 03
#0188-d260 @A: 27 35 04 10 | 04
#0189-d260 @A: 17 04 24 08 | 01
#0190-d260 @A: 14 12 17 04 | 10
#0191-d260 @A: 12 20 04 16 | 05
#0192-d260 @A: 23 03 08 04 | 09
#0193-d260 @A: 22 04 20 21 | 02
#0194-d260 @A: 03 02 28 06 | 06
#0195-d260 @A: 02 24 07 16 | 07
#0196-d260 @A: 02 18 01 33 | 11
#0197-d260 @A: 33 23 02 24 | 08
#0198-d260 @A: 15 30 35 02 | 12
#0199-d260 @A: 12 08 24 02 | 03
#0200-d260 @A: 16 25 13 02 | 04
#0201-d260 @A: 25 09 02 23 | 01
#0202-d260 @A: 22 02 16 20 | 10
#0203-d260 @A: 02 23 20 30 | 05
#0204-d260 @A: 02 10 17 09 | 09
#0205-d260 @A: 20 10 15 02 | 02
#0206-d260 @A: 26 06 07 27 | 06
#0207-d260 @A: 06 07 10 35 | 07
#0208-d260 @A: 06 18 28 19 | 11
#0209-d260 @A: 21 06 18 26 | 08
#0210-d260 @A: 06 09 12 14 | 12
#0211-d260 @A: 16 13 14 06 | 03
#0212-d260 @A: 22 06 19 25 | 04
#0213-d260 @A: 06 09 30 16 | 01
#0214-d260 @A: 21 29 13 06 | 10
#0215-d260 @A: 06 22 08 30 | 05
#0216-d260 @A: 33 01 07 26 | 09
#0217-d260 @A: 14 13 31 07 | 02
#0218-d260 @A: 10 27 23 07 | 06
#0219-d260 @A: 09 12 07 08 | 07
#0220-d260 @A: 07 13 03 29 | 11
#0221-d260 @A: 07 10 19 16 | 08
#0222-d260 @A: 07 17 09 23 | 12
#0223-d260 @A: 09 07 15 10 | 03
#0224-d260 @A: 01 18 08 34 | 04
#0225-d260 @A: 12 18 13 01 | 01
#0226-d260 @A: 18 32 01 16 | 10
#0227-d260 @A: 34 19 01 33 | 05
#0228-d260 @A: 14 30 33 01 | 09
#0229-d260 @A: 27 01 31 22 | 02
#0230-d260 @A: 01 20 21 28 | 06
#0231-d260 @A: 19 01 09 28 | 07
#0232-d260 @A: 35 01 27 13 | 11
#0233-d260 @A: 01 24 27 08 | 08
#0234-d260 @A: 30 15 27 01 | 12
#0235-d260 @A: 29 34 01 32 | 03
#0236-d260 @A: 14 21 24 01 | 04
#0237-d260 @A: 01 30 03 09 | 01
#0238-d260 @A: 13 01 10 25 | 10
#0239-d260 @A: 31 18 19 20 | 05
#0240-d260 @A: 24 22 18 14 | 09
#0241-d260 @A: 30 18 24 16 | 02
#0242-d260 @A: 23 18 24 08 | 06
#0243-d260 @A: 22 18 15 12 | 07
#0244-d260 @A: 10 32 15 18 | 11
#0245-d260 @A: 18 16 15 20 | 08
#0246-d260 @A: 30 18 15 08 | 12
#0247-d260 @A: 13 29 15 18 | 03
#0248-d260 @A: 18 13 22 20 | 04
#0249-d260 @A: 33 10 27 31 | 01
#0250-d260 @A: 15 12 28 33 | 10
#0251-d260 @A: 15 09 33 14 | 05
#0252-d260 @A: 30 21 22 33 | 09
#0253-d260 @A: 29 33 10 22 | 02
#0254-d260 @A: 10 12 31 28 | 06
#0255-d260 @A: 31 27 26 24 | 07
#0256-d260 @A: 12 17 31 27 | 11
#0257-d260 @A: 35 25 31 30 | 08
#0258-d260 @A: 22 15 32 31 | 12
#0259-d260 @A: 31 16 19 29 | 03
#0260-d260 @A: 13 23 26 31 | 04
#0261-d260 @A: 27 03 22 28 | 01
#0262-d260 @A: 23 27 28 08 | 10
#0263-d260 @A: 24 28 12 17 | 05
#0264-d260 @A: 12 28 22 14 | 09
#0265-d260 @A: 19 12 28 29 | 02
#0266-d260 @A: 03 20 29 28 | 06
#0267-d260 @A: 26 28 22 25 | 07
#0268-d260 @A: 28 30 23 10 | 11
#0269-d260 @A: 29 28 30 09 | 08
#0270-d260 @A: 35 03 21 27 | 12
#0271-d260 @A: 03 27 13 08 | 03
#0272-d260 @A: 13 27 25 19 | 04
#0273-d260 @A: 16 09 27 10 | 01
#0274-d260 @A: 08 13 26 27 | 10
#0275-d260 @A: 27 15 29 10 | 05
#0276-d260 @A: 26 21 12 34 | 09
#0277-d260 @A: 34 30 20 19 | 02
#0278-d260 @A: 30 34 10 26 | 06
#0279-d260 @A: 23 16 26 35 | 07
#0280-d260 @A: 35 08 09 22 | 11
#0281-d260 @A: 20 30 08 35 | 08
#0282-d260 @A: 22 20 35 15 | 12
#0283-d260 @A: 10 35 30 13 | 03
#0284-d260 @A: 24 03 13 10 | 04
#0285-d260 @A: 24 19 16 08 | 01
#0286-d260 @A: 29 24 26 16 | 10
#0287-d260 @A: 13 29 22 24 | 05
#0288-d260 @A: 09 20 14 21 | 09
#0289-d260 @A: 13 12 32 03 | 02
#0290-d260 @A: 25 32 12 29 | 06
#0291-d260 @A: 03 17 12 08 | 07
#0292-d260 @A: 30 12 16 17 | 11
#0293-d260 @A: 03 32 20 19 | 08
#0294-d260 @A: 25 32 17 19 | 12
#0295-d260 @A: 17 26 25 09 | 03
#0296-d260 @A: 09 23 26 15 | 04
#0297-d260 @A: 15 08 06 05 | 01
#0298-d260 @A: 29 05 16 07 | 10
#0299-d260 @A: 05 01 26 27 | 05
#0300-d260 @A: 08 05 33 31 | 09
#0301-d260 @A: 14 27 33 05 | 02
#0302-d260 @A: 27 05 31 15 | 06
#0303-d260 @A: 28 05 23 32 | 07
#0304-d260 @A: 12 35 05 29 | 11
#0305-d260 @A: 14 05 10 09 | 08
#0306-d260 @A: 05 14 29 26 | 12
#0307-d260 @A: 08 22 02 11 | 03
#0308-d260 @A: 06 09 11 31 | 04
#0309-d260 @A: 35 11 06 16 | 01
#0310-d260 @A: 07 25 11 14 | 10
#0311-d260 @A: 11 26 07 12 | 05
#0312-d260 @A: 11 03 26 01 | 09
#0313-d260 @A: 30 22 01 11 | 02
#0314-d260 @A: 18 27 11 13 | 06
#0315-d260 @A: 33 31 23 11 | 07
#0316-d260 @A: 22 11 33 19 | 11
#0317-d260 @A: 26 28 11 16 | 08
#0318-d260 @A: 27 15 20 11 | 12
#0319-d260 @A: 22 11 34 12 | 03
#0320-d260 @A: 03 25 12 11 | 04
#0321-d260 @A: 22 11 03 16 | 01
#0322-d260 @A: 15 11 03 08 | 10
#0323-d260 @A: 04 02 20 01 | 05
#0324-d260 @A: 04 02 28 10 | 09
#0325-d260 @A: 12 32 04 02 | 02
#0326-d260 @A: 20 07 18 04 | 06
#0327-d260 @A: 07 04 25 35 | 07
#0328-d260 @A: 33 01 04 25 | 11
#0329-d260 @A: 33 10 18 04 | 08
#0330-d260 @A: 03 04 34 19 | 12
#0331-d260 @A: 32 12 26 04 | 03
#0332-d260 @A: 08 20 25 04 | 04
#0333-d260 @A: 09 21 04 19 | 01
#0334-d260 @A: 10 04 22 08 | 10
#0335-d260 @A: 04 17 13 19 | 05
#0336-d260 @A: 33 02 22 06 | 09
#0337-d260 @A: 13 12 06 02 | 02
#0338-d260 @A: 23 18 28 02 | 06
#0339-d260 @A: 02 20 35 18 | 07
#0340-d260 @A: 31 02 21 35 | 11
#0341-d260 @A: 28 35 17 02 | 08
#0342-d260 @A: 16 27 02 34 | 12
#0343-d260 @A: 12 14 02 20 | 03
#0344-d260 @A: 23 19 03 02 | 04
#0345-d260 @A: 02 15 17 16 | 01
#0346-d260 @A: 08 15 02 23 | 10
#0347-d260 @A: 02 29 13 23 | 05
#0348-d260 @A: 01 06 28 17 | 09
#0349-d260 @A: 22 06 14 01 | 02
#0350-d260 @A: 18 21 06 33 | 06
#0351-d260 @A: 27 06 13 28 | 07
#0352-d260 @A: 24 06 12 19 | 11
#0353-d260 @A: 24 29 06 08 | 08
#0354-d260 @A: 17 06 08 09 | 12
#0355-d260 @A: 22 20 10 06 | 03
#0356-d260 @A: 27 09 31 07 | 04
#0357-d260 @A: 28 07 17 34 | 01
#0358-d260 @A: 14 16 23 07 | 10
#0359-d260 @A: 03 07 16 09 | 05
#0360-d260 @A: 29 25 07 30 | 09
#0361-d260 @A: 21 16 07 30 | 02
#0362-d260 @A: 07 23 21 08 | 06
#0363-d260 @A: 19 35 18 01 | 07
#0364-d260 @A: 15 14 18 01 | 11
#0365-d260 @A: 01 24 23 31 | 08
#0366-d260 @A: 31 30 12 01 | 12
#0367-d260 @A: 14 01 09 27 | 03
#0368-d260 @A: 12 08 01 14 | 04
#0369-d260 @A: 01 15 10 08 | 01
#0370-d260 @A: 19 22 01 17 | 10
#0371-d260 @A: 23 18 33 25 | 05
#0372-d260 @A: 30 31 18 32 | 09
#0373-d260 @A: 21 09 18 31 | 02
#0374-d260 @A: 28 18 12 20 | 06
#0375-d260 @A: 35 18 16 27 | 07
#0376-d260 @A: 26 18 34 12 | 11
#0377-d260 @A: 21 10 18 20 | 08
#0378-d260 @A: 20 23 17 18 | 12
#0379-d260 @A: 29 18 22 08 | 03
#0380-d260 @A: 09 30 17 18 | 04
#0381-d260 @A: 30 24 28 33 | 01
#0382-d260 @A: 33 28 10 32 | 10
#0383-d260 @A: 23 16 28 33 | 05
#0384-d260 @A: 10 23 09 33 | 09
#0385-d260 @A: 13 30 33 19 | 02
#0386-d260 @A: 09 35 31 12 | 06
#0387-d260 @A: 32 26 10 31 | 07
#0388-d260 @A: 22 21 31 10 | 11
#0389-d260 @A: 09 08 31 20 | 08
#0390-d260 @A: 19 31 09 22 | 12
#0391-d260 @A: 28 27 25 34 | 03
#0392-d260 @A: 08 34 28 16 | 04
#0393-d260 @A: 15 35 08 28 | 01
#0394-d260 @A: 21 30 28 25 | 10
#0395-d260 @A: 15 28 22 30 | 05
#0396-d260 @A: 30 34 27 32 | 09
#0397-d260 @A: 27 13 24 14 | 02
#0398-d260 @A: 14 27 21 32 | 06
#0399-d260 @A: 29 27 30 03 | 07
#0400-d260 @A: 21 15 27 19 | 11
#0401-d260 @A: 17 27 19 23 | 08
#0402-d260 @A: 15 27 09 13 | 12
#0403-d260 @A: 30 20 22 27 | 03
#0404-d260 @A: 32 34 13 35 | 04
#0405-d260 @A: 26 19 34 35 | 01
#0406-d260 @A: 20 12 24 34 | 10
#0407-d260 @A: 21 34 03 30 | 05
#0408-d260 @A: 34 15 03 13 | 09
#0409-d260 @A: 23 34 16 13 | 02
#0410-d260 @A: 17 34 21 10 | 06
#0411-d260 @A: 10 34 15 22 | 07
#0412-d260 @A: 09 25 35 20 | 11
#0413-d260 @A: 13 15 35 25 | 08
#0414-d260 @A: 23 35 21 20 | 12
#0415-d260 @A: 09 30 21 35 | 03
#0416-d260 @A: 08 29 35 23 | 04
#0417-d260 @A: 32 14 24 09 | 01
#0418-d260 @A: 24 15 25 23 | 10
#0419-d260 @A: 09 10 25 24 | 05
#0420-d260 @A: 30 25 24 26 | 09
#0421-d260 @A: 23 24 21 16 | 02
#0422-d260 @A: 21 08 24 13 | 06
#0423-d260 @A: 21 24 09 22 | 07
#0424-d260 @A: 32 30 03 14 | 11
#0425-d260 @A: 16 14 21 08 | 08
#0426-d260 @A: 03 26 12 25 | 12
#0427-d260 @A: 15 08 21 12 | 03
#0428-d260 @A: 12 26 20 23 | 04
#0429-d260 @A: 30 13 15 12 | 01
#0430-d260 @A: 32 23 29 03 | 10
#0431-d260 @A: 17 32 03 10 | 05
#0432-d260 @A: 32 16 25 30 | 09
#0433-d260 @A: 25 22 32 13 | 02
#0434-d260 @A: 17 16 32 13 | 06
#0435-d260 @A: 09 20 30 32 | 07
#0436-d260 @A: 27 11 05 28 | 11
#0437-d260 @A: 05 21 04 07 | 08
#0438-d260 @A: 05 04 08 14 | 12
#0439-d260 @A: 02 05 12 22 | 03
#0440-d260 @A: 12 05 06 16 | 04
#0441-d260 @A: 32 05 07 30 | 01
#0442-d260 @A: 23 01 05 10 | 10
#0443-d260 @A: 05 28 33 19 | 05
#0444-d260 @A: 35 33 05 16 | 09
#0445-d260 @A: 24 27 05 20 | 02
#0446-d260 @A: 32 05 13 27 | 06
#0447-d260 @A: 34 08 12 05 | 07
#0448-d260 @A: 05 32 16 14 | 11
#0449-d260 @A: 03 05 16 21 | 08
#0450-d260 @A: 05 19 15 25 | 12
#0451-d260 @A: 30 20 16 05 | 03
#0452-d260 @A: 05 09 21 15 | 04
#0453-d260 @A: 30 29 05 23 | 01
#0454-d260 @A: 22 20 05 19 | 10
#0455-d260 @A: 22 04 11 27 | 05
#0456-d260 @A: 11 02 18 14 | 09
#0457-d260 @A: 29 02 11 35 | 02
#0458-d260 @A: 14 11 19 06 | 06
#0459-d260 @A: 01 11 13 23 | 07
#0460-d260 @A: 11 12 18 16 | 11
#0461-d260 @A: 31 22 11 28 | 08
#0462-d260 @A: 30 35 11 28 | 12
#0463-d260 @A: 09 11 12 28 | 03
#0464-d260 @A: 08 17 28 11 | 04
#0465-d260 @A: 11 26 21 35 | 01
#0466-d260 @A: 11 10 24 26 | 10
#0467-d260 @A: 21 11 16 25 | 05
#0468-d260 @A: 22 23 11 25 | 09
#0469-d260 @A: 11 29 13 19 | 02
#0470-d260 @A: 06 35 04 02 | 06
#0471-d260 @A: 15 18 04 02 | 07
#0472-d260 @A: 06 31 34 04 | 11
#0473-d260 @A: 07 34 04 27 | 08
#0474-d260 @A: 01 12 29 04 | 12
#0475-d260 @A: 28 03 26 04 | 03
#0476-d260 @A: 04 29 32 35 | 04
#0477-d260 @A: 04 08 30 21 | 01
#0478-d260 @A: 21 09 04 26 | 10
#0479-d260 @A: 26 15 30 04 | 05
#0480-d260 @A: 07 02 21 01 | 09
#0481-d260 @A: 30 07 33 02 | 02
#0482-d260 @A: 02 07 26 23 | 06
#0483-d260 @A: 03 12 01 02 | 07
#0484-d260 @A: 28 31 09 02 | 11
#0485-d260 @A: 28 27 02 15 | 08
#0486-d260 @A: 25 02 22 35 | 12
#0487-d260 @A: 29 14 24 02 | 03
#0488-d260 @A: 32 02 25 24 | 04
#0489-d260 @A: 03 30 02 17 | 01
#0490-d260 @A: 02 26 25 21 | 10
#0491-d260 @A: 26 02 20 15 | 05
#0492-d260 @A: 19 10 02 22 | 09
#0493-d260 @A: 07 06 21 28 | 02
#0494-d260 @A: 03 07 14 06 | 06
#0495-d260 @A: 27 01 23 06 | 07
#0496-d260 @A: 18 22 06 32 | 11
#0497-d260 @A: 35 06 26 31 | 08
#0498-d260 @A: 09 34 06 10 | 12
#0499-d260 @A: 35 08 06 19 | 03
#0500-d260 @A: 32 23 06 26 | 04
#0501-d260 @A: 06 13 03 22 | 01
#0502-d260 @A: 20 21 06 08 | 10
#0503-d260 @A: 29 13 06 26 | 05
#0504-d260 @A: 28 01 27 07 | 09
#0505-d260 @A: 33 28 14 07 | 02
#0506-d260 @A: 33 07 34 03 | 06
#0507-d260 @A: 16 28 35 07 | 07
#0508-d260 @A: 26 07 32 08 | 11
#0509-d260 @A: 19 07 09 25 | 08
#0510-d260 @A: 20 17 07 13 | 12
#0511-d260 @A: 17 27 18 01 | 03
#0512-d260 @A: 23 20 01 33 | 04
#0513-d260 @A: 27 03 01 16 | 01
#0514-d260 @A: 34 01 35 03 | 10
#0515-d260 @A: 14 10 01 35 | 05
#0516-d260 @A: 12 35 15 01 | 09
#0517-d260 @A: 29 01 21 35 | 02
#0518-d260 @A: 30 20 25 01 | 06
#0519-d260 @A: 29 20 15 01 | 07
#0520-d260 @A: 32 33 18 20 | 11
#0521-d260 @A: 21 18 28 27 | 08
#0522-d260 @A: 18 10 34 27 | 12
#0523-d260 @A: 34 18 12 32 | 03
#0524-d260 @A: 17 32 18 35 | 04
#0525-d260 @A: 14 18 25 26 | 01
#0526-d260 @A: 09 16 18 14 | 10
#0527-d260 @A: 18 10 30 03 | 05
#0528-d260 @A: 21 25 18 08 | 09
#0529-d260 @A: 10 18 26 09 | 02
#0530-d260 @A: 18 10 22 17 | 06
#0531-d260 @A: 17 28 33 21 | 07
#0532-d260 @A: 28 33 26 29 | 11
#0533-d260 @A: 27 25 35 33 | 08
#0534-d260 @A: 27 16 33 30 | 12
#0535-d260 @A: 20 33 14 35 | 03
#0536-d260 @A: 19 03 09 33 | 04
#0537-d260 @A: 33 25 19 29 | 01
#0538-d260 @A: 16 33 17 19 | 10
#0539-d260 @A: 33 19 08 23 | 05
#0540-d260 @A: 22 15 33 13 | 09
#0541-d260 @A: 33 15 30 29 | 02
#0542-d260 @A: 30 33 26 13 | 06
#0543-d260 @A: 15 34 12 31 | 07
#0544-d260 @A: 31 32 34 23 | 11
#0545-d260 @A: 31 16 03 25 | 08
#0546-d260 @A: 31 29 26 30 | 12
#0547-d260 @A: 26 08 23 28 | 03
#0548-d260 @A: 23 28 15 09 | 04
#0549-d260 @A: 27 26 32 09 | 01
#0550-d260 @A: 27 19 29 32 | 10
#0551-d260 @A: 25 27 20 10 | 05
#0552-d260 @A: 13 27 16 20 | 09
#0553-d260 @A: 29 15 34 25 | 02
#0554-d260 @A: 20 34 22 25 | 06
#0555-d260 @A: 13 20 08 34 | 07
#0556-d260 @A: 30 15 34 09 | 11
#0557-d260 @A: 35 24 26 09 | 08
#0558-d260 @A: 23 35 17 15 | 12
#0559-d260 @A: 08 35 17 26 | 03
#0560-d260 @A: 35 17 30 19 | 04
#0561-d260 @A: 24 21 03 25 | 01
#0562-d260 @A: 15 29 24 16 | 10
#0563-d260 @A: 21 20 24 15 | 05
#0564-d260 @A: 19 30 24 23 | 09
#0565-d260 @A: 29 22 14 03 | 02
#0566-d260 @A: 16 19 25 14 | 06
#0567-d260 @A: 25 08 23 12 | 07
#0568-d260 @A: 13 25 12 20 | 11
#0569-d260 @A: 10 25 12 30 | 08
#0570-d260 @A: 17 12 29 21 | 12
#0571-d260 @A: 30 21 12 20 | 03
#0572-d260 @A: 12 17 09 13 | 04
#0573-d260 @A: 21 32 19 22 | 01
#0574-d260 @A: 29 15 32 26 | 10
#0575-d260 @A: 31 05 23 04 | 05
#0576-d260 @A: 01 05 02 13 | 09
#0577-d260 @A: 05 02 15 24 | 02
#0578-d260 @A: 06 27 22 05 | 06
#0579-d260 @A: 01 12 17 05 | 07
#0580-d260 @A: 05 12 19 18 | 11
#0581-d260 @A: 34 25 05 33 | 08
#0582-d260 @A: 27 34 19 05 | 12
#0583-d260 @A: 34 21 05 14 | 03
#0584-d260 @A: 32 05 10 34 | 04
#0585-d260 @A: 05 23 03 17 | 01
#0586-d260 @A: 09 05 20 17 | 10
#0587-d260 @A: 10 15 05 30 | 05
#0588-d260 @A: 28 20 11 04 | 09
#0589-d260 @A: 11 14 04 29 | 02
#0590-d260 @A: 15 02 11 13 | 06
#0591-d260 @A: 11 34 06 30 | 07
#0592-d260 @A: 09 11 07 01 | 11
#0593-d260 @A: 21 17 07 11 | 08
#0594-d260 @A: 07 22 10 11 | 12
#0595-d260 @A: 33 26 09 11 | 03
#0596-d260 @A: 12 11 08 31 | 04
#0597-d260 @A: 11 26 34 15 | 01
#0598-d260 @A: 11 10 13 34 | 10
#0599-d260 @A: 35 15 19 11 | 05
#0600-d260 @A: 14 15 11 21 | 09
#0601-d260 @A: 11 26 13 14 | 02
#0602-d260 @A: 03 11 17 19 | 06
#0603-d260 @A: 08 13 11 25 | 07
#0604-d260 @A: 25 11 20 17 | 11
#0605-d260 @A: 10 09 30 11 | 08
#0606-d260 @A: 04 02 21 16 | 12
#0607-d260 @A: 02 19 08 04 | 03
#0608-d260 @A: 33 06 04 08 | 04
#0609-d260 @A: 06 04 30 28 | 01
#0610-d260 @A: 07 26 18 04 | 10
#0611-d260 @A: 01 34 22 04 | 05
#0612-d260 @A: 04 01 15 24 | 09
#0613-d260 @A: 04 14 18 27 | 02
#0614-d260 @A: 09 04 18 03 | 06
#0615-d260 @A: 19 04 31 32 | 07
#0616-d260 @A: 04 28 22 24 | 11
#0617-d260 @A: 13 04 28 12 | 08
#0618-d260 @A: 32 04 20 24 | 12
#0619-d260 @A: 29 23 24 04 | 03
#0620-d260 @A: 03 21 29 04 | 04
#0621-d260 @A: 15 22 23 04 | 01
#0622-d260 @A: 22 30 17 04 | 10
#0623-d260 @A: 10 04 17 20 | 05
#0624-d260 @A: 01 16 06 02 | 09
#0625-d260 @A: 02 24 06 26 | 02
#0626-d260 @A: 27 07 25 02 | 06
#0627-d260 @A: 18 19 02 32 | 07
#0628-d260 @A: 02 08 33 27 | 11
#0629-d260 @A: 17 02 33 26 | 08
#0630-d260 @A: 02 27 30 24 | 12
#0631-d260 @A: 03 14 27 02 | 03
#0632-d260 @A: 02 35 24 34 | 04
#0633-d260 @A: 10 14 02 34 | 01
#0634-d260 @A: 02 32 34 03 | 10
#0635-d260 @A: 35 22 26 02 | 05
#0636-d260 @A: 13 32 14 02 | 09
#0637-d260 @A: 16 30 08 02 | 02
#0638-d260 @A: 26 02 09 29 | 06
#0639-d260 @A: 07 06 12 25 | 07
#0640-d260 @A: 01 06 09 26 | 11
#0641-d260 @A: 30 20 06 18 | 08
#0642-d260 @A: 31 15 06 33 | 12
#0643-d260 @A: 06 19 27 31 | 03
#0644-d260 @A: 12 30 06 27 | 04
#0645-d260 @A: 27 06 08 16 | 01
#0646-d260 @A: 25 14 06 34 | 10
#0647-d260 @A: 06 24 14 17 | 05
#0648-d260 @A: 20 03 25 06 | 09
#0649-d260 @A: 06 10 21 16 | 02
#0650-d260 @A: 23 12 01 07 | 06
#0651-d260 @A: 15 28 18 07 | 07
#0652-d260 @A: 31 22 07 33 | 11
#0653-d260 @A: 27 07 15 32 | 08
#0654-d260 @A: 23 07 35 34 | 12
#0655-d260 @A: 14 32 07 12 | 03
#0656-d260 @A: 30 03 19 07 | 04
#0657-d260 @A: 07 29 09 21 | 01
#0658-d260 @A: 08 29 07 19 | 10
#0659-d260 @A: 31 34 01 09 | 05
#0660-d260 @A: 35 01 17 31 | 09
#0661-d260 @A: 21 31 32 01 | 02
#0662-d260 @A: 28 32 12 01 | 06
#0663-d260 @A: 01 14 32 19 | 07
#0664-d260 @A: 29 14 01 23 | 11
#0665-d260 @A: 01 09 25 12 | 08
#0666-d260 @A: 20 03 17 01 | 12
#0667-d260 @A: 22 13 16 01 | 03
#0668-d260 @A: 08 23 01 17 | 04
#0669-d260 @A: 01 19 29 30 | 01
#0670-d260 @A: 08 27 18 31 | 10
#0671-d260 @A: 18 28 34 30 | 05
#0672-d260 @A: 03 14 18 28 | 09
#0673-d260 @A: 17 13 18 03 | 02
#0674-d260 @A: 18 25 29 17 | 06
#0675-d260 @A: 18 16 21 17 | 07
#0676-d260 @A: 29 10 23 18 | 11
#0677-d260 @A: 15 09 19 18 | 08
#0678-d260 @A: 18 09 29 20 | 12
#0679-d260 @A: 33 27 22 24 | 03
#0680-d260 @A: 14 33 27 26 | 04
#0681-d260 @A: 32 33 23 27 | 01
#0682-d260 @A: 33 34 10 30 | 10
#0683-d260 @A: 14 33 10 24 | 05
#0684-d260 @A: 25 33 22 08 | 09
#0685-d260 @A: 09 33 16 22 | 02
#0686-d260 @A: 33 16 29 20 | 06
#0687-d260 @A: 20 33 17 08 | 07
#0688-d260 @A: 34 19 28 31 | 11
#0689-d260 @A: 34 10 08 31 | 08
#0690-d260 @A: 19 31 24 03 | 12
#0691-d260 @A: 26 31 09 03 | 03
#0692-d260 @A: 13 22 28 34 | 04
#0693-d260 @A: 09 35 14 28 | 01
#0694-d260 @A: 22 28 16 29 | 10
#0695-d260 @A: 21 29 15 28 | 05
#0696-d260 @A: 17 28 26 13 | 09
#0697-d260 @A: 27 34 23 24 | 02
#0698-d260 @A: 21 27 25 22 | 06
#0699-d260 @A: 26 27 25 23 | 07
#0700-d260 @A: 30 08 27 25 | 11
#0701-d260 @A: 23 13 21 27 | 08
#0702-d260 @A: 15 08 27 22 | 12
#0703-d260 @A: 24 25 34 26 | 03
#0704-d260 @A: 12 34 23 17 | 04
#0705-d260 @A: 17 08 30 34 | 01
#0706-d260 @A: 23 03 35 25 | 10
#0707-d260 @A: 30 16 35 03 | 05
#0708-d260 @A: 10 25 29 35 | 09
#0709-d260 @A: 24 09 19 20 | 02
#0710-d260 @A: 29 25 14 08 | 06
#0711-d260 @A: 21 19 14 13 | 07
#0712-d260 @A: 30 15 14 17 | 11
#0713-d260 @A: 12 32 21 16 | 08
#0714-d260 @A: 12 23 22 32 | 12
#0715-d260 @A: 10 20 12 32 | 03
#0716-d260 @A: 12 03 16 23 | 04
#0717-d260 @A: 29 15 12 23 | 01
#0718-d260 @A: 12 26 13 09 | 10
#0719-d260 @A: 17 19 10 12 | 05
#0720-d260 @A: 32 10 25 23 | 09
#0721-d260 @A: 32 20 08 23 | 02
#0722-d260 @A: 30 32 23 15 | 06
#0723-d260 @A: 13 32 09 10 | 07
#0724-d260 @A: 09 11 05 02 | 11
#0725-d260 @A: 18 11 05 15 | 08
#0726-d260 @A: 05 04 25 02 | 12
#0727-d260 @A: 33 20 05 04 | 03
#0728-d260 @A: 05 15 29 04 | 04
#0729-d260 @A: 10 05 02 33 | 01
#0730-d260 @A: 07 18 05 22 | 10
#0731-d260 @A: 27 05 07 03 | 05
#0732-d260 @A: 01 27 29 05 | 09
#0733-d260 @A: 21 31 05 26 | 02
#0734-d260 @A: 12 23 05 24 | 06
#0735-d260 @A: 03 05 15 22 | 07
#0736-d260 @A: 05 21 25 10 | 11
#0737-d260 @A: 17 25 08 05 | 08
#0738-d260 @A: 17 05 26 16 | 12
#0739-d260 @A: 05 30 19 08 | 03
#0740-d260 @A: 11 25 04 06 | 04
#0741-d260 @A: 34 23 11 04 | 01
#0742-d260 @A: 11 26 02 08 | 10
#0743-d260 @A: 11 06 12 15 | 05
#0744-d260 @A: 27 11 33 01 | 09
#0745-d260 @A: 32 11 01 15 | 02
#0746-d260 @A: 10 28 11 18 | 06
#0747-d260 @A: 31 29 11 34 | 07
#0748-d260 @A: 14 11 31 35 | 11
#0749-d260 @A: 34 03 11 27 | 08
#0750-d260 @A: 32 11 24 23 | 12
#0751-d260 @A: 13 11 16 24 | 03
#0752-d260 @A: 12 23 11 14 | 04
#0753-d260 @A: 14 32 11 17 | 01
#0754-d260 @A: 03 11 09 29 | 10
#0755-d260 @A: 03 07 04 32 | 05
#0756-d260 @A: 04 09 01 35 | 09
#0757-d260 @A: 04 23 12 33 | 02
#0758-d260 @A: 04 28 16 14 | 06
#0759-d260 @A: 15 04 28 32 | 07
#0760-d260 @A: 27 08 32 04 | 11
#0761-d260 @A: 04 35 34 20 | 08
#0762-d260 @A: 29 08 34 04 | 12
#0763-d260 @A: 04 10 15 16 | 03
#0764-d260 @A: 13 19 04 26 | 04
#0765-d260 @A: 14 06 02 30 | 01
#0766-d260 @A: 07 02 35 09 | 10
#0767-d260 @A: 01 27 02 10 | 05
#0768-d260 @A: 33 34 28 02 | 09
#0769-d260 @A: 17 25 02 33 | 02
#0770-d260 @A: 27 20 32 02 | 06
#0771-d260 @A: 34 30 12 02 | 07
#0772-d260 @A: 19 34 02 13 | 11
#0773-d260 @A: 35 32 02 10 | 08
#0774-d260 @A: 10 25 03 02 | 12
#0775-d260 @A: 19 02 16 09 | 03
#0776-d260 @A: 02 22 21 15 | 04
#0777-d260 @A: 06 07 16 31 | 01
#0778-d260 @A: 06 18 01 09 | 10
#0779-d260 @A: 01 06 32 03 | 05
#0780-d260 @A: 06 32 19 33 | 09
#0781-d260 @A: 32 28 16 06 | 02
#0782-d260 @A: 14 06 35 27 | 06
#0783-d260 @A: 06 27 20 09 | 07
#0784-d260 @A: 06 23 35 24 | 11
#0785-d260 @A: 03 35 06 12 | 08
#0786-d260 @A: 06 26 12 15 | 12
#0787-d260 @A: 30 19 06 10 | 03
#0788-d260 @A: 01 10 32 07 | 04
#0789-d260 @A: 07 18 12 03 | 01
#0790-d260 @A: 07 28 31 23 | 10
#0791-d260 @A: 16 07 27 17 | 05
#0792-d260 @A: 35 07 19 32 | 09
#0793-d260 @A: 14 22 07 21 | 02
#0794-d260 @A: 23 07 25 13 | 06
#0795-d260 @A: 22 23 07 30 | 07
#0796-d260 @A: 30 07 10 17 | 11
#0797-d260 @A: 01 10 31 18 | 08
#0798-d260 @A: 21 30 18 01 | 12
#0799-d260 @A: 01 17 33 10 | 03
#0800-d260 @A: 25 28 01 35 | 04
#0801-d260 @A: 28 29 24 01 | 01
#0802-d260 @A: 28 23 26 01 | 10
#0803-d260 @A: 19 27 01 12 | 05
#0804-d260 @A: 30 35 26 01 | 09
#0805-d260 @A: 09 08 32 01 | 02
#0806-d260 @A: 08 01 03 21 | 06
#0807-d260 @A: 17 01 13 21 | 07
#0808-d260 @A: 18 33 28 08 | 11
#0809-d260 @A: 33 18 22 34 | 08
#0810-d260 @A: 13 18 24 28 | 12
#0811-d260 @A: 32 28 25 18 | 03
#0812-d260 @A: 25 32 31 33 | 04
#0813-d260 @A: 20 33 22 28 | 01
#0814-d260 @A: 34 15 35 33 | 10
#0815-d260 @A: 33 30 03 25 | 05
#0816-d260 @A: 19 23 25 31 | 09
#0817-d260 @A: 30 31 16 10 | 02
#0818-d260 @A: 31 23 17 21 | 06
#0819-d260 @A: 31 30 15 19 | 07
#0820-d260 @A: 17 10 15 31 | 11
#0821-d260 @A: 28 14 27 19 | 08
#0822-d260 @A: 10 26 28 27 | 12
#0823-d260 @A: 29 13 25 28 | 03
#0824-d260 @A: 17 10 25 28 | 04
#0825-d260 @A: 16 28 30 13 | 01
#0826-d260 @A: 10 27 22 13 | 10
#0827-d260 @A: 30 24 14 34 | 05
#0828-d260 @A: 03 10 23 34 | 09
#0829-d260 @A: 20 29 34 21 | 02
#0830-d260 @A: 23 19 34 29 | 06
#0831-d260 @A: 32 24 12 35 | 07
#0832-d260 @A: 16 35 32 20 | 11
#0833-d260 @A: 03 17 35 09 | 08
#0834-d260 @A: 08 13 35 17 | 12
#0835-d260 @A: 32 21 24 10 | 03
#0836-d260 @A: 24 08 26 19 | 04
#0837-d260 @A: 03 21 14 17 | 01
#0838-d260 @A: 23 14 15 13 | 10
#0839-d260 @A: 16 13 19 12 | 05
#0840-d260 @A: 26 12 10 17 | 09
#0841-d260 @A: 32 15 21 03 | 02
#0842-d260 @A: 21 17 32 09 | 06
#0843-d260 @A: 32 21 30 13 | 07
#0844-d260 @A: 32 13 19 23 | 11
#0845-d260 @A: 08 32 19 10 | 08
#0846-d260 @A: 17 21 19 26 | 12
#0847-d260 @A: 35 23 11 05 | 03
#0848-d260 @A: 21 05 11 08 | 04
#0849-d260 @A: 27 16 05 04 | 01
#0850-d260 @A: 08 02 05 32 | 10
#0851-d260 @A: 07 05 09 06 | 05
#0852-d260 @A: 24 05 01 06 | 09
#0853-d260 @A: 05 10 06 18 | 02
#0854-d260 @A: 12 13 07 05 | 06
#0855-d260 @A: 33 05 32 12 | 07
#0856-d260 @A: 22 14 31 05 | 11
#0857-d260 @A: 12 21 05 28 | 08
#0858-d260 @A: 28 22 05 10 | 12
#0859-d260 @A: 30 05 35 24 | 03
#0860-d260 @A: 03 05 26 35 | 04
#0861-d260 @A: 05 08 24 22 | 01
#0862-d260 @A: 05 29 19 03 | 10
#0863-d260 @A: 05 13 30 25 | 05
#0864-d260 @A: 05 23 19 21 | 09
#0865-d260 @A: 30 21 17 05 | 02
#0866-d260 @A: 09 13 05 19 | 06
#0867-d260 @A: 22 30 09 05 | 07
#0868-d260 @A: 05 29 17 10 | 11
#0869-d260 @A: 11 04 18 21 | 08
#0870-d260 @A: 04 11 08 35 | 12
#0871-d260 @A: 17 11 02 12 | 03
#0872-d260 @A: 26 11 30 06 | 04
#0873-d260 @A: 16 34 11 01 | 01
#0874-d260 @A: 01 11 24 10 | 10
#0875-d260 @A: 29 01 26 11 | 05
#0876-d260 @A: 17 18 31 11 | 09
#0877-d260 @A: 18 11 22 35 | 02
#0878-d260 @A: 33 11 15 24 | 06
#0879-d260 @A: 32 11 20 31 | 07
#0880-d260 @A: 10 31 11 19 | 11
#0881-d260 @A: 28 13 21 11 | 08
#0882-d260 @A: 27 25 11 29 | 12
#0883-d260 @A: 35 11 25 34 | 03
#0884-d260 @A: 24 21 34 11 | 04
#0885-d260 @A: 21 11 09 23 | 01
#0886-d260 @A: 29 22 11 21 | 10
#0887-d260 @A: 33 02 04 29 | 05
#0888-d260 @A: 17 04 07 06 | 09
#0889-d260 @A: 19 06 04 01 | 02
#0890-d260 @A: 04 08 07 31 | 06
#0891-d260 @A: 12 07 10 04 | 07
#0892-d260 @A: 31 03 12 04 | 11
#0893-d260 @A: 10 24 04 34 | 08
#0894-d260 @A: 26 04 23 34 | 12
#0895-d260 @A: 19 04 24 14 | 03
#0896-d260 @A: 23 04 17 16 | 04
#0897-d260 @A: 04 13 09 22 | 01
#0898-d260 @A: 06 18 31 02 | 10
#0899-d260 @A: 29 02 06 20 | 05
#0900-d260 @A: 02 07 18 17 | 09
#0901-d260 @A: 02 22 01 29 | 02
#0902-d260 @A: 28 02 26 18 | 06
#0903-d260 @A: 24 18 10 02 | 07
#0904-d260 @A: 31 02 22 34 | 11
#0905-d260 @A: 31 12 23 02 | 08
#0906-d260 @A: 02 28 20 08 | 12
#0907-d260 @A: 19 35 02 27 | 03
#0908-d260 @A: 02 03 21 13 | 04
#0909-d260 @A: 20 21 02 17 | 01
#0910-d260 @A: 02 19 26 10 | 10
#0911-d260 @A: 07 34 22 06 | 05
#0912-d260 @A: 12 06 20 01 | 09
#0913-d260 @A: 34 06 24 18 | 02
#0914-d260 @A: 06 18 15 35 | 06
#0915-d260 @A: 18 16 06 29 | 07
#0916-d260 @A: 06 27 03 33 | 11
#0917-d260 @A: 06 16 33 25 | 08
#0918-d260 @A: 19 26 06 28 | 12
#0919-d260 @A: 14 06 15 32 | 03
#0920-d260 @A: 25 15 26 06 | 04
#0921-d260 @A: 07 18 31 29 | 01
#0922-d260 @A: 10 18 07 14 | 10
#0923-d260 @A: 29 07 33 35 | 05
#0924-d260 @A: 07 19 31 12 | 09
#0925-d260 @A: 31 26 25 07 | 02
#0926-d260 @A: 21 20 27 07 | 06
#0927-d260 @A: 24 34 08 07 | 07
#0928-d260 @A: 14 07 20 34 | 11
#0929-d260 @A: 07 03 24 23 | 08
#0930-d260 @A: 25 17 07 24 | 12
#0931-d260 @A: 26 15 24 07 | 03
#0932-d260 @A: 32 07 13 08 | 04
#0933-d260 @A: 10 07 21 13 | 01
#0934-d260 @A: 09 07 13 30 | 10
#0935-d260 @A: 13 07 22 19 | 05
#0936-d260 @A: 34 24 25 01 | 09
#0937-d260 @A: 22 24 01 12 | 02
#0938-d260 @A: 24 26 01 32 | 06
#0939-d260 @A: 10 01 03 22 | 07
#0940-d260 @A: 31 23 14 18 | 11
#0941-d260 @A: 29 31 26 18 | 08
#0942-d260 @A: 15 17 18 34 | 12
#0943-d260 @A: 26 35 20 18 | 03
#0944-d260 @A: 19 16 03 18 | 04
#0945-d260 @A: 22 18 25 09 | 01
#0946-d260 @A: 18 21 23 15 | 10
#0947-d260 @A: 18 13 30 23 | 05
#0948-d260 @A: 33 31 35 28 | 09
#0949-d260 @A: 33 19 31 14 | 02
#0950-d260 @A: 31 12 33 21 | 06
#0951-d260 @A: 33 24 34 29 | 07
#0952-d260 @A: 32 33 35 09 | 11
#0953-d260 @A: 19 35 33 21 | 08
#0954-d260 @A: 33 23 35 30 | 12
#0955-d260 @A: 32 17 24 33 | 03
#0956-d260 @A: 13 31 19 35 | 04
#0957-d260 @A: 03 30 31 22 | 01
#0958-d260 @A: 31 15 25 09 | 10
#0959-d260 @A: 17 13 25 31 | 05
#0960-d260 @A: 22 26 31 17 | 09
#0961-d260 @A: 24 27 10 28 | 02
#0962-d260 @A: 21 28 32 34 | 06
#0963-d260 @A: 28 32 03 35 | 07
#0964-d260 @A: 14 26 24 28 | 11
#0965-d260 @A: 20 32 14 28 | 08
#0966-d260 @A: 15 28 25 14 | 12
#0967-d260 @A: 16 03 15 28 | 03
#0968-d260 @A: 28 30 03 08 | 04
#0969-d260 @A: 28 16 20 19 | 01
#0970-d260 @A: 28 15 17 19 | 10
#0971-d260 @A: 26 34 22 27 | 05
#0972-d260 @A: 23 14 20 27 | 09
#0973-d260 @A: 20 19 27 08 | 02
#0974-d260 @A: 34 32 20 17 | 06
#0975-d260 @A: 23 25 34 30 | 07
#0976-d260 @A: 15 16 21 34 | 11
#0977-d260 @A: 09 17 19 34 | 08
#0978-d260 @A: 25 35 14 12 | 12
#0979-d260 @A: 20 17 35 12 | 03
#0980-d260 @A: 35 19 29 20 | 04
#0981-d260 @A: 12 16 24 14 | 01
#0982-d260 @A: 08 10 24 30 | 10
#0983-d260 @A: 24 19 15 13 | 05
#0984-d260 @A: 26 14 08 12 | 09
#0985-d260 @A: 23 22 14 08 | 02
#0986-d260 @A: 14 20 26 09 | 06
#0987-d260 @A: 14 17 19 20 | 07
#0988-d260 @A: 15 12 32 17 | 11
#0989-d260 @A: 20 22 12 03 | 08
#0990-d260 @A: 12 10 29 03 | 12
#0991-d260 @A: 09 12 16 29 | 03
#0992-d260 @A: 12 22 21 13 | 04
#0993-d260 @A: 10 22 12 09 | 01
#0994-d260 @A: 26 25 10 29 | 10
#0995-d260 @A: 15 08 22 26 | 05
#0996-d260 @A: 30 26 22 09 | 09
#0997-d260 @A: 11 10 12 05 | 02
#0998-d260 @A: 32 22 05 11 | 06
#0999-d260 @A: 05 32 04 17 | 07
#1000-d260 @A: 14 05 02 17 | 11
#1001-d260 @A: 30 33 05 06 | 08
#1002-d260 @A: 03 34 05 06 | 12
#1003-d260 @A: 05 29 32 06 | 03
#1004-d260 @A: 31 07 25 05 | 04
#1005-d260 @A: 01 05 19 31 | 01
#1006-d260 @A: 28 18 09 05 | 10
#1007-d260 @A: 35 05 18 25 | 05
#1008-d260 @A: 16 31 05 34 | 09
#1009-d260 @A: 05 14 35 19 | 02
#1010-d260 @A: 14 25 24 05 | 06
#1011-d260 @A: 33 04 16 11 | 07
#1012-d260 @A: 02 24 11 20 | 11
#1013-d260 @A: 11 28 23 06 | 08
#1014-d260 @A: 16 11 32 07 | 12
#1015-d260 @A: 33 11 35 10 | 03
#1016-d260 @A: 11 30 31 21 | 04
#1017-d260 @A: 11 09 34 14 | 01
#1018-d260 @A: 12 24 30 11 | 10
#1019-d260 @A: 30 13 03 11 | 05
#1020-d260 @A: 25 10 11 15 | 09
#1021-d260 @A: 16 11 20 08 | 02
#1022-d260 @A: 17 29 11 15 | 06
#1023-d260 @A: 31 02 26 04 | 07
#1024-d260 @A: 06 10 04 03 | 11
#1025-d260 @A: 04 06 09 15 | 08
#1026-d260 @A: 30 24 07 04 | 12
#1027-d260 @A: 19 04 07 23 | 03
#1028-d260 @A: 04 01 31 13 | 04
#1029-d260 @A: 18 04 30 29 | 01
#1030-d260 @A: 35 31 16 04 | 10
#1031-d260 @A: 21 04 12 24 | 05
#1032-d260 @A: 14 04 32 25 | 09
#1033-d260 @A: 13 04 10 14 | 02
#1034-d260 @A: 08 09 04 16 | 06
#1035-d260 @A: 06 34 02 23 | 07
#1036-d260 @A: 14 07 19 02 | 11
#1037-d260 @A: 09 02 24 01 | 08
#1038-d260 @A: 19 24 02 28 | 12
#1039-d260 @A: 02 12 25 28 | 03
#1040-d260 @A: 12 02 09 27 | 04
#1041-d260 @A: 34 02 29 09 | 01
#1042-d260 @A: 02 22 24 03 | 10
#1043-d260 @A: 32 16 26 02 | 05
#1044-d260 @A: 10 02 23 16 | 09
#1045-d260 @A: 02 17 08 29 | 02
#1046-d260 @A: 19 29 02 15 | 06
#1047-d260 @A: 01 33 06 35 | 07
#1048-d260 @A: 06 34 20 28 | 11
#1049-d260 @A: 27 15 06 34 | 08
#1050-d260 @A: 32 10 06 27 | 12
#1051-d260 @A: 09 03 06 24 | 03
#1052-d260 @A: 06 09 25 21 | 04
#1053-d260 @A: 06 16 23 20 | 01
#1054-d260 @A: 22 21 06 17 | 10
#1055-d260 @A: 13 08 06 23 | 05
#1056-d260 @A: 19 13 20 06 | 09
#1057-d260 @A: 01 19 24 07 | 02
#1058-d260 @A: 13 27 07 33 | 06
#1059-d260 @A: 10 33 26 07 | 07
#1060-d260 @A: 07 34 30 31 | 11
#1061-d260 @A: 30 12 07 28 | 08
#1062-d260 @A: 07 17 26 34 | 12
#1063-d260 @A: 07 35 14 17 | 03
#1064-d260 @A: 13 07 26 03 | 04
#1065-d260 @A: 07 20 15 30 | 01
#1066-d260 @A: 01 22 26 12 | 10
#1067-d260 @A: 01 29 25 03 | 05
#1068-d260 @A: 13 03 01 19 | 09
#1069-d260 @A: 15 19 01 23 | 02
#1070-d260 @A: 13 30 01 08 | 06
#1071-d260 @A: 29 09 01 13 | 07
#1072-d260 @A: 17 20 26 01 | 11
#1073-d260 @A: 03 35 18 33 | 08
#1074-d260 @A: 29 18 24 27 | 12
#1075-d260 @A: 25 13 18 34 | 03
#1076-d260 @A: 18 14 30 35 | 04
#1077-d260 @A: 25 10 18 16 | 01
#1078-d260 @A: 18 26 22 16 | 10
#1079-d260 @A: 10 18 09 08 | 05
#1080-d260 @A: 19 08 18 17 | 09
#1081-d260 @A: 31 20 33 34 | 02
#1082-d260 @A: 34 17 27 33 | 06
#1083-d260 @A: 35 33 26 12 | 07
#1084-d260 @A: 12 25 33 24 | 11
#1085-d260 @A: 12 33 03 14 | 08
#1086-d260 @A: 17 15 03 33 | 12
#1087-d260 @A: 25 33 26 16 | 03
#1088-d260 @A: 29 21 23 33 | 04
#1089-d260 @A: 21 23 33 26 | 01
#1090-d260 @A: 13 33 20 10 | 10
#1091-d260 @A: 27 31 14 25 | 05
#1092-d260 @A: 10 31 14 32 | 09
#1093-d260 @A: 16 31 22 12 | 02
#1094-d260 @A: 09 10 03 31 | 06
#1095-d260 @A: 16 13 31 09 | 07
#1096-d260 @A: 15 13 21 31 | 11
#1097-d260 @A: 20 27 35 28 | 08
#1098-d260 @A: 27 28 16 12 | 12
#1099-d260 @A: 27 17 32 28 | 03
#1100-d260 @A: 24 25 16 28 | 04
#1101-d260 @A: 17 14 28 13 | 01
#1102-d260 @A: 13 23 28 20 | 10
#1103-d260 @A: 14 16 15 27 | 05
#1104-d260 @A: 03 27 19 10 | 09
#1105-d260 @A: 15 17 25 27 | 02
#1106-d260 @A: 16 22 27 19 | 06
#1107-d260 @A: 27 17 20 29 | 07
#1108-d260 @A: 12 34 14 13 | 11
#1109-d260 @A: 22 03 34 08 | 08
#1110-d260 @A: 34 10 25 19 | 12
#1111-d260 @A: 34 23 09 08 | 03
#1112-d260 @A: 34 29 17 13 | 04
#1113-d260 @A: 25 24 35 19 | 01
#1114-d260 @A: 14 35 32 23 | 10
#1115-d260 @A: 35 17 16 10 | 05
#1116-d260 @A: 17 16 20 24 | 09
#1117-d260 @A: 20 30 13 24 | 02
#1118-d260 @A: 09 16 26 14 | 06
#1119-d260 @A: 22 16 14 30 | 07
#1120-d260 @A: 12 08 32 30 | 11
#1121-d260 @A: 17 22 12 25 | 08
#1122-d260 @A: 12 10 16 08 | 12
#1123-d260 @A: 23 20 12 19 | 03
#1124-d260 @A: 08 29 20 12 | 04
#1125-d260 @A: 20 12 15 09 | 01
#1126-d260 @A: 29 12 30 22 | 10
#1127-d260 @A: 16 32 19 15 | 05
#1128-d260 @A: 21 32 29 08 | 09
#1129-d260 @A: 06 11 20 05 | 02
#1130-d260 @A: 17 05 11 34 | 06
#1131-d260 @A: 04 05 28 34 | 07
#1132-d260 @A: 21 05 02 27 | 11
#1133-d260 @A: 05 26 34 06 | 08
#1134-d260 @A: 05 07 17 19 | 12
#1135-d260 @A: 22 21 01 05 | 03
#1136-d260 @A: 03 18 05 31 | 04
#1137-d260 @A: 05 21 18 32 | 01
#1138-d260 @A: 21 24 33 05 | 10
#1139-d260 @A: 05 12 20 31 | 05
#1140-d260 @A: 31 21 05 29 | 09
#1141-d260 @A: 32 05 28 26 | 02
#1142-d260 @A: 12 05 15 14 | 06
#1143-d260 @A: 25 05 29 09 | 07
#1144-d260 @A: 13 21 05 20 | 11
#1145-d260 @A: 23 05 13 22 | 08
#1146-d260 @A: 34 07 02 11 | 12
#1147-d260 @A: 33 21 11 02 | 03
#1148-d260 @A: 02 27 11 23 | 04
#1149-d260 @A: 07 06 11 29 | 01
#1150-d260 @A: 06 21 11 27 | 10
#1151-d260 @A: 07 23 11 15 | 05
#1152-d260 @A: 01 11 21 12 | 09
#1153-d260 @A: 18 11 27 26 | 02
#1154-d260 @A: 11 25 18 24 | 06
#1155-d260 @A: 11 28 33 25 | 07
#1156-d260 @A: 11 31 27 16 | 11
#1157-d260 @A: 11 19 34 32 | 08
#1158-d260 @A: 17 35 24 11 | 12
#1159-d260 @A: 11 12 35 13 | 03
#1160-d260 @A: 20 22 11 14 | 04
#1161-d260 @A: 03 23 11 20 | 01
#1162-d260 @A: 20 10 29 11 | 10
#1163-d260 @A: 02 04 17 34 | 05
#1164-d260 @A: 04 06 27 29 | 09
#1165-d260 @A: 04 29 07 28 | 02
#1166-d260 @A: 10 04 30 01 | 06
#1167-d260 @A: 12 08 18 04 | 07
#1168-d260 @A: 34 33 21 04 | 11
#1169-d260 @A: 35 17 33 04 | 08
#1170-d260 @A: 04 30 33 32 | 12
#1171-d260 @A: 04 27 12 15 | 03
#1172-d260 @A: 13 04 23 35 | 04
#1173-d260 @A: 14 04 26 17 | 01
#1174-d260 @A: 04 16 22 32 | 10
#1175-d260 @A: 04 13 16 03 | 05
#1176-d260 @A: 04 30 20 03 | 09
#1177-d260 @A: 25 17 04 09 | 02
#1178-d260 @A: 21 10 04 23 | 06
#1179-d260 @A: 04 15 21 17 | 07
#1180-d260 @A: 20 19 15 04 | 11
#1181-d260 @A: 22 04 19 29 | 08
#1182-d260 @A: 02 06 17 27 | 12
#1183-d260 @A: 23 02 35 01 | 03
#1184-d260 @A: 02 12 18 29 | 04
#1185-d260 @A: 08 03 02 18 | 01
#1186-d260 @A: 18 25 30 02 | 10
#1187-d260 @A: 14 35 08 02 | 05
#1188-d260 @A: 17 02 24 13 | 09
#1189-d260 @A: 14 09 02 22 | 02
#1190-d260 @A: 06 07 20 32 | 06
#1191-d260 @A: 01 31 25 06 | 07
#1192-d260 @A: 01 34 06 21 | 11
#1193-d260 @A: 18 25 06 27 | 08
#1194-d260 @A: 06 09 28 33 | 12
#1195-d260 @A: 06 22 23 31 | 03
#1196-d260 @A: 06 14 28 10 | 04
#1197-d260 @A: 29 34 12 06 | 01
#1198-d260 @A: 26 14 06 03 | 10
#1199-d260 @A: 18 01 07 25 | 05
#1200-d260 @A: 13 07 01 34 | 09
#1201-d260 @A: 15 03 07 01 | 02
#1202-d260 @A: 18 07 24 21 | 06
#1203-d260 @A: 21 07 33 32 | 07
#1204-d260 @A: 33 20 07 19 | 11
#1205-d260 @A: 28 24 07 20 | 08
#1206-d260 @A: 25 22 28 07 | 12
#1207-d260 @A: 07 15 24 14 | 03
#1208-d260 @A: 22 07 16 08 | 04
#1209-d260 @A: 15 07 17 08 | 01
#1210-d260 @A: 26 19 09 07 | 10
#1211-d260 @A: 07 15 29 22 | 05
#1212-d260 @A: 26 01 19 18 | 09
#1213-d260 @A: 32 22 01 33 | 02
#1214-d260 @A: 28 01 15 31 | 06
#1215-d260 @A: 27 20 34 01 | 07
#1216-d260 @A: 24 16 01 35 | 11
#1217-d260 @A: 01 24 30 17 | 08
#1218-d260 @A: 21 01 23 25 | 12
#1219-d260 @A: 19 08 25 01 | 03
#1220-d260 @A: 23 30 16 01 | 04
#1221-d260 @A: 16 01 26 13 | 01
#1222-d260 @A: 27 33 15 18 | 10
#1223-d260 @A: 33 24 19 18 | 05
#1224-d260 @A: 18 17 33 14 | 09
#1225-d260 @A: 16 31 28 18 | 02
#1226-d260 @A: 35 31 34 18 | 06
#1227-d260 @A: 18 32 27 09 | 07
#1228-d260 @A: 18 03 34 29 | 11
#1229-d260 @A: 21 13 35 18 | 08
#1230-d260 @A: 18 25 14 20 | 12
#1231-d260 @A: 30 08 26 18 | 03
#1232-d260 @A: 22 30 19 18 | 04
#1233-d260 @A: 33 30 31 17 | 01
#1234-d260 @A: 08 26 34 33 | 10
#1235-d260 @A: 33 35 12 22 | 05
#1236-d260 @A: 08 33 13 12 | 09
#1237-d260 @A: 26 33 32 22 | 02
#1238-d260 @A: 08 10 21 33 | 06
#1239-d260 @A: 08 33 09 30 | 07
#1240-d260 @A: 27 31 21 24 | 11
#1241-d260 @A: 14 31 34 03 | 08
#1242-d260 @A: 35 24 22 31 | 12
#1243-d260 @A: 03 29 31 35 | 03
#1244-d260 @A: 09 24 31 30 | 04
#1245-d260 @A: 13 31 03 23 | 01
#1246-d260 @A: 23 29 09 31 | 10
#1247-d260 @A: 31 23 20 10 | 05
#1248-d260 @A: 15 08 29 31 | 09
#1249-d260 @A: 31 08 13 22 | 02
#1250-d260 @A: 20 17 22 31 | 06
#1251-d260 @A: 29 20 30 31 | 07
#1252-d260 @A: 28 19 32 30 | 11
#1253-d260 @A: 20 17 30 28 | 08
#1254-d260 @A: 24 27 17 09 | 12
#1255-d260 @A: 25 16 23 27 | 03
#1256-d260 @A: 09 27 19 30 | 04
#1257-d260 @A: 03 20 34 09 | 01
#1258-d260 @A: 34 09 16 25 | 10
#1259-d260 @A: 20 34 26 29 | 05
#1260-d260 @A: 14 29 15 35 | 09
#1261-d260 @A: 20 08 03 24 | 02
#1262-d260 @A: 20 29 24 25 | 06
#1263-d260 @A: 21 17 19 24 | 07
#1264-d260 @A: 10 23 24 17 | 11
#1265-d260 @A: 14 12 19 30 | 08
#1266-d260 @A: 03 15 14 10 | 12
#1267-d260 @A: 14 09 25 30 | 03
#1268-d260 @A: 14 17 16 29 | 04
#1269-d260 @A: 10 29 21 14 | 01
#1270-d260 @A: 09 19 29 14 | 10
#1271-d260 @A: 14 30 13 29 | 05
#1272-d260 @A: 21 19 12 25 | 09
#1273-d260 @A: 13 12 10 23 | 02
#1274-d260 @A: 03 16 08 32 | 06
#1275-d260 @A: 32 26 03 19 | 07
#1276-d260 @A: 32 20 21 25 | 11
#1277-d260 @A: 21 32 26 30 | 08
#1278-d260 @A: 08 22 17 32 | 12
#1279-d260 @A: 26 16 03 15 | 03
#1280-d260 @A: 05 11 01 25 | 04
#1281-d260 @A: 01 05 04 18 | 01
#1282-d260 @A: 04 09 05 12 | 10
#1283-d260 @A: 02 06 05 19 | 05
#1284-d260 @A: 20 02 34 05 | 09
#1285-d260 @A: 06 25 05 28 | 02
#1286-d260 @A: 01 34 30 05 | 06
#1287-d260 @A: 05 26 23 18 | 07
#1288-d260 @A: 23 05 15 33 | 11
#1289-d260 @A: 15 33 05 26 | 08
#1290-d260 @A: 31 05 10 35 | 12
#1291-d260 @A: 25 27 12 05 | 03
#1292-d260 @A: 24 05 13 34 | 04
#1293-d260 @A: 05 08 03 09 | 01
#1294-d260 @A: 23 20 25 05 | 10
#1295-d260 @A: 22 26 21 05 | 05
#1296-d260 @A: 08 05 29 13 | 09
#1297-d260 @A: 04 31 11 15 | 02
#1298-d260 @A: 11 04 24 09 | 06
#1299-d260 @A: 02 01 19 11 | 07
#1300-d260 @A: 07 18 11 30 | 11
#1301-d260 @A: 28 19 11 07 | 08
#1302-d260 @A: 29 01 11 18 | 12
#1303-d260 @A: 01 14 11 28 | 03
#1304-d260 @A: 33 11 32 03 | 04
#1305-d260 @A: 15 11 34 28 | 01
#1306-d260 @A: 11 10 17 27 | 10
#1307-d260 @A: 11 25 09 32 | 05
#1308-d260 @A: 30 25 19 11 | 09
#1309-d260 @A: 16 11 23 29 | 02
#1310-d260 @A: 30 16 11 15 | 06
#1311-d260 @A: 19 08 09 11 | 07
#1312-d260 @A: 02 23 14 04 | 11
#1313-d260 @A: 06 16 24 04 | 08
#1314-d260 @A: 07 14 04 09 | 12
#1315-d260 @A: 33 04 31 09 | 03
#1316-d260 @A: 22 04 14 33 | 04
#1317-d260 @A: 12 34 25 04 | 01
#1318-d260 @A: 13 30 04 34 | 10
#1319-d260 @A: 25 04 29 16 | 05
#1320-d260 @A: 25 21 13 04 | 09
#1321-d260 @A: 06 25 15 02 | 02
#1322-d260 @A: 28 02 13 07 | 06
#1323-d260 @A: 12 15 02 07 | 07
#1324-d260 @A: 01 14 02 26 | 11
#1325-d260 @A: 02 27 22 18 | 08
#1326-d260 @A: 13 02 33 35 | 12
#1327-d260 @A: 33 19 02 12 | 03
#1328-d260 @A: 31 02 27 29 | 04
#1329-d260 @A: 32 16 02 31 | 01
#1330-d260 @A: 26 02 03 34 | 10
#1331-d260 @A: 34 08 25 02 | 05
#1332-d260 @A: 21 23 32 02 | 09
#1333-d260 @A: 29 03 16 02 | 02
#1334-d260 @A: 22 23 17 02 | 06
#1335-d260 @A: 02 10 08 13 | 07
#1336-d260 @A: 30 01 07 06 | 11
#1337-d260 @A: 13 07 18 06 | 08
#1338-d260 @A: 27 07 06 24 | 12
#1339-d260 @A: 13 33 06 34 | 03
#1340-d260 @A: 33 20 26 06 | 04
#1341-d260 @A: 10 06 24 31 | 01
#1342-d260 @A: 31 21 14 06 | 10
#1343-d260 @A: 32 12 06 31 | 05
#1344-d260 @A: 35 28 06 22 | 09
#1345-d260 @A: 24 06 28 15 | 02
#1346-d260 @A: 23 12 21 06 | 06
#1347-d260 @A: 15 29 03 06 | 07
#1348-d260 @A: 23 29 25 06 | 11
#1349-d260 @A: 17 25 30 06 | 08
#1350-d260 @A: 06 23 19 09 | 12
#1351-d260 @A: 23 06 10 15 | 03
#1352-d260 @A: 06 10 08 26 | 04
#1353-d260 @A: 20 07 01 31 | 01
#1354-d260 @A: 18 33 16 07 | 10
#1355-d260 @A: 21 31 07 03 | 05
#1356-d260 @A: 28 32 09 07 | 09
#1357-d260 @A: 07 28 21 26 | 02
#1358-d260 @A: 27 07 29 14 | 06
#1359-d260 @A: 07 34 21 19 | 07
#1360-d260 @A: 07 17 03 22 | 11
#1361-d260 @A: 08 20 10 07 | 08
#1362-d260 @A: 33 01 03 24 | 12
#1363-d260 @A: 14 17 34 01 | 03
#1364-d260 @A: 10 12 01 34 | 04
#1365-d260 @A: 01 32 24 13 | 01
#1366-d260 @A: 26 08 21 01 | 10
#1367-d260 @A: 15 01 09 17 | 05
#1368-d260 @A: 10 20 19 01 | 09
#1369-d260 @A: 13 33 18 31 | 02
#1370-d260 @A: 18 31 24 15 | 06
#1371-d260 @A: 23 18 09 35 | 07
#1372-d260 @A: 18 12 14 21 | 11
#1373-d260 @A: 29 18 21 19 | 08
#1374-d260 @A: 10 13 18 19 | 12
#1375-d260 @A: 33 24 31 16 | 03
#1376-d260 @A: 28 27 33 29 | 04
#1377-d260 @A: 33 27 21 09 | 01
#1378-d260 @A: 23 33 34 14 | 10
#1379-d260 @A: 25 14 21 33 | 05
#1380-d260 @A: 20 33 21 03 | 09
#1381-d260 @A: 03 29 33 08 | 02
#1382-d260 @A: 25 15 20 33 | 06
#1383-d260 @A: 34 31 25 21 | 07
#1384-d260 @A: 31 20 14 24 | 11
#1385-d260 @A: 14 31 29 12 | 08
#1386-d260 @A: 17 14 31 09 | 12
#1387-d260 @A: 23 31 15 16 | 03
#1388-d260 @A: 16 31 17 08 | 04
#1389-d260 @A: 08 23 31 30 | 01
#1390-d260 @A: 09 28 34 26 | 10
#1391-d260 @A: 28 23 12 35 | 05
#1392-d260 @A: 23 28 21 03 | 09
#1393-d260 @A: 13 28 09 03 | 02
#1394-d260 @A: 08 13 28 19 | 06
#1395-d260 @A: 10 09 28 20 | 07
#1396-d260 @A: 27 12 26 16 | 11
#1397-d260 @A: 03 09 25 27 | 08
#1398-d260 @A: 30 10 27 21 | 12
#1399-d260 @A: 35 08 34 21 | 03
#1400-d260 @A: 15 24 34 32 | 04
#1401-d260 @A: 34 16 24 03 | 01
#1402-d260 @A: 34 25 03 17 | 10
#1403-d260 @A: 09 21 34 13 | 05
#1404-d260 @A: 35 24 10 20 | 09
#1405-d260 @A: 08 35 03 10 | 02
#1406-d260 @A: 22 35 19 03 | 06
#1407-d260 @A: 21 16 22 35 | 07
#1408-d260 @A: 15 35 16 09 | 11
#1409-d260 @A: 22 23 10 35 | 08
#1410-d260 @A: 30 21 24 29 | 12
#1411-d260 @A: 22 24 20 23 | 03
#1412-d260 @A: 03 25 13 14 | 04
#1413-d260 @A: 14 03 20 16 | 01
#1414-d260 @A: 26 23 30 14 | 10
#1415-d260 @A: 09 13 08 14 | 05
#1416-d260 @A: 14 20 08 15 | 09
#1417-d260 @A: 19 32 09 12 | 02
#1418-d260 @A: 15 12 03 19 | 06
#1419-d260 @A: 09 23 12 30 | 07
#1420-d260 @A: 19 29 26 12 | 11
#1421-d260 @A: 10 03 26 23 | 08
#1422-d260 @A: 10 26 03 22 | 12
#1423-d260 @A: 10 26 16 20 | 03
#1424-d260 @A: 13 31 05 11 | 04
#1425-d260 @A: 35 04 05 22 | 01
#1426-d260 @A: 26 02 05 13 | 10
#1427-d260 @A: 17 05 31 06 | 05
#1428-d260 @A: 15 07 34 05 | 09
#1429-d260 @A: 18 29 05 33 | 02
#1430-d260 @A: 34 23 05 18 | 06
#1431-d260 @A: 24 18 05 17 | 07
#1432-d260 @A: 05 33 13 03 | 11
#1433-d260 @A: 27 23 09 05 | 08
#1434-d260 @A: 08 27 10 05 | 12
#1435-d260 @A: 29 22 34 05 | 03
#1436-d260 @A: 05 19 24 32 | 04
#1437-d260 @A: 24 16 05 09 | 01
#1438-d260 @A: 23 16 08 05 | 10
#1439-d260 @A: 16 13 10 05 | 05
#1440-d260 @A: 04 11 03 02 | 09
#1441-d260 @A: 19 11 12 04 | 02
#1442-d260 @A: 06 33 17 11 | 06
#1443-d260 @A: 06 24 22 11 | 07
#1444-d260 @A: 07 03 35 11 | 11
#1445-d260 @A: 01 03 11 31 | 08
#1446-d260 @A: 08 32 18 11 | 12
#1447-d260 @A: 13 11 33 14 | 03
#1448-d260 @A: 24 03 11 28 | 04
#1449-d260 @A: 11 27 09 35 | 01
#1450-d260 @A: 27 30 11 14 | 10
#1451-d260 @A: 10 14 16 11 | 05
#1452-d260 @A: 15 22 09 11 | 09
#1453-d260 @A: 18 23 04 06 | 02
#1454-d260 @A: 06 04 14 20 | 06
#1455-d260 @A: 08 04 28 01 | 07
#1456-d260 @A: 22 18 31 04 | 11
#1457-d260 @A: 18 04 28 17 | 08
#1458-d260 @A: 31 04 10 25 | 12
#1459-d260 @A: 35 19 04 28 | 03
#1460-d260 @A: 25 04 27 24 | 04
#1461-d260 @A: 04 35 32 26 | 01
#1462-d260 @A: 04 15 03 35 | 10
#1463-d260 @A: 04 03 22 25 | 05
#1464-d260 @A: 09 29 10 04 | 09
#1465-d260 @A: 20 04 29 13 | 02
#1466-d260 @A: 08 06 07 02 | 06
#1467-d260 @A: 02 01 31 08 | 07
#1468-d260 @A: 02 01 34 15 | 11
#1469-d260 @A: 02 15 14 31 | 08
#1470-d260 @A: 02 32 28 22 | 12
#1471-d260 @A: 21 02 26 27 | 03
#1472-d260 @A: 08 21 02 09 | 04
#1473-d260 @A: 21 19 30 02 | 01
#1474-d260 @A: 30 13 02 22 | 10
#1475-d260 @A: 29 10 01 06 | 05
#1476-d260 @A: 17 06 12 18 | 09
#1477-d260 @A: 06 29 33 14 | 02
#1478-d260 @A: 06 12 28 08 | 06
#1479-d260 @A: 17 34 06 35 | 07
#1480-d260 @A: 35 32 25 06 | 11
#1481-d260 @A: 21 03 19 06 | 08
#1482-d260 @A: 23 03 30 06 | 12
#1483-d260 @A: 16 22 15 06 | 03
#1484-d260 @A: 06 15 30 21 | 04
#1485-d260 @A: 17 06 13 10 | 01
#1486-d260 @A: 06 29 17 19 | 10
#1487-d260 @A: 33 01 07 08 | 05
#1488-d260 @A: 18 27 07 19 | 09
#1489-d260 @A: 35 18 08 07 | 02
#1490-d260 @A: 32 25 34 07 | 06
#1491-d260 @A: 07 29 34 10 | 07
#1492-d260 @A: 35 24 07 13 | 11
#1493-d260 @A: 12 07 35 21 | 08
#1494-d260 @A: 08 07 30 14 | 12
#1495-d260 @A: 29 23 20 07 | 03
#1496-d260 @A: 01 29 33 31 | 04
#1497-d260 @A: 13 01 33 28 | 01
#1498-d260 @A: 33 16 12 01 | 10
#1499-d260 @A: 21 33 15 01 | 05
#1500-d260 @A: 01 10 28 16 | 09
#1501-d260 @A: 09 01 21 10 | 02
#1502-d260 @A: 23 27 18 12 | 06
#1503-d260 @A: 34 14 19 18 | 07
#1504-d260 @A: 18 09 24 12 | 11
#1505-d260 @A: 03 24 32 18 | 08
#1506-d260 @A: 33 31 26 19 | 12
#1507-d260 @A: 34 16 33 32 | 03
#1508-d260 @A: 33 32 13 29 | 04
#1509-d260 @A: 10 33 16 03 | 01
#1510-d260 @A: 03 33 23 22 | 10
#1511-d260 @A: 21 13 33 16 | 05
#1512-d260 @A: 16 08 31 26 | 09
#1513-d260 @A: 24 28 09 34 | 02
#1514-d260 @A: 23 14 28 24 | 06
#1515-d260 @A: 08 24 32 28 | 07
#1516-d260 @A: 29 23 28 17 | 11
#1517-d260 @A: 15 28 10 13 | 08
#1518-d260 @A: 08 27 14 34 | 12
#1519-d260 @A: 17 14 22 27 | 03
#1520-d260 @A: 27 12 29 13 | 04
#1521-d260 @A: 03 27 15 23 | 01
#1522-d260 @A: 15 19 27 26 | 10
#1523-d260 @A: 19 34 35 12 | 05
#1524-d260 @A: 16 29 34 30 | 09
#1525-d260 @A: 15 34 19 08 | 02
#1526-d260 @A: 14 24 35 03 | 06
#1527-d260 @A: 25 17 21 35 | 07
#1528-d260 @A: 19 09 10 35 | 11
#1529-d260 @A: 13 26 35 10 | 08
#1530-d260 @A: 15 10 24 12 | 12
#1531-d260 @A: 15 30 03 24 | 03
#1532-d260 @A: 24 25 22 30 | 04
#1533-d260 @A: 13 23 09 24 | 01
#1534-d260 @A: 24 15 08 09 | 10
#1535-d260 @A: 15 24 17 22 | 05
#1536-d260 @A: 10 19 29 24 | 09
#1537-d260 @A: 03 14 09 23 | 02
#1538-d260 @A: 25 17 23 14 | 06
#1539-d260 @A: 23 30 14 21 | 07
#1540-d260 @A: 10 14 23 19 | 11
#1541-d260 @A: 20 30 10 14 | 08
#1542-d260 @A: 12 19 08 22 | 12
#1543-d260 @A: 32 09 16 23 | 03
#1544-d260 @A: 15 13 32 20 | 04
#1545-d260 @A: 21 29 03 26 | 01
#1546-d260 @A: 19 21 26 16 | 10
#1547-d260 @A: 26 21 13 15 | 05
#1548-d260 @A: 20 26 22 13 | 09
#1549-d260 @A: 14 05 11 03 | 02
#1550-d260 @A: 06 13 04 05 | 06
#1551-d260 @A: 04 24 03 05 | 07
#1552-d260 @A: 10 05 04 19 | 11
#1553-d260 @A: 23 07 02 05 | 08
#1554-d260 @A: 14 23 05 06 | 12
#1555-d260 @A: 24 10 07 05 | 03
#1556-d260 @A: 20 05 07 26 | 04
#1557-d260 @A: 01 08 05 35 | 01
#1558-d260 @A: 17 22 05 33 | 10
#1559-d260 @A: 17 28 16 05 | 05
#1560-d260 @A: 05 34 09 35 | 09
#1561-d260 @A: 03 20 05 10 | 02
#1562-d260 @A: 25 16 22 05 | 06
#1563-d260 @A: 30 26 19 05 | 07
#1564-d260 @A: 11 13 04 07 | 11
#1565-d260 @A: 06 10 02 11 | 08
#1566-d260 @A: 32 11 30 02 | 12
#1567-d260 @A: 06 32 13 11 | 03
#1568-d260 @A: 11 07 12 20 | 04
#1569-d260 @A: 01 11 35 20 | 01
#1570-d260 @A: 09 11 33 18 | 10
#1571-d260 @A: 33 08 34 11 | 05
#1572-d260 @A: 12 11 32 27 | 09
#1573-d260 @A: 35 32 11 21 | 02
#1574-d260 @A: 03 10 21 11 | 06
#1575-d260 @A: 21 19 11 20 | 07
#1576-d260 @A: 17 11 23 30 | 11
#1577-d260 @A: 27 13 04 02 | 08
#1578-d260 @A: 12 06 22 04 | 12
#1579-d260 @A: 04 23 32 01 | 03
#1580-d260 @A: 04 34 18 16 | 04
#1581-d260 @A: 04 24 18 35 | 01
#1582-d260 @A: 18 04 32 13 | 10
#1583-d260 @A: 26 33 04 24 | 05
#1584-d260 @A: 04 31 21 28 | 09
#1585-d260 @A: 17 31 04 29 | 02
#1586-d260 @A: 04 27 20 26 | 06
#1587-d260 @A: 34 14 15 04 | 07
#1588-d260 @A: 09 04 32 34 | 11
#1589-d260 @A: 29 26 08 04 | 08
#1590-d260 @A: 10 31 07 02 | 12
#1591-d260 @A: 20 02 07 03 | 03
#1592-d260 @A: 01 02 28 30 | 04
#1593-d260 @A: 17 32 02 01 | 01
#1594-d260 @A: 16 14 33 02 | 10
#1595-d260 @A: 20 02 33 09 | 05
#1596-d260 @A: 14 28 02 21 | 09
#1597-d260 @A: 02 10 12 21 | 02
#1598-d260 @A: 12 30 26 02 | 06
#1599-d260 @A: 02 03 15 09 | 07
#1600-d260 @A: 06 33 07 23 | 11
#1601-d260 @A: 06 13 01 15 | 08
#1602-d260 @A: 06 20 33 24 | 12
#1603-d260 @A: 10 06 12 33 | 03
#1604-d260 @A: 03 06 31 08 | 04
#1605-d260 @A: 06 32 08 34 | 01
#1606-d260 @A: 06 30 24 32 | 10
#1607-d260 @A: 25 24 13 06 | 05
#1608-d260 @A: 10 06 08 25 | 09
#1609-d260 @A: 17 15 06 20 | 02
#1610-d260 @A: 26 17 22 06 | 06
#1611-d260 @A: 01 07 29 17 | 07
#1612-d260 @A: 09 18 34 07 | 11
#1613-d260 @A: 32 23 07 18 | 08
#1614-d260 @A: 17 12 33 07 | 12
#1615-d260 @A: 12 07 16 34 | 03
#1616-d260 @A: 24 07 22 32 | 04
#1617-d260 @A: 03 08 07 25 | 01
#1618-d260 @A: 07 20 16 25 | 10
#1619-d260 @A: 15 21 25 07 | 05
#1620-d260 @A: 16 07 26 30 | 09
#1621-d260 @A: 01 18 28 22 | 02
#1622-d260 @A: 20 18 24 01 | 06
#1623-d260 @A: 01 03 18 23 | 07
#1624-d260 @A: 26 31 01 34 | 11
#1625-d260 @A: 28 34 01 23 | 08
#1626-d260 @A: 01 32 30 35 | 12
#1627-d260 @A: 13 20 14 01 | 03
#1628-d260 @A: 25 01 17 16 | 04
#1629-d260 @A: 01 16 08 29 | 01
#1630-d260 @A: 01 20 09 16 | 10
#1631-d260 @A: 08 22 01 20 | 05
#1632-d260 @A: 33 18 03 26 | 09
#1633-d260 @A: 18 31 12 25 | 02
#1634-d260 @A: 35 18 28 29 | 06
#1635-d260 @A: 18 20 27 03 | 07
#1636-d260 @A: 10 12 35 18 | 11
#1637-d260 @A: 13 18 26 24 | 08
#1638-d260 @A: 20 32 26 18 | 12
#1639-d260 @A: 25 15 03 18 | 03
#1640-d260 @A: 13 08 18 16 | 04
#1641-d260 @A: 33 12 20 27 | 01
#1642-d260 @A: 12 33 34 09 | 10
#1643-d260 @A: 23 17 13 33 | 05
#1644-d260 @A: 10 33 19 15 | 09
#1645-d260 @A: 31 30 27 28 | 02
#1646-d260 @A: 17 28 03 31 | 06
#1647-d260 @A: 31 25 20 28 | 07
#1648-d260 @A: 23 27 35 31 | 11
#1649-d260 @A: 32 27 31 03 | 08
#1650-d260 @A: 24 32 29 31 | 12
#1651-d260 @A: 31 14 26 15 | 03
#1652-d260 @A: 31 20 03 15 | 04
#1653-d260 @A: 20 21 31 16 | 01
#1654-d260 @A: 28 19 21 10 | 10
#1655-d260 @A: 22 28 23 19 | 05
#1656-d260 @A: 28 09 17 22 | 09
#1657-d260 @A: 21 27 12 34 | 02
#1658-d260 @A: 35 22 27 32 | 06
#1659-d260 @A: 29 27 26 35 | 07
#1660-d260 @A: 16 27 24 32 | 11
#1661-d260 @A: 27 26 03 30 | 08
#1662-d260 @A: 27 16 21 29 | 12
#1663-d260 @A: 27 08 21 17 | 03
#1664-d260 @A: 27 23 29 22 | 04
#1665-d260 @A: 08 09 27 29 | 01
#1666-d260 @A: 30 13 27 17 | 10
#1667-d260 @A: 30 26 17 27 | 05
#1668-d260 @A: 35 16 34 14 | 09
#1669-d260 @A: 30 22 34 35 | 02
#1670-d260 @A: 32 14 26 34 | 06
#1671-d260 @A: 16 26 13 34 | 07
#1672-d260 @A: 17 34 16 22 | 11
#1673-d260 @A: 20 16 10 34 | 08
#1674-d260 @A: 35 13 22 14 | 12
#1675-d260 @A: 13 35 20 03 | 03
#1676-d260 @A: 35 25 08 16 | 04
#1677-d260 @A: 25 08 26 35 | 01
#1678-d260 @A: 23 19 16 35 | 10
#1679-d260 @A: 17 35 22 29 | 05
#1680-d260 @A: 03 24 26 17 | 09
#1681-d260 @A: 08 14 10 17 | 02
#1682-d260 @A: 15 14 22 19 | 06
#1683-d260 @A: 26 22 19 14 | 07
#1684-d260 @A: 15 12 25 16 | 11
#1685-d260 @A: 10 29 32 16 | 08
#1686-d260 @A: 22 32 30 10 | 12
#1687-d260 @A: 30 29 17 32 | 03
#1688-d260 @A: 26 25 20 19 | 04
#1689-d260 @A: 26 17 29 23 | 01
