#0001-d275 @A: 14 03 31 01 | 01
#0002-d275 @A: 29 31 14 10 | 02
#0003-d275 @A: 07 02 14 24 | 03
#0004-d275 @A: 07 30 08 14 | 06
#0005-d275 @A: 14 20 02 01 | 10
#0006-d275 @A: 21 14 02 18 | 12
#0007-d275 @A: 34 22 14 30 | 08
#0008-d275 @A: 32 30 14 03 | 04
#0009-d275 @A: 08 26 14 35 | 09
#0010-d275 @A: 32 14 24 18 | 11
#0011-d275 @A: 34 14 11 19 | 05
#0012-d275 @A: 05 15 27 14 | 07
#0013-d275 @A: 14 18 29 16 | 01
#0014-d275 @A: 12 14 27 06 | 02
#0015-d275 @A: 20 18 17 14 | 03
#0016-d275 @A: 14 33 13 12 | 06
#0017-d275 @A: 14 13 06 09 | 10
#0018-d275 @A: 14 33 06 10 | 12
#0019-d275 @A: 33 05 11 14 | 08
#0020-d275 @A: 14 17 06 24 | 04
#0021-d275 @A: 31 23 07 20 | 09
#0022-d275 @A: 04 26 07 31 | 11
#0023-d275 @A: 27 05 01 31 | 05
#0024-d275 @A: 06 22 15 31 | 07
#0025-d275 @A: 32 31 19 13 | 01
#0026-d275 @A: 31 11 32 05 | 02
#0027-d275 @A: 21 17 28 31 | 03
#0028-d275 @A: 15 25 31 05 | 06
#0029-d275 @A: 31 18 17 03 | 10
#0030-d275 @A: 11 06 31 17 | 12
#0031-d275 @A: 02 29 07 01 | 08
#0032-d275 @A: 21 07 01 09 | 04
#0033-d275 @A: 16 33 07 02 | 09
#0034-d275 @A: 07 24 28 30 | 11
#0035-d275 @A: 06 30 07 19 | 05
#0036-d275 @A: 35 07 19 28 | 07
#0037-d275 @A: 28 34 07 11 | 01
#0038-d275 @A: 03 15 19 07 | 02
#0039-d275 @A: 03 26 07 21 | 03
#0040-d275 @A: 07 34 29 35 | 06
#0041-d275 @A: 07 23 29 11 | 10
#0042-d275 @A: 26 07 16 29 | 12
#0043-d275 @A: 27 07 05 26 | 08
#0044-d275 @A: 33 03 07 06 | 04
#0045-d275 @A: 22 10 16 01 | 09
#0046-d275 @A: 30 01 15 04 | 11
#0047-d275 @A: 25 21 01 30 | 05
#0048-d275 @A: 35 08 21 01 | 07
#0049-d275 @A: 13 01 11 08 | 01
#0050-d275 @A: 25 32 26 01 | 02
#0051-d275 @A: 01 15 19 25 | 03
#0052-d275 @A: 01 09 19 29 | 06
#0053-d275 @A: 20 27 01 19 | 10
#0054-d275 @A: 19 01 23 13 | 12
#0055-d275 @A: 01 34 04 21 | 08
#0056-d275 @A: 01 17 35 13 | 04
#0057-d275 @A: 03 01 35 06 | 09
#0058-d275 @A: 16 02 15 22 | 11
#0059-d275 @A: 02 08 34 06 | 05
#0060-d275 @A: 02 26 12 08 | 07
#0061-d275 @A: 02 35 16 08 | 01
#0062-d275 @A: 05 02 16 32 | 02
#0063-d275 @A: 05 28 29 02 | 03
#0064-d275 @A: 11 02 28 24 | 06
#0065-d275 @A: 19 12 02 29 | 10
#0066-d275 @A: 02 21 04 03 | 12
#0067-d275 @A: 29 02 23 18 | 08
#0068-d275 @A: 26 10 02 16 | 04
#0069-d275 @A: 04 02 06 13 | 09
#0070-d275 @A: 02 17 20 09 | 11
#0071-d275 @A: 04 22 26 30 | 05
#0072-d275 @A: 32 21 22 18 | 07
#0073-d275 @A: 32 17 29 22 | 01
#0074-d275 @A: 21 28 11 22 | 02
#0075-d275 @A: 10 22 04 15 | 03
#0076-d275 @A: 27 26 12 22 | 06
#0077-d275 @A: 33 10 34 22 | 10
#0078-d275 @A: 26 22 06 24 | 12
#0079-d275 @A: 18 22 06 13 | 08
#0080-d275 @A: 20 13 22 03 | 04
#0081-d275 @A: 11 35 33 22 | 09
#0082-d275 @A: 30 34 25 08 | 11
#0083-d275 @A: 23 08 30 24 | 05
#0084-d275 @A: 30 33 08 26 | 07
#0085-d275 @A: 30 20 23 15 | 01
#0086-d275 @A: 23 34 30 06 | 02
#0087-d275 @A: 10 30 34 17 | 03
#0088-d275 @A: 30 20 18 24 | 06
#0089-d275 @A: 10 30 13 35 | 10
#0090-d275 @A: 30 12 13 25 | 12
#0091-d275 @A: 20 05 04 30 | 08
#0092-d275 @A: 08 28 10 34 | 04
#0093-d275 @A: 11 08 19 21 | 09
#0094-d275 @A: 08 18 34 19 | 11
#0095-d275 @A: 08 05 19 23 | 05
#0096-d275 @A: 29 15 33 08 | 07
#0097-d275 @A: 08 21 23 16 | 01
#0098-d275 @A: 34 11 29 08 | 02
#0099-d275 @A: 33 08 34 03 | 03
#0100-d275 @A: 26 08 25 04 | 06
#0101-d275 @A: 12 08 03 13 | 10
#0102-d275 @A: 25 11 06 08 | 12
#0103-d275 @A: 09 08 04 12 | 08
#0104-d275 @A: 23 13 27 32 | 04
#0105-d275 @A: 26 32 17 24 | 09
#0106-d275 @A: 06 32 33 25 | 11
#0107-d275 @A: 06 04 32 35 | 05
#0108-d275 @A: 26 18 28 15 | 07
#0109-d275 @A: 28 10 21 26 | 01
#0110-d275 @A: 16 10 24 28 | 02
#0111-d275 @A: 09 04 25 28 | 03
#0112-d275 @A: 19 26 06 27 | 06
#0113-d275 @A: 11 20 26 19 | 10
#0114-d275 @A: 15 17 26 20 | 12
#0115-d275 @A: 18 10 15 25 | 08
#0116-d275 @A: 17 33 15 35 | 04
#0117-d275 @A: 29 23 20 21 | 09
#0118-d275 @A: 21 10 09 23 | 11
#0119-d275 @A: 35 18 21 11 | 05
#0120-d275 @A: 33 05 29 26 | 07
#0121-d275 @A: 16 29 24 04 | 01
#0122-d275 @A: 18 04 24 27 | 02
#0123-d275 @A: 35 24 27 06 | 03
#0124-d275 @A: 27 20 35 09 | 06
#0125-d275 @A: 11 35 27 17 | 10
#0126-d275 @A: 34 35 03 05 | 12
#0127-d275 @A: 34 06 09 04 | 08
#0128-d275 @A: 20 12 34 25 | 04
#0129-d275 @A: 04 05 26 23 | 09
#0130-d275 @A: 23 03 18 35 | 11
#0131-d275 @A: 12 23 05 18 | 05
#0132-d275 @A: 05 23 10 20 | 07
#0133-d275 @A: 12 23 04 03 | 01
#0134-d275 @A: 18 26 06 33 | 02
#0135-d275 @A: 09 26 35 03 | 03
#0136-d275 @A: 03 24 26 04 | 06
#0137-d275 @A: 25 10 16 03 | 10
#0138-d275 @A: 34 31 14 18 | 12
#0139-d275 @A: 35 31 06 14 | 08
#0140-d275 @A: 19 14 21 07 | 04
#0141-d275 @A: 14 01 08 33 | 09
#0142-d275 @A: 05 14 21 01 | 11
#0143-d275 @A: 10 34 02 14 | 05
#0144-d275 @A: 14 22 29 05 | 07
#0145-d275 @A: 12 14 35 30 | 01
#0146-d275 @A: 16 08 10 14 | 02
#0147-d275 @A: 20 14 32 19 | 03
#0148-d275 @A: 13 14 21 32 | 06
#0149-d275 @A: 26 14 28 03 | 10
#0150-d275 @A: 14 24 27 21 | 12
#0151-d275 @A: 27 10 14 23 | 08
#0152-d275 @A: 09 05 03 14 | 04
#0153-d275 @A: 09 31 30 07 | 09
#0154-d275 @A: 08 31 07 35 | 11
#0155-d275 @A: 29 07 31 06 | 05
#0156-d275 @A: 17 31 34 07 | 07
#0157-d275 @A: 31 12 16 07 | 01
#0158-d275 @A: 01 20 31 30 | 02
#0159-d275 @A: 19 31 33 01 | 03
#0160-d275 @A: 31 11 26 01 | 06
#0161-d275 @A: 02 10 19 31 | 10
#0162-d275 @A: 30 28 31 18 | 12
#0163-d275 @A: 30 31 19 34 | 08
#0164-d275 @A: 30 11 12 31 | 04
#0165-d275 @A: 24 15 31 08 | 09
#0166-d275 @A: 32 12 31 20 | 11
#0167-d275 @A: 29 28 34 31 | 05
#0168-d275 @A: 26 23 31 15 | 07
#0169-d275 @A: 17 07 01 32 | 01
#0170-d275 @A: 06 01 20 07 | 02
#0171-d275 @A: 07 02 20 30 | 03
#0172-d275 @A: 07 02 25 03 | 06
#0173-d275 @A: 04 32 07 08 | 10
#0174-d275 @A: 29 18 25 07 | 12
#0175-d275 @A: 34 07 26 13 | 08
#0176-d275 @A: 07 35 03 16 | 04
#0177-d275 @A: 02 27 01 16 | 09
#0178-d275 @A: 24 01 32 29 | 11
#0179-d275 @A: 34 01 28 25 | 05
#0180-d275 @A: 19 01 26 12 | 07
#0181-d275 @A: 16 12 29 01 | 01
#0182-d275 @A: 01 23 11 16 | 02
#0183-d275 @A: 18 17 33 01 | 03
#0184-d275 @A: 09 04 01 03 | 06
#0185-d275 @A: 05 16 01 25 | 10
#0186-d275 @A: 01 04 12 20 | 12
#0187-d275 @A: 26 02 22 05 | 08
#0188-d275 @A: 22 25 02 20 | 04
#0189-d275 @A: 30 02 35 21 | 09
#0190-d275 @A: 19 08 20 02 | 11
#0191-d275 @A: 15 32 02 18 | 05
#0192-d275 @A: 32 02 27 05 | 07
#0193-d275 @A: 34 02 17 32 | 01
#0194-d275 @A: 13 02 27 24 | 02
#0195-d275 @A: 02 34 03 23 | 03
#0196-d275 @A: 09 10 02 26 | 06
#0197-d275 @A: 35 11 02 25 | 10
#0198-d275 @A: 17 24 35 02 | 12
#0199-d275 @A: 10 06 24 02 | 08
#0200-d275 @A: 17 24 16 02 | 04
#0201-d275 @A: 24 04 02 09 | 09
#0202-d275 @A: 30 08 13 22 | 11
#0203-d275 @A: 19 32 22 34 | 05
#0204-d275 @A: 10 22 28 19 | 07
#0205-d275 @A: 29 15 22 11 | 01
#0206-d275 @A: 22 12 15 23 | 02
#0207-d275 @A: 09 16 21 22 | 03
#0208-d275 @A: 22 25 34 27 | 06
#0209-d275 @A: 23 17 22 27 | 10
#0210-d275 @A: 16 22 25 27 | 12
#0211-d275 @A: 23 06 22 03 | 08
#0212-d275 @A: 22 16 18 24 | 04
#0213-d275 @A: 11 18 22 20 | 09
#0214-d275 @A: 20 22 17 06 | 11
#0215-d275 @A: 12 22 20 24 | 05
#0216-d275 @A: 32 12 26 30 | 07
#0217-d275 @A: 30 09 32 04 | 01
#0218-d275 @A: 21 30 28 03 | 02
#0219-d275 @A: 21 30 10 19 | 03
#0220-d275 @A: 21 30 09 34 | 06
#0221-d275 @A: 17 21 30 26 | 10
#0222-d275 @A: 23 29 25 30 | 12
#0223-d275 @A: 17 13 30 18 | 08
#0224-d275 @A: 08 27 20 32 | 04
#0225-d275 @A: 13 28 23 08 | 09
#0226-d275 @A: 28 35 03 08 | 11
#0227-d275 @A: 27 19 08 24 | 05
#0228-d275 @A: 08 15 18 05 | 07
#0229-d275 @A: 27 08 34 12 | 01
#0230-d275 @A: 05 08 25 33 | 02
#0231-d275 @A: 16 08 09 25 | 03
#0232-d275 @A: 32 05 19 12 | 06
#0233-d275 @A: 03 32 34 25 | 10
#0234-d275 @A: 35 18 32 05 | 12
#0235-d275 @A: 12 33 03 32 | 08
#0236-d275 @A: 19 23 28 04 | 04
#0237-d275 @A: 12 33 23 28 | 09
#0238-d275 @A: 26 04 16 28 | 11
#0239-d275 @A: 28 03 10 17 | 05
#0240-d275 @A: 28 16 12 09 | 07
#0241-d275 @A: 19 15 16 04 | 01
#0242-d275 @A: 21 19 24 12 | 02
#0243-d275 @A: 34 23 19 12 | 03
#0244-d275 @A: 13 34 19 25 | 06
#0245-d275 @A: 25 19 17 35 | 10
#0246-d275 @A: 19 11 10 04 | 12
#0247-d275 @A: 05 19 11 16 | 08
#0248-d275 @A: 15 10 27 21 | 04
#0249-d275 @A: 29 15 16 17 | 09
#0250-d275 @A: 18 15 23 27 | 11
#0251-d275 @A: 16 03 26 15 | 05
#0252-d275 @A: 15 09 13 25 | 07
#0253-d275 @A: 15 35 04 11 | 01
#0254-d275 @A: 03 11 20 15 | 02
#0255-d275 @A: 24 15 11 09 | 03
#0256-d275 @A: 21 24 29 26 | 06
#0257-d275 @A: 35 06 29 21 | 10
#0258-d275 @A: 21 16 35 23 | 12
#0259-d275 @A: 21 10 17 20 | 08
#0260-d275 @A: 05 16 17 21 | 04
#0261-d275 @A: 27 04 05 29 | 09
#0262-d275 @A: 09 23 29 05 | 11
#0263-d275 @A: 16 29 06 13 | 05
#0264-d275 @A: 06 29 16 09 | 07
#0265-d275 @A: 17 12 18 34 | 01
#0266-d275 @A: 10 11 35 34 | 02
#0267-d275 @A: 24 34 03 06 | 03
#0268-d275 @A: 18 23 09 06 | 06
#0269-d275 @A: 23 06 33 04 | 10
#0270-d275 @A: 35 06 23 25 | 12
#0271-d275 @A: 09 35 23 17 | 08
#0272-d275 @A: 05 23 17 06 | 04
#0273-d275 @A: 23 03 25 05 | 09
#0274-d275 @A: 11 13 26 33 | 11
#0275-d275 @A: 10 06 26 05 | 05
#0276-d275 @A: 25 24 16 35 | 07
#0277-d275 @A: 31 21 14 09 | 01
#0278-d275 @A: 14 26 07 09 | 02
#0279-d275 @A: 11 01 14 28 | 03
#0280-d275 @A: 14 02 04 08 | 06
#0281-d275 @A: 12 14 02 15 | 10
#0282-d275 @A: 18 15 22 14 | 12
#0283-d275 @A: 08 15 14 11 | 08
#0284-d275 @A: 21 08 14 10 | 04
#0285-d275 @A: 32 28 14 06 | 09
#0286-d275 @A: 32 12 14 09 | 11
#0287-d275 @A: 14 33 21 28 | 05
#0288-d275 @A: 05 23 14 28 | 07
#0289-d275 @A: 27 14 34 13 | 01
#0290-d275 @A: 14 33 03 27 | 02
#0291-d275 @A: 03 34 14 04 | 03
#0292-d275 @A: 25 12 14 18 | 06
#0293-d275 @A: 13 25 20 14 | 10
#0294-d275 @A: 14 24 11 13 | 12
#0295-d275 @A: 11 17 14 10 | 08
#0296-d275 @A: 03 12 14 11 | 04
#0297-d275 @A: 17 14 09 04 | 09
#0298-d275 @A: 31 05 19 07 | 11
#0299-d275 @A: 06 01 12 31 | 05
#0300-d275 @A: 30 15 32 31 | 07
#0301-d275 @A: 30 31 33 21 | 01
#0302-d275 @A: 31 03 32 08 | 02
#0303-d275 @A: 27 08 13 31 | 03
#0304-d275 @A: 31 34 24 32 | 06
#0305-d275 @A: 31 04 15 09 | 10
#0306-d275 @A: 21 27 35 31 | 12
#0307-d275 @A: 21 31 20 26 | 08
#0308-d275 @A: 09 27 29 31 | 04
#0309-d275 @A: 31 16 09 26 | 09
#0310-d275 @A: 04 31 05 17 | 11
#0311-d275 @A: 05 30 01 07 | 05
#0312-d275 @A: 16 07 28 01 | 07
#0313-d275 @A: 28 21 02 07 | 01
#0314-d275 @A: 12 28 07 08 | 02
#0315-d275 @A: 32 27 16 07 | 03
#0316-d275 @A: 26 07 28 20 | 06
#0317-d275 @A: 26 33 07 12 | 10
#0318-d275 @A: 33 07 25 04 | 12
#0319-d275 @A: 16 06 17 07 | 08
#0320-d275 @A: 07 25 16 11 | 04
#0321-d275 @A: 22 02 01 06 | 09
#0322-d275 @A: 25 13 01 02 | 11
#0323-d275 @A: 30 22 35 01 | 05
#0324-d275 @A: 13 01 34 30 | 07
#0325-d275 @A: 17 30 12 01 | 01
#0326-d275 @A: 15 08 12 01 | 02
#0327-d275 @A: 32 01 33 34 | 03
#0328-d275 @A: 27 01 09 24 | 06
#0329-d275 @A: 33 03 20 01 | 10
#0330-d275 @A: 01 04 20 16 | 12
#0331-d275 @A: 35 19 22 02 | 08
#0332-d275 @A: 29 30 32 02 | 04
#0333-d275 @A: 08 27 02 21 | 09
#0334-d275 @A: 20 02 28 15 | 11
#0335-d275 @A: 02 15 11 23 | 05
#0336-d275 @A: 34 02 21 13 | 07
#0337-d275 @A: 29 27 10 02 | 01
#0338-d275 @A: 06 05 35 02 | 02
#0339-d275 @A: 02 11 12 06 | 03
#0340-d275 @A: 30 06 22 32 | 06
#0341-d275 @A: 25 30 22 18 | 10
#0342-d275 @A: 26 32 22 35 | 12
#0343-d275 @A: 24 28 22 34 | 08
#0344-d275 @A: 28 22 16 13 | 04
#0345-d275 @A: 19 22 33 29 | 09
#0346-d275 @A: 22 29 09 34 | 11
#0347-d275 @A: 17 24 18 22 | 05
#0348-d275 @A: 05 13 33 22 | 07
#0349-d275 @A: 30 09 15 08 | 01
#0350-d275 @A: 16 20 08 30 | 02
#0351-d275 @A: 30 26 28 35 | 03
#0352-d275 @A: 33 04 19 30 | 06
#0353-d275 @A: 21 30 05 15 | 10
#0354-d275 @A: 30 13 15 26 | 12
#0355-d275 @A: 30 25 15 11 | 08
#0356-d275 @A: 18 09 30 05 | 04
#0357-d275 @A: 30 16 24 33 | 09
#0358-d275 @A: 21 28 29 08 | 11
#0359-d275 @A: 05 08 28 20 | 05
#0360-d275 @A: 15 08 04 21 | 07
#0361-d275 @A: 29 24 08 35 | 01
#0362-d275 @A: 08 34 26 17 | 02
#0363-d275 @A: 16 33 12 08 | 03
#0364-d275 @A: 32 28 35 23 | 06
#0365-d275 @A: 09 28 11 32 | 10
#0366-d275 @A: 34 32 26 06 | 12
#0367-d275 @A: 32 11 12 35 | 08
#0368-d275 @A: 28 19 06 34 | 04
#0369-d275 @A: 16 28 23 19 | 09
#0370-d275 @A: 26 28 19 24 | 11
#0371-d275 @A: 13 05 28 19 | 05
#0372-d275 @A: 16 18 03 28 | 07
#0373-d275 @A: 28 06 09 33 | 01
#0374-d275 @A: 35 25 24 28 | 02
#0375-d275 @A: 28 05 03 06 | 03
#0376-d275 @A: 19 15 21 13 | 06
#0377-d275 @A: 29 10 19 23 | 10
#0378-d275 @A: 18 19 05 17 | 12
#0379-d275 @A: 33 19 24 11 | 08
#0380-d275 @A: 06 24 19 20 | 04
#0381-d275 @A: 12 03 09 19 | 09
#0382-d275 @A: 19 11 03 17 | 11
#0383-d275 @A: 12 03 15 21 | 05
#0384-d275 @A: 24 27 15 34 | 07
#0385-d275 @A: 09 15 34 12 | 01
#0386-d275 @A: 10 35 24 15 | 02
#0387-d275 @A: 35 20 15 25 | 03
#0388-d275 @A: 27 21 34 11 | 06
#0389-d275 @A: 21 18 33 27 | 10
#0390-d275 @A: 12 21 06 18 | 12
#0391-d275 @A: 24 21 10 33 | 08
#0392-d275 @A: 03 35 24 21 | 04
#0393-d275 @A: 06 24 05 21 | 09
#0394-d275 @A: 06 21 11 09 | 11
#0395-d275 @A: 13 27 20 29 | 05
#0396-d275 @A: 18 29 05 24 | 07
#0397-d275 @A: 35 09 29 13 | 01
#0398-d275 @A: 04 17 13 29 | 02
#0399-d275 @A: 29 16 33 10 | 03
#0400-d275 @A: 25 10 27 13 | 06
#0401-d275 @A: 13 34 18 24 | 10
#0402-d275 @A: 34 35 04 17 | 12
#0403-d275 @A: 35 04 16 34 | 08
#0404-d275 @A: 24 25 10 34 | 04
#0405-d275 @A: 16 12 20 34 | 09
#0406-d275 @A: 17 13 23 26 | 11
#0407-d275 @A: 10 23 06 13 | 05
#0408-d275 @A: 33 23 03 17 | 07
#0409-d275 @A: 24 25 23 11 | 01
#0410-d275 @A: 17 26 18 10 | 02
#0411-d275 @A: 16 26 18 20 | 03
#0412-d275 @A: 10 24 26 20 | 06
#0413-d275 @A: 04 12 18 16 | 10
#0414-d275 @A: 30 31 14 13 | 12
#0415-d275 @A: 12 26 14 31 | 08
#0416-d275 @A: 01 14 22 10 | 04
#0417-d275 @A: 26 14 17 02 | 09
#0418-d275 @A: 14 02 25 06 | 11
#0419-d275 @A: 14 15 30 17 | 05
#0420-d275 @A: 32 14 08 17 | 07
#0421-d275 @A: 32 35 27 14 | 01
#0422-d275 @A: 25 14 32 16 | 02
#0423-d275 @A: 14 23 06 21 | 03
#0424-d275 @A: 18 14 04 05 | 06
#0425-d275 @A: 13 10 14 05 | 10
#0426-d275 @A: 09 35 11 14 | 12
#0427-d275 @A: 13 02 31 07 | 08
#0428-d275 @A: 07 33 31 32 | 04
#0429-d275 @A: 31 08 18 02 | 09
#0430-d275 @A: 32 09 31 02 | 11
#0431-d275 @A: 21 31 02 11 | 05
#0432-d275 @A: 35 23 30 31 | 07
#0433-d275 @A: 19 09 31 06 | 01
#0434-d275 @A: 31 29 35 16 | 02
#0435-d275 @A: 20 25 29 31 | 03
#0436-d275 @A: 31 27 06 34 | 06
#0437-d275 @A: 31 34 04 33 | 10
#0438-d275 @A: 18 06 25 31 | 12
#0439-d275 @A: 03 09 31 33 | 08
#0440-d275 @A: 31 12 17 35 | 04
#0441-d275 @A: 33 07 22 30 | 09
#0442-d275 @A: 27 07 11 22 | 11
#0443-d275 @A: 07 30 35 15 | 05
#0444-d275 @A: 30 16 07 13 | 07
#0445-d275 @A: 15 34 07 08 | 01
#0446-d275 @A: 23 06 07 08 | 02
#0447-d275 @A: 29 19 20 07 | 03
#0448-d275 @A: 07 15 11 10 | 06
#0449-d275 @A: 05 07 15 16 | 10
#0450-d275 @A: 07 21 13 23 | 12
#0451-d275 @A: 34 27 20 07 | 08
#0452-d275 @A: 04 07 35 10 | 04
#0453-d275 @A: 35 20 03 07 | 09
#0454-d275 @A: 24 20 07 09 | 11
#0455-d275 @A: 11 07 09 12 | 05
#0456-d275 @A: 02 01 33 30 | 07
#0457-d275 @A: 18 01 02 19 | 01
#0458-d275 @A: 27 22 33 01 | 02
#0459-d275 @A: 01 16 30 34 | 03
#0460-d275 @A: 01 18 30 23 | 06
#0461-d275 @A: 19 08 01 16 | 10
#0462-d275 @A: 05 32 01 03 | 12
#0463-d275 @A: 01 06 29 34 | 08
#0464-d275 @A: 01 26 33 16 | 04
#0465-d275 @A: 01 10 09 12 | 09
#0466-d275 @A: 05 01 10 11 | 11
#0467-d275 @A: 22 02 15 27 | 05
#0468-d275 @A: 04 22 02 29 | 07
#0469-d275 @A: 02 30 09 19 | 01
#0470-d275 @A: 17 33 08 02 | 02
#0471-d275 @A: 08 11 05 02 | 03
#0472-d275 @A: 11 26 27 02 | 06
#0473-d275 @A: 03 27 02 18 | 10
#0474-d275 @A: 02 26 34 25 | 12
#0475-d275 @A: 25 02 23 16 | 08
#0476-d275 @A: 02 10 11 18 | 04
#0477-d275 @A: 02 12 24 18 | 09
#0478-d275 @A: 25 12 02 33 | 11
#0479-d275 @A: 10 03 20 02 | 05
#0480-d275 @A: 29 22 30 12 | 07
#0481-d275 @A: 27 22 30 20 | 01
#0482-d275 @A: 08 22 33 32 | 02
#0483-d275 @A: 22 28 08 17 | 03
#0484-d275 @A: 22 23 19 11 | 06
#0485-d275 @A: 34 22 15 17 | 10
#0486-d275 @A: 22 05 15 35 | 12
#0487-d275 @A: 26 16 22 06 | 08
#0488-d275 @A: 33 03 22 18 | 04
#0489-d275 @A: 24 33 22 25 | 09
#0490-d275 @A: 04 22 11 09 | 11
#0491-d275 @A: 30 05 27 08 | 05
#0492-d275 @A: 28 27 10 30 | 07
#0493-d275 @A: 16 10 19 30 | 01
#0494-d275 @A: 12 27 30 23 | 02
#0495-d275 @A: 30 03 26 06 | 03
#0496-d275 @A: 05 30 03 33 | 06
#0497-d275 @A: 33 12 24 30 | 10
#0498-d275 @A: 06 30 04 25 | 12
#0499-d275 @A: 30 11 06 24 | 08
#0500-d275 @A: 32 24 08 28 | 04
#0501-d275 @A: 12 21 08 32 | 09
#0502-d275 @A: 26 28 08 11 | 11
#0503-d275 @A: 26 13 08 19 | 05
#0504-d275 @A: 33 27 32 28 | 07
#0505-d275 @A: 32 27 19 11 | 01
#0506-d275 @A: 27 15 32 12 | 02
#0507-d275 @A: 16 32 34 15 | 03
#0508-d275 @A: 23 05 32 15 | 06
#0509-d275 @A: 27 09 26 32 | 10
#0510-d275 @A: 32 18 10 12 | 12
#0511-d275 @A: 13 32 25 05 | 08
#0512-d275 @A: 10 04 03 32 | 04
#0513-d275 @A: 32 09 03 17 | 09
#0514-d275 @A: 27 18 28 20 | 11
#0515-d275 @A: 28 25 16 34 | 05
#0516-d275 @A: 10 28 11 06 | 07
#0517-d275 @A: 29 19 27 35 | 01
#0518-d275 @A: 24 17 19 13 | 02
#0519-d275 @A: 19 16 13 12 | 03
#0520-d275 @A: 05 19 03 04 | 06
#0521-d275 @A: 18 15 35 29 | 10
#0522-d275 @A: 15 11 18 17 | 12
#0523-d275 @A: 33 13 10 15 | 08
#0524-d275 @A: 04 15 12 24 | 04
#0525-d275 @A: 16 20 21 29 | 09
#0526-d275 @A: 05 23 27 21 | 11
#0527-d275 @A: 29 20 33 10 | 05
#0528-d275 @A: 25 27 23 04 | 07
#0529-d275 @A: 26 27 35 04 | 01
#0530-d275 @A: 27 03 35 12 | 02
#0531-d275 @A: 05 24 27 11 | 03
#0532-d275 @A: 18 35 09 34 | 06
#0533-d275 @A: 13 06 34 17 | 10
#0534-d275 @A: 12 04 34 13 | 12
#0535-d275 @A: 10 12 06 34 | 08
#0536-d275 @A: 20 04 10 34 | 04
#0537-d275 @A: 34 06 05 25 | 09
#0538-d275 @A: 11 34 17 24 | 11
#0539-d275 @A: 33 11 09 23 | 05
#0540-d275 @A: 23 11 35 05 | 07
#0541-d275 @A: 26 06 12 09 | 01
#0542-d275 @A: 25 26 17 16 | 02
#0543-d275 @A: 18 33 16 25 | 03
#0544-d275 @A: 14 23 31 04 | 06
#0545-d275 @A: 27 14 07 18 | 10
#0546-d275 @A: 16 07 04 14 | 12
#0547-d275 @A: 16 01 14 24 | 08
#0548-d275 @A: 14 28 09 02 | 04
#0549-d275 @A: 23 14 33 02 | 09
#0550-d275 @A: 14 08 18 28 | 11
#0551-d275 @A: 20 23 14 08 | 05
#0552-d275 @A: 10 32 14 25 | 07
#0553-d275 @A: 27 14 28 19 | 01
#0554-d275 @A: 12 34 14 28 | 02
#0555-d275 @A: 15 20 14 21 | 03
#0556-d275 @A: 15 14 23 13 | 06
#0557-d275 @A: 29 14 21 03 | 10
#0558-d275 @A: 33 34 26 14 | 12
#0559-d275 @A: 04 35 13 14 | 08
#0560-d275 @A: 17 03 14 13 | 04
#0561-d275 @A: 24 14 05 35 | 09
#0562-d275 @A: 07 31 28 25 | 11
#0563-d275 @A: 23 09 31 01 | 05
#0564-d275 @A: 02 35 31 15 | 07
#0565-d275 @A: 33 31 29 02 | 01
#0566-d275 @A: 12 27 31 02 | 02
#0567-d275 @A: 31 02 25 23 | 03
#0568-d275 @A: 22 31 16 23 | 06
#0569-d275 @A: 10 25 22 31 | 10
#0570-d275 @A: 12 04 31 22 | 12
#0571-d275 @A: 31 28 08 09 | 08
#0572-d275 @A: 19 31 12 28 | 04
#0573-d275 @A: 26 31 05 28 | 09
#0574-d275 @A: 31 16 33 19 | 11
#0575-d275 @A: 35 24 31 19 | 05
#0576-d275 @A: 11 27 23 31 | 07
#0577-d275 @A: 26 10 27 31 | 01
#0578-d275 @A: 16 31 27 04 | 02
#0579-d275 @A: 16 31 34 24 | 03
#0580-d275 @A: 04 13 31 25 | 06
#0581-d275 @A: 31 09 05 13 | 10
#0582-d275 @A: 20 31 06 03 | 12
#0583-d275 @A: 19 07 01 04 | 08
#0584-d275 @A: 33 01 07 35 | 04
#0585-d275 @A: 07 17 02 15 | 09
#0586-d275 @A: 07 03 34 22 | 11
#0587-d275 @A: 07 22 04 23 | 05
#0588-d275 @A: 17 11 08 07 | 07
#0589-d275 @A: 07 28 03 32 | 01
#0590-d275 @A: 35 07 21 32 | 02
#0591-d275 @A: 09 28 07 17 | 03
#0592-d275 @A: 15 27 13 07 | 06
#0593-d275 @A: 18 15 07 09 | 10
#0594-d275 @A: 07 21 18 20 | 12
#0595-d275 @A: 35 27 07 23 | 08
#0596-d275 @A: 23 07 05 33 | 04
#0597-d275 @A: 07 20 33 11 | 09
#0598-d275 @A: 10 07 12 25 | 11
#0599-d275 @A: 12 06 07 04 | 05
#0600-d275 @A: 04 07 03 17 | 07
#0601-d275 @A: 01 34 02 11 | 01
#0602-d275 @A: 01 03 19 28 | 02
#0603-d275 @A: 01 17 15 28 | 03
#0604-d275 @A: 28 01 23 10 | 06
#0605-d275 @A: 06 01 21 13 | 10
#0606-d275 @A: 06 01 33 11 | 12
#0607-d275 @A: 01 33 12 05 | 08
#0608-d275 @A: 24 04 01 06 | 04
#0609-d275 @A: 17 01 25 20 | 09
#0610-d275 @A: 11 30 22 02 | 11
#0611-d275 @A: 02 33 28 22 | 05
#0612-d275 @A: 13 02 22 23 | 07
#0613-d275 @A: 02 04 17 30 | 01
#0614-d275 @A: 26 23 28 02 | 02
#0615-d275 @A: 09 02 27 34 | 03
#0616-d275 @A: 02 27 06 17 | 06
#0617-d275 @A: 13 02 17 10 | 10
#0618-d275 @A: 20 02 12 13 | 12
#0619-d275 @A: 09 03 06 02 | 08
#0620-d275 @A: 02 06 16 04 | 04
#0621-d275 @A: 22 23 30 10 | 09
#0622-d275 @A: 28 32 22 12 | 11
#0623-d275 @A: 19 09 21 22 | 05
#0624-d275 @A: 05 27 22 19 | 07
#0625-d275 @A: 20 26 22 29 | 01
#0626-d275 @A: 27 18 22 10 | 02
#0627-d275 @A: 20 22 04 33 | 03
#0628-d275 @A: 05 09 24 22 | 06
#0629-d275 @A: 11 08 35 30 | 10
#0630-d275 @A: 18 29 30 21 | 12
#0631-d275 @A: 21 23 30 04 | 08
#0632-d275 @A: 11 30 26 29 | 04
#0633-d275 @A: 29 30 17 35 | 09
#0634-d275 @A: 20 30 34 26 | 11
#0635-d275 @A: 33 13 30 09 | 05
#0636-d275 @A: 06 30 12 05 | 07
#0637-d275 @A: 26 32 08 05 | 01
#0638-d275 @A: 13 08 10 32 | 02
#0639-d275 @A: 08 06 15 28 | 03
#0640-d275 @A: 05 08 16 29 | 06
#0641-d275 @A: 33 27 08 11 | 10
#0642-d275 @A: 20 18 08 33 | 12
#0643-d275 @A: 08 09 18 24 | 08
#0644-d275 @A: 10 33 08 12 | 04
#0645-d275 @A: 35 08 17 20 | 09
#0646-d275 @A: 12 08 06 17 | 11
#0647-d275 @A: 20 34 28 32 | 05
#0648-d275 @A: 25 19 32 23 | 07
#0649-d275 @A: 03 15 35 32 | 01
#0650-d275 @A: 32 27 17 21 | 02
#0651-d275 @A: 11 32 21 04 | 03
#0652-d275 @A: 20 17 13 32 | 06
#0653-d275 @A: 32 10 16 35 | 10
#0654-d275 @A: 10 06 32 20 | 12
#0655-d275 @A: 24 32 11 16 | 08
#0656-d275 @A: 28 19 21 20 | 04
#0657-d275 @A: 09 28 15 23 | 09
#0658-d275 @A: 12 28 11 18 | 11
#0659-d275 @A: 28 33 10 25 | 05
#0660-d275 @A: 35 09 10 28 | 07
#0661-d275 @A: 17 24 28 04 | 01
#0662-d275 @A: 20 23 19 17 | 02
#0663-d275 @A: 03 18 24 19 | 03
#0664-d275 @A: 33 17 12 19 | 06
#0665-d275 @A: 03 10 25 19 | 10
#0666-d275 @A: 20 12 19 10 | 12
#0667-d275 @A: 19 06 17 04 | 08
#0668-d275 @A: 15 26 11 21 | 04
#0669-d275 @A: 12 15 26 29 | 09
#0670-d275 @A: 15 34 26 35 | 11
#0671-d275 @A: 09 10 20 15 | 05
#0672-d275 @A: 03 06 15 17 | 07
#0673-d275 @A: 15 12 25 06 | 01
#0674-d275 @A: 11 13 21 10 | 02
#0675-d275 @A: 21 05 25 10 | 03
#0676-d275 @A: 29 23 27 26 | 06
#0677-d275 @A: 24 12 34 29 | 10
#0678-d275 @A: 24 13 29 25 | 12
#0679-d275 @A: 29 24 06 09 | 08
#0680-d275 @A: 09 29 17 12 | 04
#0681-d275 @A: 20 29 09 11 | 09
#0682-d275 @A: 33 34 23 27 | 11
#0683-d275 @A: 13 27 05 17 | 05
#0684-d275 @A: 33 35 27 10 | 07
#0685-d275 @A: 06 27 16 20 | 01
#0686-d275 @A: 27 03 20 05 | 02
#0687-d275 @A: 13 34 11 03 | 03
#0688-d275 @A: 34 11 12 33 | 06
#0689-d275 @A: 34 17 09 33 | 10
#0690-d275 @A: 23 33 25 13 | 12
#0691-d275 @A: 16 23 09 04 | 08
#0692-d275 @A: 03 12 18 26 | 04
#0693-d275 @A: 05 26 18 20 | 09
#0694-d275 @A: 13 24 12 26 | 11
#0695-d275 @A: 10 33 03 26 | 05
#0696-d275 @A: 25 33 26 20 | 07
#0697-d275 @A: 26 33 09 24 | 01
#0698-d275 @A: 11 35 26 16 | 02
#0699-d275 @A: 13 16 09 03 | 03
#0700-d275 @A: 20 05 16 13 | 06
#0701-d275 @A: 16 04 05 33 | 10
#0702-d275 @A: 12 05 24 16 | 12
#0703-d275 @A: 07 11 31 14 | 08
#0704-d275 @A: 05 32 14 07 | 04
#0705-d275 @A: 10 07 14 28 | 09
#0706-d275 @A: 07 06 34 14 | 11
#0707-d275 @A: 14 04 32 01 | 05
#0708-d275 @A: 01 14 17 19 | 07
#0709-d275 @A: 23 01 12 14 | 01
#0710-d275 @A: 30 16 15 14 | 02
#0711-d275 @A: 27 14 09 08 | 03
#0712-d275 @A: 15 10 03 14 | 06
#0713-d275 @A: 13 26 18 14 | 10
#0714-d275 @A: 09 16 14 33 | 12
#0715-d275 @A: 11 16 14 20 | 08
#0716-d275 @A: 12 07 15 31 | 04
#0717-d275 @A: 31 17 01 29 | 09
#0718-d275 @A: 17 31 22 02 | 11
#0719-d275 @A: 30 31 02 06 | 05
#0720-d275 @A: 31 02 26 24 | 07
#0721-d275 @A: 31 11 08 22 | 01
#0722-d275 @A: 30 31 29 05 | 02
#0723-d275 @A: 29 31 08 12 | 03
#0724-d275 @A: 27 31 19 18 | 06
#0725-d275 @A: 31 21 13 29 | 10
#0726-d275 @A: 31 18 33 12 | 12
#0727-d275 @A: 33 31 06 05 | 08
#0728-d275 @A: 06 10 31 04 | 04
#0729-d275 @A: 24 05 03 31 | 09
#0730-d275 @A: 04 11 03 31 | 11
#0731-d275 @A: 28 07 27 01 | 05
#0732-d275 @A: 02 09 22 07 | 07
#0733-d275 @A: 05 34 02 07 | 01
#0734-d275 @A: 13 22 07 29 | 02
#0735-d275 @A: 07 13 30 32 | 03
#0736-d275 @A: 07 27 30 25 | 06
#0737-d275 @A: 08 18 07 03 | 10
#0738-d275 @A: 13 07 20 08 | 12
#0739-d275 @A: 07 34 25 21 | 08
#0740-d275 @A: 17 27 07 10 | 04
#0741-d275 @A: 34 16 09 07 | 09
#0742-d275 @A: 24 33 07 18 | 11
#0743-d275 @A: 07 06 10 18 | 05
#0744-d275 @A: 10 09 33 07 | 07
#0745-d275 @A: 20 12 07 17 | 01
#0746-d275 @A: 01 35 02 27 | 02
#0747-d275 @A: 17 08 01 23 | 03
#0748-d275 @A: 06 01 08 18 | 06
#0749-d275 @A: 32 01 20 23 | 10
#0750-d275 @A: 35 01 29 28 | 12
#0751-d275 @A: 21 01 27 29 | 08
#0752-d275 @A: 18 26 01 21 | 04
#0753-d275 @A: 23 33 01 29 | 09
#0754-d275 @A: 01 13 12 29 | 11
#0755-d275 @A: 01 27 17 34 | 05
#0756-d275 @A: 05 23 01 34 | 07
#0757-d275 @A: 01 24 13 33 | 01
#0758-d275 @A: 01 35 16 13 | 02
#0759-d275 @A: 03 01 10 13 | 03
#0760-d275 @A: 25 09 33 01 | 06
#0761-d275 @A: 01 25 10 06 | 10
#0762-d275 @A: 17 10 24 01 | 12
#0763-d275 @A: 01 11 12 24 | 08
#0764-d275 @A: 08 13 02 15 | 04
#0765-d275 @A: 24 21 02 32 | 09
#0766-d275 @A: 20 02 32 26 | 11
#0767-d275 @A: 02 24 15 19 | 05
#0768-d275 @A: 19 34 04 02 | 07
#0769-d275 @A: 06 19 02 23 | 01
#0770-d275 @A: 23 10 35 02 | 02
#0771-d275 @A: 17 12 03 02 | 03
#0772-d275 @A: 05 12 02 04 | 06
#0773-d275 @A: 30 22 09 17 | 10
#0774-d275 @A: 22 33 15 09 | 12
#0775-d275 @A: 34 05 22 21 | 08
#0776-d275 @A: 13 26 22 21 | 04
#0777-d275 @A: 12 22 34 35 | 09
#0778-d275 @A: 12 33 06 22 | 11
#0779-d275 @A: 03 22 24 11 | 05
#0780-d275 @A: 18 30 27 32 | 07
#0781-d275 @A: 30 28 25 19 | 01
#0782-d275 @A: 28 09 30 29 | 02
#0783-d275 @A: 28 34 33 30 | 03
#0784-d275 @A: 13 19 30 29 | 06
#0785-d275 @A: 17 30 19 27 | 10
#0786-d275 @A: 16 30 26 27 | 12
#0787-d275 @A: 35 30 06 16 | 08
#0788-d275 @A: 05 25 30 17 | 04
#0789-d275 @A: 18 32 29 08 | 09
#0790-d275 @A: 08 27 28 25 | 11
#0791-d275 @A: 16 08 28 17 | 05
#0792-d275 @A: 24 08 13 21 | 07
#0793-d275 @A: 08 29 03 10 | 01
#0794-d275 @A: 23 03 27 08 | 02
#0795-d275 @A: 23 34 08 35 | 03
#0796-d275 @A: 33 04 08 13 | 06
#0797-d275 @A: 04 05 35 08 | 10
#0798-d275 @A: 11 24 10 08 | 12
#0799-d275 @A: 05 09 10 08 | 08
#0800-d275 @A: 08 20 04 24 | 04
#0801-d275 @A: 28 32 26 13 | 09
#0802-d275 @A: 35 32 34 13 | 11
#0803-d275 @A: 24 32 06 23 | 05
#0804-d275 @A: 32 33 16 13 | 07
#0805-d275 @A: 11 06 32 03 | 01
#0806-d275 @A: 24 15 21 28 | 02
#0807-d275 @A: 28 13 15 34 | 03
#0808-d275 @A: 09 34 28 03 | 06
#0809-d275 @A: 28 13 18 33 | 10
#0810-d275 @A: 03 13 25 28 | 12
#0811-d275 @A: 33 28 24 03 | 08
#0812-d275 @A: 04 28 12 35 | 04
#0813-d275 @A: 03 34 19 29 | 09
#0814-d275 @A: 25 06 29 19 | 11
#0815-d275 @A: 33 20 05 19 | 05
#0816-d275 @A: 04 15 23 34 | 07
#0817-d275 @A: 15 33 04 03 | 01
#0818-d275 @A: 25 24 03 15 | 02
#0819-d275 @A: 25 21 13 17 | 03
#0820-d275 @A: 21 04 05 33 | 06
#0821-d275 @A: 21 05 20 11 | 10
#0822-d275 @A: 12 29 35 33 | 12
#0823-d275 @A: 33 04 09 29 | 08
#0824-d275 @A: 11 04 24 29 | 04
#0825-d275 @A: 18 25 27 11 | 09
#0826-d275 @A: 11 27 13 12 | 11
#0827-d275 @A: 12 10 05 27 | 05
#0828-d275 @A: 11 20 23 34 | 07
#0829-d275 @A: 03 33 34 16 | 01
#0830-d275 @A: 11 06 26 23 | 02
#0831-d275 @A: 23 20 03 26 | 03
#0832-d275 @A: 13 23 18 16 | 06
#0833-d275 @A: 05 16 23 10 | 10
#0834-d275 @A: 16 17 23 20 | 12
#0835-d275 @A: 26 09 18 04 | 08
#0836-d275 @A: 25 05 26 24 | 04
#0837-d275 @A: 05 26 12 17 | 09
#0838-d275 @A: 18 10 16 04 | 11
#0839-d275 @A: 16 06 18 05 | 05
#0840-d275 @A: 25 12 06 16 | 07
#0841-d275 @A: 31 17 27 14 | 01
#0842-d275 @A: 14 07 23 03 | 02
#0843-d275 @A: 25 14 17 07 | 03
#0844-d275 @A: 30 01 14 24 | 06
#0845-d275 @A: 01 26 14 06 | 10
#0846-d275 @A: 02 29 14 35 | 12
#0847-d275 @A: 28 22 14 13 | 08
#0848-d275 @A: 25 14 22 21 | 04
#0849-d275 @A: 22 16 14 05 | 09
#0850-d275 @A: 29 06 14 30 | 11
#0851-d275 @A: 17 12 21 14 | 05
#0852-d275 @A: 27 16 14 23 | 07
#0853-d275 @A: 14 17 16 34 | 01
#0854-d275 @A: 33 35 18 14 | 02
#0855-d275 @A: 18 09 14 10 | 03
#0856-d275 @A: 24 14 33 04 | 06
#0857-d275 @A: 14 20 03 24 | 10
#0858-d275 @A: 31 27 03 07 | 12
#0859-d275 @A: 19 04 31 08 | 08
#0860-d275 @A: 08 15 16 31 | 04
#0861-d275 @A: 18 26 32 31 | 09
#0862-d275 @A: 20 31 28 04 | 11
#0863-d275 @A: 03 15 31 29 | 05
#0864-d275 @A: 13 31 15 17 | 07
#0865-d275 @A: 35 31 29 26 | 01
#0866-d275 @A: 12 31 05 34 | 02
#0867-d275 @A: 26 31 13 03 | 03
#0868-d275 @A: 11 31 24 18 | 06
#0869-d275 @A: 12 10 13 31 | 10
#0870-d275 @A: 06 24 13 31 | 12
#0871-d275 @A: 11 03 01 07 | 08
#0872-d275 @A: 27 07 33 02 | 04
#0873-d275 @A: 21 22 15 07 | 09
#0874-d275 @A: 07 30 34 18 | 11
#0875-d275 @A: 33 07 21 08 | 05
#0876-d275 @A: 10 13 19 07 | 07
#0877-d275 @A: 09 07 23 34 | 01
#0878-d275 @A: 34 04 07 24 | 02
#0879-d275 @A: 18 05 07 11 | 03
#0880-d275 @A: 05 13 06 07 | 06
#0881-d275 @A: 24 16 20 07 | 10
#0882-d275 @A: 23 02 01 24 | 12
#0883-d275 @A: 32 01 11 22 | 08
#0884-d275 @A: 22 19 24 01 | 04
#0885-d275 @A: 27 03 01 30 | 09
#0886-d275 @A: 19 10 01 08 | 11
#0887-d275 @A: 32 01 09 13 | 05
#0888-d275 @A: 28 01 20 09 | 07
#0889-d275 @A: 33 21 15 01 | 01
#0890-d275 @A: 01 21 20 24 | 02
#0891-d275 @A: 34 24 26 01 | 03
#0892-d275 @A: 24 02 22 08 | 06
#0893-d275 @A: 18 22 02 34 | 10
#0894-d275 @A: 23 02 05 30 | 12
#0895-d275 @A: 16 02 30 03 | 08
#0896-d275 @A: 23 02 09 08 | 04
#0897-d275 @A: 02 12 10 28 | 09
#0898-d275 @A: 04 15 26 02 | 11
#0899-d275 @A: 23 02 17 21 | 05
#0900-d275 @A: 02 09 33 18 | 07
#0901-d275 @A: 09 11 02 13 | 01
#0902-d275 @A: 30 05 28 22 | 02
#0903-d275 @A: 29 22 08 06 | 03
#0904-d275 @A: 27 08 22 35 | 06
#0905-d275 @A: 23 18 22 08 | 10
#0906-d275 @A: 09 32 23 22 | 12
#0907-d275 @A: 16 32 04 22 | 08
#0908-d275 @A: 22 25 29 28 | 04
#0909-d275 @A: 22 35 16 19 | 09
#0910-d275 @A: 06 22 25 09 | 11
#0911-d275 @A: 17 25 22 12 | 05
#0912-d275 @A: 18 10 30 08 | 07
#0913-d275 @A: 30 15 29 24 | 01
#0914-d275 @A: 06 27 15 30 | 02
#0915-d275 @A: 13 11 05 30 | 03
#0916-d275 @A: 19 28 08 33 | 06
#0917-d275 @A: 08 17 29 19 | 10
#0918-d275 @A: 10 15 08 23 | 12
#0919-d275 @A: 09 08 21 25 | 08
#0920-d275 @A: 10 08 27 06 | 04
#0921-d275 @A: 08 16 27 24 | 09
#0922-d275 @A: 15 33 11 32 | 11
#0923-d275 @A: 23 16 29 32 | 05
#0924-d275 @A: 10 29 32 11 | 07
#0925-d275 @A: 34 32 23 18 | 01
#0926-d275 @A: 26 16 32 12 | 02
#0927-d275 @A: 18 32 17 06 | 03
#0928-d275 @A: 18 09 25 32 | 06
#0929-d275 @A: 17 05 33 32 | 10
#0930-d275 @A: 35 17 10 32 | 12
#0931-d275 @A: 32 24 25 12 | 08
#0932-d275 @A: 32 04 25 20 | 04
#0933-d275 @A: 17 11 32 25 | 09
#0934-d275 @A: 18 09 19 28 | 11
#0935-d275 @A: 21 09 28 27 | 05
#0936-d275 @A: 28 23 25 21 | 07
#0937-d275 @A: 21 28 04 06 | 01
#0938-d275 @A: 23 28 03 29 | 02
#0939-d275 @A: 23 15 19 33 | 03
#0940-d275 @A: 33 27 13 19 | 06
#0941-d275 @A: 24 25 19 04 | 10
#0942-d275 @A: 09 19 20 25 | 12
#0943-d275 @A: 23 35 21 15 | 08
#0944-d275 @A: 33 26 15 27 | 04
#0945-d275 @A: 15 10 34 05 | 09
#0946-d275 @A: 16 23 33 15 | 11
#0947-d275 @A: 05 04 15 13 | 05
#0948-d275 @A: 15 12 17 10 | 07
#0949-d275 @A: 25 16 20 15 | 01
#0950-d275 @A: 15 05 17 09 | 02
#0951-d275 @A: 33 21 34 29 | 03
#0952-d275 @A: 20 21 27 12 | 06
#0953-d275 @A: 16 34 26 21 | 10
#0954-d275 @A: 18 03 21 05 | 12
#0955-d275 @A: 24 16 21 33 | 08
#0956-d275 @A: 04 21 09 35 | 04
#0957-d275 @A: 09 21 24 17 | 09
#0958-d275 @A: 29 13 18 10 | 11
#0959-d275 @A: 09 03 18 29 | 05
#0960-d275 @A: 04 13 27 03 | 07
#0961-d275 @A: 25 27 17 33 | 01
#0962-d275 @A: 04 12 27 33 | 02
#0963-d275 @A: 09 10 04 27 | 03
#0964-d275 @A: 20 25 24 27 | 06
#0965-d275 @A: 10 23 03 11 | 10
#0966-d275 @A: 12 23 17 11 | 12
#0967-d275 @A: 26 18 25 35 | 08
#0968-d275 @A: 26 35 05 13 | 04
#0969-d275 @A: 26 04 13 10 | 09
#0970-d275 @A: 26 13 16 24 | 11
#0971-d275 @A: 17 33 04 26 | 05
#0972-d275 @A: 26 06 17 35 | 07
#0973-d275 @A: 15 14 33 07 | 01
#0974-d275 @A: 35 15 14 01 | 02
#0975-d275 @A: 01 09 34 14 | 03
#0976-d275 @A: 02 03 14 22 | 06
#0977-d275 @A: 02 14 16 21 | 10
#0978-d275 @A: 19 22 14 06 | 12
#0979-d275 @A: 22 14 26 11 | 08
#0980-d275 @A: 33 14 22 17 | 04
#0981-d275 @A: 08 14 29 13 | 09
#0982-d275 @A: 14 15 32 34 | 11
#0983-d275 @A: 35 28 16 14 | 05
#0984-d275 @A: 25 19 05 14 | 07
#0985-d275 @A: 29 15 14 09 | 01
#0986-d275 @A: 06 14 16 03 | 02
#0987-d275 @A: 07 22 24 31 | 03
#0988-d275 @A: 22 13 34 31 | 06
#0989-d275 @A: 31 35 22 09 | 10
#0990-d275 @A: 21 08 31 05 | 12
#0991-d275 @A: 15 28 31 33 | 08
#0992-d275 @A: 11 35 31 28 | 04
#0993-d275 @A: 21 31 25 19 | 09
#0994-d275 @A: 34 31 25 35 | 11
#0995-d275 @A: 18 04 31 35 | 05
#0996-d275 @A: 31 20 13 11 | 07
#0997-d275 @A: 31 25 33 11 | 01
#0998-d275 @A: 24 15 01 07 | 02
#0999-d275 @A: 04 18 02 07 | 03
#1000-d275 @A: 08 07 05 22 | 06
#1001-d275 @A: 22 26 07 18 | 10
#1002-d275 @A: 03 30 07 29 | 12
#1003-d275 @A: 04 11 30 07 | 08
#1004-d275 @A: 34 12 32 07 | 04
#1005-d275 @A: 07 11 26 32 | 09
#1006-d275 @A: 27 19 12 07 | 11
#1007-d275 @A: 26 07 19 25 | 05
#1008-d275 @A: 16 18 07 19 | 07
#1009-d275 @A: 07 10 21 16 | 01
#1010-d275 @A: 17 29 26 07 | 02
#1011-d275 @A: 33 07 17 13 | 03
#1012-d275 @A: 06 25 07 24 | 06
#1013-d275 @A: 02 21 10 01 | 10
#1014-d275 @A: 22 03 29 01 | 12
#1015-d275 @A: 18 05 22 01 | 08
#1016-d275 @A: 01 26 30 09 | 04
#1017-d275 @A: 04 01 27 08 | 09
#1018-d275 @A: 06 15 32 01 | 11
#1019-d275 @A: 29 20 01 15 | 05
#1020-d275 @A: 34 01 15 18 | 07
#1021-d275 @A: 21 11 23 01 | 01
#1022-d275 @A: 25 29 01 11 | 02
#1023-d275 @A: 27 01 18 12 | 03
#1024-d275 @A: 18 25 03 01 | 06
#1025-d275 @A: 01 05 13 20 | 10
#1026-d275 @A: 22 21 12 02 | 12
#1027-d275 @A: 32 02 08 35 | 08
#1028-d275 @A: 03 02 32 19 | 04
#1029-d275 @A: 15 02 25 21 | 09
#1030-d275 @A: 34 29 15 02 | 11
#1031-d275 @A: 17 02 11 29 | 05
#1032-d275 @A: 20 02 27 23 | 07
#1033-d275 @A: 33 02 24 34 | 01
#1034-d275 @A: 05 13 02 18 | 02
#1035-d275 @A: 04 25 02 10 | 03
#1036-d275 @A: 12 09 16 02 | 06
#1037-d275 @A: 23 22 28 20 | 10
#1038-d275 @A: 22 25 15 26 | 12
#1039-d275 @A: 10 21 22 29 | 08
#1040-d275 @A: 22 20 21 35 | 04
#1041-d275 @A: 22 10 12 11 | 09
#1042-d275 @A: 05 17 22 10 | 11
#1043-d275 @A: 22 16 20 03 | 05
#1044-d275 @A: 30 25 35 32 | 07
#1045-d275 @A: 11 28 23 30 | 01
#1046-d275 @A: 30 35 05 19 | 02
#1047-d275 @A: 24 27 26 30 | 03
#1048-d275 @A: 03 30 11 18 | 06
#1049-d275 @A: 10 09 06 30 | 10
#1050-d275 @A: 30 09 03 25 | 12
#1051-d275 @A: 16 05 09 30 | 08
#1052-d275 @A: 08 09 29 26 | 04
#1053-d275 @A: 06 08 33 24 | 09
#1054-d275 @A: 17 10 04 08 | 11
#1055-d275 @A: 11 08 06 16 | 05
#1056-d275 @A: 20 08 25 03 | 07
#1057-d275 @A: 03 08 17 05 | 01
#1058-d275 @A: 21 28 05 32 | 02
#1059-d275 @A: 17 32 19 15 | 03
#1060-d275 @A: 13 32 15 29 | 06
#1061-d275 @A: 32 25 21 29 | 10
#1062-d275 @A: 03 26 29 32 | 12
#1063-d275 @A: 20 35 29 32 | 08
#1064-d275 @A: 32 27 34 04 | 04
#1065-d275 @A: 09 32 20 33 | 09
#1066-d275 @A: 04 24 32 05 | 11
#1067-d275 @A: 13 35 28 21 | 05
#1068-d275 @A: 28 26 06 29 | 07
#1069-d275 @A: 13 24 09 28 | 01
#1070-d275 @A: 28 33 06 16 | 02
#1071-d275 @A: 33 20 17 28 | 03
#1072-d275 @A: 12 24 28 06 | 06
#1073-d275 @A: 03 28 12 20 | 10
#1074-d275 @A: 19 12 15 18 | 12
#1075-d275 @A: 15 06 10 19 | 08
#1076-d275 @A: 19 04 21 29 | 04
#1077-d275 @A: 20 13 19 18 | 09
#1078-d275 @A: 19 33 25 18 | 11
#1079-d275 @A: 18 19 11 06 | 05
#1080-d275 @A: 35 11 19 13 | 07
#1081-d275 @A: 06 03 13 19 | 01
#1082-d275 @A: 35 03 19 33 | 02
#1083-d275 @A: 24 19 10 05 | 03
#1084-d275 @A: 09 17 19 10 | 06
#1085-d275 @A: 13 18 03 15 | 10
#1086-d275 @A: 18 15 04 20 | 12
#1087-d275 @A: 15 18 16 11 | 08
#1088-d275 @A: 15 05 06 20 | 04
#1089-d275 @A: 03 13 33 21 | 09
#1090-d275 @A: 09 21 20 03 | 11
#1091-d275 @A: 16 21 04 11 | 05
#1092-d275 @A: 06 29 13 33 | 07
#1093-d275 @A: 24 33 29 17 | 01
#1094-d275 @A: 06 11 05 29 | 02
#1095-d275 @A: 20 17 29 05 | 03
#1096-d275 @A: 12 09 25 27 | 06
#1097-d275 @A: 05 18 34 33 | 10
#1098-d275 @A: 24 26 23 18 | 12
#1099-d275 @A: 26 23 35 33 | 08
#1100-d275 @A: 12 23 10 26 | 04
#1101-d275 @A: 23 18 33 10 | 09
#1102-d275 @A: 18 23 25 20 | 11
#1103-d275 @A: 09 13 12 23 | 05
#1104-d275 @A: 03 24 23 16 | 07
#1105-d275 @A: 09 11 17 26 | 01
#1106-d275 @A: 16 18 35 17 | 02
#1107-d275 @A: 33 16 20 35 | 03
#1108-d275 @A: 07 35 22 14 | 06
#1109-d275 @A: 14 07 29 12 | 10
#1110-d275 @A: 22 08 14 12 | 12
#1111-d275 @A: 30 26 14 05 | 08
#1112-d275 @A: 14 08 06 05 | 04
#1113-d275 @A: 19 14 33 09 | 09
#1114-d275 @A: 04 19 14 12 | 11
#1115-d275 @A: 29 26 25 14 | 05
#1116-d275 @A: 14 11 18 23 | 07
#1117-d275 @A: 06 18 03 14 | 01
#1118-d275 @A: 10 20 35 14 | 02
#1119-d275 @A: 16 14 12 35 | 03
#1120-d275 @A: 12 10 24 14 | 06
#1121-d275 @A: 11 14 04 25 | 10
#1122-d275 @A: 18 07 31 01 | 12
#1123-d275 @A: 31 21 07 10 | 08
#1124-d275 @A: 01 31 25 24 | 04
#1125-d275 @A: 31 03 28 02 | 09
#1126-d275 @A: 31 02 34 20 | 11
#1127-d275 @A: 22 31 29 18 | 05
#1128-d275 @A: 18 31 30 16 | 07
#1129-d275 @A: 08 26 31 06 | 01
#1130-d275 @A: 27 15 20 31 | 02
#1131-d275 @A: 09 26 31 34 | 03
#1132-d275 @A: 23 18 13 31 | 06
#1133-d275 @A: 09 20 31 18 | 10
#1134-d275 @A: 03 10 31 35 | 12
#1135-d275 @A: 31 11 09 10 | 08
#1136-d275 @A: 01 23 07 26 | 04
#1137-d275 @A: 02 08 07 10 | 09
#1138-d275 @A: 22 25 32 07 | 11
#1139-d275 @A: 06 07 22 28 | 05
#1140-d275 @A: 22 17 07 19 | 07
#1141-d275 @A: 30 07 21 12 | 01
#1142-d275 @A: 08 07 19 09 | 02
#1143-d275 @A: 29 07 32 09 | 03
#1144-d275 @A: 07 35 05 12 | 06
#1145-d275 @A: 24 03 07 12 | 10
#1146-d275 @A: 15 02 01 09 | 12
#1147-d275 @A: 30 28 06 01 | 08
#1148-d275 @A: 01 30 10 29 | 04
#1149-d275 @A: 08 01 20 26 | 09
#1150-d275 @A: 01 06 05 19 | 11
#1151-d275 @A: 01 23 03 15 | 05
#1152-d275 @A: 01 15 35 16 | 07
#1153-d275 @A: 03 01 21 17 | 01
#1154-d275 @A: 01 18 04 13 | 02
#1155-d275 @A: 01 24 35 18 | 03
#1156-d275 @A: 01 17 09 06 | 06
#1157-d275 @A: 01 04 17 11 | 10
#1158-d275 @A: 28 35 34 02 | 12
#1159-d275 @A: 02 16 20 19 | 08
#1160-d275 @A: 26 29 02 13 | 04
#1161-d275 @A: 02 29 06 20 | 09
#1162-d275 @A: 11 02 33 03 | 11
#1163-d275 @A: 02 09 12 35 | 05
#1164-d275 @A: 02 04 11 20 | 07
#1165-d275 @A: 21 30 22 24 | 01
#1166-d275 @A: 21 08 22 03 | 02
#1167-d275 @A: 22 15 28 03 | 03
#1168-d275 @A: 27 22 21 06 | 06
#1169-d275 @A: 34 23 26 22 | 10
#1170-d275 @A: 11 13 22 17 | 12
#1171-d275 @A: 03 22 09 10 | 08
#1172-d275 @A: 04 03 22 25 | 04
#1173-d275 @A: 30 23 33 32 | 09
#1174-d275 @A: 12 15 28 30 | 11
#1175-d275 @A: 13 20 30 06 | 05
#1176-d275 @A: 15 32 25 08 | 07
#1177-d275 @A: 27 17 08 15 | 01
#1178-d275 @A: 23 08 04 29 | 02
#1179-d275 @A: 08 18 27 26 | 03
#1180-d275 @A: 25 18 13 08 | 06
#1181-d275 @A: 25 08 10 35 | 10
#1182-d275 @A: 05 08 12 24 | 12
#1183-d275 @A: 28 20 32 16 | 08
#1184-d275 @A: 10 19 32 33 | 04
#1185-d275 @A: 19 17 16 32 | 09
#1186-d275 @A: 21 32 34 10 | 11
#1187-d275 @A: 23 32 21 03 | 05
#1188-d275 @A: 32 04 33 18 | 07
#1189-d275 @A: 20 18 03 32 | 01
#1190-d275 @A: 11 20 24 32 | 02
#1191-d275 @A: 11 28 19 15 | 03
#1192-d275 @A: 10 29 15 28 | 06
#1193-d275 @A: 21 28 18 34 | 10
#1194-d275 @A: 17 18 28 29 | 12
#1195-d275 @A: 03 11 27 28 | 08
#1196-d275 @A: 05 25 28 18 | 04
#1197-d275 @A: 20 28 13 10 | 09
#1198-d275 @A: 28 17 16 11 | 11
#1199-d275 @A: 20 15 19 34 | 05
#1200-d275 @A: 21 19 03 27 | 07
#1201-d275 @A: 23 19 21 18 | 01
#1202-d275 @A: 21 19 35 26 | 02
#1203-d275 @A: 19 09 27 23 | 03
#1204-d275 @A: 19 13 04 09 | 06
#1205-d275 @A: 35 20 04 19 | 10
#1206-d275 @A: 19 16 24 09 | 12
#1207-d275 @A: 06 23 29 15 | 08
#1208-d275 @A: 24 06 18 15 | 04
#1209-d275 @A: 20 13 24 15 | 09
#1210-d275 @A: 33 24 15 05 | 11
#1211-d275 @A: 06 09 35 15 | 05
#1212-d275 @A: 25 04 17 15 | 07
#1213-d275 @A: 12 11 05 15 | 01
#1214-d275 @A: 21 13 16 27 | 02
#1215-d275 @A: 24 23 34 21 | 03
#1216-d275 @A: 26 21 12 34 | 06
#1217-d275 @A: 09 21 33 12 | 10
#1218-d275 @A: 17 05 21 35 | 12
#1219-d275 @A: 27 16 29 03 | 08
#1220-d275 @A: 29 34 25 17 | 04
#1221-d275 @A: 25 09 29 10 | 09
#1222-d275 @A: 27 34 03 26 | 11
#1223-d275 @A: 33 27 20 06 | 05
#1224-d275 @A: 11 06 27 04 | 07
#1225-d275 @A: 11 34 26 18 | 01
#1226-d275 @A: 34 18 20 06 | 02
#1227-d275 @A: 20 34 33 13 | 03
#1228-d275 @A: 11 10 34 16 | 06
#1229-d275 @A: 20 03 34 17 | 10
#1230-d275 @A: 11 34 09 25 | 12
#1231-d275 @A: 34 05 20 09 | 08
#1232-d275 @A: 23 24 10 04 | 04
#1233-d275 @A: 23 12 20 06 | 09
#1234-d275 @A: 11 24 35 26 | 11
#1235-d275 @A: 25 26 10 11 | 05
#1236-d275 @A: 04 26 20 06 | 07
#1237-d275 @A: 05 26 11 03 | 01
#1238-d275 @A: 04 11 12 26 | 02
#1239-d275 @A: 04 17 13 16 | 03
#1240-d275 @A: 12 16 03 11 | 06
#1241-d275 @A: 14 25 27 01 | 10
#1242-d275 @A: 32 11 02 14 | 12
#1243-d275 @A: 14 22 23 24 | 08
#1244-d275 @A: 14 18 30 19 | 04
#1245-d275 @A: 25 33 14 30 | 09
#1246-d275 @A: 10 14 04 30 | 11
#1247-d275 @A: 34 24 14 08 | 05
#1248-d275 @A: 23 14 26 32 | 07
#1249-d275 @A: 26 14 16 19 | 01
#1250-d275 @A: 14 11 27 29 | 02
#1251-d275 @A: 20 14 26 27 | 03
#1252-d275 @A: 14 03 35 25 | 06
#1253-d275 @A: 11 06 20 14 | 10
#1254-d275 @A: 24 25 14 09 | 12
#1255-d275 @A: 14 05 12 20 | 08
#1256-d275 @A: 01 22 21 31 | 04
#1257-d275 @A: 01 32 35 31 | 09
#1258-d275 @A: 31 01 06 16 | 11
#1259-d275 @A: 22 31 27 28 | 05
#1260-d275 @A: 08 30 17 31 | 07
#1261-d275 @A: 30 26 25 31 | 01
#1262-d275 @A: 10 31 24 30 | 02
#1263-d275 @A: 31 08 23 33 | 03
#1264-d275 @A: 15 21 31 18 | 06
#1265-d275 @A: 21 12 23 31 | 10
#1266-d275 @A: 23 31 29 24 | 12
#1267-d275 @A: 10 05 18 31 | 08
#1268-d275 @A: 13 33 31 35 | 04
#1269-d275 @A: 10 33 31 17 | 09
#1270-d275 @A: 05 31 35 20 | 11
#1271-d275 @A: 12 31 09 24 | 05
#1272-d275 @A: 12 07 01 22 | 07
#1273-d275 @A: 26 07 02 35 | 01
#1274-d275 @A: 07 16 08 22 | 02
#1275-d275 @A: 26 24 07 08 | 03
#1276-d275 @A: 32 07 18 19 | 06
#1277-d275 @A: 07 32 24 27 | 10
#1278-d275 @A: 05 15 07 28 | 12
#1279-d275 @A: 28 23 07 18 | 08
#1280-d275 @A: 07 13 04 28 | 04
#1281-d275 @A: 07 33 19 34 | 09
#1282-d275 @A: 04 15 07 29 | 11
#1283-d275 @A: 06 17 07 21 | 05
#1284-d275 @A: 24 07 29 10 | 07
#1285-d275 @A: 07 09 06 27 | 01
#1286-d275 @A: 07 18 13 12 | 02
#1287-d275 @A: 07 25 13 11 | 03
#1288-d275 @A: 08 01 02 28 | 06
#1289-d275 @A: 02 17 01 05 | 10
#1290-d275 @A: 15 01 13 22 | 12
#1291-d275 @A: 22 34 20 01 | 08
#1292-d275 @A: 30 01 08 32 | 04
#1293-d275 @A: 18 28 01 32 | 09
#1294-d275 @A: 21 19 32 01 | 11
#1295-d275 @A: 21 28 12 01 | 05
#1296-d275 @A: 26 01 33 28 | 07
#1297-d275 @A: 01 27 11 15 | 01
#1298-d275 @A: 23 01 35 04 | 02
#1299-d275 @A: 10 01 35 26 | 03
#1300-d275 @A: 01 18 10 20 | 06
#1301-d275 @A: 35 09 05 01 | 10
#1302-d275 @A: 25 01 04 05 | 12
#1303-d275 @A: 02 15 10 30 | 08
#1304-d275 @A: 33 13 32 02 | 04
#1305-d275 @A: 06 02 28 18 | 09
#1306-d275 @A: 19 02 26 33 | 11
#1307-d275 @A: 06 21 02 26 | 05
#1308-d275 @A: 29 24 03 02 | 07
#1309-d275 @A: 18 02 20 35 | 01
#1310-d275 @A: 25 09 02 05 | 02
#1311-d275 @A: 24 02 05 20 | 03
#1312-d275 @A: 15 30 22 19 | 06
#1313-d275 @A: 19 22 25 08 | 10
#1314-d275 @A: 10 26 08 22 | 12
#1315-d275 @A: 32 15 24 22 | 08
#1316-d275 @A: 27 03 22 32 | 04
#1317-d275 @A: 22 28 26 09 | 09
#1318-d275 @A: 19 22 03 26 | 11
#1319-d275 @A: 21 04 22 17 | 05
#1320-d275 @A: 34 29 22 16 | 07
#1321-d275 @A: 12 22 18 09 | 01
#1322-d275 @A: 35 13 25 22 | 02
#1323-d275 @A: 22 24 10 13 | 03
#1324-d275 @A: 03 12 05 22 | 06
#1325-d275 @A: 04 30 28 08 | 10
#1326-d275 @A: 12 08 19 30 | 12
#1327-d275 @A: 30 21 06 08 | 08
#1328-d275 @A: 32 19 24 30 | 04
#1329-d275 @A: 32 21 20 30 | 09
#1330-d275 @A: 27 13 21 30 | 11
#1331-d275 @A: 33 29 30 27 | 05
#1332-d275 @A: 16 29 30 11 | 07
#1333-d275 @A: 30 11 27 09 | 01
#1334-d275 @A: 23 30 13 03 | 02
#1335-d275 @A: 04 18 12 30 | 03
#1336-d275 @A: 33 10 30 11 | 06
#1337-d275 @A: 23 11 32 08 | 10
#1338-d275 @A: 32 16 08 18 | 12
#1339-d275 @A: 15 19 08 35 | 08
#1340-d275 @A: 34 20 21 08 | 04
#1341-d275 @A: 08 05 13 34 | 09
#1342-d275 @A: 35 33 09 08 | 11
#1343-d275 @A: 20 08 06 09 | 05
#1344-d275 @A: 11 09 03 08 | 07
#1345-d275 @A: 08 03 16 04 | 01
#1346-d275 @A: 32 28 29 19 | 02
#1347-d275 @A: 32 33 21 26 | 03
#1348-d275 @A: 27 32 29 06 | 06
#1349-d275 @A: 23 29 32 12 | 10
#1350-d275 @A: 06 32 13 12 | 12
#1351-d275 @A: 32 03 13 24 | 08
#1352-d275 @A: 09 24 10 32 | 04
#1353-d275 @A: 09 06 05 32 | 09
#1354-d275 @A: 28 35 27 15 | 11
#1355-d275 @A: 27 28 16 15 | 05
#1356-d275 @A: 27 28 24 23 | 07
#1357-d275 @A: 04 34 26 28 | 01
#1358-d275 @A: 24 10 28 18 | 02
#1359-d275 @A: 12 28 17 13 | 03
#1360-d275 @A: 28 33 05 35 | 06
#1361-d275 @A: 11 33 28 04 | 10
#1362-d275 @A: 28 05 09 12 | 12
#1363-d275 @A: 19 21 34 17 | 08
#1364-d275 @A: 19 25 16 29 | 04
#1365-d275 @A: 11 25 19 12 | 09
#1366-d275 @A: 29 17 21 15 | 11
#1367-d275 @A: 16 12 15 21 | 05
#1368-d275 @A: 25 34 33 15 | 07
#1369-d275 @A: 12 33 15 20 | 01
#1370-d275 @A: 12 29 21 11 | 02
#1371-d275 @A: 26 25 21 27 | 03
#1372-d275 @A: 33 21 25 35 | 06
#1373-d275 @A: 21 03 10 06 | 10
#1374-d275 @A: 06 20 21 25 | 12
#1375-d275 @A: 25 12 21 04 | 08
#1376-d275 @A: 17 03 29 27 | 04
#1377-d275 @A: 34 29 23 13 | 09
#1378-d275 @A: 18 29 33 11 | 11
#1379-d275 @A: 29 03 25 33 | 05
#1380-d275 @A: 04 29 20 03 | 07
#1381-d275 @A: 05 25 29 12 | 01
#1382-d275 @A: 18 09 17 27 | 02
#1383-d275 @A: 35 27 25 05 | 03
#1384-d275 @A: 27 10 03 24 | 06
#1385-d275 @A: 12 27 16 10 | 10
#1386-d275 @A: 20 17 27 04 | 12
#1387-d275 @A: 23 34 06 16 | 08
#1388-d275 @A: 10 34 13 09 | 04
#1389-d275 @A: 06 33 35 34 | 09
#1390-d275 @A: 20 34 35 24 | 11
#1391-d275 @A: 11 05 04 34 | 05
#1392-d275 @A: 25 26 23 09 | 07
#1393-d275 @A: 23 24 13 05 | 01
#1394-d275 @A: 12 23 35 24 | 02
#1395-d275 @A: 13 09 26 20 | 03
#1396-d275 @A: 32 14 31 22 | 06
#1397-d275 @A: 14 24 28 31 | 10
#1398-d275 @A: 31 13 16 14 | 12
#1399-d275 @A: 29 01 18 14 | 08
#1400-d275 @A: 09 14 22 20 | 04
#1401-d275 @A: 30 20 28 14 | 09
#1402-d275 @A: 30 21 11 14 | 11
#1403-d275 @A: 14 32 33 29 | 05
#1404-d275 @A: 35 28 14 17 | 07
#1405-d275 @A: 19 29 14 24 | 01
#1406-d275 @A: 23 35 19 14 | 02
#1407-d275 @A: 14 10 19 26 | 03
#1408-d275 @A: 15 26 24 14 | 06
#1409-d275 @A: 14 21 04 26 | 10
#1410-d275 @A: 34 14 23 25 | 12
#1411-d275 @A: 02 31 01 04 | 08
#1412-d275 @A: 01 34 08 31 | 04
#1413-d275 @A: 13 01 31 28 | 09
#1414-d275 @A: 23 22 31 05 | 11
#1415-d275 @A: 27 30 04 31 | 05
#1416-d275 @A: 17 31 16 30 | 07
#1417-d275 @A: 20 31 08 10 | 01
#1418-d275 @A: 31 21 06 32 | 02
#1419-d275 @A: 04 31 29 32 | 03
#1420-d275 @A: 16 32 31 03 | 06
#1421-d275 @A: 16 05 31 28 | 10
#1422-d275 @A: 19 31 03 23 | 12
#1423-d275 @A: 17 31 19 26 | 08
#1424-d275 @A: 31 34 11 15 | 04
#1425-d275 @A: 34 03 21 31 | 09
#1426-d275 @A: 31 16 21 25 | 11
#1427-d275 @A: 31 10 34 23 | 05
#1428-d275 @A: 25 17 31 09 | 07
#1429-d275 @A: 20 24 17 31 | 01
#1430-d275 @A: 25 08 01 07 | 02
#1431-d275 @A: 34 10 01 07 | 03
#1432-d275 @A: 06 32 07 02 | 06
#1433-d275 @A: 23 12 07 02 | 10
#1434-d275 @A: 10 30 26 07 | 12
#1435-d275 @A: 23 10 32 07 | 08
#1436-d275 @A: 07 28 29 33 | 04
#1437-d275 @A: 24 23 07 19 | 09
#1438-d275 @A: 26 15 07 06 | 11
#1439-d275 @A: 29 21 07 05 | 05
#1440-d275 @A: 21 27 07 04 | 07
#1441-d275 @A: 24 11 21 07 | 01
#1442-d275 @A: 07 26 23 16 | 02
#1443-d275 @A: 07 35 18 17 | 03
#1444-d275 @A: 13 07 35 24 | 06
#1445-d275 @A: 05 07 17 24 | 10
#1446-d275 @A: 01 30 19 11 | 12
#1447-d275 @A: 05 01 28 24 | 08
#1448-d275 @A: 34 01 19 35 | 04
#1449-d275 @A: 03 12 01 34 | 09
#1450-d275 @A: 11 18 01 09 | 11
#1451-d275 @A: 01 10 33 04 | 05
#1452-d275 @A: 25 35 01 12 | 07
#1453-d275 @A: 16 17 01 03 | 01
#1454-d275 @A: 10 02 22 32 | 02
#1455-d275 @A: 08 03 30 02 | 03
#1456-d275 @A: 28 13 30 02 | 06
#1457-d275 @A: 26 02 30 18 | 10
#1458-d275 @A: 32 02 25 28 | 12
#1459-d275 @A: 32 04 02 23 | 08
#1460-d275 @A: 19 02 28 17 | 04
#1461-d275 @A: 02 28 27 04 | 09
#1462-d275 @A: 03 05 02 15 | 11
#1463-d275 @A: 09 02 21 29 | 05
#1464-d275 @A: 20 33 21 02 | 07
#1465-d275 @A: 18 02 25 17 | 01
#1466-d275 @A: 33 05 10 02 | 02
#1467-d275 @A: 08 04 34 22 | 03
#1468-d275 @A: 13 04 32 22 | 06
#1469-d275 @A: 18 28 22 35 | 10
#1470-d275 @A: 04 22 19 18 | 12
#1471-d275 @A: 13 12 19 22 | 08
#1472-d275 @A: 24 29 22 27 | 04
#1473-d275 @A: 22 13 27 09 | 09
#1474-d275 @A: 34 11 06 22 | 11
#1475-d275 @A: 33 22 11 16 | 05
#1476-d275 @A: 22 06 10 35 | 07
#1477-d275 @A: 04 24 35 22 | 01
#1478-d275 @A: 05 22 25 11 | 02
#1479-d275 @A: 16 17 12 22 | 03
#1480-d275 @A: 30 29 20 08 | 06
#1481-d275 @A: 32 17 30 28 | 10
#1482-d275 @A: 28 16 30 21 | 12
#1483-d275 @A: 26 30 23 19 | 08
#1484-d275 @A: 03 15 34 30 | 04
#1485-d275 @A: 33 15 30 18 | 09
#1486-d275 @A: 05 34 24 30 | 11
#1487-d275 @A: 30 04 13 24 | 05
#1488-d275 @A: 30 35 20 33 | 07
#1489-d275 @A: 33 30 17 06 | 01
#1490-d275 @A: 30 04 35 03 | 02
#1491-d275 @A: 09 30 35 24 | 03
#1492-d275 @A: 30 12 03 10 | 06
#1493-d275 @A: 17 03 30 24 | 10
#1494-d275 @A: 12 09 30 20 | 12
#1495-d275 @A: 26 15 08 03 | 08
#1496-d275 @A: 08 12 25 23 | 04
#1497-d275 @A: 08 06 35 13 | 09
#1498-d275 @A: 17 13 09 08 | 11
#1499-d275 @A: 24 25 17 08 | 05
#1500-d275 @A: 08 11 20 12 | 07
#1501-d275 @A: 19 04 32 26 | 01
#1502-d275 @A: 21 32 15 09 | 02
#1503-d275 @A: 32 10 26 15 | 03
#1504-d275 @A: 21 06 32 16 | 06
#1505-d275 @A: 12 28 29 27 | 10
#1506-d275 @A: 34 28 27 05 | 12
#1507-d275 @A: 28 06 27 13 | 08
#1508-d275 @A: 34 28 17 23 | 04
#1509-d275 @A: 04 28 18 03 | 09
#1510-d275 @A: 04 28 10 05 | 11
#1511-d275 @A: 19 04 27 15 | 05
#1512-d275 @A: 15 09 26 19 | 07
#1513-d275 @A: 19 26 05 34 | 01
#1514-d275 @A: 19 09 34 24 | 02
#1515-d275 @A: 10 18 35 19 | 03
#1516-d275 @A: 29 25 27 15 | 06
#1517-d275 @A: 15 27 03 09 | 10
#1518-d275 @A: 15 23 17 24 | 12
#1519-d275 @A: 13 10 15 16 | 08
#1520-d275 @A: 15 09 16 11 | 04
#1521-d275 @A: 05 21 12 13 | 09
#1522-d275 @A: 11 17 33 21 | 11
#1523-d275 @A: 12 21 35 10 | 05
#1524-d275 @A: 03 11 25 21 | 07
#1525-d275 @A: 18 29 20 12 | 01
#1526-d275 @A: 05 13 29 03 | 02
#1527-d275 @A: 29 05 10 35 | 03
#1528-d275 @A: 17 06 10 29 | 06
#1529-d275 @A: 06 12 29 03 | 10
#1530-d275 @A: 16 11 27 13 | 12
#1531-d275 @A: 09 33 05 27 | 08
#1532-d275 @A: 11 20 10 27 | 04
#1533-d275 @A: 06 25 03 27 | 09
#1534-d275 @A: 27 24 12 17 | 11
#1535-d275 @A: 04 23 11 13 | 05
#1536-d275 @A: 10 17 25 23 | 07
#1537-d275 @A: 03 23 09 24 | 01
#1538-d275 @A: 23 09 20 04 | 02
#1539-d275 @A: 25 26 03 17 | 03
#1540-d275 @A: 02 05 31 14 | 06
#1541-d275 @A: 25 31 08 14 | 10
#1542-d275 @A: 15 19 14 31 | 12
#1543-d275 @A: 33 14 20 31 | 08
#1544-d275 @A: 07 01 14 13 | 04
#1545-d275 @A: 07 20 04 14 | 09
#1546-d275 @A: 14 27 30 02 | 11
#1547-d275 @A: 19 14 02 13 | 05
#1548-d275 @A: 14 27 22 04 | 07
#1549-d275 @A: 30 14 23 09 | 01
#1550-d275 @A: 14 19 03 08 | 02
#1551-d275 @A: 15 28 14 25 | 03
#1552-d275 @A: 28 14 04 29 | 06
#1553-d275 @A: 15 14 04 06 | 10
#1554-d275 @A: 34 35 14 21 | 12
#1555-d275 @A: 34 29 20 14 | 08
#1556-d275 @A: 23 14 17 29 | 04
#1557-d275 @A: 05 17 14 34 | 09
#1558-d275 @A: 10 15 01 31 | 11
#1559-d275 @A: 16 31 11 02 | 05
#1560-d275 @A: 03 30 22 31 | 07
#1561-d275 @A: 19 31 20 22 | 01
#1562-d275 @A: 33 26 31 22 | 02
#1563-d275 @A: 32 31 28 10 | 03
#1564-d275 @A: 31 32 25 27 | 06
#1565-d275 @A: 23 31 17 32 | 10
#1566-d275 @A: 31 23 28 06 | 12
#1567-d275 @A: 11 31 29 19 | 08
#1568-d275 @A: 21 04 24 31 | 04
#1569-d275 @A: 24 27 33 31 | 09
#1570-d275 @A: 10 16 31 20 | 11
#1571-d275 @A: 25 03 31 12 | 05
#1572-d275 @A: 07 02 19 11 | 07
#1573-d275 @A: 22 20 07 10 | 01
#1574-d275 @A: 07 17 30 23 | 02
#1575-d275 @A: 29 08 07 27 | 03
#1576-d275 @A: 15 07 20 32 | 06
#1577-d275 @A: 25 23 15 07 | 10
#1578-d275 @A: 09 07 13 03 | 12
#1579-d275 @A: 07 11 35 06 | 08
#1580-d275 @A: 07 35 25 09 | 04
#1581-d275 @A: 03 07 05 10 | 09
#1582-d275 @A: 20 05 25 07 | 11
#1583-d275 @A: 07 09 04 05 | 05
#1584-d275 @A: 01 32 02 12 | 07
#1585-d275 @A: 02 26 01 03 | 01
#1586-d275 @A: 01 22 08 09 | 02
#1587-d275 @A: 28 04 22 01 | 03
#1588-d275 @A: 22 01 23 25 | 06
#1589-d275 @A: 26 22 17 01 | 10
#1590-d275 @A: 08 29 05 01 | 12
#1591-d275 @A: 24 01 08 03 | 08
#1592-d275 @A: 01 10 27 32 | 04
#1593-d275 @A: 16 32 09 01 | 09
#1594-d275 @A: 15 05 26 01 | 11
#1595-d275 @A: 18 01 21 16 | 05
#1596-d275 @A: 04 29 01 26 | 07
#1597-d275 @A: 01 06 23 27 | 01
#1598-d275 @A: 13 27 26 01 | 02
#1599-d275 @A: 01 11 35 20 | 03
#1600-d275 @A: 02 34 12 30 | 06
#1601-d275 @A: 24 25 02 30 | 10
#1602-d275 @A: 02 08 29 25 | 12
#1603-d275 @A: 16 02 28 29 | 08
#1604-d275 @A: 02 05 21 19 | 04
#1605-d275 @A: 02 25 19 27 | 09
#1606-d275 @A: 02 15 06 33 | 11
#1607-d275 @A: 34 18 16 02 | 05
#1608-d275 @A: 13 02 03 35 | 07
#1609-d275 @A: 16 13 02 25 | 01
#1610-d275 @A: 35 04 33 02 | 02
#1611-d275 @A: 16 22 32 30 | 03
#1612-d275 @A: 15 20 22 08 | 06
#1613-d275 @A: 32 22 05 20 | 10
#1614-d275 @A: 23 22 33 21 | 12
#1615-d275 @A: 23 22 29 35 | 08
#1616-d275 @A: 22 03 17 35 | 04
#1617-d275 @A: 04 06 05 22 | 09
#1618-d275 @A: 11 32 30 34 | 11
#1619-d275 @A: 10 30 32 05 | 05
#1620-d275 @A: 19 03 20 30 | 07
#1621-d275 @A: 04 29 34 30 | 01
#1622-d275 @A: 34 30 35 27 | 02
#1623-d275 @A: 12 16 23 30 | 03
#1624-d275 @A: 18 30 06 35 | 06
#1625-d275 @A: 25 30 10 20 | 10
#1626-d275 @A: 04 25 16 30 | 12
#1627-d275 @A: 17 30 20 11 | 08
#1628-d275 @A: 32 06 19 08 | 04
#1629-d275 @A: 08 32 09 34 | 09
#1630-d275 @A: 08 26 21 23 | 11
#1631-d275 @A: 17 21 08 18 | 05
#1632-d275 @A: 34 13 08 16 | 07
#1633-d275 @A: 08 26 05 16 | 01
#1634-d275 @A: 35 08 12 18 | 02
#1635-d275 @A: 08 11 18 04 | 03
#1636-d275 @A: 03 04 08 06 | 06
#1637-d275 @A: 04 15 32 28 | 10
#1638-d275 @A: 19 35 32 09 | 12
#1639-d275 @A: 34 29 05 32 | 08
#1640-d275 @A: 13 11 32 18 | 04
#1641-d275 @A: 35 24 32 33 | 09
#1642-d275 @A: 12 17 32 04 | 11
#1643-d275 @A: 28 13 11 29 | 05
#1644-d275 @A: 20 29 28 24 | 07
#1645-d275 @A: 28 27 17 26 | 01
#1646-d275 @A: 25 26 12 28 | 02
#1647-d275 @A: 35 20 06 28 | 03
#1648-d275 @A: 06 17 28 25 | 06
#1649-d275 @A: 28 20 25 11 | 10
#1650-d275 @A: 05 28 11 17 | 12
#1651-d275 @A: 29 05 19 15 | 08
#1652-d275 @A: 33 21 06 19 | 04
#1653-d275 @A: 16 19 21 03 | 09
#1654-d275 @A: 29 19 26 18 | 11
#1655-d275 @A: 19 34 27 10 | 05
#1656-d275 @A: 34 16 19 27 | 07
#1657-d275 @A: 12 19 06 35 | 01
#1658-d275 @A: 19 06 10 16 | 02
#1659-d275 @A: 11 09 05 19 | 03
#1660-d275 @A: 06 21 15 34 | 06
#1661-d275 @A: 15 13 12 35 | 10
#1662-d275 @A: 13 06 11 15 | 12
#1663-d275 @A: 24 06 16 15 | 08
#1664-d275 @A: 21 09 26 05 | 04
#1665-d275 @A: 09 13 18 21 | 09
#1666-d275 @A: 21 04 18 10 | 11
#1667-d275 @A: 25 21 18 24 | 05
#1668-d275 @A: 21 13 20 04 | 07
#1669-d275 @A: 27 18 29 34 | 01
#1670-d275 @A: 29 10 26 34 | 02
#1671-d275 @A: 06 18 04 29 | 03
#1672-d275 @A: 11 35 03 29 | 06
#1673-d275 @A: 29 25 04 35 | 10
#1674-d275 @A: 29 04 12 10 | 12
#1675-d275 @A: 18 35 27 13 | 08
#1676-d275 @A: 27 18 05 06 | 04
#1677-d275 @A: 16 09 18 27 | 09
#1678-d275 @A: 27 17 16 33 | 11
#1679-d275 @A: 05 35 16 27 | 05
#1680-d275 @A: 03 18 34 10 | 07
#1681-d275 @A: 04 25 18 34 | 01
#1682-d275 @A: 05 03 34 16 | 02
#1683-d275 @A: 23 18 17 04 | 03
#1684-d275 @A: 20 13 35 23 | 06
#1685-d275 @A: 20 24 33 23 | 10
#1686-d275 @A: 13 26 25 06 | 12
#1687-d275 @A: 26 20 12 35 | 08
#1688-d275 @A: 35 20 16 09 | 04
#1689-d275 @A: 16 09 17 10 | 09
