#0001-d276 @A: 28 22 31 15 | 09
#0002-d276 @A: 25 29 23 15 | 08
#0003-d276 @A: 15 11 21 27 | 11
#0004-d276 @A: 03 15 04 10 | 04
#0005-d276 @A: 15 17 03 01 | 12
#0006-d276 @A: 31 15 03 24 | 01
#0007-d276 @A: 34 15 03 27 | 07
#0008-d276 @A: 35 15 10 02 | 06
#0009-d276 @A: 15 29 18 32 | 03
#0010-d276 @A: 32 13 18 15 | 05
#0011-d276 @A: 20 04 02 15 | 10
#0012-d276 @A: 14 18 27 15 | 02
#0013-d276 @A: 07 15 25 14 | 09
#0014-d276 @A: 08 15 34 01 | 08
#0015-d276 @A: 33 15 12 05 | 11
#0016-d276 @A: 17 25 15 12 | 04
#0017-d276 @A: 31 17 05 15 | 12
#0018-d276 @A: 26 28 11 16 | 01
#0019-d276 @A: 35 11 22 28 | 07
#0020-d276 @A: 08 12 03 28 | 06
#0021-d276 @A: 28 22 10 12 | 03
#0022-d276 @A: 05 28 24 32 | 05
#0023-d276 @A: 28 19 18 32 | 10
#0024-d276 @A: 22 33 28 34 | 02
#0025-d276 @A: 28 25 20 07 | 09
#0026-d276 @A: 28 13 33 08 | 08
#0027-d276 @A: 07 04 28 33 | 11
#0028-d276 @A: 18 25 28 12 | 04
#0029-d276 @A: 31 28 16 09 | 12
#0030-d276 @A: 18 06 34 28 | 01
#0031-d276 @A: 19 26 23 09 | 07
#0032-d276 @A: 26 06 03 11 | 06
#0033-d276 @A: 26 35 11 07 | 03
#0034-d276 @A: 03 18 19 26 | 05
#0035-d276 @A: 04 32 20 26 | 10
#0036-d276 @A: 32 09 24 26 | 02
#0037-d276 @A: 20 26 02 19 | 09
#0038-d276 @A: 01 13 26 02 | 08
#0039-d276 @A: 01 27 25 26 | 11
#0040-d276 @A: 01 21 18 26 | 04
#0041-d276 @A: 12 26 34 25 | 12
#0042-d276 @A: 17 05 07 26 | 01
#0043-d276 @A: 31 09 07 26 | 07
#0044-d276 @A: 26 09 21 13 | 06
#0045-d276 @A: 31 25 26 21 | 03
#0046-d276 @A: 31 11 24 23 | 05
#0047-d276 @A: 32 31 23 35 | 10
#0048-d276 @A: 29 14 23 02 | 02
#0049-d276 @A: 27 02 23 07 | 09
#0050-d276 @A: 06 23 13 02 | 08
#0051-d276 @A: 05 20 23 29 | 11
#0052-d276 @A: 07 08 23 34 | 04
#0053-d276 @A: 23 31 05 16 | 12
#0054-d276 @A: 23 16 33 21 | 01
#0055-d276 @A: 16 25 19 23 | 07
#0056-d276 @A: 05 07 23 06 | 06
#0057-d276 @A: 23 19 34 33 | 03
#0058-d276 @A: 23 06 18 30 | 05
#0059-d276 @A: 07 23 25 17 | 10
#0060-d276 @A: 13 23 19 17 | 02
#0061-d276 @A: 03 32 31 11 | 09
#0062-d276 @A: 05 03 11 22 | 08
#0063-d276 @A: 11 13 35 10 | 11
#0064-d276 @A: 25 11 34 32 | 04
#0065-d276 @A: 14 11 02 35 | 12
#0066-d276 @A: 02 24 17 11 | 01
#0067-d276 @A: 16 02 11 05 | 07
#0068-d276 @A: 24 11 09 14 | 06
#0069-d276 @A: 11 08 16 27 | 03
#0070-d276 @A: 04 24 35 11 | 05
#0071-d276 @A: 05 11 17 33 | 10
#0072-d276 @A: 31 19 25 11 | 02
#0073-d276 @A: 30 06 13 11 | 09
#0074-d276 @A: 10 32 03 16 | 08
#0075-d276 @A: 07 12 03 10 | 11
#0076-d276 @A: 14 04 02 03 | 04
#0077-d276 @A: 22 03 27 06 | 12
#0078-d276 @A: 33 19 03 29 | 01
#0079-d276 @A: 13 27 03 09 | 07
#0080-d276 @A: 18 16 31 03 | 06
#0081-d276 @A: 03 35 34 31 | 03
#0082-d276 @A: 20 32 10 06 | 05
#0083-d276 @A: 13 10 29 22 | 10
#0084-d276 @A: 10 22 04 05 | 02
#0085-d276 @A: 27 14 24 10 | 09
#0086-d276 @A: 14 35 19 10 | 08
#0087-d276 @A: 10 20 24 19 | 11
#0088-d276 @A: 34 10 07 20 | 04
#0089-d276 @A: 08 21 10 33 | 12
#0090-d276 @A: 35 05 10 25 | 01
#0091-d276 @A: 27 16 14 32 | 07
#0092-d276 @A: 05 32 06 33 | 06
#0093-d276 @A: 18 07 32 33 | 03
#0094-d276 @A: 17 18 32 21 | 05
#0095-d276 @A: 17 13 32 35 | 10
#0096-d276 @A: 14 08 22 02 | 02
#0097-d276 @A: 02 24 33 22 | 09
#0098-d276 @A: 35 05 30 02 | 08
#0099-d276 @A: 18 09 19 02 | 11
#0100-d276 @A: 25 06 09 02 | 04
#0101-d276 @A: 22 19 14 29 | 12
#0102-d276 @A: 22 14 04 09 | 01
#0103-d276 @A: 20 16 04 22 | 07
#0104-d276 @A: 22 18 27 29 | 06
#0105-d276 @A: 22 35 04 06 | 03
#0106-d276 @A: 05 25 33 22 | 05
#0107-d276 @A: 19 05 21 22 | 10
#0108-d276 @A: 22 18 31 13 | 02
#0109-d276 @A: 25 17 18 22 | 09
#0110-d276 @A: 22 09 25 35 | 08
#0111-d276 @A: 19 07 22 34 | 11
#0112-d276 @A: 14 20 06 27 | 04
#0113-d276 @A: 08 17 29 14 | 12
#0114-d276 @A: 04 14 27 25 | 01
#0115-d276 @A: 18 12 14 33 | 07
#0116-d276 @A: 14 19 09 31 | 06
#0117-d276 @A: 34 30 07 14 | 03
#0118-d276 @A: 14 13 06 31 | 05
#0119-d276 @A: 29 20 21 08 | 10
#0120-d276 @A: 31 01 20 04 | 02
#0121-d276 @A: 17 24 20 04 | 09
#0122-d276 @A: 17 12 19 20 | 08
#0123-d276 @A: 34 20 21 12 | 11
#0124-d276 @A: 18 16 20 05 | 04
#0125-d276 @A: 06 20 16 07 | 12
#0126-d276 @A: 20 25 16 17 | 01
#0127-d276 @A: 35 17 20 05 | 07
#0128-d276 @A: 20 17 34 33 | 06
#0129-d276 @A: 06 13 34 20 | 03
#0130-d276 @A: 29 09 12 30 | 05
#0131-d276 @A: 16 29 07 21 | 10
#0132-d276 @A: 06 35 19 29 | 02
#0133-d276 @A: 25 29 21 13 | 09
#0134-d276 @A: 08 30 04 31 | 08
#0135-d276 @A: 08 25 27 05 | 11
#0136-d276 @A: 06 16 33 08 | 04
#0137-d276 @A: 35 16 25 08 | 12
#0138-d276 @A: 21 17 08 16 | 01
#0139-d276 @A: 31 09 06 08 | 07
#0140-d276 @A: 07 05 21 01 | 06
#0141-d276 @A: 19 01 06 33 | 03
#0142-d276 @A: 13 18 30 01 | 05
#0143-d276 @A: 09 19 01 13 | 10
#0144-d276 @A: 19 24 34 04 | 02
#0145-d276 @A: 04 05 21 06 | 09
#0146-d276 @A: 30 04 09 18 | 08
#0147-d276 @A: 07 04 34 06 | 11
#0148-d276 @A: 21 24 30 34 | 04
#0149-d276 @A: 17 13 25 05 | 12
#0150-d276 @A: 04 15 28 12 | 01
#0151-d276 @A: 33 09 15 28 | 07
#0152-d276 @A: 26 15 10 32 | 06
#0153-d276 @A: 15 32 23 05 | 03
#0154-d276 @A: 22 23 15 34 | 05
#0155-d276 @A: 15 07 23 01 | 10
#0156-d276 @A: 10 11 15 01 | 02
#0157-d276 @A: 32 15 17 11 | 09
#0158-d276 @A: 08 15 32 16 | 08
#0159-d276 @A: 07 15 18 02 | 11
#0160-d276 @A: 35 22 27 15 | 04
#0161-d276 @A: 15 21 22 33 | 12
#0162-d276 @A: 15 14 34 04 | 01
#0163-d276 @A: 06 14 05 15 | 07
#0164-d276 @A: 29 15 21 30 | 06
#0165-d276 @A: 19 15 27 01 | 03
#0166-d276 @A: 35 09 15 13 | 05
#0167-d276 @A: 07 06 31 15 | 10
#0168-d276 @A: 17 15 34 07 | 02
#0169-d276 @A: 19 15 13 34 | 09
#0170-d276 @A: 15 06 21 17 | 08
#0171-d276 @A: 23 06 24 28 | 11
#0172-d276 @A: 29 11 34 28 | 04
#0173-d276 @A: 03 33 06 28 | 12
#0174-d276 @A: 28 10 14 04 | 01
#0175-d276 @A: 33 10 28 24 | 07
#0176-d276 @A: 17 32 14 28 | 06
#0177-d276 @A: 21 28 14 27 | 03
#0178-d276 @A: 20 04 34 28 | 05
#0179-d276 @A: 29 07 28 13 | 10
#0180-d276 @A: 24 12 28 16 | 02
#0181-d276 @A: 28 21 35 12 | 09
#0182-d276 @A: 04 26 18 23 | 08
#0183-d276 @A: 19 11 26 10 | 11
#0184-d276 @A: 32 26 11 18 | 04
#0185-d276 @A: 22 26 11 29 | 12
#0186-d276 @A: 04 11 25 26 | 01
#0187-d276 @A: 31 10 26 22 | 07
#0188-d276 @A: 14 26 04 05 | 06
#0189-d276 @A: 26 09 27 20 | 03
#0190-d276 @A: 26 07 29 04 | 05
#0191-d276 @A: 18 31 08 26 | 10
#0192-d276 @A: 30 05 27 26 | 02
#0193-d276 @A: 31 13 19 26 | 09
#0194-d276 @A: 03 02 34 23 | 08
#0195-d276 @A: 13 32 14 23 | 11
#0196-d276 @A: 12 23 09 32 | 04
#0197-d276 @A: 34 23 16 32 | 12
#0198-d276 @A: 04 05 23 02 | 01
#0199-d276 @A: 23 22 33 08 | 07
#0200-d276 @A: 25 27 23 20 | 06
#0201-d276 @A: 30 12 01 23 | 03
#0202-d276 @A: 33 07 23 30 | 05
#0203-d276 @A: 06 21 09 23 | 10
#0204-d276 @A: 03 11 17 08 | 02
#0205-d276 @A: 19 07 11 03 | 09
#0206-d276 @A: 11 04 10 30 | 08
#0207-d276 @A: 01 11 29 32 | 11
#0208-d276 @A: 11 27 32 30 | 04
#0209-d276 @A: 12 02 11 20 | 12
#0210-d276 @A: 11 14 25 29 | 01
#0211-d276 @A: 27 11 14 05 | 07
#0212-d276 @A: 11 06 08 29 | 06
#0213-d276 @A: 04 05 31 11 | 03
#0214-d276 @A: 13 24 11 07 | 05
#0215-d276 @A: 11 25 17 30 | 10
#0216-d276 @A: 32 03 04 17 | 02
#0217-d276 @A: 24 12 32 03 | 09
#0218-d276 @A: 18 32 27 03 | 08
#0219-d276 @A: 22 30 02 03 | 11
#0220-d276 @A: 14 18 03 22 | 04
#0221-d276 @A: 03 06 29 14 | 12
#0222-d276 @A: 03 14 13 33 | 01
#0223-d276 @A: 03 01 07 04 | 07
#0224-d276 @A: 01 21 03 24 | 06
#0225-d276 @A: 05 25 16 03 | 03
#0226-d276 @A: 07 31 03 05 | 05
#0227-d276 @A: 31 19 03 30 | 10
#0228-d276 @A: 10 19 32 08 | 02
#0229-d276 @A: 27 05 32 10 | 09
#0230-d276 @A: 01 02 10 12 | 08
#0231-d276 @A: 24 10 17 29 | 11
#0232-d276 @A: 35 09 27 10 | 04
#0233-d276 @A: 10 34 35 12 | 12
#0234-d276 @A: 16 06 10 05 | 01
#0235-d276 @A: 10 34 09 31 | 07
#0236-d276 @A: 20 29 32 17 | 06
#0237-d276 @A: 01 32 04 30 | 03
#0238-d276 @A: 16 04 13 32 | 05
#0239-d276 @A: 32 13 25 27 | 10
#0240-d276 @A: 32 30 18 05 | 02
#0241-d276 @A: 32 09 31 05 | 09
#0242-d276 @A: 32 25 35 21 | 08
#0243-d276 @A: 32 31 30 25 | 11
#0244-d276 @A: 02 22 04 19 | 04
#0245-d276 @A: 17 14 02 27 | 12
#0246-d276 @A: 21 14 13 02 | 01
#0247-d276 @A: 02 31 09 24 | 07
#0248-d276 @A: 05 02 17 12 | 06
#0249-d276 @A: 21 02 16 19 | 03
#0250-d276 @A: 18 02 21 33 | 05
#0251-d276 @A: 21 02 34 07 | 10
#0252-d276 @A: 22 01 06 29 | 02
#0253-d276 @A: 19 22 01 12 | 09
#0254-d276 @A: 05 22 30 24 | 08
#0255-d276 @A: 35 22 13 12 | 11
#0256-d276 @A: 16 18 22 19 | 04
#0257-d276 @A: 34 09 22 18 | 12
#0258-d276 @A: 09 07 22 21 | 01
#0259-d276 @A: 31 17 21 22 | 07
#0260-d276 @A: 05 14 20 24 | 06
#0261-d276 @A: 14 01 08 33 | 03
#0262-d276 @A: 05 14 16 01 | 05
#0263-d276 @A: 14 16 04 07 | 10
#0264-d276 @A: 05 14 12 07 | 02
#0265-d276 @A: 12 08 20 33 | 09
#0266-d276 @A: 08 13 21 20 | 08
#0267-d276 @A: 18 20 13 16 | 11
#0268-d276 @A: 31 33 20 18 | 04
#0269-d276 @A: 20 17 21 07 | 12
#0270-d276 @A: 29 01 05 12 | 01
#0271-d276 @A: 01 29 16 13 | 07
#0272-d276 @A: 06 29 16 12 | 06
#0273-d276 @A: 29 06 33 17 | 03
#0274-d276 @A: 07 08 16 31 | 05
#0275-d276 @A: 27 04 35 01 | 10
#0276-d276 @A: 12 09 01 25 | 02
#0277-d276 @A: 34 30 16 01 | 09
#0278-d276 @A: 16 34 01 13 | 08
#0279-d276 @A: 18 01 31 35 | 11
#0280-d276 @A: 34 01 18 19 | 04
#0281-d276 @A: 07 09 01 35 | 12
#0282-d276 @A: 12 09 19 04 | 01
#0283-d276 @A: 04 18 16 06 | 07
#0284-d276 @A: 31 12 27 24 | 06
#0285-d276 @A: 24 16 13 12 | 03
#0286-d276 @A: 34 17 24 16 | 05
#0287-d276 @A: 05 31 19 24 | 10
#0288-d276 @A: 24 33 25 34 | 02
#0289-d276 @A: 24 18 31 17 | 09
#0290-d276 @A: 09 27 07 16 | 08
#0291-d276 @A: 07 34 27 18 | 11
#0292-d276 @A: 27 09 17 19 | 04
#0293-d276 @A: 07 35 27 21 | 12
#0294-d276 @A: 34 35 25 27 | 01
#0295-d276 @A: 25 31 27 07 | 07
#0296-d276 @A: 13 34 35 30 | 06
#0297-d276 @A: 28 20 15 14 | 03
#0298-d276 @A: 28 01 21 15 | 05
#0299-d276 @A: 17 15 24 28 | 10
#0300-d276 @A: 09 04 26 15 | 02
#0301-d276 @A: 12 15 23 08 | 09
#0302-d276 @A: 15 03 35 11 | 08
#0303-d276 @A: 15 11 14 16 | 11
#0304-d276 @A: 12 29 11 15 | 04
#0305-d276 @A: 24 05 15 11 | 12
#0306-d276 @A: 08 09 15 10 | 01
#0307-d276 @A: 10 24 06 15 | 07
#0308-d276 @A: 10 15 25 27 | 06
#0309-d276 @A: 19 14 02 15 | 03
#0310-d276 @A: 01 22 14 15 | 05
#0311-d276 @A: 15 22 07 20 | 10
#0312-d276 @A: 17 15 22 08 | 02
#0313-d276 @A: 24 20 15 16 | 09
#0314-d276 @A: 29 33 04 15 | 08
#0315-d276 @A: 24 15 07 04 | 11
#0316-d276 @A: 21 15 35 16 | 04
#0317-d276 @A: 13 15 05 06 | 12
#0318-d276 @A: 28 10 11 09 | 01
#0319-d276 @A: 24 07 28 11 | 07
#0320-d276 @A: 05 29 28 10 | 06
#0321-d276 @A: 28 10 08 25 | 03
#0322-d276 @A: 28 21 10 13 | 05
#0323-d276 @A: 30 28 32 08 | 10
#0324-d276 @A: 17 06 28 20 | 02
#0325-d276 @A: 09 28 04 01 | 09
#0326-d276 @A: 30 18 28 16 | 08
#0327-d276 @A: 16 07 17 28 | 11
#0328-d276 @A: 28 06 07 21 | 04
#0329-d276 @A: 31 23 26 20 | 12
#0330-d276 @A: 03 25 32 26 | 01
#0331-d276 @A: 26 08 16 03 | 07
#0332-d276 @A: 07 10 26 01 | 06
#0333-d276 @A: 21 26 10 24 | 03
#0334-d276 @A: 31 26 32 27 | 05
#0335-d276 @A: 02 26 22 35 | 10
#0336-d276 @A: 34 04 26 22 | 02
#0337-d276 @A: 26 22 17 16 | 09
#0338-d276 @A: 20 12 26 06 | 08
#0339-d276 @A: 08 26 29 25 | 11
#0340-d276 @A: 26 13 18 29 | 04
#0341-d276 @A: 26 27 13 08 | 12
#0342-d276 @A: 16 21 05 26 | 01
#0343-d276 @A: 26 31 16 33 | 07
#0344-d276 @A: 30 26 18 07 | 06
#0345-d276 @A: 02 11 30 23 | 03
#0346-d276 @A: 11 23 04 34 | 05
#0347-d276 @A: 10 24 12 23 | 10
#0348-d276 @A: 14 22 35 23 | 02
#0349-d276 @A: 23 14 20 07 | 09
#0350-d276 @A: 14 23 04 33 | 08
#0351-d276 @A: 23 04 17 29 | 11
#0352-d276 @A: 30 08 16 23 | 04
#0353-d276 @A: 30 35 04 23 | 12
#0354-d276 @A: 25 10 11 24 | 01
#0355-d276 @A: 34 24 20 11 | 07
#0356-d276 @A: 24 21 29 11 | 06
#0357-d276 @A: 27 01 11 34 | 03
#0358-d276 @A: 11 12 35 01 | 05
#0359-d276 @A: 05 11 35 34 | 10
#0360-d276 @A: 25 11 09 33 | 02
#0361-d276 @A: 30 11 06 33 | 09
#0362-d276 @A: 09 34 30 11 | 08
#0363-d276 @A: 11 25 07 06 | 11
#0364-d276 @A: 21 13 31 11 | 04
#0365-d276 @A: 06 19 11 21 | 12
#0366-d276 @A: 33 32 03 01 | 01
#0367-d276 @A: 03 01 02 35 | 07
#0368-d276 @A: 27 03 02 33 | 06
#0369-d276 @A: 03 24 22 19 | 03
#0370-d276 @A: 27 35 03 14 | 05
#0371-d276 @A: 04 03 21 20 | 10
#0372-d276 @A: 17 21 03 29 | 02
#0373-d276 @A: 19 03 08 27 | 09
#0374-d276 @A: 34 04 03 09 | 08
#0375-d276 @A: 16 09 03 12 | 11
#0376-d276 @A: 33 21 35 03 | 04
#0377-d276 @A: 30 03 13 21 | 12
#0378-d276 @A: 30 32 10 14 | 01
#0379-d276 @A: 30 20 22 10 | 07
#0380-d276 @A: 01 22 10 18 | 06
#0381-d276 @A: 18 10 14 29 | 03
#0382-d276 @A: 24 08 07 10 | 05
#0383-d276 @A: 10 06 12 25 | 10
#0384-d276 @A: 09 10 06 18 | 02
#0385-d276 @A: 02 14 32 09 | 09
#0386-d276 @A: 02 32 27 25 | 08
#0387-d276 @A: 32 16 02 18 | 11
#0388-d276 @A: 29 24 32 13 | 04
#0389-d276 @A: 17 08 32 24 | 12
#0390-d276 @A: 08 32 06 27 | 01
#0391-d276 @A: 18 09 01 32 | 07
#0392-d276 @A: 04 32 27 21 | 06
#0393-d276 @A: 05 35 04 32 | 03
#0394-d276 @A: 06 32 30 17 | 05
#0395-d276 @A: 02 14 06 33 | 10
#0396-d276 @A: 02 24 01 16 | 02
#0397-d276 @A: 27 02 09 04 | 09
#0398-d276 @A: 02 07 04 35 | 08
#0399-d276 @A: 30 07 31 02 | 11
#0400-d276 @A: 22 13 24 14 | 04
#0401-d276 @A: 06 24 20 22 | 12
#0402-d276 @A: 22 27 04 17 | 01
#0403-d276 @A: 22 05 12 16 | 07
#0404-d276 @A: 09 13 05 22 | 06
#0405-d276 @A: 22 09 30 31 | 03
#0406-d276 @A: 09 05 14 29 | 05
#0407-d276 @A: 14 24 08 18 | 10
#0408-d276 @A: 21 17 09 14 | 02
#0409-d276 @A: 20 30 06 04 | 09
#0410-d276 @A: 20 27 21 19 | 08
#0411-d276 @A: 05 31 20 25 | 11
#0412-d276 @A: 09 20 25 19 | 04
#0413-d276 @A: 04 13 29 27 | 12
#0414-d276 @A: 29 31 12 07 | 01
#0415-d276 @A: 19 29 25 34 | 07
#0416-d276 @A: 01 13 35 08 | 06
#0417-d276 @A: 30 12 19 08 | 03
#0418-d276 @A: 21 05 31 08 | 05
#0419-d276 @A: 01 17 33 27 | 10
#0420-d276 @A: 33 05 01 18 | 02
#0421-d276 @A: 33 35 30 01 | 09
#0422-d276 @A: 25 01 35 19 | 08
#0423-d276 @A: 07 24 05 16 | 11
#0424-d276 @A: 35 30 12 27 | 04
#0425-d276 @A: 19 13 27 12 | 12
#0426-d276 @A: 16 33 25 27 | 01
#0427-d276 @A: 27 09 33 21 | 07
#0428-d276 @A: 18 31 19 27 | 06
#0429-d276 @A: 30 13 17 12 | 03
#0430-d276 @A: 35 13 18 07 | 05
#0431-d276 @A: 18 21 06 13 | 10
#0432-d276 @A: 30 15 27 28 | 02
#0433-d276 @A: 23 16 26 15 | 09
#0434-d276 @A: 15 13 20 10 | 08
#0435-d276 @A: 14 15 32 35 | 11
#0436-d276 @A: 15 14 08 31 | 04
#0437-d276 @A: 15 24 01 18 | 12
#0438-d276 @A: 09 01 15 30 | 01
#0439-d276 @A: 04 15 17 35 | 07
#0440-d276 @A: 21 04 15 25 | 06
#0441-d276 @A: 30 07 12 15 | 03
#0442-d276 @A: 33 15 18 19 | 05
#0443-d276 @A: 09 21 31 15 | 10
#0444-d276 @A: 28 26 02 05 | 02
#0445-d276 @A: 28 29 18 26 | 09
#0446-d276 @A: 28 04 21 26 | 08
#0447-d276 @A: 28 24 26 19 | 11
#0448-d276 @A: 13 30 28 26 | 04
#0449-d276 @A: 01 23 25 28 | 12
#0450-d276 @A: 07 28 23 31 | 01
#0451-d276 @A: 28 21 11 03 | 07
#0452-d276 @A: 05 08 28 11 | 06
#0453-d276 @A: 34 28 11 13 | 03
#0454-d276 @A: 28 16 03 04 | 05
#0455-d276 @A: 18 03 07 28 | 10
#0456-d276 @A: 13 02 35 28 | 02
#0457-d276 @A: 28 02 19 30 | 09
#0458-d276 @A: 28 22 29 21 | 08
#0459-d276 @A: 01 19 20 28 | 11
#0460-d276 @A: 07 08 28 19 | 04
#0461-d276 @A: 28 18 04 24 | 12
#0462-d276 @A: 17 28 04 05 | 01
#0463-d276 @A: 04 13 28 31 | 07
#0464-d276 @A: 02 23 26 21 | 06
#0465-d276 @A: 13 23 22 26 | 03
#0466-d276 @A: 20 11 21 26 | 05
#0467-d276 @A: 26 11 24 30 | 10
#0468-d276 @A: 09 22 03 26 | 02
#0469-d276 @A: 03 27 12 26 | 09
#0470-d276 @A: 26 27 18 10 | 08
#0471-d276 @A: 32 34 26 21 | 11
#0472-d276 @A: 18 24 26 02 | 04
#0473-d276 @A: 20 35 14 26 | 12
#0474-d276 @A: 01 20 26 16 | 01
#0475-d276 @A: 26 07 24 20 | 07
#0476-d276 @A: 01 17 26 29 | 06
#0477-d276 @A: 08 24 34 26 | 03
#0478-d276 @A: 26 21 12 33 | 05
#0479-d276 @A: 26 25 35 18 | 10
#0480-d276 @A: 18 10 23 08 | 02
#0481-d276 @A: 23 08 31 02 | 09
#0482-d276 @A: 01 02 23 18 | 08
#0483-d276 @A: 22 23 20 21 | 11
#0484-d276 @A: 23 27 22 05 | 04
#0485-d276 @A: 23 21 05 12 | 12
#0486-d276 @A: 23 09 17 31 | 01
#0487-d276 @A: 18 03 11 02 | 07
#0488-d276 @A: 32 06 24 11 | 06
#0489-d276 @A: 07 22 02 11 | 03
#0490-d276 @A: 02 31 29 11 | 05
#0491-d276 @A: 25 02 13 11 | 10
#0492-d276 @A: 17 11 01 22 | 02
#0493-d276 @A: 11 08 12 24 | 09
#0494-d276 @A: 01 06 11 04 | 08
#0495-d276 @A: 21 01 11 09 | 11
#0496-d276 @A: 12 18 11 34 | 04
#0497-d276 @A: 35 06 09 11 | 12
#0498-d276 @A: 21 35 11 30 | 01
#0499-d276 @A: 19 03 01 10 | 07
#0500-d276 @A: 27 10 03 17 | 06
#0501-d276 @A: 06 10 03 21 | 03
#0502-d276 @A: 20 27 03 07 | 05
#0503-d276 @A: 29 03 01 09 | 10
#0504-d276 @A: 33 03 24 08 | 02
#0505-d276 @A: 27 24 04 03 | 09
#0506-d276 @A: 13 12 31 03 | 08
#0507-d276 @A: 05 33 34 03 | 11
#0508-d276 @A: 09 03 30 05 | 04
#0509-d276 @A: 18 03 09 33 | 12
#0510-d276 @A: 32 22 10 17 | 01
#0511-d276 @A: 10 31 14 02 | 07
#0512-d276 @A: 12 10 05 20 | 06
#0513-d276 @A: 31 10 01 27 | 03
#0514-d276 @A: 19 04 27 10 | 05
#0515-d276 @A: 16 12 10 21 | 10
#0516-d276 @A: 10 19 16 09 | 02
#0517-d276 @A: 25 10 16 34 | 09
#0518-d276 @A: 17 10 13 07 | 08
#0519-d276 @A: 32 31 22 02 | 11
#0520-d276 @A: 19 32 01 02 | 04
#0521-d276 @A: 24 02 34 32 | 12
#0522-d276 @A: 22 08 32 29 | 01
#0523-d276 @A: 32 19 04 29 | 07
#0524-d276 @A: 12 29 21 32 | 06
#0525-d276 @A: 07 24 30 32 | 03
#0526-d276 @A: 12 32 33 30 | 05
#0527-d276 @A: 32 16 33 09 | 10
#0528-d276 @A: 22 27 16 02 | 02
#0529-d276 @A: 13 19 22 02 | 09
#0530-d276 @A: 22 02 34 06 | 08
#0531-d276 @A: 02 13 20 04 | 11
#0532-d276 @A: 04 29 02 18 | 04
#0533-d276 @A: 05 02 33 31 | 12
#0534-d276 @A: 09 02 33 17 | 01
#0535-d276 @A: 22 29 20 31 | 07
#0536-d276 @A: 20 01 13 22 | 06
#0537-d276 @A: 29 12 04 22 | 03
#0538-d276 @A: 16 33 22 29 | 05
#0539-d276 @A: 30 08 01 22 | 10
#0540-d276 @A: 22 21 27 01 | 02
#0541-d276 @A: 33 17 30 22 | 09
#0542-d276 @A: 17 20 14 01 | 08
#0543-d276 @A: 12 27 08 14 | 11
#0544-d276 @A: 16 33 34 14 | 04
#0545-d276 @A: 34 14 05 31 | 12
#0546-d276 @A: 30 18 14 19 | 01
#0547-d276 @A: 18 06 14 21 | 07
#0548-d276 @A: 20 31 19 16 | 06
#0549-d276 @A: 20 19 30 05 | 03
#0550-d276 @A: 20 09 21 35 | 05
#0551-d276 @A: 21 25 20 06 | 10
#0552-d276 @A: 16 34 18 29 | 02
#0553-d276 @A: 29 16 30 25 | 09
#0554-d276 @A: 16 29 17 19 | 08
#0555-d276 @A: 08 16 04 24 | 11
#0556-d276 @A: 24 08 25 06 | 04
#0557-d276 @A: 33 18 25 08 | 12
#0558-d276 @A: 17 31 13 08 | 01
#0559-d276 @A: 01 18 07 16 | 07
#0560-d276 @A: 19 01 09 05 | 06
#0561-d276 @A: 17 06 01 18 | 03
#0562-d276 @A: 01 21 19 17 | 05
#0563-d276 @A: 31 19 33 04 | 10
#0564-d276 @A: 04 33 17 13 | 02
#0565-d276 @A: 24 17 09 05 | 09
#0566-d276 @A: 06 24 34 05 | 08
#0567-d276 @A: 24 07 21 18 | 11
#0568-d276 @A: 09 27 05 12 | 04
#0569-d276 @A: 05 27 18 35 | 12
#0570-d276 @A: 25 21 30 27 | 01
#0571-d276 @A: 34 30 17 27 | 07
#0572-d276 @A: 12 25 09 13 | 06
#0573-d276 @A: 13 35 06 16 | 03
#0574-d276 @A: 16 13 28 15 | 05
#0575-d276 @A: 28 15 19 05 | 10
#0576-d276 @A: 08 26 15 30 | 02
#0577-d276 @A: 12 01 15 26 | 09
#0578-d276 @A: 06 23 15 04 | 08
#0579-d276 @A: 03 30 32 15 | 11
#0580-d276 @A: 03 09 15 14 | 04
#0581-d276 @A: 25 08 03 15 | 12
#0582-d276 @A: 22 32 15 12 | 01
#0583-d276 @A: 33 22 13 15 | 07
#0584-d276 @A: 24 14 15 33 | 06
#0585-d276 @A: 14 27 13 15 | 03
#0586-d276 @A: 08 06 20 15 | 05
#0587-d276 @A: 15 20 01 25 | 10
#0588-d276 @A: 35 29 15 08 | 02
#0589-d276 @A: 16 17 15 33 | 09
#0590-d276 @A: 35 06 15 25 | 08
#0591-d276 @A: 22 28 16 23 | 11
#0592-d276 @A: 22 28 03 01 | 04
#0593-d276 @A: 28 19 03 14 | 12
#0594-d276 @A: 10 31 18 28 | 01
#0595-d276 @A: 32 31 20 28 | 07
#0596-d276 @A: 07 02 01 28 | 06
#0597-d276 @A: 08 28 29 16 | 03
#0598-d276 @A: 17 12 28 33 | 05
#0599-d276 @A: 28 12 19 06 | 10
#0600-d276 @A: 18 21 05 28 | 02
#0601-d276 @A: 21 33 28 30 | 09
#0602-d276 @A: 19 25 28 33 | 08
#0603-d276 @A: 09 28 21 34 | 11
#0604-d276 @A: 35 07 30 28 | 04
#0605-d276 @A: 23 03 30 26 | 12
#0606-d276 @A: 23 05 33 26 | 01
#0607-d276 @A: 06 32 26 14 | 07
#0608-d276 @A: 31 17 04 26 | 06
#0609-d276 @A: 12 09 26 18 | 03
#0610-d276 @A: 16 26 25 09 | 05
#0611-d276 @A: 07 34 26 13 | 10
#0612-d276 @A: 10 05 11 23 | 02
#0613-d276 @A: 06 11 20 23 | 09
#0614-d276 @A: 23 10 33 03 | 08
#0615-d276 @A: 04 03 19 23 | 11
#0616-d276 @A: 20 32 23 30 | 04
#0617-d276 @A: 23 01 34 20 | 12
#0618-d276 @A: 29 01 08 23 | 01
#0619-d276 @A: 34 24 29 23 | 07
#0620-d276 @A: 04 09 23 08 | 06
#0621-d276 @A: 23 24 33 17 | 03
#0622-d276 @A: 31 33 23 12 | 05
#0623-d276 @A: 17 05 18 23 | 10
#0624-d276 @A: 05 34 23 09 | 02
#0625-d276 @A: 05 25 23 30 | 09
#0626-d276 @A: 35 11 32 10 | 08
#0627-d276 @A: 08 10 02 11 | 11
#0628-d276 @A: 06 10 14 11 | 04
#0629-d276 @A: 16 11 32 20 | 12
#0630-d276 @A: 01 11 25 02 | 01
#0631-d276 @A: 11 22 33 04 | 07
#0632-d276 @A: 01 24 11 19 | 06
#0633-d276 @A: 11 12 04 13 | 03
#0634-d276 @A: 05 18 25 11 | 05
#0635-d276 @A: 33 21 31 11 | 10
#0636-d276 @A: 11 31 18 09 | 02
#0637-d276 @A: 19 34 17 11 | 09
#0638-d276 @A: 09 02 03 10 | 08
#0639-d276 @A: 10 03 22 25 | 11
#0640-d276 @A: 03 21 22 32 | 04
#0641-d276 @A: 32 14 03 07 | 12
#0642-d276 @A: 13 03 02 17 | 01
#0643-d276 @A: 03 20 22 35 | 07
#0644-d276 @A: 14 34 03 24 | 06
#0645-d276 @A: 17 03 12 14 | 03
#0646-d276 @A: 24 20 03 30 | 05
#0647-d276 @A: 03 30 06 12 | 10
#0648-d276 @A: 19 03 35 16 | 02
#0649-d276 @A: 03 17 33 31 | 09
#0650-d276 @A: 32 25 01 10 | 08
#0651-d276 @A: 10 34 27 08 | 11
#0652-d276 @A: 10 09 04 24 | 04
#0653-d276 @A: 30 10 18 35 | 12
#0654-d276 @A: 10 07 19 18 | 01
#0655-d276 @A: 10 17 07 09 | 07
#0656-d276 @A: 34 10 21 19 | 06
#0657-d276 @A: 02 32 07 20 | 03
#0658-d276 @A: 07 32 01 22 | 05
#0659-d276 @A: 32 34 22 27 | 10
#0660-d276 @A: 32 19 22 25 | 02
#0661-d276 @A: 29 31 32 16 | 09
#0662-d276 @A: 32 35 18 08 | 08
#0663-d276 @A: 01 13 32 31 | 11
#0664-d276 @A: 35 32 06 34 | 04
#0665-d276 @A: 02 04 33 16 | 12
#0666-d276 @A: 35 12 19 02 | 01
#0667-d276 @A: 30 09 16 02 | 07
#0668-d276 @A: 05 19 02 06 | 06
#0669-d276 @A: 02 13 18 33 | 03
#0670-d276 @A: 02 21 17 30 | 05
#0671-d276 @A: 01 04 25 22 | 10
#0672-d276 @A: 01 22 24 31 | 02
#0673-d276 @A: 34 22 35 01 | 09
#0674-d276 @A: 22 27 30 07 | 08
#0675-d276 @A: 22 06 31 16 | 11
#0676-d276 @A: 30 16 22 21 | 04
#0677-d276 @A: 06 05 22 09 | 12
#0678-d276 @A: 13 06 30 22 | 01
#0679-d276 @A: 33 29 14 27 | 07
#0680-d276 @A: 14 31 21 16 | 06
#0681-d276 @A: 19 25 05 14 | 03
#0682-d276 @A: 21 33 07 14 | 05
#0683-d276 @A: 05 27 01 20 | 10
#0684-d276 @A: 20 35 16 12 | 02
#0685-d276 @A: 12 34 13 20 | 09
#0686-d276 @A: 30 18 21 20 | 08
#0687-d276 @A: 19 20 18 06 | 11
#0688-d276 @A: 35 19 20 34 | 04
#0689-d276 @A: 29 05 04 08 | 12
#0690-d276 @A: 09 33 29 08 | 01
#0691-d276 @A: 19 29 13 08 | 07
#0692-d276 @A: 06 18 24 29 | 06
#0693-d276 @A: 05 33 07 29 | 03
#0694-d276 @A: 09 19 07 29 | 05
#0695-d276 @A: 17 30 07 29 | 10
#0696-d276 @A: 17 34 29 13 | 02
#0697-d276 @A: 08 21 04 07 | 09
#0698-d276 @A: 07 30 25 08 | 08
#0699-d276 @A: 31 34 17 08 | 11
#0700-d276 @A: 34 01 17 09 | 04
#0701-d276 @A: 12 04 06 33 | 12
#0702-d276 @A: 12 04 35 18 | 01
#0703-d276 @A: 04 13 35 25 | 07
#0704-d276 @A: 06 27 24 07 | 06
#0705-d276 @A: 16 05 27 34 | 03
#0706-d276 @A: 27 06 35 33 | 05
#0707-d276 @A: 31 27 35 17 | 10
#0708-d276 @A: 06 21 27 34 | 02
#0709-d276 @A: 18 12 13 17 | 09
#0710-d276 @A: 33 19 13 05 | 08
#0711-d276 @A: 28 16 15 10 | 11
#0712-d276 @A: 33 15 03 26 | 04
#0713-d276 @A: 15 26 22 18 | 12
#0714-d276 @A: 05 10 07 15 | 01
#0715-d276 @A: 02 21 15 32 | 07
#0716-d276 @A: 20 15 32 34 | 06
#0717-d276 @A: 32 06 01 15 | 03
#0718-d276 @A: 05 15 08 02 | 05
#0719-d276 @A: 15 31 02 12 | 10
#0720-d276 @A: 25 15 24 22 | 02
#0721-d276 @A: 29 17 15 27 | 09
#0722-d276 @A: 15 27 08 07 | 08
#0723-d276 @A: 16 30 05 15 | 11
#0724-d276 @A: 16 19 15 07 | 04
#0725-d276 @A: 35 15 07 33 | 12
#0726-d276 @A: 28 26 31 03 | 01
#0727-d276 @A: 28 26 25 14 | 07
#0728-d276 @A: 26 28 35 01 | 06
#0729-d276 @A: 11 06 02 28 | 03
#0730-d276 @A: 12 13 10 28 | 05
#0731-d276 @A: 32 27 28 09 | 10
#0732-d276 @A: 02 28 31 04 | 02
#0733-d276 @A: 12 28 01 14 | 09
#0734-d276 @A: 24 28 08 31 | 08
#0735-d276 @A: 04 25 28 30 | 11
#0736-d276 @A: 05 28 33 16 | 04
#0737-d276 @A: 34 35 28 17 | 12
#0738-d276 @A: 30 06 31 28 | 01
#0739-d276 @A: 07 32 26 23 | 07
#0740-d276 @A: 26 29 06 23 | 06
#0741-d276 @A: 35 34 26 23 | 03
#0742-d276 @A: 13 26 05 11 | 05
#0743-d276 @A: 10 02 16 26 | 10
#0744-d276 @A: 26 22 33 14 | 02
#0745-d276 @A: 27 21 08 26 | 09
#0746-d276 @A: 06 35 16 26 | 08
#0747-d276 @A: 26 19 05 34 | 11
#0748-d276 @A: 07 06 26 33 | 04
#0749-d276 @A: 26 06 17 25 | 12
#0750-d276 @A: 23 04 13 10 | 01
#0751-d276 @A: 23 19 27 32 | 07
#0752-d276 @A: 06 23 02 16 | 06
#0753-d276 @A: 14 25 09 23 | 03
#0754-d276 @A: 08 20 19 23 | 05
#0755-d276 @A: 13 23 20 33 | 10
#0756-d276 @A: 12 23 06 34 | 02
#0757-d276 @A: 13 23 21 35 | 09
#0758-d276 @A: 03 33 14 11 | 08
#0759-d276 @A: 03 01 11 20 | 11
#0760-d276 @A: 18 11 20 10 | 04
#0761-d276 @A: 10 33 29 11 | 12
#0762-d276 @A: 11 09 32 04 | 01
#0763-d276 @A: 11 14 21 22 | 07
#0764-d276 @A: 22 24 11 27 | 06
#0765-d276 @A: 14 13 11 19 | 03
#0766-d276 @A: 11 09 29 27 | 05
#0767-d276 @A: 04 27 07 11 | 10
#0768-d276 @A: 18 21 16 11 | 02
#0769-d276 @A: 11 17 06 31 | 09
#0770-d276 @A: 06 03 24 02 | 08
#0771-d276 @A: 30 16 14 03 | 11
#0772-d276 @A: 20 34 03 08 | 04
#0773-d276 @A: 20 06 03 05 | 12
#0774-d276 @A: 08 31 03 01 | 01
#0775-d276 @A: 18 03 05 04 | 07
#0776-d276 @A: 03 25 21 18 | 06
#0777-d276 @A: 03 06 25 31 | 03
#0778-d276 @A: 06 34 03 17 | 05
#0779-d276 @A: 10 31 32 24 | 10
#0780-d276 @A: 06 10 08 22 | 02
#0781-d276 @A: 16 14 10 08 | 09
#0782-d276 @A: 06 04 29 10 | 08
#0783-d276 @A: 10 29 27 21 | 11
#0784-d276 @A: 04 08 17 10 | 04
#0785-d276 @A: 01 30 10 24 | 12
#0786-d276 @A: 10 30 13 24 | 01
#0787-d276 @A: 31 19 10 12 | 07
#0788-d276 @A: 09 13 33 10 | 06
#0789-d276 @A: 17 35 33 10 | 03
#0790-d276 @A: 06 13 25 10 | 05
#0791-d276 @A: 14 08 32 21 | 10
#0792-d276 @A: 35 20 27 32 | 02
#0793-d276 @A: 24 33 04 32 | 09
#0794-d276 @A: 25 04 32 16 | 08
#0795-d276 @A: 17 32 12 34 | 11
#0796-d276 @A: 35 16 30 32 | 04
#0797-d276 @A: 06 18 32 25 | 12
#0798-d276 @A: 32 35 17 09 | 01
#0799-d276 @A: 07 32 34 09 | 07
#0800-d276 @A: 30 32 19 34 | 06
#0801-d276 @A: 08 29 07 02 | 03
#0802-d276 @A: 30 08 24 02 | 05
#0803-d276 @A: 06 27 01 02 | 10
#0804-d276 @A: 12 21 09 02 | 02
#0805-d276 @A: 13 05 16 02 | 09
#0806-d276 @A: 25 02 17 31 | 08
#0807-d276 @A: 31 02 13 34 | 11
#0808-d276 @A: 22 31 27 14 | 04
#0809-d276 @A: 22 14 16 25 | 12
#0810-d276 @A: 12 20 22 27 | 01
#0811-d276 @A: 29 24 22 07 | 07
#0812-d276 @A: 04 22 21 24 | 06
#0813-d276 @A: 14 29 16 20 | 03
#0814-d276 @A: 18 09 20 14 | 05
#0815-d276 @A: 14 09 07 08 | 10
#0816-d276 @A: 01 04 14 18 | 02
#0817-d276 @A: 21 24 19 14 | 09
#0818-d276 @A: 30 16 13 14 | 08
#0819-d276 @A: 17 16 06 14 | 11
#0820-d276 @A: 33 05 14 35 | 04
#0821-d276 @A: 31 07 17 14 | 12
#0822-d276 @A: 20 29 35 30 | 01
#0823-d276 @A: 30 08 20 27 | 07
#0824-d276 @A: 19 07 20 33 | 06
#0825-d276 @A: 13 19 20 07 | 03
#0826-d276 @A: 12 34 33 29 | 05
#0827-d276 @A: 29 18 05 31 | 10
#0828-d276 @A: 21 25 29 33 | 02
#0829-d276 @A: 09 29 31 25 | 09
#0830-d276 @A: 21 06 31 29 | 08
#0831-d276 @A: 08 04 01 12 | 11
#0832-d276 @A: 01 19 16 08 | 04
#0833-d276 @A: 05 12 34 08 | 12
#0834-d276 @A: 05 07 35 08 | 01
#0835-d276 @A: 21 09 18 08 | 07
#0836-d276 @A: 18 08 30 17 | 06
#0837-d276 @A: 01 24 07 17 | 03
#0838-d276 @A: 35 16 17 01 | 05
#0839-d276 @A: 21 16 25 01 | 10
#0840-d276 @A: 31 07 01 19 | 02
#0841-d276 @A: 34 05 30 04 | 09
#0842-d276 @A: 18 17 19 04 | 08
#0843-d276 @A: 34 13 18 04 | 11
#0844-d276 @A: 24 05 12 18 | 04
#0845-d276 @A: 09 25 24 21 | 12
#0846-d276 @A: 07 31 24 34 | 01
#0847-d276 @A: 24 21 19 13 | 07
#0848-d276 @A: 33 07 27 12 | 06
#0849-d276 @A: 27 25 19 12 | 03
#0850-d276 @A: 18 16 17 27 | 05
#0851-d276 @A: 21 05 27 17 | 10
#0852-d276 @A: 34 27 13 33 | 02
#0853-d276 @A: 12 21 13 33 | 09
#0854-d276 @A: 19 33 13 06 | 08
#0855-d276 @A: 31 13 30 25 | 11
#0856-d276 @A: 28 15 29 06 | 04
#0857-d276 @A: 15 20 05 26 | 12
#0858-d276 @A: 26 19 15 17 | 01
#0859-d276 @A: 17 02 23 15 | 07
#0860-d276 @A: 14 15 21 23 | 06
#0861-d276 @A: 09 15 27 23 | 03
#0862-d276 @A: 05 21 15 03 | 05
#0863-d276 @A: 03 06 19 15 | 10
#0864-d276 @A: 10 34 15 29 | 02
#0865-d276 @A: 33 32 27 15 | 09
#0866-d276 @A: 15 17 14 30 | 08
#0867-d276 @A: 15 19 08 04 | 11
#0868-d276 @A: 01 16 15 04 | 04
#0869-d276 @A: 15 12 16 27 | 12
#0870-d276 @A: 06 15 12 18 | 01
#0871-d276 @A: 25 16 15 18 | 07
#0872-d276 @A: 31 19 35 15 | 06
#0873-d276 @A: 26 28 09 08 | 03
#0874-d276 @A: 17 27 28 26 | 05
#0875-d276 @A: 29 03 28 23 | 10
#0876-d276 @A: 14 23 28 05 | 02
#0877-d276 @A: 20 11 28 33 | 09
#0878-d276 @A: 32 01 16 28 | 08
#0879-d276 @A: 28 02 21 24 | 11
#0880-d276 @A: 09 28 22 24 | 04
#0881-d276 @A: 28 25 27 22 | 12
#0882-d276 @A: 28 20 12 29 | 01
#0883-d276 @A: 28 06 13 27 | 07
#0884-d276 @A: 33 28 35 18 | 06
#0885-d276 @A: 19 18 13 28 | 03
#0886-d276 @A: 35 28 09 19 | 05
#0887-d276 @A: 31 19 21 28 | 10
#0888-d276 @A: 27 23 26 24 | 02
#0889-d276 @A: 26 11 05 01 | 09
#0890-d276 @A: 11 17 12 26 | 08
#0891-d276 @A: 26 03 07 02 | 11
#0892-d276 @A: 35 03 26 04 | 04
#0893-d276 @A: 10 26 08 35 | 12
#0894-d276 @A: 26 10 17 34 | 01
#0895-d276 @A: 30 22 32 26 | 07
#0896-d276 @A: 26 05 22 08 | 06
#0897-d276 @A: 01 26 14 30 | 03
#0898-d276 @A: 14 26 27 07 | 05
#0899-d276 @A: 29 12 19 26 | 10
#0900-d276 @A: 04 06 26 13 | 02
#0901-d276 @A: 26 33 19 35 | 09
#0902-d276 @A: 35 13 33 26 | 08
#0903-d276 @A: 33 30 26 25 | 11
#0904-d276 @A: 26 19 21 30 | 04
#0905-d276 @A: 25 21 23 11 | 12
#0906-d276 @A: 03 31 23 14 | 01
#0907-d276 @A: 03 23 01 05 | 07
#0908-d276 @A: 03 07 24 23 | 06
#0909-d276 @A: 23 29 07 10 | 03
#0910-d276 @A: 21 24 32 23 | 05
#0911-d276 @A: 23 35 25 02 | 10
#0912-d276 @A: 23 16 24 14 | 02
#0913-d276 @A: 27 05 23 13 | 09
#0914-d276 @A: 12 17 16 23 | 08
#0915-d276 @A: 23 16 13 33 | 11
#0916-d276 @A: 19 21 07 23 | 04
#0917-d276 @A: 17 19 30 23 | 12
#0918-d276 @A: 11 16 10 22 | 01
#0919-d276 @A: 11 10 12 27 | 07
#0920-d276 @A: 22 11 25 08 | 06
#0921-d276 @A: 08 11 30 14 | 03
#0922-d276 @A: 11 29 05 19 | 05
#0923-d276 @A: 11 07 33 34 | 10
#0924-d276 @A: 07 17 18 11 | 02
#0925-d276 @A: 24 18 10 03 | 09
#0926-d276 @A: 32 29 35 03 | 08
#0927-d276 @A: 09 32 08 03 | 11
#0928-d276 @A: 17 03 18 20 | 04
#0929-d276 @A: 06 03 29 13 | 12
#0930-d276 @A: 08 04 03 06 | 01
#0931-d276 @A: 13 03 07 01 | 07
#0932-d276 @A: 33 03 16 07 | 06
#0933-d276 @A: 16 03 34 21 | 03
#0934-d276 @A: 25 03 30 35 | 05
#0935-d276 @A: 12 10 32 18 | 10
#0936-d276 @A: 22 10 21 02 | 02
#0937-d276 @A: 25 33 10 14 | 09
#0938-d276 @A: 10 16 01 29 | 08
#0939-d276 @A: 10 01 06 34 | 11
#0940-d276 @A: 21 18 04 10 | 04
#0941-d276 @A: 13 31 10 05 | 12
#0942-d276 @A: 14 29 32 34 | 01
#0943-d276 @A: 25 32 24 14 | 07
#0944-d276 @A: 32 20 18 24 | 06
#0945-d276 @A: 32 31 33 08 | 03
#0946-d276 @A: 17 27 32 07 | 05
#0947-d276 @A: 12 07 32 16 | 10
#0948-d276 @A: 19 09 32 06 | 02
#0949-d276 @A: 29 06 20 02 | 09
#0950-d276 @A: 13 02 29 09 | 08
#0951-d276 @A: 29 02 34 17 | 11
#0952-d276 @A: 02 08 09 01 | 04
#0953-d276 @A: 02 33 19 08 | 12
#0954-d276 @A: 04 01 17 02 | 01
#0955-d276 @A: 12 02 04 24 | 07
#0956-d276 @A: 02 25 12 33 | 06
#0957-d276 @A: 02 21 25 05 | 03
#0958-d276 @A: 31 06 18 02 | 05
#0959-d276 @A: 20 14 22 34 | 10
#0960-d276 @A: 17 22 24 14 | 02
#0961-d276 @A: 12 14 06 22 | 09
#0962-d276 @A: 09 17 22 29 | 08
#0963-d276 @A: 12 22 07 25 | 11
#0964-d276 @A: 07 31 22 33 | 04
#0965-d276 @A: 22 35 19 30 | 12
#0966-d276 @A: 07 22 17 06 | 01
#0967-d276 @A: 25 06 22 30 | 07
#0968-d276 @A: 20 30 12 14 | 06
#0969-d276 @A: 14 01 13 04 | 03
#0970-d276 @A: 30 04 14 24 | 05
#0971-d276 @A: 06 31 04 14 | 10
#0972-d276 @A: 16 09 14 35 | 02
#0973-d276 @A: 30 14 33 09 | 09
#0974-d276 @A: 18 14 13 09 | 08
#0975-d276 @A: 20 27 34 29 | 11
#0976-d276 @A: 04 18 20 25 | 04
#0977-d276 @A: 05 20 21 33 | 12
#0978-d276 @A: 20 30 09 07 | 01
#0979-d276 @A: 31 20 35 07 | 07
#0980-d276 @A: 34 06 31 20 | 06
#0981-d276 @A: 04 29 31 24 | 03
#0982-d276 @A: 04 27 29 30 | 05
#0983-d276 @A: 31 29 13 05 | 10
#0984-d276 @A: 30 29 05 06 | 02
#0985-d276 @A: 33 30 29 18 | 09
#0986-d276 @A: 18 29 35 09 | 08
#0987-d276 @A: 01 08 21 35 | 11
#0988-d276 @A: 12 08 31 25 | 04
#0989-d276 @A: 17 31 12 01 | 12
#0990-d276 @A: 06 05 25 01 | 01
#0991-d276 @A: 01 21 33 34 | 07
#0992-d276 @A: 04 24 13 09 | 06
#0993-d276 @A: 12 31 16 04 | 03
#0994-d276 @A: 33 25 04 35 | 05
#0995-d276 @A: 07 04 18 31 | 10
#0996-d276 @A: 27 24 21 16 | 02
#0997-d276 @A: 27 24 33 05 | 09
#0998-d276 @A: 27 25 17 24 | 08
#0999-d276 @A: 17 24 12 21 | 11
#1000-d276 @A: 25 24 16 31 | 04
#1001-d276 @A: 24 35 05 21 | 12
#1002-d276 @A: 06 35 24 31 | 01
#1003-d276 @A: 05 27 31 06 | 07
#1004-d276 @A: 30 09 13 07 | 06
#1005-d276 @A: 15 23 28 35 | 03
#1006-d276 @A: 28 18 15 08 | 05
#1007-d276 @A: 31 11 15 26 | 10
#1008-d276 @A: 15 17 13 26 | 02
#1009-d276 @A: 03 15 23 18 | 09
#1010-d276 @A: 15 31 23 13 | 08
#1011-d276 @A: 34 02 15 11 | 11
#1012-d276 @A: 03 20 12 15 | 04
#1013-d276 @A: 13 25 15 03 | 12
#1014-d276 @A: 17 15 18 10 | 01
#1015-d276 @A: 15 06 30 02 | 07
#1016-d276 @A: 09 17 20 15 | 06
#1017-d276 @A: 13 01 24 15 | 03
#1018-d276 @A: 12 15 35 09 | 05
#1019-d276 @A: 34 21 15 18 | 10
#1020-d276 @A: 34 09 15 19 | 02
#1021-d276 @A: 25 19 30 15 | 09
#1022-d276 @A: 28 32 04 23 | 08
#1023-d276 @A: 34 23 28 27 | 11
#1024-d276 @A: 28 30 23 09 | 04
#1025-d276 @A: 09 13 23 28 | 12
#1026-d276 @A: 31 28 27 11 | 01
#1027-d276 @A: 27 07 10 28 | 07
#1028-d276 @A: 28 10 34 30 | 06
#1029-d276 @A: 28 25 32 29 | 03
#1030-d276 @A: 30 28 22 14 | 05
#1031-d276 @A: 25 13 22 28 | 10
#1032-d276 @A: 24 20 28 27 | 02
#1033-d276 @A: 12 07 09 28 | 09
#1034-d276 @A: 17 23 14 26 | 08
#1035-d276 @A: 26 33 11 27 | 11
#1036-d276 @A: 21 14 26 03 | 04
#1037-d276 @A: 26 20 29 03 | 12
#1038-d276 @A: 26 29 02 33 | 01
#1039-d276 @A: 02 06 08 26 | 07
#1040-d276 @A: 26 19 22 27 | 06
#1041-d276 @A: 35 26 29 27 | 03
#1042-d276 @A: 07 12 26 08 | 05
#1043-d276 @A: 26 06 24 04 | 10
#1044-d276 @A: 12 05 31 26 | 02
#1045-d276 @A: 26 31 30 35 | 09
#1046-d276 @A: 11 23 03 09 | 08
#1047-d276 @A: 03 23 08 35 | 11
#1048-d276 @A: 09 23 10 22 | 04
#1049-d276 @A: 20 17 10 23 | 12
#1050-d276 @A: 35 10 01 23 | 01
#1051-d276 @A: 23 06 10 27 | 07
#1052-d276 @A: 23 29 33 32 | 06
#1053-d276 @A: 22 23 30 29 | 03
#1054-d276 @A: 24 23 01 09 | 05
#1055-d276 @A: 25 23 06 33 | 10
#1056-d276 @A: 25 23 34 18 | 02
#1057-d276 @A: 17 23 34 21 | 09
#1058-d276 @A: 11 29 03 30 | 08
#1059-d276 @A: 11 32 21 05 | 11
#1060-d276 @A: 11 22 19 20 | 04
#1061-d276 @A: 35 20 11 25 | 12
#1062-d276 @A: 01 08 11 18 | 01
#1063-d276 @A: 08 35 11 31 | 07
#1064-d276 @A: 18 11 27 06 | 06
#1065-d276 @A: 11 18 13 27 | 03
#1066-d276 @A: 07 12 21 11 | 05
#1067-d276 @A: 11 31 30 12 | 10
#1068-d276 @A: 33 16 11 35 | 02
#1069-d276 @A: 11 13 09 17 | 09
#1070-d276 @A: 14 20 03 10 | 08
#1071-d276 @A: 17 03 02 16 | 11
#1072-d276 @A: 03 19 25 02 | 04
#1073-d276 @A: 01 18 03 12 | 12
#1074-d276 @A: 19 03 05 17 | 01
#1075-d276 @A: 17 03 07 35 | 07
#1076-d276 @A: 10 02 19 29 | 06
#1077-d276 @A: 22 07 14 10 | 03
#1078-d276 @A: 22 33 27 10 | 05
#1079-d276 @A: 10 33 04 01 | 10
#1080-d276 @A: 32 02 30 29 | 02
#1081-d276 @A: 20 09 22 32 | 09
#1082-d276 @A: 32 08 13 25 | 08
#1083-d276 @A: 34 32 05 01 | 11
#1084-d276 @A: 06 21 32 16 | 04
#1085-d276 @A: 07 32 05 25 | 12
#1086-d276 @A: 32 19 07 35 | 01
#1087-d276 @A: 19 32 31 17 | 07
#1088-d276 @A: 14 02 05 18 | 06
#1089-d276 @A: 02 20 25 24 | 03
#1090-d276 @A: 02 29 21 01 | 05
#1091-d276 @A: 27 29 02 05 | 10
#1092-d276 @A: 02 08 04 25 | 02
#1093-d276 @A: 08 35 27 02 | 09
#1094-d276 @A: 12 16 02 34 | 08
#1095-d276 @A: 18 12 30 02 | 11
#1096-d276 @A: 19 02 31 34 | 04
#1097-d276 @A: 12 22 34 30 | 12
#1098-d276 @A: 22 35 16 07 | 01
#1099-d276 @A: 07 05 22 18 | 07
#1100-d276 @A: 18 22 06 33 | 06
#1101-d276 @A: 22 19 33 09 | 03
#1102-d276 @A: 13 22 34 21 | 05
#1103-d276 @A: 13 17 14 20 | 10
#1104-d276 @A: 04 29 21 14 | 02
#1105-d276 @A: 13 14 29 35 | 09
#1106-d276 @A: 01 14 24 06 | 08
#1107-d276 @A: 14 09 12 34 | 11
#1108-d276 @A: 05 30 21 14 | 04
#1109-d276 @A: 19 14 33 17 | 12
#1110-d276 @A: 35 07 18 14 | 01
#1111-d276 @A: 31 25 18 14 | 07
#1112-d276 @A: 19 14 07 06 | 06
#1113-d276 @A: 25 14 34 06 | 03
#1114-d276 @A: 01 20 08 07 | 05
#1115-d276 @A: 24 20 12 01 | 10
#1116-d276 @A: 21 20 24 31 | 02
#1117-d276 @A: 20 35 13 27 | 09
#1118-d276 @A: 16 30 33 20 | 08
#1119-d276 @A: 25 24 01 29 | 11
#1120-d276 @A: 17 12 29 18 | 04
#1121-d276 @A: 16 29 05 35 | 12
#1122-d276 @A: 34 29 35 07 | 01
#1123-d276 @A: 18 16 08 12 | 07
#1124-d276 @A: 08 17 12 09 | 06
#1125-d276 @A: 19 08 18 05 | 03
#1126-d276 @A: 21 06 30 08 | 05
#1127-d276 @A: 19 25 21 08 | 10
#1128-d276 @A: 21 31 30 01 | 02
#1129-d276 @A: 07 12 17 04 | 09
#1130-d276 @A: 13 04 05 35 | 08
#1131-d276 @A: 04 17 21 33 | 11
#1132-d276 @A: 09 06 04 17 | 04
#1133-d276 @A: 04 19 30 13 | 12
#1134-d276 @A: 19 24 27 35 | 01
#1135-d276 @A: 30 25 12 24 | 07
#1136-d276 @A: 16 24 19 33 | 06
#1137-d276 @A: 06 24 16 30 | 03
#1138-d276 @A: 24 31 35 13 | 05
#1139-d276 @A: 17 24 30 35 | 10
#1140-d276 @A: 31 27 16 30 | 02
#1141-d276 @A: 30 06 27 09 | 09
#1142-d276 @A: 15 11 28 25 | 08
#1143-d276 @A: 15 02 28 03 | 11
#1144-d276 @A: 15 32 07 28 | 04
#1145-d276 @A: 35 15 24 26 | 12
#1146-d276 @A: 33 20 15 23 | 01
#1147-d276 @A: 30 24 23 15 | 07
#1148-d276 @A: 06 22 11 15 | 06
#1149-d276 @A: 13 11 15 29 | 03
#1150-d276 @A: 08 15 11 33 | 05
#1151-d276 @A: 03 29 07 15 | 10
#1152-d276 @A: 10 15 33 30 | 02
#1153-d276 @A: 15 09 32 25 | 09
#1154-d276 @A: 02 15 07 13 | 08
#1155-d276 @A: 15 20 35 18 | 11
#1156-d276 @A: 01 31 29 15 | 04
#1157-d276 @A: 08 15 24 21 | 12
#1158-d276 @A: 15 34 33 06 | 01
#1159-d276 @A: 26 28 33 32 | 07
#1160-d276 @A: 28 30 20 26 | 06
#1161-d276 @A: 11 28 14 18 | 03
#1162-d276 @A: 28 03 35 10 | 05
#1163-d276 @A: 10 21 28 32 | 10
#1164-d276 @A: 02 10 20 28 | 02
#1165-d276 @A: 02 28 08 17 | 09
#1166-d276 @A: 27 12 28 02 | 08
#1167-d276 @A: 28 25 34 02 | 11
#1168-d276 @A: 29 28 14 07 | 04
#1169-d276 @A: 34 14 28 08 | 12
#1170-d276 @A: 14 24 35 28 | 01
#1171-d276 @A: 05 28 13 14 | 07
#1172-d276 @A: 28 14 31 33 | 06
#1173-d276 @A: 20 08 35 28 | 03
#1174-d276 @A: 16 20 21 28 | 05
#1175-d276 @A: 28 29 35 04 | 10
#1176-d276 @A: 16 28 25 06 | 02
#1177-d276 @A: 34 28 05 07 | 09
#1178-d276 @A: 31 28 25 35 | 08
#1179-d276 @A: 01 22 26 23 | 11
#1180-d276 @A: 34 26 03 01 | 04
#1181-d276 @A: 29 10 26 30 | 12
#1182-d276 @A: 16 19 26 32 | 01
#1183-d276 @A: 26 02 31 01 | 07
#1184-d276 @A: 02 26 27 34 | 06
#1185-d276 @A: 18 16 14 26 | 03
#1186-d276 @A: 24 26 29 16 | 05
#1187-d276 @A: 26 27 16 04 | 10
#1188-d276 @A: 26 05 35 09 | 02
#1189-d276 @A: 26 21 17 35 | 09
#1190-d276 @A: 06 19 26 31 | 08
#1191-d276 @A: 06 34 30 26 | 11
#1192-d276 @A: 11 23 12 14 | 04
#1193-d276 @A: 18 23 11 29 | 12
#1194-d276 @A: 03 21 23 27 | 01
#1195-d276 @A: 03 12 23 25 | 07
#1196-d276 @A: 03 18 23 13 | 06
#1197-d276 @A: 23 34 14 10 | 03
#1198-d276 @A: 23 22 12 02 | 05
#1199-d276 @A: 23 02 19 24 | 10
#1200-d276 @A: 27 23 14 30 | 02
#1201-d276 @A: 35 23 24 20 | 09
#1202-d276 @A: 13 12 29 23 | 08
#1203-d276 @A: 23 21 35 29 | 11
#1204-d276 @A: 23 21 01 04 | 04
#1205-d276 @A: 25 24 04 23 | 12
#1206-d276 @A: 27 23 33 18 | 01
#1207-d276 @A: 12 19 23 18 | 07
#1208-d276 @A: 23 07 18 09 | 06
#1209-d276 @A: 23 06 35 17 | 03
#1210-d276 @A: 34 11 10 03 | 05
#1211-d276 @A: 03 11 20 13 | 10
#1212-d276 @A: 27 03 25 11 | 02
#1213-d276 @A: 32 11 02 33 | 09
#1214-d276 @A: 19 11 14 32 | 08
#1215-d276 @A: 11 04 21 02 | 11
#1216-d276 @A: 13 11 08 22 | 04
#1217-d276 @A: 09 12 22 11 | 12
#1218-d276 @A: 11 04 14 17 | 01
#1219-d276 @A: 11 08 20 04 | 07
#1220-d276 @A: 11 20 09 05 | 06
#1221-d276 @A: 16 04 29 11 | 03
#1222-d276 @A: 10 13 02 03 | 05
#1223-d276 @A: 22 08 07 03 | 10
#1224-d276 @A: 18 08 29 03 | 02
#1225-d276 @A: 03 29 27 16 | 09
#1226-d276 @A: 13 04 08 03 | 08
#1227-d276 @A: 04 33 30 03 | 11
#1228-d276 @A: 05 03 35 12 | 04
#1229-d276 @A: 21 03 31 12 | 12
#1230-d276 @A: 06 09 03 07 | 01
#1231-d276 @A: 25 03 17 09 | 07
#1232-d276 @A: 29 32 10 09 | 06
#1233-d276 @A: 32 07 10 04 | 03
#1234-d276 @A: 02 04 34 10 | 05
#1235-d276 @A: 24 34 10 22 | 10
#1236-d276 @A: 01 21 14 10 | 02
#1237-d276 @A: 10 31 20 08 | 09
#1238-d276 @A: 04 10 25 31 | 08
#1239-d276 @A: 10 33 16 18 | 11
#1240-d276 @A: 17 31 10 16 | 04
#1241-d276 @A: 10 19 33 05 | 12
#1242-d276 @A: 35 32 22 33 | 01
#1243-d276 @A: 24 27 29 32 | 07
#1244-d276 @A: 01 12 32 27 | 06
#1245-d276 @A: 12 32 05 19 | 03
#1246-d276 @A: 21 32 19 33 | 05
#1247-d276 @A: 32 30 21 09 | 10
#1248-d276 @A: 17 02 20 22 | 02
#1249-d276 @A: 30 02 14 25 | 09
#1250-d276 @A: 18 02 20 27 | 08
#1251-d276 @A: 21 02 27 31 | 11
#1252-d276 @A: 16 02 35 31 | 04
#1253-d276 @A: 07 02 25 16 | 12
#1254-d276 @A: 21 22 12 08 | 01
#1255-d276 @A: 22 08 16 34 | 07
#1256-d276 @A: 13 22 17 27 | 06
#1257-d276 @A: 12 22 31 18 | 03
#1258-d276 @A: 34 05 17 22 | 05
#1259-d276 @A: 21 34 22 25 | 10
#1260-d276 @A: 14 25 17 35 | 02
#1261-d276 @A: 20 09 04 29 | 09
#1262-d276 @A: 08 24 09 20 | 08
#1263-d276 @A: 20 09 12 31 | 11
#1264-d276 @A: 09 20 31 13 | 04
#1265-d276 @A: 20 17 30 31 | 12
#1266-d276 @A: 08 29 24 19 | 01
#1267-d276 @A: 24 13 29 33 | 07
#1268-d276 @A: 29 33 31 35 | 06
#1269-d276 @A: 07 29 25 18 | 03
#1270-d276 @A: 06 12 35 08 | 05
#1271-d276 @A: 08 33 05 30 | 10
#1272-d276 @A: 08 07 06 18 | 02
#1273-d276 @A: 09 08 06 13 | 09
#1274-d276 @A: 08 19 17 35 | 08
#1275-d276 @A: 21 12 01 06 | 11
#1276-d276 @A: 33 01 09 31 | 04
#1277-d276 @A: 01 33 13 25 | 12
#1278-d276 @A: 04 27 12 34 | 01
#1279-d276 @A: 19 16 04 05 | 07
#1280-d276 @A: 07 09 04 25 | 06
#1281-d276 @A: 06 12 09 24 | 03
#1282-d276 @A: 13 27 16 31 | 05
#1283-d276 @A: 19 30 27 33 | 10
#1284-d276 @A: 31 07 33 13 | 02
#1285-d276 @A: 15 25 02 26 | 09
#1286-d276 @A: 06 27 26 15 | 08
#1287-d276 @A: 07 26 21 15 | 11
#1288-d276 @A: 19 11 15 23 | 04
#1289-d276 @A: 15 22 10 19 | 12
#1290-d276 @A: 15 02 09 22 | 01
#1291-d276 @A: 15 33 02 01 | 07
#1292-d276 @A: 24 02 15 27 | 06
#1293-d276 @A: 20 27 15 31 | 03
#1294-d276 @A: 24 15 29 09 | 05
#1295-d276 @A: 13 15 12 08 | 10
#1296-d276 @A: 05 01 35 15 | 02
#1297-d276 @A: 06 16 09 15 | 09
#1298-d276 @A: 15 05 18 09 | 08
#1299-d276 @A: 10 06 28 26 | 11
#1300-d276 @A: 11 23 17 28 | 04
#1301-d276 @A: 28 23 20 18 | 12
#1302-d276 @A: 30 01 11 28 | 01
#1303-d276 @A: 02 32 28 35 | 07
#1304-d276 @A: 32 20 28 13 | 06
#1305-d276 @A: 18 02 28 22 | 03
#1306-d276 @A: 14 02 16 28 | 05
#1307-d276 @A: 19 22 17 28 | 10
#1308-d276 @A: 28 08 06 01 | 02
#1309-d276 @A: 28 12 31 34 | 09
#1310-d276 @A: 26 25 10 23 | 08
#1311-d276 @A: 26 02 09 11 | 11
#1312-d276 @A: 11 34 26 14 | 04
#1313-d276 @A: 05 10 26 03 | 12
#1314-d276 @A: 13 32 03 26 | 01
#1315-d276 @A: 26 03 24 17 | 07
#1316-d276 @A: 14 09 10 26 | 06
#1317-d276 @A: 10 26 12 04 | 03
#1318-d276 @A: 26 29 05 32 | 05
#1319-d276 @A: 32 12 35 26 | 10
#1320-d276 @A: 30 26 04 02 | 02
#1321-d276 @A: 21 26 22 06 | 09
#1322-d276 @A: 31 14 26 24 | 08
#1323-d276 @A: 25 26 13 20 | 11
#1324-d276 @A: 09 26 21 29 | 04
#1325-d276 @A: 04 33 26 08 | 12
#1326-d276 @A: 24 13 26 27 | 01
#1327-d276 @A: 30 26 12 16 | 07
#1328-d276 @A: 34 07 16 26 | 06
#1329-d276 @A: 30 17 09 26 | 03
#1330-d276 @A: 23 03 06 32 | 05
#1331-d276 @A: 23 08 14 06 | 10
#1332-d276 @A: 14 19 23 01 | 02
#1333-d276 @A: 29 23 27 12 | 09
#1334-d276 @A: 23 24 08 05 | 08
#1335-d276 @A: 05 23 19 35 | 11
#1336-d276 @A: 34 23 31 30 | 04
#1337-d276 @A: 11 10 31 07 | 12
#1338-d276 @A: 32 08 07 11 | 01
#1339-d276 @A: 11 19 02 27 | 07
#1340-d276 @A: 34 22 31 11 | 06
#1341-d276 @A: 11 07 20 29 | 03
#1342-d276 @A: 27 20 17 11 | 05
#1343-d276 @A: 34 11 08 21 | 10
#1344-d276 @A: 12 11 05 06 | 02
#1345-d276 @A: 19 11 33 12 | 09
#1346-d276 @A: 30 16 19 11 | 08
#1347-d276 @A: 19 35 11 18 | 11
#1348-d276 @A: 19 32 20 03 | 04
#1349-d276 @A: 03 12 29 02 | 12
#1350-d276 @A: 03 33 25 20 | 01
#1351-d276 @A: 29 03 04 25 | 07
#1352-d276 @A: 01 27 03 30 | 06
#1353-d276 @A: 19 12 03 34 | 03
#1354-d276 @A: 13 34 05 03 | 05
#1355-d276 @A: 19 21 09 03 | 10
#1356-d276 @A: 19 35 13 03 | 02
#1357-d276 @A: 10 34 32 33 | 09
#1358-d276 @A: 27 02 30 10 | 08
#1359-d276 @A: 02 17 10 06 | 11
#1360-d276 @A: 22 29 10 35 | 04
#1361-d276 @A: 13 18 14 10 | 12
#1362-d276 @A: 34 08 10 13 | 01
#1363-d276 @A: 16 24 35 10 | 07
#1364-d276 @A: 10 18 05 34 | 06
#1365-d276 @A: 10 35 31 21 | 03
#1366-d276 @A: 25 17 19 10 | 05
#1367-d276 @A: 14 04 12 32 | 10
#1368-d276 @A: 07 32 29 06 | 02
#1369-d276 @A: 01 35 24 32 | 09
#1370-d276 @A: 12 32 31 06 | 08
#1371-d276 @A: 32 25 17 33 | 11
#1372-d276 @A: 33 02 20 35 | 04
#1373-d276 @A: 35 02 18 17 | 12
#1374-d276 @A: 02 07 17 19 | 01
#1375-d276 @A: 22 18 20 08 | 07
#1376-d276 @A: 22 08 35 24 | 06
#1377-d276 @A: 22 13 07 04 | 03
#1378-d276 @A: 17 22 35 12 | 05
#1379-d276 @A: 22 18 21 35 | 10
#1380-d276 @A: 14 20 19 04 | 02
#1381-d276 @A: 12 24 29 14 | 09
#1382-d276 @A: 14 04 08 35 | 08
#1383-d276 @A: 14 13 08 07 | 11
#1384-d276 @A: 35 21 14 34 | 04
#1385-d276 @A: 20 33 27 04 | 12
#1386-d276 @A: 07 05 20 04 | 01
#1387-d276 @A: 30 34 20 25 | 07
#1388-d276 @A: 07 29 27 01 | 06
#1389-d276 @A: 06 09 34 29 | 03
#1390-d276 @A: 01 24 27 08 | 05
#1391-d276 @A: 13 09 08 16 | 10
#1392-d276 @A: 08 17 06 05 | 02
#1393-d276 @A: 25 34 09 08 | 09
#1394-d276 @A: 01 05 30 17 | 08
#1395-d276 @A: 18 01 30 25 | 11
#1396-d276 @A: 30 01 07 06 | 04
#1397-d276 @A: 04 16 17 30 | 12
#1398-d276 @A: 33 04 09 05 | 01
#1399-d276 @A: 35 04 31 09 | 07
#1400-d276 @A: 04 06 25 19 | 06
#1401-d276 @A: 30 24 27 18 | 03
#1402-d276 @A: 34 27 09 24 | 05
#1403-d276 @A: 07 24 33 09 | 10
#1404-d276 @A: 33 31 24 30 | 02
#1405-d276 @A: 19 25 18 24 | 09
#1406-d276 @A: 24 30 19 09 | 08
#1407-d276 @A: 31 27 33 34 | 11
#1408-d276 @A: 16 21 17 13 | 04
#1409-d276 @A: 26 28 15 34 | 12
#1410-d276 @A: 31 10 15 23 | 01
#1411-d276 @A: 15 30 11 20 | 07
#1412-d276 @A: 04 18 11 15 | 06
#1413-d276 @A: 15 04 32 31 | 03
#1414-d276 @A: 16 15 29 02 | 05
#1415-d276 @A: 15 22 04 30 | 10
#1416-d276 @A: 19 29 15 20 | 02
#1417-d276 @A: 15 21 04 13 | 09
#1418-d276 @A: 19 15 12 21 | 08
#1419-d276 @A: 05 25 15 34 | 11
#1420-d276 @A: 25 33 31 15 | 04
#1421-d276 @A: 18 15 31 30 | 12
#1422-d276 @A: 30 35 15 34 | 01
#1423-d276 @A: 12 28 23 26 | 07
#1424-d276 @A: 26 28 07 22 | 06
#1425-d276 @A: 28 10 19 23 | 03
#1426-d276 @A: 32 11 12 28 | 05
#1427-d276 @A: 19 04 28 11 | 10
#1428-d276 @A: 28 22 32 06 | 02
#1429-d276 @A: 09 28 02 29 | 09
#1430-d276 @A: 28 22 05 20 | 08
#1431-d276 @A: 28 22 04 08 | 11
#1432-d276 @A: 28 30 29 24 | 04
#1433-d276 @A: 31 29 28 17 | 12
#1434-d276 @A: 24 34 28 01 | 01
#1435-d276 @A: 17 13 28 01 | 07
#1436-d276 @A: 04 06 27 28 | 06
#1437-d276 @A: 28 25 05 09 | 03
#1438-d276 @A: 35 28 06 05 | 05
#1439-d276 @A: 28 18 17 09 | 10
#1440-d276 @A: 26 32 17 02 | 02
#1441-d276 @A: 26 12 14 02 | 09
#1442-d276 @A: 20 26 25 22 | 08
#1443-d276 @A: 12 26 24 22 | 11
#1444-d276 @A: 20 18 34 26 | 04
#1445-d276 @A: 01 06 09 26 | 12
#1446-d276 @A: 05 26 18 06 | 01
#1447-d276 @A: 19 07 26 25 | 07
#1448-d276 @A: 23 11 22 32 | 06
#1449-d276 @A: 11 23 01 33 | 03
#1450-d276 @A: 27 35 11 23 | 05
#1451-d276 @A: 07 16 23 11 | 10
#1452-d276 @A: 23 32 14 18 | 02
#1453-d276 @A: 25 32 08 23 | 09
#1454-d276 @A: 17 01 23 32 | 08
#1455-d276 @A: 20 09 23 02 | 11
#1456-d276 @A: 23 22 24 18 | 04
#1457-d276 @A: 25 22 31 23 | 12
#1458-d276 @A: 23 04 12 20 | 01
#1459-d276 @A: 31 23 19 29 | 07
#1460-d276 @A: 23 08 27 17 | 06
#1461-d276 @A: 08 30 23 13 | 03
#1462-d276 @A: 23 27 04 31 | 05
#1463-d276 @A: 23 13 24 34 | 10
#1464-d276 @A: 12 35 23 07 | 02
#1465-d276 @A: 33 09 35 23 | 09
#1466-d276 @A: 25 13 23 07 | 08
#1467-d276 @A: 04 03 12 11 | 11
#1468-d276 @A: 11 10 21 17 | 04
#1469-d276 @A: 11 29 17 35 | 12
#1470-d276 @A: 08 19 11 09 | 01
#1471-d276 @A: 18 11 24 33 | 07
#1472-d276 @A: 07 30 05 11 | 06
#1473-d276 @A: 29 10 31 03 | 03
#1474-d276 @A: 32 03 02 05 | 05
#1475-d276 @A: 34 29 03 22 | 10
#1476-d276 @A: 16 03 13 22 | 02
#1477-d276 @A: 03 24 29 05 | 09
#1478-d276 @A: 01 06 16 03 | 08
#1479-d276 @A: 09 24 03 35 | 11
#1480-d276 @A: 35 18 06 03 | 04
#1481-d276 @A: 34 03 25 07 | 12
#1482-d276 @A: 10 02 24 05 | 01
#1483-d276 @A: 10 33 07 02 | 07
#1484-d276 @A: 05 10 17 14 | 06
#1485-d276 @A: 29 10 25 20 | 03
#1486-d276 @A: 04 35 10 20 | 05
#1487-d276 @A: 27 10 16 20 | 10
#1488-d276 @A: 10 29 08 12 | 02
#1489-d276 @A: 27 13 10 01 | 09
#1490-d276 @A: 12 10 33 09 | 08
#1491-d276 @A: 10 17 30 12 | 11
#1492-d276 @A: 30 16 07 10 | 04
#1493-d276 @A: 09 05 21 10 | 12
#1494-d276 @A: 10 05 31 30 | 01
#1495-d276 @A: 35 10 07 06 | 07
#1496-d276 @A: 04 18 32 22 | 06
#1497-d276 @A: 22 16 32 24 | 03
#1498-d276 @A: 32 22 21 13 | 05
#1499-d276 @A: 32 33 20 14 | 10
#1500-d276 @A: 01 14 32 31 | 02
#1501-d276 @A: 08 05 32 20 | 09
#1502-d276 @A: 17 32 16 05 | 08
#1503-d276 @A: 32 05 30 13 | 11
#1504-d276 @A: 32 09 34 13 | 04
#1505-d276 @A: 07 31 32 21 | 12
#1506-d276 @A: 22 05 02 01 | 01
#1507-d276 @A: 21 02 20 14 | 07
#1508-d276 @A: 20 16 02 08 | 06
#1509-d276 @A: 24 35 29 02 | 03
#1510-d276 @A: 02 24 13 08 | 05
#1511-d276 @A: 07 02 12 06 | 10
#1512-d276 @A: 05 02 09 07 | 02
#1513-d276 @A: 30 33 02 34 | 09
#1514-d276 @A: 20 01 33 22 | 08
#1515-d276 @A: 08 19 31 22 | 11
#1516-d276 @A: 25 14 20 08 | 04
#1517-d276 @A: 14 27 01 09 | 12
#1518-d276 @A: 12 16 14 19 | 01
#1519-d276 @A: 14 06 30 35 | 07
#1520-d276 @A: 29 20 33 24 | 06
#1521-d276 @A: 13 30 20 29 | 03
#1522-d276 @A: 06 09 33 20 | 05
#1523-d276 @A: 27 29 31 08 | 10
#1524-d276 @A: 08 29 34 30 | 02
#1525-d276 @A: 04 34 29 01 | 09
#1526-d276 @A: 25 27 29 06 | 08
#1527-d276 @A: 29 05 21 34 | 11
#1528-d276 @A: 25 05 17 29 | 04
#1529-d276 @A: 08 17 25 01 | 12
#1530-d276 @A: 18 04 27 08 | 01
#1531-d276 @A: 08 18 05 13 | 07
#1532-d276 @A: 33 34 08 35 | 06
#1533-d276 @A: 07 12 01 34 | 03
#1534-d276 @A: 13 12 01 06 | 05
#1535-d276 @A: 01 21 05 13 | 10
#1536-d276 @A: 01 07 33 25 | 02
#1537-d276 @A: 01 31 25 34 | 09
#1538-d276 @A: 25 05 12 04 | 08
#1539-d276 @A: 21 35 04 19 | 11
#1540-d276 @A: 04 07 30 19 | 04
#1541-d276 @A: 31 34 04 21 | 12
#1542-d276 @A: 16 18 09 24 | 01
#1543-d276 @A: 33 06 21 24 | 07
#1544-d276 @A: 24 07 35 25 | 06
#1545-d276 @A: 17 24 06 19 | 03
#1546-d276 @A: 13 17 24 06 | 05
#1547-d276 @A: 27 19 05 07 | 10
#1548-d276 @A: 13 27 21 07 | 02
#1549-d276 @A: 29 15 26 14 | 09
#1550-d276 @A: 11 15 07 09 | 08
#1551-d276 @A: 15 22 03 16 | 11
#1552-d276 @A: 14 12 10 15 | 04
#1553-d276 @A: 21 20 10 15 | 12
#1554-d276 @A: 24 32 15 19 | 01
#1555-d276 @A: 29 22 15 05 | 07
#1556-d276 @A: 15 04 05 27 | 06
#1557-d276 @A: 12 24 15 34 | 03
#1558-d276 @A: 16 31 15 34 | 05
#1559-d276 @A: 30 33 15 13 | 10
#1560-d276 @A: 02 28 23 33 | 02
#1561-d276 @A: 08 28 21 23 | 09
#1562-d276 @A: 34 28 32 03 | 08
#1563-d276 @A: 28 20 09 03 | 11
#1564-d276 @A: 25 28 03 24 | 04
#1565-d276 @A: 13 24 03 28 | 12
#1566-d276 @A: 28 05 27 03 | 01
#1567-d276 @A: 03 30 28 17 | 07
#1568-d276 @A: 10 01 17 28 | 06
#1569-d276 @A: 06 09 28 14 | 03
#1570-d276 @A: 01 28 33 29 | 05
#1571-d276 @A: 28 19 29 27 | 10
#1572-d276 @A: 27 08 33 28 | 02
#1573-d276 @A: 28 27 01 18 | 09
#1574-d276 @A: 01 05 31 28 | 08
#1575-d276 @A: 35 27 16 28 | 11
#1576-d276 @A: 12 05 28 30 | 04
#1577-d276 @A: 34 28 19 16 | 12
#1578-d276 @A: 25 21 28 17 | 01
#1579-d276 @A: 11 23 26 08 | 07
#1580-d276 @A: 10 33 26 20 | 06
#1581-d276 @A: 10 16 13 26 | 03
#1582-d276 @A: 26 01 32 08 | 05
#1583-d276 @A: 19 26 08 14 | 10
#1584-d276 @A: 12 26 13 14 | 02
#1585-d276 @A: 17 26 08 20 | 09
#1586-d276 @A: 26 34 29 31 | 08
#1587-d276 @A: 26 04 19 01 | 11
#1588-d276 @A: 24 01 26 33 | 04
#1589-d276 @A: 26 25 24 05 | 12
#1590-d276 @A: 26 33 18 17 | 01
#1591-d276 @A: 34 09 33 26 | 07
#1592-d276 @A: 01 11 13 23 | 06
#1593-d276 @A: 22 23 17 03 | 03
#1594-d276 @A: 20 16 23 03 | 05
#1595-d276 @A: 23 02 32 10 | 10
#1596-d276 @A: 10 23 04 16 | 02
#1597-d276 @A: 10 21 23 30 | 09
#1598-d276 @A: 07 23 22 04 | 08
#1599-d276 @A: 06 19 23 22 | 11
#1600-d276 @A: 09 29 16 23 | 04
#1601-d276 @A: 16 23 01 27 | 12
#1602-d276 @A: 01 06 31 23 | 01
#1603-d276 @A: 18 16 23 35 | 07
#1604-d276 @A: 18 21 31 23 | 06
#1605-d276 @A: 03 16 11 24 | 03
#1606-d276 @A: 11 32 13 33 | 05
#1607-d276 @A: 30 22 18 11 | 10
#1608-d276 @A: 20 11 14 31 | 02
#1609-d276 @A: 11 07 01 14 | 09
#1610-d276 @A: 31 11 16 01 | 08
#1611-d276 @A: 11 12 25 16 | 11
#1612-d276 @A: 11 16 17 09 | 04
#1613-d276 @A: 16 13 07 11 | 12
#1614-d276 @A: 16 11 34 06 | 01
#1615-d276 @A: 08 03 10 30 | 07
#1616-d276 @A: 20 02 03 31 | 06
#1617-d276 @A: 02 08 03 21 | 03
#1618-d276 @A: 03 22 04 31 | 05
#1619-d276 @A: 12 22 33 03 | 10
#1620-d276 @A: 05 03 08 14 | 02
#1621-d276 @A: 01 03 25 14 | 09
#1622-d276 @A: 27 09 31 03 | 08
#1623-d276 @A: 03 18 30 34 | 11
#1624-d276 @A: 07 21 03 30 | 04
#1625-d276 @A: 19 32 10 13 | 12
#1626-d276 @A: 02 18 10 25 | 01
#1627-d276 @A: 09 20 10 01 | 07
#1628-d276 @A: 10 01 08 05 | 06
#1629-d276 @A: 06 31 10 33 | 03
#1630-d276 @A: 09 30 10 25 | 05
#1631-d276 @A: 10 25 07 21 | 10
#1632-d276 @A: 30 10 06 19 | 02
#1633-d276 @A: 08 32 02 12 | 09
#1634-d276 @A: 32 02 04 06 | 08
#1635-d276 @A: 12 13 32 02 | 11
#1636-d276 @A: 05 14 32 22 | 04
#1637-d276 @A: 01 20 32 21 | 12
#1638-d276 @A: 20 32 25 12 | 01
#1639-d276 @A: 34 08 04 32 | 07
#1640-d276 @A: 31 18 34 32 | 06
#1641-d276 @A: 32 06 07 13 | 03
#1642-d276 @A: 22 25 29 02 | 05
#1643-d276 @A: 14 02 01 34 | 10
#1644-d276 @A: 02 24 14 07 | 02
#1645-d276 @A: 30 20 01 02 | 09
#1646-d276 @A: 05 20 02 34 | 08
#1647-d276 @A: 34 08 02 18 | 11
#1648-d276 @A: 02 13 30 27 | 04
#1649-d276 @A: 35 09 34 02 | 12
#1650-d276 @A: 02 35 06 21 | 01
#1651-d276 @A: 27 08 22 09 | 07
#1652-d276 @A: 22 16 01 09 | 06
#1653-d276 @A: 22 31 35 05 | 03
#1654-d276 @A: 35 14 29 01 | 05
#1655-d276 @A: 29 31 30 14 | 10
#1656-d276 @A: 34 14 19 27 | 02
#1657-d276 @A: 14 31 12 35 | 09
#1658-d276 @A: 25 12 14 21 | 08
#1659-d276 @A: 18 17 14 34 | 11
#1660-d276 @A: 13 25 14 34 | 04
#1661-d276 @A: 20 18 01 29 | 12
#1662-d276 @A: 20 01 06 35 | 01
#1663-d276 @A: 24 05 20 13 | 07
#1664-d276 @A: 18 12 20 07 | 06
#1665-d276 @A: 09 16 20 34 | 03
#1666-d276 @A: 30 01 29 19 | 05
#1667-d276 @A: 35 25 12 29 | 10
#1668-d276 @A: 29 19 21 18 | 02
#1669-d276 @A: 08 05 09 16 | 09
#1670-d276 @A: 17 07 08 33 | 08
#1671-d276 @A: 09 30 08 35 | 11
#1672-d276 @A: 08 34 06 19 | 04
#1673-d276 @A: 05 04 01 24 | 12
#1674-d276 @A: 33 01 16 12 | 01
#1675-d276 @A: 12 30 21 04 | 07
#1676-d276 @A: 21 16 04 09 | 06
#1677-d276 @A: 16 04 34 35 | 03
#1678-d276 @A: 33 18 04 34 | 05
#1679-d276 @A: 04 34 17 25 | 10
#1680-d276 @A: 12 33 35 24 | 02
#1681-d276 @A: 07 19 12 24 | 09
#1682-d276 @A: 24 18 35 34 | 08
#1683-d276 @A: 25 24 18 13 | 11
#1684-d276 @A: 18 12 27 21 | 04
#1685-d276 @A: 06 17 27 12 | 12
#1686-d276 @A: 16 27 19 06 | 01
#1687-d276 @A: 25 18 09 27 | 07
#1688-d276 @A: 13 12 07 05 | 06
#1689-d276 @A: 19 13 25 16 | 03
