#0001-d285 @A: 30 27 31 18 | 05
#0002-d285 @A: 30 35 18 03 | 07
#0003-d285 @A: 18 15 25 34 | 01
#0004-d285 @A: 02 18 04 11 | 04
#0005-d285 @A: 18 33 11 09 | 11
#0006-d285 @A: 28 15 11 18 | 12
#0007-d285 @A: 18 06 05 16 | 03
#0008-d285 @A: 34 29 23 18 | 09
#0009-d285 @A: 03 17 07 18 | 02
#0010-d285 @A: 32 01 18 06 | 06
#0011-d285 @A: 22 15 01 18 | 10
#0012-d285 @A: 08 18 22 13 | 08
#0013-d285 @A: 03 18 33 06 | 05
#0014-d285 @A: 15 18 31 04 | 07
#0015-d285 @A: 32 31 18 10 | 01
#0016-d285 @A: 18 35 05 02 | 04
#0017-d285 @A: 34 28 18 20 | 11
#0018-d285 @A: 32 35 18 21 | 12
#0019-d285 @A: 30 11 19 26 | 03
#0020-d285 @A: 29 30 11 32 | 09
#0021-d285 @A: 30 11 05 08 | 02
#0022-d285 @A: 10 17 16 30 | 06
#0023-d285 @A: 29 13 01 30 | 10
#0024-d285 @A: 04 29 06 30 | 08
#0025-d285 @A: 30 29 21 09 | 05
#0026-d285 @A: 30 20 33 17 | 07
#0027-d285 @A: 17 07 30 35 | 01
#0028-d285 @A: 09 30 32 01 | 04
#0029-d285 @A: 30 20 15 06 | 11
#0030-d285 @A: 13 05 31 30 | 12
#0031-d285 @A: 20 34 30 04 | 03
#0032-d285 @A: 31 11 01 25 | 09
#0033-d285 @A: 32 35 25 11 | 02
#0034-d285 @A: 16 20 25 27 | 06
#0035-d285 @A: 04 25 12 19 | 10
#0036-d285 @A: 25 01 08 12 | 08
#0037-d285 @A: 25 26 01 03 | 05
#0038-d285 @A: 04 21 25 08 | 07
#0039-d285 @A: 02 31 08 25 | 01
#0040-d285 @A: 13 15 14 25 | 04
#0041-d285 @A: 04 27 32 25 | 11
#0042-d285 @A: 27 03 25 33 | 12
#0043-d285 @A: 25 14 10 21 | 03
#0044-d285 @A: 28 03 25 05 | 09
#0045-d285 @A: 32 21 25 20 | 02
#0046-d285 @A: 25 03 14 09 | 06
#0047-d285 @A: 23 16 11 26 | 10
#0048-d285 @A: 16 11 12 07 | 08
#0049-d285 @A: 19 02 17 11 | 05
#0050-d285 @A: 11 28 19 06 | 07
#0051-d285 @A: 11 13 29 34 | 01
#0052-d285 @A: 11 23 24 29 | 04
#0053-d285 @A: 27 34 11 17 | 11
#0054-d285 @A: 20 11 26 13 | 12
#0055-d285 @A: 11 33 21 26 | 03
#0056-d285 @A: 03 33 34 11 | 09
#0057-d285 @A: 10 03 28 11 | 02
#0058-d285 @A: 12 10 11 22 | 06
#0059-d285 @A: 05 12 23 11 | 10
#0060-d285 @A: 02 23 11 09 | 08
#0061-d285 @A: 16 27 26 17 | 05
#0062-d285 @A: 14 01 15 16 | 07
#0063-d285 @A: 16 24 33 10 | 01
#0064-d285 @A: 16 12 32 23 | 04
#0065-d285 @A: 16 14 09 34 | 11
#0066-d285 @A: 13 32 19 17 | 12
#0067-d285 @A: 27 06 19 14 | 03
#0068-d285 @A: 34 19 13 23 | 09
#0069-d285 @A: 19 03 24 33 | 02
#0070-d285 @A: 12 22 34 19 | 06
#0071-d285 @A: 09 12 14 19 | 10
#0072-d285 @A: 31 08 29 01 | 08
#0073-d285 @A: 29 01 28 06 | 05
#0074-d285 @A: 07 29 01 09 | 07
#0075-d285 @A: 23 29 06 26 | 01
#0076-d285 @A: 29 26 13 14 | 04
#0077-d285 @A: 33 04 35 29 | 11
#0078-d285 @A: 29 14 04 28 | 12
#0079-d285 @A: 29 34 09 10 | 03
#0080-d285 @A: 21 14 29 05 | 09
#0081-d285 @A: 12 31 29 28 | 02
#0082-d285 @A: 17 22 13 01 | 06
#0083-d285 @A: 10 01 24 17 | 10
#0084-d285 @A: 17 23 01 05 | 08
#0085-d285 @A: 32 14 17 08 | 05
#0086-d285 @A: 17 33 23 13 | 07
#0087-d285 @A: 07 13 17 12 | 01
#0088-d285 @A: 32 17 04 26 | 04
#0089-d285 @A: 17 33 24 34 | 11
#0090-d285 @A: 17 04 05 15 | 12
#0091-d285 @A: 22 17 03 23 | 03
#0092-d285 @A: 09 21 17 32 | 09
#0093-d285 @A: 04 01 23 26 | 02
#0094-d285 @A: 01 04 22 12 | 06
#0095-d285 @A: 10 01 20 34 | 10
#0096-d285 @A: 23 03 31 01 | 08
#0097-d285 @A: 01 23 28 02 | 05
#0098-d285 @A: 10 06 08 02 | 07
#0099-d285 @A: 23 08 26 07 | 01
#0100-d285 @A: 32 10 27 08 | 04
#0101-d285 @A: 20 09 08 33 | 11
#0102-d285 @A: 23 08 02 03 | 12
#0103-d285 @A: 32 08 03 35 | 03
#0104-d285 @A: 12 08 14 35 | 09
#0105-d285 @A: 10 13 06 09 | 02
#0106-d285 @A: 06 15 34 13 | 06
#0107-d285 @A: 20 06 26 35 | 10
#0108-d285 @A: 23 06 27 04 | 08
#0109-d285 @A: 35 06 15 23 | 05
#0110-d285 @A: 28 06 32 35 | 07
#0111-d285 @A: 12 06 21 31 | 01
#0112-d285 @A: 12 14 06 34 | 04
#0113-d285 @A: 13 22 32 15 | 11
#0114-d285 @A: 05 12 26 20 | 12
#0115-d285 @A: 24 04 10 27 | 03
#0116-d285 @A: 24 27 07 33 | 09
#0117-d285 @A: 27 24 12 15 | 02
#0118-d285 @A: 23 07 04 24 | 06
#0119-d285 @A: 24 14 20 07 | 10
#0120-d285 @A: 24 15 23 20 | 08
#0121-d285 @A: 12 24 21 03 | 05
#0122-d285 @A: 24 23 31 35 | 07
#0123-d285 @A: 34 24 32 12 | 01
#0124-d285 @A: 24 09 31 02 | 04
#0125-d285 @A: 03 34 27 07 | 11
#0126-d285 @A: 32 35 04 10 | 12
#0127-d285 @A: 32 04 28 03 | 03
#0128-d285 @A: 04 03 34 31 | 09
#0129-d285 @A: 04 21 31 28 | 02
#0130-d285 @A: 22 02 07 33 | 06
#0131-d285 @A: 10 33 03 12 | 10
#0132-d285 @A: 02 35 10 33 | 08
#0133-d285 @A: 33 34 31 10 | 05
#0134-d285 @A: 07 23 05 34 | 07
#0135-d285 @A: 03 07 12 02 | 01
#0136-d285 @A: 02 23 31 15 | 04
#0137-d285 @A: 25 11 18 05 | 11
#0138-d285 @A: 35 25 04 18 | 12
#0139-d285 @A: 18 16 09 13 | 03
#0140-d285 @A: 19 18 21 07 | 09
#0141-d285 @A: 18 14 15 19 | 02
#0142-d285 @A: 10 18 29 06 | 06
#0143-d285 @A: 14 29 07 18 | 10
#0144-d285 @A: 12 17 18 06 | 08
#0145-d285 @A: 01 03 27 18 | 05
#0146-d285 @A: 34 06 09 18 | 07
#0147-d285 @A: 33 18 35 26 | 01
#0148-d285 @A: 09 18 26 31 | 04
#0149-d285 @A: 18 12 21 09 | 11
#0150-d285 @A: 02 22 28 18 | 12
#0151-d285 @A: 35 24 25 30 | 03
#0152-d285 @A: 30 11 09 35 | 09
#0153-d285 @A: 29 35 30 16 | 02
#0154-d285 @A: 02 16 01 30 | 06
#0155-d285 @A: 26 21 30 16 | 10
#0156-d285 @A: 17 28 30 13 | 08
#0157-d285 @A: 35 26 30 01 | 05
#0158-d285 @A: 01 30 33 31 | 07
#0159-d285 @A: 30 33 35 08 | 01
#0160-d285 @A: 34 27 30 15 | 04
#0161-d285 @A: 28 30 31 32 | 11
#0162-d285 @A: 19 11 25 09 | 12
#0163-d285 @A: 13 25 11 28 | 03
#0164-d285 @A: 25 01 16 35 | 09
#0165-d285 @A: 16 07 25 03 | 02
#0166-d285 @A: 29 19 25 20 | 06
#0167-d285 @A: 19 01 25 22 | 10
#0168-d285 @A: 29 25 35 06 | 08
#0169-d285 @A: 25 17 05 32 | 05
#0170-d285 @A: 25 01 28 27 | 07
#0171-d285 @A: 13 05 25 27 | 01
#0172-d285 @A: 25 07 35 13 | 04
#0173-d285 @A: 02 25 04 15 | 11
#0174-d285 @A: 25 22 23 09 | 12
#0175-d285 @A: 35 09 34 25 | 03
#0176-d285 @A: 25 32 02 28 | 09
#0177-d285 @A: 11 34 08 19 | 02
#0178-d285 @A: 11 06 17 15 | 06
#0179-d285 @A: 26 03 17 11 | 10
#0180-d285 @A: 11 05 33 06 | 08
#0181-d285 @A: 26 24 27 11 | 05
#0182-d285 @A: 07 20 11 15 | 07
#0183-d285 @A: 21 11 32 03 | 01
#0184-d285 @A: 20 19 08 16 | 04
#0185-d285 @A: 16 17 12 29 | 11
#0186-d285 @A: 03 16 26 29 | 12
#0187-d285 @A: 33 14 29 16 | 03
#0188-d285 @A: 16 17 01 03 | 09
#0189-d285 @A: 08 03 16 04 | 02
#0190-d285 @A: 16 08 33 07 | 06
#0191-d285 @A: 14 26 06 16 | 10
#0192-d285 @A: 24 04 16 13 | 08
#0193-d285 @A: 33 13 16 21 | 05
#0194-d285 @A: 20 16 32 26 | 07
#0195-d285 @A: 07 27 16 21 | 01
#0196-d285 @A: 12 16 04 33 | 04
#0197-d285 @A: 28 10 09 16 | 11
#0198-d285 @A: 05 12 16 03 | 12
#0199-d285 @A: 16 09 32 05 | 03
#0200-d285 @A: 28 34 16 02 | 09
#0201-d285 @A: 29 17 05 19 | 02
#0202-d285 @A: 32 19 27 29 | 06
#0203-d285 @A: 01 19 17 20 | 10
#0204-d285 @A: 08 19 31 17 | 08
#0205-d285 @A: 26 17 19 12 | 05
#0206-d285 @A: 24 17 19 35 | 07
#0207-d285 @A: 04 17 19 34 | 01
#0208-d285 @A: 10 17 33 19 | 04
#0209-d285 @A: 19 01 15 34 | 11
#0210-d285 @A: 02 07 08 19 | 12
#0211-d285 @A: 32 15 19 12 | 03
#0212-d285 @A: 19 09 15 31 | 09
#0213-d285 @A: 02 13 29 17 | 02
#0214-d285 @A: 29 35 26 17 | 06
#0215-d285 @A: 17 29 24 32 | 10
#0216-d285 @A: 29 02 08 24 | 08
#0217-d285 @A: 29 24 34 04 | 05
#0218-d285 @A: 13 35 17 08 | 07
#0219-d285 @A: 17 23 04 08 | 01
#0220-d285 @A: 17 21 06 26 | 04
#0221-d285 @A: 02 07 24 17 | 11
#0222-d285 @A: 14 17 15 24 | 12
#0223-d285 @A: 09 04 27 17 | 03
#0224-d285 @A: 17 21 20 27 | 09
#0225-d285 @A: 09 17 10 03 | 02
#0226-d285 @A: 17 31 12 14 | 06
#0227-d285 @A: 27 08 01 20 | 10
#0228-d285 @A: 06 13 31 01 | 08
#0229-d285 @A: 07 01 35 04 | 05
#0230-d285 @A: 01 05 31 32 | 07
#0231-d285 @A: 14 01 02 35 | 01
#0232-d285 @A: 34 01 28 14 | 04
#0233-d285 @A: 08 28 32 24 | 11
#0234-d285 @A: 28 05 08 02 | 12
#0235-d285 @A: 08 34 03 09 | 03
#0236-d285 @A: 09 28 35 08 | 09
#0237-d285 @A: 06 34 24 26 | 02
#0238-d285 @A: 07 04 06 14 | 06
#0239-d285 @A: 32 05 06 10 | 10
#0240-d285 @A: 34 32 06 03 | 08
#0241-d285 @A: 31 13 21 10 | 05
#0242-d285 @A: 13 03 35 02 | 07
#0243-d285 @A: 35 32 14 13 | 01
#0244-d285 @A: 10 26 12 14 | 04
#0245-d285 @A: 26 22 10 28 | 11
#0246-d285 @A: 34 26 20 14 | 12
#0247-d285 @A: 02 34 03 26 | 03
#0248-d285 @A: 23 12 35 26 | 09
#0249-d285 @A: 31 02 26 28 | 02
#0250-d285 @A: 24 05 27 32 | 06
#0251-d285 @A: 27 12 31 24 | 10
#0252-d285 @A: 23 05 10 24 | 08
#0253-d285 @A: 24 28 10 14 | 05
#0254-d285 @A: 03 27 35 28 | 07
#0255-d285 @A: 31 28 27 09 | 01
#0256-d285 @A: 04 07 21 10 | 04
#0257-d285 @A: 23 02 05 04 | 11
#0258-d285 @A: 05 04 21 12 | 12
#0259-d285 @A: 33 20 28 32 | 03
#0260-d285 @A: 12 21 23 33 | 09
#0261-d285 @A: 22 12 14 33 | 02
#0262-d285 @A: 09 10 12 07 | 06
#0263-d285 @A: 09 28 05 07 | 10
#0264-d285 @A: 07 23 20 12 | 08
#0265-d285 @A: 15 07 22 31 | 05
#0266-d285 @A: 07 09 34 21 | 07
#0267-d285 @A: 26 30 02 18 | 01
#0268-d285 @A: 33 34 30 18 | 04
#0269-d285 @A: 18 09 30 07 | 11
#0270-d285 @A: 30 05 15 18 | 12
#0271-d285 @A: 08 25 23 18 | 03
#0272-d285 @A: 18 31 25 22 | 09
#0273-d285 @A: 18 08 21 11 | 02
#0274-d285 @A: 03 11 13 18 | 06
#0275-d285 @A: 18 15 29 13 | 10
#0276-d285 @A: 18 08 01 35 | 08
#0277-d285 @A: 26 18 05 01 | 05
#0278-d285 @A: 18 33 08 14 | 07
#0279-d285 @A: 07 06 15 18 | 01
#0280-d285 @A: 33 05 13 18 | 04
#0281-d285 @A: 26 27 18 28 | 11
#0282-d285 @A: 18 04 26 03 | 12
#0283-d285 @A: 07 24 22 18 | 03
#0284-d285 @A: 33 10 21 18 | 09
#0285-d285 @A: 21 20 18 14 | 02
#0286-d285 @A: 22 12 18 03 | 06
#0287-d285 @A: 18 34 21 22 | 10
#0288-d285 @A: 03 25 17 30 | 08
#0289-d285 @A: 27 25 30 12 | 05
#0290-d285 @A: 25 31 04 30 | 07
#0291-d285 @A: 11 30 23 13 | 01
#0292-d285 @A: 30 17 19 21 | 04
#0293-d285 @A: 15 33 30 19 | 11
#0294-d285 @A: 23 30 19 22 | 12
#0295-d285 @A: 19 34 30 09 | 03
#0296-d285 @A: 03 30 33 29 | 09
#0297-d285 @A: 31 30 29 15 | 02
#0298-d285 @A: 30 01 17 12 | 06
#0299-d285 @A: 08 07 14 30 | 10
#0300-d285 @A: 09 04 30 14 | 08
#0301-d285 @A: 12 30 31 10 | 05
#0302-d285 @A: 28 10 30 21 | 07
#0303-d285 @A: 23 05 09 30 | 01
#0304-d285 @A: 11 25 03 20 | 04
#0305-d285 @A: 25 15 20 16 | 11
#0306-d285 @A: 19 23 32 25 | 12
#0307-d285 @A: 13 29 03 25 | 03
#0308-d285 @A: 09 25 26 29 | 09
#0309-d285 @A: 28 25 21 26 | 02
#0310-d285 @A: 02 25 20 23 | 06
#0311-d285 @A: 03 25 02 22 | 10
#0312-d285 @A: 25 14 34 02 | 08
#0313-d285 @A: 16 13 02 11 | 05
#0314-d285 @A: 19 31 07 11 | 07
#0315-d285 @A: 17 13 11 09 | 01
#0316-d285 @A: 17 05 21 11 | 04
#0317-d285 @A: 11 26 01 06 | 11
#0318-d285 @A: 28 11 24 01 | 12
#0319-d285 @A: 11 01 20 04 | 03
#0320-d285 @A: 01 22 11 07 | 09
#0321-d285 @A: 33 11 08 23 | 02
#0322-d285 @A: 22 13 06 11 | 06
#0323-d285 @A: 13 12 33 11 | 10
#0324-d285 @A: 20 11 33 24 | 08
#0325-d285 @A: 22 24 21 11 | 05
#0326-d285 @A: 33 15 21 11 | 07
#0327-d285 @A: 11 10 20 31 | 01
#0328-d285 @A: 22 03 09 11 | 04
#0329-d285 @A: 35 22 23 11 | 11
#0330-d285 @A: 11 14 22 15 | 12
#0331-d285 @A: 29 19 21 16 | 03
#0332-d285 @A: 16 19 27 13 | 09
#0333-d285 @A: 06 29 02 16 | 02
#0334-d285 @A: 16 06 31 08 | 06
#0335-d285 @A: 08 21 16 28 | 10
#0336-d285 @A: 24 06 16 09 | 08
#0337-d285 @A: 35 33 16 06 | 05
#0338-d285 @A: 16 15 32 06 | 07
#0339-d285 @A: 07 26 35 16 | 01
#0340-d285 @A: 24 12 16 28 | 04
#0341-d285 @A: 16 20 10 02 | 11
#0342-d285 @A: 16 34 05 35 | 12
#0343-d285 @A: 16 20 14 23 | 03
#0344-d285 @A: 31 28 16 03 | 09
#0345-d285 @A: 01 19 35 29 | 02
#0346-d285 @A: 14 19 08 29 | 06
#0347-d285 @A: 09 29 19 24 | 10
#0348-d285 @A: 01 04 19 06 | 08
#0349-d285 @A: 34 05 19 01 | 05
#0350-d285 @A: 19 21 06 33 | 07
#0351-d285 @A: 26 19 20 33 | 01
#0352-d285 @A: 28 19 24 27 | 04
#0353-d285 @A: 31 33 19 27 | 11
#0354-d285 @A: 33 04 07 19 | 12
#0355-d285 @A: 23 20 19 04 | 03
#0356-d285 @A: 19 14 20 05 | 09
#0357-d285 @A: 19 05 12 32 | 02
#0358-d285 @A: 19 23 31 14 | 06
#0359-d285 @A: 07 17 29 20 | 10
#0360-d285 @A: 08 07 03 29 | 08
#0361-d285 @A: 14 06 03 29 | 05
#0362-d285 @A: 04 29 13 12 | 07
#0363-d285 @A: 29 33 27 09 | 01
#0364-d285 @A: 29 10 31 05 | 04
#0365-d285 @A: 03 23 05 29 | 11
#0366-d285 @A: 29 22 09 05 | 12
#0367-d285 @A: 28 09 20 29 | 03
#0368-d285 @A: 29 23 22 32 | 09
#0369-d285 @A: 22 35 34 29 | 02
#0370-d285 @A: 17 35 01 06 | 06
#0371-d285 @A: 07 01 17 14 | 10
#0372-d285 @A: 17 24 08 26 | 08
#0373-d285 @A: 24 06 17 31 | 05
#0374-d285 @A: 28 17 05 26 | 07
#0375-d285 @A: 33 17 09 22 | 01
#0376-d285 @A: 20 17 32 10 | 04
#0377-d285 @A: 28 17 21 23 | 11
#0378-d285 @A: 17 34 02 09 | 12
#0379-d285 @A: 33 13 14 01 | 03
#0380-d285 @A: 01 26 22 24 | 09
#0381-d285 @A: 26 01 21 34 | 02
#0382-d285 @A: 27 02 01 07 | 06
#0383-d285 @A: 10 01 31 35 | 10
#0384-d285 @A: 03 09 01 21 | 08
#0385-d285 @A: 02 13 33 08 | 05
#0386-d285 @A: 04 26 10 08 | 07
#0387-d285 @A: 33 22 08 26 | 01
#0388-d285 @A: 24 09 27 08 | 04
#0389-d285 @A: 12 08 27 21 | 11
#0390-d285 @A: 08 32 05 23 | 12
#0391-d285 @A: 14 08 03 20 | 03
#0392-d285 @A: 08 34 21 20 | 09
#0393-d285 @A: 21 32 08 22 | 02
#0394-d285 @A: 06 26 15 12 | 06
#0395-d285 @A: 05 09 06 15 | 10
#0396-d285 @A: 31 35 06 34 | 08
#0397-d285 @A: 24 03 13 10 | 05
#0398-d285 @A: 03 09 05 13 | 07
#0399-d285 @A: 14 13 21 09 | 01
#0400-d285 @A: 26 07 28 24 | 04
#0401-d285 @A: 03 35 24 26 | 11
#0402-d285 @A: 27 33 14 26 | 12
#0403-d285 @A: 35 09 10 26 | 03
#0404-d285 @A: 12 26 03 28 | 09
#0405-d285 @A: 22 14 23 26 | 02
#0406-d285 @A: 26 22 32 35 | 06
#0407-d285 @A: 26 35 14 28 | 10
#0408-d285 @A: 32 26 02 12 | 08
#0409-d285 @A: 27 34 24 14 | 05
#0410-d285 @A: 23 34 24 09 | 07
#0411-d285 @A: 14 35 21 24 | 01
#0412-d285 @A: 15 28 34 24 | 04
#0413-d285 @A: 05 12 34 27 | 11
#0414-d285 @A: 23 27 20 03 | 12
#0415-d285 @A: 21 27 23 32 | 03
#0416-d285 @A: 02 27 34 23 | 09
#0417-d285 @A: 35 27 32 15 | 02
#0418-d285 @A: 10 04 28 05 | 06
#0419-d285 @A: 02 03 10 04 | 10
#0420-d285 @A: 20 12 04 15 | 08
#0421-d285 @A: 23 28 22 04 | 05
#0422-d285 @A: 22 04 35 14 | 07
#0423-d285 @A: 04 35 02 34 | 01
#0424-d285 @A: 34 33 07 14 | 04
#0425-d285 @A: 33 32 34 02 | 11
#0426-d285 @A: 05 28 07 15 | 12
#0427-d285 @A: 07 02 32 05 | 03
#0428-d285 @A: 05 34 15 31 | 09
#0429-d285 @A: 23 15 22 12 | 02
#0430-d285 @A: 35 15 22 09 | 06
#0431-d285 @A: 29 30 05 18 | 10
#0432-d285 @A: 25 02 07 18 | 08
#0433-d285 @A: 18 16 32 11 | 05
#0434-d285 @A: 18 16 26 10 | 07
#0435-d285 @A: 09 17 18 19 | 01
#0436-d285 @A: 19 18 06 35 | 04
#0437-d285 @A: 18 31 13 29 | 11
#0438-d285 @A: 18 17 23 26 | 12
#0439-d285 @A: 05 17 18 24 | 03
#0440-d285 @A: 13 01 04 18 | 09
#0441-d285 @A: 34 08 18 24 | 02
#0442-d285 @A: 18 07 08 12 | 06
#0443-d285 @A: 06 18 23 07 | 10
#0444-d285 @A: 20 18 02 06 | 08
#0445-d285 @A: 18 22 06 14 | 05
#0446-d285 @A: 27 13 14 18 | 07
#0447-d285 @A: 33 18 22 04 | 01
#0448-d285 @A: 04 34 18 12 | 04
#0449-d285 @A: 02 10 18 23 | 11
#0450-d285 @A: 03 15 09 18 | 12
#0451-d285 @A: 28 23 18 09 | 03
#0452-d285 @A: 12 19 30 29 | 09
#0453-d285 @A: 32 30 06 19 | 02
#0454-d285 @A: 30 29 23 28 | 06
#0455-d285 @A: 15 08 14 30 | 10
#0456-d285 @A: 24 05 30 26 | 08
#0457-d285 @A: 27 03 26 30 | 05
#0458-d285 @A: 26 12 30 04 | 07
#0459-d285 @A: 26 28 30 34 | 01
#0460-d285 @A: 24 28 33 30 | 04
#0461-d285 @A: 30 15 03 24 | 11
#0462-d285 @A: 27 30 07 23 | 12
#0463-d285 @A: 03 10 30 34 | 03
#0464-d285 @A: 10 23 30 14 | 09
#0465-d285 @A: 10 30 22 35 | 02
#0466-d285 @A: 21 05 30 32 | 06
#0467-d285 @A: 22 20 21 30 | 10
#0468-d285 @A: 22 30 02 31 | 08
#0469-d285 @A: 11 25 17 22 | 05
#0470-d285 @A: 29 32 25 16 | 07
#0471-d285 @A: 25 26 16 08 | 01
#0472-d285 @A: 16 25 34 10 | 04
#0473-d285 @A: 17 25 14 19 | 11
#0474-d285 @A: 05 24 25 19 | 12
#0475-d285 @A: 29 22 27 25 | 03
#0476-d285 @A: 04 10 25 29 | 09
#0477-d285 @A: 08 09 25 17 | 02
#0478-d285 @A: 17 12 10 25 | 06
#0479-d285 @A: 25 15 27 01 | 10
#0480-d285 @A: 08 06 25 03 | 08
#0481-d285 @A: 24 20 25 08 | 05
#0482-d285 @A: 13 22 33 25 | 07
#0483-d285 @A: 31 35 25 26 | 01
#0484-d285 @A: 25 28 24 23 | 04
#0485-d285 @A: 35 27 02 25 | 11
#0486-d285 @A: 07 04 05 25 | 12
#0487-d285 @A: 25 09 10 05 | 03
#0488-d285 @A: 25 05 22 21 | 09
#0489-d285 @A: 22 34 20 25 | 02
#0490-d285 @A: 12 25 23 14 | 06
#0491-d285 @A: 31 14 28 25 | 10
#0492-d285 @A: 16 11 08 17 | 08
#0493-d285 @A: 16 11 28 33 | 05
#0494-d285 @A: 01 05 11 02 | 07
#0495-d285 @A: 12 06 11 08 | 01
#0496-d285 @A: 08 11 07 20 | 04
#0497-d285 @A: 32 06 11 27 | 11
#0498-d285 @A: 13 27 11 21 | 12
#0499-d285 @A: 12 09 04 11 | 03
#0500-d285 @A: 23 07 03 11 | 09
#0501-d285 @A: 14 16 01 27 | 02
#0502-d285 @A: 26 34 12 16 | 06
#0503-d285 @A: 33 27 16 32 | 10
#0504-d285 @A: 28 05 27 16 | 08
#0505-d285 @A: 33 23 16 03 | 05
#0506-d285 @A: 19 15 29 01 | 07
#0507-d285 @A: 19 21 26 08 | 01
#0508-d285 @A: 10 03 19 08 | 04
#0509-d285 @A: 19 09 13 33 | 11
#0510-d285 @A: 24 19 04 15 | 12
#0511-d285 @A: 19 27 22 15 | 03
#0512-d285 @A: 19 10 05 35 | 09
#0513-d285 @A: 32 19 10 21 | 02
#0514-d285 @A: 20 03 21 19 | 06
#0515-d285 @A: 21 17 03 29 | 10
#0516-d285 @A: 10 29 27 01 | 08
#0517-d285 @A: 29 01 02 34 | 05
#0518-d285 @A: 29 13 20 10 | 07
#0519-d285 @A: 31 29 26 07 | 01
#0520-d285 @A: 27 29 20 24 | 04
#0521-d285 @A: 10 03 35 29 | 11
#0522-d285 @A: 29 20 35 31 | 12
#0523-d285 @A: 34 12 03 29 | 03
#0524-d285 @A: 21 29 28 35 | 09
#0525-d285 @A: 01 17 21 33 | 02
#0526-d285 @A: 04 10 17 06 | 06
#0527-d285 @A: 23 17 24 12 | 10
#0528-d285 @A: 17 33 04 03 | 08
#0529-d285 @A: 07 17 31 04 | 05
#0530-d285 @A: 15 07 17 14 | 07
#0531-d285 @A: 17 22 35 21 | 01
#0532-d285 @A: 17 35 15 21 | 04
#0533-d285 @A: 08 01 34 13 | 11
#0534-d285 @A: 06 01 31 15 | 12
#0535-d285 @A: 09 13 01 27 | 03
#0536-d285 @A: 26 01 12 33 | 09
#0537-d285 @A: 34 04 01 27 | 02
#0538-d285 @A: 01 15 07 09 | 06
#0539-d285 @A: 35 05 01 09 | 10
#0540-d285 @A: 34 03 35 01 | 08
#0541-d285 @A: 28 06 08 07 | 05
#0542-d285 @A: 23 24 13 08 | 07
#0543-d285 @A: 08 33 04 31 | 01
#0544-d285 @A: 10 23 28 08 | 04
#0545-d285 @A: 23 20 08 22 | 11
#0546-d285 @A: 33 13 06 20 | 12
#0547-d285 @A: 26 04 06 31 | 03
#0548-d285 @A: 06 34 05 02 | 09
#0549-d285 @A: 20 09 31 06 | 02
#0550-d285 @A: 23 13 26 27 | 06
#0551-d285 @A: 13 26 12 09 | 10
#0552-d285 @A: 04 28 13 27 | 08
#0553-d285 @A: 09 02 13 04 | 05
#0554-d285 @A: 03 28 13 23 | 07
#0555-d285 @A: 13 31 12 35 | 01
#0556-d285 @A: 28 15 35 13 | 04
#0557-d285 @A: 28 13 21 02 | 11
#0558-d285 @A: 32 33 26 24 | 12
#0559-d285 @A: 10 34 23 26 | 03
#0560-d285 @A: 26 02 20 09 | 09
#0561-d285 @A: 26 21 15 34 | 02
#0562-d285 @A: 05 27 23 22 | 06
#0563-d285 @A: 21 09 27 05 | 10
#0564-d285 @A: 05 31 27 14 | 08
#0565-d285 @A: 31 27 21 03 | 05
#0566-d285 @A: 09 22 27 02 | 07
#0567-d285 @A: 34 04 32 23 | 01
#0568-d285 @A: 14 34 04 21 | 04
#0569-d285 @A: 07 32 12 33 | 11
#0570-d285 @A: 10 05 33 15 | 12
#0571-d285 @A: 33 32 03 05 | 03
#0572-d285 @A: 05 33 02 09 | 09
#0573-d285 @A: 03 33 02 31 | 02
#0574-d285 @A: 32 14 33 23 | 06
#0575-d285 @A: 35 32 33 09 | 10
#0576-d285 @A: 07 20 10 35 | 08
#0577-d285 @A: 07 03 21 28 | 05
#0578-d285 @A: 18 25 20 13 | 07
#0579-d285 @A: 10 18 24 11 | 01
#0580-d285 @A: 15 16 26 18 | 04
#0581-d285 @A: 24 18 14 19 | 11
#0582-d285 @A: 28 33 19 18 | 12
#0583-d285 @A: 31 18 01 17 | 03
#0584-d285 @A: 18 14 17 35 | 09
#0585-d285 @A: 18 24 01 20 | 02
#0586-d285 @A: 06 04 21 18 | 06
#0587-d285 @A: 05 18 04 27 | 10
#0588-d285 @A: 30 25 20 01 | 08
#0589-d285 @A: 14 25 06 30 | 05
#0590-d285 @A: 30 23 25 26 | 07
#0591-d285 @A: 15 30 09 25 | 01
#0592-d285 @A: 11 30 03 01 | 04
#0593-d285 @A: 30 20 07 19 | 11
#0594-d285 @A: 17 31 29 30 | 12
#0595-d285 @A: 30 29 08 10 | 03
#0596-d285 @A: 17 08 02 30 | 09
#0597-d285 @A: 06 30 34 17 | 02
#0598-d285 @A: 08 03 21 30 | 06
#0599-d285 @A: 34 30 32 08 | 10
#0600-d285 @A: 07 15 02 30 | 08
#0601-d285 @A: 02 30 05 14 | 05
#0602-d285 @A: 03 14 30 32 | 07
#0603-d285 @A: 14 31 30 34 | 01
#0604-d285 @A: 34 06 25 11 | 04
#0605-d285 @A: 11 07 33 25 | 11
#0606-d285 @A: 17 15 25 19 | 12
#0607-d285 @A: 19 34 33 25 | 03
#0608-d285 @A: 25 10 07 19 | 09
#0609-d285 @A: 21 17 31 25 | 02
#0610-d285 @A: 13 32 25 01 | 06
#0611-d285 @A: 06 27 25 09 | 10
#0612-d285 @A: 14 07 25 27 | 08
#0613-d285 @A: 14 20 25 33 | 05
#0614-d285 @A: 25 20 31 05 | 07
#0615-d285 @A: 16 11 19 35 | 01
#0616-d285 @A: 11 27 15 16 | 04
#0617-d285 @A: 17 11 28 12 | 11
#0618-d285 @A: 27 01 11 23 | 12
#0619-d285 @A: 13 10 11 04 | 03
#0620-d285 @A: 04 26 34 11 | 09
#0621-d285 @A: 07 11 27 05 | 02
#0622-d285 @A: 23 32 11 10 | 06
#0623-d285 @A: 10 02 11 21 | 10
#0624-d285 @A: 03 31 11 05 | 08
#0625-d285 @A: 11 20 12 32 | 05
#0626-d285 @A: 35 11 12 03 | 07
#0627-d285 @A: 11 31 02 35 | 01
#0628-d285 @A: 11 21 34 31 | 04
#0629-d285 @A: 22 16 29 28 | 11
#0630-d285 @A: 16 20 31 17 | 12
#0631-d285 @A: 08 16 22 01 | 03
#0632-d285 @A: 01 16 10 13 | 09
#0633-d285 @A: 04 16 01 31 | 02
#0634-d285 @A: 06 16 28 13 | 06
#0635-d285 @A: 27 16 22 06 | 10
#0636-d285 @A: 07 20 16 06 | 08
#0637-d285 @A: 31 33 26 16 | 05
#0638-d285 @A: 24 16 23 27 | 07
#0639-d285 @A: 09 02 15 16 | 01
#0640-d285 @A: 19 23 29 33 | 04
#0641-d285 @A: 34 29 07 19 | 11
#0642-d285 @A: 22 19 10 29 | 12
#0643-d285 @A: 08 19 22 24 | 03
#0644-d285 @A: 13 20 02 19 | 09
#0645-d285 @A: 19 03 13 14 | 02
#0646-d285 @A: 26 19 03 32 | 06
#0647-d285 @A: 19 34 26 31 | 10
#0648-d285 @A: 21 12 28 19 | 08
#0649-d285 @A: 04 17 29 22 | 05
#0650-d285 @A: 32 29 06 12 | 07
#0651-d285 @A: 21 29 22 13 | 01
#0652-d285 @A: 28 20 15 29 | 04
#0653-d285 @A: 32 14 29 34 | 11
#0654-d285 @A: 02 01 17 04 | 12
#0655-d285 @A: 14 17 10 13 | 03
#0656-d285 @A: 31 10 26 17 | 09
#0657-d285 @A: 07 34 17 22 | 02
#0658-d285 @A: 10 22 05 17 | 06
#0659-d285 @A: 20 34 05 17 | 10
#0660-d285 @A: 31 02 05 17 | 08
#0661-d285 @A: 17 31 32 03 | 05
#0662-d285 @A: 22 32 17 12 | 07
#0663-d285 @A: 02 12 21 17 | 01
#0664-d285 @A: 33 03 01 08 | 04
#0665-d285 @A: 01 08 32 15 | 11
#0666-d285 @A: 27 06 21 01 | 12
#0667-d285 @A: 35 24 27 01 | 03
#0668-d285 @A: 07 31 01 28 | 09
#0669-d285 @A: 01 05 14 22 | 02
#0670-d285 @A: 01 20 02 32 | 06
#0671-d285 @A: 05 06 14 08 | 10
#0672-d285 @A: 07 08 10 13 | 08
#0673-d285 @A: 34 26 35 08 | 05
#0674-d285 @A: 08 14 27 04 | 07
#0675-d285 @A: 27 07 31 08 | 01
#0676-d285 @A: 34 04 08 07 | 04
#0677-d285 @A: 08 05 20 10 | 11
#0678-d285 @A: 10 08 34 12 | 12
#0679-d285 @A: 35 31 08 22 | 03
#0680-d285 @A: 03 26 07 06 | 09
#0681-d285 @A: 22 24 06 15 | 02
#0682-d285 @A: 27 33 02 06 | 06
#0683-d285 @A: 05 22 04 06 | 10
#0684-d285 @A: 14 31 10 06 | 08
#0685-d285 @A: 05 35 06 12 | 05
#0686-d285 @A: 34 06 23 21 | 07
#0687-d285 @A: 22 32 06 02 | 01
#0688-d285 @A: 27 13 22 24 | 04
#0689-d285 @A: 31 15 13 24 | 11
#0690-d285 @A: 13 33 27 10 | 12
#0691-d285 @A: 20 27 13 07 | 03
#0692-d285 @A: 04 13 20 22 | 09
#0693-d285 @A: 09 31 13 23 | 02
#0694-d285 @A: 13 22 12 28 | 06
#0695-d285 @A: 23 33 02 26 | 10
#0696-d285 @A: 07 26 14 02 | 08
#0697-d285 @A: 26 31 05 22 | 05
#0698-d285 @A: 05 34 32 26 | 07
#0699-d285 @A: 23 26 09 03 | 01
#0700-d285 @A: 31 03 26 14 | 04
#0701-d285 @A: 12 04 07 27 | 11
#0702-d285 @A: 21 10 27 22 | 12
#0703-d285 @A: 02 10 27 15 | 03
#0704-d285 @A: 09 34 27 20 | 09
#0705-d285 @A: 21 14 27 28 | 02
#0706-d285 @A: 04 02 31 20 | 06
#0707-d285 @A: 12 04 14 03 | 10
#0708-d285 @A: 04 09 23 35 | 08
#0709-d285 @A: 33 07 09 23 | 05
#0710-d285 @A: 34 33 21 05 | 07
#0711-d285 @A: 33 31 20 12 | 01
#0712-d285 @A: 14 05 03 07 | 04
#0713-d285 @A: 05 35 22 07 | 11
#0714-d285 @A: 07 34 32 35 | 12
#0715-d285 @A: 10 23 15 34 | 03
#0716-d285 @A: 10 09 15 34 | 09
#0717-d285 @A: 32 03 02 15 | 02
#0718-d285 @A: 12 21 15 09 | 06
#0719-d285 @A: 25 29 17 18 | 10
#0720-d285 @A: 25 09 24 18 | 08
#0721-d285 @A: 27 18 10 25 | 05
#0722-d285 @A: 22 27 18 11 | 07
#0723-d285 @A: 18 29 01 12 | 01
#0724-d285 @A: 29 35 24 18 | 04
#0725-d285 @A: 18 10 08 17 | 11
#0726-d285 @A: 18 17 28 04 | 12
#0727-d285 @A: 33 32 18 17 | 03
#0728-d285 @A: 17 18 23 15 | 09
#0729-d285 @A: 18 10 01 28 | 02
#0730-d285 @A: 02 09 01 18 | 06
#0731-d285 @A: 32 18 26 13 | 10
#0732-d285 @A: 07 18 28 13 | 08
#0733-d285 @A: 18 32 07 27 | 05
#0734-d285 @A: 10 18 03 20 | 07
#0735-d285 @A: 05 18 21 28 | 01
#0736-d285 @A: 18 23 35 20 | 04
#0737-d285 @A: 21 32 18 15 | 11
#0738-d285 @A: 29 02 30 25 | 12
#0739-d285 @A: 09 30 25 13 | 03
#0740-d285 @A: 30 34 07 25 | 09
#0741-d285 @A: 30 24 20 16 | 02
#0742-d285 @A: 30 33 14 19 | 06
#0743-d285 @A: 24 14 29 30 | 10
#0744-d285 @A: 29 22 30 07 | 08
#0745-d285 @A: 30 05 01 06 | 05
#0746-d285 @A: 06 30 22 26 | 07
#0747-d285 @A: 30 26 09 33 | 01
#0748-d285 @A: 27 04 30 35 | 04
#0749-d285 @A: 30 05 07 12 | 11
#0750-d285 @A: 35 05 30 28 | 12
#0751-d285 @A: 20 14 30 35 | 03
#0752-d285 @A: 23 32 15 30 | 09
#0753-d285 @A: 11 27 08 25 | 02
#0754-d285 @A: 11 21 12 25 | 06
#0755-d285 @A: 08 25 19 35 | 10
#0756-d285 @A: 23 25 07 29 | 08
#0757-d285 @A: 21 29 25 34 | 05
#0758-d285 @A: 01 25 21 07 | 07
#0759-d285 @A: 13 08 14 25 | 01
#0760-d285 @A: 20 06 25 04 | 04
#0761-d285 @A: 05 25 23 06 | 11
#0762-d285 @A: 25 24 34 13 | 12
#0763-d285 @A: 13 21 23 25 | 03
#0764-d285 @A: 25 26 10 32 | 09
#0765-d285 @A: 25 24 21 33 | 02
#0766-d285 @A: 15 07 25 24 | 06
#0767-d285 @A: 23 31 25 27 | 10
#0768-d285 @A: 25 31 10 03 | 08
#0769-d285 @A: 05 12 02 25 | 05
#0770-d285 @A: 25 20 35 12 | 07
#0771-d285 @A: 34 25 23 03 | 01
#0772-d285 @A: 28 35 22 25 | 04
#0773-d285 @A: 28 25 09 12 | 11
#0774-d285 @A: 31 34 25 12 | 12
#0775-d285 @A: 25 02 21 09 | 03
#0776-d285 @A: 11 29 20 16 | 09
#0777-d285 @A: 04 11 16 21 | 02
#0778-d285 @A: 14 31 11 16 | 06
#0779-d285 @A: 04 19 32 11 | 10
#0780-d285 @A: 11 22 19 33 | 08
#0781-d285 @A: 35 17 11 10 | 05
#0782-d285 @A: 08 01 11 10 | 07
#0783-d285 @A: 01 15 11 02 | 01
#0784-d285 @A: 06 11 35 14 | 04
#0785-d285 @A: 11 31 12 26 | 11
#0786-d285 @A: 05 34 10 11 | 12
#0787-d285 @A: 32 14 05 11 | 03
#0788-d285 @A: 11 21 23 14 | 09
#0789-d285 @A: 16 26 19 09 | 02
#0790-d285 @A: 06 17 32 16 | 06
#0791-d285 @A: 16 01 28 26 | 10
#0792-d285 @A: 35 13 16 20 | 08
#0793-d285 @A: 12 27 10 16 | 05
#0794-d285 @A: 20 12 21 16 | 07
#0795-d285 @A: 16 34 15 35 | 01
#0796-d285 @A: 31 02 19 29 | 04
#0797-d285 @A: 06 19 24 20 | 11
#0798-d285 @A: 21 24 19 13 | 12
#0799-d285 @A: 15 20 21 19 | 03
#0800-d285 @A: 09 17 06 29 | 09
#0801-d285 @A: 22 29 08 06 | 02
#0802-d285 @A: 29 09 13 08 | 06
#0803-d285 @A: 27 29 03 04 | 10
#0804-d285 @A: 27 29 21 02 | 08
#0805-d285 @A: 29 07 32 04 | 05
#0806-d285 @A: 32 05 29 35 | 07
#0807-d285 @A: 29 03 20 32 | 01
#0808-d285 @A: 22 31 29 14 | 04
#0809-d285 @A: 17 05 08 33 | 11
#0810-d285 @A: 03 08 12 17 | 12
#0811-d285 @A: 24 21 17 04 | 03
#0812-d285 @A: 02 32 17 35 | 09
#0813-d285 @A: 01 32 04 08 | 02
#0814-d285 @A: 13 01 23 07 | 06
#0815-d285 @A: 32 24 01 03 | 10
#0816-d285 @A: 01 09 10 23 | 08
#0817-d285 @A: 23 34 12 01 | 05
#0818-d285 @A: 35 24 07 08 | 07
#0819-d285 @A: 24 21 05 08 | 01
#0820-d285 @A: 21 06 07 32 | 04
#0821-d285 @A: 28 06 12 10 | 11
#0822-d285 @A: 06 20 28 21 | 12
#0823-d285 @A: 35 03 06 09 | 03
#0824-d285 @A: 14 06 23 28 | 09
#0825-d285 @A: 06 09 12 02 | 02
#0826-d285 @A: 06 34 28 22 | 06
#0827-d285 @A: 26 13 04 35 | 10
#0828-d285 @A: 13 28 31 33 | 08
#0829-d285 @A: 07 13 15 12 | 05
#0830-d285 @A: 13 07 32 31 | 07
#0831-d285 @A: 28 13 05 32 | 01
#0832-d285 @A: 12 32 21 13 | 04
#0833-d285 @A: 23 31 32 26 | 11
#0834-d285 @A: 12 21 26 22 | 12
#0835-d285 @A: 33 05 24 04 | 03
#0836-d285 @A: 24 02 33 14 | 09
#0837-d285 @A: 10 35 24 34 | 02
#0838-d285 @A: 34 24 31 05 | 06
#0839-d285 @A: 24 23 32 20 | 10
#0840-d285 @A: 27 05 03 10 | 08
#0841-d285 @A: 34 27 28 10 | 05
#0842-d285 @A: 27 22 31 20 | 07
#0843-d285 @A: 27 14 22 03 | 01
#0844-d285 @A: 27 09 14 23 | 04
#0845-d285 @A: 12 32 27 14 | 11
#0846-d285 @A: 22 28 27 32 | 12
#0847-d285 @A: 23 21 15 04 | 03
#0848-d285 @A: 22 02 21 04 | 09
#0849-d285 @A: 32 15 09 04 | 02
#0850-d285 @A: 20 03 07 33 | 06
#0851-d285 @A: 21 02 33 20 | 10
#0852-d285 @A: 35 22 03 33 | 08
#0853-d285 @A: 23 33 28 34 | 05
#0854-d285 @A: 33 35 31 14 | 07
#0855-d285 @A: 33 12 28 15 | 01
#0856-d285 @A: 23 10 31 07 | 04
#0857-d285 @A: 20 31 07 34 | 11
#0858-d285 @A: 35 23 07 14 | 12
#0859-d285 @A: 21 02 31 07 | 03
#0860-d285 @A: 10 15 20 22 | 09
#0861-d285 @A: 11 12 30 18 | 02
#0862-d285 @A: 18 30 28 08 | 06
#0863-d285 @A: 04 10 30 18 | 10
#0864-d285 @A: 03 25 18 19 | 08
#0865-d285 @A: 26 25 18 06 | 05
#0866-d285 @A: 25 32 18 34 | 07
#0867-d285 @A: 18 34 11 01 | 01
#0868-d285 @A: 06 31 18 11 | 04
#0869-d285 @A: 18 16 22 35 | 11
#0870-d285 @A: 02 19 18 32 | 12
#0871-d285 @A: 29 20 18 22 | 03
#0872-d285 @A: 18 07 33 01 | 09
#0873-d285 @A: 09 18 08 04 | 02
#0874-d285 @A: 03 18 28 14 | 06
#0875-d285 @A: 30 10 25 11 | 10
#0876-d285 @A: 16 30 34 11 | 08
#0877-d285 @A: 13 03 16 30 | 05
#0878-d285 @A: 30 04 05 19 | 07
#0879-d285 @A: 30 05 17 27 | 01
#0880-d285 @A: 17 32 23 30 | 04
#0881-d285 @A: 30 22 27 01 | 11
#0882-d285 @A: 24 21 06 30 | 12
#0883-d285 @A: 30 15 22 26 | 03
#0884-d285 @A: 30 24 32 22 | 09
#0885-d285 @A: 30 23 20 31 | 02
#0886-d285 @A: 35 31 21 30 | 06
#0887-d285 @A: 30 09 12 22 | 10
#0888-d285 @A: 25 08 15 11 | 08
#0889-d285 @A: 27 25 24 17 | 05
#0890-d285 @A: 08 25 10 33 | 07
#0891-d285 @A: 34 26 27 25 | 01
#0892-d285 @A: 25 03 24 04 | 04
#0893-d285 @A: 24 25 07 31 | 11
#0894-d285 @A: 25 07 15 33 | 12
#0895-d285 @A: 25 10 28 20 | 03
#0896-d285 @A: 32 03 25 12 | 09
#0897-d285 @A: 15 28 25 32 | 02
#0898-d285 @A: 14 17 24 11 | 06
#0899-d285 @A: 35 01 11 13 | 10
#0900-d285 @A: 08 09 26 11 | 08
#0901-d285 @A: 08 11 03 24 | 05
#0902-d285 @A: 22 04 11 08 | 07
#0903-d285 @A: 32 24 13 11 | 01
#0904-d285 @A: 13 07 11 14 | 04
#0905-d285 @A: 26 11 15 10 | 11
#0906-d285 @A: 05 24 11 09 | 12
#0907-d285 @A: 11 28 02 27 | 03
#0908-d285 @A: 03 05 15 11 | 09
#0909-d285 @A: 32 34 09 11 | 02
#0910-d285 @A: 11 32 34 15 | 06
#0911-d285 @A: 15 19 16 13 | 10
#0912-d285 @A: 24 19 34 16 | 08
#0913-d285 @A: 29 07 16 10 | 05
#0914-d285 @A: 16 22 17 24 | 07
#0915-d285 @A: 17 16 02 33 | 01
#0916-d285 @A: 15 16 03 17 | 04
#0917-d285 @A: 01 06 16 12 | 11
#0918-d285 @A: 04 16 02 27 | 12
#0919-d285 @A: 10 04 15 16 | 03
#0920-d285 @A: 20 16 28 04 | 09
#0921-d285 @A: 03 10 32 16 | 02
#0922-d285 @A: 16 23 10 21 | 06
#0923-d285 @A: 15 05 16 22 | 10
#0924-d285 @A: 02 16 21 05 | 08
#0925-d285 @A: 34 20 16 03 | 05
#0926-d285 @A: 28 16 31 15 | 07
#0927-d285 @A: 19 29 13 06 | 01
#0928-d285 @A: 26 19 28 29 | 04
#0929-d285 @A: 08 01 19 09 | 11
#0930-d285 @A: 32 14 01 19 | 12
#0931-d285 @A: 19 07 12 06 | 03
#0932-d285 @A: 35 07 28 19 | 09
#0933-d285 @A: 19 10 31 28 | 02
#0934-d285 @A: 19 09 21 23 | 06
#0935-d285 @A: 19 02 35 22 | 10
#0936-d285 @A: 32 19 28 09 | 08
#0937-d285 @A: 19 28 02 14 | 05
#0938-d285 @A: 17 29 08 34 | 07
#0939-d285 @A: 21 01 04 29 | 01
#0940-d285 @A: 33 29 01 20 | 04
#0941-d285 @A: 26 29 12 08 | 11
#0942-d285 @A: 08 21 29 33 | 12
#0943-d285 @A: 32 33 29 13 | 03
#0944-d285 @A: 29 26 05 27 | 09
#0945-d285 @A: 28 27 29 07 | 02
#0946-d285 @A: 15 29 33 09 | 06
#0947-d285 @A: 03 02 29 28 | 10
#0948-d285 @A: 23 12 29 09 | 08
#0949-d285 @A: 29 12 22 02 | 05
#0950-d285 @A: 15 01 17 10 | 07
#0951-d285 @A: 27 06 28 17 | 01
#0952-d285 @A: 06 07 17 05 | 04
#0953-d285 @A: 15 28 27 17 | 11
#0954-d285 @A: 21 10 34 17 | 12
#0955-d285 @A: 17 02 15 22 | 03
#0956-d285 @A: 01 20 06 23 | 09
#0957-d285 @A: 01 03 06 02 | 02
#0958-d285 @A: 15 04 13 01 | 06
#0959-d285 @A: 03 01 12 13 | 10
#0960-d285 @A: 05 27 33 01 | 08
#0961-d285 @A: 28 33 01 35 | 05
#0962-d285 @A: 01 10 12 32 | 07
#0963-d285 @A: 05 12 01 28 | 01
#0964-d285 @A: 01 12 09 20 | 04
#0965-d285 @A: 09 28 01 22 | 11
#0966-d285 @A: 08 21 13 06 | 12
#0967-d285 @A: 26 06 08 32 | 03
#0968-d285 @A: 26 28 08 13 | 09
#0969-d285 @A: 35 05 27 08 | 02
#0970-d285 @A: 12 02 04 08 | 06
#0971-d285 @A: 08 34 07 15 | 10
#0972-d285 @A: 12 05 08 22 | 08
#0973-d285 @A: 20 08 35 02 | 05
#0974-d285 @A: 31 21 15 08 | 07
#0975-d285 @A: 04 06 24 12 | 01
#0976-d285 @A: 06 31 32 33 | 04
#0977-d285 @A: 02 06 15 28 | 11
#0978-d285 @A: 26 31 24 13 | 12
#0979-d285 @A: 21 13 26 07 | 03
#0980-d285 @A: 13 03 07 04 | 09
#0981-d285 @A: 10 22 23 13 | 02
#0982-d285 @A: 02 13 14 31 | 06
#0983-d285 @A: 26 24 21 09 | 10
#0984-d285 @A: 27 26 04 21 | 08
#0985-d285 @A: 33 28 26 04 | 05
#0986-d285 @A: 07 09 26 04 | 07
#0987-d285 @A: 04 07 15 26 | 01
#0988-d285 @A: 15 03 33 26 | 04
#0989-d285 @A: 21 26 10 03 | 11
#0990-d285 @A: 22 20 26 03 | 12
#0991-d285 @A: 15 20 26 28 | 03
#0992-d285 @A: 20 31 26 21 | 09
#0993-d285 @A: 09 28 24 04 | 02
#0994-d285 @A: 24 10 09 32 | 06
#0995-d285 @A: 20 12 22 24 | 10
#0996-d285 @A: 35 28 24 02 | 08
#0997-d285 @A: 12 09 27 03 | 05
#0998-d285 @A: 28 27 12 23 | 07
#0999-d285 @A: 12 32 04 31 | 01
#1000-d285 @A: 31 07 05 33 | 04
#1001-d285 @A: 32 33 15 31 | 11
#1002-d285 @A: 03 32 07 09 | 12
#1003-d285 @A: 07 22 31 12 | 03
#1004-d285 @A: 31 09 14 07 | 09
#1005-d285 @A: 14 15 20 34 | 02
#1006-d285 @A: 33 25 18 12 | 06
#1007-d285 @A: 29 11 18 28 | 10
#1008-d285 @A: 18 27 16 29 | 08
#1009-d285 @A: 02 08 18 16 | 05
#1010-d285 @A: 18 35 27 09 | 07
#1011-d285 @A: 31 04 18 14 | 01
#1012-d285 @A: 03 34 05 18 | 04
#1013-d285 @A: 15 20 18 02 | 11
#1014-d285 @A: 31 28 35 18 | 12
#1015-d285 @A: 18 14 32 09 | 03
#1016-d285 @A: 02 31 34 18 | 09
#1017-d285 @A: 16 05 30 25 | 02
#1018-d285 @A: 11 20 30 06 | 06
#1019-d285 @A: 30 27 11 14 | 10
#1020-d285 @A: 30 07 11 21 | 08
#1021-d285 @A: 19 03 30 02 | 05
#1022-d285 @A: 29 30 10 15 | 07
#1023-d285 @A: 32 13 30 27 | 01
#1024-d285 @A: 30 34 13 02 | 04
#1025-d285 @A: 02 24 27 30 | 11
#1026-d285 @A: 30 07 04 02 | 12
#1027-d285 @A: 28 04 15 30 | 03
#1028-d285 @A: 10 05 33 30 | 09
#1029-d285 @A: 12 03 30 23 | 02
#1030-d285 @A: 31 30 09 03 | 06
#1031-d285 @A: 23 04 11 25 | 10
#1032-d285 @A: 16 09 33 25 | 08
#1033-d285 @A: 25 13 19 26 | 05
#1034-d285 @A: 25 33 17 35 | 07
#1035-d285 @A: 04 25 01 09 | 01
#1036-d285 @A: 25 08 32 07 | 04
#1037-d285 @A: 25 08 34 05 | 11
#1038-d285 @A: 24 25 14 26 | 12
#1039-d285 @A: 04 22 25 26 | 03
#1040-d285 @A: 25 15 23 26 | 09
#1041-d285 @A: 35 05 25 14 | 02
#1042-d285 @A: 06 11 16 10 | 06
#1043-d285 @A: 23 15 19 11 | 10
#1044-d285 @A: 11 08 35 29 | 08
#1045-d285 @A: 02 11 08 32 | 05
#1046-d285 @A: 06 11 03 04 | 07
#1047-d285 @A: 06 09 07 11 | 01
#1048-d285 @A: 11 32 26 28 | 04
#1049-d285 @A: 22 14 11 34 | 11
#1050-d285 @A: 35 16 04 17 | 12
#1051-d285 @A: 16 07 09 17 | 03
#1052-d285 @A: 01 16 34 33 | 09
#1053-d285 @A: 08 15 24 16 | 02
#1054-d285 @A: 35 16 08 10 | 06
#1055-d285 @A: 16 06 04 34 | 10
#1056-d285 @A: 16 13 34 07 | 08
#1057-d285 @A: 03 16 35 14 | 05
#1058-d285 @A: 16 28 14 32 | 07
#1059-d285 @A: 21 34 32 16 | 01
#1060-d285 @A: 01 26 10 19 | 04
#1061-d285 @A: 31 19 01 24 | 11
#1062-d285 @A: 01 12 19 27 | 12
#1063-d285 @A: 04 28 08 19 | 03
#1064-d285 @A: 19 13 31 04 | 09
#1065-d285 @A: 05 19 07 26 | 02
#1066-d285 @A: 07 19 27 09 | 06
#1067-d285 @A: 04 35 21 19 | 10
#1068-d285 @A: 33 19 12 35 | 08
#1069-d285 @A: 12 19 03 31 | 05
#1070-d285 @A: 27 29 14 17 | 07
#1071-d285 @A: 32 17 15 29 | 01
#1072-d285 @A: 03 22 29 01 | 04
#1073-d285 @A: 06 34 20 29 | 11
#1074-d285 @A: 29 10 24 26 | 12
#1075-d285 @A: 33 26 29 34 | 03
#1076-d285 @A: 23 04 29 31 | 09
#1077-d285 @A: 32 10 29 28 | 02
#1078-d285 @A: 14 29 20 12 | 06
#1079-d285 @A: 29 32 09 02 | 10
#1080-d285 @A: 20 06 17 08 | 08
#1081-d285 @A: 17 08 22 27 | 05
#1082-d285 @A: 17 03 06 13 | 07
#1083-d285 @A: 24 20 17 13 | 01
#1084-d285 @A: 13 27 31 17 | 04
#1085-d285 @A: 17 28 03 24 | 11
#1086-d285 @A: 12 09 05 17 | 12
#1087-d285 @A: 20 35 28 17 | 03
#1088-d285 @A: 34 12 17 35 | 09
#1089-d285 @A: 01 06 24 08 | 02
#1090-d285 @A: 06 34 07 01 | 06
#1091-d285 @A: 13 24 01 05 | 10
#1092-d285 @A: 01 26 15 35 | 08
#1093-d285 @A: 09 33 24 01 | 05
#1094-d285 @A: 02 10 01 22 | 07
#1095-d285 @A: 20 03 28 01 | 01
#1096-d285 @A: 02 01 12 31 | 04
#1097-d285 @A: 06 08 33 15 | 11
#1098-d285 @A: 15 27 13 08 | 12
#1099-d285 @A: 05 04 13 08 | 03
#1100-d285 @A: 10 12 08 15 | 09
#1101-d285 @A: 20 12 28 08 | 02
#1102-d285 @A: 08 23 31 12 | 06
#1103-d285 @A: 02 23 06 31 | 10
#1104-d285 @A: 06 21 15 14 | 08
#1105-d285 @A: 13 15 20 33 | 05
#1106-d285 @A: 05 20 23 13 | 07
#1107-d285 @A: 20 12 13 34 | 01
#1108-d285 @A: 13 28 20 14 | 04
#1109-d285 @A: 10 02 26 05 | 11
#1110-d285 @A: 32 14 26 21 | 12
#1111-d285 @A: 24 21 20 10 | 03
#1112-d285 @A: 24 12 10 02 | 09
#1113-d285 @A: 24 20 35 05 | 02
#1114-d285 @A: 05 35 24 15 | 06
#1115-d285 @A: 32 24 21 02 | 10
#1116-d285 @A: 14 02 20 27 | 08
#1117-d285 @A: 22 35 12 27 | 05
#1118-d285 @A: 04 14 20 10 | 07
#1119-d285 @A: 10 09 04 31 | 01
#1120-d285 @A: 10 07 33 28 | 04
#1121-d285 @A: 10 14 09 33 | 11
#1122-d285 @A: 33 23 35 05 | 12
#1123-d285 @A: 35 34 20 33 | 03
#1124-d285 @A: 03 33 21 14 | 09
#1125-d285 @A: 33 21 31 09 | 02
#1126-d285 @A: 14 07 32 10 | 06
#1127-d285 @A: 07 21 20 05 | 10
#1128-d285 @A: 07 35 31 03 | 08
#1129-d285 @A: 21 22 23 07 | 05
#1130-d285 @A: 09 02 07 35 | 07
#1131-d285 @A: 07 12 28 34 | 01
#1132-d285 @A: 19 18 01 30 | 04
#1133-d285 @A: 06 18 30 13 | 11
#1134-d285 @A: 01 14 18 25 | 12
#1135-d285 @A: 23 19 11 18 | 03
#1136-d285 @A: 12 18 16 19 | 09
#1137-d285 @A: 04 19 18 29 | 02
#1138-d285 @A: 13 18 19 10 | 06
#1139-d285 @A: 08 18 20 26 | 10
#1140-d285 @A: 31 08 03 18 | 08
#1141-d285 @A: 28 06 24 18 | 05
#1142-d285 @A: 15 10 24 18 | 07
#1143-d285 @A: 18 10 35 12 | 01
#1144-d285 @A: 09 20 05 18 | 04
#1145-d285 @A: 32 05 18 22 | 11
#1146-d285 @A: 31 21 18 23 | 12
#1147-d285 @A: 32 28 18 12 | 03
#1148-d285 @A: 08 30 22 25 | 09
#1149-d285 @A: 11 02 30 33 | 02
#1150-d285 @A: 11 28 22 30 | 06
#1151-d285 @A: 16 31 19 30 | 10
#1152-d285 @A: 04 16 32 30 | 08
#1153-d285 @A: 13 10 30 26 | 05
#1154-d285 @A: 12 30 13 24 | 07
#1155-d285 @A: 13 22 30 14 | 01
#1156-d285 @A: 20 30 28 27 | 04
#1157-d285 @A: 05 22 34 30 | 11
#1158-d285 @A: 21 30 23 02 | 12
#1159-d285 @A: 11 14 29 25 | 03
#1160-d285 @A: 21 25 06 16 | 09
#1161-d285 @A: 04 25 14 16 | 02
#1162-d285 @A: 22 12 25 16 | 06
#1163-d285 @A: 06 19 25 31 | 10
#1164-d285 @A: 01 05 25 29 | 08
#1165-d285 @A: 25 33 29 31 | 05
#1166-d285 @A: 17 06 25 02 | 07
#1167-d285 @A: 17 13 25 04 | 01
#1168-d285 @A: 25 10 06 01 | 04
#1169-d285 @A: 25 02 24 01 | 11
#1170-d285 @A: 01 23 33 25 | 12
#1171-d285 @A: 06 25 07 22 | 03
#1172-d285 @A: 10 06 15 25 | 09
#1173-d285 @A: 25 05 33 26 | 02
#1174-d285 @A: 07 12 25 26 | 06
#1175-d285 @A: 25 28 34 04 | 10
#1176-d285 @A: 21 25 22 15 | 08
#1177-d285 @A: 32 31 09 25 | 05
#1178-d285 @A: 19 11 01 21 | 07
#1179-d285 @A: 05 11 19 13 | 01
#1180-d285 @A: 29 27 12 11 | 04
#1181-d285 @A: 11 07 10 26 | 11
#1182-d285 @A: 04 11 24 35 | 12
#1183-d285 @A: 24 11 34 07 | 03
#1184-d285 @A: 09 11 15 24 | 09
#1185-d285 @A: 33 27 11 35 | 02
#1186-d285 @A: 10 11 27 09 | 06
#1187-d285 @A: 11 28 07 04 | 10
#1188-d285 @A: 21 11 35 20 | 08
#1189-d285 @A: 14 11 09 20 | 05
#1190-d285 @A: 11 28 34 35 | 07
#1191-d285 @A: 02 34 12 11 | 01
#1192-d285 @A: 16 34 29 31 | 04
#1193-d285 @A: 13 14 12 16 | 11
#1194-d285 @A: 02 07 16 23 | 12
#1195-d285 @A: 10 16 22 31 | 03
#1196-d285 @A: 05 23 31 16 | 09
#1197-d285 @A: 23 34 22 16 | 02
#1198-d285 @A: 35 16 12 02 | 06
#1199-d285 @A: 19 01 13 28 | 10
#1200-d285 @A: 19 08 06 23 | 08
#1201-d285 @A: 33 19 32 08 | 05
#1202-d285 @A: 08 05 19 15 | 07
#1203-d285 @A: 06 02 26 19 | 01
#1204-d285 @A: 22 19 07 13 | 04
#1205-d285 @A: 35 27 19 26 | 11
#1206-d285 @A: 19 04 24 02 | 12
#1207-d285 @A: 10 23 27 19 | 03
#1208-d285 @A: 19 03 09 04 | 09
#1209-d285 @A: 22 19 28 20 | 02
#1210-d285 @A: 35 34 19 14 | 06
#1211-d285 @A: 10 17 29 23 | 10
#1212-d285 @A: 29 04 20 08 | 08
#1213-d285 @A: 24 06 05 29 | 05
#1214-d285 @A: 29 22 24 33 | 07
#1215-d285 @A: 29 24 31 03 | 01
#1216-d285 @A: 29 12 05 33 | 04
#1217-d285 @A: 07 29 35 12 | 11
#1218-d285 @A: 10 02 14 29 | 12
#1219-d285 @A: 29 28 34 05 | 03
#1220-d285 @A: 29 35 14 09 | 09
#1221-d285 @A: 31 21 32 29 | 02
#1222-d285 @A: 17 28 01 08 | 06
#1223-d285 @A: 21 17 08 07 | 10
#1224-d285 @A: 26 17 33 07 | 08
#1225-d285 @A: 15 33 26 17 | 05
#1226-d285 @A: 34 14 17 03 | 07
#1227-d285 @A: 15 34 17 12 | 01
#1228-d285 @A: 04 01 24 14 | 04
#1229-d285 @A: 24 01 33 15 | 11
#1230-d285 @A: 07 24 01 12 | 12
#1231-d285 @A: 05 01 04 03 | 03
#1232-d285 @A: 15 23 03 01 | 09
#1233-d285 @A: 32 21 28 01 | 02
#1234-d285 @A: 01 09 34 31 | 06
#1235-d285 @A: 08 35 04 06 | 10
#1236-d285 @A: 02 27 26 08 | 08
#1237-d285 @A: 12 33 24 08 | 05
#1238-d285 @A: 04 08 15 22 | 07
#1239-d285 @A: 08 34 14 23 | 01
#1240-d285 @A: 12 32 08 09 | 04
#1241-d285 @A: 08 22 34 02 | 11
#1242-d285 @A: 27 12 06 26 | 12
#1243-d285 @A: 06 10 26 33 | 03
#1244-d285 @A: 06 09 28 26 | 09
#1245-d285 @A: 07 35 06 27 | 02
#1246-d285 @A: 06 09 04 33 | 06
#1247-d285 @A: 21 06 05 03 | 10
#1248-d285 @A: 06 03 12 20 | 08
#1249-d285 @A: 32 06 14 20 | 05
#1250-d285 @A: 12 06 22 23 | 07
#1251-d285 @A: 13 03 21 34 | 01
#1252-d285 @A: 15 05 27 26 | 04
#1253-d285 @A: 26 09 32 27 | 11
#1254-d285 @A: 24 28 22 05 | 12
#1255-d285 @A: 20 03 09 24 | 03
#1256-d285 @A: 02 24 20 34 | 09
#1257-d285 @A: 09 24 35 12 | 02
#1258-d285 @A: 33 04 20 27 | 06
#1259-d285 @A: 05 27 15 21 | 10
#1260-d285 @A: 02 27 03 32 | 08
#1261-d285 @A: 32 31 27 34 | 05
#1262-d285 @A: 04 35 15 33 | 07
#1263-d285 @A: 22 04 10 34 | 01
#1264-d285 @A: 04 20 32 05 | 04
#1265-d285 @A: 05 04 09 34 | 11
#1266-d285 @A: 04 32 22 09 | 12
#1267-d285 @A: 20 05 22 33 | 03
#1268-d285 @A: 05 28 14 33 | 09
#1269-d285 @A: 22 33 31 23 | 02
#1270-d285 @A: 14 23 33 15 | 06
#1271-d285 @A: 12 33 02 28 | 10
#1272-d285 @A: 28 23 07 32 | 08
#1273-d285 @A: 12 05 02 15 | 05
#1274-d285 @A: 01 18 16 21 | 07
#1275-d285 @A: 31 18 07 16 | 01
#1276-d285 @A: 34 18 19 27 | 04
#1277-d285 @A: 02 33 18 29 | 11
#1278-d285 @A: 13 18 17 21 | 12
#1279-d285 @A: 18 15 03 08 | 03
#1280-d285 @A: 13 18 12 23 | 09
#1281-d285 @A: 04 24 18 32 | 02
#1282-d285 @A: 18 31 24 33 | 06
#1283-d285 @A: 18 27 23 33 | 10
#1284-d285 @A: 18 05 31 12 | 08
#1285-d285 @A: 03 18 02 21 | 05
#1286-d285 @A: 02 18 14 12 | 07
#1287-d285 @A: 11 31 30 24 | 01
#1288-d285 @A: 16 08 12 30 | 04
#1289-d285 @A: 16 30 09 27 | 11
#1290-d285 @A: 28 07 16 30 | 12
#1291-d285 @A: 21 30 16 15 | 03
#1292-d285 @A: 27 08 19 30 | 09
#1293-d285 @A: 19 30 13 35 | 02
#1294-d285 @A: 24 19 30 10 | 06
#1295-d285 @A: 10 30 07 01 | 10
#1296-d285 @A: 12 01 30 15 | 08
#1297-d285 @A: 01 30 14 21 | 05
#1298-d285 @A: 27 06 30 10 | 07
#1299-d285 @A: 07 06 31 30 | 01
#1300-d285 @A: 03 28 06 30 | 04
#1301-d285 @A: 35 30 06 02 | 11
#1302-d285 @A: 30 03 07 24 | 12
#1303-d285 @A: 21 30 27 33 | 03
#1304-d285 @A: 32 10 30 02 | 09
#1305-d285 @A: 30 23 35 34 | 02
#1306-d285 @A: 14 12 28 30 | 06
#1307-d285 @A: 16 24 11 25 | 10
#1308-d285 @A: 26 25 11 02 | 08
#1309-d285 @A: 16 02 19 25 | 05
#1310-d285 @A: 27 25 19 21 | 07
#1311-d285 @A: 34 01 17 25 | 01
#1312-d285 @A: 17 26 25 20 | 04
#1313-d285 @A: 17 25 28 07 | 11
#1314-d285 @A: 10 25 02 13 | 12
#1315-d285 @A: 25 03 15 12 | 03
#1316-d285 @A: 16 05 11 22 | 09
#1317-d285 @A: 12 24 19 11 | 02
#1318-d285 @A: 11 17 01 29 | 06
#1319-d285 @A: 21 06 29 11 | 10
#1320-d285 @A: 29 15 11 04 | 08
#1321-d285 @A: 11 33 29 10 | 05
#1322-d285 @A: 31 09 29 11 | 07
#1323-d285 @A: 17 32 07 11 | 01
#1324-d285 @A: 01 32 11 33 | 04
#1325-d285 @A: 08 31 13 11 | 11
#1326-d285 @A: 06 02 11 24 | 12
#1327-d285 @A: 15 13 03 11 | 03
#1328-d285 @A: 14 02 03 11 | 09
#1329-d285 @A: 31 12 11 15 | 02
#1330-d285 @A: 31 11 22 32 | 06
#1331-d285 @A: 29 08 16 05 | 10
#1332-d285 @A: 15 16 29 12 | 08
#1333-d285 @A: 26 16 22 13 | 05
#1334-d285 @A: 16 24 07 05 | 07
#1335-d285 @A: 16 32 24 35 | 01
#1336-d285 @A: 22 04 16 07 | 04
#1337-d285 @A: 20 16 22 09 | 11
#1338-d285 @A: 22 16 03 21 | 12
#1339-d285 @A: 17 19 07 23 | 03
#1340-d285 @A: 19 12 13 08 | 09
#1341-d285 @A: 14 04 19 26 | 02
#1342-d285 @A: 19 10 09 02 | 06
#1343-d285 @A: 31 19 09 22 | 10
#1344-d285 @A: 34 21 02 19 | 08
#1345-d285 @A: 29 17 33 28 | 05
#1346-d285 @A: 29 14 23 01 | 07
#1347-d285 @A: 29 31 06 27 | 01
#1348-d285 @A: 24 29 28 13 | 04
#1349-d285 @A: 27 29 35 13 | 11
#1350-d285 @A: 07 29 24 21 | 12
#1351-d285 @A: 29 15 21 24 | 03
#1352-d285 @A: 01 17 09 26 | 09
#1353-d285 @A: 17 12 04 20 | 02
#1354-d285 @A: 20 23 17 09 | 06
#1355-d285 @A: 20 22 17 14 | 10
#1356-d285 @A: 31 34 23 17 | 08
#1357-d285 @A: 09 35 17 31 | 05
#1358-d285 @A: 14 01 26 08 | 07
#1359-d285 @A: 01 08 07 05 | 01
#1360-d285 @A: 02 08 01 21 | 04
#1361-d285 @A: 06 14 09 01 | 11
#1362-d285 @A: 14 01 03 10 | 12
#1363-d285 @A: 05 08 26 03 | 03
#1364-d285 @A: 27 28 08 33 | 09
#1365-d285 @A: 08 21 10 09 | 02
#1366-d285 @A: 28 08 22 03 | 06
#1367-d285 @A: 23 08 15 28 | 10
#1368-d285 @A: 06 26 13 05 | 08
#1369-d285 @A: 06 35 22 24 | 05
#1370-d285 @A: 06 27 15 04 | 07
#1371-d285 @A: 20 10 06 22 | 01
#1372-d285 @A: 22 03 06 31 | 04
#1373-d285 @A: 34 04 33 13 | 11
#1374-d285 @A: 04 13 14 23 | 12
#1375-d285 @A: 13 10 12 05 | 03
#1376-d285 @A: 13 10 34 32 | 09
#1377-d285 @A: 23 15 13 05 | 02
#1378-d285 @A: 05 13 22 02 | 06
#1379-d285 @A: 22 03 13 32 | 10
#1380-d285 @A: 13 32 23 02 | 08
#1381-d285 @A: 09 28 34 13 | 05
#1382-d285 @A: 26 15 24 32 | 07
#1383-d285 @A: 26 14 09 05 | 01
#1384-d285 @A: 31 22 04 24 | 04
#1385-d285 @A: 24 31 28 20 | 11
#1386-d285 @A: 23 14 24 03 | 12
#1387-d285 @A: 23 24 02 22 | 03
#1388-d285 @A: 24 32 31 14 | 09
#1389-d285 @A: 20 27 35 32 | 02
#1390-d285 @A: 15 27 31 20 | 06
#1391-d285 @A: 15 14 03 27 | 10
#1392-d285 @A: 34 35 27 21 | 08
#1393-d285 @A: 32 33 21 04 | 05
#1394-d285 @A: 04 10 23 12 | 07
#1395-d285 @A: 05 04 35 31 | 01
#1396-d285 @A: 35 03 20 04 | 04
#1397-d285 @A: 04 12 14 15 | 11
#1398-d285 @A: 32 02 14 04 | 12
#1399-d285 @A: 35 07 33 21 | 03
#1400-d285 @A: 10 20 33 23 | 09
#1401-d285 @A: 33 22 32 10 | 02
#1402-d285 @A: 33 28 21 22 | 06
#1403-d285 @A: 02 33 34 15 | 10
#1404-d285 @A: 32 15 07 10 | 08
#1405-d285 @A: 10 31 03 15 | 05
#1406-d285 @A: 15 35 14 10 | 07
#1407-d285 @A: 14 05 15 32 | 01
#1408-d285 @A: 15 28 22 03 | 04
#1409-d285 @A: 16 18 14 30 | 11
#1410-d285 @A: 30 17 18 22 | 12
#1411-d285 @A: 20 32 18 30 | 03
#1412-d285 @A: 11 26 14 18 | 09
#1413-d285 @A: 11 07 35 18 | 02
#1414-d285 @A: 20 18 33 16 | 06
#1415-d285 @A: 19 20 18 31 | 10
#1416-d285 @A: 21 29 18 26 | 08
#1417-d285 @A: 18 27 02 17 | 05
#1418-d285 @A: 22 18 01 23 | 07
#1419-d285 @A: 07 26 18 34 | 01
#1420-d285 @A: 21 27 24 18 | 04
#1421-d285 @A: 18 12 27 20 | 11
#1422-d285 @A: 07 20 04 18 | 12
#1423-d285 @A: 09 22 10 18 | 03
#1424-d285 @A: 18 34 10 14 | 09
#1425-d285 @A: 23 05 14 18 | 02
#1426-d285 @A: 35 12 15 18 | 06
#1427-d285 @A: 17 04 30 11 | 10
#1428-d285 @A: 30 15 35 11 | 08
#1429-d285 @A: 16 23 06 30 | 05
#1430-d285 @A: 33 30 16 22 | 07
#1431-d285 @A: 30 29 20 26 | 01
#1432-d285 @A: 17 30 26 14 | 04
#1433-d285 @A: 30 24 17 09 | 11
#1434-d285 @A: 24 34 30 01 | 12
#1435-d285 @A: 28 04 30 01 | 03
#1436-d285 @A: 06 08 09 30 | 09
#1437-d285 @A: 30 24 04 08 | 02
#1438-d285 @A: 30 21 13 04 | 06
#1439-d285 @A: 30 22 04 03 | 10
#1440-d285 @A: 20 30 05 03 | 08
#1441-d285 @A: 30 12 20 02 | 05
#1442-d285 @A: 02 30 28 09 | 07
#1443-d285 @A: 16 25 23 17 | 01
#1444-d285 @A: 15 05 29 25 | 04
#1445-d285 @A: 06 25 28 33 | 11
#1446-d285 @A: 10 25 24 22 | 12
#1447-d285 @A: 04 02 33 25 | 03
#1448-d285 @A: 25 03 21 35 | 09
#1449-d285 @A: 25 31 15 35 | 02
#1450-d285 @A: 25 32 14 22 | 06
#1451-d285 @A: 03 16 27 11 | 10
#1452-d285 @A: 20 27 11 19 | 08
#1453-d285 @A: 26 29 11 22 | 05
#1454-d285 @A: 05 04 11 29 | 07
#1455-d285 @A: 11 07 29 02 | 01
#1456-d285 @A: 17 11 23 06 | 04
#1457-d285 @A: 31 11 33 17 | 11
#1458-d285 @A: 35 05 11 26 | 12
#1459-d285 @A: 28 11 05 20 | 03
#1460-d285 @A: 23 11 34 20 | 09
#1461-d285 @A: 02 22 20 11 | 02
#1462-d285 @A: 16 19 01 23 | 06
#1463-d285 @A: 06 03 16 19 | 10
#1464-d285 @A: 10 19 16 04 | 08
#1465-d285 @A: 19 05 33 16 | 05
#1466-d285 @A: 29 16 23 13 | 07
#1467-d285 @A: 09 04 29 16 | 01
#1468-d285 @A: 13 05 17 16 | 04
#1469-d285 @A: 14 17 16 21 | 11
#1470-d285 @A: 08 32 16 13 | 12
#1471-d285 @A: 14 08 16 24 | 03
#1472-d285 @A: 09 23 08 16 | 09
#1473-d285 @A: 24 16 26 02 | 02
#1474-d285 @A: 26 05 04 16 | 06
#1475-d285 @A: 23 16 07 15 | 10
#1476-d285 @A: 14 05 10 16 | 08
#1477-d285 @A: 02 09 16 03 | 05
#1478-d285 @A: 16 28 35 23 | 07
#1479-d285 @A: 14 16 02 22 | 01
#1480-d285 @A: 22 19 17 06 | 04
#1481-d285 @A: 27 03 19 17 | 11
#1482-d285 @A: 19 01 33 02 | 12
#1483-d285 @A: 19 34 10 06 | 03
#1484-d285 @A: 05 06 19 09 | 09
#1485-d285 @A: 32 07 24 19 | 02
#1486-d285 @A: 04 27 19 22 | 06
#1487-d285 @A: 22 03 05 19 | 10
#1488-d285 @A: 19 35 09 20 | 08
#1489-d285 @A: 34 32 20 19 | 05
#1490-d285 @A: 23 19 35 03 | 07
#1491-d285 @A: 03 28 34 19 | 01
#1492-d285 @A: 23 19 02 12 | 04
#1493-d285 @A: 31 19 35 32 | 11
#1494-d285 @A: 19 14 22 21 | 12
#1495-d285 @A: 29 26 15 08 | 03
#1496-d285 @A: 06 07 33 29 | 09
#1497-d285 @A: 12 10 29 21 | 02
#1498-d285 @A: 29 20 05 02 | 06
#1499-d285 @A: 29 35 15 03 | 10
#1500-d285 @A: 02 23 35 29 | 08
#1501-d285 @A: 22 15 34 29 | 05
#1502-d285 @A: 17 31 15 08 | 07
#1503-d285 @A: 34 13 26 17 | 01
#1504-d285 @A: 27 12 33 17 | 04
#1505-d285 @A: 02 17 28 10 | 11
#1506-d285 @A: 23 17 14 02 | 12
#1507-d285 @A: 33 01 22 06 | 03
#1508-d285 @A: 21 20 01 13 | 09
#1509-d285 @A: 26 31 27 01 | 02
#1510-d285 @A: 01 26 20 07 | 06
#1511-d285 @A: 10 01 21 05 | 10
#1512-d285 @A: 05 01 20 15 | 08
#1513-d285 @A: 22 32 01 34 | 05
#1514-d285 @A: 21 01 31 22 | 07
#1515-d285 @A: 01 15 28 21 | 01
#1516-d285 @A: 34 08 33 06 | 04
#1517-d285 @A: 13 27 03 08 | 11
#1518-d285 @A: 08 24 10 31 | 12
#1519-d285 @A: 08 07 09 22 | 03
#1520-d285 @A: 14 08 22 10 | 09
#1521-d285 @A: 05 31 08 09 | 02
#1522-d285 @A: 08 20 32 31 | 06
#1523-d285 @A: 21 23 35 08 | 10
#1524-d285 @A: 02 08 15 09 | 08
#1525-d285 @A: 14 31 21 08 | 05
#1526-d285 @A: 06 07 13 02 | 07
#1527-d285 @A: 23 06 13 35 | 01
#1528-d285 @A: 24 06 23 33 | 04
#1529-d285 @A: 04 06 28 02 | 11
#1530-d285 @A: 10 03 23 06 | 12
#1531-d285 @A: 09 22 06 21 | 03
#1532-d285 @A: 13 26 03 33 | 09
#1533-d285 @A: 13 15 09 26 | 02
#1534-d285 @A: 35 33 13 24 | 06
#1535-d285 @A: 07 24 09 13 | 10
#1536-d285 @A: 10 13 35 28 | 08
#1537-d285 @A: 09 20 13 32 | 05
#1538-d285 @A: 21 13 15 02 | 07
#1539-d285 @A: 23 26 05 21 | 01
#1540-d285 @A: 02 21 35 26 | 04
#1541-d285 @A: 26 31 14 15 | 11
#1542-d285 @A: 03 05 02 24 | 12
#1543-d285 @A: 24 05 12 14 | 03
#1544-d285 @A: 27 22 34 33 | 09
#1545-d285 @A: 15 27 09 23 | 02
#1546-d285 @A: 09 20 21 04 | 06
#1547-d285 @A: 34 15 03 04 | 10
#1548-d285 @A: 09 33 28 03 | 08
#1549-d285 @A: 34 12 33 09 | 05
#1550-d285 @A: 15 21 03 07 | 07
#1551-d285 @A: 14 28 07 22 | 01
#1552-d285 @A: 20 15 03 32 | 04
#1553-d285 @A: 28 15 09 14 | 11
#1554-d285 @A: 25 30 18 21 | 12
#1555-d285 @A: 30 24 23 18 | 03
#1556-d285 @A: 25 16 18 28 | 09
#1557-d285 @A: 11 18 17 20 | 02
#1558-d285 @A: 17 18 16 34 | 06
#1559-d285 @A: 18 24 16 03 | 10
#1560-d285 @A: 04 18 16 23 | 08
#1561-d285 @A: 05 19 08 18 | 05
#1562-d285 @A: 26 19 22 18 | 07
#1563-d285 @A: 32 29 18 08 | 01
#1564-d285 @A: 18 29 03 09 | 04
#1565-d285 @A: 08 18 06 27 | 11
#1566-d285 @A: 24 13 18 02 | 12
#1567-d285 @A: 13 35 34 18 | 03
#1568-d285 @A: 18 12 24 26 | 09
#1569-d285 @A: 15 18 33 27 | 02
#1570-d285 @A: 05 07 18 10 | 06
#1571-d285 @A: 23 03 32 18 | 10
#1572-d285 @A: 25 19 30 28 | 08
#1573-d285 @A: 33 32 25 30 | 05
#1574-d285 @A: 27 29 34 30 | 07
#1575-d285 @A: 30 15 13 17 | 01
#1576-d285 @A: 08 01 23 30 | 04
#1577-d285 @A: 30 20 13 08 | 11
#1578-d285 @A: 30 26 31 08 | 12
#1579-d285 @A: 12 30 33 06 | 03
#1580-d285 @A: 07 33 30 13 | 09
#1581-d285 @A: 07 30 26 32 | 02
#1582-d285 @A: 30 04 33 23 | 06
#1583-d285 @A: 20 30 09 10 | 10
#1584-d285 @A: 12 35 30 32 | 08
#1585-d285 @A: 21 34 12 30 | 05
#1586-d285 @A: 13 31 16 25 | 07
#1587-d285 @A: 29 25 28 08 | 01
#1588-d285 @A: 24 12 25 29 | 04
#1589-d285 @A: 25 13 12 06 | 11
#1590-d285 @A: 25 32 24 06 | 12
#1591-d285 @A: 25 07 20 09 | 03
#1592-d285 @A: 10 23 25 35 | 09
#1593-d285 @A: 11 16 09 01 | 02
#1594-d285 @A: 19 11 29 03 | 06
#1595-d285 @A: 14 10 19 11 | 10
#1596-d285 @A: 11 14 01 12 | 08
#1597-d285 @A: 08 11 14 28 | 05
#1598-d285 @A: 11 31 27 04 | 07
#1599-d285 @A: 04 11 33 14 | 01
#1600-d285 @A: 11 31 23 28 | 04
#1601-d285 @A: 11 21 09 28 | 11
#1602-d285 @A: 16 17 28 19 | 12
#1603-d285 @A: 14 07 16 19 | 03
#1604-d285 @A: 16 19 32 22 | 09
#1605-d285 @A: 01 24 16 29 | 02
#1606-d285 @A: 01 16 07 32 | 06
#1607-d285 @A: 20 16 05 01 | 10
#1608-d285 @A: 27 08 16 34 | 08
#1609-d285 @A: 24 21 16 31 | 05
#1610-d285 @A: 35 27 31 16 | 07
#1611-d285 @A: 15 16 33 22 | 01
#1612-d285 @A: 16 21 35 09 | 04
#1613-d285 @A: 31 16 09 12 | 11
#1614-d285 @A: 31 16 32 02 | 12
#1615-d285 @A: 03 01 07 19 | 03
#1616-d285 @A: 15 03 06 19 | 09
#1617-d285 @A: 19 24 23 26 | 02
#1618-d285 @A: 02 19 15 26 | 06
#1619-d285 @A: 05 19 27 02 | 10
#1620-d285 @A: 15 07 19 35 | 08
#1621-d285 @A: 10 12 20 19 | 05
#1622-d285 @A: 19 15 28 10 | 07
#1623-d285 @A: 05 19 23 28 | 01
#1624-d285 @A: 19 21 05 31 | 04
#1625-d285 @A: 29 32 01 26 | 11
#1626-d285 @A: 08 27 23 29 | 12
#1627-d285 @A: 15 29 23 06 | 03
#1628-d285 @A: 29 05 13 07 | 09
#1629-d285 @A: 02 26 04 29 | 02
#1630-d285 @A: 07 29 15 27 | 06
#1631-d285 @A: 21 29 20 23 | 10
#1632-d285 @A: 29 14 02 15 | 08
#1633-d285 @A: 17 32 01 27 | 05
#1634-d285 @A: 33 06 14 17 | 07
#1635-d285 @A: 17 22 26 02 | 01
#1636-d285 @A: 07 10 27 17 | 04
#1637-d285 @A: 17 23 35 27 | 11
#1638-d285 @A: 05 17 14 04 | 12
#1639-d285 @A: 35 05 03 17 | 03
#1640-d285 @A: 03 02 20 17 | 09
#1641-d285 @A: 20 09 15 17 | 02
#1642-d285 @A: 22 28 31 17 | 06
#1643-d285 @A: 17 14 09 28 | 10
#1644-d285 @A: 17 34 32 28 | 08
#1645-d285 @A: 26 13 01 02 | 05
#1646-d285 @A: 21 23 01 24 | 07
#1647-d285 @A: 33 04 01 10 | 01
#1648-d285 @A: 01 20 35 22 | 04
#1649-d285 @A: 31 14 20 01 | 11
#1650-d285 @A: 01 35 23 32 | 12
#1651-d285 @A: 35 01 21 12 | 03
#1652-d285 @A: 35 20 08 15 | 09
#1653-d285 @A: 28 31 34 08 | 02
#1654-d285 @A: 14 08 09 02 | 06
#1655-d285 @A: 13 24 14 06 | 10
#1656-d285 @A: 34 06 13 27 | 08
#1657-d285 @A: 06 13 04 32 | 05
#1658-d285 @A: 27 03 06 24 | 07
#1659-d285 @A: 10 07 06 24 | 01
#1660-d285 @A: 05 20 06 27 | 04
#1661-d285 @A: 21 10 06 35 | 11
#1662-d285 @A: 28 05 06 31 | 12
#1663-d285 @A: 32 06 23 09 | 03
#1664-d285 @A: 14 06 21 02 | 09
#1665-d285 @A: 02 12 13 27 | 02
#1666-d285 @A: 21 10 15 13 | 06
#1667-d285 @A: 35 13 05 21 | 10
#1668-d285 @A: 34 13 14 05 | 08
#1669-d285 @A: 13 03 20 31 | 05
#1670-d285 @A: 22 09 13 35 | 07
#1671-d285 @A: 22 31 13 34 | 01
#1672-d285 @A: 20 26 04 24 | 04
#1673-d285 @A: 26 22 07 27 | 11
#1674-d285 @A: 27 10 26 20 | 12
#1675-d285 @A: 23 28 26 20 | 03
#1676-d285 @A: 34 26 09 22 | 09
#1677-d285 @A: 22 03 24 34 | 02
#1678-d285 @A: 24 15 02 35 | 06
#1679-d285 @A: 09 24 14 22 | 10
#1680-d285 @A: 21 28 34 24 | 08
#1681-d285 @A: 10 27 14 35 | 05
#1682-d285 @A: 10 02 31 27 | 07
#1683-d285 @A: 23 21 04 03 | 01
#1684-d285 @A: 12 04 35 28 | 04
#1685-d285 @A: 03 10 22 07 | 11
#1686-d285 @A: 07 34 10 02 | 12
#1687-d285 @A: 22 20 07 32 | 03
#1688-d285 @A: 28 20 07 02 | 09
#1689-d285 @A: 14 07 21 12 | 02
