#0001-d290 @A: 31 24 33 16 | 11
#0002-d290 @A: 24 32 16 07 | 09
#0003-d290 @A: 16 11 17 26 | 07
#0004-d290 @A: 09 22 11 16 | 01
#0005-d290 @A: 16 29 15 11 | 10
#0006-d290 @A: 25 16 08 20 | 08
#0007-d290 @A: 35 14 09 16 | 06
#0008-d290 @A: 31 16 13 12 | 12
#0009-d290 @A: 15 25 16 31 | 05
#0010-d290 @A: 35 02 16 04 | 03
#0011-d290 @A: 34 16 14 29 | 04
#0012-d290 @A: 12 17 25 16 | 02
#0013-d290 @A: 01 18 21 16 | 11
#0014-d290 @A: 22 32 33 16 | 09
#0015-d290 @A: 33 16 15 10 | 07
#0016-d290 @A: 28 33 19 16 | 01
#0017-d290 @A: 32 23 16 17 | 10
#0018-d290 @A: 13 16 06 10 | 08
#0019-d290 @A: 34 13 16 32 | 06
#0020-d290 @A: 08 11 01 24 | 12
#0021-d290 @A: 34 31 11 24 | 05
#0022-d290 @A: 08 20 18 24 | 03
#0023-d290 @A: 20 12 09 24 | 04
#0024-d290 @A: 07 18 09 24 | 02
#0025-d290 @A: 25 24 23 09 | 11
#0026-d290 @A: 24 23 31 05 | 09
#0027-d290 @A: 21 15 24 31 | 07
#0028-d290 @A: 24 33 35 03 | 01
#0029-d290 @A: 30 29 24 10 | 10
#0030-d290 @A: 18 04 29 24 | 08
#0031-d290 @A: 24 30 27 21 | 06
#0032-d290 @A: 24 17 03 23 | 12
#0033-d290 @A: 27 32 24 23 | 05
#0034-d290 @A: 14 15 24 27 | 03
#0035-d290 @A: 01 32 22 24 | 04
#0036-d290 @A: 24 01 10 15 | 02
#0037-d290 @A: 20 24 01 19 | 11
#0038-d290 @A: 01 28 34 24 | 09
#0039-d290 @A: 13 24 14 22 | 07
#0040-d290 @A: 13 24 19 34 | 01
#0041-d290 @A: 05 11 34 08 | 10
#0042-d290 @A: 34 02 11 35 | 08
#0043-d290 @A: 35 12 11 27 | 06
#0044-d290 @A: 30 04 29 11 | 12
#0045-d290 @A: 34 21 29 11 | 05
#0046-d290 @A: 30 11 28 25 | 03
#0047-d290 @A: 30 13 11 34 | 04
#0048-d290 @A: 28 11 21 02 | 02
#0049-d290 @A: 17 02 11 07 | 11
#0050-d290 @A: 11 27 19 05 | 09
#0051-d290 @A: 07 11 15 23 | 07
#0052-d290 @A: 04 10 11 15 | 01
#0053-d290 @A: 28 34 11 17 | 10
#0054-d290 @A: 14 06 34 11 | 08
#0055-d290 @A: 08 31 23 26 | 06
#0056-d290 @A: 01 08 26 02 | 12
#0057-d290 @A: 08 03 26 18 | 05
#0058-d290 @A: 17 07 08 26 | 03
#0059-d290 @A: 03 09 23 08 | 04
#0060-d290 @A: 02 25 14 08 | 02
#0061-d290 @A: 08 22 18 12 | 11
#0062-d290 @A: 05 01 08 25 | 09
#0063-d290 @A: 10 19 20 08 | 07
#0064-d290 @A: 08 06 15 10 | 01
#0065-d290 @A: 14 08 06 17 | 10
#0066-d290 @A: 08 32 28 14 | 08
#0067-d290 @A: 26 03 12 09 | 06
#0068-d290 @A: 31 25 01 26 | 12
#0069-d290 @A: 26 22 29 35 | 05
#0070-d290 @A: 13 27 29 26 | 03
#0071-d290 @A: 20 21 26 28 | 04
#0072-d290 @A: 26 10 22 07 | 02
#0073-d290 @A: 34 01 26 23 | 11
#0074-d290 @A: 06 26 04 23 | 09
#0075-d290 @A: 17 26 10 20 | 07
#0076-d290 @A: 35 32 09 27 | 01
#0077-d290 @A: 09 03 29 04 | 10
#0078-d290 @A: 30 17 09 27 | 08
#0079-d290 @A: 30 34 09 25 | 06
#0080-d290 @A: 10 09 21 05 | 12
#0081-d290 @A: 05 34 18 09 | 05
#0082-d290 @A: 21 22 09 07 | 03
#0083-d290 @A: 21 09 28 25 | 04
#0084-d290 @A: 19 27 03 09 | 02
#0085-d290 @A: 34 09 14 01 | 11
#0086-d290 @A: 17 23 19 09 | 09
#0087-d290 @A: 09 13 15 10 | 07
#0088-d290 @A: 34 19 09 20 | 01
#0089-d290 @A: 09 20 13 28 | 10
#0090-d290 @A: 19 06 09 15 | 08
#0091-d290 @A: 17 14 09 28 | 06
#0092-d290 @A: 09 17 15 34 | 12
#0093-d290 @A: 25 23 31 35 | 05
#0094-d290 @A: 01 03 31 29 | 03
#0095-d290 @A: 27 06 29 31 | 04
#0096-d290 @A: 13 03 31 02 | 02
#0097-d290 @A: 03 20 31 12 | 11
#0098-d290 @A: 32 27 31 21 | 09
#0099-d290 @A: 25 20 31 04 | 07
#0100-d290 @A: 31 17 28 01 | 01
#0101-d290 @A: 30 21 05 35 | 10
#0102-d290 @A: 35 25 04 12 | 08
#0103-d290 @A: 32 21 07 35 | 06
#0104-d290 @A: 04 03 07 35 | 12
#0105-d290 @A: 33 35 15 27 | 05
#0106-d290 @A: 19 32 35 25 | 03
#0107-d290 @A: 14 01 22 35 | 04
#0108-d290 @A: 23 14 35 10 | 02
#0109-d290 @A: 30 05 15 29 | 11
#0110-d290 @A: 12 02 13 29 | 09
#0111-d290 @A: 18 07 21 29 | 07
#0112-d290 @A: 07 27 01 29 | 01
#0113-d290 @A: 02 30 33 15 | 10
#0114-d290 @A: 12 27 33 30 | 08
#0115-d290 @A: 21 01 13 30 | 06
#0116-d290 @A: 13 27 07 30 | 12
#0117-d290 @A: 30 23 10 19 | 05
#0118-d290 @A: 20 17 14 30 | 03
#0119-d290 @A: 30 13 18 06 | 04
#0120-d290 @A: 32 02 18 12 | 02
#0121-d290 @A: 02 07 05 01 | 11
#0122-d290 @A: 05 02 20 23 | 09
#0123-d290 @A: 33 14 18 02 | 07
#0124-d290 @A: 15 06 18 02 | 01
#0125-d290 @A: 05 21 13 12 | 10
#0126-d290 @A: 27 32 07 12 | 08
#0127-d290 @A: 27 19 23 12 | 06
#0128-d290 @A: 12 07 17 13 | 12
#0129-d290 @A: 01 06 13 12 | 05
#0130-d290 @A: 22 06 12 32 | 03
#0131-d290 @A: 15 28 12 20 | 04
#0132-d290 @A: 06 34 12 18 | 02
#0133-d290 @A: 14 28 05 03 | 11
#0134-d290 @A: 10 17 05 23 | 09
#0135-d290 @A: 15 23 32 05 | 07
#0136-d290 @A: 04 17 22 05 | 01
#0137-d290 @A: 28 19 20 05 | 10
#0138-d290 @A: 27 21 13 19 | 08
#0139-d290 @A: 33 21 01 10 | 06
#0140-d290 @A: 21 17 23 13 | 12
#0141-d290 @A: 21 17 18 32 | 05
#0142-d290 @A: 21 28 34 06 | 03
#0143-d290 @A: 06 28 03 10 | 04
#0144-d290 @A: 13 14 17 03 | 02
#0145-d290 @A: 01 15 27 23 | 11
#0146-d290 @A: 34 13 23 27 | 09
#0147-d290 @A: 20 10 27 14 | 07
#0148-d290 @A: 14 18 27 28 | 01
#0149-d290 @A: 25 19 34 07 | 10
#0150-d290 @A: 07 17 22 14 | 08
#0151-d290 @A: 32 04 07 14 | 06
#0152-d290 @A: 13 07 06 14 | 12
#0153-d290 @A: 18 33 32 13 | 05
#0154-d290 @A: 10 18 04 19 | 03
#0155-d290 @A: 18 13 34 10 | 04
#0156-d290 @A: 11 16 24 06 | 02
#0157-d290 @A: 24 20 22 16 | 11
#0158-d290 @A: 08 16 31 17 | 09
#0159-d290 @A: 08 14 16 07 | 07
#0160-d290 @A: 31 16 26 03 | 01
#0161-d290 @A: 01 05 16 26 | 10
#0162-d290 @A: 16 15 21 09 | 08
#0163-d290 @A: 02 16 01 31 | 06
#0164-d290 @A: 18 10 16 35 | 12
#0165-d290 @A: 29 20 30 16 | 05
#0166-d290 @A: 30 04 25 16 | 03
#0167-d290 @A: 10 02 25 16 | 04
#0168-d290 @A: 16 14 32 02 | 02
#0169-d290 @A: 16 13 07 21 | 11
#0170-d290 @A: 19 16 25 21 | 09
#0171-d290 @A: 16 07 19 27 | 07
#0172-d290 @A: 07 01 16 06 | 01
#0173-d290 @A: 08 32 24 26 | 10
#0174-d290 @A: 35 24 26 01 | 08
#0175-d290 @A: 30 04 26 24 | 06
#0176-d290 @A: 18 26 06 24 | 12
#0177-d290 @A: 09 24 01 21 | 05
#0178-d290 @A: 09 07 24 15 | 03
#0179-d290 @A: 31 10 24 17 | 04
#0180-d290 @A: 24 06 31 14 | 02
#0181-d290 @A: 24 23 35 07 | 11
#0182-d290 @A: 05 30 13 24 | 09
#0183-d290 @A: 22 05 24 03 | 07
#0184-d290 @A: 32 24 05 17 | 01
#0185-d290 @A: 21 22 18 24 | 10
#0186-d290 @A: 03 10 24 25 | 08
#0187-d290 @A: 30 03 11 08 | 06
#0188-d290 @A: 18 30 08 11 | 12
#0189-d290 @A: 08 04 11 06 | 05
#0190-d290 @A: 19 11 26 04 | 03
#0191-d290 @A: 09 13 02 11 | 04
#0192-d290 @A: 31 02 20 11 | 02
#0193-d290 @A: 33 11 18 31 | 11
#0194-d290 @A: 12 11 32 21 | 09
#0195-d290 @A: 11 33 17 22 | 07
#0196-d290 @A: 08 26 06 27 | 01
#0197-d290 @A: 17 08 02 09 | 10
#0198-d290 @A: 08 09 15 01 | 08
#0199-d290 @A: 08 07 31 01 | 06
#0200-d290 @A: 31 34 25 08 | 12
#0201-d290 @A: 35 08 07 13 | 05
#0202-d290 @A: 30 01 08 29 | 03
#0203-d290 @A: 08 29 18 34 | 04
#0204-d290 @A: 02 21 34 08 | 02
#0205-d290 @A: 28 03 08 02 | 11
#0206-d290 @A: 07 05 06 08 | 09
#0207-d290 @A: 08 17 25 27 | 07
#0208-d290 @A: 04 08 33 10 | 01
#0209-d290 @A: 23 04 08 28 | 10
#0210-d290 @A: 08 17 20 32 | 08
#0211-d290 @A: 19 15 18 08 | 06
#0212-d290 @A: 28 08 18 32 | 12
#0213-d290 @A: 09 23 30 26 | 05
#0214-d290 @A: 14 26 09 05 | 03
#0215-d290 @A: 04 31 26 35 | 04
#0216-d290 @A: 35 20 26 27 | 02
#0217-d290 @A: 26 23 35 13 | 11
#0218-d290 @A: 14 30 26 10 | 09
#0219-d290 @A: 26 28 02 18 | 07
#0220-d290 @A: 06 25 03 26 | 01
#0221-d290 @A: 04 07 27 26 | 10
#0222-d290 @A: 10 23 15 26 | 08
#0223-d290 @A: 20 15 26 22 | 06
#0224-d290 @A: 04 14 13 26 | 12
#0225-d290 @A: 18 34 26 14 | 05
#0226-d290 @A: 21 35 09 20 | 03
#0227-d290 @A: 30 14 09 29 | 04
#0228-d290 @A: 09 17 21 03 | 02
#0229-d290 @A: 27 09 34 21 | 11
#0230-d290 @A: 09 10 23 27 | 09
#0231-d290 @A: 20 09 18 25 | 07
#0232-d290 @A: 23 06 18 09 | 01
#0233-d290 @A: 04 18 28 09 | 10
#0234-d290 @A: 31 12 19 06 | 08
#0235-d290 @A: 19 31 07 21 | 06
#0236-d290 @A: 17 25 31 03 | 12
#0237-d290 @A: 15 31 17 27 | 05
#0238-d290 @A: 18 07 14 31 | 03
#0239-d290 @A: 31 22 23 28 | 04
#0240-d290 @A: 31 14 10 04 | 02
#0241-d290 @A: 31 17 20 06 | 11
#0242-d290 @A: 19 15 31 13 | 09
#0243-d290 @A: 35 29 14 05 | 07
#0244-d290 @A: 02 35 25 33 | 01
#0245-d290 @A: 12 10 07 35 | 10
#0246-d290 @A: 35 27 25 13 | 08
#0247-d290 @A: 23 35 32 33 | 06
#0248-d290 @A: 19 10 35 22 | 12
#0249-d290 @A: 35 06 19 20 | 05
#0250-d290 @A: 15 14 17 35 | 03
#0251-d290 @A: 29 27 30 28 | 04
#0252-d290 @A: 29 18 28 30 | 02
#0253-d290 @A: 29 34 05 12 | 11
#0254-d290 @A: 04 05 29 07 | 09
#0255-d290 @A: 29 27 21 15 | 07
#0256-d290 @A: 14 20 33 29 | 01
#0257-d290 @A: 33 15 29 19 | 10
#0258-d290 @A: 28 13 33 29 | 08
#0259-d290 @A: 29 19 20 23 | 06
#0260-d290 @A: 10 13 22 29 | 12
#0261-d290 @A: 28 02 05 30 | 05
#0262-d290 @A: 15 27 30 03 | 03
#0263-d290 @A: 18 30 01 04 | 04
#0264-d290 @A: 01 30 14 06 | 02
#0265-d290 @A: 10 06 20 30 | 11
#0266-d290 @A: 04 14 30 28 | 09
#0267-d290 @A: 25 34 02 12 | 07
#0268-d290 @A: 19 22 13 02 | 01
#0269-d290 @A: 19 17 32 02 | 10
#0270-d290 @A: 34 02 06 15 | 08
#0271-d290 @A: 01 12 07 03 | 06
#0272-d290 @A: 01 19 12 10 | 12
#0273-d290 @A: 17 12 23 15 | 05
#0274-d290 @A: 10 12 17 22 | 03
#0275-d290 @A: 21 20 22 05 | 04
#0276-d290 @A: 25 18 05 27 | 02
#0277-d290 @A: 22 18 07 05 | 11
#0278-d290 @A: 14 20 01 05 | 09
#0279-d290 @A: 19 05 22 23 | 07
#0280-d290 @A: 22 05 10 14 | 01
#0281-d290 @A: 15 21 07 34 | 10
#0282-d290 @A: 20 15 21 06 | 08
#0283-d290 @A: 14 21 19 15 | 06
#0284-d290 @A: 23 03 19 13 | 12
#0285-d290 @A: 22 14 04 03 | 05
#0286-d290 @A: 27 04 10 01 | 03
#0287-d290 @A: 04 27 15 22 | 04
#0288-d290 @A: 10 28 27 32 | 02
#0289-d290 @A: 18 10 27 06 | 11
#0290-d290 @A: 17 27 04 20 | 09
#0291-d290 @A: 07 25 14 10 | 07
#0292-d290 @A: 23 01 07 10 | 01
#0293-d290 @A: 06 33 32 07 | 10
#0294-d290 @A: 20 22 07 19 | 08
#0295-d290 @A: 17 33 25 14 | 06
#0296-d290 @A: 06 25 34 13 | 12
#0297-d290 @A: 32 18 14 01 | 05
#0298-d290 @A: 24 04 16 08 | 03
#0299-d290 @A: 16 05 24 34 | 04
#0300-d290 @A: 16 14 25 24 | 02
#0301-d290 @A: 12 16 23 11 | 11
#0302-d290 @A: 28 11 32 16 | 09
#0303-d290 @A: 18 11 16 32 | 07
#0304-d290 @A: 08 16 05 15 | 01
#0305-d290 @A: 19 03 16 08 | 10
#0306-d290 @A: 05 16 26 18 | 08
#0307-d290 @A: 16 27 10 26 | 06
#0308-d290 @A: 13 16 25 26 | 12
#0309-d290 @A: 31 06 05 16 | 05
#0310-d290 @A: 06 35 12 16 | 03
#0311-d290 @A: 16 29 03 22 | 04
#0312-d290 @A: 10 07 16 03 | 02
#0313-d290 @A: 27 16 13 15 | 11
#0314-d290 @A: 22 23 01 16 | 09
#0315-d290 @A: 33 16 13 04 | 07
#0316-d290 @A: 22 10 28 16 | 01
#0317-d290 @A: 18 20 04 16 | 10
#0318-d290 @A: 16 06 14 04 | 08
#0319-d290 @A: 16 04 34 15 | 06
#0320-d290 @A: 06 32 19 16 | 12
#0321-d290 @A: 28 16 06 18 | 05
#0322-d290 @A: 24 17 09 11 | 03
#0323-d290 @A: 24 22 35 11 | 04
#0324-d290 @A: 13 11 27 24 | 02
#0325-d290 @A: 27 35 24 08 | 11
#0326-d290 @A: 24 17 19 08 | 09
#0327-d290 @A: 09 06 24 35 | 07
#0328-d290 @A: 24 09 10 19 | 01
#0329-d290 @A: 35 24 25 20 | 10
#0330-d290 @A: 02 20 34 24 | 08
#0331-d290 @A: 24 07 14 05 | 06
#0332-d290 @A: 21 24 34 03 | 12
#0333-d290 @A: 18 27 17 24 | 05
#0334-d290 @A: 24 22 33 23 | 03
#0335-d290 @A: 10 24 14 33 | 04
#0336-d290 @A: 28 15 24 22 | 02
#0337-d290 @A: 28 24 20 04 | 11
#0338-d290 @A: 24 17 34 14 | 09
#0339-d290 @A: 08 12 17 11 | 07
#0340-d290 @A: 11 05 09 12 | 01
#0341-d290 @A: 11 32 09 07 | 10
#0342-d290 @A: 10 11 07 29 | 08
#0343-d290 @A: 07 11 01 30 | 06
#0344-d290 @A: 12 11 04 02 | 12
#0345-d290 @A: 02 11 25 19 | 05
#0346-d290 @A: 02 11 01 18 | 03
#0347-d290 @A: 05 21 11 15 | 04
#0348-d290 @A: 01 11 21 19 | 02
#0349-d290 @A: 19 11 14 10 | 11
#0350-d290 @A: 11 14 04 17 | 09
#0351-d290 @A: 30 08 26 35 | 07
#0352-d290 @A: 31 08 20 30 | 01
#0353-d290 @A: 31 32 08 12 | 10
#0354-d290 @A: 35 02 08 18 | 08
#0355-d290 @A: 29 10 08 03 | 06
#0356-d290 @A: 28 08 29 07 | 12
#0357-d290 @A: 15 04 08 29 | 05
#0358-d290 @A: 21 22 30 08 | 03
#0359-d290 @A: 08 15 30 17 | 04
#0360-d290 @A: 15 08 02 20 | 02
#0361-d290 @A: 08 05 04 13 | 11
#0362-d290 @A: 08 21 18 14 | 09
#0363-d290 @A: 32 33 08 01 | 07
#0364-d290 @A: 13 10 17 08 | 01
#0365-d290 @A: 09 26 21 32 | 10
#0366-d290 @A: 31 27 26 14 | 08
#0367-d290 @A: 26 17 19 31 | 06
#0368-d290 @A: 28 26 02 35 | 12
#0369-d290 @A: 07 35 34 26 | 05
#0370-d290 @A: 26 35 06 15 | 03
#0371-d290 @A: 05 02 26 15 | 04
#0372-d290 @A: 21 26 05 34 | 02
#0373-d290 @A: 26 14 22 34 | 11
#0374-d290 @A: 32 20 18 26 | 09
#0375-d290 @A: 34 19 15 26 | 07
#0376-d290 @A: 32 26 34 17 | 01
#0377-d290 @A: 31 09 14 21 | 10
#0378-d290 @A: 10 31 07 09 | 08
#0379-d290 @A: 31 09 19 01 | 06
#0380-d290 @A: 09 35 23 29 | 12
#0381-d290 @A: 18 02 09 22 | 05
#0382-d290 @A: 33 09 05 25 | 03
#0383-d290 @A: 09 03 14 25 | 04
#0384-d290 @A: 07 09 04 20 | 02
#0385-d290 @A: 09 23 33 15 | 11
#0386-d290 @A: 19 35 31 27 | 09
#0387-d290 @A: 31 25 14 29 | 07
#0388-d290 @A: 29 22 31 19 | 01
#0389-d290 @A: 10 03 31 30 | 10
#0390-d290 @A: 06 34 03 31 | 08
#0391-d290 @A: 31 20 10 34 | 06
#0392-d290 @A: 15 32 31 28 | 12
#0393-d290 @A: 20 35 02 29 | 05
#0394-d290 @A: 04 35 30 22 | 03
#0395-d290 @A: 01 15 12 35 | 04
#0396-d290 @A: 19 35 05 34 | 02
#0397-d290 @A: 35 13 28 22 | 11
#0398-d290 @A: 06 17 10 35 | 09
#0399-d290 @A: 32 18 35 04 | 07
#0400-d290 @A: 18 02 29 13 | 01
#0401-d290 @A: 05 29 23 25 | 10
#0402-d290 @A: 29 32 03 27 | 08
#0403-d290 @A: 29 01 04 28 | 06
#0404-d290 @A: 14 22 06 29 | 12
#0405-d290 @A: 13 06 19 29 | 05
#0406-d290 @A: 17 06 28 29 | 03
#0407-d290 @A: 17 30 02 25 | 04
#0408-d290 @A: 33 30 05 22 | 02
#0409-d290 @A: 27 30 19 18 | 11
#0410-d290 @A: 14 30 23 07 | 09
#0411-d290 @A: 13 33 14 30 | 07
#0412-d290 @A: 04 13 30 10 | 01
#0413-d290 @A: 10 15 32 30 | 10
#0414-d290 @A: 04 05 03 02 | 08
#0415-d290 @A: 02 14 07 27 | 06
#0416-d290 @A: 02 13 28 07 | 12
#0417-d290 @A: 15 02 13 01 | 05
#0418-d290 @A: 21 01 22 12 | 03
#0419-d290 @A: 03 12 25 23 | 04
#0420-d290 @A: 27 22 12 25 | 02
#0421-d290 @A: 15 27 12 10 | 11
#0422-d290 @A: 21 05 28 18 | 09
#0423-d290 @A: 05 15 03 07 | 07
#0424-d290 @A: 25 19 03 05 | 01
#0425-d290 @A: 10 05 20 04 | 10
#0426-d290 @A: 05 28 10 13 | 08
#0427-d290 @A: 21 01 23 06 | 06
#0428-d290 @A: 14 23 21 22 | 12
#0429-d290 @A: 23 19 21 04 | 05
#0430-d290 @A: 34 19 21 10 | 03
#0431-d290 @A: 28 32 04 21 | 04
#0432-d290 @A: 27 03 04 25 | 02
#0433-d290 @A: 13 03 34 01 | 11
#0434-d290 @A: 19 10 33 03 | 09
#0435-d290 @A: 03 15 23 34 | 07
#0436-d290 @A: 28 22 03 34 | 01
#0437-d290 @A: 17 33 01 27 | 10
#0438-d290 @A: 13 04 27 28 | 08
#0439-d290 @A: 07 22 28 33 | 06
#0440-d290 @A: 13 07 10 19 | 12
#0441-d290 @A: 25 01 04 14 | 05
#0442-d290 @A: 32 20 25 28 | 03
#0443-d290 @A: 13 19 25 18 | 04
#0444-d290 @A: 23 19 01 18 | 02
#0445-d290 @A: 28 33 15 18 | 11
#0446-d290 @A: 21 11 14 16 | 09
#0447-d290 @A: 19 13 16 11 | 07
#0448-d290 @A: 08 16 10 09 | 01
#0449-d290 @A: 06 09 16 25 | 10
#0450-d290 @A: 07 28 16 35 | 08
#0451-d290 @A: 29 19 16 10 | 06
#0452-d290 @A: 02 03 30 16 | 12
#0453-d290 @A: 30 19 12 16 | 05
#0454-d290 @A: 21 17 02 16 | 03
#0455-d290 @A: 25 03 16 28 | 04
#0456-d290 @A: 16 06 34 22 | 02
#0457-d290 @A: 11 05 10 24 | 11
#0458-d290 @A: 21 20 24 11 | 09
#0459-d290 @A: 09 13 24 26 | 07
#0460-d290 @A: 12 17 35 24 | 01
#0461-d290 @A: 35 18 12 24 | 10
#0462-d290 @A: 24 29 07 13 | 08
#0463-d290 @A: 14 24 28 29 | 06
#0464-d290 @A: 02 23 24 18 | 12
#0465-d290 @A: 05 19 18 24 | 05
#0466-d290 @A: 24 15 33 34 | 03
#0467-d290 @A: 17 04 15 24 | 04
#0468-d290 @A: 11 19 08 35 | 02
#0469-d290 @A: 08 29 11 13 | 11
#0470-d290 @A: 11 27 10 08 | 09
#0471-d290 @A: 23 26 11 03 | 07
#0472-d290 @A: 11 13 31 07 | 01
#0473-d290 @A: 11 32 06 31 | 10
#0474-d290 @A: 11 25 35 17 | 08
#0475-d290 @A: 35 01 11 04 | 06
#0476-d290 @A: 05 11 22 29 | 12
#0477-d290 @A: 02 10 33 11 | 05
#0478-d290 @A: 11 10 06 12 | 03
#0479-d290 @A: 11 07 33 05 | 04
#0480-d290 @A: 11 07 22 03 | 02
#0481-d290 @A: 15 11 25 03 | 11
#0482-d290 @A: 01 10 20 11 | 09
#0483-d290 @A: 23 32 11 19 | 07
#0484-d290 @A: 20 22 11 06 | 01
#0485-d290 @A: 20 19 11 17 | 10
#0486-d290 @A: 13 04 11 32 | 08
#0487-d290 @A: 28 15 19 11 | 06
#0488-d290 @A: 34 11 32 15 | 12
#0489-d290 @A: 09 31 08 22 | 05
#0490-d290 @A: 06 29 09 08 | 03
#0491-d290 @A: 35 08 31 29 | 04
#0492-d290 @A: 12 08 02 19 | 02
#0493-d290 @A: 07 04 08 12 | 11
#0494-d290 @A: 01 08 18 05 | 09
#0495-d290 @A: 25 08 23 18 | 07
#0496-d290 @A: 08 13 01 23 | 01
#0497-d290 @A: 22 08 14 19 | 10
#0498-d290 @A: 30 33 26 31 | 08
#0499-d290 @A: 30 20 01 26 | 06
#0500-d290 @A: 26 12 04 15 | 12
#0501-d290 @A: 25 26 21 33 | 05
#0502-d290 @A: 21 26 04 17 | 03
#0503-d290 @A: 28 07 03 26 | 04
#0504-d290 @A: 26 10 25 18 | 02
#0505-d290 @A: 33 26 19 18 | 11
#0506-d290 @A: 28 26 33 14 | 09
#0507-d290 @A: 14 20 26 06 | 07
#0508-d290 @A: 33 09 35 31 | 01
#0509-d290 @A: 32 09 29 33 | 10
#0510-d290 @A: 30 10 02 09 | 08
#0511-d290 @A: 12 27 13 09 | 06
#0512-d290 @A: 23 12 09 34 | 12
#0513-d290 @A: 34 09 03 33 | 05
#0514-d290 @A: 25 07 27 09 | 03
#0515-d290 @A: 20 17 09 25 | 04
#0516-d290 @A: 09 18 17 01 | 02
#0517-d290 @A: 22 09 19 33 | 11
#0518-d290 @A: 32 09 19 04 | 09
#0519-d290 @A: 17 09 06 04 | 07
#0520-d290 @A: 31 35 05 20 | 01
#0521-d290 @A: 23 07 31 29 | 10
#0522-d290 @A: 31 29 34 32 | 08
#0523-d290 @A: 31 05 04 30 | 06
#0524-d290 @A: 02 31 21 33 | 12
#0525-d290 @A: 02 10 18 31 | 05
#0526-d290 @A: 07 28 31 12 | 03
#0527-d290 @A: 25 21 31 06 | 04
#0528-d290 @A: 27 31 22 03 | 02
#0529-d290 @A: 31 33 34 23 | 11
#0530-d290 @A: 31 06 33 15 | 09
#0531-d290 @A: 03 30 35 19 | 07
#0532-d290 @A: 25 35 06 30 | 01
#0533-d290 @A: 12 03 35 13 | 10
#0534-d290 @A: 22 20 35 33 | 08
#0535-d290 @A: 23 34 22 35 | 06
#0536-d290 @A: 23 15 19 35 | 12
#0537-d290 @A: 35 20 04 32 | 05
#0538-d290 @A: 04 35 06 34 | 03
#0539-d290 @A: 35 19 18 34 | 04
#0540-d290 @A: 32 28 35 17 | 02
#0541-d290 @A: 32 02 29 25 | 11
#0542-d290 @A: 29 33 27 22 | 09
#0543-d290 @A: 15 29 13 23 | 07
#0544-d290 @A: 06 12 30 02 | 01
#0545-d290 @A: 30 12 05 17 | 10
#0546-d290 @A: 30 12 10 21 | 08
#0547-d290 @A: 30 03 20 33 | 06
#0548-d290 @A: 25 30 19 14 | 12
#0549-d290 @A: 30 28 33 10 | 05
#0550-d290 @A: 22 20 28 30 | 03
#0551-d290 @A: 12 14 02 01 | 04
#0552-d290 @A: 01 17 02 04 | 02
#0553-d290 @A: 20 02 33 04 | 11
#0554-d290 @A: 02 34 32 33 | 09
#0555-d290 @A: 22 28 02 32 | 07
#0556-d290 @A: 20 17 28 02 | 01
#0557-d290 @A: 12 05 10 03 | 10
#0558-d290 @A: 21 25 14 12 | 08
#0559-d290 @A: 12 23 13 22 | 06
#0560-d290 @A: 28 12 22 19 | 12
#0561-d290 @A: 13 12 04 20 | 05
#0562-d290 @A: 05 25 21 17 | 03
#0563-d290 @A: 14 06 21 05 | 04
#0564-d290 @A: 05 34 32 22 | 02
#0565-d290 @A: 18 15 13 05 | 11
#0566-d290 @A: 21 25 27 10 | 09
#0567-d290 @A: 34 01 21 04 | 07
#0568-d290 @A: 15 21 01 17 | 01
#0569-d290 @A: 17 21 19 33 | 10
#0570-d290 @A: 13 10 21 20 | 08
#0571-d290 @A: 34 21 18 20 | 06
#0572-d290 @A: 17 32 06 21 | 12
#0573-d290 @A: 14 34 13 21 | 05
#0574-d290 @A: 22 01 33 03 | 03
#0575-d290 @A: 19 03 06 01 | 04
#0576-d290 @A: 03 20 17 22 | 02
#0577-d290 @A: 06 03 15 17 | 11
#0578-d290 @A: 15 32 27 06 | 09
#0579-d290 @A: 01 17 25 07 | 07
#0580-d290 @A: 06 07 25 20 | 01
#0581-d290 @A: 18 10 07 15 | 10
#0582-d290 @A: 17 19 07 06 | 08
#0583-d290 @A: 25 22 01 19 | 06
#0584-d290 @A: 32 01 25 34 | 12
#0585-d290 @A: 28 34 25 33 | 05
#0586-d290 @A: 10 04 25 23 | 03
#0587-d290 @A: 23 25 13 32 | 04
#0588-d290 @A: 25 22 20 13 | 02
#0589-d290 @A: 17 22 06 25 | 11
#0590-d290 @A: 34 14 20 25 | 09
#0591-d290 @A: 18 34 04 33 | 07
#0592-d290 @A: 19 22 18 17 | 01
#0593-d290 @A: 27 24 01 16 | 10
#0594-d290 @A: 08 33 11 16 | 08
#0595-d290 @A: 35 31 11 16 | 06
#0596-d290 @A: 23 16 08 35 | 12
#0597-d290 @A: 02 13 16 08 | 05
#0598-d290 @A: 16 08 17 18 | 03
#0599-d290 @A: 33 16 26 02 | 04
#0600-d290 @A: 14 16 12 26 | 02
#0601-d290 @A: 02 20 09 16 | 11
#0602-d290 @A: 09 13 16 23 | 09
#0603-d290 @A: 02 28 16 29 | 07
#0604-d290 @A: 27 02 16 06 | 01
#0605-d290 @A: 15 02 19 16 | 10
#0606-d290 @A: 23 16 27 25 | 08
#0607-d290 @A: 13 27 18 16 | 06
#0608-d290 @A: 20 04 01 16 | 12
#0609-d290 @A: 14 01 19 16 | 05
#0610-d290 @A: 16 22 17 15 | 03
#0611-d290 @A: 10 17 16 14 | 04
#0612-d290 @A: 16 13 17 20 | 02
#0613-d290 @A: 06 16 20 28 | 11
#0614-d290 @A: 26 24 33 11 | 09
#0615-d290 @A: 19 11 24 30 | 07
#0616-d290 @A: 02 24 11 15 | 01
#0617-d290 @A: 24 06 25 08 | 10
#0618-d290 @A: 26 07 19 24 | 08
#0619-d290 @A: 30 09 24 03 | 06
#0620-d290 @A: 05 24 35 15 | 12
#0621-d290 @A: 21 24 35 14 | 05
#0622-d290 @A: 24 30 14 02 | 03
#0623-d290 @A: 23 12 24 30 | 04
#0624-d290 @A: 19 27 24 22 | 02
#0625-d290 @A: 05 26 11 30 | 11
#0626-d290 @A: 27 15 26 11 | 09
#0627-d290 @A: 11 15 09 35 | 07
#0628-d290 @A: 11 17 31 30 | 01
#0629-d290 @A: 11 03 31 19 | 10
#0630-d290 @A: 05 23 35 11 | 08
#0631-d290 @A: 11 20 35 07 | 06
#0632-d290 @A: 11 30 12 15 | 12
#0633-d290 @A: 11 12 01 34 | 05
#0634-d290 @A: 06 11 21 07 | 03
#0635-d290 @A: 25 13 21 11 | 04
#0636-d290 @A: 25 33 27 11 | 02
#0637-d290 @A: 23 34 11 10 | 11
#0638-d290 @A: 23 06 11 28 | 09
#0639-d290 @A: 17 11 18 28 | 07
#0640-d290 @A: 08 09 20 26 | 01
#0641-d290 @A: 26 10 05 08 | 10
#0642-d290 @A: 10 08 07 30 | 08
#0643-d290 @A: 08 12 21 28 | 06
#0644-d290 @A: 08 32 05 27 | 12
#0645-d290 @A: 27 03 08 13 | 05
#0646-d290 @A: 08 07 03 20 | 03
#0647-d290 @A: 01 14 03 08 | 04
#0648-d290 @A: 20 04 22 08 | 02
#0649-d290 @A: 04 08 18 13 | 11
#0650-d290 @A: 31 26 06 09 | 09
#0651-d290 @A: 26 31 29 21 | 07
#0652-d290 @A: 26 12 10 31 | 01
#0653-d290 @A: 31 13 26 32 | 10
#0654-d290 @A: 21 19 35 26 | 08
#0655-d290 @A: 29 32 07 26 | 06
#0656-d290 @A: 29 15 26 18 | 12
#0657-d290 @A: 22 30 26 27 | 05
#0658-d290 @A: 26 34 03 27 | 03
#0659-d290 @A: 26 32 22 23 | 04
#0660-d290 @A: 32 14 15 26 | 02
#0661-d290 @A: 15 30 31 09 | 11
#0662-d290 @A: 22 28 09 05 | 09
#0663-d290 @A: 04 09 22 13 | 07
#0664-d290 @A: 32 17 09 22 | 01
#0665-d290 @A: 09 15 32 20 | 10
#0666-d290 @A: 31 27 28 25 | 08
#0667-d290 @A: 32 22 31 04 | 06
#0668-d290 @A: 13 31 06 28 | 12
#0669-d290 @A: 27 29 34 35 | 05
#0670-d290 @A: 10 33 29 35 | 03
#0671-d290 @A: 07 30 35 33 | 04
#0672-d290 @A: 02 12 22 35 | 02
#0673-d290 @A: 21 13 35 02 | 11
#0674-d290 @A: 03 17 35 02 | 09
#0675-d290 @A: 28 05 35 27 | 07
#0676-d290 @A: 35 04 21 10 | 01
#0677-d290 @A: 22 07 35 27 | 10
#0678-d290 @A: 32 14 35 34 | 08
#0679-d290 @A: 30 29 07 22 | 06
#0680-d290 @A: 02 29 23 10 | 12
#0681-d290 @A: 21 29 07 14 | 05
#0682-d290 @A: 23 29 17 22 | 03
#0683-d290 @A: 28 34 23 29 | 04
#0684-d290 @A: 29 34 17 10 | 02
#0685-d290 @A: 15 34 20 29 | 11
#0686-d290 @A: 34 04 29 13 | 09
#0687-d290 @A: 19 29 17 14 | 07
#0688-d290 @A: 32 05 20 30 | 01
#0689-d290 @A: 30 07 03 17 | 10
#0690-d290 @A: 22 30 23 15 | 08
#0691-d290 @A: 30 34 22 10 | 06
#0692-d290 @A: 04 15 20 30 | 12
#0693-d290 @A: 13 30 19 20 | 05
#0694-d290 @A: 18 30 14 34 | 03
#0695-d290 @A: 03 22 02 21 | 04
#0696-d290 @A: 02 23 19 01 | 02
#0697-d290 @A: 14 23 02 13 | 11
#0698-d290 @A: 02 32 15 04 | 09
#0699-d290 @A: 12 14 05 04 | 07
#0700-d290 @A: 21 03 19 12 | 01
#0701-d290 @A: 27 12 14 34 | 10
#0702-d290 @A: 12 07 23 18 | 08
#0703-d290 @A: 04 12 32 23 | 06
#0704-d290 @A: 04 28 12 06 | 12
#0705-d290 @A: 07 05 10 34 | 05
#0706-d290 @A: 05 01 22 06 | 03
#0707-d290 @A: 19 13 33 05 | 04
#0708-d290 @A: 05 06 20 34 | 02
#0709-d290 @A: 19 04 05 06 | 11
#0710-d290 @A: 32 18 06 05 | 09
#0711-d290 @A: 32 21 15 03 | 07
#0712-d290 @A: 27 17 14 21 | 01
#0713-d290 @A: 19 32 22 21 | 10
#0714-d290 @A: 01 17 03 32 | 08
#0715-d290 @A: 03 32 04 33 | 06
#0716-d290 @A: 06 03 18 33 | 12
#0717-d290 @A: 28 20 03 23 | 05
#0718-d290 @A: 06 22 13 03 | 03
#0719-d290 @A: 32 34 03 10 | 04
#0720-d290 @A: 27 01 14 13 | 02
#0721-d290 @A: 27 18 04 23 | 11
#0722-d290 @A: 20 34 07 01 | 09
#0723-d290 @A: 13 23 04 07 | 07
#0724-d290 @A: 23 28 17 07 | 01
#0725-d290 @A: 34 07 06 23 | 10
#0726-d290 @A: 23 20 25 01 | 08
#0727-d290 @A: 33 25 23 06 | 06
#0728-d290 @A: 18 25 33 17 | 12
#0729-d290 @A: 25 23 17 34 | 05
#0730-d290 @A: 22 25 14 28 | 03
#0731-d290 @A: 25 10 19 06 | 04
#0732-d290 @A: 01 11 16 03 | 02
#0733-d290 @A: 16 27 11 20 | 11
#0734-d290 @A: 12 16 08 22 | 09
#0735-d290 @A: 16 26 30 34 | 07
#0736-d290 @A: 16 20 26 19 | 01
#0737-d290 @A: 23 31 19 16 | 10
#0738-d290 @A: 27 16 35 17 | 08
#0739-d290 @A: 05 28 16 12 | 06
#0740-d290 @A: 15 16 03 12 | 12
#0741-d290 @A: 33 16 12 07 | 05
#0742-d290 @A: 27 28 16 21 | 03
#0743-d290 @A: 14 03 16 20 | 04
#0744-d290 @A: 33 20 34 16 | 02
#0745-d290 @A: 22 16 14 18 | 11
#0746-d290 @A: 08 33 24 30 | 09
#0747-d290 @A: 23 08 02 24 | 07
#0748-d290 @A: 23 21 24 26 | 01
#0749-d290 @A: 31 01 18 24 | 10
#0750-d290 @A: 35 24 34 30 | 08
#0751-d290 @A: 24 02 32 35 | 06
#0752-d290 @A: 24 29 01 25 | 12
#0753-d290 @A: 28 32 24 30 | 05
#0754-d290 @A: 01 03 02 24 | 03
#0755-d290 @A: 07 24 12 25 | 04
#0756-d290 @A: 13 24 12 33 | 02
#0757-d290 @A: 21 24 22 25 | 11
#0758-d290 @A: 01 33 24 07 | 09
#0759-d290 @A: 24 04 25 33 | 07
#0760-d290 @A: 25 24 34 18 | 01
#0761-d290 @A: 01 24 23 14 | 10
#0762-d290 @A: 28 24 33 06 | 08
#0763-d290 @A: 04 23 24 34 | 06
#0764-d290 @A: 06 24 04 32 | 12
#0765-d290 @A: 24 15 13 32 | 05
#0766-d290 @A: 11 09 29 19 | 03
#0767-d290 @A: 06 35 11 13 | 04
#0768-d290 @A: 22 27 21 11 | 02
#0769-d290 @A: 11 20 03 34 | 11
#0770-d290 @A: 20 15 33 11 | 09
#0771-d290 @A: 22 15 14 11 | 07
#0772-d290 @A: 20 32 11 14 | 01
#0773-d290 @A: 28 14 11 13 | 10
#0774-d290 @A: 26 33 19 08 | 08
#0775-d290 @A: 21 04 09 08 | 06
#0776-d290 @A: 08 29 25 19 | 12
#0777-d290 @A: 08 23 25 30 | 05
#0778-d290 @A: 06 12 03 08 | 03
#0779-d290 @A: 03 08 21 05 | 04
#0780-d290 @A: 05 20 08 33 | 02
#0781-d290 @A: 23 21 08 07 | 11
#0782-d290 @A: 08 03 34 17 | 09
#0783-d290 @A: 06 23 20 08 | 07
#0784-d290 @A: 08 15 34 22 | 01
#0785-d290 @A: 02 26 09 22 | 10
#0786-d290 @A: 07 31 15 26 | 08
#0787-d290 @A: 35 26 03 05 | 06
#0788-d290 @A: 02 26 30 13 | 12
#0789-d290 @A: 26 30 28 12 | 05
#0790-d290 @A: 02 19 26 03 | 03
#0791-d290 @A: 26 02 32 27 | 04
#0792-d290 @A: 26 12 20 23 | 02
#0793-d290 @A: 10 26 03 21 | 11
#0794-d290 @A: 20 03 26 13 | 09
#0795-d290 @A: 10 26 04 28 | 07
#0796-d290 @A: 31 03 09 28 | 01
#0797-d290 @A: 09 13 34 31 | 10
#0798-d290 @A: 19 35 09 02 | 08
#0799-d290 @A: 09 21 29 13 | 06
#0800-d290 @A: 15 28 09 29 | 12
#0801-d290 @A: 21 30 19 09 | 05
#0802-d290 @A: 33 18 30 09 | 03
#0803-d290 @A: 19 25 09 12 | 04
#0804-d290 @A: 13 17 09 01 | 02
#0805-d290 @A: 13 09 33 06 | 11
#0806-d290 @A: 20 09 14 23 | 09
#0807-d290 @A: 28 09 23 32 | 07
#0808-d290 @A: 22 35 31 06 | 01
#0809-d290 @A: 31 21 30 34 | 10
#0810-d290 @A: 02 07 25 31 | 08
#0811-d290 @A: 31 28 04 02 | 06
#0812-d290 @A: 12 31 25 33 | 12
#0813-d290 @A: 04 33 07 31 | 05
#0814-d290 @A: 31 01 33 13 | 03
#0815-d290 @A: 34 31 01 15 | 04
#0816-d290 @A: 20 28 31 33 | 02
#0817-d290 @A: 23 31 10 06 | 11
#0818-d290 @A: 31 23 13 20 | 09
#0819-d290 @A: 31 23 04 15 | 07
#0820-d290 @A: 31 19 20 32 | 01
#0821-d290 @A: 34 04 31 19 | 10
#0822-d290 @A: 12 19 35 29 | 08
#0823-d290 @A: 35 06 07 29 | 06
#0824-d290 @A: 05 02 06 35 | 12
#0825-d290 @A: 21 22 35 17 | 05
#0826-d290 @A: 13 35 34 33 | 03
#0827-d290 @A: 20 18 06 35 | 04
#0828-d290 @A: 01 19 29 34 | 02
#0829-d290 @A: 06 18 29 17 | 11
#0830-d290 @A: 14 13 32 29 | 09
#0831-d290 @A: 19 07 05 30 | 07
#0832-d290 @A: 03 30 25 13 | 01
#0833-d290 @A: 18 30 32 25 | 10
#0834-d290 @A: 01 04 32 30 | 08
#0835-d290 @A: 30 19 22 17 | 06
#0836-d290 @A: 32 19 34 30 | 12
#0837-d290 @A: 13 32 17 30 | 05
#0838-d290 @A: 30 13 15 06 | 03
#0839-d290 @A: 12 05 33 02 | 04
#0840-d290 @A: 33 02 01 28 | 02
#0841-d290 @A: 23 06 17 02 | 11
#0842-d290 @A: 23 15 28 02 | 09
#0843-d290 @A: 17 10 15 02 | 07
#0844-d290 @A: 34 02 04 14 | 01
#0845-d290 @A: 01 32 28 12 | 10
#0846-d290 @A: 01 12 06 18 | 08
#0847-d290 @A: 33 23 12 10 | 06
#0848-d290 @A: 19 04 17 12 | 12
#0849-d290 @A: 32 17 14 12 | 05
#0850-d290 @A: 05 01 03 23 | 03
#0851-d290 @A: 10 01 32 05 | 04
#0852-d290 @A: 33 05 04 23 | 02
#0853-d290 @A: 05 13 06 23 | 11
#0854-d290 @A: 13 21 04 03 | 09
#0855-d290 @A: 28 01 21 14 | 07
#0856-d290 @A: 23 21 28 10 | 01
#0857-d290 @A: 14 23 03 32 | 10
#0858-d290 @A: 22 19 03 15 | 08
#0859-d290 @A: 18 03 22 15 | 06
#0860-d290 @A: 03 04 10 17 | 12
#0861-d290 @A: 03 18 28 20 | 05
#0862-d290 @A: 17 28 19 03 | 03
#0863-d290 @A: 07 18 27 20 | 04
#0864-d290 @A: 01 34 22 27 | 02
#0865-d290 @A: 33 28 27 23 | 11
#0866-d290 @A: 19 20 15 27 | 09
#0867-d290 @A: 17 27 13 06 | 07
#0868-d290 @A: 07 33 23 19 | 01
#0869-d290 @A: 14 07 20 28 | 10
#0870-d290 @A: 15 23 18 32 | 08
#0871-d290 @A: 34 22 18 28 | 06
#0872-d290 @A: 16 13 24 03 | 12
#0873-d290 @A: 29 32 16 08 | 05
#0874-d290 @A: 06 26 29 16 | 03
#0875-d290 @A: 26 07 23 16 | 04
#0876-d290 @A: 16 29 31 04 | 02
#0877-d290 @A: 16 12 27 29 | 11
#0878-d290 @A: 29 16 18 19 | 09
#0879-d290 @A: 32 16 21 30 | 07
#0880-d290 @A: 13 30 16 22 | 01
#0881-d290 @A: 27 16 22 05 | 10
#0882-d290 @A: 14 13 05 16 | 08
#0883-d290 @A: 21 03 06 16 | 06
#0884-d290 @A: 27 16 33 03 | 12
#0885-d290 @A: 16 04 03 23 | 05
#0886-d290 @A: 33 25 01 16 | 03
#0887-d290 @A: 34 01 10 16 | 04
#0888-d290 @A: 34 16 23 18 | 02
#0889-d290 @A: 24 11 04 03 | 11
#0890-d290 @A: 05 09 08 24 | 09
#0891-d290 @A: 29 22 24 08 | 07
#0892-d290 @A: 31 20 26 24 | 01
#0893-d290 @A: 09 24 04 31 | 10
#0894-d290 @A: 24 09 14 32 | 08
#0895-d290 @A: 31 13 35 24 | 06
#0896-d290 @A: 31 02 27 24 | 12
#0897-d290 @A: 07 24 20 30 | 05
#0898-d290 @A: 05 12 24 01 | 03
#0899-d290 @A: 28 03 12 24 | 04
#0900-d290 @A: 05 21 33 24 | 02
#0901-d290 @A: 05 24 04 27 | 11
#0902-d290 @A: 28 19 24 21 | 09
#0903-d290 @A: 34 27 25 24 | 07
#0904-d290 @A: 24 17 20 33 | 01
#0905-d290 @A: 25 08 11 07 | 10
#0906-d290 @A: 08 23 22 11 | 08
#0907-d290 @A: 12 26 11 13 | 06
#0908-d290 @A: 09 11 33 21 | 12
#0909-d290 @A: 11 25 01 09 | 05
#0910-d290 @A: 04 21 31 11 | 03
#0911-d290 @A: 11 31 27 01 | 04
#0912-d290 @A: 32 29 35 11 | 02
#0913-d290 @A: 33 03 12 11 | 11
#0914-d290 @A: 03 11 10 13 | 09
#0915-d290 @A: 27 11 07 34 | 07
#0916-d290 @A: 06 11 01 15 | 01
#0917-d290 @A: 04 11 34 33 | 10
#0918-d290 @A: 11 22 10 32 | 08
#0919-d290 @A: 13 11 18 20 | 06
#0920-d290 @A: 13 09 25 08 | 12
#0921-d290 @A: 08 09 18 10 | 05
#0922-d290 @A: 13 31 08 14 | 03
#0923-d290 @A: 08 02 10 35 | 04
#0924-d290 @A: 03 32 35 08 | 02
#0925-d290 @A: 29 21 17 08 | 11
#0926-d290 @A: 08 07 18 06 | 09
#0927-d290 @A: 17 22 08 01 | 07
#0928-d290 @A: 15 08 28 33 | 01
#0929-d290 @A: 10 08 34 14 | 10
#0930-d290 @A: 29 10 09 26 | 08
#0931-d290 @A: 34 26 31 02 | 06
#0932-d290 @A: 31 05 26 22 | 12
#0933-d290 @A: 04 02 29 26 | 05
#0934-d290 @A: 23 02 25 26 | 03
#0935-d290 @A: 21 12 27 26 | 04
#0936-d290 @A: 26 07 13 05 | 02
#0937-d290 @A: 21 26 01 07 | 11
#0938-d290 @A: 25 26 19 27 | 09
#0939-d290 @A: 26 01 18 27 | 07
#0940-d290 @A: 33 26 04 22 | 01
#0941-d290 @A: 23 26 19 14 | 10
#0942-d290 @A: 15 17 26 28 | 08
#0943-d290 @A: 31 32 25 09 | 06
#0944-d290 @A: 35 09 03 22 | 12
#0945-d290 @A: 29 09 34 07 | 05
#0946-d290 @A: 05 09 34 02 | 03
#0947-d290 @A: 09 02 23 21 | 04
#0948-d290 @A: 09 03 15 02 | 02
#0949-d290 @A: 22 12 15 09 | 11
#0950-d290 @A: 20 09 22 10 | 09
#0951-d290 @A: 31 02 35 14 | 07
#0952-d290 @A: 31 34 35 12 | 01
#0953-d290 @A: 13 31 30 29 | 10
#0954-d290 @A: 30 02 31 19 | 08
#0955-d290 @A: 22 02 15 31 | 06
#0956-d290 @A: 04 27 12 31 | 12
#0957-d290 @A: 01 21 31 05 | 05
#0958-d290 @A: 31 13 25 05 | 03
#0959-d290 @A: 20 07 27 31 | 04
#0960-d290 @A: 13 27 31 10 | 02
#0961-d290 @A: 17 23 14 31 | 11
#0962-d290 @A: 18 20 22 31 | 09
#0963-d290 @A: 13 17 04 31 | 07
#0964-d290 @A: 05 33 17 35 | 01
#0965-d290 @A: 03 35 01 25 | 10
#0966-d290 @A: 17 35 18 03 | 08
#0967-d290 @A: 27 04 23 35 | 06
#0968-d290 @A: 32 35 01 06 | 12
#0969-d290 @A: 35 13 20 14 | 05
#0970-d290 @A: 35 04 19 28 | 03
#0971-d290 @A: 07 29 02 19 | 04
#0972-d290 @A: 14 03 12 29 | 02
#0973-d290 @A: 15 12 29 07 | 11
#0974-d290 @A: 29 23 12 06 | 09
#0975-d290 @A: 04 12 29 22 | 07
#0976-d290 @A: 05 18 20 29 | 01
#0977-d290 @A: 20 25 27 29 | 10
#0978-d290 @A: 29 32 23 01 | 08
#0979-d290 @A: 20 13 29 01 | 06
#0980-d290 @A: 29 04 23 14 | 12
#0981-d290 @A: 04 20 29 06 | 05
#0982-d290 @A: 02 07 30 32 | 03
#0983-d290 @A: 30 25 12 01 | 04
#0984-d290 @A: 21 15 02 12 | 02
#0985-d290 @A: 21 19 18 02 | 11
#0986-d290 @A: 03 07 34 02 | 09
#0987-d290 @A: 02 15 25 27 | 07
#0988-d290 @A: 02 01 22 10 | 01
#0989-d290 @A: 13 34 10 02 | 10
#0990-d290 @A: 06 04 13 02 | 08
#0991-d290 @A: 02 06 14 19 | 06
#0992-d290 @A: 02 34 28 19 | 12
#0993-d290 @A: 17 34 18 02 | 05
#0994-d290 @A: 12 07 05 22 | 03
#0995-d290 @A: 06 05 12 25 | 04
#0996-d290 @A: 33 12 04 01 | 02
#0997-d290 @A: 17 12 20 01 | 11
#0998-d290 @A: 33 22 12 14 | 09
#0999-d290 @A: 19 34 12 33 | 07
#1000-d290 @A: 28 17 12 33 | 01
#1001-d290 @A: 28 34 10 12 | 10
#1002-d290 @A: 12 32 13 19 | 08
#1003-d290 @A: 03 06 27 05 | 06
#1004-d290 @A: 19 10 15 05 | 12
#1005-d290 @A: 03 07 21 25 | 05
#1006-d290 @A: 33 28 21 03 | 03
#1007-d290 @A: 33 07 21 27 | 04
#1008-d290 @A: 20 21 18 33 | 02
#1009-d290 @A: 13 21 33 32 | 11
#1010-d290 @A: 18 23 21 10 | 09
#1011-d290 @A: 34 21 32 23 | 07
#1012-d290 @A: 10 22 15 21 | 01
#1013-d290 @A: 14 32 21 10 | 10
#1014-d290 @A: 33 27 34 10 | 08
#1015-d290 @A: 27 22 32 13 | 06
#1016-d290 @A: 10 19 27 17 | 12
#1017-d290 @A: 15 04 27 18 | 05
#1018-d290 @A: 15 17 33 07 | 03
#1019-d290 @A: 34 17 04 07 | 04
#1020-d290 @A: 25 01 10 13 | 02
#1021-d290 @A: 25 17 28 10 | 11
#1022-d290 @A: 25 32 04 17 | 09
#1023-d290 @A: 20 01 18 15 | 07
#1024-d290 @A: 24 29 16 09 | 01
#1025-d290 @A: 16 17 24 30 | 10
#1026-d290 @A: 24 21 16 10 | 08
#1027-d290 @A: 16 01 08 21 | 06
#1028-d290 @A: 21 16 26 22 | 12
#1029-d290 @A: 16 09 33 30 | 05
#1030-d290 @A: 18 16 15 09 | 03
#1031-d290 @A: 29 13 16 35 | 04
#1032-d290 @A: 21 16 29 23 | 02
#1033-d290 @A: 17 01 16 29 | 11
#1034-d290 @A: 16 23 05 30 | 09
#1035-d290 @A: 15 30 07 16 | 07
#1036-d290 @A: 16 07 22 02 | 01
#1037-d290 @A: 20 16 32 12 | 10
#1038-d290 @A: 05 16 03 17 | 08
#1039-d290 @A: 03 07 16 18 | 06
#1040-d290 @A: 16 01 15 32 | 12
#1041-d290 @A: 34 16 19 17 | 05
#1042-d290 @A: 12 24 26 22 | 03
#1043-d290 @A: 28 09 24 02 | 04
#1044-d290 @A: 24 09 33 27 | 02
#1045-d290 @A: 01 30 24 31 | 11
#1046-d290 @A: 27 29 17 24 | 09
#1047-d290 @A: 02 19 05 24 | 07
#1048-d290 @A: 02 24 06 21 | 01
#1049-d290 @A: 07 06 03 24 | 10
#1050-d290 @A: 32 18 03 24 | 08
#1051-d290 @A: 23 06 19 24 | 06
#1052-d290 @A: 08 11 26 21 | 12
#1053-d290 @A: 08 09 14 11 | 05
#1054-d290 @A: 31 28 11 26 | 03
#1055-d290 @A: 14 11 07 26 | 04
#1056-d290 @A: 23 18 26 11 | 02
#1057-d290 @A: 11 31 33 29 | 11
#1058-d290 @A: 12 22 11 31 | 09
#1059-d290 @A: 11 35 21 03 | 07
#1060-d290 @A: 11 33 30 32 | 01
#1061-d290 @A: 25 14 11 23 | 10
#1062-d290 @A: 04 11 22 28 | 08
#1063-d290 @A: 08 29 14 26 | 06
#1064-d290 @A: 22 08 26 03 | 12
#1065-d290 @A: 08 30 09 32 | 05
#1066-d290 @A: 08 21 31 10 | 03
#1067-d290 @A: 08 35 21 15 | 04
#1068-d290 @A: 20 08 01 35 | 02
#1069-d290 @A: 19 27 08 30 | 11
#1070-d290 @A: 08 33 02 07 | 09
#1071-d290 @A: 25 12 08 15 | 07
#1072-d290 @A: 26 33 35 12 | 01
#1073-d290 @A: 19 30 26 29 | 10
#1074-d290 @A: 30 15 21 26 | 08
#1075-d290 @A: 26 06 17 30 | 06
#1076-d290 @A: 12 02 17 26 | 12
#1077-d290 @A: 26 05 19 12 | 05
#1078-d290 @A: 23 27 26 17 | 03
#1079-d290 @A: 19 26 13 01 | 04
#1080-d290 @A: 34 13 28 26 | 02
#1081-d290 @A: 09 05 17 31 | 11
#1082-d290 @A: 35 04 05 09 | 09
#1083-d290 @A: 29 09 05 01 | 07
#1084-d290 @A: 09 25 29 22 | 01
#1085-d290 @A: 09 30 04 12 | 10
#1086-d290 @A: 09 06 05 30 | 08
#1087-d290 @A: 09 30 28 07 | 06
#1088-d290 @A: 09 01 02 32 | 12
#1089-d290 @A: 09 10 32 12 | 05
#1090-d290 @A: 07 23 09 05 | 03
#1091-d290 @A: 22 27 09 14 | 04
#1092-d290 @A: 01 20 09 33 | 02
#1093-d290 @A: 04 23 09 01 | 11
#1094-d290 @A: 17 29 02 31 | 09
#1095-d290 @A: 30 25 31 22 | 07
#1096-d290 @A: 23 02 31 32 | 01
#1097-d290 @A: 17 22 34 31 | 10
#1098-d290 @A: 31 34 18 15 | 08
#1099-d290 @A: 12 05 35 32 | 06
#1100-d290 @A: 07 18 05 35 | 12
#1101-d290 @A: 33 27 35 18 | 05
#1102-d290 @A: 01 28 35 23 | 03
#1103-d290 @A: 10 34 15 35 | 04
#1104-d290 @A: 20 35 34 28 | 02
#1105-d290 @A: 04 21 25 29 | 11
#1106-d290 @A: 06 21 29 10 | 09
#1107-d290 @A: 20 07 17 29 | 07
#1108-d290 @A: 13 29 25 17 | 01
#1109-d290 @A: 29 01 33 06 | 10
#1110-d290 @A: 33 18 29 23 | 08
#1111-d290 @A: 30 18 12 03 | 06
#1112-d290 @A: 34 30 12 07 | 12
#1113-d290 @A: 30 05 34 03 | 05
#1114-d290 @A: 05 30 25 10 | 03
#1115-d290 @A: 30 28 21 17 | 04
#1116-d290 @A: 03 01 28 30 | 02
#1117-d290 @A: 30 34 17 33 | 11
#1118-d290 @A: 18 23 30 20 | 09
#1119-d290 @A: 23 17 04 30 | 07
#1120-d290 @A: 05 02 27 13 | 01
#1121-d290 @A: 03 23 02 33 | 10
#1122-d290 @A: 22 04 23 02 | 08
#1123-d290 @A: 22 20 02 14 | 06
#1124-d290 @A: 02 19 10 04 | 12
#1125-d290 @A: 21 12 20 07 | 05
#1126-d290 @A: 12 03 34 04 | 03
#1127-d290 @A: 13 28 25 12 | 04
#1128-d290 @A: 12 33 18 10 | 02
#1129-d290 @A: 14 23 28 12 | 11
#1130-d290 @A: 22 12 20 34 | 09
#1131-d290 @A: 05 21 23 27 | 07
#1132-d290 @A: 05 04 01 15 | 01
#1133-d290 @A: 04 28 34 05 | 10
#1134-d290 @A: 05 14 19 32 | 08
#1135-d290 @A: 32 21 01 20 | 06
#1136-d290 @A: 03 22 10 23 | 12
#1137-d290 @A: 03 20 06 32 | 05
#1138-d290 @A: 14 19 34 03 | 03
#1139-d290 @A: 03 13 28 32 | 04
#1140-d290 @A: 27 14 06 23 | 02
#1141-d290 @A: 27 06 22 10 | 11
#1142-d290 @A: 27 15 34 28 | 09
#1143-d290 @A: 23 07 32 20 | 07
#1144-d290 @A: 13 34 07 22 | 01
#1145-d290 @A: 10 04 06 07 | 10
#1146-d290 @A: 19 07 04 15 | 08
#1147-d290 @A: 33 25 22 15 | 06
#1148-d290 @A: 06 25 18 22 | 12
#1149-d290 @A: 14 13 15 25 | 05
#1150-d290 @A: 18 23 22 28 | 03
#1151-d290 @A: 04 18 06 14 | 04
#1152-d290 @A: 04 07 16 11 | 02
#1153-d290 @A: 16 11 34 25 | 11
#1154-d290 @A: 08 34 16 27 | 09
#1155-d290 @A: 04 16 26 09 | 07
#1156-d290 @A: 05 19 16 09 | 01
#1157-d290 @A: 09 16 34 28 | 10
#1158-d290 @A: 22 35 25 16 | 08
#1159-d290 @A: 14 16 30 27 | 06
#1160-d290 @A: 18 25 02 16 | 12
#1161-d290 @A: 05 20 07 16 | 05
#1162-d290 @A: 18 11 24 14 | 03
#1163-d290 @A: 08 24 28 31 | 04
#1164-d290 @A: 21 24 29 32 | 02
#1165-d290 @A: 15 30 24 25 | 11
#1166-d290 @A: 19 15 24 12 | 09
#1167-d290 @A: 24 10 27 07 | 07
#1168-d290 @A: 24 17 06 01 | 01
#1169-d290 @A: 33 24 32 19 | 10
#1170-d290 @A: 15 20 24 23 | 08
#1171-d290 @A: 04 24 10 22 | 06
#1172-d290 @A: 20 10 24 32 | 12
#1173-d290 @A: 13 06 24 20 | 05
#1174-d290 @A: 02 08 11 32 | 03
#1175-d290 @A: 11 18 35 09 | 04
#1176-d290 @A: 11 31 25 10 | 02
#1177-d290 @A: 19 12 07 11 | 11
#1178-d290 @A: 15 12 11 18 | 09
#1179-d290 @A: 01 05 28 11 | 07
#1180-d290 @A: 18 11 10 05 | 01
#1181-d290 @A: 13 05 11 20 | 10
#1182-d290 @A: 10 11 17 21 | 08
#1183-d290 @A: 19 11 33 06 | 06
#1184-d290 @A: 04 11 18 22 | 12
#1185-d290 @A: 12 09 08 33 | 05
#1186-d290 @A: 08 09 19 07 | 03
#1187-d290 @A: 19 31 08 05 | 04
#1188-d290 @A: 14 08 35 12 | 02
#1189-d290 @A: 33 08 06 35 | 11
#1190-d290 @A: 04 08 17 35 | 09
#1191-d290 @A: 08 29 20 12 | 07
#1192-d290 @A: 02 30 04 08 | 01
#1193-d290 @A: 28 30 08 34 | 10
#1194-d290 @A: 01 08 12 27 | 08
#1195-d290 @A: 06 08 19 21 | 06
#1196-d290 @A: 03 25 33 08 | 12
#1197-d290 @A: 22 25 10 08 | 05
#1198-d290 @A: 19 08 04 01 | 03
#1199-d290 @A: 23 08 17 33 | 04
#1200-d290 @A: 22 13 08 33 | 02
#1201-d290 @A: 28 13 19 08 | 11
#1202-d290 @A: 19 09 28 26 | 09
#1203-d290 @A: 26 23 33 29 | 07
#1204-d290 @A: 30 26 18 21 | 01
#1205-d290 @A: 26 21 02 14 | 10
#1206-d290 @A: 04 03 26 01 | 08
#1207-d290 @A: 01 26 33 15 | 06
#1208-d290 @A: 33 20 32 26 | 12
#1209-d290 @A: 26 10 32 19 | 05
#1210-d290 @A: 32 28 26 06 | 03
#1211-d290 @A: 09 18 31 29 | 04
#1212-d290 @A: 09 02 07 06 | 02
#1213-d290 @A: 12 09 06 21 | 11
#1214-d290 @A: 12 07 09 14 | 09
#1215-d290 @A: 18 09 19 03 | 07
#1216-d290 @A: 20 09 06 27 | 01
#1217-d290 @A: 04 28 33 09 | 10
#1218-d290 @A: 13 09 14 18 | 08
#1219-d290 @A: 32 31 35 30 | 06
#1220-d290 @A: 31 35 10 01 | 12
#1221-d290 @A: 29 05 31 28 | 05
#1222-d290 @A: 10 31 02 05 | 03
#1223-d290 @A: 31 15 12 05 | 04
#1224-d290 @A: 31 27 34 05 | 02
#1225-d290 @A: 01 31 22 20 | 11
#1226-d290 @A: 33 31 32 17 | 09
#1227-d290 @A: 15 31 20 14 | 07
#1228-d290 @A: 20 12 35 30 | 01
#1229-d290 @A: 30 10 35 27 | 10
#1230-d290 @A: 02 35 01 27 | 08
#1231-d290 @A: 35 12 23 21 | 06
#1232-d290 @A: 34 35 25 21 | 12
#1233-d290 @A: 35 19 33 01 | 05
#1234-d290 @A: 13 17 35 19 | 03
#1235-d290 @A: 28 35 06 14 | 04
#1236-d290 @A: 03 30 29 23 | 02
#1237-d290 @A: 29 33 30 25 | 11
#1238-d290 @A: 12 21 29 33 | 09
#1239-d290 @A: 03 29 05 13 | 07
#1240-d290 @A: 29 32 05 06 | 01
#1241-d290 @A: 19 27 29 04 | 10
#1242-d290 @A: 32 22 20 29 | 08
#1243-d290 @A: 03 14 21 30 | 06
#1244-d290 @A: 25 27 32 30 | 12
#1245-d290 @A: 23 33 01 30 | 05
#1246-d290 @A: 12 27 02 28 | 03
#1247-d290 @A: 25 22 05 02 | 04
#1248-d290 @A: 07 02 10 21 | 02
#1249-d290 @A: 21 02 19 20 | 11
#1250-d290 @A: 03 02 10 27 | 09
#1251-d290 @A: 03 02 20 25 | 07
#1252-d290 @A: 02 01 20 06 | 01
#1253-d290 @A: 10 02 20 18 | 10
#1254-d290 @A: 10 32 06 02 | 08
#1255-d290 @A: 20 02 13 32 | 06
#1256-d290 @A: 06 20 12 33 | 12
#1257-d290 @A: 12 32 33 15 | 05
#1258-d290 @A: 34 05 15 25 | 03
#1259-d290 @A: 05 33 06 10 | 04
#1260-d290 @A: 05 18 17 23 | 02
#1261-d290 @A: 17 13 05 34 | 11
#1262-d290 @A: 15 25 21 23 | 09
#1263-d290 @A: 23 20 21 33 | 07
#1264-d290 @A: 04 20 21 14 | 01
#1265-d290 @A: 07 03 19 32 | 10
#1266-d290 @A: 03 33 15 13 | 08
#1267-d290 @A: 04 03 15 28 | 06
#1268-d290 @A: 06 27 07 28 | 12
#1269-d290 @A: 13 33 27 20 | 05
#1270-d290 @A: 04 27 33 06 | 03
#1271-d290 @A: 27 33 14 32 | 04
#1272-d290 @A: 27 19 06 34 | 02
#1273-d290 @A: 18 07 01 33 | 11
#1274-d290 @A: 01 19 07 28 | 09
#1275-d290 @A: 34 32 07 28 | 07
#1276-d290 @A: 34 07 18 32 | 01
#1277-d290 @A: 01 28 18 25 | 10
#1278-d290 @A: 10 32 25 33 | 08
#1279-d290 @A: 25 19 04 13 | 06
#1280-d290 @A: 17 19 15 25 | 12
#1281-d290 @A: 06 25 14 32 | 05
#1282-d290 @A: 14 19 18 20 | 03
#1283-d290 @A: 15 24 16 26 | 04
#1284-d290 @A: 24 16 35 19 | 02
#1285-d290 @A: 09 16 03 32 | 11
#1286-d290 @A: 07 17 16 09 | 09
#1287-d290 @A: 16 31 30 28 | 07
#1288-d290 @A: 18 12 16 31 | 01
#1289-d290 @A: 16 34 07 31 | 10
#1290-d290 @A: 22 14 16 31 | 08
#1291-d290 @A: 31 32 16 10 | 06
#1292-d290 @A: 34 03 16 35 | 12
#1293-d290 @A: 16 29 05 33 | 05
#1294-d290 @A: 23 16 34 02 | 03
#1295-d290 @A: 27 32 16 04 | 04
#1296-d290 @A: 16 06 33 17 | 02
#1297-d290 @A: 10 23 16 20 | 11
#1298-d290 @A: 14 11 24 12 | 09
#1299-d290 @A: 08 07 34 24 | 07
#1300-d290 @A: 24 29 26 34 | 01
#1301-d290 @A: 31 24 22 07 | 10
#1302-d290 @A: 31 13 18 24 | 08
#1303-d290 @A: 04 29 24 35 | 06
#1304-d290 @A: 35 24 28 10 | 12
#1305-d290 @A: 24 02 33 29 | 05
#1306-d290 @A: 13 02 24 25 | 03
#1307-d290 @A: 24 25 05 28 | 04
#1308-d290 @A: 27 24 20 03 | 02
#1309-d290 @A: 20 11 26 29 | 11
#1310-d290 @A: 27 11 04 09 | 09
#1311-d290 @A: 28 09 10 11 | 07
#1312-d290 @A: 03 29 18 11 | 01
#1313-d290 @A: 11 22 30 02 | 10
#1314-d290 @A: 11 30 06 27 | 08
#1315-d290 @A: 25 11 20 12 | 06
#1316-d290 @A: 11 04 05 25 | 12
#1317-d290 @A: 06 17 11 05 | 05
#1318-d290 @A: 18 21 11 25 | 03
#1319-d290 @A: 27 11 32 17 | 04
#1320-d290 @A: 33 14 11 01 | 02
#1321-d290 @A: 11 22 13 01 | 11
#1322-d290 @A: 26 08 15 13 | 09
#1323-d290 @A: 08 31 02 06 | 07
#1324-d290 @A: 08 31 27 33 | 01
#1325-d290 @A: 08 35 28 25 | 10
#1326-d290 @A: 23 08 27 29 | 08
#1327-d290 @A: 30 13 08 12 | 06
#1328-d290 @A: 30 05 08 14 | 12
#1329-d290 @A: 32 08 07 22 | 05
#1330-d290 @A: 32 04 08 34 | 03
#1331-d290 @A: 32 15 19 08 | 04
#1332-d290 @A: 08 13 32 06 | 02
#1333-d290 @A: 26 12 18 09 | 11
#1334-d290 @A: 26 35 25 14 | 09
#1335-d290 @A: 05 26 17 29 | 07
#1336-d290 @A: 29 03 26 15 | 01
#1337-d290 @A: 20 07 26 02 | 10
#1338-d290 @A: 33 26 05 27 | 08
#1339-d290 @A: 17 26 03 33 | 06
#1340-d290 @A: 28 22 26 01 | 12
#1341-d290 @A: 14 01 17 26 | 05
#1342-d290 @A: 33 26 13 10 | 03
#1343-d290 @A: 26 17 13 22 | 04
#1344-d290 @A: 35 28 09 12 | 02
#1345-d290 @A: 09 02 25 04 | 11
#1346-d290 @A: 20 05 09 03 | 09
#1347-d290 @A: 15 27 05 09 | 07
#1348-d290 @A: 18 27 21 09 | 01
#1349-d290 @A: 09 22 23 06 | 10
#1350-d290 @A: 21 35 31 28 | 08
#1351-d290 @A: 31 10 15 29 | 06
#1352-d290 @A: 12 30 14 31 | 12
#1353-d290 @A: 23 12 01 31 | 05
#1354-d290 @A: 21 31 18 06 | 03
#1355-d290 @A: 25 31 18 03 | 04
#1356-d290 @A: 31 33 22 10 | 02
#1357-d290 @A: 17 31 18 23 | 11
#1358-d290 @A: 31 18 32 19 | 09
#1359-d290 @A: 17 35 30 29 | 07
#1360-d290 @A: 28 30 15 35 | 01
#1361-d290 @A: 07 35 25 05 | 10
#1362-d290 @A: 35 15 18 21 | 08
#1363-d290 @A: 14 27 35 03 | 06
#1364-d290 @A: 18 25 15 35 | 12
#1365-d290 @A: 14 35 23 18 | 05
#1366-d290 @A: 32 29 30 12 | 03
#1367-d290 @A: 06 02 03 29 | 04
#1368-d290 @A: 22 34 29 02 | 02
#1369-d290 @A: 10 29 12 25 | 11
#1370-d290 @A: 19 29 21 05 | 09
#1371-d290 @A: 27 10 05 29 | 07
#1372-d290 @A: 29 03 25 34 | 01
#1373-d290 @A: 29 01 22 15 | 10
#1374-d290 @A: 01 10 14 29 | 08
#1375-d290 @A: 30 20 27 02 | 06
#1376-d290 @A: 07 04 30 21 | 12
#1377-d290 @A: 30 25 21 20 | 05
#1378-d290 @A: 21 30 33 06 | 03
#1379-d290 @A: 28 13 23 30 | 04
#1380-d290 @A: 22 32 30 14 | 02
#1381-d290 @A: 06 28 30 19 | 11
#1382-d290 @A: 21 02 05 32 | 09
#1383-d290 @A: 17 14 05 02 | 07
#1384-d290 @A: 25 02 01 21 | 01
#1385-d290 @A: 03 27 18 02 | 10
#1386-d290 @A: 27 19 33 02 | 08
#1387-d290 @A: 27 34 02 17 | 06
#1388-d290 @A: 10 28 14 02 | 12
#1389-d290 @A: 06 12 15 14 | 05
#1390-d290 @A: 03 18 33 05 | 03
#1391-d290 @A: 33 05 01 34 | 04
#1392-d290 @A: 21 33 15 04 | 02
#1393-d290 @A: 21 34 20 17 | 11
#1394-d290 @A: 13 15 28 21 | 09
#1395-d290 @A: 07 03 27 23 | 07
#1396-d290 @A: 20 01 15 03 | 01
#1397-d290 @A: 03 13 18 23 | 10
#1398-d290 @A: 20 03 19 04 | 08
#1399-d290 @A: 27 01 25 06 | 06
#1400-d290 @A: 01 20 28 27 | 12
#1401-d290 @A: 32 19 27 01 | 05
#1402-d290 @A: 28 27 17 22 | 03
#1403-d290 @A: 18 27 32 22 | 04
#1404-d290 @A: 32 25 07 15 | 02
#1405-d290 @A: 04 22 01 07 | 11
#1406-d290 @A: 33 34 14 07 | 09
#1407-d290 @A: 07 06 15 22 | 07
#1408-d290 @A: 10 32 17 07 | 01
#1409-d290 @A: 13 15 07 20 | 10
#1410-d290 @A: 33 19 20 25 | 08
#1411-d290 @A: 23 28 19 25 | 06
#1412-d290 @A: 04 25 06 15 | 12
#1413-d290 @A: 13 01 22 18 | 05
#1414-d290 @A: 16 12 24 02 | 03
#1415-d290 @A: 18 24 16 33 | 04
#1416-d290 @A: 11 30 10 16 | 02
#1417-d290 @A: 26 28 08 16 | 11
#1418-d290 @A: 16 08 06 30 | 09
#1419-d290 @A: 09 27 16 31 | 07
#1420-d290 @A: 21 35 33 16 | 01
#1421-d290 @A: 16 15 35 20 | 10
#1422-d290 @A: 16 34 12 21 | 08
#1423-d290 @A: 01 28 13 16 | 06
#1424-d290 @A: 17 28 04 16 | 12
#1425-d290 @A: 28 14 15 16 | 05
#1426-d290 @A: 29 11 23 24 | 03
#1427-d290 @A: 12 08 24 10 | 04
#1428-d290 @A: 24 10 26 02 | 02
#1429-d290 @A: 14 24 03 26 | 11
#1430-d290 @A: 28 27 24 26 | 09
#1431-d290 @A: 29 24 03 19 | 07
#1432-d290 @A: 15 29 24 06 | 01
#1433-d290 @A: 30 24 22 06 | 10
#1434-d290 @A: 04 24 07 02 | 08
#1435-d290 @A: 21 12 24 04 | 06
#1436-d290 @A: 01 04 13 24 | 12
#1437-d290 @A: 28 24 10 18 | 05
#1438-d290 @A: 24 19 14 04 | 03
#1439-d290 @A: 28 24 17 13 | 04
#1440-d290 @A: 15 31 11 08 | 02
#1441-d290 @A: 26 22 25 11 | 11
#1442-d290 @A: 01 32 26 11 | 09
#1443-d290 @A: 09 31 23 11 | 07
#1444-d290 @A: 11 09 30 20 | 01
#1445-d290 @A: 03 06 09 11 | 10
#1446-d290 @A: 11 29 28 12 | 08
#1447-d290 @A: 11 03 29 17 | 06
#1448-d290 @A: 27 11 14 29 | 12
#1449-d290 @A: 11 25 06 29 | 05
#1450-d290 @A: 11 14 02 03 | 03
#1451-d290 @A: 03 27 28 11 | 04
#1452-d290 @A: 18 25 07 11 | 02
#1453-d290 @A: 15 17 11 13 | 11
#1454-d290 @A: 12 08 26 34 | 09
#1455-d290 @A: 25 08 26 04 | 07
#1456-d290 @A: 34 09 35 08 | 01
#1457-d290 @A: 27 08 28 09 | 10
#1458-d290 @A: 31 03 04 08 | 08
#1459-d290 @A: 35 08 05 22 | 06
#1460-d290 @A: 22 02 27 08 | 12
#1461-d290 @A: 05 23 12 08 | 05
#1462-d290 @A: 08 15 07 27 | 03
#1463-d290 @A: 18 08 22 33 | 04
#1464-d290 @A: 19 34 23 08 | 02
#1465-d290 @A: 15 08 23 14 | 11
#1466-d290 @A: 34 13 20 08 | 09
#1467-d290 @A: 09 01 27 26 | 07
#1468-d290 @A: 09 07 33 26 | 01
#1469-d290 @A: 03 30 26 32 | 10
#1470-d290 @A: 07 30 26 25 | 08
#1471-d290 @A: 07 06 12 26 | 06
#1472-d290 @A: 25 32 12 26 | 12
#1473-d290 @A: 25 20 26 05 | 05
#1474-d290 @A: 28 23 05 26 | 03
#1475-d290 @A: 34 26 10 25 | 04
#1476-d290 @A: 10 01 06 26 | 02
#1477-d290 @A: 06 33 34 26 | 11
#1478-d290 @A: 13 18 26 17 | 09
#1479-d290 @A: 20 29 09 31 | 07
#1480-d290 @A: 35 25 10 09 | 01
#1481-d290 @A: 29 02 27 09 | 10
#1482-d290 @A: 29 09 32 18 | 08
#1483-d290 @A: 22 30 09 01 | 06
#1484-d290 @A: 02 09 33 14 | 12
#1485-d290 @A: 14 06 10 09 | 05
#1486-d290 @A: 04 15 09 14 | 03
#1487-d290 @A: 19 09 13 14 | 04
#1488-d290 @A: 09 34 06 32 | 02
#1489-d290 @A: 31 30 27 23 | 11
#1490-d290 @A: 21 17 31 12 | 09
#1491-d290 @A: 03 31 33 05 | 07
#1492-d290 @A: 32 31 05 07 | 01
#1493-d290 @A: 21 03 31 23 | 10
#1494-d290 @A: 28 14 34 31 | 08
#1495-d290 @A: 35 29 21 01 | 06
#1496-d290 @A: 03 28 35 29 | 12
#1497-d290 @A: 25 15 35 29 | 05
#1498-d290 @A: 35 29 18 01 | 03
#1499-d290 @A: 13 35 05 01 | 04
#1500-d290 @A: 06 21 35 27 | 02
#1501-d290 @A: 06 03 35 23 | 11
#1502-d290 @A: 20 35 10 03 | 09
#1503-d290 @A: 35 07 19 14 | 07
#1504-d290 @A: 32 15 35 22 | 01
#1505-d290 @A: 10 32 35 13 | 10
#1506-d290 @A: 29 15 14 02 | 08
#1507-d290 @A: 29 21 28 22 | 06
#1508-d290 @A: 33 29 03 07 | 12
#1509-d290 @A: 18 29 25 14 | 05
#1510-d290 @A: 04 33 29 17 | 03
#1511-d290 @A: 22 10 29 18 | 04
#1512-d290 @A: 20 10 29 28 | 02
#1513-d290 @A: 10 29 04 32 | 11
#1514-d290 @A: 17 15 32 29 | 09
#1515-d290 @A: 02 07 30 18 | 07
#1516-d290 @A: 34 02 30 01 | 01
#1517-d290 @A: 22 30 03 12 | 10
#1518-d290 @A: 01 27 05 30 | 08
#1519-d290 @A: 27 04 30 34 | 06
#1520-d290 @A: 17 01 30 10 | 12
#1521-d290 @A: 01 30 15 19 | 05
#1522-d290 @A: 04 19 33 30 | 03
#1523-d290 @A: 23 30 34 20 | 04
#1524-d290 @A: 06 23 32 30 | 02
#1525-d290 @A: 17 30 18 10 | 11
#1526-d290 @A: 15 30 34 14 | 09
#1527-d290 @A: 21 02 04 27 | 07
#1528-d290 @A: 22 02 06 33 | 01
#1529-d290 @A: 13 17 33 02 | 10
#1530-d290 @A: 14 05 18 12 | 08
#1531-d290 @A: 13 21 12 18 | 06
#1532-d290 @A: 12 13 10 14 | 12
#1533-d290 @A: 14 19 12 20 | 05
#1534-d290 @A: 34 17 06 12 | 03
#1535-d290 @A: 05 27 07 17 | 04
#1536-d290 @A: 05 14 27 25 | 02
#1537-d290 @A: 05 15 14 33 | 11
#1538-d290 @A: 22 13 15 05 | 09
#1539-d290 @A: 17 20 05 15 | 07
#1540-d290 @A: 05 06 28 15 | 01
#1541-d290 @A: 21 27 01 03 | 10
#1542-d290 @A: 22 33 21 34 | 08
#1543-d290 @A: 34 01 03 18 | 06
#1544-d290 @A: 22 20 27 23 | 12
#1545-d290 @A: 27 34 20 32 | 05
#1546-d290 @A: 19 27 28 14 | 03
#1547-d290 @A: 25 23 07 22 | 04
#1548-d290 @A: 07 15 14 01 | 02
#1549-d290 @A: 28 10 15 07 | 11
#1550-d290 @A: 17 18 04 07 | 09
#1551-d290 @A: 13 28 07 18 | 07
#1552-d290 @A: 25 22 04 34 | 01
#1553-d290 @A: 28 24 16 23 | 10
#1554-d290 @A: 11 16 02 05 | 08
#1555-d290 @A: 35 32 26 16 | 06
#1556-d290 @A: 12 01 09 16 | 12
#1557-d290 @A: 16 21 20 31 | 05
#1558-d290 @A: 16 30 01 35 | 03
#1559-d290 @A: 16 35 10 05 | 04
#1560-d290 @A: 07 25 16 29 | 02
#1561-d290 @A: 16 30 18 22 | 11
#1562-d290 @A: 16 10 12 04 | 09
#1563-d290 @A: 21 16 05 04 | 07
#1564-d290 @A: 25 32 05 16 | 01
#1565-d290 @A: 16 23 14 33 | 10
#1566-d290 @A: 23 15 16 06 | 08
#1567-d290 @A: 04 22 19 16 | 06
#1568-d290 @A: 11 07 24 28 | 12
#1569-d290 @A: 11 24 32 25 | 05
#1570-d290 @A: 08 13 24 21 | 03
#1571-d290 @A: 15 03 24 08 | 04
#1572-d290 @A: 14 08 24 20 | 02
#1573-d290 @A: 26 24 05 06 | 11
#1574-d290 @A: 17 24 26 25 | 09
#1575-d290 @A: 34 22 09 24 | 07
#1576-d290 @A: 24 12 29 31 | 01
#1577-d290 @A: 32 31 24 03 | 10
#1578-d290 @A: 25 24 31 19 | 08
#1579-d290 @A: 20 24 29 05 | 06
#1580-d290 @A: 15 30 24 18 | 12
#1581-d290 @A: 02 22 17 24 | 05
#1582-d290 @A: 24 06 27 12 | 03
#1583-d290 @A: 32 34 12 24 | 04
#1584-d290 @A: 07 24 17 21 | 02
#1585-d290 @A: 13 24 10 23 | 11
#1586-d290 @A: 06 34 10 24 | 09
#1587-d290 @A: 28 11 20 08 | 07
#1588-d290 @A: 11 09 26 34 | 01
#1589-d290 @A: 35 26 11 10 | 10
#1590-d290 @A: 11 26 06 02 | 08
#1591-d290 @A: 31 05 14 11 | 06
#1592-d290 @A: 11 14 30 35 | 12
#1593-d290 @A: 33 35 28 11 | 05
#1594-d290 @A: 11 02 29 01 | 03
#1595-d290 @A: 23 11 30 21 | 04
#1596-d290 @A: 11 27 02 23 | 02
#1597-d290 @A: 03 05 11 32 | 11
#1598-d290 @A: 18 34 27 11 | 09
#1599-d290 @A: 01 11 23 17 | 07
#1600-d290 @A: 11 33 13 23 | 01
#1601-d290 @A: 11 20 04 23 | 10
#1602-d290 @A: 11 19 34 22 | 08
#1603-d290 @A: 11 06 18 19 | 06
#1604-d290 @A: 08 18 31 27 | 12
#1605-d290 @A: 02 08 05 29 | 05
#1606-d290 @A: 08 33 29 34 | 03
#1607-d290 @A: 28 17 08 05 | 04
#1608-d290 @A: 21 08 20 27 | 02
#1609-d290 @A: 25 21 08 32 | 11
#1610-d290 @A: 33 14 21 08 | 09
#1611-d290 @A: 04 08 27 14 | 07
#1612-d290 @A: 08 10 28 01 | 01
#1613-d290 @A: 34 08 01 06 | 10
#1614-d290 @A: 23 10 32 08 | 08
#1615-d290 @A: 08 06 22 28 | 06
#1616-d290 @A: 26 09 17 35 | 12
#1617-d290 @A: 09 25 15 26 | 05
#1618-d290 @A: 04 26 18 31 | 03
#1619-d290 @A: 22 26 35 18 | 04
#1620-d290 @A: 12 01 26 29 | 02
#1621-d290 @A: 25 26 29 28 | 11
#1622-d290 @A: 26 05 32 04 | 09
#1623-d290 @A: 06 13 21 26 | 07
#1624-d290 @A: 18 19 07 26 | 01
#1625-d290 @A: 22 26 06 19 | 10
#1626-d290 @A: 04 26 20 34 | 08
#1627-d290 @A: 09 31 12 02 | 06
#1628-d290 @A: 35 09 30 13 | 12
#1629-d290 @A: 01 09 07 35 | 05
#1630-d290 @A: 09 29 12 17 | 03
#1631-d290 @A: 09 32 05 13 | 04
#1632-d290 @A: 13 07 03 09 | 02
#1633-d290 @A: 03 10 01 09 | 11
#1634-d290 @A: 28 01 06 09 | 09
#1635-d290 @A: 10 17 33 09 | 07
#1636-d290 @A: 04 09 34 10 | 01
#1637-d290 @A: 03 15 35 31 | 10
#1638-d290 @A: 17 35 31 07 | 08
#1639-d290 @A: 35 28 18 31 | 06
#1640-d290 @A: 18 05 31 30 | 12
#1641-d290 @A: 31 06 07 30 | 05
#1642-d290 @A: 21 22 31 13 | 03
#1643-d290 @A: 14 07 03 31 | 04
#1644-d290 @A: 01 31 06 04 | 02
#1645-d290 @A: 32 31 01 14 | 11
#1646-d290 @A: 19 31 14 33 | 09
#1647-d290 @A: 31 19 10 28 | 07
#1648-d290 @A: 02 23 35 30 | 01
#1649-d290 @A: 35 18 30 13 | 10
#1650-d290 @A: 02 35 07 15 | 08
#1651-d290 @A: 35 01 34 17 | 06
#1652-d290 @A: 35 33 04 14 | 12
#1653-d290 @A: 20 23 35 17 | 05
#1654-d290 @A: 35 13 15 04 | 03
#1655-d290 @A: 21 30 29 02 | 04
#1656-d290 @A: 34 06 29 30 | 02
#1657-d290 @A: 18 27 12 29 | 11
#1658-d290 @A: 29 03 20 21 | 09
#1659-d290 @A: 29 28 19 32 | 07
#1660-d290 @A: 03 06 04 30 | 01
#1661-d290 @A: 12 03 02 32 | 10
#1662-d290 @A: 12 02 07 23 | 08
#1663-d290 @A: 20 02 12 10 | 06
#1664-d290 @A: 05 04 18 02 | 12
#1665-d290 @A: 02 06 25 28 | 05
#1666-d290 @A: 27 05 20 12 | 03
#1667-d290 @A: 27 12 03 17 | 04
#1668-d290 @A: 25 12 18 04 | 02
#1669-d290 @A: 17 12 18 20 | 11
#1670-d290 @A: 19 12 18 28 | 09
#1671-d290 @A: 13 15 12 34 | 07
#1672-d290 @A: 07 28 05 21 | 01
#1673-d290 @A: 17 05 01 19 | 10
#1674-d290 @A: 33 05 32 28 | 08
#1675-d290 @A: 14 34 23 05 | 06
#1676-d290 @A: 21 18 03 04 | 12
#1677-d290 @A: 06 04 21 22 | 05
#1678-d290 @A: 25 22 03 32 | 03
#1679-d290 @A: 03 33 06 14 | 04
#1680-d290 @A: 03 14 15 10 | 02
#1681-d290 @A: 03 14 10 18 | 11
#1682-d290 @A: 13 07 33 25 | 09
#1683-d290 @A: 28 25 07 04 | 07
#1684-d290 @A: 07 01 32 13 | 01
#1685-d290 @A: 07 20 33 10 | 10
#1686-d290 @A: 15 28 25 01 | 08
#1687-d290 @A: 20 15 10 25 | 06
#1688-d290 @A: 32 18 10 01 | 12
#1689-d290 @A: 17 14 18 15 | 05
