#0001-d297 @A: 31 16 32 02 | 06
#0002-d297 @A: 27 32 21 14 | 04
#0003-d297 @A: 04 01 29 32 | 10
#0004-d297 @A: 07 32 11 15 | 09
#0005-d297 @A: 10 32 03 02 | 01
#0006-d297 @A: 32 20 03 30 | 11
#0007-d297 @A: 32 12 03 15 | 03
#0008-d297 @A: 32 19 06 03 | 02
#0009-d297 @A: 28 32 29 34 | 12
#0010-d297 @A: 34 06 32 09 | 08
#0011-d297 @A: 34 27 15 32 | 07
#0012-d297 @A: 01 32 33 27 | 05
#0013-d297 @A: 01 32 35 02 | 06
#0014-d297 @A: 19 24 32 16 | 04
#0015-d297 @A: 35 32 27 24 | 10
#0016-d297 @A: 27 32 19 12 | 09
#0017-d297 @A: 33 31 11 21 | 01
#0018-d297 @A: 21 31 02 14 | 11
#0019-d297 @A: 31 05 11 13 | 03
#0020-d297 @A: 23 24 11 31 | 02
#0021-d297 @A: 31 16 03 15 | 12
#0022-d297 @A: 25 31 26 34 | 08
#0023-d297 @A: 26 23 09 31 | 07
#0024-d297 @A: 06 26 22 31 | 05
#0025-d297 @A: 35 31 26 24 | 06
#0026-d297 @A: 29 15 31 07 | 04
#0027-d297 @A: 10 07 27 31 | 10
#0028-d297 @A: 16 24 31 10 | 09
#0029-d297 @A: 31 23 16 14 | 01
#0030-d297 @A: 12 09 31 14 | 11
#0031-d297 @A: 24 31 30 01 | 03
#0032-d297 @A: 33 23 18 31 | 02
#0033-d297 @A: 22 31 09 02 | 12
#0034-d297 @A: 01 16 31 33 | 08
#0035-d297 @A: 16 35 18 31 | 07
#0036-d297 @A: 31 18 19 24 | 05
#0037-d297 @A: 28 31 09 15 | 06
#0038-d297 @A: 04 15 21 13 | 04
#0039-d297 @A: 03 25 13 21 | 10
#0040-d297 @A: 17 25 21 29 | 09
#0041-d297 @A: 17 27 34 21 | 01
#0042-d297 @A: 23 05 21 34 | 11
#0043-d297 @A: 35 21 05 25 | 03
#0044-d297 @A: 35 06 21 13 | 02
#0045-d297 @A: 33 18 21 15 | 12
#0046-d297 @A: 21 06 18 16 | 08
#0047-d297 @A: 11 09 04 33 | 07
#0048-d297 @A: 20 04 07 03 | 05
#0049-d297 @A: 33 03 25 04 | 06
#0050-d297 @A: 14 35 26 04 | 04
#0051-d297 @A: 04 06 17 26 | 10
#0052-d297 @A: 04 10 13 34 | 09
#0053-d297 @A: 09 17 04 07 | 01
#0054-d297 @A: 10 02 19 04 | 11
#0055-d297 @A: 04 30 13 14 | 03
#0056-d297 @A: 04 23 24 17 | 02
#0057-d297 @A: 08 04 20 16 | 12
#0058-d297 @A: 06 04 05 08 | 08
#0059-d297 @A: 04 33 35 18 | 07
#0060-d297 @A: 01 05 04 02 | 05
#0061-d297 @A: 04 35 27 15 | 06
#0062-d297 @A: 11 03 19 23 | 04
#0063-d297 @A: 11 18 26 06 | 10
#0064-d297 @A: 11 09 26 24 | 09
#0065-d297 @A: 11 08 07 23 | 01
#0066-d297 @A: 11 15 14 13 | 11
#0067-d297 @A: 14 02 12 11 | 03
#0068-d297 @A: 22 12 11 16 | 02
#0069-d297 @A: 11 02 15 18 | 12
#0070-d297 @A: 03 26 35 08 | 08
#0071-d297 @A: 03 08 22 29 | 07
#0072-d297 @A: 34 07 27 03 | 05
#0073-d297 @A: 22 01 18 03 | 06
#0074-d297 @A: 05 33 03 28 | 04
#0075-d297 @A: 03 24 01 09 | 10
#0076-d297 @A: 19 09 03 05 | 09
#0077-d297 @A: 26 09 29 17 | 01
#0078-d297 @A: 34 26 23 27 | 11
#0079-d297 @A: 10 26 07 09 | 03
#0080-d297 @A: 20 10 26 01 | 02
#0081-d297 @A: 10 26 18 12 | 12
#0082-d297 @A: 25 26 09 05 | 08
#0083-d297 @A: 13 08 26 20 | 07
#0084-d297 @A: 22 26 05 18 | 05
#0085-d297 @A: 26 18 19 01 | 06
#0086-d297 @A: 06 26 24 01 | 04
#0087-d297 @A: 02 24 26 05 | 10
#0088-d297 @A: 27 15 12 26 | 09
#0089-d297 @A: 02 25 07 29 | 01
#0090-d297 @A: 29 07 16 18 | 11
#0091-d297 @A: 15 13 09 29 | 03
#0092-d297 @A: 01 29 05 30 | 02
#0093-d297 @A: 16 08 17 29 | 12
#0094-d297 @A: 17 19 33 29 | 08
#0095-d297 @A: 17 06 29 33 | 07
#0096-d297 @A: 29 22 33 09 | 05
#0097-d297 @A: 16 27 29 22 | 06
#0098-d297 @A: 29 20 22 05 | 04
#0099-d297 @A: 28 27 29 02 | 10
#0100-d297 @A: 34 20 25 07 | 09
#0101-d297 @A: 28 25 10 34 | 01
#0102-d297 @A: 34 10 08 09 | 11
#0103-d297 @A: 25 05 01 34 | 03
#0104-d297 @A: 28 13 30 34 | 02
#0105-d297 @A: 19 34 14 17 | 12
#0106-d297 @A: 09 33 34 19 | 08
#0107-d297 @A: 19 01 28 34 | 07
#0108-d297 @A: 10 07 25 05 | 05
#0109-d297 @A: 20 07 08 10 | 06
#0110-d297 @A: 14 07 22 28 | 04
#0111-d297 @A: 07 06 09 17 | 10
#0112-d297 @A: 07 22 01 33 | 09
#0113-d297 @A: 07 33 35 12 | 01
#0114-d297 @A: 02 07 28 09 | 11
#0115-d297 @A: 18 07 12 27 | 03
#0116-d297 @A: 06 07 05 28 | 02
#0117-d297 @A: 25 19 10 14 | 12
#0118-d297 @A: 23 15 10 25 | 08
#0119-d297 @A: 27 13 24 10 | 07
#0120-d297 @A: 28 08 12 10 | 05
#0121-d297 @A: 14 28 25 06 | 06
#0122-d297 @A: 09 01 17 25 | 04
#0123-d297 @A: 33 22 25 18 | 10
#0124-d297 @A: 27 25 33 16 | 09
#0125-d297 @A: 09 25 24 18 | 01
#0126-d297 @A: 25 28 09 20 | 11
#0127-d297 @A: 25 06 15 05 | 03
#0128-d297 @A: 13 05 30 17 | 02
#0129-d297 @A: 01 13 30 22 | 12
#0130-d297 @A: 22 13 15 33 | 08
#0131-d297 @A: 13 27 01 15 | 07
#0132-d297 @A: 02 15 05 13 | 05
#0133-d297 @A: 24 28 15 13 | 06
#0134-d297 @A: 14 30 12 33 | 04
#0135-d297 @A: 14 15 20 01 | 10
#0136-d297 @A: 02 14 15 06 | 09
#0137-d297 @A: 15 12 14 05 | 01
#0138-d297 @A: 30 28 15 22 | 11
#0139-d297 @A: 33 30 19 28 | 03
#0140-d297 @A: 19 15 30 01 | 02
#0141-d297 @A: 30 19 27 35 | 12
#0142-d297 @A: 20 28 30 12 | 08
#0143-d297 @A: 17 23 05 22 | 07
#0144-d297 @A: 16 17 22 15 | 05
#0145-d297 @A: 17 18 35 22 | 06
#0146-d297 @A: 24 02 17 18 | 04
#0147-d297 @A: 27 08 35 23 | 10
#0148-d297 @A: 08 12 18 23 | 09
#0149-d297 @A: 22 08 33 06 | 01
#0150-d297 @A: 01 18 28 08 | 11
#0151-d297 @A: 19 05 08 16 | 03
#0152-d297 @A: 23 16 05 24 | 02
#0153-d297 @A: 29 32 31 09 | 12
#0154-d297 @A: 11 12 04 32 | 08
#0155-d297 @A: 07 05 32 04 | 07
#0156-d297 @A: 14 16 32 11 | 05
#0157-d297 @A: 33 07 32 03 | 06
#0158-d297 @A: 18 26 34 32 | 04
#0159-d297 @A: 14 32 34 01 | 10
#0160-d297 @A: 32 15 25 14 | 09
#0161-d297 @A: 13 14 18 32 | 01
#0162-d297 @A: 30 14 32 05 | 11
#0163-d297 @A: 30 32 17 33 | 03
#0164-d297 @A: 32 08 30 35 | 02
#0165-d297 @A: 30 23 32 12 | 12
#0166-d297 @A: 32 06 27 16 | 08
#0167-d297 @A: 18 12 32 24 | 07
#0168-d297 @A: 26 21 31 15 | 05
#0169-d297 @A: 06 04 02 31 | 06
#0170-d297 @A: 08 03 31 19 | 04
#0171-d297 @A: 06 03 08 31 | 10
#0172-d297 @A: 26 07 31 22 | 09
#0173-d297 @A: 08 34 28 31 | 01
#0174-d297 @A: 31 23 25 08 | 11
#0175-d297 @A: 31 15 25 20 | 03
#0176-d297 @A: 13 31 12 23 | 02
#0177-d297 @A: 17 31 02 30 | 12
#0178-d297 @A: 17 01 31 20 | 08
#0179-d297 @A: 31 01 09 05 | 07
#0180-d297 @A: 19 12 31 16 | 05
#0181-d297 @A: 31 12 35 06 | 06
#0182-d297 @A: 01 30 11 21 | 04
#0183-d297 @A: 11 06 21 01 | 10
#0184-d297 @A: 34 33 21 26 | 09
#0185-d297 @A: 21 24 07 26 | 01
#0186-d297 @A: 13 21 26 27 | 11
#0187-d297 @A: 35 08 34 21 | 03
#0188-d297 @A: 21 22 07 08 | 02
#0189-d297 @A: 21 07 28 15 | 12
#0190-d297 @A: 21 18 25 10 | 08
#0191-d297 @A: 21 25 02 23 | 07
#0192-d297 @A: 21 13 19 14 | 05
#0193-d297 @A: 21 14 16 17 | 06
#0194-d297 @A: 21 14 28 23 | 04
#0195-d297 @A: 21 35 28 30 | 10
#0196-d297 @A: 06 09 05 21 | 09
#0197-d297 @A: 21 19 15 20 | 01
#0198-d297 @A: 11 19 28 04 | 11
#0199-d297 @A: 08 04 09 03 | 03
#0200-d297 @A: 29 30 20 04 | 02
#0201-d297 @A: 29 12 04 23 | 12
#0202-d297 @A: 27 04 07 13 | 08
#0203-d297 @A: 04 12 10 30 | 07
#0204-d297 @A: 04 10 33 08 | 05
#0205-d297 @A: 13 05 08 04 | 06
#0206-d297 @A: 28 04 17 30 | 04
#0207-d297 @A: 01 04 20 35 | 10
#0208-d297 @A: 04 15 19 16 | 09
#0209-d297 @A: 11 03 05 26 | 01
#0210-d297 @A: 03 11 34 35 | 11
#0211-d297 @A: 34 16 29 11 | 03
#0212-d297 @A: 20 07 11 30 | 02
#0213-d297 @A: 10 11 27 14 | 12
#0214-d297 @A: 11 25 02 01 | 08
#0215-d297 @A: 08 13 11 28 | 07
#0216-d297 @A: 35 05 11 22 | 05
#0217-d297 @A: 22 11 28 09 | 06
#0218-d297 @A: 12 35 18 11 | 04
#0219-d297 @A: 12 20 05 11 | 10
#0220-d297 @A: 10 25 03 26 | 09
#0221-d297 @A: 03 09 26 22 | 01
#0222-d297 @A: 03 25 12 29 | 11
#0223-d297 @A: 13 03 33 23 | 03
#0224-d297 @A: 03 30 15 33 | 02
#0225-d297 @A: 03 35 17 01 | 12
#0226-d297 @A: 09 15 02 03 | 08
#0227-d297 @A: 34 08 01 26 | 07
#0228-d297 @A: 10 23 26 08 | 05
#0229-d297 @A: 25 01 26 22 | 06
#0230-d297 @A: 13 23 26 28 | 04
#0231-d297 @A: 28 17 26 35 | 10
#0232-d297 @A: 26 17 24 19 | 09
#0233-d297 @A: 01 26 33 15 | 01
#0234-d297 @A: 26 12 16 01 | 11
#0235-d297 @A: 16 26 15 24 | 03
#0236-d297 @A: 15 19 26 06 | 02
#0237-d297 @A: 07 29 13 14 | 12
#0238-d297 @A: 28 10 14 29 | 08
#0239-d297 @A: 29 08 14 20 | 07
#0240-d297 @A: 29 22 12 01 | 05
#0241-d297 @A: 33 16 29 02 | 06
#0242-d297 @A: 29 27 33 18 | 04
#0243-d297 @A: 33 29 28 15 | 10
#0244-d297 @A: 16 29 19 20 | 09
#0245-d297 @A: 20 18 06 29 | 01
#0246-d297 @A: 34 25 19 08 | 11
#0247-d297 @A: 09 34 13 14 | 03
#0248-d297 @A: 14 12 34 16 | 02
#0249-d297 @A: 34 02 05 18 | 12
#0250-d297 @A: 20 19 24 34 | 08
#0251-d297 @A: 08 06 10 07 | 07
#0252-d297 @A: 25 07 14 35 | 05
#0253-d297 @A: 19 22 07 09 | 06
#0254-d297 @A: 07 16 27 20 | 04
#0255-d297 @A: 35 20 19 07 | 10
#0256-d297 @A: 10 13 30 18 | 09
#0257-d297 @A: 18 06 13 10 | 01
#0258-d297 @A: 17 10 35 30 | 11
#0259-d297 @A: 33 05 10 16 | 03
#0260-d297 @A: 06 10 27 33 | 02
#0261-d297 @A: 10 02 06 35 | 12
#0262-d297 @A: 12 27 35 10 | 08
#0263-d297 @A: 20 28 02 10 | 07
#0264-d297 @A: 05 28 18 10 | 05
#0265-d297 @A: 13 02 17 25 | 06
#0266-d297 @A: 14 16 25 22 | 04
#0267-d297 @A: 22 25 05 06 | 10
#0268-d297 @A: 16 22 13 05 | 09
#0269-d297 @A: 33 13 35 05 | 01
#0270-d297 @A: 33 09 13 28 | 11
#0271-d297 @A: 13 28 19 16 | 03
#0272-d297 @A: 14 30 20 19 | 02
#0273-d297 @A: 14 01 35 06 | 12
#0274-d297 @A: 14 20 27 35 | 08
#0275-d297 @A: 30 20 33 18 | 07
#0276-d297 @A: 27 20 01 30 | 05
#0277-d297 @A: 30 27 18 16 | 06
#0278-d297 @A: 30 35 05 12 | 04
#0279-d297 @A: 18 12 19 30 | 10
#0280-d297 @A: 30 05 19 24 | 09
#0281-d297 @A: 06 08 02 17 | 01
#0282-d297 @A: 33 17 35 15 | 11
#0283-d297 @A: 05 28 24 17 | 03
#0284-d297 @A: 23 08 20 19 | 02
#0285-d297 @A: 22 18 16 08 | 12
#0286-d297 @A: 33 08 09 01 | 08
#0287-d297 @A: 02 28 08 19 | 07
#0288-d297 @A: 05 09 08 24 | 05
#0289-d297 @A: 22 12 23 06 | 06
#0290-d297 @A: 15 33 12 23 | 04
#0291-d297 @A: 05 23 19 18 | 10
#0292-d297 @A: 35 06 09 18 | 09
#0293-d297 @A: 03 32 21 16 | 01
#0294-d297 @A: 32 35 03 04 | 11
#0295-d297 @A: 11 34 32 05 | 03
#0296-d297 @A: 10 32 33 11 | 02
#0297-d297 @A: 32 13 11 06 | 12
#0298-d297 @A: 35 11 32 17 | 08
#0299-d297 @A: 09 02 11 32 | 07
#0300-d297 @A: 17 03 32 26 | 05
#0301-d297 @A: 08 24 32 03 | 06
#0302-d297 @A: 28 01 32 03 | 04
#0303-d297 @A: 26 02 14 32 | 10
#0304-d297 @A: 26 35 20 32 | 09
#0305-d297 @A: 32 23 25 24 | 01
#0306-d297 @A: 13 24 32 30 | 11
#0307-d297 @A: 09 32 08 17 | 03
#0308-d297 @A: 17 18 20 32 | 02
#0309-d297 @A: 32 20 19 22 | 12
#0310-d297 @A: 02 33 15 32 | 08
#0311-d297 @A: 21 31 06 27 | 07
#0312-d297 @A: 29 17 31 04 | 05
#0313-d297 @A: 31 23 04 05 | 06
#0314-d297 @A: 26 31 02 11 | 04
#0315-d297 @A: 31 25 16 11 | 10
#0316-d297 @A: 29 03 31 05 | 09
#0317-d297 @A: 31 35 12 29 | 01
#0318-d297 @A: 31 10 13 09 | 11
#0319-d297 @A: 25 14 31 18 | 03
#0320-d297 @A: 12 31 28 24 | 02
#0321-d297 @A: 21 10 04 20 | 12
#0322-d297 @A: 21 16 01 04 | 08
#0323-d297 @A: 12 04 21 02 | 07
#0324-d297 @A: 11 02 34 21 | 05
#0325-d297 @A: 21 26 03 01 | 06
#0326-d297 @A: 29 19 21 03 | 04
#0327-d297 @A: 03 02 07 21 | 10
#0328-d297 @A: 33 03 14 21 | 09
#0329-d297 @A: 26 18 21 14 | 01
#0330-d297 @A: 13 16 34 21 | 11
#0331-d297 @A: 21 07 14 01 | 03
#0332-d297 @A: 17 21 30 12 | 02
#0333-d297 @A: 15 21 08 17 | 12
#0334-d297 @A: 22 16 28 21 | 08
#0335-d297 @A: 01 21 15 35 | 07
#0336-d297 @A: 21 12 18 16 | 05
#0337-d297 @A: 28 21 06 02 | 06
#0338-d297 @A: 21 15 24 12 | 04
#0339-d297 @A: 04 16 30 11 | 10
#0340-d297 @A: 14 03 04 18 | 09
#0341-d297 @A: 22 26 08 04 | 01
#0342-d297 @A: 14 24 04 34 | 11
#0343-d297 @A: 07 14 04 16 | 03
#0344-d297 @A: 27 23 10 04 | 02
#0345-d297 @A: 04 08 25 18 | 12
#0346-d297 @A: 13 17 04 20 | 08
#0347-d297 @A: 04 22 06 13 | 07
#0348-d297 @A: 04 22 30 27 | 05
#0349-d297 @A: 33 12 19 04 | 06
#0350-d297 @A: 09 16 04 27 | 04
#0351-d297 @A: 18 04 06 28 | 10
#0352-d297 @A: 25 03 06 11 | 09
#0353-d297 @A: 26 29 11 18 | 01
#0354-d297 @A: 34 11 22 25 | 11
#0355-d297 @A: 34 20 11 08 | 03
#0356-d297 @A: 17 14 25 11 | 02
#0357-d297 @A: 09 06 08 11 | 12
#0358-d297 @A: 11 15 22 01 | 08
#0359-d297 @A: 05 09 16 11 | 07
#0360-d297 @A: 24 11 06 28 | 05
#0361-d297 @A: 26 12 03 30 | 06
#0362-d297 @A: 03 34 25 24 | 04
#0363-d297 @A: 09 14 07 03 | 10
#0364-d297 @A: 25 17 28 03 | 09
#0365-d297 @A: 03 17 13 19 | 01
#0366-d297 @A: 35 30 22 03 | 11
#0367-d297 @A: 12 03 05 22 | 03
#0368-d297 @A: 12 06 03 18 | 02
#0369-d297 @A: 03 24 19 15 | 12
#0370-d297 @A: 26 29 06 12 | 08
#0371-d297 @A: 13 12 34 26 | 07
#0372-d297 @A: 26 34 19 35 | 05
#0373-d297 @A: 19 10 16 26 | 06
#0374-d297 @A: 33 26 13 30 | 04
#0375-d297 @A: 26 15 13 17 | 10
#0376-d297 @A: 26 23 30 06 | 09
#0377-d297 @A: 26 12 22 24 | 01
#0378-d297 @A: 26 35 01 05 | 11
#0379-d297 @A: 26 15 18 09 | 03
#0380-d297 @A: 06 26 09 20 | 02
#0381-d297 @A: 10 01 07 29 | 12
#0382-d297 @A: 29 07 06 28 | 08
#0383-d297 @A: 20 13 25 29 | 07
#0384-d297 @A: 29 30 02 35 | 05
#0385-d297 @A: 01 19 29 09 | 06
#0386-d297 @A: 20 35 29 28 | 04
#0387-d297 @A: 29 05 02 06 | 10
#0388-d297 @A: 28 19 29 18 | 09
#0389-d297 @A: 09 06 29 15 | 01
#0390-d297 @A: 22 34 05 33 | 11
#0391-d297 @A: 09 02 01 34 | 03
#0392-d297 @A: 06 35 34 16 | 02
#0393-d297 @A: 10 13 07 12 | 12
#0394-d297 @A: 07 25 24 13 | 08
#0395-d297 @A: 07 22 12 30 | 07
#0396-d297 @A: 08 28 07 17 | 05
#0397-d297 @A: 20 07 15 09 | 06
#0398-d297 @A: 07 24 20 28 | 04
#0399-d297 @A: 16 13 23 10 | 10
#0400-d297 @A: 30 01 33 10 | 09
#0401-d297 @A: 10 27 15 18 | 01
#0402-d297 @A: 12 15 09 10 | 11
#0403-d297 @A: 24 06 10 15 | 03
#0404-d297 @A: 25 30 13 35 | 02
#0405-d297 @A: 22 08 25 30 | 12
#0406-d297 @A: 13 02 14 16 | 08
#0407-d297 @A: 13 33 01 18 | 07
#0408-d297 @A: 33 20 12 13 | 05
#0409-d297 @A: 24 35 13 01 | 06
#0410-d297 @A: 16 24 18 13 | 04
#0411-d297 @A: 01 22 05 14 | 10
#0412-d297 @A: 14 16 33 15 | 09
#0413-d297 @A: 17 22 28 27 | 01
#0414-d297 @A: 16 17 02 01 | 11
#0415-d297 @A: 05 19 17 20 | 03
#0416-d297 @A: 08 24 33 19 | 02
#0417-d297 @A: 28 08 12 06 | 12
#0418-d297 @A: 15 08 20 12 | 08
#0419-d297 @A: 05 15 28 23 | 07
#0420-d297 @A: 16 06 01 12 | 05
#0421-d297 @A: 31 32 21 05 | 06
#0422-d297 @A: 31 11 32 19 | 04
#0423-d297 @A: 21 33 04 32 | 10
#0424-d297 @A: 35 32 07 21 | 09
#0425-d297 @A: 32 20 34 04 | 01
#0426-d297 @A: 03 32 27 29 | 11
#0427-d297 @A: 23 03 32 05 | 03
#0428-d297 @A: 05 32 25 29 | 02
#0429-d297 @A: 32 19 29 02 | 12
#0430-d297 @A: 34 32 33 13 | 08
#0431-d297 @A: 32 34 16 30 | 07
#0432-d297 @A: 32 07 09 25 | 05
#0433-d297 @A: 16 07 32 06 | 06
#0434-d297 @A: 17 10 32 05 | 04
#0435-d297 @A: 06 14 22 32 | 10
#0436-d297 @A: 30 08 06 32 | 09
#0437-d297 @A: 08 32 05 22 | 01
#0438-d297 @A: 28 18 32 33 | 11
#0439-d297 @A: 05 06 12 32 | 03
#0440-d297 @A: 21 08 12 31 | 02
#0441-d297 @A: 31 04 14 28 | 12
#0442-d297 @A: 31 03 11 28 | 08
#0443-d297 @A: 10 31 35 11 | 07
#0444-d297 @A: 31 26 14 19 | 05
#0445-d297 @A: 29 31 10 20 | 06
#0446-d297 @A: 31 01 07 25 | 04
#0447-d297 @A: 31 19 23 07 | 10
#0448-d297 @A: 10 31 28 23 | 09
#0449-d297 @A: 13 22 25 31 | 01
#0450-d297 @A: 06 13 09 31 | 11
#0451-d297 @A: 26 21 19 04 | 03
#0452-d297 @A: 08 11 27 21 | 02
#0453-d297 @A: 21 18 09 11 | 12
#0454-d297 @A: 23 22 03 21 | 08
#0455-d297 @A: 25 16 21 26 | 07
#0456-d297 @A: 23 21 35 26 | 05
#0457-d297 @A: 21 02 08 29 | 06
#0458-d297 @A: 21 15 34 14 | 04
#0459-d297 @A: 07 10 16 21 | 10
#0460-d297 @A: 10 21 30 27 | 09
#0461-d297 @A: 35 21 10 33 | 01
#0462-d297 @A: 21 35 18 19 | 11
#0463-d297 @A: 01 03 04 30 | 03
#0464-d297 @A: 03 19 22 04 | 02
#0465-d297 @A: 03 06 04 35 | 12
#0466-d297 @A: 05 04 10 26 | 08
#0467-d297 @A: 13 04 09 26 | 07
#0468-d297 @A: 26 27 04 28 | 05
#0469-d297 @A: 04 29 13 16 | 06
#0470-d297 @A: 17 34 04 01 | 04
#0471-d297 @A: 08 35 07 04 | 10
#0472-d297 @A: 04 07 23 01 | 09
#0473-d297 @A: 04 17 02 14 | 01
#0474-d297 @A: 04 22 35 12 | 11
#0475-d297 @A: 35 04 28 24 | 03
#0476-d297 @A: 04 09 19 20 | 02
#0477-d297 @A: 11 13 30 29 | 12
#0478-d297 @A: 28 17 11 34 | 08
#0479-d297 @A: 33 11 34 01 | 07
#0480-d297 @A: 16 11 17 07 | 05
#0481-d297 @A: 11 07 24 05 | 06
#0482-d297 @A: 06 10 12 11 | 04
#0483-d297 @A: 23 25 11 20 | 10
#0484-d297 @A: 17 22 11 06 | 09
#0485-d297 @A: 33 18 11 16 | 01
#0486-d297 @A: 15 11 12 28 | 11
#0487-d297 @A: 27 14 26 03 | 03
#0488-d297 @A: 29 02 14 03 | 02
#0489-d297 @A: 17 29 03 20 | 12
#0490-d297 @A: 03 34 28 14 | 08
#0491-d297 @A: 22 03 16 07 | 07
#0492-d297 @A: 07 06 03 33 | 05
#0493-d297 @A: 10 03 13 15 | 06
#0494-d297 @A: 01 10 14 03 | 04
#0495-d297 @A: 30 03 19 10 | 10
#0496-d297 @A: 13 14 03 35 | 09
#0497-d297 @A: 30 02 03 13 | 01
#0498-d297 @A: 23 30 03 27 | 11
#0499-d297 @A: 23 08 03 17 | 03
#0500-d297 @A: 27 02 01 03 | 02
#0501-d297 @A: 09 18 03 20 | 12
#0502-d297 @A: 19 27 03 18 | 08
#0503-d297 @A: 27 12 03 24 | 07
#0504-d297 @A: 20 03 15 05 | 05
#0505-d297 @A: 29 26 23 01 | 06
#0506-d297 @A: 26 13 35 10 | 04
#0507-d297 @A: 25 26 30 02 | 10
#0508-d297 @A: 26 23 30 24 | 09
#0509-d297 @A: 26 20 24 33 | 01
#0510-d297 @A: 34 29 02 10 | 11
#0511-d297 @A: 22 34 29 14 | 03
#0512-d297 @A: 29 17 15 34 | 02
#0513-d297 @A: 34 23 19 29 | 12
#0514-d297 @A: 29 10 30 24 | 08
#0515-d297 @A: 29 25 08 35 | 07
#0516-d297 @A: 18 30 29 08 | 05
#0517-d297 @A: 23 09 20 29 | 06
#0518-d297 @A: 29 22 24 15 | 04
#0519-d297 @A: 29 16 15 01 | 10
#0520-d297 @A: 29 35 09 16 | 09
#0521-d297 @A: 24 05 35 29 | 01
#0522-d297 @A: 15 05 29 18 | 11
#0523-d297 @A: 29 20 12 24 | 03
#0524-d297 @A: 07 17 12 34 | 02
#0525-d297 @A: 14 25 33 34 | 12
#0526-d297 @A: 01 23 34 13 | 08
#0527-d297 @A: 23 18 34 14 | 07
#0528-d297 @A: 33 34 17 16 | 05
#0529-d297 @A: 20 22 34 01 | 06
#0530-d297 @A: 34 18 35 20 | 04
#0531-d297 @A: 09 20 34 12 | 10
#0532-d297 @A: 07 17 02 10 | 09
#0533-d297 @A: 10 07 33 19 | 01
#0534-d297 @A: 22 07 25 23 | 11
#0535-d297 @A: 13 15 07 30 | 03
#0536-d297 @A: 19 07 17 30 | 02
#0537-d297 @A: 30 23 07 28 | 12
#0538-d297 @A: 07 22 18 20 | 08
#0539-d297 @A: 33 09 07 18 | 07
#0540-d297 @A: 18 07 24 01 | 05
#0541-d297 @A: 18 10 17 14 | 06
#0542-d297 @A: 19 23 17 10 | 04
#0543-d297 @A: 12 33 10 22 | 10
#0544-d297 @A: 24 28 33 10 | 09
#0545-d297 @A: 35 10 09 18 | 01
#0546-d297 @A: 27 09 05 10 | 11
#0547-d297 @A: 25 09 14 30 | 03
#0548-d297 @A: 25 33 05 02 | 02
#0549-d297 @A: 25 12 27 01 | 12
#0550-d297 @A: 15 02 16 25 | 08
#0551-d297 @A: 20 25 16 05 | 07
#0552-d297 @A: 02 27 09 25 | 05
#0553-d297 @A: 14 05 27 13 | 06
#0554-d297 @A: 06 14 12 13 | 04
#0555-d297 @A: 13 15 12 18 | 10
#0556-d297 @A: 13 12 19 05 | 09
#0557-d297 @A: 30 14 23 08 | 01
#0558-d297 @A: 22 27 14 12 | 11
#0559-d297 @A: 05 18 14 16 | 03
#0560-d297 @A: 30 08 20 09 | 02
#0561-d297 @A: 22 15 06 30 | 12
#0562-d297 @A: 09 35 33 30 | 08
#0563-d297 @A: 24 16 30 02 | 07
#0564-d297 @A: 02 30 12 06 | 05
#0565-d297 @A: 28 18 17 12 | 06
#0566-d297 @A: 08 12 24 01 | 04
#0567-d297 @A: 23 01 22 02 | 10
#0568-d297 @A: 16 23 09 22 | 09
#0569-d297 @A: 18 23 22 27 | 01
#0570-d297 @A: 06 01 22 09 | 11
#0571-d297 @A: 24 16 06 09 | 03
#0572-d297 @A: 31 33 26 32 | 02
#0573-d297 @A: 15 32 13 31 | 12
#0574-d297 @A: 31 17 32 22 | 08
#0575-d297 @A: 32 27 31 23 | 07
#0576-d297 @A: 11 24 21 32 | 05
#0577-d297 @A: 24 04 26 32 | 06
#0578-d297 @A: 13 32 19 04 | 04
#0579-d297 @A: 04 17 32 15 | 10
#0580-d297 @A: 11 26 32 30 | 09
#0581-d297 @A: 32 25 11 27 | 01
#0582-d297 @A: 22 32 13 11 | 11
#0583-d297 @A: 33 32 14 29 | 03
#0584-d297 @A: 29 08 12 32 | 02
#0585-d297 @A: 25 34 17 32 | 12
#0586-d297 @A: 24 22 34 32 | 08
#0587-d297 @A: 32 34 09 35 | 07
#0588-d297 @A: 32 30 10 07 | 05
#0589-d297 @A: 25 32 08 33 | 06
#0590-d297 @A: 32 02 18 22 | 04
#0591-d297 @A: 22 32 09 27 | 10
#0592-d297 @A: 12 32 05 02 | 09
#0593-d297 @A: 31 22 04 21 | 01
#0594-d297 @A: 04 31 09 24 | 11
#0595-d297 @A: 31 29 11 22 | 03
#0596-d297 @A: 17 12 11 31 | 02
#0597-d297 @A: 03 12 31 10 | 12
#0598-d297 @A: 16 08 26 31 | 08
#0599-d297 @A: 31 26 27 05 | 07
#0600-d297 @A: 25 29 24 31 | 05
#0601-d297 @A: 02 34 13 31 | 06
#0602-d297 @A: 13 14 31 33 | 04
#0603-d297 @A: 08 24 14 31 | 10
#0604-d297 @A: 31 05 30 08 | 09
#0605-d297 @A: 22 08 33 31 | 01
#0606-d297 @A: 15 05 35 31 | 11
#0607-d297 @A: 15 31 27 24 | 03
#0608-d297 @A: 21 11 07 13 | 02
#0609-d297 @A: 09 03 34 21 | 12
#0610-d297 @A: 21 28 26 08 | 08
#0611-d297 @A: 09 21 17 13 | 07
#0612-d297 @A: 19 02 21 33 | 05
#0613-d297 @A: 18 20 21 28 | 06
#0614-d297 @A: 11 07 29 04 | 04
#0615-d297 @A: 05 04 11 17 | 10
#0616-d297 @A: 04 23 11 18 | 09
#0617-d297 @A: 05 03 34 04 | 01
#0618-d297 @A: 35 04 30 34 | 11
#0619-d297 @A: 23 04 06 01 | 03
#0620-d297 @A: 04 22 33 20 | 02
#0621-d297 @A: 05 12 16 04 | 12
#0622-d297 @A: 09 35 04 02 | 08
#0623-d297 @A: 08 03 11 33 | 07
#0624-d297 @A: 09 29 14 11 | 05
#0625-d297 @A: 02 11 07 22 | 06
#0626-d297 @A: 23 11 13 02 | 04
#0627-d297 @A: 11 12 01 13 | 10
#0628-d297 @A: 11 28 35 33 | 09
#0629-d297 @A: 11 06 27 15 | 01
#0630-d297 @A: 02 26 34 03 | 11
#0631-d297 @A: 06 26 34 03 | 03
#0632-d297 @A: 03 29 13 18 | 02
#0633-d297 @A: 12 19 03 34 | 12
#0634-d297 @A: 03 15 23 07 | 08
#0635-d297 @A: 27 08 25 03 | 07
#0636-d297 @A: 24 35 33 03 | 05
#0637-d297 @A: 05 16 03 01 | 06
#0638-d297 @A: 27 03 05 35 | 04
#0639-d297 @A: 19 03 28 35 | 10
#0640-d297 @A: 05 16 26 29 | 09
#0641-d297 @A: 34 28 07 26 | 01
#0642-d297 @A: 26 20 15 34 | 11
#0643-d297 @A: 07 14 15 26 | 03
#0644-d297 @A: 24 26 14 25 | 02
#0645-d297 @A: 26 08 09 14 | 12
#0646-d297 @A: 26 16 14 28 | 08
#0647-d297 @A: 02 26 06 16 | 07
#0648-d297 @A: 20 12 26 19 | 05
#0649-d297 @A: 10 17 29 22 | 06
#0650-d297 @A: 29 25 01 14 | 04
#0651-d297 @A: 22 29 28 13 | 10
#0652-d297 @A: 24 02 01 29 | 09
#0653-d297 @A: 15 05 07 34 | 01
#0654-d297 @A: 20 10 34 23 | 11
#0655-d297 @A: 18 34 08 13 | 03
#0656-d297 @A: 34 02 30 14 | 02
#0657-d297 @A: 02 34 17 23 | 12
#0658-d297 @A: 28 34 12 33 | 08
#0659-d297 @A: 34 35 02 12 | 07
#0660-d297 @A: 30 06 07 25 | 05
#0661-d297 @A: 13 17 22 07 | 06
#0662-d297 @A: 14 24 12 07 | 04
#0663-d297 @A: 07 17 23 20 | 10
#0664-d297 @A: 35 07 01 09 | 09
#0665-d297 @A: 01 05 20 07 | 01
#0666-d297 @A: 27 22 25 10 | 11
#0667-d297 @A: 35 10 25 02 | 03
#0668-d297 @A: 10 25 06 20 | 02
#0669-d297 @A: 01 09 10 22 | 12
#0670-d297 @A: 16 23 17 25 | 08
#0671-d297 @A: 15 17 27 25 | 07
#0672-d297 @A: 12 24 25 33 | 05
#0673-d297 @A: 23 13 30 09 | 06
#0674-d297 @A: 13 27 30 12 | 04
#0675-d297 @A: 13 06 16 08 | 10
#0676-d297 @A: 24 01 13 06 | 09
#0677-d297 @A: 09 02 13 12 | 01
#0678-d297 @A: 13 06 28 19 | 11
#0679-d297 @A: 30 18 06 14 | 03
#0680-d297 @A: 14 35 33 22 | 02
#0681-d297 @A: 27 28 14 15 | 12
#0682-d297 @A: 22 30 05 09 | 08
#0683-d297 @A: 24 35 18 30 | 07
#0684-d297 @A: 20 22 17 09 | 05
#0685-d297 @A: 17 33 20 27 | 06
#0686-d297 @A: 27 09 17 12 | 04
#0687-d297 @A: 18 24 08 06 | 10
#0688-d297 @A: 33 23 24 27 | 09
#0689-d297 @A: 35 18 01 23 | 01
#0690-d297 @A: 20 28 23 01 | 11
#0691-d297 @A: 23 27 15 02 | 03
#0692-d297 @A: 06 20 28 33 | 02
#0693-d297 @A: 28 32 30 31 | 12
#0694-d297 @A: 21 25 01 32 | 08
#0695-d297 @A: 17 32 02 21 | 07
#0696-d297 @A: 18 32 21 08 | 05
#0697-d297 @A: 23 32 15 21 | 06
#0698-d297 @A: 04 32 27 08 | 04
#0699-d297 @A: 24 32 06 04 | 10
#0700-d297 @A: 32 25 28 26 | 09
#0701-d297 @A: 27 07 17 32 | 01
#0702-d297 @A: 27 13 32 28 | 11
#0703-d297 @A: 17 19 32 28 | 03
#0704-d297 @A: 15 32 19 18 | 02
#0705-d297 @A: 09 07 21 31 | 12
#0706-d297 @A: 21 20 31 23 | 08
#0707-d297 @A: 20 11 31 04 | 07
#0708-d297 @A: 01 04 10 31 | 05
#0709-d297 @A: 31 05 06 11 | 06
#0710-d297 @A: 31 26 18 03 | 04
#0711-d297 @A: 31 23 03 01 | 10
#0712-d297 @A: 31 20 03 27 | 09
#0713-d297 @A: 10 34 33 31 | 01
#0714-d297 @A: 07 17 14 31 | 11
#0715-d297 @A: 12 30 25 31 | 03
#0716-d297 @A: 16 09 17 31 | 02
#0717-d297 @A: 35 28 01 31 | 12
#0718-d297 @A: 02 31 19 01 | 08
#0719-d297 @A: 27 31 09 18 | 07
#0720-d297 @A: 21 05 11 10 | 05
#0721-d297 @A: 21 17 03 18 | 06
#0722-d297 @A: 21 35 12 03 | 04
#0723-d297 @A: 26 33 06 21 | 10
#0724-d297 @A: 21 26 20 05 | 09
#0725-d297 @A: 34 21 20 29 | 01
#0726-d297 @A: 24 23 29 21 | 11
#0727-d297 @A: 33 21 13 08 | 03
#0728-d297 @A: 13 21 22 12 | 02
#0729-d297 @A: 21 13 02 28 | 12
#0730-d297 @A: 21 23 19 30 | 08
#0731-d297 @A: 24 20 21 17 | 07
#0732-d297 @A: 21 27 33 22 | 05
#0733-d297 @A: 19 22 05 21 | 06
#0734-d297 @A: 21 28 01 33 | 04
#0735-d297 @A: 16 21 24 33 | 10
#0736-d297 @A: 16 21 35 20 | 09
#0737-d297 @A: 24 27 21 18 | 01
#0738-d297 @A: 27 12 28 21 | 11
#0739-d297 @A: 04 25 15 11 | 03
#0740-d297 @A: 16 26 03 04 | 02
#0741-d297 @A: 26 25 20 04 | 12
#0742-d297 @A: 23 26 04 15 | 08
#0743-d297 @A: 25 04 27 29 | 07
#0744-d297 @A: 19 14 29 04 | 05
#0745-d297 @A: 29 04 02 22 | 06
#0746-d297 @A: 04 28 07 25 | 04
#0747-d297 @A: 14 06 04 27 | 10
#0748-d297 @A: 23 04 30 33 | 09
#0749-d297 @A: 22 04 09 18 | 01
#0750-d297 @A: 24 02 20 04 | 11
#0751-d297 @A: 11 03 24 29 | 03
#0752-d297 @A: 10 16 03 11 | 02
#0753-d297 @A: 11 30 03 25 | 12
#0754-d297 @A: 11 16 13 26 | 08
#0755-d297 @A: 08 15 11 29 | 07
#0756-d297 @A: 11 19 05 29 | 05
#0757-d297 @A: 11 24 13 34 | 06
#0758-d297 @A: 10 20 17 11 | 04
#0759-d297 @A: 10 01 11 23 | 10
#0760-d297 @A: 19 18 25 11 | 09
#0761-d297 @A: 01 27 11 09 | 01
#0762-d297 @A: 24 11 35 02 | 11
#0763-d297 @A: 11 18 27 28 | 03
#0764-d297 @A: 07 19 03 26 | 02
#0765-d297 @A: 17 10 03 34 | 12
#0766-d297 @A: 08 03 34 15 | 08
#0767-d297 @A: 03 34 06 20 | 07
#0768-d297 @A: 08 10 05 03 | 05
#0769-d297 @A: 05 14 03 25 | 06
#0770-d297 @A: 20 13 28 03 | 04
#0771-d297 @A: 23 14 12 03 | 10
#0772-d297 @A: 05 17 02 03 | 09
#0773-d297 @A: 24 23 02 03 | 01
#0774-d297 @A: 22 27 15 03 | 11
#0775-d297 @A: 20 01 12 03 | 03
#0776-d297 @A: 03 28 27 06 | 02
#0777-d297 @A: 10 26 27 29 | 12
#0778-d297 @A: 26 30 19 29 | 08
#0779-d297 @A: 22 30 34 26 | 07
#0780-d297 @A: 06 13 07 26 | 05
#0781-d297 @A: 26 25 19 13 | 06
#0782-d297 @A: 14 13 26 22 | 04
#0783-d297 @A: 01 30 26 14 | 10
#0784-d297 @A: 20 22 27 26 | 09
#0785-d297 @A: 16 35 26 33 | 01
#0786-d297 @A: 16 26 18 20 | 11
#0787-d297 @A: 28 26 18 24 | 03
#0788-d297 @A: 09 26 28 19 | 02
#0789-d297 @A: 22 29 25 19 | 12
#0790-d297 @A: 14 29 35 18 | 08
#0791-d297 @A: 17 01 29 18 | 07
#0792-d297 @A: 35 15 19 29 | 05
#0793-d297 @A: 05 29 02 09 | 06
#0794-d297 @A: 18 09 29 12 | 04
#0795-d297 @A: 13 19 07 34 | 10
#0796-d297 @A: 34 01 07 30 | 09
#0797-d297 @A: 07 23 34 33 | 01
#0798-d297 @A: 25 34 15 13 | 11
#0799-d297 @A: 06 27 34 23 | 03
#0800-d297 @A: 16 24 01 34 | 02
#0801-d297 @A: 27 34 16 05 | 12
#0802-d297 @A: 34 15 19 02 | 08
#0803-d297 @A: 24 34 05 12 | 07
#0804-d297 @A: 23 24 10 07 | 05
#0805-d297 @A: 24 08 30 07 | 06
#0806-d297 @A: 18 05 07 30 | 04
#0807-d297 @A: 09 05 07 12 | 10
#0808-d297 @A: 10 30 15 08 | 09
#0809-d297 @A: 17 08 10 27 | 01
#0810-d297 @A: 10 15 17 24 | 11
#0811-d297 @A: 35 22 16 10 | 03
#0812-d297 @A: 02 18 10 33 | 02
#0813-d297 @A: 01 24 05 10 | 12
#0814-d297 @A: 16 09 28 10 | 08
#0815-d297 @A: 30 25 01 23 | 07
#0816-d297 @A: 01 06 08 25 | 05
#0817-d297 @A: 33 35 25 01 | 06
#0818-d297 @A: 35 23 14 17 | 04
#0819-d297 @A: 33 14 02 06 | 10
#0820-d297 @A: 14 01 12 35 | 09
#0821-d297 @A: 24 02 15 14 | 01
#0822-d297 @A: 02 19 30 22 | 11
#0823-d297 @A: 30 09 15 27 | 03
#0824-d297 @A: 27 24 28 30 | 02
#0825-d297 @A: 08 12 17 05 | 12
#0826-d297 @A: 02 22 17 12 | 08
#0827-d297 @A: 28 23 08 33 | 07
#0828-d297 @A: 08 09 15 23 | 05
#0829-d297 @A: 08 16 33 12 | 06
#0830-d297 @A: 15 08 24 18 | 04
#0831-d297 @A: 23 09 02 33 | 10
#0832-d297 @A: 02 28 23 16 | 09
#0833-d297 @A: 18 23 24 20 | 01
#0834-d297 @A: 06 19 27 24 | 11
#0835-d297 @A: 32 18 31 04 | 03
#0836-d297 @A: 32 14 35 31 | 02
#0837-d297 @A: 01 32 12 31 | 12
#0838-d297 @A: 32 20 21 06 | 08
#0839-d297 @A: 22 14 32 04 | 07
#0840-d297 @A: 32 09 03 13 | 05
#0841-d297 @A: 32 18 29 10 | 06
#0842-d297 @A: 29 24 32 17 | 04
#0843-d297 @A: 32 20 27 10 | 10
#0844-d297 @A: 32 19 25 30 | 09
#0845-d297 @A: 13 32 23 20 | 01
#0846-d297 @A: 02 30 27 32 | 11
#0847-d297 @A: 33 32 23 22 | 03
#0848-d297 @A: 32 01 15 06 | 02
#0849-d297 @A: 32 18 06 02 | 12
#0850-d297 @A: 24 09 15 32 | 08
#0851-d297 @A: 27 21 31 25 | 07
#0852-d297 @A: 35 21 13 31 | 05
#0853-d297 @A: 11 30 27 31 | 06
#0854-d297 @A: 31 35 09 03 | 04
#0855-d297 @A: 31 20 30 26 | 10
#0856-d297 @A: 29 25 31 06 | 09
#0857-d297 @A: 19 29 13 31 | 01
#0858-d297 @A: 31 18 08 10 | 11
#0859-d297 @A: 30 13 31 16 | 03
#0860-d297 @A: 13 17 18 31 | 02
#0861-d297 @A: 08 13 31 27 | 12
#0862-d297 @A: 17 31 23 15 | 08
#0863-d297 @A: 05 12 33 31 | 07
#0864-d297 @A: 02 31 12 18 | 05
#0865-d297 @A: 29 21 09 04 | 06
#0866-d297 @A: 05 18 04 21 | 04
#0867-d297 @A: 29 35 21 11 | 10
#0868-d297 @A: 03 28 21 10 | 09
#0869-d297 @A: 08 03 20 21 | 01
#0870-d297 @A: 10 22 21 34 | 11
#0871-d297 @A: 34 21 12 25 | 03
#0872-d297 @A: 30 21 34 06 | 02
#0873-d297 @A: 17 21 10 01 | 12
#0874-d297 @A: 08 21 24 10 | 08
#0875-d297 @A: 25 08 21 09 | 07
#0876-d297 @A: 15 17 21 06 | 05
#0877-d297 @A: 08 01 19 21 | 06
#0878-d297 @A: 34 04 11 27 | 04
#0879-d297 @A: 22 04 10 11 | 10
#0880-d297 @A: 04 24 08 11 | 09
#0881-d297 @A: 28 04 23 03 | 01
#0882-d297 @A: 26 17 04 33 | 11
#0883-d297 @A: 35 04 10 29 | 03
#0884-d297 @A: 19 07 24 04 | 02
#0885-d297 @A: 08 04 01 14 | 12
#0886-d297 @A: 35 23 04 16 | 08
#0887-d297 @A: 28 01 04 22 | 07
#0888-d297 @A: 28 02 15 04 | 05
#0889-d297 @A: 27 20 12 04 | 06
#0890-d297 @A: 04 12 06 20 | 04
#0891-d297 @A: 20 11 14 03 | 10
#0892-d297 @A: 27 11 26 17 | 09
#0893-d297 @A: 23 27 11 29 | 01
#0894-d297 @A: 12 07 11 25 | 11
#0895-d297 @A: 13 10 19 11 | 03
#0896-d297 @A: 18 08 17 11 | 02
#0897-d297 @A: 11 23 15 35 | 12
#0898-d297 @A: 19 22 33 11 | 08
#0899-d297 @A: 18 01 05 11 | 07
#0900-d297 @A: 02 11 19 16 | 05
#0901-d297 @A: 20 23 03 26 | 06
#0902-d297 @A: 29 03 28 07 | 04
#0903-d297 @A: 34 23 16 03 | 10
#0904-d297 @A: 10 03 06 16 | 09
#0905-d297 @A: 30 14 24 03 | 01
#0906-d297 @A: 03 30 09 06 | 11
#0907-d297 @A: 03 33 01 19 | 03
#0908-d297 @A: 02 03 35 16 | 02
#0909-d297 @A: 26 29 15 25 | 12
#0910-d297 @A: 10 26 34 24 | 08
#0911-d297 @A: 16 26 23 07 | 07
#0912-d297 @A: 26 10 35 06 | 05
#0913-d297 @A: 26 08 25 12 | 06
#0914-d297 @A: 05 14 06 26 | 04
#0915-d297 @A: 26 17 16 30 | 10
#0916-d297 @A: 08 17 02 26 | 09
#0917-d297 @A: 05 19 33 26 | 01
#0918-d297 @A: 02 26 01 28 | 11
#0919-d297 @A: 26 18 27 35 | 03
#0920-d297 @A: 26 12 28 05 | 02
#0921-d297 @A: 05 10 29 13 | 12
#0922-d297 @A: 24 33 13 29 | 08
#0923-d297 @A: 27 17 29 30 | 07
#0924-d297 @A: 01 29 33 20 | 05
#0925-d297 @A: 29 20 18 02 | 06
#0926-d297 @A: 27 20 29 15 | 04
#0927-d297 @A: 34 35 14 05 | 10
#0928-d297 @A: 22 02 28 34 | 09
#0929-d297 @A: 18 15 34 28 | 01
#0930-d297 @A: 34 24 09 27 | 11
#0931-d297 @A: 34 09 28 05 | 03
#0932-d297 @A: 34 05 24 06 | 02
#0933-d297 @A: 08 07 13 09 | 12
#0934-d297 @A: 07 02 14 23 | 08
#0935-d297 @A: 15 07 18 17 | 07
#0936-d297 @A: 27 09 23 07 | 05
#0937-d297 @A: 16 19 01 07 | 06
#0938-d297 @A: 05 07 02 35 | 04
#0939-d297 @A: 24 02 07 27 | 10
#0940-d297 @A: 30 23 02 10 | 09
#0941-d297 @A: 15 19 10 05 | 01
#0942-d297 @A: 14 23 25 27 | 11
#0943-d297 @A: 25 30 24 17 | 03
#0944-d297 @A: 25 17 08 20 | 02
#0945-d297 @A: 25 19 35 17 | 12
#0946-d297 @A: 18 23 25 06 | 08
#0947-d297 @A: 16 01 28 25 | 07
#0948-d297 @A: 17 13 23 06 | 05
#0949-d297 @A: 24 13 22 09 | 06
#0950-d297 @A: 13 01 16 09 | 04
#0951-d297 @A: 19 01 20 13 | 10
#0952-d297 @A: 13 19 24 02 | 09
#0953-d297 @A: 09 28 17 14 | 01
#0954-d297 @A: 24 14 27 17 | 11
#0955-d297 @A: 28 14 20 33 | 03
#0956-d297 @A: 01 16 14 27 | 02
#0957-d297 @A: 09 24 30 12 | 12
#0958-d297 @A: 19 17 18 16 | 08
#0959-d297 @A: 16 06 17 20 | 07
#0960-d297 @A: 15 17 19 12 | 05
#0961-d297 @A: 22 23 08 24 | 06
#0962-d297 @A: 08 20 22 28 | 04
#0963-d297 @A: 05 08 01 15 | 10
#0964-d297 @A: 06 19 08 35 | 09
#0965-d297 @A: 09 19 08 18 | 01
#0966-d297 @A: 18 27 20 08 | 11
#0967-d297 @A: 15 06 08 20 | 03
#0968-d297 @A: 23 33 16 19 | 02
#0969-d297 @A: 35 02 23 19 | 12
#0970-d297 @A: 35 12 23 24 | 08
#0971-d297 @A: 18 28 09 23 | 07
#0972-d297 @A: 27 19 23 28 | 05
#0973-d297 @A: 31 25 32 10 | 06
#0974-d297 @A: 33 32 31 06 | 04
#0975-d297 @A: 19 21 34 32 | 10
#0976-d297 @A: 21 22 30 32 | 09
#0977-d297 @A: 03 11 18 32 | 01
#0978-d297 @A: 29 32 20 11 | 11
#0979-d297 @A: 26 22 32 10 | 03
#0980-d297 @A: 32 15 30 29 | 02
#0981-d297 @A: 01 13 32 07 | 12
#0982-d297 @A: 10 23 32 35 | 08
#0983-d297 @A: 35 32 25 18 | 07
#0984-d297 @A: 32 28 12 22 | 05
#0985-d297 @A: 33 32 12 09 | 06
#0986-d297 @A: 20 24 32 01 | 04
#0987-d297 @A: 12 16 32 35 | 10
#0988-d297 @A: 28 05 35 32 | 09
#0989-d297 @A: 28 31 21 17 | 01
#0990-d297 @A: 31 15 34 11 | 11
#0991-d297 @A: 03 07 30 31 | 03
#0992-d297 @A: 02 31 25 03 | 02
#0993-d297 @A: 28 31 29 26 | 12
#0994-d297 @A: 26 17 10 31 | 08
#0995-d297 @A: 13 01 26 31 | 07
#0996-d297 @A: 35 34 31 07 | 05
#0997-d297 @A: 31 24 34 17 | 06
#0998-d297 @A: 31 28 07 13 | 04
#0999-d297 @A: 07 31 06 19 | 10
#1000-d297 @A: 15 10 02 31 | 09
#1001-d297 @A: 31 33 25 28 | 01
#1002-d297 @A: 14 31 15 30 | 11
#1003-d297 @A: 23 31 35 30 | 03
#1004-d297 @A: 33 19 31 15 | 02
#1005-d297 @A: 03 04 21 27 | 12
#1006-d297 @A: 29 21 13 01 | 08
#1007-d297 @A: 29 18 21 22 | 07
#1008-d297 @A: 21 28 05 29 | 05
#1009-d297 @A: 07 18 34 21 | 06
#1010-d297 @A: 25 33 30 21 | 04
#1011-d297 @A: 22 09 21 14 | 10
#1012-d297 @A: 14 35 21 24 | 09
#1013-d297 @A: 21 35 22 02 | 01
#1014-d297 @A: 27 21 35 09 | 11
#1015-d297 @A: 21 20 27 02 | 03
#1016-d297 @A: 09 19 21 12 | 02
#1017-d297 @A: 21 19 28 24 | 12
#1018-d297 @A: 15 21 27 05 | 08
#1019-d297 @A: 34 15 04 06 | 07
#1020-d297 @A: 25 04 09 10 | 05
#1021-d297 @A: 16 10 17 04 | 06
#1022-d297 @A: 22 23 04 13 | 04
#1023-d297 @A: 24 04 13 12 | 10
#1024-d297 @A: 27 33 14 04 | 09
#1025-d297 @A: 04 15 24 30 | 01
#1026-d297 @A: 33 16 06 04 | 11
#1027-d297 @A: 12 01 04 18 | 03
#1028-d297 @A: 04 02 18 16 | 02
#1029-d297 @A: 05 04 28 20 | 12
#1030-d297 @A: 33 26 11 07 | 08
#1031-d297 @A: 26 11 25 35 | 07
#1032-d297 @A: 11 10 34 18 | 05
#1033-d297 @A: 19 06 11 34 | 06
#1034-d297 @A: 13 17 11 33 | 04
#1035-d297 @A: 11 22 08 14 | 10
#1036-d297 @A: 14 11 28 05 | 09
#1037-d297 @A: 11 09 33 06 | 01
#1038-d297 @A: 11 16 01 20 | 11
#1039-d297 @A: 02 05 11 27 | 03
#1040-d297 @A: 15 09 11 19 | 02
#1041-d297 @A: 26 03 24 13 | 12
#1042-d297 @A: 01 29 34 03 | 08
#1043-d297 @A: 35 07 10 03 | 07
#1044-d297 @A: 10 03 22 20 | 05
#1045-d297 @A: 03 19 16 25 | 06
#1046-d297 @A: 13 16 03 12 | 04
#1047-d297 @A: 03 14 08 16 | 10
#1048-d297 @A: 03 30 09 17 | 09
#1049-d297 @A: 28 08 03 30 | 01
#1050-d297 @A: 33 03 02 22 | 11
#1051-d297 @A: 24 03 22 28 | 03
#1052-d297 @A: 03 16 28 18 | 02
#1053-d297 @A: 03 09 28 27 | 12
#1054-d297 @A: 29 26 07 20 | 08
#1055-d297 @A: 26 14 12 29 | 07
#1056-d297 @A: 29 26 35 22 | 05
#1057-d297 @A: 05 26 34 17 | 06
#1058-d297 @A: 26 30 07 35 | 04
#1059-d297 @A: 26 30 28 10 | 10
#1060-d297 @A: 14 26 17 20 | 09
#1061-d297 @A: 30 26 08 27 | 01
#1062-d297 @A: 12 17 23 26 | 11
#1063-d297 @A: 02 26 18 23 | 03
#1064-d297 @A: 34 33 35 29 | 02
#1065-d297 @A: 07 29 09 30 | 12
#1066-d297 @A: 05 23 29 07 | 08
#1067-d297 @A: 07 29 19 12 | 07
#1068-d297 @A: 13 08 06 29 | 05
#1069-d297 @A: 16 24 14 29 | 06
#1070-d297 @A: 29 35 01 27 | 04
#1071-d297 @A: 29 12 05 27 | 10
#1072-d297 @A: 10 34 35 01 | 09
#1073-d297 @A: 10 34 19 27 | 01
#1074-d297 @A: 34 25 27 30 | 11
#1075-d297 @A: 25 06 17 34 | 03
#1076-d297 @A: 25 23 34 35 | 02
#1077-d297 @A: 35 13 34 17 | 12
#1078-d297 @A: 06 34 13 02 | 08
#1079-d297 @A: 33 34 30 08 | 07
#1080-d297 @A: 34 16 22 19 | 05
#1081-d297 @A: 12 01 15 34 | 06
#1082-d297 @A: 33 07 17 25 | 04
#1083-d297 @A: 18 14 08 07 | 10
#1084-d297 @A: 07 28 33 27 | 09
#1085-d297 @A: 07 19 02 18 | 01
#1086-d297 @A: 19 07 05 28 | 11
#1087-d297 @A: 13 33 25 10 | 03
#1088-d297 @A: 25 10 20 30 | 02
#1089-d297 @A: 01 08 25 10 | 12
#1090-d297 @A: 10 35 14 08 | 08
#1091-d297 @A: 22 23 10 14 | 07
#1092-d297 @A: 06 10 09 14 | 05
#1093-d297 @A: 15 33 20 10 | 06
#1094-d297 @A: 18 19 10 20 | 04
#1095-d297 @A: 20 10 24 09 | 10
#1096-d297 @A: 23 12 25 28 | 09
#1097-d297 @A: 08 12 14 13 | 01
#1098-d297 @A: 17 24 13 08 | 11
#1099-d297 @A: 17 13 27 23 | 03
#1100-d297 @A: 20 22 13 35 | 02
#1101-d297 @A: 27 19 33 13 | 12
#1102-d297 @A: 13 16 20 15 | 08
#1103-d297 @A: 02 18 13 35 | 07
#1104-d297 @A: 05 20 13 06 | 05
#1105-d297 @A: 08 14 17 33 | 06
#1106-d297 @A: 01 14 18 09 | 04
#1107-d297 @A: 24 01 14 28 | 10
#1108-d297 @A: 09 35 15 14 | 09
#1109-d297 @A: 23 17 30 18 | 01
#1110-d297 @A: 30 20 24 22 | 11
#1111-d297 @A: 33 30 27 05 | 03
#1112-d297 @A: 35 30 16 01 | 02
#1113-d297 @A: 17 09 19 02 | 12
#1114-d297 @A: 02 23 08 05 | 08
#1115-d297 @A: 20 08 02 01 | 07
#1116-d297 @A: 15 08 16 28 | 05
#1117-d297 @A: 20 35 08 24 | 06
#1118-d297 @A: 02 12 27 08 | 04
#1119-d297 @A: 22 20 15 23 | 10
#1120-d297 @A: 05 01 33 23 | 09
#1121-d297 @A: 09 12 01 23 | 01
#1122-d297 @A: 15 12 16 06 | 11
#1123-d297 @A: 27 09 02 06 | 03
#1124-d297 @A: 05 27 18 06 | 02
#1125-d297 @A: 32 04 23 02 | 12
#1126-d297 @A: 26 19 32 23 | 08
#1127-d297 @A: 09 32 26 01 | 07
#1128-d297 @A: 29 35 32 06 | 05
#1129-d297 @A: 07 32 34 02 | 06
#1130-d297 @A: 20 07 14 32 | 04
#1131-d297 @A: 07 16 28 32 | 10
#1132-d297 @A: 24 14 10 32 | 09
#1133-d297 @A: 01 15 32 10 | 01
#1134-d297 @A: 08 14 28 32 | 11
#1135-d297 @A: 32 23 09 14 | 03
#1136-d297 @A: 01 23 17 32 | 02
#1137-d297 @A: 06 28 17 32 | 12
#1138-d297 @A: 22 32 35 15 | 08
#1139-d297 @A: 09 16 18 32 | 07
#1140-d297 @A: 32 09 05 20 | 05
#1141-d297 @A: 32 15 28 20 | 06
#1142-d297 @A: 21 01 34 31 | 04
#1143-d297 @A: 30 18 31 21 | 10
#1144-d297 @A: 12 31 04 26 | 09
#1145-d297 @A: 34 04 16 31 | 01
#1146-d297 @A: 33 30 29 31 | 11
#1147-d297 @A: 31 29 08 01 | 03
#1148-d297 @A: 09 34 30 31 | 02
#1149-d297 @A: 22 10 30 31 | 12
#1150-d297 @A: 01 10 06 31 | 08
#1151-d297 @A: 09 31 19 25 | 07
#1152-d297 @A: 06 14 31 16 | 05
#1153-d297 @A: 17 08 35 31 | 06
#1154-d297 @A: 01 31 22 27 | 04
#1155-d297 @A: 18 28 31 22 | 10
#1156-d297 @A: 05 31 20 18 | 09
#1157-d297 @A: 04 07 30 21 | 01
#1158-d297 @A: 06 21 07 04 | 11
#1159-d297 @A: 03 11 21 15 | 03
#1160-d297 @A: 21 29 03 06 | 02
#1161-d297 @A: 02 26 10 21 | 12
#1162-d297 @A: 26 09 30 21 | 08
#1163-d297 @A: 07 21 27 29 | 07
#1164-d297 @A: 12 21 29 33 | 05
#1165-d297 @A: 21 34 24 30 | 06
#1166-d297 @A: 17 07 21 05 | 04
#1167-d297 @A: 21 12 23 07 | 10
#1168-d297 @A: 33 21 20 07 | 09
#1169-d297 @A: 25 20 21 14 | 01
#1170-d297 @A: 15 21 25 22 | 11
#1171-d297 @A: 02 21 05 16 | 03
#1172-d297 @A: 06 04 11 30 | 02
#1173-d297 @A: 08 04 29 28 | 12
#1174-d297 @A: 02 04 25 34 | 08
#1175-d297 @A: 18 19 34 04 | 07
#1176-d297 @A: 05 14 09 04 | 05
#1177-d297 @A: 33 24 01 04 | 06
#1178-d297 @A: 19 04 01 27 | 04
#1179-d297 @A: 04 15 20 18 | 10
#1180-d297 @A: 28 12 09 04 | 09
#1181-d297 @A: 24 04 05 27 | 01
#1182-d297 @A: 03 09 11 12 | 11
#1183-d297 @A: 11 09 34 07 | 03
#1184-d297 @A: 11 12 23 34 | 02
#1185-d297 @A: 11 10 07 28 | 12
#1186-d297 @A: 08 10 11 02 | 08
#1187-d297 @A: 18 20 13 11 | 07
#1188-d297 @A: 23 11 33 14 | 05
#1189-d297 @A: 18 14 11 24 | 06
#1190-d297 @A: 08 11 12 30 | 04
#1191-d297 @A: 05 30 23 11 | 10
#1192-d297 @A: 11 33 24 30 | 09
#1193-d297 @A: 12 27 11 33 | 01
#1194-d297 @A: 01 11 19 35 | 11
#1195-d297 @A: 11 16 24 28 | 03
#1196-d297 @A: 03 29 33 26 | 02
#1197-d297 @A: 26 28 15 03 | 12
#1198-d297 @A: 34 33 20 03 | 08
#1199-d297 @A: 27 03 10 33 | 07
#1200-d297 @A: 15 03 01 25 | 05
#1201-d297 @A: 23 03 06 02 | 06
#1202-d297 @A: 16 03 24 20 | 04
#1203-d297 @A: 14 10 33 26 | 10
#1204-d297 @A: 27 26 06 08 | 09
#1205-d297 @A: 35 26 09 12 | 01
#1206-d297 @A: 29 25 34 09 | 11
#1207-d297 @A: 25 29 30 28 | 03
#1208-d297 @A: 29 12 17 13 | 02
#1209-d297 @A: 17 05 29 14 | 12
#1210-d297 @A: 30 29 23 22 | 08
#1211-d297 @A: 08 09 29 27 | 07
#1212-d297 @A: 29 06 23 19 | 05
#1213-d297 @A: 28 24 09 29 | 06
#1214-d297 @A: 27 19 24 29 | 04
#1215-d297 @A: 30 20 34 17 | 10
#1216-d297 @A: 30 23 15 34 | 09
#1217-d297 @A: 09 22 34 15 | 01
#1218-d297 @A: 18 01 27 34 | 11
#1219-d297 @A: 34 24 35 15 | 03
#1220-d297 @A: 15 25 08 07 | 02
#1221-d297 @A: 18 06 22 07 | 12
#1222-d297 @A: 06 07 01 02 | 08
#1223-d297 @A: 28 17 13 10 | 07
#1224-d297 @A: 17 10 30 06 | 05
#1225-d297 @A: 09 33 17 10 | 06
#1226-d297 @A: 28 19 22 10 | 04
#1227-d297 @A: 10 35 20 05 | 10
#1228-d297 @A: 18 13 27 25 | 09
#1229-d297 @A: 25 06 27 13 | 01
#1230-d297 @A: 25 35 06 33 | 11
#1231-d297 @A: 33 19 25 20 | 03
#1232-d297 @A: 19 25 12 02 | 02
#1233-d297 @A: 27 19 25 05 | 12
#1234-d297 @A: 13 16 35 27 | 08
#1235-d297 @A: 20 27 09 13 | 07
#1236-d297 @A: 02 22 20 14 | 05
#1237-d297 @A: 15 22 18 14 | 06
#1238-d297 @A: 01 02 14 33 | 04
#1239-d297 @A: 12 20 14 18 | 10
#1240-d297 @A: 23 30 16 20 | 09
#1241-d297 @A: 22 30 33 16 | 01
#1242-d297 @A: 30 15 12 16 | 11
#1243-d297 @A: 06 16 19 30 | 03
#1244-d297 @A: 06 27 35 30 | 02
#1245-d297 @A: 22 33 17 24 | 12
#1246-d297 @A: 06 17 01 18 | 08
#1247-d297 @A: 27 17 05 01 | 07
#1248-d297 @A: 16 05 17 35 | 05
#1249-d297 @A: 28 16 17 20 | 06
#1250-d297 @A: 17 02 27 35 | 04
#1251-d297 @A: 17 12 20 35 | 10
#1252-d297 @A: 15 02 20 17 | 09
#1253-d297 @A: 12 06 27 17 | 01
#1254-d297 @A: 15 22 08 02 | 11
#1255-d297 @A: 22 08 19 27 | 03
#1256-d297 @A: 05 20 08 33 | 02
#1257-d297 @A: 08 24 27 16 | 12
#1258-d297 @A: 28 05 08 27 | 08
#1259-d297 @A: 20 35 23 33 | 07
#1260-d297 @A: 01 23 15 24 | 05
#1261-d297 @A: 18 16 15 23 | 06
#1262-d297 @A: 05 23 06 16 | 04
#1263-d297 @A: 23 06 09 28 | 10
#1264-d297 @A: 06 19 33 12 | 09
#1265-d297 @A: 31 03 32 34 | 01
#1266-d297 @A: 21 32 29 26 | 11
#1267-d297 @A: 21 09 28 32 | 03
#1268-d297 @A: 12 21 20 32 | 02
#1269-d297 @A: 11 32 28 23 | 12
#1270-d297 @A: 03 25 32 22 | 08
#1271-d297 @A: 14 32 03 19 | 07
#1272-d297 @A: 26 15 08 32 | 05
#1273-d297 @A: 29 23 16 32 | 06
#1274-d297 @A: 07 23 18 32 | 04
#1275-d297 @A: 32 23 06 10 | 10
#1276-d297 @A: 32 02 20 25 | 09
#1277-d297 @A: 12 32 14 17 | 01
#1278-d297 @A: 16 32 20 33 | 11
#1279-d297 @A: 32 27 05 18 | 03
#1280-d297 @A: 21 29 16 31 | 02
#1281-d297 @A: 04 31 25 35 | 12
#1282-d297 @A: 04 15 08 31 | 08
#1283-d297 @A: 02 27 04 31 | 07
#1284-d297 @A: 29 14 31 27 | 05
#1285-d297 @A: 23 29 02 31 | 06
#1286-d297 @A: 06 34 31 18 | 04
#1287-d297 @A: 05 34 31 19 | 10
#1288-d297 @A: 20 07 12 31 | 09
#1289-d297 @A: 17 31 05 25 | 01
#1290-d297 @A: 30 06 20 31 | 11
#1291-d297 @A: 24 31 17 06 | 03
#1292-d297 @A: 18 01 15 31 | 02
#1293-d297 @A: 20 31 02 35 | 12
#1294-d297 @A: 28 05 31 02 | 08
#1295-d297 @A: 28 31 20 19 | 07
#1296-d297 @A: 11 04 21 14 | 05
#1297-d297 @A: 11 21 17 19 | 06
#1298-d297 @A: 21 11 23 16 | 04
#1299-d297 @A: 05 03 30 21 | 10
#1300-d297 @A: 17 22 21 26 | 09
#1301-d297 @A: 21 14 12 10 | 01
#1302-d297 @A: 22 06 10 21 | 11
#1303-d297 @A: 05 21 13 24 | 03
#1304-d297 @A: 23 14 21 06 | 02
#1305-d297 @A: 21 01 27 23 | 12
#1306-d297 @A: 09 05 21 33 | 08
#1307-d297 @A: 02 18 01 21 | 07
#1308-d297 @A: 21 16 15 09 | 05
#1309-d297 @A: 12 06 21 24 | 06
#1310-d297 @A: 17 12 03 04 | 04
#1311-d297 @A: 26 02 04 07 | 10
#1312-d297 @A: 04 30 26 18 | 09
#1313-d297 @A: 06 10 29 04 | 01
#1314-d297 @A: 05 33 04 29 | 11
#1315-d297 @A: 34 04 22 07 | 03
#1316-d297 @A: 14 04 10 15 | 02
#1317-d297 @A: 04 25 13 01 | 12
#1318-d297 @A: 12 14 04 25 | 08
#1319-d297 @A: 18 04 27 17 | 07
#1320-d297 @A: 22 15 05 04 | 05
#1321-d297 @A: 16 33 28 04 | 06
#1322-d297 @A: 34 11 26 14 | 04
#1323-d297 @A: 19 26 08 11 | 10
#1324-d297 @A: 11 26 20 28 | 09
#1325-d297 @A: 10 29 12 11 | 01
#1326-d297 @A: 11 02 17 29 | 11
#1327-d297 @A: 29 16 06 11 | 03
#1328-d297 @A: 35 07 11 27 | 02
#1329-d297 @A: 30 10 09 11 | 12
#1330-d297 @A: 11 05 08 25 | 08
#1331-d297 @A: 27 15 16 11 | 07
#1332-d297 @A: 11 20 35 09 | 05
#1333-d297 @A: 24 15 20 11 | 06
#1334-d297 @A: 29 30 16 03 | 04
#1335-d297 @A: 03 17 07 24 | 10
#1336-d297 @A: 13 01 08 03 | 09
#1337-d297 @A: 08 03 18 02 | 01
#1338-d297 @A: 24 06 03 22 | 11
#1339-d297 @A: 09 16 03 33 | 03
#1340-d297 @A: 29 13 26 02 | 02
#1341-d297 @A: 24 08 26 29 | 12
#1342-d297 @A: 27 26 25 07 | 08
#1343-d297 @A: 26 13 07 18 | 07
#1344-d297 @A: 26 08 05 07 | 05
#1345-d297 @A: 26 23 33 25 | 06
#1346-d297 @A: 30 15 26 05 | 04
#1347-d297 @A: 22 26 02 16 | 10
#1348-d297 @A: 19 26 22 15 | 09
#1349-d297 @A: 24 26 27 01 | 01
#1350-d297 @A: 02 35 26 15 | 11
#1351-d297 @A: 26 02 09 20 | 03
#1352-d297 @A: 13 29 27 34 | 02
#1353-d297 @A: 29 08 05 34 | 12
#1354-d297 @A: 29 34 22 06 | 08
#1355-d297 @A: 29 35 17 07 | 07
#1356-d297 @A: 29 33 08 07 | 05
#1357-d297 @A: 08 29 10 19 | 06
#1358-d297 @A: 23 08 29 13 | 04
#1359-d297 @A: 17 29 28 23 | 10
#1360-d297 @A: 06 27 01 29 | 09
#1361-d297 @A: 12 29 15 02 | 01
#1362-d297 @A: 34 07 10 14 | 11
#1363-d297 @A: 18 25 34 16 | 03
#1364-d297 @A: 08 14 06 34 | 02
#1365-d297 @A: 02 34 24 08 | 12
#1366-d297 @A: 34 18 22 12 | 08
#1367-d297 @A: 28 20 27 34 | 07
#1368-d297 @A: 16 30 25 07 | 05
#1369-d297 @A: 02 33 07 30 | 06
#1370-d297 @A: 07 23 20 06 | 04
#1371-d297 @A: 07 02 01 15 | 10
#1372-d297 @A: 12 01 07 28 | 09
#1373-d297 @A: 35 07 16 15 | 01
#1374-d297 @A: 07 18 28 35 | 11
#1375-d297 @A: 27 15 19 07 | 03
#1376-d297 @A: 12 10 25 17 | 02
#1377-d297 @A: 23 12 10 05 | 12
#1378-d297 @A: 10 12 19 01 | 08
#1379-d297 @A: 24 10 19 35 | 07
#1380-d297 @A: 15 35 28 10 | 05
#1381-d297 @A: 13 25 28 14 | 06
#1382-d297 @A: 16 08 13 25 | 04
#1383-d297 @A: 25 23 13 05 | 10
#1384-d297 @A: 25 08 02 14 | 09
#1385-d297 @A: 18 30 25 15 | 01
#1386-d297 @A: 24 19 25 01 | 11
#1387-d297 @A: 16 25 09 12 | 03
#1388-d297 @A: 15 35 25 12 | 02
#1389-d297 @A: 05 12 25 18 | 12
#1390-d297 @A: 20 25 27 24 | 08
#1391-d297 @A: 19 15 13 23 | 07
#1392-d297 @A: 19 22 18 13 | 05
#1393-d297 @A: 13 28 05 01 | 06
#1394-d297 @A: 09 13 35 19 | 04
#1395-d297 @A: 14 01 23 19 | 10
#1396-d297 @A: 33 09 24 14 | 09
#1397-d297 @A: 14 16 19 35 | 01
#1398-d297 @A: 27 02 18 14 | 11
#1399-d297 @A: 19 02 14 05 | 03
#1400-d297 @A: 12 14 28 19 | 02
#1401-d297 @A: 30 08 17 01 | 12
#1402-d297 @A: 30 28 01 09 | 08
#1403-d297 @A: 09 19 30 16 | 07
#1404-d297 @A: 30 28 05 16 | 05
#1405-d297 @A: 06 35 05 17 | 06
#1406-d297 @A: 16 23 08 01 | 04
#1407-d297 @A: 09 08 12 22 | 10
#1408-d297 @A: 15 33 27 08 | 09
#1409-d297 @A: 23 28 22 35 | 01
#1410-d297 @A: 33 06 23 24 | 11
#1411-d297 @A: 09 35 05 23 | 03
#1412-d297 @A: 02 23 12 20 | 02
#1413-d297 @A: 06 02 22 19 | 12
#1414-d297 @A: 18 15 33 06 | 08
#1415-d297 @A: 13 21 10 32 | 07
#1416-d297 @A: 10 32 04 28 | 05
#1417-d297 @A: 30 32 04 09 | 06
#1418-d297 @A: 26 12 07 32 | 04
#1419-d297 @A: 06 26 25 32 | 10
#1420-d297 @A: 26 32 27 16 | 09
#1421-d297 @A: 29 13 35 32 | 01
#1422-d297 @A: 12 34 10 32 | 11
#1423-d297 @A: 07 32 08 19 | 03
#1424-d297 @A: 19 32 09 10 | 02
#1425-d297 @A: 32 12 13 25 | 12
#1426-d297 @A: 32 02 08 13 | 08
#1427-d297 @A: 33 19 35 32 | 07
#1428-d297 @A: 24 21 31 03 | 05
#1429-d297 @A: 04 13 03 31 | 06
#1430-d297 @A: 33 31 04 07 | 04
#1431-d297 @A: 31 30 04 19 | 10
#1432-d297 @A: 11 31 18 07 | 09
#1433-d297 @A: 31 11 09 08 | 01
#1434-d297 @A: 14 31 22 03 | 11
#1435-d297 @A: 31 27 34 12 | 03
#1436-d297 @A: 02 07 08 31 | 02
#1437-d297 @A: 31 16 05 07 | 12
#1438-d297 @A: 31 14 10 05 | 08
#1439-d297 @A: 31 27 19 17 | 07
#1440-d297 @A: 23 31 15 06 | 05
#1441-d297 @A: 35 22 31 19 | 06
#1442-d297 @A: 27 35 33 31 | 04
#1443-d297 @A: 04 25 24 21 | 10
#1444-d297 @A: 08 04 23 21 | 09
#1445-d297 @A: 11 12 21 26 | 01
#1446-d297 @A: 10 29 21 15 | 11
#1447-d297 @A: 21 14 30 29 | 03
#1448-d297 @A: 21 07 19 25 | 02
#1449-d297 @A: 10 21 09 23 | 12
#1450-d297 @A: 21 25 06 19 | 08
#1451-d297 @A: 13 21 30 20 | 07
#1452-d297 @A: 21 23 13 18 | 05
#1453-d297 @A: 21 30 08 16 | 06
#1454-d297 @A: 15 02 21 30 | 04
#1455-d297 @A: 12 05 21 01 | 10
#1456-d297 @A: 21 19 27 16 | 09
#1457-d297 @A: 21 02 24 09 | 01
#1458-d297 @A: 11 02 03 04 | 11
#1459-d297 @A: 35 11 04 13 | 03
#1460-d297 @A: 15 03 29 04 | 02
#1461-d297 @A: 04 34 29 26 | 12
#1462-d297 @A: 18 24 04 29 | 08
#1463-d297 @A: 08 04 12 34 | 07
#1464-d297 @A: 15 34 33 04 | 05
#1465-d297 @A: 13 02 33 04 | 06
#1466-d297 @A: 28 13 18 04 | 04
#1467-d297 @A: 14 04 23 20 | 10
#1468-d297 @A: 16 04 24 22 | 09
#1469-d297 @A: 01 09 04 15 | 01
#1470-d297 @A: 04 35 19 05 | 11
#1471-d297 @A: 06 04 09 19 | 03
#1472-d297 @A: 11 27 03 13 | 02
#1473-d297 @A: 29 25 33 11 | 12
#1474-d297 @A: 34 19 11 30 | 08
#1475-d297 @A: 14 11 06 07 | 07
#1476-d297 @A: 24 10 11 25 | 05
#1477-d297 @A: 11 30 35 14 | 06
#1478-d297 @A: 11 17 30 15 | 04
#1479-d297 @A: 11 17 01 24 | 10
#1480-d297 @A: 35 16 11 08 | 09
#1481-d297 @A: 27 11 24 22 | 01
#1482-d297 @A: 20 02 33 11 | 11
#1483-d297 @A: 15 33 11 05 | 03
#1484-d297 @A: 02 06 20 11 | 02
#1485-d297 @A: 27 11 20 19 | 12
#1486-d297 @A: 03 29 09 10 | 08
#1487-d297 @A: 35 03 23 29 | 07
#1488-d297 @A: 13 34 03 22 | 05
#1489-d297 @A: 13 07 05 03 | 06
#1490-d297 @A: 08 07 12 03 | 04
#1491-d297 @A: 03 23 25 09 | 10
#1492-d297 @A: 17 14 03 06 | 09
#1493-d297 @A: 03 01 06 05 | 01
#1494-d297 @A: 16 09 34 26 | 11
#1495-d297 @A: 26 17 07 01 | 03
#1496-d297 @A: 05 14 26 23 | 02
#1497-d297 @A: 26 09 33 27 | 12
#1498-d297 @A: 34 29 24 07 | 08
#1499-d297 @A: 30 34 29 12 | 07
#1500-d297 @A: 10 16 29 25 | 05
#1501-d297 @A: 23 18 29 25 | 06
#1502-d297 @A: 23 29 15 14 | 04
#1503-d297 @A: 29 06 19 14 | 10
#1504-d297 @A: 29 06 30 24 | 09
#1505-d297 @A: 07 16 34 08 | 01
#1506-d297 @A: 34 12 07 06 | 11
#1507-d297 @A: 34 06 28 10 | 03
#1508-d297 @A: 34 20 05 13 | 02
#1509-d297 @A: 24 34 28 23 | 12
#1510-d297 @A: 07 35 23 13 | 08
#1511-d297 @A: 14 05 33 07 | 07
#1512-d297 @A: 22 07 35 24 | 05
#1513-d297 @A: 15 24 07 33 | 06
#1514-d297 @A: 09 07 24 16 | 04
#1515-d297 @A: 10 13 20 14 | 10
#1516-d297 @A: 22 10 13 08 | 09
#1517-d297 @A: 16 30 10 14 | 01
#1518-d297 @A: 02 10 05 22 | 11
#1519-d297 @A: 10 01 16 18 | 03
#1520-d297 @A: 27 01 28 10 | 02
#1521-d297 @A: 02 24 10 12 | 12
#1522-d297 @A: 02 22 25 24 | 08
#1523-d297 @A: 22 25 28 05 | 07
#1524-d297 @A: 09 15 33 25 | 05
#1525-d297 @A: 18 25 20 01 | 06
#1526-d297 @A: 24 25 35 16 | 04
#1527-d297 @A: 24 05 15 25 | 10
#1528-d297 @A: 23 13 14 24 | 09
#1529-d297 @A: 13 15 35 08 | 01
#1530-d297 @A: 22 02 27 13 | 11
#1531-d297 @A: 13 35 12 28 | 03
#1532-d297 @A: 18 28 14 30 | 02
#1533-d297 @A: 14 15 08 19 | 12
#1534-d297 @A: 24 22 14 19 | 08
#1535-d297 @A: 14 33 18 19 | 07
#1536-d297 @A: 05 06 33 30 | 05
#1537-d297 @A: 01 12 02 30 | 06
#1538-d297 @A: 30 06 28 01 | 04
#1539-d297 @A: 30 35 15 20 | 10
#1540-d297 @A: 02 09 30 18 | 09
#1541-d297 @A: 18 33 05 17 | 01
#1542-d297 @A: 15 17 01 28 | 11
#1543-d297 @A: 24 12 16 17 | 03
#1544-d297 @A: 09 05 17 15 | 02
#1545-d297 @A: 08 35 01 22 | 12
#1546-d297 @A: 08 09 16 02 | 08
#1547-d297 @A: 35 18 05 08 | 07
#1548-d297 @A: 19 23 22 12 | 05
#1549-d297 @A: 27 16 23 12 | 06
#1550-d297 @A: 23 24 09 19 | 04
#1551-d297 @A: 20 27 05 23 | 10
#1552-d297 @A: 22 20 06 27 | 09
#1553-d297 @A: 32 31 07 24 | 01
#1554-d297 @A: 31 32 08 20 | 11
#1555-d297 @A: 32 25 16 04 | 03
#1556-d297 @A: 11 01 08 32 | 02
#1557-d297 @A: 05 26 13 32 | 12
#1558-d297 @A: 22 29 07 32 | 08
#1559-d297 @A: 32 34 23 08 | 07
#1560-d297 @A: 08 16 10 32 | 05
#1561-d297 @A: 13 32 16 17 | 06
#1562-d297 @A: 32 18 30 01 | 04
#1563-d297 @A: 32 22 16 01 | 10
#1564-d297 @A: 32 33 05 24 | 09
#1565-d297 @A: 05 19 01 32 | 01
#1566-d297 @A: 32 15 16 05 | 11
#1567-d297 @A: 02 32 28 24 | 03
#1568-d297 @A: 19 10 21 31 | 02
#1569-d297 @A: 01 11 31 14 | 12
#1570-d297 @A: 03 17 33 31 | 08
#1571-d297 @A: 28 06 31 26 | 07
#1572-d297 @A: 29 18 34 31 | 05
#1573-d297 @A: 34 31 14 20 | 06
#1574-d297 @A: 22 23 34 31 | 04
#1575-d297 @A: 31 20 13 24 | 10
#1576-d297 @A: 20 16 22 31 | 09
#1577-d297 @A: 31 24 22 05 | 01
#1578-d297 @A: 22 15 31 12 | 11
#1579-d297 @A: 24 31 33 02 | 03
#1580-d297 @A: 09 33 31 20 | 02
#1581-d297 @A: 16 28 27 31 | 12
#1582-d297 @A: 28 04 34 21 | 08
#1583-d297 @A: 21 35 04 17 | 07
#1584-d297 @A: 11 28 21 25 | 05
#1585-d297 @A: 20 22 11 21 | 06
#1586-d297 @A: 05 21 08 14 | 04
#1587-d297 @A: 33 21 23 17 | 10
#1588-d297 @A: 08 06 21 23 | 09
#1589-d297 @A: 24 22 21 01 | 01
#1590-d297 @A: 20 21 09 01 | 11
#1591-d297 @A: 26 01 11 04 | 03
#1592-d297 @A: 03 04 10 24 | 02
#1593-d297 @A: 23 34 09 04 | 12
#1594-d297 @A: 10 07 18 04 | 08
#1595-d297 @A: 12 04 15 07 | 07
#1596-d297 @A: 05 30 04 25 | 05
#1597-d297 @A: 04 17 22 25 | 06
#1598-d297 @A: 19 25 23 04 | 04
#1599-d297 @A: 04 06 25 16 | 10
#1600-d297 @A: 02 30 04 08 | 09
#1601-d297 @A: 08 17 04 19 | 01
#1602-d297 @A: 01 03 11 07 | 11
#1603-d297 @A: 11 03 17 22 | 03
#1604-d297 @A: 10 11 26 15 | 02
#1605-d297 @A: 11 23 22 26 | 12
#1606-d297 @A: 01 28 11 29 | 08
#1607-d297 @A: 19 14 11 07 | 07
#1608-d297 @A: 13 09 11 25 | 05
#1609-d297 @A: 22 18 11 30 | 06
#1610-d297 @A: 30 11 28 02 | 04
#1611-d297 @A: 09 11 23 17 | 10
#1612-d297 @A: 11 23 35 06 | 09
#1613-d297 @A: 24 19 11 12 | 01
#1614-d297 @A: 30 18 34 03 | 11
#1615-d297 @A: 07 03 18 25 | 03
#1616-d297 @A: 18 03 10 23 | 02
#1617-d297 @A: 03 25 20 35 | 12
#1618-d297 @A: 03 13 06 15 | 08
#1619-d297 @A: 14 15 17 03 | 07
#1620-d297 @A: 16 03 17 27 | 05
#1621-d297 @A: 03 12 33 18 | 06
#1622-d297 @A: 18 15 35 03 | 04
#1623-d297 @A: 02 03 12 28 | 10
#1624-d297 @A: 03 19 02 20 | 09
#1625-d297 @A: 18 24 03 05 | 01
#1626-d297 @A: 17 25 18 26 | 11
#1627-d297 @A: 18 33 26 08 | 03
#1628-d297 @A: 33 22 28 26 | 02
#1629-d297 @A: 02 26 12 33 | 12
#1630-d297 @A: 02 27 19 26 | 08
#1631-d297 @A: 23 33 10 29 | 07
#1632-d297 @A: 29 16 12 28 | 05
#1633-d297 @A: 10 34 05 30 | 06
#1634-d297 @A: 34 10 15 16 | 04
#1635-d297 @A: 14 27 34 08 | 10
#1636-d297 @A: 08 17 34 22 | 09
#1637-d297 @A: 09 17 34 18 | 01
#1638-d297 @A: 27 35 34 22 | 11
#1639-d297 @A: 34 06 01 33 | 03
#1640-d297 @A: 27 02 34 33 | 02
#1641-d297 @A: 34 18 24 33 | 12
#1642-d297 @A: 28 34 35 16 | 08
#1643-d297 @A: 20 16 02 34 | 07
#1644-d297 @A: 07 22 15 10 | 05
#1645-d297 @A: 33 16 07 13 | 06
#1646-d297 @A: 07 13 02 20 | 04
#1647-d297 @A: 30 14 07 27 | 10
#1648-d297 @A: 01 07 27 08 | 09
#1649-d297 @A: 27 07 22 05 | 01
#1650-d297 @A: 02 16 07 12 | 11
#1651-d297 @A: 35 06 24 07 | 03
#1652-d297 @A: 27 15 06 07 | 02
#1653-d297 @A: 02 10 13 01 | 12
#1654-d297 @A: 14 09 10 02 | 08
#1655-d297 @A: 18 24 22 10 | 07
#1656-d297 @A: 27 02 10 16 | 05
#1657-d297 @A: 12 16 10 20 | 06
#1658-d297 @A: 19 05 06 10 | 04
#1659-d297 @A: 25 24 08 28 | 10
#1660-d297 @A: 09 25 22 35 | 09
#1661-d297 @A: 22 20 12 25 | 01
#1662-d297 @A: 28 25 27 35 | 11
#1663-d297 @A: 28 02 25 18 | 03
#1664-d297 @A: 24 06 25 02 | 02
#1665-d297 @A: 06 09 12 25 | 12
#1666-d297 @A: 28 15 25 19 | 08
#1667-d297 @A: 17 13 01 14 | 07
#1668-d297 @A: 30 13 19 08 | 05
#1669-d297 @A: 13 06 30 33 | 06
#1670-d297 @A: 13 05 09 18 | 04
#1671-d297 @A: 17 22 14 30 | 10
#1672-d297 @A: 14 20 09 16 | 09
#1673-d297 @A: 28 14 02 35 | 01
#1674-d297 @A: 27 09 19 14 | 11
#1675-d297 @A: 14 24 20 05 | 03
#1676-d297 @A: 24 20 06 14 | 02
#1677-d297 @A: 05 02 20 30 | 12
#1678-d297 @A: 19 17 01 22 | 08
#1679-d297 @A: 01 33 12 17 | 07
#1680-d297 @A: 02 28 33 17 | 05
#1681-d297 @A: 09 24 17 35 | 06
#1682-d297 @A: 17 06 19 18 | 04
#1683-d297 @A: 35 33 08 02 | 10
#1684-d297 @A: 09 08 35 28 | 09
#1685-d297 @A: 08 19 35 12 | 01
#1686-d297 @A: 16 28 22 06 | 11
#1687-d297 @A: 22 20 06 35 | 03
#1688-d297 @A: 20 19 06 01 | 02
#1689-d297 @A: 28 06 35 15 | 12
