#0001-d301 @A: 09 06 28 01 | 08
#0002-d301 @A: 24 28 20 01 | 06
#0003-d301 @A: 28 18 30 33 | 03
#0004-d301 @A: 23 34 28 33 | 09
#0005-d301 @A: 19 28 08 03 | 10
#0006-d301 @A: 31 19 11 28 | 07
#0007-d301 @A: 28 11 02 25 | 12
#0008-d301 @A: 30 28 19 07 | 04
#0009-d301 @A: 08 30 28 35 | 05
#0010-d301 @A: 29 18 28 26 | 01
#0011-d301 @A: 31 20 16 28 | 02
#0012-d301 @A: 16 28 34 18 | 11
#0013-d301 @A: 08 28 34 15 | 08
#0014-d301 @A: 23 27 30 01 | 06
#0015-d301 @A: 32 27 04 01 | 03
#0016-d301 @A: 27 33 04 03 | 09
#0017-d301 @A: 27 06 02 03 | 10
#0018-d301 @A: 29 32 11 27 | 07
#0019-d301 @A: 27 05 11 26 | 12
#0020-d301 @A: 11 24 02 27 | 04
#0021-d301 @A: 35 27 07 11 | 05
#0022-d301 @A: 13 24 16 27 | 01
#0023-d301 @A: 27 24 20 29 | 02
#0024-d301 @A: 18 29 27 34 | 11
#0025-d301 @A: 31 27 25 24 | 08
#0026-d301 @A: 25 20 27 19 | 06
#0027-d301 @A: 23 20 27 34 | 03
#0028-d301 @A: 21 27 35 19 | 09
#0029-d301 @A: 33 12 09 01 | 10
#0030-d301 @A: 02 01 29 12 | 07
#0031-d301 @A: 12 34 21 01 | 12
#0032-d301 @A: 13 03 01 08 | 04
#0033-d301 @A: 29 34 11 01 | 05
#0034-d301 @A: 01 13 15 20 | 01
#0035-d301 @A: 01 24 08 22 | 02
#0036-d301 @A: 32 01 10 30 | 11
#0037-d301 @A: 30 31 01 21 | 08
#0038-d301 @A: 01 20 21 05 | 06
#0039-d301 @A: 01 10 07 09 | 03
#0040-d301 @A: 01 24 19 31 | 09
#0041-d301 @A: 01 04 15 02 | 10
#0042-d301 @A: 06 01 04 21 | 07
#0043-d301 @A: 33 13 12 30 | 12
#0044-d301 @A: 33 12 31 15 | 04
#0045-d301 @A: 35 11 12 03 | 05
#0046-d301 @A: 22 11 13 12 | 01
#0047-d301 @A: 13 12 06 17 | 02
#0048-d301 @A: 30 18 21 12 | 11
#0049-d301 @A: 17 07 15 12 | 08
#0050-d301 @A: 12 35 17 08 | 06
#0051-d301 @A: 02 12 16 20 | 03
#0052-d301 @A: 12 14 20 35 | 09
#0053-d301 @A: 16 35 04 12 | 10
#0054-d301 @A: 30 03 33 26 | 07
#0055-d301 @A: 03 33 17 24 | 12
#0056-d301 @A: 02 11 33 04 | 04
#0057-d301 @A: 13 06 33 31 | 05
#0058-d301 @A: 19 10 13 33 | 01
#0059-d301 @A: 05 22 33 14 | 02
#0060-d301 @A: 08 33 29 21 | 11
#0061-d301 @A: 15 33 19 17 | 08
#0062-d301 @A: 16 05 32 33 | 06
#0063-d301 @A: 31 33 34 05 | 03
#0064-d301 @A: 16 09 33 31 | 09
#0065-d301 @A: 33 21 09 34 | 10
#0066-d301 @A: 14 33 32 26 | 07
#0067-d301 @A: 35 07 33 25 | 12
#0068-d301 @A: 33 25 08 31 | 04
#0069-d301 @A: 19 16 20 33 | 05
#0070-d301 @A: 19 26 33 25 | 01
#0071-d301 @A: 10 23 33 35 | 02
#0072-d301 @A: 33 21 25 15 | 11
#0073-d301 @A: 33 18 23 19 | 08
#0074-d301 @A: 14 33 02 18 | 06
#0075-d301 @A: 06 33 02 19 | 03
#0076-d301 @A: 26 22 03 13 | 09
#0077-d301 @A: 13 03 15 05 | 10
#0078-d301 @A: 24 15 03 22 | 07
#0079-d301 @A: 10 17 03 09 | 12
#0080-d301 @A: 21 05 35 03 | 04
#0081-d301 @A: 03 31 24 06 | 05
#0082-d301 @A: 14 20 08 03 | 01
#0083-d301 @A: 10 03 21 20 | 02
#0084-d301 @A: 23 26 03 14 | 11
#0085-d301 @A: 26 03 21 02 | 08
#0086-d301 @A: 04 35 15 03 | 06
#0087-d301 @A: 03 18 19 14 | 03
#0088-d301 @A: 29 11 06 13 | 09
#0089-d301 @A: 11 17 13 18 | 10
#0090-d301 @A: 35 11 30 31 | 07
#0091-d301 @A: 17 11 10 23 | 12
#0092-d301 @A: 02 07 05 11 | 04
#0093-d301 @A: 14 11 18 35 | 05
#0094-d301 @A: 11 21 25 23 | 01
#0095-d301 @A: 06 05 13 22 | 02
#0096-d301 @A: 19 17 20 13 | 11
#0097-d301 @A: 08 16 32 13 | 08
#0098-d301 @A: 31 13 23 02 | 06
#0099-d301 @A: 16 13 18 04 | 03
#0100-d301 @A: 30 22 29 09 | 09
#0101-d301 @A: 24 22 10 29 | 10
#0102-d301 @A: 23 22 05 09 | 07
#0103-d301 @A: 15 07 05 22 | 12
#0104-d301 @A: 20 15 21 22 | 04
#0105-d301 @A: 22 25 14 18 | 05
#0106-d301 @A: 05 29 30 21 | 01
#0107-d301 @A: 17 16 30 32 | 02
#0108-d301 @A: 30 25 31 05 | 11
#0109-d301 @A: 30 04 09 20 | 08
#0110-d301 @A: 14 09 21 30 | 06
#0111-d301 @A: 16 14 18 30 | 03
#0112-d301 @A: 26 30 19 35 | 09
#0113-d301 @A: 23 26 30 25 | 10
#0114-d301 @A: 14 15 30 26 | 07
#0115-d301 @A: 30 14 23 35 | 12
#0116-d301 @A: 19 30 15 34 | 04
#0117-d301 @A: 32 29 04 05 | 05
#0118-d301 @A: 14 06 05 29 | 01
#0119-d301 @A: 29 09 25 07 | 02
#0120-d301 @A: 29 08 23 09 | 11
#0121-d301 @A: 24 29 26 16 | 08
#0122-d301 @A: 07 06 29 32 | 06
#0123-d301 @A: 31 21 29 10 | 03
#0124-d301 @A: 20 19 29 04 | 09
#0125-d301 @A: 14 29 25 19 | 10
#0126-d301 @A: 25 29 02 10 | 07
#0127-d301 @A: 29 10 19 08 | 12
#0128-d301 @A: 17 09 35 20 | 04
#0129-d301 @A: 08 10 20 17 | 05
#0130-d301 @A: 21 17 19 34 | 01
#0131-d301 @A: 17 23 08 21 | 02
#0132-d301 @A: 06 19 10 17 | 11
#0133-d301 @A: 19 20 15 05 | 08
#0134-d301 @A: 15 16 05 26 | 06
#0135-d301 @A: 05 10 26 04 | 03
#0136-d301 @A: 05 15 35 14 | 09
#0137-d301 @A: 34 10 18 05 | 10
#0138-d301 @A: 23 06 02 05 | 07
#0139-d301 @A: 32 24 09 20 | 12
#0140-d301 @A: 09 04 16 02 | 04
#0141-d301 @A: 26 06 09 35 | 05
#0142-d301 @A: 06 09 18 04 | 01
#0143-d301 @A: 10 21 09 18 | 02
#0144-d301 @A: 07 23 24 02 | 11
#0145-d301 @A: 06 10 24 16 | 08
#0146-d301 @A: 26 04 08 24 | 06
#0147-d301 @A: 24 06 35 15 | 03
#0148-d301 @A: 07 08 32 34 | 09
#0149-d301 @A: 16 15 32 10 | 10
#0150-d301 @A: 08 19 32 15 | 07
#0151-d301 @A: 32 04 10 14 | 12
#0152-d301 @A: 23 07 04 25 | 04
#0153-d301 @A: 08 25 19 07 | 05
#0154-d301 @A: 20 25 04 31 | 01
#0155-d301 @A: 26 16 31 10 | 02
#0156-d301 @A: 14 16 31 06 | 11
#0157-d301 @A: 35 14 31 10 | 08
#0158-d301 @A: 11 16 28 27 | 06
#0159-d301 @A: 27 28 31 06 | 03
#0160-d301 @A: 30 25 28 01 | 09
#0161-d301 @A: 12 28 31 34 | 10
#0162-d301 @A: 31 28 33 04 | 07
#0163-d301 @A: 21 28 11 30 | 12
#0164-d301 @A: 18 07 11 28 | 04
#0165-d301 @A: 28 14 32 13 | 05
#0166-d301 @A: 28 09 26 22 | 01
#0167-d301 @A: 22 08 28 23 | 02
#0168-d301 @A: 22 18 28 06 | 11
#0169-d301 @A: 30 28 06 32 | 08
#0170-d301 @A: 28 10 32 29 | 06
#0171-d301 @A: 28 25 29 31 | 03
#0172-d301 @A: 17 07 28 16 | 09
#0173-d301 @A: 09 31 23 28 | 10
#0174-d301 @A: 32 23 28 07 | 07
#0175-d301 @A: 28 04 21 20 | 12
#0176-d301 @A: 16 28 06 26 | 04
#0177-d301 @A: 18 35 10 28 | 05
#0178-d301 @A: 19 06 28 21 | 01
#0179-d301 @A: 33 02 27 12 | 02
#0180-d301 @A: 27 12 32 13 | 11
#0181-d301 @A: 27 16 30 12 | 08
#0182-d301 @A: 11 34 27 33 | 06
#0183-d301 @A: 33 27 35 17 | 03
#0184-d301 @A: 33 27 07 23 | 09
#0185-d301 @A: 21 27 03 29 | 10
#0186-d301 @A: 03 18 27 35 | 07
#0187-d301 @A: 30 13 27 18 | 12
#0188-d301 @A: 27 30 04 05 | 04
#0189-d301 @A: 27 07 29 15 | 05
#0190-d301 @A: 23 19 27 17 | 01
#0191-d301 @A: 21 27 08 25 | 02
#0192-d301 @A: 34 04 27 10 | 11
#0193-d301 @A: 12 01 03 06 | 08
#0194-d301 @A: 12 01 23 13 | 06
#0195-d301 @A: 01 22 17 21 | 03
#0196-d301 @A: 07 22 01 25 | 09
#0197-d301 @A: 35 29 01 30 | 10
#0198-d301 @A: 09 26 30 01 | 07
#0199-d301 @A: 17 10 25 01 | 12
#0200-d301 @A: 24 25 04 01 | 04
#0201-d301 @A: 26 18 01 25 | 05
#0202-d301 @A: 25 01 15 19 | 01
#0203-d301 @A: 01 10 08 23 | 02
#0204-d301 @A: 01 18 19 02 | 11
#0205-d301 @A: 29 12 14 03 | 08
#0206-d301 @A: 16 11 12 32 | 06
#0207-d301 @A: 05 12 13 35 | 03
#0208-d301 @A: 12 20 30 22 | 09
#0209-d301 @A: 18 12 16 22 | 10
#0210-d301 @A: 06 08 09 12 | 07
#0211-d301 @A: 34 12 26 10 | 12
#0212-d301 @A: 21 12 15 26 | 04
#0213-d301 @A: 02 12 23 19 | 05
#0214-d301 @A: 12 14 10 06 | 01
#0215-d301 @A: 11 25 17 33 | 02
#0216-d301 @A: 33 10 14 30 | 11
#0217-d301 @A: 31 17 33 02 | 08
#0218-d301 @A: 24 33 25 09 | 06
#0219-d301 @A: 32 33 18 24 | 03
#0220-d301 @A: 16 25 04 33 | 09
#0221-d301 @A: 10 16 33 18 | 10
#0222-d301 @A: 10 26 15 33 | 07
#0223-d301 @A: 05 03 14 11 | 12
#0224-d301 @A: 03 20 11 23 | 04
#0225-d301 @A: 19 22 21 03 | 05
#0226-d301 @A: 20 29 02 03 | 01
#0227-d301 @A: 29 06 03 16 | 02
#0228-d301 @A: 09 21 31 03 | 11
#0229-d301 @A: 15 03 34 07 | 08
#0230-d301 @A: 03 06 26 34 | 06
#0231-d301 @A: 19 03 04 25 | 03
#0232-d301 @A: 23 02 15 03 | 09
#0233-d301 @A: 03 15 21 08 | 10
#0234-d301 @A: 24 20 22 11 | 07
#0235-d301 @A: 11 32 10 22 | 12
#0236-d301 @A: 11 17 21 07 | 04
#0237-d301 @A: 09 26 11 24 | 05
#0238-d301 @A: 31 11 15 34 | 01
#0239-d301 @A: 23 04 11 19 | 02
#0240-d301 @A: 19 18 11 08 | 11
#0241-d301 @A: 24 13 17 04 | 08
#0242-d301 @A: 17 15 31 13 | 06
#0243-d301 @A: 32 13 10 09 | 03
#0244-d301 @A: 07 35 13 32 | 09
#0245-d301 @A: 26 14 13 34 | 10
#0246-d301 @A: 31 30 22 16 | 07
#0247-d301 @A: 05 31 22 26 | 12
#0248-d301 @A: 07 06 22 09 | 04
#0249-d301 @A: 26 18 21 22 | 05
#0250-d301 @A: 22 02 34 35 | 01
#0251-d301 @A: 22 06 23 14 | 02
#0252-d301 @A: 30 14 29 31 | 11
#0253-d301 @A: 18 30 07 17 | 08
#0254-d301 @A: 17 20 31 30 | 06
#0255-d301 @A: 35 30 16 05 | 03
#0256-d301 @A: 20 21 30 24 | 09
#0257-d301 @A: 31 06 30 23 | 10
#0258-d301 @A: 25 17 34 29 | 07
#0259-d301 @A: 29 07 18 24 | 12
#0260-d301 @A: 15 26 29 35 | 04
#0261-d301 @A: 25 06 21 29 | 05
#0262-d301 @A: 09 17 31 06 | 01
#0263-d301 @A: 18 32 06 17 | 02
#0264-d301 @A: 08 31 17 15 | 11
#0265-d301 @A: 17 04 26 35 | 08
#0266-d301 @A: 08 14 34 17 | 06
#0267-d301 @A: 14 17 02 06 | 03
#0268-d301 @A: 08 35 07 05 | 09
#0269-d301 @A: 18 06 26 05 | 10
#0270-d301 @A: 35 02 05 18 | 07
#0271-d301 @A: 09 34 26 16 | 12
#0272-d301 @A: 08 34 16 09 | 04
#0273-d301 @A: 16 09 19 15 | 05
#0274-d301 @A: 09 19 25 35 | 01
#0275-d301 @A: 23 09 35 02 | 02
#0276-d301 @A: 09 08 02 14 | 11
#0277-d301 @A: 24 20 18 08 | 08
#0278-d301 @A: 23 24 06 18 | 06
#0279-d301 @A: 06 04 20 32 | 03
#0280-d301 @A: 34 06 07 21 | 09
#0281-d301 @A: 10 14 07 23 | 10
#0282-d301 @A: 18 07 21 02 | 07
#0283-d301 @A: 06 31 20 15 | 12
#0284-d301 @A: 31 14 26 18 | 04
#0285-d301 @A: 31 18 10 04 | 05
#0286-d301 @A: 16 04 08 02 | 01
#0287-d301 @A: 04 25 08 18 | 02
#0288-d301 @A: 01 21 02 28 | 11
#0289-d301 @A: 14 12 28 11 | 08
#0290-d301 @A: 12 30 10 28 | 06
#0291-d301 @A: 05 33 28 20 | 03
#0292-d301 @A: 32 03 11 28 | 09
#0293-d301 @A: 03 30 28 16 | 10
#0294-d301 @A: 11 28 05 10 | 07
#0295-d301 @A: 13 28 16 09 | 12
#0296-d301 @A: 07 28 31 22 | 04
#0297-d301 @A: 29 28 14 09 | 05
#0298-d301 @A: 29 19 28 23 | 01
#0299-d301 @A: 14 05 24 28 | 02
#0300-d301 @A: 20 18 28 25 | 11
#0301-d301 @A: 17 25 27 12 | 08
#0302-d301 @A: 18 07 27 12 | 06
#0303-d301 @A: 31 14 27 33 | 03
#0304-d301 @A: 10 33 08 27 | 09
#0305-d301 @A: 27 03 08 07 | 10
#0306-d301 @A: 03 26 31 27 | 07
#0307-d301 @A: 23 31 11 27 | 12
#0308-d301 @A: 06 10 11 27 | 04
#0309-d301 @A: 27 21 13 25 | 05
#0310-d301 @A: 02 30 21 27 | 01
#0311-d301 @A: 27 35 09 31 | 02
#0312-d301 @A: 23 21 27 09 | 11
#0313-d301 @A: 31 27 08 18 | 08
#0314-d301 @A: 23 27 02 16 | 06
#0315-d301 @A: 27 23 15 06 | 03
#0316-d301 @A: 24 01 30 12 | 09
#0317-d301 @A: 25 33 01 13 | 10
#0318-d301 @A: 33 02 20 01 | 07
#0319-d301 @A: 23 01 33 15 | 12
#0320-d301 @A: 01 26 11 03 | 04
#0321-d301 @A: 17 03 01 05 | 05
#0322-d301 @A: 30 13 01 06 | 01
#0323-d301 @A: 13 05 26 01 | 02
#0324-d301 @A: 09 01 24 13 | 11
#0325-d301 @A: 21 29 09 01 | 08
#0326-d301 @A: 31 23 29 01 | 06
#0327-d301 @A: 17 01 31 34 | 03
#0328-d301 @A: 26 01 14 20 | 09
#0329-d301 @A: 34 16 19 01 | 10
#0330-d301 @A: 01 10 26 21 | 07
#0331-d301 @A: 34 04 08 01 | 12
#0332-d301 @A: 12 26 33 11 | 04
#0333-d301 @A: 12 33 08 24 | 05
#0334-d301 @A: 16 03 17 12 | 01
#0335-d301 @A: 03 12 07 23 | 02
#0336-d301 @A: 12 04 11 06 | 11
#0337-d301 @A: 13 12 07 04 | 08
#0338-d301 @A: 22 17 34 12 | 06
#0339-d301 @A: 12 26 32 22 | 03
#0340-d301 @A: 32 09 12 34 | 09
#0341-d301 @A: 24 31 16 12 | 10
#0342-d301 @A: 12 19 07 32 | 07
#0343-d301 @A: 08 10 07 12 | 12
#0344-d301 @A: 26 20 12 04 | 04
#0345-d301 @A: 12 15 35 34 | 05
#0346-d301 @A: 12 18 06 25 | 01
#0347-d301 @A: 02 18 12 15 | 02
#0348-d301 @A: 03 22 33 25 | 11
#0349-d301 @A: 33 13 15 11 | 08
#0350-d301 @A: 18 29 11 33 | 06
#0351-d301 @A: 24 05 13 33 | 03
#0352-d301 @A: 33 22 23 30 | 09
#0353-d301 @A: 22 33 02 07 | 10
#0354-d301 @A: 33 21 22 31 | 07
#0355-d301 @A: 33 30 21 17 | 12
#0356-d301 @A: 24 20 33 15 | 04
#0357-d301 @A: 33 02 26 35 | 05
#0358-d301 @A: 18 33 34 15 | 01
#0359-d301 @A: 03 09 34 13 | 02
#0360-d301 @A: 29 25 03 30 | 11
#0361-d301 @A: 17 04 03 32 | 08
#0362-d301 @A: 03 26 18 17 | 06
#0363-d301 @A: 19 32 05 03 | 03
#0364-d301 @A: 24 20 25 03 | 09
#0365-d301 @A: 03 23 08 24 | 10
#0366-d301 @A: 26 20 15 03 | 07
#0367-d301 @A: 19 02 03 34 | 12
#0368-d301 @A: 25 11 08 29 | 04
#0369-d301 @A: 05 19 17 11 | 05
#0370-d301 @A: 10 11 08 09 | 01
#0371-d301 @A: 11 02 16 14 | 02
#0372-d301 @A: 11 26 04 34 | 11
#0373-d301 @A: 14 06 11 26 | 08
#0374-d301 @A: 26 11 08 14 | 06
#0375-d301 @A: 21 10 04 11 | 03
#0376-d301 @A: 24 23 30 13 | 09
#0377-d301 @A: 13 05 07 08 | 10
#0378-d301 @A: 24 26 10 13 | 07
#0379-d301 @A: 26 13 25 06 | 12
#0380-d301 @A: 04 23 13 14 | 04
#0381-d301 @A: 19 07 17 22 | 05
#0382-d301 @A: 35 21 09 22 | 01
#0383-d301 @A: 22 18 24 31 | 02
#0384-d301 @A: 22 32 16 35 | 11
#0385-d301 @A: 10 20 22 16 | 08
#0386-d301 @A: 02 22 06 04 | 06
#0387-d301 @A: 34 05 02 30 | 03
#0388-d301 @A: 26 20 30 16 | 09
#0389-d301 @A: 18 02 30 23 | 10
#0390-d301 @A: 25 32 24 29 | 07
#0391-d301 @A: 29 24 08 32 | 12
#0392-d301 @A: 16 32 29 23 | 04
#0393-d301 @A: 18 32 14 29 | 05
#0394-d301 @A: 15 34 29 16 | 01
#0395-d301 @A: 02 29 21 35 | 02
#0396-d301 @A: 06 17 05 15 | 11
#0397-d301 @A: 34 10 17 16 | 08
#0398-d301 @A: 06 21 17 26 | 06
#0399-d301 @A: 25 17 35 14 | 03
#0400-d301 @A: 17 02 23 04 | 09
#0401-d301 @A: 05 21 08 09 | 10
#0402-d301 @A: 24 32 05 10 | 07
#0403-d301 @A: 26 02 05 19 | 12
#0404-d301 @A: 06 25 05 35 | 04
#0405-d301 @A: 15 05 25 34 | 05
#0406-d301 @A: 05 04 21 25 | 01
#0407-d301 @A: 09 26 02 18 | 02
#0408-d301 @A: 25 09 02 06 | 11
#0409-d301 @A: 16 24 15 02 | 08
#0410-d301 @A: 24 34 26 21 | 06
#0411-d301 @A: 08 35 19 24 | 03
#0412-d301 @A: 19 26 32 20 | 09
#0413-d301 @A: 18 20 35 32 | 10
#0414-d301 @A: 23 32 20 02 | 07
#0415-d301 @A: 16 26 21 32 | 12
#0416-d301 @A: 06 32 34 25 | 04
#0417-d301 @A: 34 18 20 07 | 05
#0418-d301 @A: 21 07 26 14 | 01
#0419-d301 @A: 07 19 25 21 | 02
#0420-d301 @A: 21 07 04 08 | 11
#0421-d301 @A: 31 34 26 20 | 08
#0422-d301 @A: 21 19 31 20 | 06
#0423-d301 @A: 08 31 04 23 | 03
#0424-d301 @A: 31 10 02 06 | 09
#0425-d301 @A: 20 08 25 02 | 10
#0426-d301 @A: 06 19 08 14 | 07
#0427-d301 @A: 22 01 28 19 | 12
#0428-d301 @A: 12 33 21 28 | 04
#0429-d301 @A: 28 13 26 12 | 05
#0430-d301 @A: 28 23 24 12 | 01
#0431-d301 @A: 28 29 11 20 | 02
#0432-d301 @A: 35 13 28 31 | 11
#0433-d301 @A: 28 19 34 13 | 08
#0434-d301 @A: 22 16 28 05 | 06
#0435-d301 @A: 02 09 28 30 | 03
#0436-d301 @A: 25 17 15 28 | 09
#0437-d301 @A: 17 34 02 28 | 10
#0438-d301 @A: 07 04 09 28 | 07
#0439-d301 @A: 07 24 25 28 | 12
#0440-d301 @A: 28 04 08 32 | 04
#0441-d301 @A: 34 15 20 28 | 05
#0442-d301 @A: 35 02 16 28 | 01
#0443-d301 @A: 10 16 28 14 | 02
#0444-d301 @A: 28 26 02 14 | 11
#0445-d301 @A: 28 34 10 21 | 08
#0446-d301 @A: 27 01 05 25 | 06
#0447-d301 @A: 27 07 21 01 | 03
#0448-d301 @A: 01 27 08 06 | 09
#0449-d301 @A: 06 12 27 34 | 10
#0450-d301 @A: 09 27 26 33 | 07
#0451-d301 @A: 27 15 11 03 | 12
#0452-d301 @A: 03 07 27 19 | 04
#0453-d301 @A: 27 13 04 11 | 05
#0454-d301 @A: 27 22 11 17 | 01
#0455-d301 @A: 19 09 11 27 | 02
#0456-d301 @A: 13 07 27 26 | 11
#0457-d301 @A: 27 22 25 30 | 08
#0458-d301 @A: 27 22 34 05 | 06
#0459-d301 @A: 02 20 27 35 | 03
#0460-d301 @A: 02 25 34 27 | 09
#0461-d301 @A: 34 21 15 27 | 10
#0462-d301 @A: 12 30 01 08 | 07
#0463-d301 @A: 01 03 13 19 | 12
#0464-d301 @A: 01 04 29 03 | 04
#0465-d301 @A: 01 23 11 24 | 05
#0466-d301 @A: 04 01 07 11 | 01
#0467-d301 @A: 10 01 04 13 | 02
#0468-d301 @A: 10 22 01 31 | 11
#0469-d301 @A: 01 23 07 17 | 08
#0470-d301 @A: 18 32 08 01 | 06
#0471-d301 @A: 23 35 18 01 | 03
#0472-d301 @A: 02 06 34 01 | 09
#0473-d301 @A: 06 15 01 14 | 10
#0474-d301 @A: 12 23 33 16 | 07
#0475-d301 @A: 31 11 18 12 | 12
#0476-d301 @A: 09 12 14 22 | 04
#0477-d301 @A: 07 12 30 25 | 05
#0478-d301 @A: 14 12 05 21 | 01
#0479-d301 @A: 12 09 16 06 | 02
#0480-d301 @A: 19 16 21 12 | 11
#0481-d301 @A: 19 12 23 08 | 08
#0482-d301 @A: 03 13 33 14 | 06
#0483-d301 @A: 17 33 03 08 | 03
#0484-d301 @A: 33 35 13 08 | 09
#0485-d301 @A: 33 22 08 19 | 10
#0486-d301 @A: 30 04 29 33 | 07
#0487-d301 @A: 33 29 32 02 | 12
#0488-d301 @A: 33 05 18 09 | 04
#0489-d301 @A: 14 33 09 15 | 05
#0490-d301 @A: 10 33 31 24 | 01
#0491-d301 @A: 18 03 11 04 | 02
#0492-d301 @A: 29 22 03 32 | 11
#0493-d301 @A: 03 02 08 22 | 08
#0494-d301 @A: 03 30 31 18 | 06
#0495-d301 @A: 29 03 10 07 | 03
#0496-d301 @A: 08 10 03 26 | 09
#0497-d301 @A: 25 03 06 10 | 10
#0498-d301 @A: 04 23 03 06 | 07
#0499-d301 @A: 29 11 02 26 | 12
#0500-d301 @A: 24 11 05 16 | 04
#0501-d301 @A: 16 18 11 26 | 05
#0502-d301 @A: 18 23 11 15 | 01
#0503-d301 @A: 35 17 13 29 | 02
#0504-d301 @A: 17 02 13 05 | 11
#0505-d301 @A: 35 19 13 02 | 08
#0506-d301 @A: 13 04 25 02 | 06
#0507-d301 @A: 21 22 30 08 | 03
#0508-d301 @A: 17 09 22 16 | 09
#0509-d301 @A: 24 09 22 34 | 10
#0510-d301 @A: 35 22 19 20 | 07
#0511-d301 @A: 20 25 22 06 | 12
#0512-d301 @A: 22 21 02 23 | 04
#0513-d301 @A: 30 21 16 25 | 05
#0514-d301 @A: 26 02 30 10 | 01
#0515-d301 @A: 25 15 04 30 | 02
#0516-d301 @A: 17 29 24 02 | 11
#0517-d301 @A: 26 07 17 29 | 08
#0518-d301 @A: 32 15 29 09 | 06
#0519-d301 @A: 31 29 20 09 | 03
#0520-d301 @A: 16 29 06 08 | 09
#0521-d301 @A: 15 02 29 19 | 10
#0522-d301 @A: 17 09 24 23 | 07
#0523-d301 @A: 24 17 07 20 | 12
#0524-d301 @A: 02 17 07 32 | 04
#0525-d301 @A: 14 16 17 21 | 05
#0526-d301 @A: 06 23 34 17 | 01
#0527-d301 @A: 17 15 21 10 | 02
#0528-d301 @A: 19 31 18 05 | 11
#0529-d301 @A: 10 20 35 05 | 08
#0530-d301 @A: 16 04 23 05 | 06
#0531-d301 @A: 05 25 26 14 | 03
#0532-d301 @A: 05 35 04 19 | 09
#0533-d301 @A: 19 05 25 23 | 10
#0534-d301 @A: 09 07 32 16 | 07
#0535-d301 @A: 09 19 04 21 | 12
#0536-d301 @A: 31 02 24 35 | 04
#0537-d301 @A: 35 21 18 24 | 05
#0538-d301 @A: 02 25 18 24 | 01
#0539-d301 @A: 24 21 14 23 | 02
#0540-d301 @A: 14 06 24 04 | 11
#0541-d301 @A: 35 02 32 08 | 08
#0542-d301 @A: 16 20 08 07 | 06
#0543-d301 @A: 04 20 02 07 | 03
#0544-d301 @A: 07 18 35 04 | 09
#0545-d301 @A: 25 10 07 15 | 10
#0546-d301 @A: 35 21 06 31 | 07
#0547-d301 @A: 19 10 15 31 | 12
#0548-d301 @A: 08 20 06 02 | 04
#0549-d301 @A: 27 24 28 04 | 05
#0550-d301 @A: 12 05 19 28 | 01
#0551-d301 @A: 12 28 07 06 | 02
#0552-d301 @A: 05 33 08 28 | 11
#0553-d301 @A: 22 11 28 15 | 08
#0554-d301 @A: 11 28 23 26 | 06
#0555-d301 @A: 13 17 10 28 | 03
#0556-d301 @A: 25 13 28 08 | 09
#0557-d301 @A: 30 23 28 17 | 10
#0558-d301 @A: 28 31 24 21 | 07
#0559-d301 @A: 08 28 18 26 | 12
#0560-d301 @A: 34 04 28 14 | 04
#0561-d301 @A: 27 02 01 31 | 05
#0562-d301 @A: 11 27 21 12 | 01
#0563-d301 @A: 27 22 33 18 | 02
#0564-d301 @A: 15 33 30 27 | 11
#0565-d301 @A: 33 29 27 25 | 08
#0566-d301 @A: 24 27 33 06 | 06
#0567-d301 @A: 27 03 25 23 | 03
#0568-d301 @A: 17 27 05 20 | 09
#0569-d301 @A: 09 17 15 27 | 10
#0570-d301 @A: 27 24 34 32 | 07
#0571-d301 @A: 27 24 07 10 | 12
#0572-d301 @A: 08 27 02 24 | 04
#0573-d301 @A: 16 27 06 25 | 05
#0574-d301 @A: 26 04 27 25 | 01
#0575-d301 @A: 27 18 26 15 | 02
#0576-d301 @A: 02 15 10 27 | 11
#0577-d301 @A: 18 04 23 27 | 08
#0578-d301 @A: 04 27 19 02 | 06
#0579-d301 @A: 01 12 18 05 | 03
#0580-d301 @A: 01 12 32 25 | 09
#0581-d301 @A: 33 19 01 32 | 10
#0582-d301 @A: 10 24 03 01 | 07
#0583-d301 @A: 22 18 01 09 | 12
#0584-d301 @A: 14 01 09 25 | 04
#0585-d301 @A: 02 32 01 14 | 05
#0586-d301 @A: 20 01 34 25 | 01
#0587-d301 @A: 04 16 01 26 | 02
#0588-d301 @A: 34 26 15 01 | 11
#0589-d301 @A: 08 15 01 35 | 08
#0590-d301 @A: 34 03 12 33 | 06
#0591-d301 @A: 12 33 07 14 | 03
#0592-d301 @A: 21 32 12 03 | 09
#0593-d301 @A: 17 12 02 11 | 10
#0594-d301 @A: 05 23 11 12 | 07
#0595-d301 @A: 20 12 07 11 | 12
#0596-d301 @A: 25 13 12 29 | 04
#0597-d301 @A: 02 13 24 12 | 05
#0598-d301 @A: 15 12 29 30 | 01
#0599-d301 @A: 35 12 30 09 | 02
#0600-d301 @A: 14 19 12 30 | 11
#0601-d301 @A: 09 29 12 18 | 08
#0602-d301 @A: 06 12 29 31 | 06
#0603-d301 @A: 05 12 09 24 | 03
#0604-d301 @A: 32 02 12 05 | 09
#0605-d301 @A: 08 05 20 12 | 10
#0606-d301 @A: 10 09 23 12 | 07
#0607-d301 @A: 08 31 26 12 | 12
#0608-d301 @A: 35 25 12 31 | 04
#0609-d301 @A: 15 12 25 16 | 05
#0610-d301 @A: 20 33 32 03 | 01
#0611-d301 @A: 09 33 22 11 | 02
#0612-d301 @A: 11 08 15 33 | 11
#0613-d301 @A: 13 22 33 35 | 08
#0614-d301 @A: 33 32 34 13 | 06
#0615-d301 @A: 22 15 29 33 | 03
#0616-d301 @A: 19 33 22 24 | 09
#0617-d301 @A: 30 09 33 19 | 10
#0618-d301 @A: 35 30 32 33 | 07
#0619-d301 @A: 33 17 23 05 | 12
#0620-d301 @A: 07 24 33 21 | 04
#0621-d301 @A: 16 24 33 14 | 05
#0622-d301 @A: 33 34 08 02 | 01
#0623-d301 @A: 13 03 24 35 | 02
#0624-d301 @A: 03 22 17 14 | 11
#0625-d301 @A: 03 09 04 22 | 08
#0626-d301 @A: 30 09 23 03 | 06
#0627-d301 @A: 05 18 03 29 | 03
#0628-d301 @A: 02 03 05 04 | 09
#0629-d301 @A: 05 03 18 08 | 10
#0630-d301 @A: 03 18 24 16 | 07
#0631-d301 @A: 07 31 32 03 | 12
#0632-d301 @A: 03 34 10 32 | 04
#0633-d301 @A: 06 15 03 19 | 05
#0634-d301 @A: 11 20 25 13 | 01
#0635-d301 @A: 26 11 22 07 | 02
#0636-d301 @A: 22 35 23 11 | 11
#0637-d301 @A: 25 30 24 11 | 08
#0638-d301 @A: 11 05 09 20 | 06
#0639-d301 @A: 09 07 11 23 | 03
#0640-d301 @A: 11 16 25 35 | 09
#0641-d301 @A: 22 13 07 10 | 10
#0642-d301 @A: 22 19 13 31 | 07
#0643-d301 @A: 08 09 13 19 | 12
#0644-d301 @A: 13 35 06 20 | 04
#0645-d301 @A: 20 13 14 18 | 05
#0646-d301 @A: 15 13 02 34 | 01
#0647-d301 @A: 10 34 13 23 | 02
#0648-d301 @A: 25 05 32 22 | 11
#0649-d301 @A: 02 05 22 10 | 08
#0650-d301 @A: 26 22 02 20 | 06
#0651-d301 @A: 23 34 26 22 | 03
#0652-d301 @A: 22 10 04 23 | 09
#0653-d301 @A: 29 18 20 30 | 10
#0654-d301 @A: 17 09 30 25 | 07
#0655-d301 @A: 16 30 04 06 | 12
#0656-d301 @A: 35 02 30 06 | 04
#0657-d301 @A: 02 30 19 25 | 05
#0658-d301 @A: 29 34 24 31 | 01
#0659-d301 @A: 25 29 15 23 | 02
#0660-d301 @A: 29 06 10 23 | 11
#0661-d301 @A: 18 19 29 10 | 08
#0662-d301 @A: 18 23 17 16 | 06
#0663-d301 @A: 04 17 19 18 | 03
#0664-d301 @A: 21 07 05 09 | 09
#0665-d301 @A: 05 06 24 21 | 10
#0666-d301 @A: 31 19 26 09 | 07
#0667-d301 @A: 23 14 16 09 | 12
#0668-d301 @A: 09 26 04 14 | 04
#0669-d301 @A: 16 20 24 35 | 05
#0670-d301 @A: 06 24 08 25 | 01
#0671-d301 @A: 10 21 25 24 | 02
#0672-d301 @A: 15 19 21 24 | 11
#0673-d301 @A: 25 21 32 02 | 08
#0674-d301 @A: 10 25 32 08 | 06
#0675-d301 @A: 21 04 32 15 | 03
#0676-d301 @A: 32 06 21 08 | 09
#0677-d301 @A: 07 04 31 16 | 10
#0678-d301 @A: 07 02 31 19 | 07
#0679-d301 @A: 35 31 08 10 | 12
#0680-d301 @A: 04 35 20 08 | 04
#0681-d301 @A: 20 34 08 19 | 05
#0682-d301 @A: 27 28 13 23 | 01
#0683-d301 @A: 17 28 01 26 | 02
#0684-d301 @A: 14 28 12 08 | 11
#0685-d301 @A: 06 33 17 28 | 08
#0686-d301 @A: 28 03 13 06 | 06
#0687-d301 @A: 20 28 17 03 | 03
#0688-d301 @A: 31 03 10 28 | 09
#0689-d301 @A: 28 11 08 17 | 10
#0690-d301 @A: 11 34 28 09 | 07
#0691-d301 @A: 28 30 20 13 | 12
#0692-d301 @A: 13 15 28 29 | 04
#0693-d301 @A: 13 28 18 24 | 05
#0694-d301 @A: 28 29 07 35 | 01
#0695-d301 @A: 17 31 14 28 | 02
#0696-d301 @A: 05 28 06 04 | 11
#0697-d301 @A: 24 28 09 10 | 08
#0698-d301 @A: 07 28 20 10 | 06
#0699-d301 @A: 23 28 21 16 | 03
#0700-d301 @A: 35 06 28 08 | 09
#0701-d301 @A: 19 15 18 28 | 10
#0702-d301 @A: 19 01 29 27 | 07
#0703-d301 @A: 01 15 27 24 | 12
#0704-d301 @A: 03 27 20 09 | 04
#0705-d301 @A: 14 11 25 27 | 05
#0706-d301 @A: 13 02 29 27 | 01
#0707-d301 @A: 27 22 32 14 | 02
#0708-d301 @A: 06 21 22 27 | 11
#0709-d301 @A: 30 06 27 29 | 08
#0710-d301 @A: 29 27 23 05 | 06
#0711-d301 @A: 27 24 21 17 | 03
#0712-d301 @A: 27 17 02 18 | 09
#0713-d301 @A: 07 27 20 16 | 10
#0714-d301 @A: 16 27 26 35 | 07
#0715-d301 @A: 14 27 16 34 | 12
#0716-d301 @A: 23 10 26 27 | 04
#0717-d301 @A: 35 06 04 27 | 05
#0718-d301 @A: 18 27 25 10 | 01
#0719-d301 @A: 18 27 06 14 | 02
#0720-d301 @A: 27 04 21 14 | 11
#0721-d301 @A: 34 22 01 33 | 08
#0722-d301 @A: 33 35 31 01 | 06
#0723-d301 @A: 20 31 01 03 | 03
#0724-d301 @A: 17 35 11 01 | 09
#0725-d301 @A: 21 13 01 16 | 10
#0726-d301 @A: 20 07 30 01 | 07
#0727-d301 @A: 30 16 02 01 | 12
#0728-d301 @A: 06 24 29 01 | 04
#0729-d301 @A: 14 07 01 29 | 05
#0730-d301 @A: 16 17 01 24 | 01
#0731-d301 @A: 32 05 23 01 | 02
#0732-d301 @A: 01 24 32 21 | 11
#0733-d301 @A: 10 20 01 19 | 08
#0734-d301 @A: 14 18 01 21 | 06
#0735-d301 @A: 01 08 14 21 | 03
#0736-d301 @A: 01 14 19 04 | 09
#0737-d301 @A: 10 18 06 01 | 10
#0738-d301 @A: 19 04 33 12 | 07
#0739-d301 @A: 03 22 12 10 | 12
#0740-d301 @A: 12 29 10 11 | 04
#0741-d301 @A: 15 14 13 12 | 05
#0742-d301 @A: 32 35 12 29 | 01
#0743-d301 @A: 17 12 20 32 | 02
#0744-d301 @A: 12 05 15 04 | 11
#0745-d301 @A: 26 09 07 12 | 08
#0746-d301 @A: 12 26 14 16 | 06
#0747-d301 @A: 21 12 10 35 | 03
#0748-d301 @A: 12 04 21 23 | 09
#0749-d301 @A: 12 02 04 10 | 10
#0750-d301 @A: 33 09 23 13 | 07
#0751-d301 @A: 25 06 30 33 | 12
#0752-d301 @A: 19 33 05 29 | 04
#0753-d301 @A: 20 33 10 25 | 05
#0754-d301 @A: 02 33 16 34 | 01
#0755-d301 @A: 14 33 25 34 | 02
#0756-d301 @A: 06 15 04 33 | 11
#0757-d301 @A: 04 21 18 33 | 08
#0758-d301 @A: 03 29 17 11 | 06
#0759-d301 @A: 04 03 13 30 | 03
#0760-d301 @A: 18 07 22 03 | 09
#0761-d301 @A: 03 35 30 20 | 10
#0762-d301 @A: 16 08 30 03 | 07
#0763-d301 @A: 03 05 09 25 | 12
#0764-d301 @A: 03 14 02 35 | 04
#0765-d301 @A: 23 18 03 34 | 05
#0766-d301 @A: 11 02 30 13 | 01
#0767-d301 @A: 05 34 11 13 | 02
#0768-d301 @A: 18 22 11 02 | 11
#0769-d301 @A: 11 15 05 30 | 08
#0770-d301 @A: 11 08 30 05 | 06
#0771-d301 @A: 32 17 15 11 | 03
#0772-d301 @A: 11 24 06 07 | 09
#0773-d301 @A: 16 15 07 11 | 10
#0774-d301 @A: 16 20 11 04 | 07
#0775-d301 @A: 21 11 20 14 | 12
#0776-d301 @A: 06 23 16 11 | 04
#0777-d301 @A: 10 11 16 19 | 05
#0778-d301 @A: 18 34 11 25 | 01
#0779-d301 @A: 04 13 30 08 | 02
#0780-d301 @A: 05 13 10 29 | 11
#0781-d301 @A: 29 24 14 13 | 08
#0782-d301 @A: 24 13 34 25 | 06
#0783-d301 @A: 13 32 19 16 | 03
#0784-d301 @A: 02 10 20 13 | 09
#0785-d301 @A: 13 35 16 34 | 10
#0786-d301 @A: 06 26 08 13 | 07
#0787-d301 @A: 35 21 04 13 | 12
#0788-d301 @A: 13 19 25 18 | 04
#0789-d301 @A: 13 18 15 10 | 05
#0790-d301 @A: 07 30 35 22 | 01
#0791-d301 @A: 19 09 32 22 | 02
#0792-d301 @A: 23 16 19 22 | 11
#0793-d301 @A: 18 30 05 24 | 08
#0794-d301 @A: 30 04 31 24 | 06
#0795-d301 @A: 15 24 10 30 | 03
#0796-d301 @A: 32 15 18 30 | 09
#0797-d301 @A: 08 23 32 30 | 10
#0798-d301 @A: 30 31 08 02 | 07
#0799-d301 @A: 19 23 30 20 | 12
#0800-d301 @A: 23 30 04 34 | 04
#0801-d301 @A: 19 29 17 09 | 05
#0802-d301 @A: 29 07 21 04 | 01
#0803-d301 @A: 34 35 06 29 | 02
#0804-d301 @A: 24 32 17 14 | 11
#0805-d301 @A: 18 17 24 15 | 08
#0806-d301 @A: 21 17 18 25 | 06
#0807-d301 @A: 17 10 14 18 | 03
#0808-d301 @A: 08 24 16 05 | 09
#0809-d301 @A: 14 05 07 32 | 10
#0810-d301 @A: 02 05 20 25 | 07
#0811-d301 @A: 34 20 06 05 | 12
#0812-d301 @A: 05 16 10 25 | 04
#0813-d301 @A: 05 19 06 16 | 05
#0814-d301 @A: 15 08 24 09 | 01
#0815-d301 @A: 21 20 06 09 | 02
#0816-d301 @A: 09 16 18 35 | 11
#0817-d301 @A: 25 34 09 04 | 08
#0818-d301 @A: 24 16 08 10 | 06
#0819-d301 @A: 35 26 24 25 | 03
#0820-d301 @A: 24 04 23 26 | 09
#0821-d301 @A: 34 02 24 10 | 10
#0822-d301 @A: 02 06 32 16 | 07
#0823-d301 @A: 32 06 10 26 | 12
#0824-d301 @A: 25 10 32 35 | 04
#0825-d301 @A: 20 21 23 07 | 05
#0826-d301 @A: 07 19 16 14 | 01
#0827-d301 @A: 26 07 02 34 | 02
#0828-d301 @A: 19 25 31 34 | 11
#0829-d301 @A: 14 23 31 19 | 08
#0830-d301 @A: 21 08 35 26 | 06
#0831-d301 @A: 27 25 09 28 | 03
#0832-d301 @A: 02 28 27 07 | 09
#0833-d301 @A: 01 28 35 03 | 10
#0834-d301 @A: 04 12 29 28 | 07
#0835-d301 @A: 33 15 28 03 | 12
#0836-d301 @A: 28 11 33 24 | 04
#0837-d301 @A: 25 33 28 32 | 05
#0838-d301 @A: 33 26 28 07 | 01
#0839-d301 @A: 21 18 28 03 | 02
#0840-d301 @A: 35 11 06 28 | 11
#0841-d301 @A: 28 13 22 04 | 08
#0842-d301 @A: 28 06 29 02 | 06
#0843-d301 @A: 28 17 18 09 | 03
#0844-d301 @A: 28 08 09 20 | 09
#0845-d301 @A: 10 28 26 19 | 10
#0846-d301 @A: 08 21 10 28 | 07
#0847-d301 @A: 27 23 14 12 | 12
#0848-d301 @A: 27 08 20 11 | 04
#0849-d301 @A: 27 17 13 08 | 05
#0850-d301 @A: 27 16 22 29 | 01
#0851-d301 @A: 24 22 27 23 | 02
#0852-d301 @A: 27 07 04 22 | 11
#0853-d301 @A: 08 22 15 27 | 08
#0854-d301 @A: 27 29 26 08 | 06
#0855-d301 @A: 27 07 14 09 | 03
#0856-d301 @A: 27 09 35 08 | 09
#0857-d301 @A: 27 32 23 35 | 10
#0858-d301 @A: 27 26 06 20 | 07
#0859-d301 @A: 19 16 27 18 | 12
#0860-d301 @A: 01 12 14 17 | 04
#0861-d301 @A: 01 07 31 12 | 05
#0862-d301 @A: 11 33 21 01 | 01
#0863-d301 @A: 01 05 33 30 | 02
#0864-d301 @A: 01 33 10 29 | 11
#0865-d301 @A: 22 16 11 01 | 08
#0866-d301 @A: 06 22 01 32 | 06
#0867-d301 @A: 19 30 17 01 | 03
#0868-d301 @A: 01 29 20 08 | 09
#0869-d301 @A: 02 01 05 24 | 10
#0870-d301 @A: 01 05 04 34 | 07
#0871-d301 @A: 26 02 01 23 | 12
#0872-d301 @A: 21 15 35 01 | 04
#0873-d301 @A: 13 18 12 03 | 05
#0874-d301 @A: 02 12 30 03 | 01
#0875-d301 @A: 16 10 13 12 | 02
#0876-d301 @A: 12 21 22 07 | 11
#0877-d301 @A: 12 04 17 30 | 08
#0878-d301 @A: 30 05 06 12 | 06
#0879-d301 @A: 21 09 12 17 | 03
#0880-d301 @A: 05 31 12 20 | 09
#0881-d301 @A: 31 09 12 02 | 10
#0882-d301 @A: 20 15 12 23 | 07
#0883-d301 @A: 26 02 12 25 | 12
#0884-d301 @A: 12 08 15 04 | 04
#0885-d301 @A: 31 19 03 33 | 05
#0886-d301 @A: 33 31 11 20 | 01
#0887-d301 @A: 33 07 13 18 | 02
#0888-d301 @A: 33 23 29 24 | 11
#0889-d301 @A: 33 23 08 07 | 08
#0890-d301 @A: 04 23 20 33 | 06
#0891-d301 @A: 35 16 33 15 | 03
#0892-d301 @A: 33 08 23 16 | 09
#0893-d301 @A: 23 26 06 33 | 10
#0894-d301 @A: 21 14 19 33 | 07
#0895-d301 @A: 13 03 16 11 | 12
#0896-d301 @A: 11 03 09 06 | 04
#0897-d301 @A: 03 11 07 25 | 05
#0898-d301 @A: 05 10 30 03 | 01
#0899-d301 @A: 35 03 17 19 | 02
#0900-d301 @A: 03 04 24 07 | 11
#0901-d301 @A: 11 13 09 21 | 08
#0902-d301 @A: 35 10 13 11 | 06
#0903-d301 @A: 29 22 14 11 | 03
#0904-d301 @A: 22 11 19 25 | 09
#0905-d301 @A: 31 16 17 11 | 10
#0906-d301 @A: 04 31 11 05 | 07
#0907-d301 @A: 11 24 10 18 | 12
#0908-d301 @A: 04 11 32 25 | 04
#0909-d301 @A: 19 26 11 15 | 05
#0910-d301 @A: 08 34 35 11 | 01
#0911-d301 @A: 11 25 15 06 | 02
#0912-d301 @A: 22 16 25 13 | 11
#0913-d301 @A: 30 05 13 09 | 08
#0914-d301 @A: 13 29 20 32 | 06
#0915-d301 @A: 21 13 05 32 | 03
#0916-d301 @A: 07 09 02 13 | 09
#0917-d301 @A: 09 13 35 14 | 10
#0918-d301 @A: 16 20 13 23 | 07
#0919-d301 @A: 18 13 26 35 | 12
#0920-d301 @A: 13 06 34 04 | 04
#0921-d301 @A: 08 10 34 13 | 05
#0922-d301 @A: 13 23 08 18 | 01
#0923-d301 @A: 08 04 22 29 | 02
#0924-d301 @A: 17 25 31 22 | 11
#0925-d301 @A: 34 22 14 07 | 08
#0926-d301 @A: 22 16 34 06 | 06
#0927-d301 @A: 25 35 22 04 | 03
#0928-d301 @A: 22 08 25 35 | 09
#0929-d301 @A: 15 04 22 18 | 10
#0930-d301 @A: 22 14 02 19 | 07
#0931-d301 @A: 30 17 29 10 | 12
#0932-d301 @A: 30 05 17 14 | 04
#0933-d301 @A: 24 17 35 30 | 05
#0934-d301 @A: 24 16 30 34 | 01
#0935-d301 @A: 20 14 30 25 | 02
#0936-d301 @A: 35 25 30 18 | 11
#0937-d301 @A: 19 30 06 18 | 08
#0938-d301 @A: 10 19 04 30 | 06
#0939-d301 @A: 09 02 05 29 | 03
#0940-d301 @A: 29 20 05 07 | 09
#0941-d301 @A: 15 29 08 05 | 10
#0942-d301 @A: 20 25 29 35 | 07
#0943-d301 @A: 20 29 15 14 | 12
#0944-d301 @A: 29 14 04 16 | 04
#0945-d301 @A: 29 23 35 04 | 05
#0946-d301 @A: 18 25 29 04 | 01
#0947-d301 @A: 10 04 20 17 | 02
#0948-d301 @A: 25 17 26 16 | 11
#0949-d301 @A: 26 15 17 02 | 08
#0950-d301 @A: 19 05 24 07 | 06
#0951-d301 @A: 24 05 31 23 | 03
#0952-d301 @A: 10 15 23 05 | 09
#0953-d301 @A: 04 32 23 09 | 10
#0954-d301 @A: 24 16 25 23 | 07
#0955-d301 @A: 34 26 32 35 | 12
#0956-d301 @A: 02 19 10 32 | 04
#0957-d301 @A: 07 31 35 26 | 05
#0958-d301 @A: 35 15 20 07 | 01
#0959-d301 @A: 16 07 21 35 | 02
#0960-d301 @A: 23 34 35 07 | 11
#0961-d301 @A: 07 14 06 35 | 08
#0962-d301 @A: 08 20 21 31 | 06
#0963-d301 @A: 19 31 16 35 | 03
#0964-d301 @A: 02 25 16 31 | 09
#0965-d301 @A: 23 31 10 25 | 10
#0966-d301 @A: 14 35 23 08 | 07
#0967-d301 @A: 10 06 08 15 | 12
#0968-d301 @A: 27 28 21 26 | 04
#0969-d301 @A: 28 01 16 12 | 05
#0970-d301 @A: 33 01 14 28 | 01
#0971-d301 @A: 22 33 10 28 | 02
#0972-d301 @A: 29 16 28 33 | 11
#0973-d301 @A: 25 13 28 05 | 08
#0974-d301 @A: 34 30 28 22 | 06
#0975-d301 @A: 15 28 31 30 | 03
#0976-d301 @A: 08 28 29 31 | 09
#0977-d301 @A: 05 17 21 28 | 10
#0978-d301 @A: 28 32 24 16 | 07
#0979-d301 @A: 25 19 28 16 | 12
#0980-d301 @A: 35 15 28 23 | 04
#0981-d301 @A: 14 28 35 19 | 05
#0982-d301 @A: 06 10 15 28 | 01
#0983-d301 @A: 27 14 03 01 | 02
#0984-d301 @A: 29 27 12 26 | 11
#0985-d301 @A: 34 27 17 03 | 08
#0986-d301 @A: 19 22 27 10 | 06
#0987-d301 @A: 09 27 30 32 | 03
#0988-d301 @A: 17 07 31 27 | 09
#0989-d301 @A: 16 27 09 05 | 10
#0990-d301 @A: 14 05 27 02 | 07
#0991-d301 @A: 10 16 21 27 | 12
#0992-d301 @A: 14 27 19 15 | 04
#0993-d301 @A: 11 19 12 01 | 05
#0994-d301 @A: 12 04 01 22 | 01
#0995-d301 @A: 04 01 17 33 | 02
#0996-d301 @A: 25 21 03 01 | 11
#0997-d301 @A: 06 05 11 01 | 08
#0998-d301 @A: 22 13 01 02 | 06
#0999-d301 @A: 13 29 01 18 | 03
#1000-d301 @A: 29 26 01 32 | 09
#1001-d301 @A: 07 16 01 05 | 10
#1002-d301 @A: 01 23 09 20 | 07
#1003-d301 @A: 01 24 34 18 | 12
#1004-d301 @A: 32 16 31 01 | 04
#1005-d301 @A: 01 07 19 26 | 05
#1006-d301 @A: 20 16 06 01 | 01
#1007-d301 @A: 33 12 17 18 | 02
#1008-d301 @A: 24 33 12 35 | 11
#1009-d301 @A: 03 04 31 12 | 08
#1010-d301 @A: 12 34 30 11 | 06
#1011-d301 @A: 25 12 24 22 | 03
#1012-d301 @A: 12 34 19 29 | 09
#1013-d301 @A: 12 34 16 05 | 10
#1014-d301 @A: 31 14 32 12 | 07
#1015-d301 @A: 15 12 32 06 | 12
#1016-d301 @A: 10 18 20 12 | 04
#1017-d301 @A: 12 08 35 16 | 05
#1018-d301 @A: 12 19 25 10 | 01
#1019-d301 @A: 34 18 04 12 | 02
#1020-d301 @A: 33 03 21 23 | 11
#1021-d301 @A: 30 16 33 11 | 08
#1022-d301 @A: 17 33 13 16 | 06
#1023-d301 @A: 33 07 31 30 | 03
#1024-d301 @A: 29 33 17 14 | 09
#1025-d301 @A: 06 09 29 33 | 10
#1026-d301 @A: 33 17 10 07 | 07
#1027-d301 @A: 20 07 09 33 | 12
#1028-d301 @A: 15 07 33 32 | 04
#1029-d301 @A: 21 20 35 33 | 05
#1030-d301 @A: 35 33 14 04 | 01
#1031-d301 @A: 33 06 18 35 | 02
#1032-d301 @A: 10 06 34 33 | 11
#1033-d301 @A: 23 03 13 29 | 08
#1034-d301 @A: 13 17 03 21 | 06
#1035-d301 @A: 07 30 03 21 | 03
#1036-d301 @A: 26 09 29 03 | 09
#1037-d301 @A: 29 08 35 03 | 10
#1038-d301 @A: 05 24 03 34 | 07
#1039-d301 @A: 03 06 18 20 | 12
#1040-d301 @A: 19 03 16 26 | 04
#1041-d301 @A: 21 03 16 15 | 05
#1042-d301 @A: 03 10 16 04 | 01
#1043-d301 @A: 35 10 26 03 | 02
#1044-d301 @A: 25 03 35 34 | 11
#1045-d301 @A: 02 10 03 18 | 08
#1046-d301 @A: 29 30 11 23 | 06
#1047-d301 @A: 05 25 11 29 | 03
#1048-d301 @A: 07 31 11 29 | 09
#1049-d301 @A: 29 19 11 35 | 10
#1050-d301 @A: 29 15 11 21 | 07
#1051-d301 @A: 24 11 17 34 | 12
#1052-d301 @A: 11 14 31 24 | 04
#1053-d301 @A: 11 21 32 31 | 05
#1054-d301 @A: 20 15 10 11 | 01
#1055-d301 @A: 18 11 06 21 | 02
#1056-d301 @A: 29 26 30 13 | 11
#1057-d301 @A: 05 18 23 13 | 08
#1058-d301 @A: 20 24 13 31 | 06
#1059-d301 @A: 13 24 14 08 | 03
#1060-d301 @A: 10 25 13 14 | 09
#1061-d301 @A: 15 08 02 13 | 10
#1062-d301 @A: 06 13 14 19 | 07
#1063-d301 @A: 02 18 06 13 | 12
#1064-d301 @A: 22 19 30 05 | 04
#1065-d301 @A: 07 23 22 29 | 05
#1066-d301 @A: 06 22 29 19 | 01
#1067-d301 @A: 07 32 22 20 | 02
#1068-d301 @A: 32 31 22 34 | 11
#1069-d301 @A: 16 22 08 26 | 08
#1070-d301 @A: 21 22 04 16 | 06
#1071-d301 @A: 22 10 08 14 | 03
#1072-d301 @A: 10 16 30 09 | 09
#1073-d301 @A: 02 32 30 31 | 10
#1074-d301 @A: 30 04 08 10 | 07
#1075-d301 @A: 24 05 15 29 | 12
#1076-d301 @A: 23 09 29 34 | 04
#1077-d301 @A: 29 16 21 20 | 05
#1078-d301 @A: 04 34 29 02 | 01
#1079-d301 @A: 18 29 15 06 | 02
#1080-d301 @A: 29 18 23 21 | 11
#1081-d301 @A: 06 05 08 17 | 08
#1082-d301 @A: 17 04 08 09 | 06
#1083-d301 @A: 35 32 31 17 | 03
#1084-d301 @A: 17 25 32 19 | 09
#1085-d301 @A: 08 26 07 17 | 10
#1086-d301 @A: 17 16 15 20 | 07
#1087-d301 @A: 20 25 23 17 | 12
#1088-d301 @A: 20 02 17 21 | 04
#1089-d301 @A: 04 15 34 17 | 05
#1090-d301 @A: 05 19 08 04 | 01
#1091-d301 @A: 24 31 07 09 | 02
#1092-d301 @A: 09 21 16 24 | 11
#1093-d301 @A: 25 32 31 09 | 08
#1094-d301 @A: 09 20 02 34 | 06
#1095-d301 @A: 18 15 20 09 | 03
#1096-d301 @A: 14 09 19 20 | 09
#1097-d301 @A: 08 09 26 25 | 10
#1098-d301 @A: 15 34 09 06 | 07
#1099-d301 @A: 19 18 26 24 | 12
#1100-d301 @A: 24 34 14 35 | 04
#1101-d301 @A: 24 10 35 04 | 05
#1102-d301 @A: 14 24 25 15 | 01
#1103-d301 @A: 08 24 21 34 | 02
#1104-d301 @A: 04 32 26 18 | 11
#1105-d301 @A: 14 21 32 35 | 08
#1106-d301 @A: 19 32 34 23 | 06
#1107-d301 @A: 23 06 21 32 | 03
#1108-d301 @A: 06 20 19 07 | 09
#1109-d301 @A: 16 06 18 07 | 10
#1110-d301 @A: 10 04 07 06 | 07
#1111-d301 @A: 34 31 23 16 | 12
#1112-d301 @A: 35 31 18 15 | 04
#1113-d301 @A: 31 18 34 06 | 05
#1114-d301 @A: 06 34 23 08 | 01
#1115-d301 @A: 28 25 12 03 | 02
#1116-d301 @A: 28 09 33 35 | 11
#1117-d301 @A: 28 34 03 29 | 08
#1118-d301 @A: 04 17 28 11 | 06
#1119-d301 @A: 28 22 17 32 | 03
#1120-d301 @A: 28 04 35 30 | 09
#1121-d301 @A: 19 24 17 28 | 10
#1122-d301 @A: 28 05 31 02 | 07
#1123-d301 @A: 32 28 04 19 | 12
#1124-d301 @A: 20 35 28 26 | 04
#1125-d301 @A: 28 20 23 06 | 05
#1126-d301 @A: 28 25 34 26 | 01
#1127-d301 @A: 16 33 27 01 | 02
#1128-d301 @A: 11 27 18 01 | 11
#1129-d301 @A: 13 27 35 01 | 08
#1130-d301 @A: 27 01 09 34 | 06
#1131-d301 @A: 12 22 27 35 | 03
#1132-d301 @A: 27 24 03 30 | 09
#1133-d301 @A: 11 27 30 20 | 10
#1134-d301 @A: 04 08 11 27 | 07
#1135-d301 @A: 27 19 05 13 | 12
#1136-d301 @A: 19 30 27 31 | 04
#1137-d301 @A: 08 27 19 30 | 05
#1138-d301 @A: 10 27 29 09 | 01
#1139-d301 @A: 04 16 17 27 | 02
#1140-d301 @A: 27 06 05 07 | 11
#1141-d301 @A: 27 05 23 08 | 08
#1142-d301 @A: 27 18 32 31 | 06
#1143-d301 @A: 20 10 27 14 | 03
#1144-d301 @A: 20 27 18 21 | 09
#1145-d301 @A: 34 19 26 27 | 10
#1146-d301 @A: 35 25 15 27 | 07
#1147-d301 @A: 35 26 12 01 | 12
#1148-d301 @A: 01 15 10 12 | 04
#1149-d301 @A: 06 01 07 33 | 05
#1150-d301 @A: 01 30 03 34 | 01
#1151-d301 @A: 01 16 08 11 | 02
#1152-d301 @A: 01 07 34 13 | 11
#1153-d301 @A: 05 01 35 22 | 08
#1154-d301 @A: 01 30 04 18 | 06
#1155-d301 @A: 01 17 29 15 | 03
#1156-d301 @A: 01 14 10 05 | 09
#1157-d301 @A: 01 02 35 25 | 10
#1158-d301 @A: 14 34 23 01 | 07
#1159-d301 @A: 12 13 31 21 | 12
#1160-d301 @A: 30 31 12 26 | 04
#1161-d301 @A: 07 29 12 16 | 05
#1162-d301 @A: 10 05 12 07 | 01
#1163-d301 @A: 06 12 20 24 | 02
#1164-d301 @A: 06 12 23 35 | 11
#1165-d301 @A: 02 34 12 14 | 08
#1166-d301 @A: 12 08 21 02 | 06
#1167-d301 @A: 11 10 33 03 | 03
#1168-d301 @A: 35 33 29 03 | 09
#1169-d301 @A: 33 03 09 02 | 10
#1170-d301 @A: 09 17 33 32 | 07
#1171-d301 @A: 04 33 09 10 | 12
#1172-d301 @A: 14 06 20 33 | 04
#1173-d301 @A: 08 03 22 11 | 05
#1174-d301 @A: 03 11 19 30 | 01
#1175-d301 @A: 05 20 22 03 | 02
#1176-d301 @A: 03 22 16 02 | 11
#1177-d301 @A: 31 23 03 17 | 08
#1178-d301 @A: 09 08 03 32 | 06
#1179-d301 @A: 03 14 25 16 | 03
#1180-d301 @A: 34 21 04 03 | 09
#1181-d301 @A: 26 11 13 31 | 10
#1182-d301 @A: 06 11 22 31 | 07
#1183-d301 @A: 11 10 30 07 | 12
#1184-d301 @A: 09 11 14 17 | 04
#1185-d301 @A: 20 17 11 26 | 05
#1186-d301 @A: 09 11 32 02 | 01
#1187-d301 @A: 32 34 11 07 | 02
#1188-d301 @A: 19 11 32 14 | 11
#1189-d301 @A: 26 21 11 35 | 08
#1190-d301 @A: 10 11 25 26 | 06
#1191-d301 @A: 02 35 15 11 | 03
#1192-d301 @A: 13 34 22 29 | 09
#1193-d301 @A: 17 22 13 23 | 10
#1194-d301 @A: 13 18 22 32 | 07
#1195-d301 @A: 13 19 21 30 | 12
#1196-d301 @A: 13 29 31 16 | 04
#1197-d301 @A: 17 26 13 09 | 05
#1198-d301 @A: 32 24 13 06 | 01
#1199-d301 @A: 15 07 13 24 | 02
#1200-d301 @A: 31 13 04 32 | 11
#1201-d301 @A: 32 15 26 13 | 08
#1202-d301 @A: 20 13 26 21 | 06
#1203-d301 @A: 15 13 23 21 | 03
#1204-d301 @A: 21 14 02 13 | 09
#1205-d301 @A: 32 30 21 22 | 10
#1206-d301 @A: 29 22 31 02 | 07
#1207-d301 @A: 10 22 26 17 | 12
#1208-d301 @A: 35 15 22 17 | 04
#1209-d301 @A: 22 04 24 05 | 05
#1210-d301 @A: 35 22 10 06 | 01
#1211-d301 @A: 02 15 25 22 | 02
#1212-d301 @A: 22 10 21 14 | 11
#1213-d301 @A: 29 08 07 30 | 08
#1214-d301 @A: 30 05 20 32 | 06
#1215-d301 @A: 30 24 32 19 | 03
#1216-d301 @A: 30 07 04 32 | 09
#1217-d301 @A: 08 30 34 26 | 10
#1218-d301 @A: 21 04 26 30 | 07
#1219-d301 @A: 18 08 30 06 | 12
#1220-d301 @A: 29 35 24 09 | 04
#1221-d301 @A: 31 19 32 29 | 05
#1222-d301 @A: 29 34 14 21 | 01
#1223-d301 @A: 29 15 10 04 | 02
#1224-d301 @A: 23 14 29 02 | 11
#1225-d301 @A: 08 29 18 14 | 08
#1226-d301 @A: 31 10 17 05 | 06
#1227-d301 @A: 09 34 17 07 | 03
#1228-d301 @A: 24 17 31 26 | 09
#1229-d301 @A: 26 17 32 23 | 10
#1230-d301 @A: 17 26 14 19 | 07
#1231-d301 @A: 35 02 17 10 | 12
#1232-d301 @A: 17 18 10 08 | 04
#1233-d301 @A: 32 09 26 05 | 05
#1234-d301 @A: 05 09 35 34 | 01
#1235-d301 @A: 18 25 05 07 | 02
#1236-d301 @A: 05 34 23 21 | 11
#1237-d301 @A: 15 21 18 05 | 08
#1238-d301 @A: 04 05 14 18 | 06
#1239-d301 @A: 09 26 10 20 | 03
#1240-d301 @A: 18 34 08 09 | 09
#1241-d301 @A: 24 31 32 15 | 10
#1242-d301 @A: 34 20 19 24 | 07
#1243-d301 @A: 10 20 23 24 | 12
#1244-d301 @A: 02 14 24 20 | 04
#1245-d301 @A: 04 24 02 21 | 05
#1246-d301 @A: 10 21 07 32 | 01
#1247-d301 @A: 32 31 20 10 | 02
#1248-d301 @A: 21 20 32 34 | 11
#1249-d301 @A: 32 14 23 25 | 08
#1250-d301 @A: 19 18 21 32 | 06
#1251-d301 @A: 07 06 25 31 | 03
#1252-d301 @A: 15 07 31 21 | 09
#1253-d301 @A: 20 07 26 25 | 10
#1254-d301 @A: 10 16 07 02 | 07
#1255-d301 @A: 15 07 14 18 | 12
#1256-d301 @A: 02 07 06 15 | 04
#1257-d301 @A: 16 21 31 18 | 05
#1258-d301 @A: 31 15 25 26 | 01
#1259-d301 @A: 14 31 21 25 | 02
#1260-d301 @A: 08 16 15 18 | 11
#1261-d301 @A: 27 15 12 28 | 08
#1262-d301 @A: 19 33 27 28 | 06
#1263-d301 @A: 27 03 22 28 | 03
#1264-d301 @A: 14 28 30 27 | 09
#1265-d301 @A: 18 05 27 28 | 10
#1266-d301 @A: 01 28 13 11 | 07
#1267-d301 @A: 28 01 32 34 | 12
#1268-d301 @A: 01 08 02 28 | 04
#1269-d301 @A: 09 28 20 12 | 05
#1270-d301 @A: 02 28 33 13 | 01
#1271-d301 @A: 05 28 03 23 | 02
#1272-d301 @A: 19 09 03 28 | 11
#1273-d301 @A: 24 03 02 28 | 08
#1274-d301 @A: 07 21 13 28 | 06
#1275-d301 @A: 35 28 22 24 | 03
#1276-d301 @A: 28 22 23 25 | 09
#1277-d301 @A: 05 30 26 28 | 10
#1278-d301 @A: 05 32 28 35 | 07
#1279-d301 @A: 28 24 07 08 | 12
#1280-d301 @A: 24 28 06 34 | 04
#1281-d301 @A: 26 31 28 32 | 05
#1282-d301 @A: 21 28 25 35 | 01
#1283-d301 @A: 06 25 14 28 | 02
#1284-d301 @A: 21 14 28 15 | 11
#1285-d301 @A: 18 23 14 28 | 08
#1286-d301 @A: 02 28 23 10 | 06
#1287-d301 @A: 02 28 18 04 | 03
#1288-d301 @A: 20 01 12 27 | 09
#1289-d301 @A: 22 27 01 26 | 10
#1290-d301 @A: 27 13 20 33 | 07
#1291-d301 @A: 13 27 09 06 | 12
#1292-d301 @A: 31 13 27 34 | 04
#1293-d301 @A: 27 30 10 35 | 05
#1294-d301 @A: 29 27 31 04 | 01
#1295-d301 @A: 27 32 17 10 | 02
#1296-d301 @A: 21 05 31 27 | 11
#1297-d301 @A: 07 32 25 27 | 08
#1298-d301 @A: 27 02 32 26 | 06
#1299-d301 @A: 03 01 16 09 | 03
#1300-d301 @A: 01 03 02 07 | 09
#1301-d301 @A: 31 14 13 01 | 10
#1302-d301 @A: 30 01 15 22 | 07
#1303-d301 @A: 01 25 16 29 | 12
#1304-d301 @A: 19 08 17 01 | 04
#1305-d301 @A: 05 01 31 15 | 05
#1306-d301 @A: 05 01 08 25 | 01
#1307-d301 @A: 04 09 01 31 | 02
#1308-d301 @A: 31 08 07 01 | 11
#1309-d301 @A: 06 01 26 31 | 08
#1310-d301 @A: 35 16 01 14 | 06
#1311-d301 @A: 23 01 10 16 | 03
#1312-d301 @A: 06 33 22 12 | 09
#1313-d301 @A: 20 29 33 12 | 10
#1314-d301 @A: 12 33 05 25 | 07
#1315-d301 @A: 32 08 12 11 | 12
#1316-d301 @A: 13 08 12 29 | 04
#1317-d301 @A: 12 29 22 05 | 05
#1318-d301 @A: 22 23 12 31 | 01
#1319-d301 @A: 24 04 32 12 | 02
#1320-d301 @A: 34 24 12 07 | 11
#1321-d301 @A: 20 25 21 12 | 08
#1322-d301 @A: 26 12 23 18 | 06
#1323-d301 @A: 19 26 06 12 | 03
#1324-d301 @A: 17 22 20 33 | 09
#1325-d301 @A: 04 33 32 22 | 10
#1326-d301 @A: 22 16 26 33 | 07
#1327-d301 @A: 33 30 08 09 | 12
#1328-d301 @A: 33 02 24 30 | 04
#1329-d301 @A: 34 30 20 33 | 05
#1330-d301 @A: 26 05 21 33 | 01
#1331-d301 @A: 33 05 15 02 | 02
#1332-d301 @A: 31 32 33 23 | 11
#1333-d301 @A: 33 25 31 18 | 08
#1334-d301 @A: 26 33 20 18 | 06
#1335-d301 @A: 19 34 33 35 | 03
#1336-d301 @A: 33 04 14 08 | 09
#1337-d301 @A: 18 08 33 06 | 10
#1338-d301 @A: 34 11 03 22 | 07
#1339-d301 @A: 13 25 03 31 | 12
#1340-d301 @A: 30 06 22 03 | 04
#1341-d301 @A: 22 03 31 35 | 05
#1342-d301 @A: 32 30 14 03 | 01
#1343-d301 @A: 31 05 03 16 | 02
#1344-d301 @A: 35 09 03 07 | 11
#1345-d301 @A: 31 03 34 14 | 08
#1346-d301 @A: 34 08 31 03 | 06
#1347-d301 @A: 14 15 03 10 | 03
#1348-d301 @A: 10 23 19 03 | 09
#1349-d301 @A: 04 06 08 03 | 10
#1350-d301 @A: 11 24 19 13 | 07
#1351-d301 @A: 14 07 11 13 | 12
#1352-d301 @A: 08 24 11 31 | 04
#1353-d301 @A: 11 06 02 20 | 05
#1354-d301 @A: 19 20 18 11 | 01
#1355-d301 @A: 23 34 11 02 | 02
#1356-d301 @A: 14 34 11 10 | 11
#1357-d301 @A: 06 34 11 19 | 08
#1358-d301 @A: 22 13 24 21 | 06
#1359-d301 @A: 08 22 20 13 | 03
#1360-d301 @A: 15 30 13 35 | 09
#1361-d301 @A: 13 31 18 09 | 10
#1362-d301 @A: 16 06 13 15 | 07
#1363-d301 @A: 18 21 34 13 | 12
#1364-d301 @A: 24 26 22 30 | 04
#1365-d301 @A: 10 30 22 18 | 05
#1366-d301 @A: 32 17 22 08 | 01
#1367-d301 @A: 09 07 08 22 | 02
#1368-d301 @A: 15 31 22 09 | 11
#1369-d301 @A: 15 32 22 23 | 08
#1370-d301 @A: 20 34 22 04 | 06
#1371-d301 @A: 26 22 14 35 | 03
#1372-d301 @A: 22 10 15 34 | 09
#1373-d301 @A: 34 29 32 30 | 10
#1374-d301 @A: 05 07 23 30 | 07
#1375-d301 @A: 30 07 26 06 | 12
#1376-d301 @A: 15 08 30 20 | 04
#1377-d301 @A: 30 20 10 06 | 05
#1378-d301 @A: 25 30 34 10 | 01
#1379-d301 @A: 25 08 14 30 | 02
#1380-d301 @A: 15 30 21 06 | 11
#1381-d301 @A: 17 29 32 21 | 08
#1382-d301 @A: 29 10 20 34 | 06
#1383-d301 @A: 35 29 16 10 | 03
#1384-d301 @A: 17 05 04 09 | 09
#1385-d301 @A: 17 25 24 05 | 10
#1386-d301 @A: 17 16 19 02 | 07
#1387-d301 @A: 23 35 17 21 | 12
#1388-d301 @A: 15 23 17 14 | 04
#1389-d301 @A: 05 06 10 09 | 05
#1390-d301 @A: 05 24 26 20 | 01
#1391-d301 @A: 31 08 05 32 | 02
#1392-d301 @A: 18 20 16 05 | 11
#1393-d301 @A: 26 35 23 05 | 08
#1394-d301 @A: 05 14 34 19 | 06
#1395-d301 @A: 10 05 21 19 | 03
#1396-d301 @A: 24 04 15 09 | 09
#1397-d301 @A: 02 09 19 24 | 10
#1398-d301 @A: 19 07 18 09 | 07
#1399-d301 @A: 35 09 15 10 | 12
#1400-d301 @A: 09 18 25 23 | 04
#1401-d301 @A: 21 09 15 02 | 05
#1402-d301 @A: 32 26 07 24 | 01
#1403-d301 @A: 06 24 25 19 | 02
#1404-d301 @A: 32 25 15 20 | 11
#1405-d301 @A: 18 32 16 25 | 08
#1406-d301 @A: 32 34 16 04 | 06
#1407-d301 @A: 10 07 31 34 | 03
#1408-d301 @A: 18 31 23 07 | 09
#1409-d301 @A: 16 23 07 26 | 10
#1410-d301 @A: 23 07 15 19 | 07
#1411-d301 @A: 07 18 02 08 | 12
#1412-d301 @A: 02 31 18 20 | 04
#1413-d301 @A: 14 08 31 16 | 05
#1414-d301 @A: 26 04 31 02 | 01
#1415-d301 @A: 21 31 02 34 | 02
#1416-d301 @A: 14 31 02 15 | 11
#1417-d301 @A: 19 31 04 06 | 08
#1418-d301 @A: 23 20 08 26 | 06
#1419-d301 @A: 08 19 16 21 | 03
#1420-d301 @A: 10 28 27 01 | 09
#1421-d301 @A: 27 17 29 28 | 10
#1422-d301 @A: 16 28 08 27 | 07
#1423-d301 @A: 27 35 28 34 | 12
#1424-d301 @A: 28 31 01 18 | 04
#1425-d301 @A: 28 03 07 14 | 05
#1426-d301 @A: 28 14 20 22 | 01
#1427-d301 @A: 29 24 30 28 | 02
#1428-d301 @A: 15 09 28 05 | 11
#1429-d301 @A: 07 28 05 34 | 08
#1430-d301 @A: 32 28 09 21 | 06
#1431-d301 @A: 28 26 15 24 | 03
#1432-d301 @A: 19 28 20 02 | 09
#1433-d301 @A: 28 16 15 04 | 10
#1434-d301 @A: 10 33 27 05 | 07
#1435-d301 @A: 32 27 33 21 | 12
#1436-d301 @A: 03 10 13 27 | 04
#1437-d301 @A: 27 17 13 14 | 05
#1438-d301 @A: 27 22 09 02 | 01
#1439-d301 @A: 31 27 22 20 | 02
#1440-d301 @A: 27 30 26 17 | 11
#1441-d301 @A: 34 27 30 07 | 08
#1442-d301 @A: 14 35 29 27 | 06
#1443-d301 @A: 05 32 27 15 | 03
#1444-d301 @A: 15 04 27 20 | 09
#1445-d301 @A: 01 03 18 33 | 10
#1446-d301 @A: 01 33 26 24 | 07
#1447-d301 @A: 03 01 32 15 | 12
#1448-d301 @A: 14 01 11 30 | 04
#1449-d301 @A: 13 17 01 32 | 05
#1450-d301 @A: 22 24 01 14 | 01
#1451-d301 @A: 01 09 17 02 | 02
#1452-d301 @A: 09 19 01 05 | 11
#1453-d301 @A: 32 35 01 09 | 08
#1454-d301 @A: 07 01 24 35 | 06
#1455-d301 @A: 18 07 32 01 | 03
#1456-d301 @A: 20 04 35 01 | 09
#1457-d301 @A: 23 01 25 06 | 10
#1458-d301 @A: 33 10 12 32 | 07
#1459-d301 @A: 15 09 03 12 | 12
#1460-d301 @A: 19 03 20 12 | 04
#1461-d301 @A: 03 25 12 08 | 05
#1462-d301 @A: 13 20 12 34 | 01
#1463-d301 @A: 15 12 19 22 | 02
#1464-d301 @A: 12 22 18 08 | 11
#1465-d301 @A: 17 10 24 12 | 08
#1466-d301 @A: 31 17 19 12 | 06
#1467-d301 @A: 14 12 24 18 | 03
#1468-d301 @A: 07 02 35 12 | 09
#1469-d301 @A: 12 19 18 35 | 10
#1470-d301 @A: 12 34 25 23 | 07
#1471-d301 @A: 12 04 14 25 | 12
#1472-d301 @A: 06 21 02 12 | 04
#1473-d301 @A: 06 05 33 03 | 05
#1474-d301 @A: 35 11 05 33 | 01
#1475-d301 @A: 33 32 06 11 | 02
#1476-d301 @A: 19 07 11 33 | 11
#1477-d301 @A: 11 23 33 14 | 08
#1478-d301 @A: 17 33 34 26 | 06
#1479-d301 @A: 20 32 08 33 | 03
#1480-d301 @A: 33 21 16 06 | 09
#1481-d301 @A: 33 02 25 23 | 10
#1482-d301 @A: 11 02 31 03 | 07
#1483-d301 @A: 18 32 09 03 | 12
#1484-d301 @A: 03 04 20 14 | 04
#1485-d301 @A: 35 03 23 16 | 05
#1486-d301 @A: 03 25 15 18 | 01
#1487-d301 @A: 21 03 06 14 | 02
#1488-d301 @A: 13 32 11 23 | 11
#1489-d301 @A: 21 13 11 08 | 08
#1490-d301 @A: 22 11 30 04 | 06
#1491-d301 @A: 05 21 22 11 | 03
#1492-d301 @A: 30 17 06 11 | 09
#1493-d301 @A: 11 09 30 18 | 10
#1494-d301 @A: 26 11 32 30 | 07
#1495-d301 @A: 29 24 11 04 | 12
#1496-d301 @A: 09 10 31 11 | 04
#1497-d301 @A: 09 04 35 11 | 05
#1498-d301 @A: 11 08 07 06 | 01
#1499-d301 @A: 30 34 17 13 | 02
#1500-d301 @A: 13 25 32 30 | 11
#1501-d301 @A: 13 10 31 30 | 08
#1502-d301 @A: 13 29 09 04 | 06
#1503-d301 @A: 25 07 17 13 | 03
#1504-d301 @A: 13 04 20 05 | 09
#1505-d301 @A: 02 16 26 13 | 10
#1506-d301 @A: 35 25 23 13 | 07
#1507-d301 @A: 19 04 15 13 | 12
#1508-d301 @A: 21 13 06 10 | 04
#1509-d301 @A: 17 29 22 04 | 05
#1510-d301 @A: 18 35 29 22 | 01
#1511-d301 @A: 22 05 34 08 | 02
#1512-d301 @A: 22 02 32 24 | 11
#1513-d301 @A: 16 22 07 24 | 08
#1514-d301 @A: 14 04 31 22 | 06
#1515-d301 @A: 14 15 22 16 | 03
#1516-d301 @A: 26 15 22 06 | 09
#1517-d301 @A: 25 34 21 22 | 10
#1518-d301 @A: 18 22 19 34 | 07
#1519-d301 @A: 07 02 29 30 | 12
#1520-d301 @A: 29 16 30 19 | 04
#1521-d301 @A: 06 30 09 24 | 05
#1522-d301 @A: 15 16 30 23 | 01
#1523-d301 @A: 14 30 34 06 | 02
#1524-d301 @A: 10 21 30 23 | 11
#1525-d301 @A: 04 30 14 02 | 08
#1526-d301 @A: 17 20 29 06 | 06
#1527-d301 @A: 17 02 08 29 | 03
#1528-d301 @A: 29 05 26 34 | 09
#1529-d301 @A: 06 26 29 04 | 10
#1530-d301 @A: 29 08 34 25 | 07
#1531-d301 @A: 17 34 05 32 | 12
#1532-d301 @A: 07 17 05 35 | 04
#1533-d301 @A: 07 14 04 17 | 05
#1534-d301 @A: 34 20 14 17 | 01
#1535-d301 @A: 08 25 16 17 | 02
#1536-d301 @A: 05 09 31 14 | 11
#1537-d301 @A: 02 16 05 21 | 08
#1538-d301 @A: 26 08 14 05 | 06
#1539-d301 @A: 20 25 09 16 | 03
#1540-d301 @A: 09 14 34 18 | 09
#1541-d301 @A: 20 24 04 18 | 10
#1542-d301 @A: 23 24 19 35 | 07
#1543-d301 @A: 34 15 23 24 | 12
#1544-d301 @A: 16 14 32 20 | 04
#1545-d301 @A: 14 31 07 20 | 05
#1546-d301 @A: 16 25 34 07 | 01
#1547-d301 @A: 26 18 07 10 | 02
#1548-d301 @A: 08 15 14 07 | 11
#1549-d301 @A: 31 23 26 21 | 08
#1550-d301 @A: 21 35 08 18 | 06
#1551-d301 @A: 15 25 08 23 | 03
#1552-d301 @A: 28 27 20 32 | 09
#1553-d301 @A: 29 28 01 05 | 10
#1554-d301 @A: 15 28 01 07 | 07
#1555-d301 @A: 28 23 04 01 | 12
#1556-d301 @A: 22 02 12 28 | 04
#1557-d301 @A: 12 28 17 35 | 05
#1558-d301 @A: 18 28 12 32 | 01
#1559-d301 @A: 26 28 04 03 | 02
#1560-d301 @A: 21 28 22 29 | 11
#1561-d301 @A: 02 32 15 28 | 08
#1562-d301 @A: 28 10 25 04 | 06
#1563-d301 @A: 27 17 06 01 | 03
#1564-d301 @A: 12 27 03 05 | 09
#1565-d301 @A: 09 12 04 27 | 10
#1566-d301 @A: 27 19 24 12 | 07
#1567-d301 @A: 10 31 27 12 | 12
#1568-d301 @A: 12 08 27 34 | 04
#1569-d301 @A: 03 16 32 27 | 05
#1570-d301 @A: 13 15 27 22 | 01
#1571-d301 @A: 27 05 35 24 | 02
#1572-d301 @A: 18 09 27 24 | 11
#1573-d301 @A: 27 26 14 24 | 08
#1574-d301 @A: 08 14 32 27 | 06
#1575-d301 @A: 32 19 06 27 | 03
#1576-d301 @A: 16 15 27 31 | 09
#1577-d301 @A: 33 26 08 01 | 10
#1578-d301 @A: 22 03 23 01 | 07
#1579-d301 @A: 09 11 15 01 | 12
#1580-d301 @A: 01 32 20 11 | 04
#1581-d301 @A: 01 25 11 31 | 05
#1582-d301 @A: 10 01 11 02 | 01
#1583-d301 @A: 22 29 01 20 | 02
#1584-d301 @A: 01 20 17 18 | 11
#1585-d301 @A: 08 31 01 09 | 08
#1586-d301 @A: 01 18 15 16 | 06
#1587-d301 @A: 35 10 34 01 | 03
#1588-d301 @A: 06 01 19 35 | 09
#1589-d301 @A: 23 21 19 01 | 10
#1590-d301 @A: 24 26 12 03 | 07
#1591-d301 @A: 25 09 12 11 | 12
#1592-d301 @A: 11 12 15 24 | 04
#1593-d301 @A: 13 19 12 09 | 05
#1594-d301 @A: 30 23 32 12 | 01
#1595-d301 @A: 23 12 29 17 | 02
#1596-d301 @A: 21 29 12 24 | 11
#1597-d301 @A: 05 12 17 26 | 08
#1598-d301 @A: 07 33 16 03 | 06
#1599-d301 @A: 13 21 33 29 | 03
#1600-d301 @A: 04 33 13 26 | 09
#1601-d301 @A: 29 33 07 34 | 10
#1602-d301 @A: 26 29 33 31 | 07
#1603-d301 @A: 05 04 07 33 | 12
#1604-d301 @A: 04 24 34 33 | 04
#1605-d301 @A: 02 21 10 33 | 05
#1606-d301 @A: 03 21 11 24 | 01
#1607-d301 @A: 32 13 03 02 | 02
#1608-d301 @A: 13 03 07 20 | 11
#1609-d301 @A: 17 15 03 30 | 08
#1610-d301 @A: 29 19 24 03 | 06
#1611-d301 @A: 03 15 31 29 | 03
#1612-d301 @A: 06 07 17 03 | 09
#1613-d301 @A: 25 17 02 03 | 10
#1614-d301 @A: 07 05 26 03 | 07
#1615-d301 @A: 09 03 14 24 | 12
#1616-d301 @A: 24 03 23 32 | 04
#1617-d301 @A: 03 26 25 32 | 05
#1618-d301 @A: 03 32 06 35 | 01
#1619-d301 @A: 16 20 34 03 | 02
#1620-d301 @A: 11 09 16 29 | 11
#1621-d301 @A: 05 11 32 18 | 08
#1622-d301 @A: 32 24 35 11 | 06
#1623-d301 @A: 11 20 34 35 | 03
#1624-d301 @A: 16 21 11 34 | 09
#1625-d301 @A: 14 15 04 11 | 10
#1626-d301 @A: 02 11 08 23 | 07
#1627-d301 @A: 11 21 19 02 | 12
#1628-d301 @A: 30 13 22 14 | 04
#1629-d301 @A: 09 20 13 22 | 05
#1630-d301 @A: 07 30 13 16 | 01
#1631-d301 @A: 13 29 07 19 | 02
#1632-d301 @A: 31 07 05 13 | 11
#1633-d301 @A: 13 16 05 14 | 08
#1634-d301 @A: 25 09 13 15 | 06
#1635-d301 @A: 07 13 23 06 | 03
#1636-d301 @A: 08 13 31 19 | 09
#1637-d301 @A: 13 19 26 23 | 10
#1638-d301 @A: 17 30 22 02 | 07
#1639-d301 @A: 29 25 22 26 | 12
#1640-d301 @A: 17 05 22 18 | 04
#1641-d301 @A: 24 06 17 22 | 05
#1642-d301 @A: 10 22 25 09 | 01
#1643-d301 @A: 22 08 06 31 | 02
#1644-d301 @A: 18 23 22 20 | 11
#1645-d301 @A: 26 22 04 19 | 08
#1646-d301 @A: 17 24 08 30 | 06
#1647-d301 @A: 30 09 07 15 | 03
#1648-d301 @A: 09 30 34 31 | 09
#1649-d301 @A: 30 14 24 07 | 10
#1650-d301 @A: 02 30 15 20 | 07
#1651-d301 @A: 34 18 30 26 | 12
#1652-d301 @A: 35 34 21 30 | 04
#1653-d301 @A: 16 17 29 05 | 05
#1654-d301 @A: 31 18 29 17 | 01
#1655-d301 @A: 29 35 31 05 | 02
#1656-d301 @A: 29 20 23 26 | 11
#1657-d301 @A: 16 18 02 29 | 08
#1658-d301 @A: 29 10 14 26 | 06
#1659-d301 @A: 26 21 19 29 | 03
#1660-d301 @A: 04 21 17 31 | 09
#1661-d301 @A: 17 16 06 35 | 10
#1662-d301 @A: 34 17 18 35 | 07
#1663-d301 @A: 25 04 17 06 | 12
#1664-d301 @A: 31 06 32 05 | 04
#1665-d301 @A: 05 14 20 23 | 05
#1666-d301 @A: 10 02 08 05 | 01
#1667-d301 @A: 32 09 06 14 | 02
#1668-d301 @A: 26 21 25 09 | 11
#1669-d301 @A: 15 09 23 26 | 08
#1670-d301 @A: 19 09 10 34 | 06
#1671-d301 @A: 09 19 06 23 | 03
#1672-d301 @A: 09 14 02 10 | 09
#1673-d301 @A: 19 16 04 24 | 10
#1674-d301 @A: 26 02 24 06 | 07
#1675-d301 @A: 14 24 19 10 | 12
#1676-d301 @A: 32 26 08 15 | 04
#1677-d301 @A: 19 15 32 35 | 05
#1678-d301 @A: 32 04 02 35 | 01
#1679-d301 @A: 14 34 15 32 | 02
#1680-d301 @A: 02 32 34 18 | 11
#1681-d301 @A: 10 23 18 32 | 08
#1682-d301 @A: 07 04 26 15 | 06
#1683-d301 @A: 35 19 10 07 | 03
#1684-d301 @A: 07 02 25 14 | 09
#1685-d301 @A: 04 19 34 07 | 10
#1686-d301 @A: 23 35 31 20 | 07
#1687-d301 @A: 34 31 04 35 | 12
#1688-d301 @A: 31 23 15 04 | 04
#1689-d301 @A: 19 02 26 08 | 05
