#0001-d312 @A: 19 16 26 09 | 06
#0002-d312 @A: 26 34 19 10 | 08
#0003-d312 @A: 20 14 26 32 | 10
#0004-d312 @A: 03 26 07 20 | 11
#0005-d312 @A: 20 26 18 11 | 07
#0006-d312 @A: 26 20 17 22 | 01
#0007-d312 @A: 34 20 02 26 | 04
#0008-d312 @A: 28 26 12 09 | 12
#0009-d312 @A: 04 21 07 26 | 05
#0010-d312 @A: 30 04 26 22 | 02
#0011-d312 @A: 34 26 21 29 | 03
#0012-d312 @A: 18 27 31 26 | 09
#0013-d312 @A: 08 25 26 13 | 06
#0014-d312 @A: 15 24 26 10 | 08
#0015-d312 @A: 32 26 25 06 | 10
#0016-d312 @A: 26 29 10 07 | 11
#0017-d312 @A: 26 14 01 07 | 07
#0018-d312 @A: 18 26 07 13 | 01
#0019-d312 @A: 29 05 26 27 | 04
#0020-d312 @A: 16 26 13 29 | 12
#0021-d312 @A: 33 26 01 16 | 05
#0022-d312 @A: 01 13 12 26 | 02
#0023-d312 @A: 21 19 07 34 | 03
#0024-d312 @A: 19 31 29 33 | 09
#0025-d312 @A: 32 19 14 09 | 06
#0026-d312 @A: 19 12 24 06 | 08
#0027-d312 @A: 19 05 22 32 | 10
#0028-d312 @A: 15 19 30 06 | 11
#0029-d312 @A: 33 19 17 06 | 07
#0030-d312 @A: 10 07 19 12 | 01
#0031-d312 @A: 19 30 29 07 | 04
#0032-d312 @A: 25 14 01 19 | 12
#0033-d312 @A: 22 25 19 17 | 05
#0034-d312 @A: 04 06 20 28 | 02
#0035-d312 @A: 02 28 09 20 | 03
#0036-d312 @A: 33 04 20 21 | 09
#0037-d312 @A: 20 27 04 11 | 06
#0038-d312 @A: 20 27 31 23 | 08
#0039-d312 @A: 20 35 23 32 | 10
#0040-d312 @A: 01 20 11 23 | 11
#0041-d312 @A: 05 20 21 08 | 07
#0042-d312 @A: 22 12 20 31 | 01
#0043-d312 @A: 20 07 02 08 | 04
#0044-d312 @A: 20 09 12 11 | 12
#0045-d312 @A: 34 09 20 05 | 05
#0046-d312 @A: 33 06 24 20 | 02
#0047-d312 @A: 22 20 07 29 | 03
#0048-d312 @A: 30 11 20 05 | 09
#0049-d312 @A: 27 10 20 14 | 06
#0050-d312 @A: 15 33 20 01 | 08
#0051-d312 @A: 01 20 22 34 | 10
#0052-d312 @A: 04 25 28 32 | 11
#0053-d312 @A: 28 30 01 04 | 07
#0054-d312 @A: 28 11 33 23 | 01
#0055-d312 @A: 08 31 21 28 | 04
#0056-d312 @A: 06 28 29 21 | 12
#0057-d312 @A: 27 06 31 28 | 05
#0058-d312 @A: 09 03 08 28 | 02
#0059-d312 @A: 08 28 33 10 | 03
#0060-d312 @A: 07 33 28 24 | 09
#0061-d312 @A: 11 28 24 15 | 06
#0062-d312 @A: 10 05 24 28 | 08
#0063-d312 @A: 06 13 28 05 | 10
#0064-d312 @A: 16 11 30 28 | 11
#0065-d312 @A: 16 14 05 28 | 07
#0066-d312 @A: 15 28 27 25 | 01
#0067-d312 @A: 29 17 28 18 | 04
#0068-d312 @A: 34 22 12 28 | 12
#0069-d312 @A: 08 04 23 29 | 05
#0070-d312 @A: 01 21 31 04 | 02
#0071-d312 @A: 03 04 08 32 | 03
#0072-d312 @A: 27 07 08 04 | 09
#0073-d312 @A: 14 04 08 05 | 06
#0074-d312 @A: 04 27 02 08 | 08
#0075-d312 @A: 16 32 04 24 | 10
#0076-d312 @A: 24 18 04 10 | 11
#0077-d312 @A: 22 04 35 10 | 07
#0078-d312 @A: 35 14 04 33 | 01
#0079-d312 @A: 15 17 04 12 | 04
#0080-d312 @A: 25 17 27 04 | 12
#0081-d312 @A: 02 23 21 08 | 05
#0082-d312 @A: 21 23 17 03 | 02
#0083-d312 @A: 08 02 34 23 | 03
#0084-d312 @A: 17 23 06 09 | 09
#0085-d312 @A: 23 05 09 02 | 06
#0086-d312 @A: 23 34 24 03 | 08
#0087-d312 @A: 05 30 35 23 | 10
#0088-d312 @A: 23 03 01 14 | 11
#0089-d312 @A: 03 22 16 23 | 07
#0090-d312 @A: 23 13 14 18 | 01
#0091-d312 @A: 27 23 22 29 | 04
#0092-d312 @A: 12 23 17 27 | 12
#0093-d312 @A: 13 02 22 23 | 05
#0094-d312 @A: 07 09 29 21 | 02
#0095-d312 @A: 15 09 21 30 | 03
#0096-d312 @A: 24 21 30 10 | 09
#0097-d312 @A: 02 12 21 06 | 06
#0098-d312 @A: 22 05 21 03 | 08
#0099-d312 @A: 21 16 25 15 | 10
#0100-d312 @A: 27 21 22 17 | 11
#0101-d312 @A: 31 17 08 32 | 07
#0102-d312 @A: 31 15 01 09 | 01
#0103-d312 @A: 29 18 07 31 | 04
#0104-d312 @A: 05 02 11 31 | 12
#0105-d312 @A: 13 31 01 05 | 05
#0106-d312 @A: 15 29 31 17 | 02
#0107-d312 @A: 27 15 31 34 | 03
#0108-d312 @A: 31 17 33 01 | 09
#0109-d312 @A: 31 01 22 27 | 06
#0110-d312 @A: 02 01 31 34 | 08
#0111-d312 @A: 08 06 09 24 | 10
#0112-d312 @A: 08 09 07 14 | 11
#0113-d312 @A: 08 29 35 11 | 07
#0114-d312 @A: 08 14 35 30 | 01
#0115-d312 @A: 11 05 08 15 | 04
#0116-d312 @A: 16 22 08 30 | 12
#0117-d312 @A: 18 12 01 08 | 05
#0118-d312 @A: 09 07 06 13 | 02
#0119-d312 @A: 10 06 09 01 | 03
#0120-d312 @A: 33 09 22 14 | 09
#0121-d312 @A: 17 22 18 09 | 06
#0122-d312 @A: 13 09 25 27 | 08
#0123-d312 @A: 25 09 13 02 | 10
#0124-d312 @A: 27 24 30 11 | 11
#0125-d312 @A: 01 24 18 05 | 07
#0126-d312 @A: 29 33 13 24 | 01
#0127-d312 @A: 32 06 22 02 | 04
#0128-d312 @A: 11 07 32 16 | 12
#0129-d312 @A: 07 14 32 30 | 05
#0130-d312 @A: 18 05 12 32 | 02
#0131-d312 @A: 16 32 02 18 | 03
#0132-d312 @A: 03 35 16 17 | 09
#0133-d312 @A: 29 35 16 14 | 06
#0134-d312 @A: 14 22 12 35 | 08
#0135-d312 @A: 06 07 11 03 | 10
#0136-d312 @A: 06 27 30 14 | 11
#0137-d312 @A: 29 17 25 06 | 07
#0138-d312 @A: 25 07 02 03 | 01
#0139-d312 @A: 27 22 05 07 | 04
#0140-d312 @A: 15 14 29 07 | 12
#0141-d312 @A: 14 07 13 34 | 05
#0142-d312 @A: 07 13 15 01 | 02
#0143-d312 @A: 12 22 07 15 | 03
#0144-d312 @A: 11 12 33 10 | 09
#0145-d312 @A: 03 05 16 11 | 06
#0146-d312 @A: 25 03 11 15 | 08
#0147-d312 @A: 13 03 27 10 | 10
#0148-d312 @A: 05 10 12 34 | 11
#0149-d312 @A: 18 14 34 10 | 07
#0150-d312 @A: 10 22 29 17 | 01
#0151-d312 @A: 34 01 10 13 | 04
#0152-d312 @A: 17 15 03 30 | 12
#0153-d312 @A: 03 33 30 02 | 05
#0154-d312 @A: 17 18 05 30 | 02
#0155-d312 @A: 16 15 30 12 | 03
#0156-d312 @A: 22 27 30 13 | 09
#0157-d312 @A: 29 22 25 02 | 06
#0158-d312 @A: 20 21 31 26 | 08
#0159-d312 @A: 11 26 29 04 | 10
#0160-d312 @A: 26 10 14 04 | 11
#0161-d312 @A: 11 21 23 26 | 07
#0162-d312 @A: 26 23 30 12 | 01
#0163-d312 @A: 17 21 14 26 | 04
#0164-d312 @A: 21 13 15 26 | 12
#0165-d312 @A: 26 09 30 01 | 05
#0166-d312 @A: 26 03 15 14 | 02
#0167-d312 @A: 26 03 34 27 | 03
#0168-d312 @A: 19 18 28 13 | 09
#0169-d312 @A: 19 15 04 32 | 06
#0170-d312 @A: 15 10 21 19 | 08
#0171-d312 @A: 27 19 31 35 | 10
#0172-d312 @A: 19 08 27 12 | 11
#0173-d312 @A: 19 34 25 32 | 07
#0174-d312 @A: 19 10 16 06 | 01
#0175-d312 @A: 19 02 15 06 | 04
#0176-d312 @A: 07 34 02 19 | 12
#0177-d312 @A: 11 19 02 16 | 05
#0178-d312 @A: 13 05 29 19 | 02
#0179-d312 @A: 34 19 27 22 | 03
#0180-d312 @A: 20 07 28 09 | 09
#0181-d312 @A: 21 20 22 10 | 06
#0182-d312 @A: 01 20 08 09 | 08
#0183-d312 @A: 20 12 30 08 | 10
#0184-d312 @A: 29 24 05 20 | 11
#0185-d312 @A: 15 16 05 20 | 07
#0186-d312 @A: 13 17 20 29 | 01
#0187-d312 @A: 33 17 27 20 | 04
#0188-d312 @A: 22 27 16 20 | 12
#0189-d312 @A: 27 04 28 22 | 05
#0190-d312 @A: 23 14 28 07 | 02
#0191-d312 @A: 23 30 22 28 | 03
#0192-d312 @A: 28 09 21 18 | 09
#0193-d312 @A: 32 01 10 28 | 06
#0194-d312 @A: 12 06 28 17 | 08
#0195-d312 @A: 07 28 10 18 | 10
#0196-d312 @A: 28 29 15 30 | 11
#0197-d312 @A: 33 28 03 29 | 07
#0198-d312 @A: 17 25 28 14 | 01
#0199-d312 @A: 11 08 22 04 | 04
#0200-d312 @A: 32 35 17 04 | 12
#0201-d312 @A: 32 04 01 27 | 05
#0202-d312 @A: 35 04 05 11 | 02
#0203-d312 @A: 03 06 04 10 | 03
#0204-d312 @A: 04 18 22 07 | 09
#0205-d312 @A: 34 12 33 04 | 06
#0206-d312 @A: 23 16 21 35 | 08
#0207-d312 @A: 06 08 22 23 | 10
#0208-d312 @A: 09 23 29 24 | 11
#0209-d312 @A: 23 09 10 33 | 07
#0210-d312 @A: 14 23 25 32 | 01
#0211-d312 @A: 33 23 30 06 | 04
#0212-d312 @A: 23 07 13 30 | 12
#0213-d312 @A: 11 12 23 18 | 05
#0214-d312 @A: 23 30 18 16 | 02
#0215-d312 @A: 07 27 21 31 | 03
#0216-d312 @A: 35 08 21 33 | 09
#0217-d312 @A: 21 09 25 06 | 06
#0218-d312 @A: 11 21 14 09 | 08
#0219-d312 @A: 21 24 05 06 | 10
#0220-d312 @A: 14 21 03 32 | 11
#0221-d312 @A: 02 07 30 21 | 07
#0222-d312 @A: 01 10 05 21 | 01
#0223-d312 @A: 03 01 21 12 | 04
#0224-d312 @A: 03 21 13 34 | 12
#0225-d312 @A: 16 34 21 05 | 05
#0226-d312 @A: 21 29 01 13 | 02
#0227-d312 @A: 31 24 05 30 | 03
#0228-d312 @A: 11 14 31 01 | 09
#0229-d312 @A: 15 03 31 13 | 06
#0230-d312 @A: 08 22 24 32 | 08
#0231-d312 @A: 30 08 29 32 | 10
#0232-d312 @A: 12 03 08 05 | 11
#0233-d312 @A: 03 17 25 08 | 07
#0234-d312 @A: 18 08 13 05 | 01
#0235-d312 @A: 14 16 08 15 | 04
#0236-d312 @A: 08 15 29 02 | 12
#0237-d312 @A: 08 34 13 22 | 05
#0238-d312 @A: 32 09 16 35 | 02
#0239-d312 @A: 22 03 06 09 | 03
#0240-d312 @A: 29 22 09 01 | 09
#0241-d312 @A: 22 09 12 02 | 06
#0242-d312 @A: 32 24 34 07 | 08
#0243-d312 @A: 35 34 24 06 | 10
#0244-d312 @A: 14 35 18 24 | 11
#0245-d312 @A: 13 11 10 24 | 07
#0246-d312 @A: 25 24 16 11 | 01
#0247-d312 @A: 02 35 13 32 | 04
#0248-d312 @A: 10 02 32 14 | 12
#0249-d312 @A: 32 02 05 29 | 05
#0250-d312 @A: 14 01 32 34 | 02
#0251-d312 @A: 32 12 34 15 | 03
#0252-d312 @A: 32 25 29 33 | 09
#0253-d312 @A: 27 32 12 13 | 06
#0254-d312 @A: 06 16 35 30 | 08
#0255-d312 @A: 35 30 17 07 | 10
#0256-d312 @A: 02 11 35 30 | 11
#0257-d312 @A: 35 25 30 27 | 07
#0258-d312 @A: 22 15 35 27 | 01
#0259-d312 @A: 35 01 12 17 | 04
#0260-d312 @A: 06 07 27 34 | 12
#0261-d312 @A: 14 06 13 15 | 05
#0262-d312 @A: 12 18 27 06 | 02
#0263-d312 @A: 07 15 03 05 | 03
#0264-d312 @A: 03 17 12 07 | 09
#0265-d312 @A: 15 07 17 27 | 06
#0266-d312 @A: 07 25 34 29 | 08
#0267-d312 @A: 12 30 03 11 | 10
#0268-d312 @A: 11 14 02 01 | 11
#0269-d312 @A: 17 13 33 11 | 07
#0270-d312 @A: 34 11 12 27 | 01
#0271-d312 @A: 03 33 17 10 | 04
#0272-d312 @A: 03 30 29 22 | 12
#0273-d312 @A: 13 01 30 03 | 05
#0274-d312 @A: 05 12 14 30 | 02
#0275-d312 @A: 30 29 34 05 | 03
#0276-d312 @A: 29 14 01 30 | 09
#0277-d312 @A: 34 13 03 02 | 06
#0278-d312 @A: 26 32 19 24 | 08
#0279-d312 @A: 19 14 26 33 | 10
#0280-d312 @A: 30 20 25 26 | 11
#0281-d312 @A: 26 28 23 29 | 07
#0282-d312 @A: 28 26 32 15 | 01
#0283-d312 @A: 26 35 28 27 | 04
#0284-d312 @A: 26 04 12 08 | 12
#0285-d312 @A: 32 26 23 03 | 05
#0286-d312 @A: 31 24 26 01 | 02
#0287-d312 @A: 05 31 06 26 | 03
#0288-d312 @A: 03 16 08 26 | 09
#0289-d312 @A: 26 17 32 09 | 06
#0290-d312 @A: 14 35 09 26 | 08
#0291-d312 @A: 02 26 15 09 | 10
#0292-d312 @A: 32 16 26 30 | 11
#0293-d312 @A: 01 32 29 26 | 07
#0294-d312 @A: 26 34 01 11 | 01
#0295-d312 @A: 25 29 26 03 | 04
#0296-d312 @A: 01 26 27 25 | 12
#0297-d312 @A: 34 26 17 12 | 05
#0298-d312 @A: 34 22 26 25 | 02
#0299-d312 @A: 20 19 24 27 | 03
#0300-d312 @A: 21 19 33 28 | 09
#0301-d312 @A: 15 19 28 08 | 06
#0302-d312 @A: 12 02 19 04 | 08
#0303-d312 @A: 23 10 19 27 | 10
#0304-d312 @A: 19 35 09 22 | 11
#0305-d312 @A: 24 02 19 14 | 07
#0306-d312 @A: 18 19 25 24 | 01
#0307-d312 @A: 30 35 19 33 | 04
#0308-d312 @A: 10 11 19 29 | 12
#0309-d312 @A: 22 15 13 19 | 05
#0310-d312 @A: 01 33 18 19 | 02
#0311-d312 @A: 20 33 18 28 | 03
#0312-d312 @A: 14 04 20 02 | 09
#0313-d312 @A: 21 20 01 06 | 06
#0314-d312 @A: 32 33 08 20 | 08
#0315-d312 @A: 29 20 10 08 | 10
#0316-d312 @A: 14 06 20 09 | 11
#0317-d312 @A: 30 33 09 20 | 07
#0318-d312 @A: 32 20 24 01 | 01
#0319-d312 @A: 24 17 30 20 | 04
#0320-d312 @A: 02 24 20 03 | 12
#0321-d312 @A: 35 20 01 30 | 05
#0322-d312 @A: 34 20 11 16 | 02
#0323-d312 @A: 15 07 28 04 | 03
#0324-d312 @A: 05 04 28 17 | 09
#0325-d312 @A: 24 28 23 16 | 06
#0326-d312 @A: 28 06 23 01 | 08
#0327-d312 @A: 11 02 21 28 | 10
#0328-d312 @A: 35 09 13 28 | 11
#0329-d312 @A: 28 16 27 09 | 07
#0330-d312 @A: 02 15 32 28 | 01
#0331-d312 @A: 28 16 25 07 | 04
#0332-d312 @A: 14 22 28 03 | 12
#0333-d312 @A: 09 23 04 14 | 05
#0334-d312 @A: 21 04 35 15 | 02
#0335-d312 @A: 04 22 21 34 | 03
#0336-d312 @A: 24 01 08 04 | 09
#0337-d312 @A: 27 09 06 04 | 06
#0338-d312 @A: 07 06 29 04 | 08
#0339-d312 @A: 04 14 16 11 | 10
#0340-d312 @A: 13 03 04 16 | 11
#0341-d312 @A: 12 14 04 01 | 07
#0342-d312 @A: 13 15 04 25 | 01
#0343-d312 @A: 17 29 04 34 | 04
#0344-d312 @A: 32 23 16 08 | 12
#0345-d312 @A: 08 15 30 23 | 05
#0346-d312 @A: 08 23 05 34 | 02
#0347-d312 @A: 23 35 24 25 | 03
#0348-d312 @A: 06 10 23 15 | 09
#0349-d312 @A: 23 05 18 03 | 06
#0350-d312 @A: 12 22 05 23 | 08
#0351-d312 @A: 14 02 12 23 | 10
#0352-d312 @A: 29 12 13 23 | 11
#0353-d312 @A: 31 33 02 21 | 07
#0354-d312 @A: 21 08 11 12 | 01
#0355-d312 @A: 29 27 21 08 | 04
#0356-d312 @A: 21 09 35 02 | 12
#0357-d312 @A: 21 05 07 35 | 05
#0358-d312 @A: 07 14 21 06 | 02
#0359-d312 @A: 06 11 34 21 | 03
#0360-d312 @A: 22 21 11 29 | 09
#0361-d312 @A: 13 10 02 21 | 06
#0362-d312 @A: 08 31 30 27 | 08
#0363-d312 @A: 31 32 14 06 | 10
#0364-d312 @A: 31 30 34 17 | 11
#0365-d312 @A: 05 18 15 31 | 07
#0366-d312 @A: 31 14 13 02 | 01
#0367-d312 @A: 18 02 12 31 | 04
#0368-d312 @A: 30 24 08 34 | 12
#0369-d312 @A: 08 29 24 14 | 05
#0370-d312 @A: 08 10 02 06 | 02
#0371-d312 @A: 08 02 30 13 | 03
#0372-d312 @A: 08 13 01 14 | 09
#0373-d312 @A: 25 08 14 33 | 06
#0374-d312 @A: 17 13 08 16 | 08
#0375-d312 @A: 34 17 08 33 | 10
#0376-d312 @A: 15 09 32 07 | 11
#0377-d312 @A: 32 05 09 11 | 07
#0378-d312 @A: 25 32 09 10 | 01
#0379-d312 @A: 32 09 30 03 | 04
#0380-d312 @A: 09 35 29 30 | 12
#0381-d312 @A: 34 09 18 35 | 05
#0382-d312 @A: 27 14 09 15 | 02
#0383-d312 @A: 12 09 14 34 | 03
#0384-d312 @A: 24 27 06 32 | 09
#0385-d312 @A: 03 24 30 06 | 06
#0386-d312 @A: 07 25 24 10 | 08
#0387-d312 @A: 24 16 05 22 | 10
#0388-d312 @A: 24 18 33 16 | 11
#0389-d312 @A: 22 18 34 24 | 07
#0390-d312 @A: 12 24 01 22 | 01
#0391-d312 @A: 32 15 10 35 | 04
#0392-d312 @A: 01 35 32 13 | 12
#0393-d312 @A: 15 32 11 30 | 05
#0394-d312 @A: 05 32 15 13 | 02
#0395-d312 @A: 14 22 15 32 | 03
#0396-d312 @A: 07 35 03 14 | 09
#0397-d312 @A: 35 12 33 27 | 06
#0398-d312 @A: 01 07 05 34 | 08
#0399-d312 @A: 07 05 12 02 | 10
#0400-d312 @A: 16 07 27 12 | 11
#0401-d312 @A: 02 18 10 11 | 07
#0402-d312 @A: 13 22 03 11 | 01
#0403-d312 @A: 29 05 11 25 | 04
#0404-d312 @A: 11 13 02 33 | 12
#0405-d312 @A: 03 02 05 10 | 05
#0406-d312 @A: 03 01 10 15 | 02
#0407-d312 @A: 25 34 03 30 | 03
#0408-d312 @A: 30 25 14 16 | 09
#0409-d312 @A: 22 30 18 15 | 06
#0410-d312 @A: 18 30 25 13 | 08
#0411-d312 @A: 01 34 16 30 | 10
#0412-d312 @A: 02 16 17 15 | 11
#0413-d312 @A: 01 02 29 17 | 07
#0414-d312 @A: 19 26 18 15 | 01
#0415-d312 @A: 08 26 20 27 | 04
#0416-d312 @A: 20 33 34 26 | 12
#0417-d312 @A: 28 16 26 02 | 05
#0418-d312 @A: 23 01 26 04 | 02
#0419-d312 @A: 04 26 34 31 | 03
#0420-d312 @A: 27 23 06 26 | 09
#0421-d312 @A: 17 26 08 02 | 06
#0422-d312 @A: 26 05 32 10 | 08
#0423-d312 @A: 06 35 01 26 | 10
#0424-d312 @A: 26 22 02 11 | 11
#0425-d312 @A: 26 05 30 03 | 07
#0426-d312 @A: 05 26 12 16 | 01
#0427-d312 @A: 29 15 33 26 | 04
#0428-d312 @A: 02 33 12 26 | 12
#0429-d312 @A: 28 19 20 03 | 05
#0430-d312 @A: 20 13 19 02 | 02
#0431-d312 @A: 28 35 19 23 | 03
#0432-d312 @A: 28 06 19 22 | 09
#0433-d312 @A: 19 18 28 02 | 06
#0434-d312 @A: 22 19 23 04 | 08
#0435-d312 @A: 03 06 19 23 | 10
#0436-d312 @A: 23 19 15 25 | 11
#0437-d312 @A: 19 31 09 25 | 07
#0438-d312 @A: 14 10 19 31 | 01
#0439-d312 @A: 18 19 30 31 | 04
#0440-d312 @A: 18 09 10 19 | 12
#0441-d312 @A: 35 17 19 24 | 05
#0442-d312 @A: 34 03 15 19 | 02
#0443-d312 @A: 05 19 34 17 | 03
#0444-d312 @A: 29 19 01 15 | 09
#0445-d312 @A: 17 19 01 13 | 06
#0446-d312 @A: 34 20 24 28 | 08
#0447-d312 @A: 24 12 20 04 | 10
#0448-d312 @A: 09 21 20 16 | 11
#0449-d312 @A: 07 17 20 21 | 07
#0450-d312 @A: 03 10 09 20 | 01
#0451-d312 @A: 32 20 17 10 | 04
#0452-d312 @A: 18 20 32 30 | 12
#0453-d312 @A: 29 25 14 20 | 05
#0454-d312 @A: 20 18 01 14 | 02
#0455-d312 @A: 15 01 02 20 | 03
#0456-d312 @A: 16 02 33 20 | 09
#0457-d312 @A: 28 04 09 31 | 06
#0458-d312 @A: 23 21 28 15 | 08
#0459-d312 @A: 02 23 28 29 | 10
#0460-d312 @A: 06 09 28 15 | 11
#0461-d312 @A: 28 10 06 14 | 07
#0462-d312 @A: 28 30 02 14 | 01
#0463-d312 @A: 12 14 18 28 | 04
#0464-d312 @A: 16 28 29 22 | 12
#0465-d312 @A: 12 16 13 28 | 05
#0466-d312 @A: 10 04 25 31 | 02
#0467-d312 @A: 22 04 14 31 | 03
#0468-d312 @A: 08 30 04 33 | 09
#0469-d312 @A: 04 30 09 10 | 06
#0470-d312 @A: 09 18 04 03 | 08
#0471-d312 @A: 13 24 06 04 | 10
#0472-d312 @A: 11 24 34 04 | 11
#0473-d312 @A: 18 35 04 30 | 07
#0474-d312 @A: 04 06 30 05 | 01
#0475-d312 @A: 33 04 10 07 | 04
#0476-d312 @A: 04 05 07 16 | 12
#0477-d312 @A: 03 04 29 12 | 05
#0478-d312 @A: 16 15 04 22 | 02
#0479-d312 @A: 13 12 18 04 | 03
#0480-d312 @A: 13 04 25 02 | 09
#0481-d312 @A: 31 23 34 11 | 06
#0482-d312 @A: 08 09 23 13 | 08
#0483-d312 @A: 08 23 01 07 | 10
#0484-d312 @A: 23 24 13 05 | 11
#0485-d312 @A: 32 23 10 13 | 07
#0486-d312 @A: 30 17 23 32 | 01
#0487-d312 @A: 23 06 11 02 | 04
#0488-d312 @A: 27 05 23 14 | 12
#0489-d312 @A: 05 33 01 23 | 05
#0490-d312 @A: 12 23 15 14 | 02
#0491-d312 @A: 34 15 23 16 | 03
#0492-d312 @A: 22 17 13 23 | 09
#0493-d312 @A: 16 13 23 33 | 06
#0494-d312 @A: 21 31 32 25 | 08
#0495-d312 @A: 21 08 17 15 | 10
#0496-d312 @A: 21 25 08 34 | 11
#0497-d312 @A: 22 14 18 21 | 07
#0498-d312 @A: 21 29 18 25 | 01
#0499-d312 @A: 25 17 01 21 | 04
#0500-d312 @A: 31 03 02 08 | 12
#0501-d312 @A: 12 30 09 31 | 05
#0502-d312 @A: 27 31 05 11 | 02
#0503-d312 @A: 33 14 03 31 | 03
#0504-d312 @A: 31 03 25 16 | 09
#0505-d312 @A: 33 31 22 15 | 06
#0506-d312 @A: 13 08 32 07 | 08
#0507-d312 @A: 08 11 32 02 | 10
#0508-d312 @A: 27 08 32 10 | 11
#0509-d312 @A: 15 01 08 32 | 07
#0510-d312 @A: 18 16 08 10 | 01
#0511-d312 @A: 16 29 25 08 | 04
#0512-d312 @A: 22 08 01 25 | 12
#0513-d312 @A: 35 09 05 15 | 05
#0514-d312 @A: 17 03 27 09 | 02
#0515-d312 @A: 24 22 11 35 | 03
#0516-d312 @A: 07 24 14 05 | 09
#0517-d312 @A: 24 02 18 29 | 06
#0518-d312 @A: 32 13 25 11 | 08
#0519-d312 @A: 32 22 16 10 | 10
#0520-d312 @A: 29 32 03 17 | 11
#0521-d312 @A: 16 12 32 25 | 07
#0522-d312 @A: 11 07 35 12 | 01
#0523-d312 @A: 35 11 10 16 | 04
#0524-d312 @A: 01 27 03 35 | 12
#0525-d312 @A: 14 15 17 35 | 05
#0526-d312 @A: 06 29 30 11 | 02
#0527-d312 @A: 13 06 33 03 | 03
#0528-d312 @A: 12 15 06 01 | 09
#0529-d312 @A: 18 22 29 06 | 06
#0530-d312 @A: 17 05 29 07 | 08
#0531-d312 @A: 01 27 33 07 | 10
#0532-d312 @A: 11 33 03 18 | 11
#0533-d312 @A: 12 11 29 15 | 07
#0534-d312 @A: 15 11 33 16 | 01
#0535-d312 @A: 10 14 03 29 | 04
#0536-d312 @A: 22 10 15 25 | 12
#0537-d312 @A: 27 18 10 22 | 05
#0538-d312 @A: 02 34 10 25 | 02
#0539-d312 @A: 30 05 02 16 | 03
#0540-d312 @A: 30 22 34 14 | 09
#0541-d312 @A: 30 18 29 27 | 06
#0542-d312 @A: 30 33 29 16 | 08
#0543-d312 @A: 03 34 02 29 | 10
#0544-d312 @A: 02 05 25 01 | 11
#0545-d312 @A: 33 15 02 25 | 07
#0546-d312 @A: 28 20 05 26 | 01
#0547-d312 @A: 26 22 24 28 | 04
#0548-d312 @A: 26 28 06 03 | 12
#0549-d312 @A: 24 05 26 04 | 05
#0550-d312 @A: 04 02 26 35 | 02
#0551-d312 @A: 18 26 17 04 | 03
#0552-d312 @A: 06 26 18 21 | 09
#0553-d312 @A: 25 10 26 21 | 06
#0554-d312 @A: 08 30 10 26 | 08
#0555-d312 @A: 09 26 06 34 | 10
#0556-d312 @A: 26 18 35 10 | 11
#0557-d312 @A: 26 03 06 02 | 07
#0558-d312 @A: 30 33 26 07 | 01
#0559-d312 @A: 01 26 03 18 | 04
#0560-d312 @A: 26 03 17 13 | 12
#0561-d312 @A: 26 22 03 33 | 05
#0562-d312 @A: 05 26 14 13 | 02
#0563-d312 @A: 22 05 26 01 | 03
#0564-d312 @A: 15 27 26 16 | 09
#0565-d312 @A: 29 26 22 12 | 06
#0566-d312 @A: 09 19 28 05 | 08
#0567-d312 @A: 25 04 19 08 | 10
#0568-d312 @A: 19 29 04 24 | 11
#0569-d312 @A: 07 17 08 19 | 07
#0570-d312 @A: 11 08 19 16 | 01
#0571-d312 @A: 34 33 09 19 | 04
#0572-d312 @A: 22 30 19 24 | 12
#0573-d312 @A: 19 32 17 27 | 05
#0574-d312 @A: 10 03 19 05 | 02
#0575-d312 @A: 30 05 19 01 | 03
#0576-d312 @A: 02 25 19 30 | 09
#0577-d312 @A: 03 01 19 22 | 06
#0578-d312 @A: 14 19 15 05 | 08
#0579-d312 @A: 12 17 19 14 | 10
#0580-d312 @A: 15 19 33 27 | 11
#0581-d312 @A: 34 12 01 19 | 07
#0582-d312 @A: 13 20 10 04 | 01
#0583-d312 @A: 23 20 09 18 | 04
#0584-d312 @A: 20 02 05 21 | 12
#0585-d312 @A: 20 34 12 21 | 05
#0586-d312 @A: 07 06 31 20 | 02
#0587-d312 @A: 20 25 03 32 | 03
#0588-d312 @A: 35 27 20 06 | 09
#0589-d312 @A: 20 34 07 35 | 06
#0590-d312 @A: 35 05 10 20 | 08
#0591-d312 @A: 17 20 16 18 | 10
#0592-d312 @A: 22 33 20 13 | 11
#0593-d312 @A: 25 20 12 13 | 07
#0594-d312 @A: 04 28 08 13 | 01
#0595-d312 @A: 32 28 08 18 | 04
#0596-d312 @A: 28 22 09 32 | 12
#0597-d312 @A: 09 28 33 25 | 05
#0598-d312 @A: 28 16 33 35 | 02
#0599-d312 @A: 28 15 22 05 | 03
#0600-d312 @A: 27 28 05 33 | 09
#0601-d312 @A: 13 28 15 17 | 06
#0602-d312 @A: 12 15 28 33 | 08
#0603-d312 @A: 01 28 25 34 | 10
#0604-d312 @A: 23 04 21 12 | 11
#0605-d312 @A: 16 04 31 23 | 07
#0606-d312 @A: 04 03 23 11 | 01
#0607-d312 @A: 04 23 10 05 | 04
#0608-d312 @A: 21 06 04 08 | 12
#0609-d312 @A: 02 01 21 04 | 05
#0610-d312 @A: 11 31 18 04 | 02
#0611-d312 @A: 04 34 32 30 | 03
#0612-d312 @A: 06 04 25 35 | 09
#0613-d312 @A: 04 07 11 25 | 06
#0614-d312 @A: 15 10 29 04 | 08
#0615-d312 @A: 04 03 14 25 | 10
#0616-d312 @A: 01 25 04 18 | 11
#0617-d312 @A: 13 01 22 04 | 07
#0618-d312 @A: 27 09 21 23 | 01
#0619-d312 @A: 34 23 30 21 | 04
#0620-d312 @A: 17 24 31 23 | 12
#0621-d312 @A: 09 15 23 03 | 05
#0622-d312 @A: 27 32 23 15 | 02
#0623-d312 @A: 23 11 27 35 | 03
#0624-d312 @A: 07 23 22 10 | 09
#0625-d312 @A: 02 17 07 23 | 06
#0626-d312 @A: 23 10 18 01 | 08
#0627-d312 @A: 23 27 18 34 | 10
#0628-d312 @A: 01 13 27 23 | 11
#0629-d312 @A: 13 09 32 21 | 07
#0630-d312 @A: 21 32 35 27 | 01
#0631-d312 @A: 21 25 35 11 | 04
#0632-d312 @A: 06 21 10 17 | 12
#0633-d312 @A: 12 21 07 25 | 05
#0634-d312 @A: 13 16 21 14 | 02
#0635-d312 @A: 21 14 16 02 | 03
#0636-d312 @A: 13 35 31 08 | 09
#0637-d312 @A: 29 31 11 09 | 06
#0638-d312 @A: 31 15 24 32 | 08
#0639-d312 @A: 11 03 24 31 | 10
#0640-d312 @A: 07 11 13 31 | 11
#0641-d312 @A: 31 10 01 07 | 07
#0642-d312 @A: 31 14 05 34 | 01
#0643-d312 @A: 12 17 18 31 | 04
#0644-d312 @A: 25 33 18 31 | 12
#0645-d312 @A: 33 02 08 09 | 05
#0646-d312 @A: 12 09 08 25 | 02
#0647-d312 @A: 01 35 08 10 | 03
#0648-d312 @A: 10 06 13 08 | 09
#0649-d312 @A: 05 07 10 08 | 06
#0650-d312 @A: 11 10 03 08 | 08
#0651-d312 @A: 08 17 11 01 | 10
#0652-d312 @A: 13 08 03 29 | 11
#0653-d312 @A: 08 02 05 14 | 07
#0654-d312 @A: 08 05 33 22 | 01
#0655-d312 @A: 22 29 08 15 | 04
#0656-d312 @A: 22 08 17 12 | 12
#0657-d312 @A: 08 34 16 27 | 05
#0658-d312 @A: 10 35 09 17 | 02
#0659-d312 @A: 09 33 03 07 | 03
#0660-d312 @A: 33 01 09 13 | 09
#0661-d312 @A: 12 17 33 09 | 06
#0662-d312 @A: 22 27 12 09 | 08
#0663-d312 @A: 18 24 32 29 | 10
#0664-d312 @A: 34 24 02 32 | 11
#0665-d312 @A: 13 16 35 24 | 07
#0666-d312 @A: 24 06 11 01 | 01
#0667-d312 @A: 24 06 17 02 | 04
#0668-d312 @A: 11 29 07 24 | 12
#0669-d312 @A: 12 24 30 33 | 05
#0670-d312 @A: 03 18 12 24 | 02
#0671-d312 @A: 01 24 34 27 | 03
#0672-d312 @A: 17 24 25 33 | 09
#0673-d312 @A: 24 16 25 02 | 06
#0674-d312 @A: 30 32 35 12 | 08
#0675-d312 @A: 25 15 32 18 | 10
#0676-d312 @A: 33 18 32 27 | 11
#0677-d312 @A: 12 06 35 13 | 07
#0678-d312 @A: 13 11 35 30 | 01
#0679-d312 @A: 35 22 05 17 | 04
#0680-d312 @A: 17 35 29 27 | 12
#0681-d312 @A: 27 35 16 18 | 05
#0682-d312 @A: 07 33 05 06 | 02
#0683-d312 @A: 06 14 03 12 | 03
#0684-d312 @A: 13 18 06 01 | 09
#0685-d312 @A: 06 34 12 16 | 06
#0686-d312 @A: 34 02 16 06 | 08
#0687-d312 @A: 18 27 07 03 | 10
#0688-d312 @A: 22 07 14 17 | 11
#0689-d312 @A: 33 15 07 25 | 07
#0690-d312 @A: 07 27 15 02 | 01
#0691-d312 @A: 18 34 12 07 | 04
#0692-d312 @A: 07 13 16 22 | 12
#0693-d312 @A: 07 34 22 33 | 05
#0694-d312 @A: 14 22 11 25 | 02
#0695-d312 @A: 11 27 01 15 | 03
#0696-d312 @A: 29 34 33 11 | 09
#0697-d312 @A: 29 30 10 13 | 06
#0698-d312 @A: 01 27 17 10 | 08
#0699-d312 @A: 13 22 12 10 | 10
#0700-d312 @A: 33 05 30 25 | 11
#0701-d312 @A: 25 01 15 30 | 07
#0702-d312 @A: 19 17 31 26 | 01
#0703-d312 @A: 01 10 26 20 | 04
#0704-d312 @A: 10 28 26 13 | 12
#0705-d312 @A: 21 12 26 35 | 05
#0706-d312 @A: 09 03 31 26 | 02
#0707-d312 @A: 26 24 33 08 | 03
#0708-d312 @A: 14 24 25 26 | 09
#0709-d312 @A: 26 02 07 10 | 06
#0710-d312 @A: 26 12 10 03 | 08
#0711-d312 @A: 33 26 17 05 | 10
#0712-d312 @A: 26 13 02 15 | 11
#0713-d312 @A: 12 26 25 15 | 07
#0714-d312 @A: 11 28 19 31 | 01
#0715-d312 @A: 10 25 19 28 | 04
#0716-d312 @A: 19 12 28 30 | 12
#0717-d312 @A: 30 16 04 19 | 05
#0718-d312 @A: 19 32 23 18 | 02
#0719-d312 @A: 23 30 14 19 | 03
#0720-d312 @A: 21 03 19 09 | 09
#0721-d312 @A: 27 19 06 21 | 06
#0722-d312 @A: 27 30 19 09 | 08
#0723-d312 @A: 19 27 02 09 | 10
#0724-d312 @A: 30 32 19 10 | 11
#0725-d312 @A: 30 19 11 25 | 07
#0726-d312 @A: 19 14 34 11 | 01
#0727-d312 @A: 33 19 12 05 | 04
#0728-d312 @A: 19 22 33 16 | 12
#0729-d312 @A: 23 20 02 31 | 05
#0730-d312 @A: 20 31 08 34 | 02
#0731-d312 @A: 31 18 20 10 | 03
#0732-d312 @A: 05 20 32 07 | 09
#0733-d312 @A: 17 35 11 20 | 06
#0734-d312 @A: 20 22 18 35 | 08
#0735-d312 @A: 07 18 20 25 | 10
#0736-d312 @A: 02 20 25 11 | 11
#0737-d312 @A: 20 34 17 14 | 07
#0738-d312 @A: 27 01 29 20 | 01
#0739-d312 @A: 16 33 25 20 | 04
#0740-d312 @A: 23 28 04 18 | 12
#0741-d312 @A: 28 21 14 04 | 05
#0742-d312 @A: 29 35 04 28 | 02
#0743-d312 @A: 17 10 23 28 | 03
#0744-d312 @A: 21 07 28 01 | 09
#0745-d312 @A: 28 11 05 21 | 06
#0746-d312 @A: 03 28 10 21 | 08
#0747-d312 @A: 28 25 21 30 | 10
#0748-d312 @A: 22 10 28 31 | 11
#0749-d312 @A: 30 09 14 28 | 07
#0750-d312 @A: 32 03 28 11 | 01
#0751-d312 @A: 07 06 28 35 | 04
#0752-d312 @A: 28 34 06 30 | 12
#0753-d312 @A: 11 28 07 22 | 05
#0754-d312 @A: 05 28 07 30 | 02
#0755-d312 @A: 10 28 15 34 | 03
#0756-d312 @A: 05 28 03 34 | 09
#0757-d312 @A: 01 17 03 28 | 06
#0758-d312 @A: 14 34 29 28 | 08
#0759-d312 @A: 14 01 28 33 | 10
#0760-d312 @A: 28 27 34 17 | 11
#0761-d312 @A: 04 35 23 13 | 07
#0762-d312 @A: 09 05 21 04 | 01
#0763-d312 @A: 04 08 09 17 | 04
#0764-d312 @A: 24 27 04 35 | 12
#0765-d312 @A: 17 07 04 24 | 05
#0766-d312 @A: 04 02 33 24 | 02
#0767-d312 @A: 01 11 04 10 | 03
#0768-d312 @A: 04 11 03 02 | 09
#0769-d312 @A: 18 21 08 23 | 06
#0770-d312 @A: 24 23 32 21 | 08
#0771-d312 @A: 31 23 18 06 | 10
#0772-d312 @A: 30 31 23 29 | 11
#0773-d312 @A: 35 23 03 08 | 07
#0774-d312 @A: 16 23 11 09 | 01
#0775-d312 @A: 23 06 16 07 | 04
#0776-d312 @A: 03 33 23 12 | 12
#0777-d312 @A: 05 16 23 29 | 05
#0778-d312 @A: 23 34 14 33 | 02
#0779-d312 @A: 01 22 23 15 | 03
#0780-d312 @A: 01 25 23 29 | 09
#0781-d312 @A: 33 23 02 01 | 06
#0782-d312 @A: 21 03 31 29 | 08
#0783-d312 @A: 08 22 21 09 | 10
#0784-d312 @A: 06 16 32 21 | 11
#0785-d312 @A: 17 34 18 21 | 07
#0786-d312 @A: 08 31 18 24 | 01
#0787-d312 @A: 31 25 08 11 | 04
#0788-d312 @A: 09 31 32 18 | 12
#0789-d312 @A: 09 31 17 07 | 05
#0790-d312 @A: 11 33 35 31 | 02
#0791-d312 @A: 06 01 31 29 | 03
#0792-d312 @A: 31 10 11 15 | 09
#0793-d312 @A: 15 31 14 25 | 06
#0794-d312 @A: 25 01 31 12 | 08
#0795-d312 @A: 09 10 08 15 | 10
#0796-d312 @A: 24 08 10 17 | 11
#0797-d312 @A: 08 15 25 24 | 07
#0798-d312 @A: 17 35 08 06 | 01
#0799-d312 @A: 07 22 35 08 | 04
#0800-d312 @A: 05 08 01 16 | 12
#0801-d312 @A: 29 33 09 05 | 05
#0802-d312 @A: 17 15 16 09 | 02
#0803-d312 @A: 32 33 11 24 | 03
#0804-d312 @A: 30 35 24 15 | 09
#0805-d312 @A: 17 14 24 03 | 06
#0806-d312 @A: 16 01 03 24 | 08
#0807-d312 @A: 13 02 05 24 | 10
#0808-d312 @A: 24 34 25 05 | 11
#0809-d312 @A: 32 06 22 35 | 07
#0810-d312 @A: 03 06 15 32 | 01
#0811-d312 @A: 32 10 07 03 | 04
#0812-d312 @A: 01 22 18 32 | 12
#0813-d312 @A: 22 32 25 27 | 05
#0814-d312 @A: 18 06 35 15 | 02
#0815-d312 @A: 35 15 02 10 | 03
#0816-d312 @A: 10 25 29 35 | 09
#0817-d312 @A: 27 35 13 05 | 06
#0818-d312 @A: 35 34 05 33 | 08
#0819-d312 @A: 35 34 14 27 | 10
#0820-d312 @A: 34 13 17 35 | 11
#0821-d312 @A: 11 05 10 06 | 07
#0822-d312 @A: 06 11 22 17 | 01
#0823-d312 @A: 27 06 10 25 | 04
#0824-d312 @A: 06 05 16 17 | 12
#0825-d312 @A: 06 18 25 02 | 05
#0826-d312 @A: 07 33 18 14 | 02
#0827-d312 @A: 17 13 07 25 | 03
#0828-d312 @A: 11 12 13 14 | 09
#0829-d312 @A: 01 11 27 02 | 06
#0830-d312 @A: 12 11 22 16 | 08
#0831-d312 @A: 30 10 01 33 | 10
#0832-d312 @A: 10 30 25 17 | 11
#0833-d312 @A: 10 29 34 16 | 07
#0834-d312 @A: 10 12 17 16 | 01
#0835-d312 @A: 30 12 15 02 | 04
#0836-d312 @A: 33 18 34 30 | 12
#0837-d312 @A: 01 30 12 27 | 05
#0838-d312 @A: 33 05 27 02 | 02
#0839-d312 @A: 19 11 26 03 | 03
#0840-d312 @A: 33 21 09 26 | 09
#0841-d312 @A: 33 26 31 10 | 06
#0842-d312 @A: 34 30 35 26 | 08
#0843-d312 @A: 30 14 26 11 | 10
#0844-d312 @A: 34 14 16 26 | 11
#0845-d312 @A: 02 26 25 14 | 07
#0846-d312 @A: 16 25 17 26 | 01
#0847-d312 @A: 33 27 26 13 | 04
#0848-d312 @A: 20 08 19 14 | 12
#0849-d312 @A: 20 19 07 01 | 05
#0850-d312 @A: 30 19 20 34 | 02
#0851-d312 @A: 24 14 28 19 | 03
#0852-d312 @A: 28 17 16 19 | 09
#0853-d312 @A: 01 09 04 19 | 06
#0854-d312 @A: 19 33 11 04 | 08
#0855-d312 @A: 23 01 21 19 | 10
#0856-d312 @A: 19 11 23 05 | 11
#0857-d312 @A: 19 23 13 34 | 07
#0858-d312 @A: 31 22 19 21 | 01
#0859-d312 @A: 31 19 34 24 | 04
#0860-d312 @A: 16 19 31 32 | 12
#0861-d312 @A: 08 09 29 19 | 05
#0862-d312 @A: 08 34 19 06 | 02
#0863-d312 @A: 01 02 19 08 | 03
#0864-d312 @A: 09 19 12 15 | 09
#0865-d312 @A: 32 19 06 01 | 06
#0866-d312 @A: 17 19 02 35 | 08
#0867-d312 @A: 19 27 13 11 | 10
#0868-d312 @A: 05 19 18 16 | 11
#0869-d312 @A: 21 20 27 28 | 07
#0870-d312 @A: 04 22 20 32 | 01
#0871-d312 @A: 34 04 03 20 | 04
#0872-d312 @A: 23 22 24 20 | 12
#0873-d312 @A: 23 30 20 03 | 05
#0874-d312 @A: 15 21 32 20 | 02
#0875-d312 @A: 21 03 20 11 | 03
#0876-d312 @A: 08 16 20 07 | 09
#0877-d312 @A: 20 09 27 32 | 06
#0878-d312 @A: 34 06 20 32 | 08
#0879-d312 @A: 20 03 06 17 | 10
#0880-d312 @A: 03 29 18 20 | 11
#0881-d312 @A: 32 23 28 05 | 07
#0882-d312 @A: 24 21 12 28 | 01
#0883-d312 @A: 28 13 21 22 | 04
#0884-d312 @A: 28 24 31 02 | 12
#0885-d312 @A: 31 28 15 35 | 05
#0886-d312 @A: 30 28 08 17 | 02
#0887-d312 @A: 33 06 28 32 | 03
#0888-d312 @A: 32 07 28 12 | 09
#0889-d312 @A: 29 28 05 01 | 06
#0890-d312 @A: 16 28 18 34 | 08
#0891-d312 @A: 33 22 28 17 | 10
#0892-d312 @A: 30 04 27 23 | 11
#0893-d312 @A: 17 23 04 33 | 07
#0894-d312 @A: 24 04 21 25 | 01
#0895-d312 @A: 21 04 27 10 | 04
#0896-d312 @A: 09 02 06 04 | 12
#0897-d312 @A: 04 12 06 22 | 05
#0898-d312 @A: 04 17 22 03 | 02
#0899-d312 @A: 33 04 05 13 | 03
#0900-d312 @A: 04 05 25 12 | 09
#0901-d312 @A: 13 14 04 17 | 06
#0902-d312 @A: 31 09 23 22 | 08
#0903-d312 @A: 33 32 31 23 | 10
#0904-d312 @A: 23 03 10 31 | 11
#0905-d312 @A: 25 10 23 08 | 07
#0906-d312 @A: 06 35 29 23 | 01
#0907-d312 @A: 11 23 07 17 | 04
#0908-d312 @A: 10 11 30 23 | 12
#0909-d312 @A: 23 34 01 17 | 05
#0910-d312 @A: 11 21 31 17 | 02
#0911-d312 @A: 16 31 21 10 | 03
#0912-d312 @A: 08 07 21 03 | 09
#0913-d312 @A: 30 08 21 13 | 06
#0914-d312 @A: 10 32 21 33 | 08
#0915-d312 @A: 21 14 05 25 | 10
#0916-d312 @A: 21 29 17 33 | 11
#0917-d312 @A: 13 18 27 21 | 07
#0918-d312 @A: 27 33 21 34 | 01
#0919-d312 @A: 21 02 25 27 | 04
#0920-d312 @A: 31 22 32 07 | 12
#0921-d312 @A: 06 11 31 12 | 05
#0922-d312 @A: 10 34 06 31 | 02
#0923-d312 @A: 08 05 09 30 | 03
#0924-d312 @A: 05 08 32 06 | 09
#0925-d312 @A: 15 13 12 08 | 06
#0926-d312 @A: 29 18 33 08 | 08
#0927-d312 @A: 29 34 08 01 | 10
#0928-d312 @A: 12 08 16 33 | 11
#0929-d312 @A: 12 09 32 24 | 07
#0930-d312 @A: 24 11 09 18 | 01
#0931-d312 @A: 32 07 09 02 | 04
#0932-d312 @A: 16 07 10 09 | 12
#0933-d312 @A: 10 09 22 11 | 05
#0934-d312 @A: 09 01 11 25 | 02
#0935-d312 @A: 13 09 30 17 | 03
#0936-d312 @A: 25 09 16 05 | 09
#0937-d312 @A: 16 29 02 09 | 06
#0938-d312 @A: 27 29 09 34 | 08
#0939-d312 @A: 15 06 07 24 | 10
#0940-d312 @A: 29 24 06 10 | 11
#0941-d312 @A: 17 24 11 05 | 07
#0942-d312 @A: 03 05 24 33 | 01
#0943-d312 @A: 15 24 12 05 | 04
#0944-d312 @A: 24 14 12 16 | 12
#0945-d312 @A: 33 32 34 03 | 05
#0946-d312 @A: 03 12 32 02 | 02
#0947-d312 @A: 14 05 32 29 | 03
#0948-d312 @A: 29 16 32 15 | 09
#0949-d312 @A: 33 17 32 15 | 06
#0950-d312 @A: 29 13 32 22 | 08
#0951-d312 @A: 18 13 32 17 | 10
#0952-d312 @A: 14 16 35 02 | 11
#0953-d312 @A: 02 35 27 22 | 07
#0954-d312 @A: 18 03 34 06 | 01
#0955-d312 @A: 16 06 14 22 | 04
#0956-d312 @A: 06 29 13 34 | 12
#0957-d312 @A: 06 18 25 16 | 05
#0958-d312 @A: 13 07 12 05 | 02
#0959-d312 @A: 03 01 11 29 | 03
#0960-d312 @A: 12 17 25 11 | 09
#0961-d312 @A: 10 15 05 33 | 06
#0962-d312 @A: 05 10 13 25 | 08
#0963-d312 @A: 27 30 03 33 | 10
#0964-d312 @A: 05 27 15 30 | 11
#0965-d312 @A: 05 26 02 19 | 07
#0966-d312 @A: 24 35 26 20 | 01
#0967-d312 @A: 26 07 17 28 | 04
#0968-d312 @A: 26 28 11 25 | 12
#0969-d312 @A: 35 03 26 04 | 05
#0970-d312 @A: 26 18 23 24 | 02
#0971-d312 @A: 21 32 02 26 | 03
#0972-d312 @A: 27 21 26 30 | 09
#0973-d312 @A: 26 22 31 08 | 06
#0974-d312 @A: 31 26 16 11 | 08
#0975-d312 @A: 07 09 26 24 | 10
#0976-d312 @A: 24 26 29 30 | 11
#0977-d312 @A: 13 22 26 35 | 07
#0978-d312 @A: 17 26 11 10 | 01
#0979-d312 @A: 26 22 27 11 | 04
#0980-d312 @A: 34 05 26 15 | 12
#0981-d312 @A: 14 26 29 18 | 05
#0982-d312 @A: 12 14 26 27 | 02
#0983-d312 @A: 26 17 15 01 | 03
#0984-d312 @A: 26 18 01 02 | 09
#0985-d312 @A: 20 19 05 04 | 06
#0986-d312 @A: 20 21 25 19 | 08
#0987-d312 @A: 11 19 20 22 | 10
#0988-d312 @A: 28 19 32 29 | 11
#0989-d312 @A: 19 35 12 04 | 07
#0990-d312 @A: 13 07 19 04 | 01
#0991-d312 @A: 19 23 24 33 | 04
#0992-d312 @A: 08 32 21 19 | 12
#0993-d312 @A: 03 21 19 02 | 05
#0994-d312 @A: 21 19 16 29 | 02
#0995-d312 @A: 19 02 31 32 | 03
#0996-d312 @A: 24 19 08 05 | 09
#0997-d312 @A: 19 18 35 08 | 06
#0998-d312 @A: 24 19 09 13 | 08
#0999-d312 @A: 11 35 01 19 | 10
#1000-d312 @A: 19 13 10 35 | 11
#1001-d312 @A: 27 29 03 19 | 07
#1002-d312 @A: 03 19 17 18 | 01
#1003-d312 @A: 02 29 33 19 | 04
#1004-d312 @A: 29 20 28 11 | 12
#1005-d312 @A: 10 20 28 30 | 05
#1006-d312 @A: 28 20 12 01 | 02
#1007-d312 @A: 30 04 15 20 | 03
#1008-d312 @A: 16 20 10 24 | 09
#1009-d312 @A: 02 20 32 27 | 06
#1010-d312 @A: 20 35 33 03 | 08
#1011-d312 @A: 20 06 12 10 | 10
#1012-d312 @A: 02 30 06 20 | 11
#1013-d312 @A: 16 29 20 06 | 07
#1014-d312 @A: 20 11 33 07 | 01
#1015-d312 @A: 20 10 30 02 | 04
#1016-d312 @A: 13 20 30 14 | 12
#1017-d312 @A: 18 02 22 20 | 05
#1018-d312 @A: 12 17 20 02 | 02
#1019-d312 @A: 34 27 20 25 | 03
#1020-d312 @A: 28 03 04 24 | 09
#1021-d312 @A: 28 23 34 09 | 06
#1022-d312 @A: 28 35 08 24 | 08
#1023-d312 @A: 28 08 14 11 | 10
#1024-d312 @A: 28 35 03 02 | 11
#1025-d312 @A: 01 22 28 35 | 07
#1026-d312 @A: 28 27 11 10 | 01
#1027-d312 @A: 16 03 15 28 | 04
#1028-d312 @A: 25 13 29 28 | 12
#1029-d312 @A: 28 13 34 33 | 05
#1030-d312 @A: 34 33 28 02 | 02
#1031-d312 @A: 23 04 15 24 | 03
#1032-d312 @A: 07 04 32 23 | 09
#1033-d312 @A: 17 04 16 21 | 06
#1034-d312 @A: 04 15 02 31 | 08
#1035-d312 @A: 08 35 04 16 | 10
#1036-d312 @A: 22 09 24 04 | 11
#1037-d312 @A: 18 06 33 04 | 07
#1038-d312 @A: 04 05 01 15 | 01
#1039-d312 @A: 04 16 27 33 | 04
#1040-d312 @A: 27 04 13 34 | 12
#1041-d312 @A: 33 07 23 21 | 05
#1042-d312 @A: 11 23 32 22 | 02
#1043-d312 @A: 34 29 32 23 | 03
#1044-d312 @A: 14 10 35 23 | 09
#1045-d312 @A: 05 23 07 25 | 06
#1046-d312 @A: 17 23 14 16 | 08
#1047-d312 @A: 17 23 18 25 | 10
#1048-d312 @A: 12 34 23 25 | 11
#1049-d312 @A: 31 21 09 34 | 07
#1050-d312 @A: 31 21 13 24 | 01
#1051-d312 @A: 21 12 15 31 | 04
#1052-d312 @A: 09 17 24 21 | 12
#1053-d312 @A: 03 21 27 25 | 05
#1054-d312 @A: 33 21 05 18 | 02
#1055-d312 @A: 21 14 01 27 | 03
#1056-d312 @A: 18 15 21 02 | 09
#1057-d312 @A: 03 08 31 06 | 06
#1058-d312 @A: 16 24 07 31 | 08
#1059-d312 @A: 30 32 31 01 | 10
#1060-d312 @A: 03 35 22 31 | 11
#1061-d312 @A: 31 12 07 14 | 07
#1062-d312 @A: 02 07 16 31 | 01
#1063-d312 @A: 03 31 05 17 | 04
#1064-d312 @A: 25 22 31 05 | 12
#1065-d312 @A: 02 25 17 31 | 05
#1066-d312 @A: 08 11 33 09 | 02
#1067-d312 @A: 07 30 25 08 | 03
#1068-d312 @A: 15 08 03 27 | 09
#1069-d312 @A: 24 33 09 35 | 06
#1070-d312 @A: 24 27 05 09 | 08
#1071-d312 @A: 35 09 03 11 | 10
#1072-d312 @A: 09 18 30 06 | 11
#1073-d312 @A: 05 12 06 09 | 07
#1074-d312 @A: 18 05 07 09 | 01
#1075-d312 @A: 11 02 09 17 | 04
#1076-d312 @A: 10 09 13 14 | 12
#1077-d312 @A: 34 01 09 03 | 05
#1078-d312 @A: 09 13 12 03 | 02
#1079-d312 @A: 13 22 09 05 | 03
#1080-d312 @A: 24 06 18 17 | 09
#1081-d312 @A: 14 13 22 24 | 06
#1082-d312 @A: 34 12 24 29 | 08
#1083-d312 @A: 24 17 13 12 | 10
#1084-d312 @A: 11 32 35 18 | 11
#1085-d312 @A: 13 32 06 30 | 07
#1086-d312 @A: 25 07 01 32 | 01
#1087-d312 @A: 16 32 18 03 | 04
#1088-d312 @A: 27 14 16 32 | 12
#1089-d312 @A: 06 11 35 14 | 05
#1090-d312 @A: 05 35 25 03 | 02
#1091-d312 @A: 29 35 05 12 | 03
#1092-d312 @A: 01 29 18 35 | 09
#1093-d312 @A: 18 35 25 12 | 06
#1094-d312 @A: 25 33 01 35 | 08
#1095-d312 @A: 15 06 25 05 | 10
#1096-d312 @A: 14 06 25 34 | 11
#1097-d312 @A: 01 06 34 33 | 07
#1098-d312 @A: 22 25 07 03 | 01
#1099-d312 @A: 13 07 29 27 | 04
#1100-d312 @A: 11 15 02 34 | 12
#1101-d312 @A: 25 18 34 11 | 05
#1102-d312 @A: 11 27 33 25 | 02
#1103-d312 @A: 03 16 10 30 | 03
#1104-d312 @A: 05 17 14 10 | 09
#1105-d312 @A: 10 14 16 33 | 06
#1106-d312 @A: 10 29 33 27 | 08
#1107-d312 @A: 18 10 13 33 | 10
#1108-d312 @A: 01 25 16 10 | 11
#1109-d312 @A: 22 02 33 10 | 07
#1110-d312 @A: 33 13 30 15 | 01
#1111-d312 @A: 30 22 17 01 | 04
#1112-d312 @A: 33 15 14 02 | 12
#1113-d312 @A: 17 13 18 02 | 05
#1114-d312 @A: 01 13 12 02 | 02
#1115-d312 @A: 26 20 19 12 | 03
#1116-d312 @A: 19 01 26 28 | 09
#1117-d312 @A: 19 26 08 23 | 06
#1118-d312 @A: 07 22 26 19 | 08
#1119-d312 @A: 28 26 04 33 | 10
#1120-d312 @A: 26 18 30 28 | 11
#1121-d312 @A: 06 15 04 26 | 07
#1122-d312 @A: 23 09 26 05 | 01
#1123-d312 @A: 33 26 23 25 | 04
#1124-d312 @A: 12 32 31 26 | 12
#1125-d312 @A: 31 25 26 07 | 05
#1126-d312 @A: 26 05 35 08 | 02
#1127-d312 @A: 08 26 14 06 | 03
#1128-d312 @A: 17 29 26 08 | 09
#1129-d312 @A: 12 24 26 11 | 06
#1130-d312 @A: 26 11 15 35 | 08
#1131-d312 @A: 12 18 26 33 | 10
#1132-d312 @A: 19 18 06 20 | 11
#1133-d312 @A: 04 28 34 19 | 07
#1134-d312 @A: 11 19 21 24 | 01
#1135-d312 @A: 22 21 02 19 | 04
#1136-d312 @A: 01 19 08 31 | 12
#1137-d312 @A: 08 19 10 22 | 05
#1138-d312 @A: 19 32 35 03 | 02
#1139-d312 @A: 11 12 19 32 | 03
#1140-d312 @A: 35 19 16 34 | 09
#1141-d312 @A: 25 06 19 07 | 06
#1142-d312 @A: 15 11 19 17 | 08
#1143-d312 @A: 14 03 19 13 | 10
#1144-d312 @A: 19 27 05 25 | 11
#1145-d312 @A: 34 18 19 29 | 07
#1146-d312 @A: 25 16 13 19 | 01
#1147-d312 @A: 28 22 20 08 | 04
#1148-d312 @A: 04 20 08 18 | 12
#1149-d312 @A: 17 08 20 23 | 05
#1150-d312 @A: 09 20 13 31 | 02
#1151-d312 @A: 16 31 20 30 | 03
#1152-d312 @A: 05 20 33 31 | 09
#1153-d312 @A: 15 08 35 20 | 06
#1154-d312 @A: 09 25 20 22 | 08
#1155-d312 @A: 11 20 24 14 | 10
#1156-d312 @A: 06 20 15 11 | 11
#1157-d312 @A: 07 10 20 15 | 07
#1158-d312 @A: 11 25 20 10 | 01
#1159-d312 @A: 12 14 33 20 | 04
#1160-d312 @A: 29 34 15 20 | 12
#1161-d312 @A: 01 20 13 16 | 05
#1162-d312 @A: 32 21 34 28 | 02
#1163-d312 @A: 17 21 28 35 | 03
#1164-d312 @A: 28 30 31 33 | 09
#1165-d312 @A: 05 31 12 28 | 06
#1166-d312 @A: 28 16 31 01 | 08
#1167-d312 @A: 25 08 28 05 | 10
#1168-d312 @A: 35 28 18 05 | 11
#1169-d312 @A: 28 05 15 02 | 07
#1170-d312 @A: 13 14 28 27 | 01
#1171-d312 @A: 01 28 02 22 | 04
#1172-d312 @A: 21 04 29 32 | 12
#1173-d312 @A: 11 04 21 13 | 05
#1174-d312 @A: 03 04 21 30 | 02
#1175-d312 @A: 12 27 31 04 | 03
#1176-d312 @A: 09 15 11 04 | 09
#1177-d312 @A: 29 13 04 09 | 06
#1178-d312 @A: 24 14 04 30 | 08
#1179-d312 @A: 01 04 35 34 | 10
#1180-d312 @A: 30 12 07 04 | 11
#1181-d312 @A: 04 01 03 07 | 07
#1182-d312 @A: 04 05 22 29 | 01
#1183-d312 @A: 05 04 17 02 | 04
#1184-d312 @A: 04 15 18 27 | 12
#1185-d312 @A: 18 04 02 34 | 05
#1186-d312 @A: 23 31 35 01 | 02
#1187-d312 @A: 23 24 11 08 | 03
#1188-d312 @A: 24 07 27 23 | 09
#1189-d312 @A: 23 18 07 35 | 06
#1190-d312 @A: 03 07 23 29 | 08
#1191-d312 @A: 05 23 17 15 | 10
#1192-d312 @A: 06 33 21 31 | 11
#1193-d312 @A: 21 30 14 31 | 07
#1194-d312 @A: 02 21 24 29 | 01
#1195-d312 @A: 01 11 21 32 | 04
#1196-d312 @A: 10 34 35 21 | 12
#1197-d312 @A: 30 35 22 21 | 05
#1198-d312 @A: 30 21 16 07 | 02
#1199-d312 @A: 30 11 21 33 | 03
#1200-d312 @A: 18 16 12 21 | 09
#1201-d312 @A: 34 17 21 02 | 06
#1202-d312 @A: 22 06 31 24 | 08
#1203-d312 @A: 10 02 35 31 | 10
#1204-d312 @A: 31 27 02 06 | 11
#1205-d312 @A: 31 30 11 22 | 07
#1206-d312 @A: 31 18 34 01 | 01
#1207-d312 @A: 12 31 33 13 | 04
#1208-d312 @A: 34 08 32 09 | 12
#1209-d312 @A: 24 08 27 13 | 05
#1210-d312 @A: 32 14 12 08 | 02
#1211-d312 @A: 06 08 29 12 | 03
#1212-d312 @A: 34 07 11 08 | 09
#1213-d312 @A: 14 08 03 34 | 06
#1214-d312 @A: 17 08 14 18 | 08
#1215-d312 @A: 18 15 34 08 | 10
#1216-d312 @A: 25 18 08 27 | 11
#1217-d312 @A: 09 24 34 10 | 07
#1218-d312 @A: 09 06 29 32 | 01
#1219-d312 @A: 16 09 33 06 | 04
#1220-d312 @A: 11 27 09 07 | 12
#1221-d312 @A: 30 02 34 09 | 05
#1222-d312 @A: 09 14 03 05 | 02
#1223-d312 @A: 29 16 09 03 | 03
#1224-d312 @A: 14 09 18 02 | 09
#1225-d312 @A: 01 16 14 09 | 06
#1226-d312 @A: 33 15 18 09 | 08
#1227-d312 @A: 15 29 24 03 | 10
#1228-d312 @A: 22 03 27 24 | 11
#1229-d312 @A: 27 14 33 24 | 07
#1230-d312 @A: 17 24 15 22 | 01
#1231-d312 @A: 29 01 24 17 | 04
#1232-d312 @A: 24 34 17 16 | 12
#1233-d312 @A: 32 07 17 06 | 05
#1234-d312 @A: 10 11 34 32 | 02
#1235-d312 @A: 32 33 01 12 | 03
#1236-d312 @A: 13 34 32 16 | 09
#1237-d312 @A: 13 35 33 07 | 06
#1238-d312 @A: 03 12 15 35 | 08
#1239-d312 @A: 22 35 29 33 | 10
#1240-d312 @A: 07 22 01 06 | 11
#1241-d312 @A: 02 06 07 01 | 07
#1242-d312 @A: 25 03 01 06 | 01
#1243-d312 @A: 03 06 16 27 | 04
#1244-d312 @A: 01 05 27 06 | 12
#1245-d312 @A: 14 33 06 29 | 05
#1246-d312 @A: 22 27 06 33 | 02
#1247-d312 @A: 30 11 07 01 | 03
#1248-d312 @A: 15 07 30 34 | 09
#1249-d312 @A: 29 02 07 13 | 06
#1250-d312 @A: 12 07 29 33 | 08
#1251-d312 @A: 11 05 14 33 | 10
#1252-d312 @A: 16 11 29 17 | 11
#1253-d312 @A: 11 02 29 12 | 07
#1254-d312 @A: 22 33 11 01 | 01
#1255-d312 @A: 18 03 10 25 | 04
#1256-d312 @A: 05 16 10 27 | 12
#1257-d312 @A: 10 14 25 12 | 05
#1258-d312 @A: 29 01 10 12 | 02
#1259-d312 @A: 10 34 25 33 | 03
#1260-d312 @A: 05 16 13 30 | 09
#1261-d312 @A: 27 17 16 30 | 06
#1262-d312 @A: 12 30 22 25 | 08
#1263-d312 @A: 18 02 03 27 | 10
#1264-d312 @A: 02 27 34 14 | 11
#1265-d312 @A: 19 13 26 30 | 07
#1266-d312 @A: 04 26 20 16 | 01
#1267-d312 @A: 13 06 20 26 | 04
#1268-d312 @A: 14 28 26 31 | 12
#1269-d312 @A: 04 26 25 09 | 05
#1270-d312 @A: 04 26 32 13 | 02
#1271-d312 @A: 22 26 14 23 | 03
#1272-d312 @A: 29 26 02 31 | 09
#1273-d312 @A: 26 11 08 32 | 06
#1274-d312 @A: 09 13 11 26 | 08
#1275-d312 @A: 26 22 09 15 | 10
#1276-d312 @A: 26 06 16 24 | 11
#1277-d312 @A: 02 30 24 26 | 07
#1278-d312 @A: 26 33 32 35 | 01
#1279-d312 @A: 32 27 07 26 | 04
#1280-d312 @A: 07 12 06 26 | 12
#1281-d312 @A: 06 26 11 33 | 05
#1282-d312 @A: 06 26 17 30 | 02
#1283-d312 @A: 05 25 18 26 | 03
#1284-d312 @A: 20 15 31 19 | 09
#1285-d312 @A: 17 19 09 20 | 06
#1286-d312 @A: 13 32 20 19 | 08
#1287-d312 @A: 04 19 17 10 | 10
#1288-d312 @A: 23 12 19 31 | 11
#1289-d312 @A: 19 35 14 21 | 07
#1290-d312 @A: 21 17 19 30 | 01
#1291-d312 @A: 19 30 08 03 | 04
#1292-d312 @A: 19 01 10 24 | 12
#1293-d312 @A: 16 19 15 24 | 05
#1294-d312 @A: 32 19 33 07 | 02
#1295-d312 @A: 19 35 06 05 | 03
#1296-d312 @A: 14 07 19 16 | 09
#1297-d312 @A: 03 33 19 25 | 06
#1298-d312 @A: 19 14 27 18 | 08
#1299-d312 @A: 19 12 29 25 | 10
#1300-d312 @A: 17 28 20 31 | 11
#1301-d312 @A: 35 28 25 20 | 07
#1302-d312 @A: 31 04 20 29 | 01
#1303-d312 @A: 01 17 04 20 | 04
#1304-d312 @A: 23 06 20 05 | 12
#1305-d312 @A: 21 20 30 29 | 05
#1306-d312 @A: 24 20 25 31 | 02
#1307-d312 @A: 20 31 11 32 | 03
#1308-d312 @A: 35 31 20 14 | 09
#1309-d312 @A: 03 01 20 31 | 06
#1310-d312 @A: 24 20 09 15 | 08
#1311-d312 @A: 32 12 20 29 | 10
#1312-d312 @A: 01 25 20 05 | 11
#1313-d312 @A: 04 07 28 02 | 07
#1314-d312 @A: 11 28 04 12 | 01
#1315-d312 @A: 28 04 16 10 | 04
#1316-d312 @A: 28 23 25 31 | 12
#1317-d312 @A: 28 31 29 24 | 05
#1318-d312 @A: 28 31 07 34 | 02
#1319-d312 @A: 16 06 28 08 | 03
#1320-d312 @A: 30 28 24 13 | 09
#1321-d312 @A: 28 35 32 14 | 06
#1322-d312 @A: 32 27 30 28 | 08
#1323-d312 @A: 34 35 11 28 | 10
#1324-d312 @A: 03 25 12 28 | 11
#1325-d312 @A: 01 28 18 15 | 07
#1326-d312 @A: 07 04 31 35 | 01
#1327-d312 @A: 31 17 04 06 | 04
#1328-d312 @A: 30 04 11 17 | 12
#1329-d312 @A: 33 04 03 15 | 05
#1330-d312 @A: 18 04 16 29 | 02
#1331-d312 @A: 22 04 16 02 | 03
#1332-d312 @A: 21 23 31 05 | 09
#1333-d312 @A: 29 21 23 10 | 06
#1334-d312 @A: 23 31 14 08 | 08
#1335-d312 @A: 09 25 23 30 | 10
#1336-d312 @A: 24 10 23 12 | 11
#1337-d312 @A: 34 23 35 22 | 07
#1338-d312 @A: 30 18 02 23 | 01
#1339-d312 @A: 13 23 03 25 | 04
#1340-d312 @A: 33 22 23 18 | 12
#1341-d312 @A: 23 16 25 27 | 05
#1342-d312 @A: 24 21 16 08 | 02
#1343-d312 @A: 21 10 08 14 | 03
#1344-d312 @A: 35 21 01 09 | 09
#1345-d312 @A: 29 21 35 24 | 06
#1346-d312 @A: 32 18 21 07 | 08
#1347-d312 @A: 21 30 06 12 | 10
#1348-d312 @A: 15 22 21 06 | 11
#1349-d312 @A: 11 15 21 07 | 07
#1350-d312 @A: 10 21 18 11 | 01
#1351-d312 @A: 27 11 16 21 | 04
#1352-d312 @A: 01 21 18 30 | 12
#1353-d312 @A: 18 15 03 21 | 05
#1354-d312 @A: 21 29 15 05 | 02
#1355-d312 @A: 17 21 13 05 | 03
#1356-d312 @A: 21 27 12 05 | 09
#1357-d312 @A: 14 33 15 21 | 06
#1358-d312 @A: 21 01 22 16 | 08
#1359-d312 @A: 12 33 22 21 | 10
#1360-d312 @A: 08 31 07 33 | 11
#1361-d312 @A: 09 35 31 06 | 07
#1362-d312 @A: 31 05 09 10 | 01
#1363-d312 @A: 24 31 35 12 | 04
#1364-d312 @A: 24 27 10 31 | 12
#1365-d312 @A: 31 35 34 32 | 05
#1366-d312 @A: 32 27 31 03 | 02
#1367-d312 @A: 31 10 30 35 | 03
#1368-d312 @A: 25 31 30 06 | 09
#1369-d312 @A: 03 31 07 30 | 06
#1370-d312 @A: 16 31 29 12 | 08
#1371-d312 @A: 31 29 22 34 | 10
#1372-d312 @A: 22 16 17 31 | 11
#1373-d312 @A: 34 16 33 31 | 07
#1374-d312 @A: 08 09 27 35 | 01
#1375-d312 @A: 24 08 22 02 | 04
#1376-d312 @A: 06 01 30 08 | 12
#1377-d312 @A: 25 24 09 03 | 05
#1378-d312 @A: 09 25 35 07 | 02
#1379-d312 @A: 22 07 09 30 | 03
#1380-d312 @A: 14 29 17 09 | 09
#1381-d312 @A: 09 18 29 12 | 06
#1382-d312 @A: 16 09 13 18 | 08
#1383-d312 @A: 34 22 16 09 | 10
#1384-d312 @A: 30 18 07 24 | 11
#1385-d312 @A: 22 33 24 10 | 07
#1386-d312 @A: 15 14 24 01 | 01
#1387-d312 @A: 29 32 11 27 | 04
#1388-d312 @A: 30 33 32 22 | 12
#1389-d312 @A: 03 12 32 22 | 05
#1390-d312 @A: 05 25 32 17 | 02
#1391-d312 @A: 32 14 13 33 | 03
#1392-d312 @A: 32 33 17 02 | 09
#1393-d312 @A: 25 32 12 02 | 06
#1394-d312 @A: 06 10 35 33 | 08
#1395-d312 @A: 05 02 35 07 | 10
#1396-d312 @A: 35 03 34 29 | 11
#1397-d312 @A: 01 05 14 35 | 07
#1398-d312 @A: 35 13 29 15 | 01
#1399-d312 @A: 35 01 16 15 | 04
#1400-d312 @A: 15 25 35 34 | 12
#1401-d312 @A: 35 18 33 17 | 05
#1402-d312 @A: 29 14 02 06 | 02
#1403-d312 @A: 06 27 29 15 | 03
#1404-d312 @A: 27 17 06 13 | 09
#1405-d312 @A: 10 14 07 11 | 06
#1406-d312 @A: 14 22 07 02 | 08
#1407-d312 @A: 15 07 16 18 | 10
#1408-d312 @A: 07 18 17 01 | 11
#1409-d312 @A: 11 14 03 27 | 07
#1410-d312 @A: 22 05 11 18 | 01
#1411-d312 @A: 14 18 11 15 | 04
#1412-d312 @A: 11 34 15 22 | 12
#1413-d312 @A: 11 01 18 16 | 05
#1414-d312 @A: 18 17 27 11 | 02
#1415-d312 @A: 10 22 03 34 | 03
#1416-d312 @A: 02 16 01 10 | 09
#1417-d312 @A: 18 30 03 14 | 06
#1418-d312 @A: 22 17 02 30 | 08
#1419-d312 @A: 02 14 03 17 | 10
#1420-d312 @A: 05 34 22 02 | 11
#1421-d312 @A: 13 02 27 16 | 07
#1422-d312 @A: 19 27 04 26 | 01
#1423-d312 @A: 05 26 19 21 | 04
#1424-d312 @A: 26 29 06 19 | 12
#1425-d312 @A: 28 16 21 26 | 05
#1426-d312 @A: 34 08 26 28 | 02
#1427-d312 @A: 26 17 35 23 | 03
#1428-d312 @A: 26 23 34 07 | 09
#1429-d312 @A: 16 23 10 26 | 06
#1430-d312 @A: 32 26 21 22 | 08
#1431-d312 @A: 35 31 26 29 | 10
#1432-d312 @A: 26 31 30 15 | 11
#1433-d312 @A: 26 18 09 08 | 07
#1434-d312 @A: 24 27 26 17 | 01
#1435-d312 @A: 26 24 34 13 | 04
#1436-d312 @A: 18 26 32 34 | 12
#1437-d312 @A: 35 26 07 16 | 05
#1438-d312 @A: 26 22 10 06 | 02
#1439-d312 @A: 23 20 19 16 | 03
#1440-d312 @A: 27 28 19 07 | 09
#1441-d312 @A: 23 10 19 02 | 06
#1442-d312 @A: 17 29 23 19 | 08
#1443-d312 @A: 06 31 19 13 | 10
#1444-d312 @A: 07 05 31 19 | 11
#1445-d312 @A: 08 13 19 33 | 07
#1446-d312 @A: 06 19 11 09 | 01
#1447-d312 @A: 07 03 24 19 | 04
#1448-d312 @A: 19 07 15 35 | 12
#1449-d312 @A: 11 18 07 19 | 05
#1450-d312 @A: 22 29 14 19 | 02
#1451-d312 @A: 01 19 27 16 | 03
#1452-d312 @A: 20 28 14 15 | 09
#1453-d312 @A: 23 25 04 20 | 06
#1454-d312 @A: 20 14 21 23 | 08
#1455-d312 @A: 20 12 23 07 | 10
#1456-d312 @A: 21 20 35 13 | 11
#1457-d312 @A: 20 06 25 08 | 07
#1458-d312 @A: 20 08 11 13 | 01
#1459-d312 @A: 24 13 07 20 | 04
#1460-d312 @A: 29 02 35 20 | 12
#1461-d312 @A: 12 35 20 16 | 05
#1462-d312 @A: 20 27 07 30 | 02
#1463-d312 @A: 05 03 13 20 | 03
#1464-d312 @A: 15 22 20 03 | 09
#1465-d312 @A: 20 03 27 12 | 06
#1466-d312 @A: 22 14 20 05 | 08
#1467-d312 @A: 12 05 20 17 | 10
#1468-d312 @A: 17 15 25 20 | 11
#1469-d312 @A: 13 20 15 27 | 07
#1470-d312 @A: 13 34 20 18 | 01
#1471-d312 @A: 12 08 23 28 | 04
#1472-d312 @A: 18 31 03 28 | 12
#1473-d312 @A: 28 08 29 07 | 05
#1474-d312 @A: 28 08 01 27 | 02
#1475-d312 @A: 28 24 01 09 | 03
#1476-d312 @A: 17 09 11 28 | 09
#1477-d312 @A: 09 28 29 10 | 06
#1478-d312 @A: 03 30 35 28 | 08
#1479-d312 @A: 06 13 02 28 | 10
#1480-d312 @A: 28 13 07 03 | 11
#1481-d312 @A: 28 01 13 11 | 07
#1482-d312 @A: 28 12 29 27 | 01
#1483-d312 @A: 27 28 17 02 | 04
#1484-d312 @A: 04 06 34 23 | 12
#1485-d312 @A: 31 04 15 08 | 05
#1486-d312 @A: 04 33 24 31 | 02
#1487-d312 @A: 34 04 07 09 | 03
#1488-d312 @A: 09 16 04 12 | 09
#1489-d312 @A: 32 11 06 04 | 06
#1490-d312 @A: 18 14 32 04 | 08
#1491-d312 @A: 01 06 16 04 | 10
#1492-d312 @A: 17 10 02 04 | 11
#1493-d312 @A: 04 02 30 29 | 07
#1494-d312 @A: 04 03 27 05 | 01
#1495-d312 @A: 34 25 16 04 | 04
#1496-d312 @A: 04 22 33 25 | 12
#1497-d312 @A: 15 07 31 23 | 05
#1498-d312 @A: 33 27 23 08 | 02
#1499-d312 @A: 23 35 12 09 | 03
#1500-d312 @A: 15 23 35 33 | 09
#1501-d312 @A: 23 02 35 25 | 06
#1502-d312 @A: 23 29 14 11 | 08
#1503-d312 @A: 23 01 16 12 | 10
#1504-d312 @A: 12 09 21 10 | 11
#1505-d312 @A: 07 22 24 21 | 07
#1506-d312 @A: 33 24 21 01 | 01
#1507-d312 @A: 32 05 30 21 | 04
#1508-d312 @A: 35 21 03 06 | 12
#1509-d312 @A: 10 21 13 07 | 05
#1510-d312 @A: 03 33 21 16 | 02
#1511-d312 @A: 21 12 29 14 | 03
#1512-d312 @A: 15 01 34 21 | 09
#1513-d312 @A: 21 25 13 33 | 06
#1514-d312 @A: 08 05 31 29 | 08
#1515-d312 @A: 10 29 32 31 | 10
#1516-d312 @A: 31 15 16 06 | 11
#1517-d312 @A: 17 31 10 13 | 07
#1518-d312 @A: 02 30 27 31 | 01
#1519-d312 @A: 12 03 31 34 | 04
#1520-d312 @A: 18 14 31 16 | 12
#1521-d312 @A: 14 31 17 27 | 05
#1522-d312 @A: 25 27 31 29 | 02
#1523-d312 @A: 16 27 31 13 | 03
#1524-d312 @A: 08 25 35 32 | 09
#1525-d312 @A: 08 35 18 02 | 06
#1526-d312 @A: 07 08 18 06 | 08
#1527-d312 @A: 18 08 11 30 | 10
#1528-d312 @A: 18 03 08 22 | 11
#1529-d312 @A: 14 22 27 08 | 07
#1530-d312 @A: 10 02 24 09 | 01
#1531-d312 @A: 16 30 09 24 | 04
#1532-d312 @A: 07 09 01 12 | 12
#1533-d312 @A: 02 03 01 09 | 05
#1534-d312 @A: 17 09 01 05 | 02
#1535-d312 @A: 09 25 14 18 | 03
#1536-d312 @A: 09 13 34 15 | 09
#1537-d312 @A: 01 18 09 27 | 06
#1538-d312 @A: 34 17 25 09 | 08
#1539-d312 @A: 32 35 05 24 | 10
#1540-d312 @A: 03 13 32 24 | 11
#1541-d312 @A: 24 35 03 10 | 07
#1542-d312 @A: 15 18 13 24 | 01
#1543-d312 @A: 25 01 13 24 | 04
#1544-d312 @A: 12 02 27 24 | 12
#1545-d312 @A: 29 35 07 32 | 05
#1546-d312 @A: 14 17 32 11 | 02
#1547-d312 @A: 32 05 01 03 | 03
#1548-d312 @A: 16 33 32 05 | 09
#1549-d312 @A: 34 27 32 05 | 06
#1550-d312 @A: 17 32 01 16 | 08
#1551-d312 @A: 22 34 17 32 | 10
#1552-d312 @A: 33 06 02 35 | 11
#1553-d312 @A: 35 27 07 10 | 07
#1554-d312 @A: 25 35 13 14 | 01
#1555-d312 @A: 35 34 12 02 | 04
#1556-d312 @A: 10 06 07 30 | 12
#1557-d312 @A: 06 13 11 16 | 05
#1558-d312 @A: 06 14 05 18 | 02
#1559-d312 @A: 14 17 06 01 | 03
#1560-d312 @A: 06 25 12 33 | 09
#1561-d312 @A: 07 33 16 17 | 06
#1562-d312 @A: 34 11 17 03 | 08
#1563-d312 @A: 29 18 13 11 | 10
#1564-d312 @A: 22 30 05 10 | 11
#1565-d312 @A: 14 15 10 30 | 07
#1566-d312 @A: 30 12 18 10 | 01
#1567-d312 @A: 01 22 14 10 | 04
#1568-d312 @A: 15 10 17 18 | 12
#1569-d312 @A: 02 10 29 27 | 05
#1570-d312 @A: 12 17 30 29 | 02
#1571-d312 @A: 15 02 22 03 | 03
#1572-d312 @A: 25 19 35 26 | 09
#1573-d312 @A: 26 23 15 20 | 06
#1574-d312 @A: 09 20 29 26 | 08
#1575-d312 @A: 31 23 13 26 | 10
#1576-d312 @A: 23 02 26 27 | 11
#1577-d312 @A: 26 21 08 01 | 07
#1578-d312 @A: 24 21 26 03 | 01
#1579-d312 @A: 08 15 26 07 | 04
#1580-d312 @A: 09 27 26 10 | 12
#1581-d312 @A: 05 11 07 26 | 05
#1582-d312 @A: 22 16 26 18 | 02
#1583-d312 @A: 29 35 19 20 | 03
#1584-d312 @A: 10 33 19 20 | 09
#1585-d312 @A: 18 21 04 19 | 06
#1586-d312 @A: 03 31 04 19 | 08
#1587-d312 @A: 19 06 14 04 | 10
#1588-d312 @A: 09 07 19 23 | 11
#1589-d312 @A: 21 19 13 12 | 07
#1590-d312 @A: 16 19 12 03 | 01
#1591-d312 @A: 22 12 19 18 | 04
#1592-d312 @A: 13 20 23 28 | 12
#1593-d312 @A: 28 32 20 16 | 05
#1594-d312 @A: 20 09 35 04 | 02
#1595-d312 @A: 14 04 20 07 | 03
#1596-d312 @A: 20 34 10 23 | 09
#1597-d312 @A: 20 23 29 33 | 06
#1598-d312 @A: 20 24 21 18 | 08
#1599-d312 @A: 03 08 24 20 | 10
#1600-d312 @A: 06 30 20 22 | 11
#1601-d312 @A: 14 16 03 20 | 07
#1602-d312 @A: 05 18 27 20 | 01
#1603-d312 @A: 15 12 18 20 | 04
#1604-d312 @A: 03 23 28 27 | 12
#1605-d312 @A: 13 31 28 32 | 05
#1606-d312 @A: 02 25 08 28 | 02
#1607-d312 @A: 32 28 24 17 | 03
#1608-d312 @A: 25 06 24 28 | 09
#1609-d312 @A: 27 24 18 28 | 06
#1610-d312 @A: 35 12 28 10 | 08
#1611-d312 @A: 06 11 28 18 | 10
#1612-d312 @A: 10 12 28 02 | 11
#1613-d312 @A: 28 25 18 22 | 07
#1614-d312 @A: 23 04 32 02 | 01
#1615-d312 @A: 05 04 31 32 | 04
#1616-d312 @A: 30 04 13 31 | 12
#1617-d312 @A: 04 10 08 34 | 05
#1618-d312 @A: 04 32 09 33 | 02
#1619-d312 @A: 10 12 32 04 | 03
#1620-d312 @A: 25 04 29 30 | 09
#1621-d312 @A: 04 05 34 18 | 06
#1622-d312 @A: 15 14 34 04 | 08
#1623-d312 @A: 04 14 27 29 | 10
#1624-d312 @A: 04 29 01 33 | 11
#1625-d312 @A: 21 23 06 13 | 07
#1626-d312 @A: 21 23 22 25 | 01
#1627-d312 @A: 09 32 23 01 | 04
#1628-d312 @A: 24 06 23 14 | 12
#1629-d312 @A: 01 24 23 30 | 05
#1630-d312 @A: 02 24 15 23 | 02
#1631-d312 @A: 12 32 06 23 | 03
#1632-d312 @A: 25 11 06 23 | 09
#1633-d312 @A: 13 23 11 15 | 06
#1634-d312 @A: 23 02 03 16 | 08
#1635-d312 @A: 18 23 29 15 | 10
#1636-d312 @A: 18 21 35 31 | 11
#1637-d312 @A: 14 21 34 24 | 07
#1638-d312 @A: 21 27 24 15 | 01
#1639-d312 @A: 32 17 12 21 | 04
#1640-d312 @A: 09 08 31 16 | 12
#1641-d312 @A: 31 08 10 12 | 05
#1642-d312 @A: 14 24 31 09 | 02
#1643-d312 @A: 31 27 09 33 | 03
#1644-d312 @A: 02 31 22 09 | 09
#1645-d312 @A: 35 31 05 16 | 06
#1646-d312 @A: 25 31 17 35 | 08
#1647-d312 @A: 31 14 13 29 | 10
#1648-d312 @A: 13 18 31 22 | 11
#1649-d312 @A: 34 25 31 13 | 07
#1650-d312 @A: 07 24 08 12 | 01
#1651-d312 @A: 35 08 34 12 | 04
#1652-d312 @A: 27 11 06 08 | 12
#1653-d312 @A: 08 15 33 06 | 05
#1654-d312 @A: 33 03 08 01 | 02
#1655-d312 @A: 08 27 17 05 | 03
#1656-d312 @A: 16 02 08 12 | 09
#1657-d312 @A: 11 30 09 34 | 06
#1658-d312 @A: 29 09 15 25 | 08
#1659-d312 @A: 24 14 10 32 | 10
#1660-d312 @A: 24 30 25 32 | 11
#1661-d312 @A: 24 07 01 35 | 07
#1662-d312 @A: 24 01 02 35 | 01
#1663-d312 @A: 24 02 11 07 | 04
#1664-d312 @A: 33 24 34 15 | 12
#1665-d312 @A: 16 24 27 29 | 05
#1666-d312 @A: 29 22 25 24 | 02
#1667-d312 @A: 27 24 12 25 | 03
#1668-d312 @A: 32 10 18 06 | 09
#1669-d312 @A: 02 01 30 32 | 06
#1670-d312 @A: 18 03 13 35 | 08
#1671-d312 @A: 22 25 16 35 | 10
#1672-d312 @A: 05 29 03 06 | 11
#1673-d312 @A: 06 05 02 18 | 07
#1674-d312 @A: 34 05 22 06 | 01
#1675-d312 @A: 15 34 17 06 | 04
#1676-d312 @A: 25 22 06 13 | 12
#1677-d312 @A: 10 07 17 34 | 05
#1678-d312 @A: 16 07 03 34 | 02
#1679-d312 @A: 07 27 14 25 | 03
#1680-d312 @A: 01 16 29 07 | 09
#1681-d312 @A: 02 18 07 33 | 06
#1682-d312 @A: 05 01 12 11 | 08
#1683-d312 @A: 34 13 11 05 | 10
#1684-d312 @A: 27 10 34 30 | 11
#1685-d312 @A: 05 18 29 10 | 07
#1686-d312 @A: 13 16 15 10 | 01
#1687-d312 @A: 15 12 10 27 | 04
#1688-d312 @A: 33 30 17 14 | 12
#1689-d312 @A: 30 12 34 13 | 05
