#0001-d317 @A: 26 22 33 06 | 10
#0002-d317 @A: 22 33 20 08 | 01
#0003-d317 @A: 15 11 21 33 | 02
#0004-d317 @A: 11 33 16 25 | 08
#0005-d317 @A: 30 33 26 13 | 09
#0006-d317 @A: 33 09 07 25 | 11
#0007-d317 @A: 33 14 07 28 | 05
#0008-d317 @A: 33 30 06 03 | 12
#0009-d317 @A: 06 33 18 34 | 03
#0010-d317 @A: 33 01 30 05 | 04
#0011-d317 @A: 33 20 07 24 | 06
#0012-d317 @A: 04 31 33 27 | 07
#0013-d317 @A: 02 16 33 13 | 10
#0014-d317 @A: 21 22 26 15 | 01
#0015-d317 @A: 35 22 21 04 | 02
#0016-d317 @A: 23 26 22 17 | 08
#0017-d317 @A: 28 22 12 17 | 09
#0018-d317 @A: 29 35 17 22 | 11
#0019-d317 @A: 22 02 03 17 | 05
#0020-d317 @A: 11 22 01 29 | 12
#0021-d317 @A: 25 22 14 16 | 03
#0022-d317 @A: 19 23 22 30 | 04
#0023-d317 @A: 29 22 20 34 | 06
#0024-d317 @A: 22 32 28 34 | 07
#0025-d317 @A: 28 27 22 03 | 10
#0026-d317 @A: 29 22 31 04 | 01
#0027-d317 @A: 07 02 15 22 | 02
#0028-d317 @A: 12 17 21 09 | 08
#0029-d317 @A: 27 21 12 11 | 09
#0030-d317 @A: 19 09 25 21 | 11
#0031-d317 @A: 09 35 21 08 | 05
#0032-d317 @A: 27 21 14 24 | 12
#0033-d317 @A: 31 32 21 14 | 03
#0034-d317 @A: 21 27 29 30 | 04
#0035-d317 @A: 12 23 20 21 | 06
#0036-d317 @A: 23 03 19 21 | 07
#0037-d317 @A: 21 35 19 20 | 10
#0038-d317 @A: 18 27 28 21 | 01
#0039-d317 @A: 05 28 21 25 | 02
#0040-d317 @A: 01 21 05 31 | 08
#0041-d317 @A: 02 04 21 03 | 09
#0042-d317 @A: 17 11 14 30 | 11
#0043-d317 @A: 19 12 11 17 | 05
#0044-d317 @A: 31 14 17 15 | 12
#0045-d317 @A: 34 18 28 17 | 03
#0046-d317 @A: 31 17 25 24 | 04
#0047-d317 @A: 25 23 17 29 | 06
#0048-d317 @A: 35 16 17 01 | 07
#0049-d317 @A: 32 05 17 15 | 10
#0050-d317 @A: 17 32 31 10 | 01
#0051-d317 @A: 13 15 16 17 | 02
#0052-d317 @A: 05 13 17 19 | 08
#0053-d317 @A: 17 18 12 13 | 09
#0054-d317 @A: 16 07 17 10 | 11
#0055-d317 @A: 04 31 07 17 | 05
#0056-d317 @A: 01 17 18 04 | 12
#0057-d317 @A: 10 09 15 11 | 03
#0058-d317 @A: 14 02 11 35 | 04
#0059-d317 @A: 06 31 34 11 | 06
#0060-d317 @A: 06 23 15 11 | 07
#0061-d317 @A: 04 25 11 06 | 10
#0062-d317 @A: 11 04 28 30 | 01
#0063-d317 @A: 11 16 24 03 | 02
#0064-d317 @A: 11 07 32 16 | 08
#0065-d317 @A: 13 11 05 31 | 09
#0066-d317 @A: 02 11 07 05 | 11
#0067-d317 @A: 35 04 26 09 | 05
#0068-d317 @A: 35 14 08 26 | 12
#0069-d317 @A: 19 06 20 26 | 03
#0070-d317 @A: 06 18 26 12 | 04
#0071-d317 @A: 15 26 27 30 | 06
#0072-d317 @A: 28 20 26 15 | 07
#0073-d317 @A: 26 05 25 20 | 10
#0074-d317 @A: 12 26 08 19 | 01
#0075-d317 @A: 09 34 06 15 | 02
#0076-d317 @A: 25 16 06 09 | 08
#0077-d317 @A: 27 09 30 16 | 09
#0078-d317 @A: 34 08 01 09 | 11
#0079-d317 @A: 20 24 09 15 | 05
#0080-d317 @A: 28 09 35 01 | 12
#0081-d317 @A: 01 25 09 02 | 03
#0082-d317 @A: 05 09 03 01 | 04
#0083-d317 @A: 09 03 29 15 | 06
#0084-d317 @A: 18 28 06 14 | 07
#0085-d317 @A: 27 07 14 06 | 10
#0086-d317 @A: 08 14 13 06 | 01
#0087-d317 @A: 12 25 34 14 | 02
#0088-d317 @A: 28 14 02 27 | 08
#0089-d317 @A: 14 28 25 31 | 09
#0090-d317 @A: 16 02 08 14 | 11
#0091-d317 @A: 24 08 06 35 | 05
#0092-d317 @A: 05 24 06 31 | 12
#0093-d317 @A: 06 02 20 25 | 03
#0094-d317 @A: 06 13 28 25 | 04
#0095-d317 @A: 10 06 27 31 | 06
#0096-d317 @A: 18 13 19 06 | 07
#0097-d317 @A: 05 08 19 06 | 10
#0098-d317 @A: 12 06 07 03 | 01
#0099-d317 @A: 12 06 15 04 | 02
#0100-d317 @A: 29 06 15 01 | 08
#0101-d317 @A: 06 04 02 19 | 09
#0102-d317 @A: 34 30 18 23 | 11
#0103-d317 @A: 29 20 13 30 | 05
#0104-d317 @A: 29 28 30 31 | 12
#0105-d317 @A: 30 31 07 27 | 03
#0106-d317 @A: 10 30 32 12 | 04
#0107-d317 @A: 16 15 30 31 | 06
#0108-d317 @A: 08 07 30 05 | 07
#0109-d317 @A: 34 16 24 25 | 10
#0110-d317 @A: 15 02 23 34 | 01
#0111-d317 @A: 27 01 28 34 | 02
#0112-d317 @A: 13 31 03 34 | 08
#0113-d317 @A: 04 13 34 07 | 09
#0114-d317 @A: 05 16 34 31 | 11
#0115-d317 @A: 31 08 10 34 | 05
#0116-d317 @A: 10 18 07 34 | 12
#0117-d317 @A: 35 29 23 24 | 03
#0118-d317 @A: 24 20 05 32 | 04
#0119-d317 @A: 24 08 13 01 | 06
#0120-d317 @A: 24 03 07 05 | 07
#0121-d317 @A: 10 24 19 04 | 10
#0122-d317 @A: 15 07 24 29 | 01
#0123-d317 @A: 29 20 23 02 | 02
#0124-d317 @A: 27 23 35 01 | 08
#0125-d317 @A: 07 25 23 08 | 09
#0126-d317 @A: 29 32 05 23 | 11
#0127-d317 @A: 32 23 31 12 | 05
#0128-d317 @A: 19 16 29 23 | 12
#0129-d317 @A: 08 18 23 19 | 03
#0130-d317 @A: 18 03 10 23 | 04
#0131-d317 @A: 04 29 01 23 | 06
#0132-d317 @A: 20 35 25 28 | 07
#0133-d317 @A: 28 31 20 01 | 10
#0134-d317 @A: 04 20 03 32 | 01
#0135-d317 @A: 18 19 20 12 | 02
#0136-d317 @A: 16 27 28 25 | 08
#0137-d317 @A: 32 12 28 03 | 09
#0138-d317 @A: 32 28 04 15 | 11
#0139-d317 @A: 32 28 07 19 | 05
#0140-d317 @A: 28 07 32 01 | 12
#0141-d317 @A: 27 03 18 32 | 03
#0142-d317 @A: 10 18 27 02 | 04
#0143-d317 @A: 13 29 04 25 | 06
#0144-d317 @A: 08 15 25 04 | 07
#0145-d317 @A: 03 12 25 19 | 10
#0146-d317 @A: 35 04 08 13 | 01
#0147-d317 @A: 31 08 35 16 | 02
#0148-d317 @A: 03 08 12 35 | 08
#0149-d317 @A: 29 10 35 08 | 09
#0150-d317 @A: 08 18 35 15 | 11
#0151-d317 @A: 35 01 10 19 | 05
#0152-d317 @A: 17 15 09 33 | 12
#0153-d317 @A: 29 33 30 17 | 03
#0154-d317 @A: 17 28 10 33 | 04
#0155-d317 @A: 33 19 35 11 | 06
#0156-d317 @A: 26 32 33 24 | 07
#0157-d317 @A: 33 25 26 15 | 10
#0158-d317 @A: 26 29 35 33 | 01
#0159-d317 @A: 23 29 33 09 | 02
#0160-d317 @A: 33 08 09 04 | 08
#0161-d317 @A: 14 30 32 33 | 09
#0162-d317 @A: 27 15 33 14 | 11
#0163-d317 @A: 25 33 06 35 | 05
#0164-d317 @A: 07 02 06 33 | 12
#0165-d317 @A: 30 23 33 16 | 03
#0166-d317 @A: 33 04 30 20 | 04
#0167-d317 @A: 27 02 33 30 | 06
#0168-d317 @A: 30 25 33 12 | 07
#0169-d317 @A: 31 23 20 33 | 10
#0170-d317 @A: 23 03 33 25 | 01
#0171-d317 @A: 27 13 28 33 | 02
#0172-d317 @A: 27 01 33 19 | 08
#0173-d317 @A: 07 33 08 32 | 09
#0174-d317 @A: 33 08 15 02 | 11
#0175-d317 @A: 33 01 31 03 | 05
#0176-d317 @A: 10 33 07 15 | 12
#0177-d317 @A: 16 22 06 21 | 03
#0178-d317 @A: 21 12 34 22 | 04
#0179-d317 @A: 27 19 22 21 | 06
#0180-d317 @A: 22 18 25 21 | 07
#0181-d317 @A: 22 14 32 11 | 10
#0182-d317 @A: 12 26 22 25 | 01
#0183-d317 @A: 25 22 26 01 | 02
#0184-d317 @A: 26 22 05 07 | 08
#0185-d317 @A: 15 22 14 24 | 09
#0186-d317 @A: 01 14 22 24 | 11
#0187-d317 @A: 22 02 20 14 | 05
#0188-d317 @A: 18 22 08 14 | 12
#0189-d317 @A: 23 10 34 22 | 03
#0190-d317 @A: 34 22 35 19 | 04
#0191-d317 @A: 05 22 01 20 | 06
#0192-d317 @A: 35 08 28 22 | 07
#0193-d317 @A: 32 08 12 22 | 10
#0194-d317 @A: 10 03 32 22 | 01
#0195-d317 @A: 05 31 08 22 | 02
#0196-d317 @A: 19 22 03 29 | 08
#0197-d317 @A: 35 21 17 25 | 09
#0198-d317 @A: 21 23 30 11 | 11
#0199-d317 @A: 21 11 35 05 | 05
#0200-d317 @A: 21 26 16 09 | 12
#0201-d317 @A: 32 21 09 27 | 03
#0202-d317 @A: 28 01 06 21 | 04
#0203-d317 @A: 02 21 06 27 | 06
#0204-d317 @A: 13 23 25 21 | 07
#0205-d317 @A: 28 19 21 08 | 10
#0206-d317 @A: 21 15 16 32 | 01
#0207-d317 @A: 03 08 21 32 | 02
#0208-d317 @A: 10 12 21 18 | 08
#0209-d317 @A: 31 11 17 35 | 09
#0210-d317 @A: 01 08 17 26 | 11
#0211-d317 @A: 27 13 17 09 | 05
#0212-d317 @A: 17 04 14 28 | 12
#0213-d317 @A: 13 14 29 17 | 03
#0214-d317 @A: 30 35 17 16 | 04
#0215-d317 @A: 17 28 24 29 | 06
#0216-d317 @A: 27 04 17 23 | 07
#0217-d317 @A: 25 17 29 01 | 10
#0218-d317 @A: 11 29 26 09 | 01
#0219-d317 @A: 26 30 11 16 | 02
#0220-d317 @A: 09 11 06 20 | 08
#0221-d317 @A: 07 09 34 11 | 09
#0222-d317 @A: 11 23 14 28 | 11
#0223-d317 @A: 12 11 29 14 | 05
#0224-d317 @A: 06 13 11 16 | 12
#0225-d317 @A: 15 34 24 11 | 03
#0226-d317 @A: 18 34 01 11 | 04
#0227-d317 @A: 35 11 04 24 | 06
#0228-d317 @A: 19 23 25 11 | 07
#0229-d317 @A: 13 02 18 11 | 10
#0230-d317 @A: 08 11 12 16 | 01
#0231-d317 @A: 11 02 10 16 | 02
#0232-d317 @A: 12 03 11 05 | 08
#0233-d317 @A: 04 10 11 08 | 09
#0234-d317 @A: 34 14 26 10 | 11
#0235-d317 @A: 23 32 06 26 | 05
#0236-d317 @A: 26 30 34 08 | 12
#0237-d317 @A: 10 30 20 26 | 03
#0238-d317 @A: 29 25 26 34 | 04
#0239-d317 @A: 35 26 31 34 | 06
#0240-d317 @A: 32 26 13 03 | 07
#0241-d317 @A: 32 26 31 16 | 10
#0242-d317 @A: 26 16 29 05 | 01
#0243-d317 @A: 31 26 10 04 | 02
#0244-d317 @A: 01 31 18 26 | 08
#0245-d317 @A: 18 15 02 26 | 09
#0246-d317 @A: 29 14 09 05 | 11
#0247-d317 @A: 01 18 09 14 | 05
#0248-d317 @A: 09 07 30 20 | 12
#0249-d317 @A: 25 04 09 23 | 03
#0250-d317 @A: 19 09 23 35 | 04
#0251-d317 @A: 13 03 18 09 | 06
#0252-d317 @A: 13 04 09 15 | 07
#0253-d317 @A: 16 29 08 09 | 10
#0254-d317 @A: 02 03 12 09 | 01
#0255-d317 @A: 34 30 16 14 | 02
#0256-d317 @A: 05 14 20 15 | 08
#0257-d317 @A: 31 14 27 16 | 09
#0258-d317 @A: 10 04 35 14 | 11
#0259-d317 @A: 32 07 14 15 | 05
#0260-d317 @A: 04 14 29 32 | 12
#0261-d317 @A: 14 03 04 31 | 03
#0262-d317 @A: 07 10 14 01 | 04
#0263-d317 @A: 24 30 04 06 | 06
#0264-d317 @A: 06 34 24 19 | 07
#0265-d317 @A: 28 06 29 34 | 10
#0266-d317 @A: 06 12 25 24 | 01
#0267-d317 @A: 23 27 06 08 | 02
#0268-d317 @A: 06 23 03 01 | 08
#0269-d317 @A: 15 06 25 03 | 09
#0270-d317 @A: 32 06 13 29 | 11
#0271-d317 @A: 01 08 06 05 | 05
#0272-d317 @A: 06 15 08 07 | 12
#0273-d317 @A: 24 15 30 23 | 03
#0274-d317 @A: 10 23 25 30 | 04
#0275-d317 @A: 28 20 30 02 | 06
#0276-d317 @A: 19 13 02 30 | 07
#0277-d317 @A: 30 19 18 16 | 10
#0278-d317 @A: 07 30 01 02 | 01
#0279-d317 @A: 27 12 34 35 | 02
#0280-d317 @A: 34 02 16 19 | 08
#0281-d317 @A: 03 05 02 34 | 09
#0282-d317 @A: 19 08 34 07 | 11
#0283-d317 @A: 03 34 18 15 | 05
#0284-d317 @A: 25 05 24 23 | 12
#0285-d317 @A: 32 24 18 04 | 03
#0286-d317 @A: 24 10 18 05 | 04
#0287-d317 @A: 04 29 05 24 | 06
#0288-d317 @A: 08 23 13 29 | 07
#0289-d317 @A: 13 12 23 02 | 10
#0290-d317 @A: 13 23 04 18 | 01
#0291-d317 @A: 08 23 12 10 | 02
#0292-d317 @A: 31 07 18 23 | 08
#0293-d317 @A: 02 23 10 04 | 09
#0294-d317 @A: 25 27 13 20 | 11
#0295-d317 @A: 20 35 27 08 | 05
#0296-d317 @A: 05 29 31 20 | 12
#0297-d317 @A: 20 19 08 03 | 03
#0298-d317 @A: 35 27 31 28 | 04
#0299-d317 @A: 05 04 28 35 | 06
#0300-d317 @A: 04 02 28 16 | 07
#0301-d317 @A: 07 10 28 02 | 10
#0302-d317 @A: 27 13 32 15 | 01
#0303-d317 @A: 27 05 07 32 | 02
#0304-d317 @A: 25 35 03 29 | 08
#0305-d317 @A: 35 18 31 25 | 09
#0306-d317 @A: 04 12 35 25 | 11
#0307-d317 @A: 05 25 02 15 | 05
#0308-d317 @A: 03 05 19 35 | 12
#0309-d317 @A: 35 15 04 31 | 03
#0310-d317 @A: 01 32 02 04 | 04
#0311-d317 @A: 04 19 01 13 | 06
#0312-d317 @A: 30 22 33 15 | 07
#0313-d317 @A: 33 27 03 21 | 10
#0314-d317 @A: 33 35 07 21 | 01
#0315-d317 @A: 33 21 04 01 | 02
#0316-d317 @A: 33 03 35 17 | 08
#0317-d317 @A: 33 34 11 13 | 09
#0318-d317 @A: 33 11 23 01 | 11
#0319-d317 @A: 24 01 33 09 | 05
#0320-d317 @A: 14 33 25 18 | 12
#0321-d317 @A: 33 06 05 28 | 03
#0322-d317 @A: 34 33 15 20 | 04
#0323-d317 @A: 29 28 33 20 | 06
#0324-d317 @A: 20 10 35 33 | 07
#0325-d317 @A: 31 33 28 16 | 10
#0326-d317 @A: 33 29 31 02 | 01
#0327-d317 @A: 18 01 29 33 | 02
#0328-d317 @A: 22 17 19 20 | 08
#0329-d317 @A: 22 03 17 01 | 09
#0330-d317 @A: 03 09 22 11 | 11
#0331-d317 @A: 29 22 23 11 | 05
#0332-d317 @A: 22 27 34 09 | 12
#0333-d317 @A: 14 31 06 22 | 03
#0334-d317 @A: 22 06 25 19 | 04
#0335-d317 @A: 03 25 22 30 | 06
#0336-d317 @A: 31 20 24 22 | 07
#0337-d317 @A: 29 27 24 22 | 10
#0338-d317 @A: 22 19 24 13 | 01
#0339-d317 @A: 10 22 24 12 | 02
#0340-d317 @A: 22 13 20 23 | 08
#0341-d317 @A: 25 32 22 13 | 09
#0342-d317 @A: 16 22 07 31 | 11
#0343-d317 @A: 12 18 05 22 | 05
#0344-d317 @A: 22 18 08 01 | 12
#0345-d317 @A: 07 17 23 21 | 03
#0346-d317 @A: 26 32 21 35 | 04
#0347-d317 @A: 04 29 09 21 | 06
#0348-d317 @A: 07 14 34 21 | 07
#0349-d317 @A: 21 14 18 13 | 10
#0350-d317 @A: 08 21 06 25 | 01
#0351-d317 @A: 21 04 13 30 | 02
#0352-d317 @A: 35 21 23 31 | 08
#0353-d317 @A: 21 27 04 15 | 09
#0354-d317 @A: 27 01 07 21 | 11
#0355-d317 @A: 32 29 21 12 | 05
#0356-d317 @A: 21 05 29 03 | 12
#0357-d317 @A: 19 02 18 21 | 03
#0358-d317 @A: 11 17 24 07 | 04
#0359-d317 @A: 06 09 17 14 | 06
#0360-d317 @A: 17 09 04 24 | 07
#0361-d317 @A: 17 10 09 23 | 10
#0362-d317 @A: 06 20 17 15 | 01
#0363-d317 @A: 17 31 12 06 | 02
#0364-d317 @A: 24 17 34 10 | 08
#0365-d317 @A: 05 27 17 34 | 09
#0366-d317 @A: 35 34 17 02 | 11
#0367-d317 @A: 17 03 12 34 | 05
#0368-d317 @A: 24 17 12 35 | 12
#0369-d317 @A: 17 35 32 23 | 03
#0370-d317 @A: 18 23 15 17 | 04
#0371-d317 @A: 17 04 35 20 | 06
#0372-d317 @A: 05 17 04 25 | 07
#0373-d317 @A: 13 01 05 17 | 10
#0374-d317 @A: 29 16 03 17 | 01
#0375-d317 @A: 29 17 05 18 | 02
#0376-d317 @A: 12 07 17 05 | 08
#0377-d317 @A: 31 01 17 19 | 09
#0378-d317 @A: 17 18 02 04 | 11
#0379-d317 @A: 26 11 20 04 | 05
#0380-d317 @A: 11 32 26 27 | 12
#0381-d317 @A: 11 05 09 23 | 03
#0382-d317 @A: 31 09 01 11 | 04
#0383-d317 @A: 18 11 24 30 | 06
#0384-d317 @A: 11 30 03 32 | 07
#0385-d317 @A: 10 28 34 11 | 10
#0386-d317 @A: 11 27 24 20 | 01
#0387-d317 @A: 31 15 11 20 | 02
#0388-d317 @A: 20 19 29 11 | 08
#0389-d317 @A: 04 03 13 11 | 09
#0390-d317 @A: 11 31 08 18 | 11
#0391-d317 @A: 26 23 14 31 | 05
#0392-d317 @A: 02 30 26 06 | 12
#0393-d317 @A: 06 26 04 13 | 03
#0394-d317 @A: 01 30 26 13 | 04
#0395-d317 @A: 12 28 26 34 | 06
#0396-d317 @A: 20 27 07 26 | 07
#0397-d317 @A: 28 10 27 26 | 10
#0398-d317 @A: 03 27 26 29 | 01
#0399-d317 @A: 18 14 20 09 | 02
#0400-d317 @A: 28 09 34 19 | 08
#0401-d317 @A: 05 34 09 12 | 09
#0402-d317 @A: 24 32 09 16 | 11
#0403-d317 @A: 27 07 09 23 | 05
#0404-d317 @A: 20 29 09 35 | 12
#0405-d317 @A: 09 07 13 16 | 03
#0406-d317 @A: 09 03 16 19 | 04
#0407-d317 @A: 09 16 02 15 | 06
#0408-d317 @A: 32 14 01 06 | 07
#0409-d317 @A: 23 25 14 01 | 10
#0410-d317 @A: 14 29 15 08 | 01
#0411-d317 @A: 04 19 08 14 | 02
#0412-d317 @A: 03 20 28 06 | 08
#0413-d317 @A: 04 06 32 16 | 09
#0414-d317 @A: 31 32 18 06 | 11
#0415-d317 @A: 02 06 03 13 | 05
#0416-d317 @A: 06 15 31 13 | 12
#0417-d317 @A: 13 10 12 06 | 03
#0418-d317 @A: 15 05 16 06 | 04
#0419-d317 @A: 02 05 29 06 | 06
#0420-d317 @A: 31 07 06 19 | 07
#0421-d317 @A: 25 30 16 02 | 10
#0422-d317 @A: 31 01 32 30 | 01
#0423-d317 @A: 05 30 03 18 | 02
#0424-d317 @A: 30 29 03 08 | 08
#0425-d317 @A: 24 20 34 12 | 09
#0426-d317 @A: 04 34 24 28 | 11
#0427-d317 @A: 34 07 35 24 | 05
#0428-d317 @A: 02 34 24 32 | 12
#0429-d317 @A: 34 20 23 04 | 03
#0430-d317 @A: 34 15 27 07 | 04
#0431-d317 @A: 18 34 12 16 | 06
#0432-d317 @A: 34 04 05 18 | 07
#0433-d317 @A: 18 08 34 02 | 10
#0434-d317 @A: 15 10 34 04 | 01
#0435-d317 @A: 01 02 23 24 | 02
#0436-d317 @A: 24 20 03 25 | 08
#0437-d317 @A: 24 28 15 27 | 09
#0438-d317 @A: 24 05 27 35 | 11
#0439-d317 @A: 15 19 24 25 | 05
#0440-d317 @A: 24 18 19 35 | 12
#0441-d317 @A: 29 03 13 24 | 03
#0442-d317 @A: 24 07 08 18 | 04
#0443-d317 @A: 18 23 25 20 | 06
#0444-d317 @A: 35 28 10 23 | 07
#0445-d317 @A: 23 31 13 16 | 10
#0446-d317 @A: 23 01 15 16 | 01
#0447-d317 @A: 23 07 16 02 | 02
#0448-d317 @A: 05 31 23 15 | 08
#0449-d317 @A: 07 12 20 25 | 09
#0450-d317 @A: 08 20 13 32 | 11
#0451-d317 @A: 31 20 13 12 | 05
#0452-d317 @A: 02 05 20 16 | 12
#0453-d317 @A: 20 16 01 08 | 03
#0454-d317 @A: 20 19 15 16 | 04
#0455-d317 @A: 12 05 08 20 | 06
#0456-d317 @A: 03 02 31 20 | 07
#0457-d317 @A: 20 07 18 29 | 10
#0458-d317 @A: 13 10 28 08 | 01
#0459-d317 @A: 05 07 18 28 | 02
#0460-d317 @A: 04 07 28 08 | 08
#0461-d317 @A: 27 04 03 07 | 09
#0462-d317 @A: 25 32 02 12 | 11
#0463-d317 @A: 12 13 15 25 | 05
#0464-d317 @A: 01 25 31 15 | 12
#0465-d317 @A: 01 08 07 19 | 03
#0466-d317 @A: 22 17 31 33 | 04
#0467-d317 @A: 32 22 27 33 | 06
#0468-d317 @A: 21 26 05 33 | 07
#0469-d317 @A: 10 33 19 21 | 10
#0470-d317 @A: 25 33 17 02 | 01
#0471-d317 @A: 28 33 26 04 | 02
#0472-d317 @A: 19 24 33 09 | 08
#0473-d317 @A: 12 35 09 33 | 09
#0474-d317 @A: 06 19 33 14 | 11
#0475-d317 @A: 33 13 25 24 | 05
#0476-d317 @A: 03 04 24 33 | 12
#0477-d317 @A: 05 23 33 27 | 03
#0478-d317 @A: 21 13 11 22 | 04
#0479-d317 @A: 22 21 30 10 | 06
#0480-d317 @A: 22 17 30 13 | 07
#0481-d317 @A: 22 11 24 05 | 10
#0482-d317 @A: 14 22 29 26 | 01
#0483-d317 @A: 22 26 08 10 | 02
#0484-d317 @A: 22 23 16 09 | 08
#0485-d317 @A: 30 24 16 22 | 09
#0486-d317 @A: 22 05 20 35 | 11
#0487-d317 @A: 22 18 20 10 | 05
#0488-d317 @A: 28 15 22 16 | 12
#0489-d317 @A: 04 28 01 22 | 03
#0490-d317 @A: 07 35 27 22 | 04
#0491-d317 @A: 27 04 22 16 | 06
#0492-d317 @A: 22 10 05 27 | 07
#0493-d317 @A: 12 02 22 27 | 10
#0494-d317 @A: 13 22 29 18 | 01
#0495-d317 @A: 31 03 22 18 | 02
#0496-d317 @A: 15 22 12 31 | 08
#0497-d317 @A: 22 15 18 19 | 09
#0498-d317 @A: 17 34 04 21 | 11
#0499-d317 @A: 24 17 15 21 | 05
#0500-d317 @A: 21 17 03 18 | 12
#0501-d317 @A: 11 14 08 21 | 03
#0502-d317 @A: 21 25 02 11 | 04
#0503-d317 @A: 26 14 01 21 | 06
#0504-d317 @A: 34 19 26 21 | 07
#0505-d317 @A: 21 13 09 06 | 10
#0506-d317 @A: 21 09 34 03 | 01
#0507-d317 @A: 21 24 25 10 | 02
#0508-d317 @A: 21 01 24 12 | 08
#0509-d317 @A: 23 18 21 32 | 09
#0510-d317 @A: 29 25 20 21 | 11
#0511-d317 @A: 19 32 21 05 | 05
#0512-d317 @A: 12 05 02 21 | 12
#0513-d317 @A: 21 03 01 19 | 03
#0514-d317 @A: 21 04 31 19 | 04
#0515-d317 @A: 32 17 11 34 | 06
#0516-d317 @A: 20 31 26 17 | 07
#0517-d317 @A: 25 10 17 26 | 10
#0518-d317 @A: 35 19 26 17 | 01
#0519-d317 @A: 31 28 17 09 | 02
#0520-d317 @A: 19 25 14 17 | 08
#0521-d317 @A: 17 14 35 18 | 09
#0522-d317 @A: 06 03 24 17 | 11
#0523-d317 @A: 30 17 07 18 | 05
#0524-d317 @A: 16 20 17 25 | 12
#0525-d317 @A: 02 17 27 31 | 03
#0526-d317 @A: 03 10 17 08 | 04
#0527-d317 @A: 17 12 29 08 | 06
#0528-d317 @A: 23 26 11 02 | 07
#0529-d317 @A: 11 18 26 10 | 10
#0530-d317 @A: 12 09 25 11 | 01
#0531-d317 @A: 04 11 19 09 | 02
#0532-d317 @A: 11 27 03 14 | 08
#0533-d317 @A: 11 06 32 24 | 09
#0534-d317 @A: 24 11 29 25 | 11
#0535-d317 @A: 15 16 11 27 | 05
#0536-d317 @A: 13 11 12 32 | 12
#0537-d317 @A: 32 11 10 19 | 03
#0538-d317 @A: 01 13 10 11 | 04
#0539-d317 @A: 29 03 02 11 | 06
#0540-d317 @A: 15 11 19 01 | 07
#0541-d317 @A: 26 09 14 13 | 10
#0542-d317 @A: 26 30 19 14 | 01
#0543-d317 @A: 14 27 04 26 | 02
#0544-d317 @A: 26 27 34 06 | 08
#0545-d317 @A: 35 26 07 30 | 09
#0546-d317 @A: 32 26 05 30 | 11
#0547-d317 @A: 26 20 24 29 | 05
#0548-d317 @A: 24 26 12 05 | 12
#0549-d317 @A: 23 20 26 08 | 03
#0550-d317 @A: 05 04 15 26 | 04
#0551-d317 @A: 10 26 07 03 | 06
#0552-d317 @A: 07 26 12 15 | 07
#0553-d317 @A: 19 01 26 02 | 10
#0554-d317 @A: 06 12 08 09 | 01
#0555-d317 @A: 09 28 08 30 | 02
#0556-d317 @A: 24 18 25 09 | 08
#0557-d317 @A: 32 04 09 02 | 09
#0558-d317 @A: 12 18 09 04 | 11
#0559-d317 @A: 01 12 07 09 | 05
#0560-d317 @A: 30 03 24 14 | 12
#0561-d317 @A: 23 20 14 30 | 03
#0562-d317 @A: 08 25 24 14 | 04
#0563-d317 @A: 14 10 23 07 | 06
#0564-d317 @A: 01 35 14 12 | 07
#0565-d317 @A: 19 18 14 05 | 10
#0566-d317 @A: 14 18 31 10 | 01
#0567-d317 @A: 18 04 15 14 | 02
#0568-d317 @A: 06 34 01 19 | 08
#0569-d317 @A: 06 25 23 31 | 09
#0570-d317 @A: 16 06 35 23 | 11
#0571-d317 @A: 29 23 04 06 | 05
#0572-d317 @A: 08 29 06 20 | 12
#0573-d317 @A: 06 32 02 08 | 03
#0574-d317 @A: 16 06 19 12 | 04
#0575-d317 @A: 29 15 18 06 | 06
#0576-d317 @A: 01 30 25 34 | 07
#0577-d317 @A: 30 07 32 34 | 10
#0578-d317 @A: 24 30 27 13 | 01
#0579-d317 @A: 15 28 30 25 | 02
#0580-d317 @A: 10 13 31 30 | 08
#0581-d317 @A: 34 23 19 27 | 09
#0582-d317 @A: 23 34 16 03 | 11
#0583-d317 @A: 34 25 08 20 | 05
#0584-d317 @A: 19 03 04 34 | 12
#0585-d317 @A: 10 34 02 29 | 03
#0586-d317 @A: 23 03 27 24 | 04
#0587-d317 @A: 24 28 16 35 | 06
#0588-d317 @A: 24 13 12 04 | 07
#0589-d317 @A: 19 24 03 31 | 10
#0590-d317 @A: 32 16 23 28 | 01
#0591-d317 @A: 05 25 01 23 | 02
#0592-d317 @A: 23 32 13 07 | 08
#0593-d317 @A: 29 23 03 07 | 09
#0594-d317 @A: 10 31 23 29 | 11
#0595-d317 @A: 23 19 07 15 | 05
#0596-d317 @A: 28 27 20 32 | 12
#0597-d317 @A: 08 18 20 16 | 03
#0598-d317 @A: 13 04 28 31 | 04
#0599-d317 @A: 29 13 28 02 | 06
#0600-d317 @A: 15 28 08 31 | 07
#0601-d317 @A: 01 31 16 27 | 10
#0602-d317 @A: 05 15 18 27 | 01
#0603-d317 @A: 05 18 13 25 | 02
#0604-d317 @A: 31 16 25 19 | 08
#0605-d317 @A: 10 08 25 19 | 09
#0606-d317 @A: 18 12 35 32 | 11
#0607-d317 @A: 05 35 31 07 | 05
#0608-d317 @A: 15 02 01 12 | 12
#0609-d317 @A: 22 21 33 29 | 03
#0610-d317 @A: 22 33 28 19 | 04
#0611-d317 @A: 06 33 21 12 | 06
#0612-d317 @A: 17 05 24 33 | 07
#0613-d317 @A: 06 24 27 33 | 10
#0614-d317 @A: 33 32 35 13 | 01
#0615-d317 @A: 19 18 32 33 | 02
#0616-d317 @A: 12 33 16 29 | 08
#0617-d317 @A: 19 03 33 15 | 09
#0618-d317 @A: 22 03 20 21 | 11
#0619-d317 @A: 22 11 17 04 | 05
#0620-d317 @A: 14 22 27 17 | 12
#0621-d317 @A: 15 22 35 11 | 03
#0622-d317 @A: 26 31 22 09 | 04
#0623-d317 @A: 04 02 22 26 | 06
#0624-d317 @A: 07 30 22 14 | 07
#0625-d317 @A: 03 22 06 23 | 10
#0626-d317 @A: 35 22 32 06 | 01
#0627-d317 @A: 18 22 04 30 | 02
#0628-d317 @A: 09 20 31 21 | 08
#0629-d317 @A: 19 14 29 21 | 09
#0630-d317 @A: 07 21 30 19 | 11
#0631-d317 @A: 21 23 29 15 | 05
#0632-d317 @A: 05 27 20 21 | 12
#0633-d317 @A: 20 21 10 32 | 03
#0634-d317 @A: 07 25 27 21 | 04
#0635-d317 @A: 25 16 21 12 | 06
#0636-d317 @A: 07 29 21 02 | 07
#0637-d317 @A: 11 17 06 02 | 10
#0638-d317 @A: 13 10 11 17 | 01
#0639-d317 @A: 17 06 26 29 | 02
#0640-d317 @A: 09 17 29 34 | 08
#0641-d317 @A: 19 17 02 09 | 09
#0642-d317 @A: 17 08 06 28 | 11
#0643-d317 @A: 06 16 17 27 | 05
#0644-d317 @A: 30 34 17 31 | 12
#0645-d317 @A: 30 02 17 23 | 03
#0646-d317 @A: 20 17 07 34 | 04
#0647-d317 @A: 01 24 05 17 | 06
#0648-d317 @A: 17 03 23 13 | 07
#0649-d317 @A: 17 19 31 23 | 10
#0650-d317 @A: 20 17 02 13 | 01
#0651-d317 @A: 17 32 29 07 | 02
#0652-d317 @A: 18 17 16 31 | 08
#0653-d317 @A: 17 08 15 19 | 09
#0654-d317 @A: 10 04 17 12 | 11
#0655-d317 @A: 12 17 01 10 | 05
#0656-d317 @A: 34 11 30 19 | 12
#0657-d317 @A: 05 30 11 27 | 03
#0658-d317 @A: 16 35 11 34 | 04
#0659-d317 @A: 20 28 08 11 | 06
#0660-d317 @A: 35 07 08 11 | 07
#0661-d317 @A: 11 15 32 02 | 10
#0662-d317 @A: 15 18 12 11 | 01
#0663-d317 @A: 01 06 26 09 | 02
#0664-d317 @A: 26 18 14 24 | 08
#0665-d317 @A: 05 06 35 26 | 09
#0666-d317 @A: 35 26 28 02 | 11
#0667-d317 @A: 32 26 28 08 | 05
#0668-d317 @A: 10 26 05 13 | 12
#0669-d317 @A: 09 14 16 35 | 03
#0670-d317 @A: 06 27 09 29 | 04
#0671-d317 @A: 05 09 35 30 | 06
#0672-d317 @A: 09 18 31 34 | 07
#0673-d317 @A: 23 13 28 09 | 10
#0674-d317 @A: 10 20 25 09 | 01
#0675-d317 @A: 15 09 27 12 | 02
#0676-d317 @A: 32 03 09 05 | 08
#0677-d317 @A: 09 07 32 12 | 09
#0678-d317 @A: 07 03 09 08 | 11
#0679-d317 @A: 18 10 08 09 | 05
#0680-d317 @A: 13 30 25 14 | 12
#0681-d317 @A: 24 32 12 14 | 03
#0682-d317 @A: 20 25 04 14 | 04
#0683-d317 @A: 14 31 08 20 | 06
#0684-d317 @A: 15 28 14 01 | 07
#0685-d317 @A: 03 29 10 14 | 10
#0686-d317 @A: 30 19 27 25 | 01
#0687-d317 @A: 30 35 10 02 | 02
#0688-d317 @A: 30 01 08 15 | 08
#0689-d317 @A: 31 12 03 30 | 09
#0690-d317 @A: 24 34 27 18 | 11
#0691-d317 @A: 20 34 10 03 | 05
#0692-d317 @A: 10 16 32 34 | 12
#0693-d317 @A: 15 34 31 32 | 03
#0694-d317 @A: 19 20 01 24 | 04
#0695-d317 @A: 16 31 04 24 | 06
#0696-d317 @A: 03 24 10 02 | 07
#0697-d317 @A: 20 23 03 05 | 10
#0698-d317 @A: 04 32 23 08 | 01
#0699-d317 @A: 19 23 13 10 | 02
#0700-d317 @A: 23 04 07 05 | 08
#0701-d317 @A: 20 02 15 27 | 09
#0702-d317 @A: 15 12 32 20 | 11
#0703-d317 @A: 05 07 20 13 | 05
#0704-d317 @A: 02 20 08 04 | 12
#0705-d317 @A: 13 01 28 29 | 03
#0706-d317 @A: 05 02 31 28 | 04
#0707-d317 @A: 12 05 28 01 | 06
#0708-d317 @A: 01 02 08 28 | 07
#0709-d317 @A: 29 03 04 28 | 10
#0710-d317 @A: 29 27 25 18 | 01
#0711-d317 @A: 27 19 05 04 | 02
#0712-d317 @A: 32 25 05 31 | 08
#0713-d317 @A: 15 25 18 16 | 09
#0714-d317 @A: 07 25 16 29 | 11
#0715-d317 @A: 10 25 12 31 | 05
#0716-d317 @A: 10 05 32 35 | 12
#0717-d317 @A: 35 16 04 19 | 03
#0718-d317 @A: 15 35 29 05 | 04
#0719-d317 @A: 31 35 12 29 | 06
#0720-d317 @A: 31 01 13 07 | 07
#0721-d317 @A: 18 12 01 13 | 10
#0722-d317 @A: 29 31 02 01 | 01
#0723-d317 @A: 33 34 22 24 | 02
#0724-d317 @A: 22 33 05 03 | 08
#0725-d317 @A: 33 17 13 21 | 09
#0726-d317 @A: 33 19 34 17 | 11
#0727-d317 @A: 33 27 17 07 | 05
#0728-d317 @A: 11 30 33 07 | 12
#0729-d317 @A: 24 11 02 33 | 03
#0730-d317 @A: 32 33 09 34 | 04
#0731-d317 @A: 35 31 33 30 | 06
#0732-d317 @A: 08 34 35 33 | 07
#0733-d317 @A: 23 33 18 24 | 10
#0734-d317 @A: 25 28 01 33 | 01
#0735-d317 @A: 16 27 33 35 | 02
#0736-d317 @A: 12 27 33 19 | 08
#0737-d317 @A: 32 33 29 25 | 09
#0738-d317 @A: 32 04 33 12 | 11
#0739-d317 @A: 10 33 18 13 | 05
#0740-d317 @A: 29 33 05 07 | 12
#0741-d317 @A: 33 31 18 15 | 03
#0742-d317 @A: 22 32 17 21 | 04
#0743-d317 @A: 22 21 28 31 | 06
#0744-d317 @A: 22 17 34 16 | 07
#0745-d317 @A: 25 11 10 22 | 10
#0746-d317 @A: 01 22 09 19 | 01
#0747-d317 @A: 22 10 06 28 | 02
#0748-d317 @A: 15 05 22 34 | 08
#0749-d317 @A: 35 18 22 23 | 09
#0750-d317 @A: 32 02 22 16 | 11
#0751-d317 @A: 16 08 19 22 | 05
#0752-d317 @A: 06 21 03 11 | 12
#0753-d317 @A: 19 24 11 21 | 03
#0754-d317 @A: 03 26 21 30 | 04
#0755-d317 @A: 04 25 21 26 | 06
#0756-d317 @A: 09 21 02 23 | 07
#0757-d317 @A: 06 29 21 35 | 10
#0758-d317 @A: 16 30 21 20 | 01
#0759-d317 @A: 21 02 28 34 | 02
#0760-d317 @A: 25 21 34 15 | 08
#0761-d317 @A: 03 21 13 12 | 09
#0762-d317 @A: 10 07 21 05 | 11
#0763-d317 @A: 12 15 19 21 | 05
#0764-d317 @A: 17 20 05 30 | 12
#0765-d317 @A: 18 17 08 32 | 03
#0766-d317 @A: 12 02 17 16 | 04
#0767-d317 @A: 03 17 04 15 | 06
#0768-d317 @A: 17 29 15 02 | 07
#0769-d317 @A: 24 26 11 28 | 10
#0770-d317 @A: 13 11 30 09 | 01
#0771-d317 @A: 32 29 11 08 | 02
#0772-d317 @A: 29 31 11 16 | 08
#0773-d317 @A: 29 11 05 10 | 09
#0774-d317 @A: 11 15 07 04 | 11
#0775-d317 @A: 30 09 26 12 | 05
#0776-d317 @A: 09 28 26 18 | 12
#0777-d317 @A: 06 14 16 26 | 03
#0778-d317 @A: 14 28 05 26 | 04
#0779-d317 @A: 19 26 27 24 | 06
#0780-d317 @A: 01 26 20 27 | 07
#0781-d317 @A: 28 26 10 01 | 10
#0782-d317 @A: 07 02 32 26 | 01
#0783-d317 @A: 08 26 15 13 | 02
#0784-d317 @A: 05 19 31 26 | 08
#0785-d317 @A: 02 29 08 26 | 09
#0786-d317 @A: 06 30 09 19 | 11
#0787-d317 @A: 09 07 04 06 | 05
#0788-d317 @A: 04 16 34 09 | 12
#0789-d317 @A: 09 28 24 03 | 03
#0790-d317 @A: 09 24 29 10 | 04
#0791-d317 @A: 16 09 28 20 | 06
#0792-d317 @A: 29 07 09 28 | 07
#0793-d317 @A: 12 35 06 14 | 10
#0794-d317 @A: 31 14 35 24 | 01
#0795-d317 @A: 23 25 14 35 | 02
#0796-d317 @A: 28 03 08 14 | 08
#0797-d317 @A: 04 13 16 14 | 09
#0798-d317 @A: 13 14 05 03 | 11
#0799-d317 @A: 07 14 19 13 | 05
#0800-d317 @A: 14 29 07 31 | 12
#0801-d317 @A: 27 30 18 06 | 03
#0802-d317 @A: 30 06 25 05 | 04
#0803-d317 @A: 34 35 04 06 | 06
#0804-d317 @A: 23 24 07 06 | 07
#0805-d317 @A: 24 06 27 01 | 10
#0806-d317 @A: 20 06 12 27 | 01
#0807-d317 @A: 19 06 15 35 | 02
#0808-d317 @A: 07 32 10 06 | 08
#0809-d317 @A: 13 01 06 16 | 09
#0810-d317 @A: 03 06 29 31 | 11
#0811-d317 @A: 34 30 25 04 | 05
#0812-d317 @A: 08 24 20 30 | 12
#0813-d317 @A: 05 30 24 28 | 03
#0814-d317 @A: 28 07 30 23 | 04
#0815-d317 @A: 32 30 23 27 | 06
#0816-d317 @A: 19 20 30 32 | 07
#0817-d317 @A: 30 35 27 04 | 10
#0818-d317 @A: 30 16 05 12 | 01
#0819-d317 @A: 30 05 02 04 | 02
#0820-d317 @A: 30 08 19 31 | 08
#0821-d317 @A: 34 03 24 08 | 09
#0822-d317 @A: 20 27 34 31 | 11
#0823-d317 @A: 34 07 25 28 | 05
#0824-d317 @A: 25 02 27 34 | 12
#0825-d317 @A: 13 27 34 10 | 03
#0826-d317 @A: 05 34 29 13 | 04
#0827-d317 @A: 31 12 04 34 | 06
#0828-d317 @A: 08 23 24 28 | 07
#0829-d317 @A: 10 24 27 16 | 10
#0830-d317 @A: 24 01 35 31 | 01
#0831-d317 @A: 18 15 13 24 | 02
#0832-d317 @A: 02 24 15 04 | 08
#0833-d317 @A: 01 24 29 07 | 09
#0834-d317 @A: 12 23 28 25 | 11
#0835-d317 @A: 28 13 23 01 | 05
#0836-d317 @A: 23 12 29 18 | 12
#0837-d317 @A: 16 32 20 29 | 03
#0838-d317 @A: 20 07 16 04 | 04
#0839-d317 @A: 10 08 20 07 | 06
#0840-d317 @A: 20 07 03 15 | 07
#0841-d317 @A: 31 18 20 04 | 10
#0842-d317 @A: 19 13 28 12 | 01
#0843-d317 @A: 28 08 16 05 | 02
#0844-d317 @A: 28 07 12 16 | 08
#0845-d317 @A: 08 29 28 18 | 09
#0846-d317 @A: 27 32 29 35 | 11
#0847-d317 @A: 27 19 13 03 | 05
#0848-d317 @A: 29 05 27 08 | 12
#0849-d317 @A: 31 27 12 05 | 03
#0850-d317 @A: 12 03 10 27 | 04
#0851-d317 @A: 32 03 35 16 | 06
#0852-d317 @A: 35 16 13 29 | 07
#0853-d317 @A: 02 18 05 35 | 10
#0854-d317 @A: 07 35 03 02 | 01
#0855-d317 @A: 32 01 16 10 | 02
#0856-d317 @A: 12 03 32 01 | 08
#0857-d317 @A: 05 16 01 18 | 09
#0858-d317 @A: 16 12 01 04 | 11
#0859-d317 @A: 10 01 15 05 | 05
#0860-d317 @A: 01 08 10 31 | 12
#0861-d317 @A: 01 02 10 03 | 03
#0862-d317 @A: 22 35 33 02 | 04
#0863-d317 @A: 21 28 33 32 | 06
#0864-d317 @A: 09 33 11 28 | 07
#0865-d317 @A: 33 26 14 02 | 10
#0866-d317 @A: 09 20 03 33 | 01
#0867-d317 @A: 14 33 08 01 | 02
#0868-d317 @A: 03 33 14 12 | 08
#0869-d317 @A: 06 01 10 33 | 09
#0870-d317 @A: 15 28 23 33 | 11
#0871-d317 @A: 33 10 02 32 | 05
#0872-d317 @A: 13 12 33 08 | 12
#0873-d317 @A: 16 33 07 01 | 03
#0874-d317 @A: 05 31 33 10 | 04
#0875-d317 @A: 33 01 05 02 | 06
#0876-d317 @A: 11 22 28 02 | 07
#0877-d317 @A: 22 03 24 26 | 10
#0878-d317 @A: 24 06 09 22 | 01
#0879-d317 @A: 22 04 06 20 | 02
#0880-d317 @A: 02 22 06 18 | 08
#0881-d317 @A: 23 10 22 01 | 09
#0882-d317 @A: 28 25 22 29 | 11
#0883-d317 @A: 35 13 22 31 | 05
#0884-d317 @A: 22 16 29 10 | 12
#0885-d317 @A: 08 04 03 22 | 03
#0886-d317 @A: 21 17 10 14 | 04
#0887-d317 @A: 28 11 16 21 | 06
#0888-d317 @A: 31 10 21 11 | 07
#0889-d317 @A: 26 21 18 08 | 10
#0890-d317 @A: 06 21 18 24 | 01
#0891-d317 @A: 29 21 24 08 | 02
#0892-d317 @A: 28 04 23 21 | 08
#0893-d317 @A: 21 25 01 35 | 09
#0894-d317 @A: 26 04 17 30 | 11
#0895-d317 @A: 17 08 20 09 | 05
#0896-d317 @A: 34 08 17 14 | 12
#0897-d317 @A: 12 17 14 20 | 03
#0898-d317 @A: 17 30 32 06 | 04
#0899-d317 @A: 30 12 15 17 | 06
#0900-d317 @A: 17 18 24 20 | 07
#0901-d317 @A: 24 27 17 32 | 10
#0902-d317 @A: 32 16 19 17 | 01
#0903-d317 @A: 31 17 13 08 | 02
#0904-d317 @A: 10 02 05 17 | 08
#0905-d317 @A: 14 06 11 05 | 09
#0906-d317 @A: 11 34 18 14 | 11
#0907-d317 @A: 25 35 11 30 | 05
#0908-d317 @A: 02 11 34 20 | 12
#0909-d317 @A: 27 34 04 11 | 03
#0910-d317 @A: 03 25 34 11 | 04
#0911-d317 @A: 13 27 23 11 | 06
#0912-d317 @A: 31 28 32 11 | 07
#0913-d317 @A: 19 08 13 11 | 10
#0914-d317 @A: 04 11 05 16 | 01
#0915-d317 @A: 11 07 03 31 | 02
#0916-d317 @A: 04 11 02 12 | 08
#0917-d317 @A: 07 11 19 18 | 09
#0918-d317 @A: 09 20 02 26 | 11
#0919-d317 @A: 07 06 25 26 | 05
#0920-d317 @A: 06 04 26 01 | 12
#0921-d317 @A: 13 23 35 26 | 03
#0922-d317 @A: 18 26 05 23 | 04
#0923-d317 @A: 15 03 26 35 | 06
#0924-d317 @A: 01 26 32 15 | 07
#0925-d317 @A: 26 16 13 12 | 10
#0926-d317 @A: 26 18 31 13 | 01
#0927-d317 @A: 26 29 07 04 | 02
#0928-d317 @A: 12 09 14 28 | 08
#0929-d317 @A: 10 09 27 14 | 09
#0930-d317 @A: 25 14 09 15 | 11
#0931-d317 @A: 23 09 18 06 | 05
#0932-d317 @A: 30 01 23 09 | 12
#0933-d317 @A: 09 03 27 25 | 03
#0934-d317 @A: 13 09 19 32 | 04
#0935-d317 @A: 14 06 30 15 | 06
#0936-d317 @A: 24 10 14 06 | 07
#0937-d317 @A: 25 29 06 14 | 10
#0938-d317 @A: 14 28 10 30 | 01
#0939-d317 @A: 23 04 14 24 | 02
#0940-d317 @A: 27 25 05 14 | 08
#0941-d317 @A: 14 32 05 02 | 09
#0942-d317 @A: 02 03 14 19 | 11
#0943-d317 @A: 14 15 12 02 | 05
#0944-d317 @A: 34 20 06 30 | 12
#0945-d317 @A: 23 12 30 06 | 03
#0946-d317 @A: 13 30 35 06 | 04
#0947-d317 @A: 19 06 28 23 | 06
#0948-d317 @A: 27 06 35 03 | 07
#0949-d317 @A: 32 06 12 05 | 10
#0950-d317 @A: 08 04 31 06 | 01
#0951-d317 @A: 10 02 15 06 | 02
#0952-d317 @A: 29 30 34 24 | 08
#0953-d317 @A: 15 35 34 30 | 09
#0954-d317 @A: 32 24 35 30 | 11
#0955-d317 @A: 20 15 18 30 | 05
#0956-d317 @A: 08 30 15 32 | 12
#0957-d317 @A: 04 31 32 30 | 03
#0958-d317 @A: 30 07 10 04 | 04
#0959-d317 @A: 19 12 29 30 | 06
#0960-d317 @A: 28 34 35 03 | 07
#0961-d317 @A: 16 28 13 34 | 10
#0962-d317 @A: 01 12 29 34 | 01
#0963-d317 @A: 24 28 07 31 | 02
#0964-d317 @A: 03 24 15 32 | 08
#0965-d317 @A: 24 32 19 29 | 09
#0966-d317 @A: 08 24 19 02 | 11
#0967-d317 @A: 20 01 18 23 | 05
#0968-d317 @A: 28 31 19 20 | 12
#0969-d317 @A: 20 04 19 13 | 03
#0970-d317 @A: 20 01 03 07 | 04
#0971-d317 @A: 13 32 05 28 | 06
#0972-d317 @A: 28 05 19 29 | 07
#0973-d317 @A: 28 10 31 03 | 10
#0974-d317 @A: 31 28 18 12 | 01
#0975-d317 @A: 04 18 28 19 | 02
#0976-d317 @A: 13 27 29 31 | 08
#0977-d317 @A: 07 10 27 29 | 09
#0978-d317 @A: 18 27 12 07 | 11
#0979-d317 @A: 25 18 32 10 | 05
#0980-d317 @A: 32 04 25 19 | 12
#0981-d317 @A: 03 10 25 05 | 03
#0982-d317 @A: 08 12 18 25 | 04
#0983-d317 @A: 25 18 03 02 | 06
#0984-d317 @A: 31 25 07 15 | 07
#0985-d317 @A: 31 25 04 02 | 10
#0986-d317 @A: 19 32 35 08 | 01
#0987-d317 @A: 10 12 15 35 | 02
#0988-d317 @A: 19 07 35 29 | 08
#0989-d317 @A: 08 32 04 01 | 09
#0990-d317 @A: 07 05 18 01 | 11
#0991-d317 @A: 04 22 25 33 | 05
#0992-d317 @A: 02 33 21 20 | 12
#0993-d317 @A: 16 33 17 14 | 03
#0994-d317 @A: 32 23 11 33 | 04
#0995-d317 @A: 19 16 26 33 | 06
#0996-d317 @A: 33 31 09 06 | 07
#0997-d317 @A: 09 05 33 02 | 10
#0998-d317 @A: 33 20 06 16 | 01
#0999-d317 @A: 29 34 27 33 | 02
#1000-d317 @A: 33 25 05 34 | 08
#1001-d317 @A: 28 33 08 25 | 09
#1002-d317 @A: 18 35 28 33 | 11
#1003-d317 @A: 13 29 33 15 | 05
#1004-d317 @A: 33 08 16 03 | 12
#1005-d317 @A: 08 19 29 33 | 03
#1006-d317 @A: 22 21 09 07 | 04
#1007-d317 @A: 24 02 21 22 | 06
#1008-d317 @A: 17 22 08 24 | 07
#1009-d317 @A: 10 15 22 17 | 10
#1010-d317 @A: 22 34 26 18 | 01
#1011-d317 @A: 35 16 26 22 | 02
#1012-d317 @A: 09 35 10 22 | 08
#1013-d317 @A: 13 34 22 06 | 09
#1014-d317 @A: 22 15 27 06 | 11
#1015-d317 @A: 31 25 34 22 | 05
#1016-d317 @A: 07 22 28 20 | 12
#1017-d317 @A: 18 07 32 22 | 03
#1018-d317 @A: 12 16 22 03 | 04
#1019-d317 @A: 29 22 07 08 | 06
#1020-d317 @A: 34 11 21 29 | 07
#1021-d317 @A: 21 10 26 06 | 10
#1022-d317 @A: 13 21 01 09 | 01
#1023-d317 @A: 34 05 30 21 | 02
#1024-d317 @A: 32 34 21 01 | 08
#1025-d317 @A: 10 21 23 27 | 09
#1026-d317 @A: 35 21 20 01 | 11
#1027-d317 @A: 21 05 18 31 | 05
#1028-d317 @A: 10 03 21 15 | 12
#1029-d317 @A: 07 04 21 12 | 03
#1030-d317 @A: 28 17 11 05 | 04
#1031-d317 @A: 17 01 11 28 | 06
#1032-d317 @A: 17 15 34 26 | 07
#1033-d317 @A: 26 12 17 32 | 10
#1034-d317 @A: 14 17 01 34 | 01
#1035-d317 @A: 17 30 08 25 | 02
#1036-d317 @A: 20 17 29 10 | 08
#1037-d317 @A: 25 17 28 03 | 09
#1038-d317 @A: 17 28 13 35 | 11
#1039-d317 @A: 03 07 17 19 | 05
#1040-d317 @A: 15 11 14 26 | 12
#1041-d317 @A: 35 11 26 12 | 03
#1042-d317 @A: 09 32 35 11 | 04
#1043-d317 @A: 25 11 14 07 | 06
#1044-d317 @A: 11 10 24 23 | 07
#1045-d317 @A: 04 23 11 31 | 10
#1046-d317 @A: 20 35 11 13 | 01
#1047-d317 @A: 03 18 11 20 | 02
#1048-d317 @A: 10 35 11 27 | 08
#1049-d317 @A: 11 08 05 25 | 09
#1050-d317 @A: 25 10 01 11 | 11
#1051-d317 @A: 11 01 08 35 | 05
#1052-d317 @A: 09 24 34 26 | 12
#1053-d317 @A: 09 15 26 23 | 03
#1054-d317 @A: 26 20 03 14 | 04
#1055-d317 @A: 28 26 06 31 | 06
#1056-d317 @A: 24 16 26 07 | 07
#1057-d317 @A: 03 26 28 23 | 10
#1058-d317 @A: 19 26 15 32 | 01
#1059-d317 @A: 16 26 18 04 | 02
#1060-d317 @A: 15 31 26 29 | 08
#1061-d317 @A: 31 12 02 26 | 09
#1062-d317 @A: 04 09 14 30 | 11
#1063-d317 @A: 07 24 09 14 | 05
#1064-d317 @A: 28 09 32 06 | 12
#1065-d317 @A: 02 09 06 35 | 03
#1066-d317 @A: 09 34 35 25 | 04
#1067-d317 @A: 09 35 24 13 | 06
#1068-d317 @A: 23 20 09 32 | 07
#1069-d317 @A: 09 31 03 35 | 10
#1070-d317 @A: 10 13 02 09 | 01
#1071-d317 @A: 29 12 09 13 | 02
#1072-d317 @A: 09 15 16 01 | 08
#1073-d317 @A: 04 31 05 09 | 09
#1074-d317 @A: 29 09 18 19 | 11
#1075-d317 @A: 30 14 29 35 | 05
#1076-d317 @A: 14 13 34 35 | 12
#1077-d317 @A: 28 14 24 19 | 03
#1078-d317 @A: 14 23 15 13 | 04
#1079-d317 @A: 14 16 02 01 | 06
#1080-d317 @A: 14 05 10 08 | 07
#1081-d317 @A: 08 07 12 14 | 10
#1082-d317 @A: 29 06 16 24 | 01
#1083-d317 @A: 25 20 06 01 | 02
#1084-d317 @A: 05 18 20 06 | 08
#1085-d317 @A: 04 06 03 05 | 09
#1086-d317 @A: 10 06 04 18 | 11
#1087-d317 @A: 23 35 30 08 | 05
#1088-d317 @A: 23 05 13 30 | 12
#1089-d317 @A: 19 28 35 30 | 03
#1090-d317 @A: 16 32 30 13 | 04
#1091-d317 @A: 19 30 03 10 | 06
#1092-d317 @A: 02 15 03 30 | 07
#1093-d317 @A: 18 31 30 02 | 10
#1094-d317 @A: 07 12 02 30 | 01
#1095-d317 @A: 29 19 30 01 | 02
#1096-d317 @A: 28 23 31 34 | 08
#1097-d317 @A: 08 27 34 28 | 09
#1098-d317 @A: 34 35 29 18 | 11
#1099-d317 @A: 03 01 34 08 | 05
#1100-d317 @A: 20 23 19 24 | 12
#1101-d317 @A: 28 25 32 24 | 03
#1102-d317 @A: 08 24 32 10 | 04
#1103-d317 @A: 01 29 24 32 | 06
#1104-d317 @A: 23 29 28 27 | 07
#1105-d317 @A: 08 15 16 23 | 10
#1106-d317 @A: 10 20 27 19 | 01
#1107-d317 @A: 20 12 16 35 | 02
#1108-d317 @A: 10 20 15 13 | 08
#1109-d317 @A: 25 04 28 10 | 09
#1110-d317 @A: 32 10 29 28 | 11
#1111-d317 @A: 28 18 16 03 | 05
#1112-d317 @A: 28 19 16 10 | 12
#1113-d317 @A: 12 10 28 05 | 03
#1114-d317 @A: 01 28 18 03 | 04
#1115-d317 @A: 32 27 10 04 | 06
#1116-d317 @A: 19 02 27 32 | 07
#1117-d317 @A: 04 27 02 13 | 10
#1118-d317 @A: 04 18 27 08 | 01
#1119-d317 @A: 27 19 18 31 | 02
#1120-d317 @A: 12 04 29 27 | 08
#1121-d317 @A: 08 25 02 35 | 09
#1122-d317 @A: 25 13 32 01 | 11
#1123-d317 @A: 29 25 05 12 | 05
#1124-d317 @A: 01 25 07 04 | 12
#1125-d317 @A: 35 12 13 05 | 03
#1126-d317 @A: 18 07 35 13 | 04
#1127-d317 @A: 15 35 16 07 | 06
#1128-d317 @A: 05 35 29 01 | 07
#1129-d317 @A: 12 19 35 02 | 10
#1130-d317 @A: 22 11 12 33 | 01
#1131-d317 @A: 09 13 22 33 | 02
#1132-d317 @A: 22 13 01 33 | 08
#1133-d317 @A: 16 24 33 21 | 09
#1134-d317 @A: 08 17 26 33 | 11
#1135-d317 @A: 33 17 04 06 | 05
#1136-d317 @A: 01 17 15 33 | 12
#1137-d317 @A: 06 29 11 33 | 03
#1138-d317 @A: 11 20 33 05 | 04
#1139-d317 @A: 07 18 26 33 | 06
#1140-d317 @A: 34 31 14 33 | 07
#1141-d317 @A: 33 08 23 14 | 10
#1142-d317 @A: 14 13 33 20 | 01
#1143-d317 @A: 10 06 33 08 | 02
#1144-d317 @A: 24 33 08 31 | 08
#1145-d317 @A: 33 18 20 27 | 09
#1146-d317 @A: 33 20 01 32 | 11
#1147-d317 @A: 33 13 05 04 | 05
#1148-d317 @A: 13 33 19 31 | 12
#1149-d317 @A: 12 05 15 33 | 03
#1150-d317 @A: 04 19 07 33 | 04
#1151-d317 @A: 05 22 14 21 | 06
#1152-d317 @A: 07 17 25 22 | 07
#1153-d317 @A: 11 08 34 22 | 10
#1154-d317 @A: 22 30 26 28 | 01
#1155-d317 @A: 20 26 32 22 | 02
#1156-d317 @A: 13 27 26 22 | 08
#1157-d317 @A: 09 14 22 19 | 09
#1158-d317 @A: 09 29 22 02 | 11
#1159-d317 @A: 06 12 29 22 | 05
#1160-d317 @A: 29 30 05 22 | 12
#1161-d317 @A: 03 34 07 22 | 03
#1162-d317 @A: 24 22 32 23 | 04
#1163-d317 @A: 22 24 25 35 | 06
#1164-d317 @A: 15 20 22 25 | 07
#1165-d317 @A: 02 22 08 13 | 10
#1166-d317 @A: 13 10 22 04 | 01
#1167-d317 @A: 13 12 22 07 | 02
#1168-d317 @A: 31 22 10 02 | 08
#1169-d317 @A: 21 16 17 05 | 09
#1170-d317 @A: 17 21 31 29 | 11
#1171-d317 @A: 12 26 14 21 | 05
#1172-d317 @A: 26 21 28 29 | 12
#1173-d317 @A: 10 09 28 21 | 03
#1174-d317 @A: 03 14 21 25 | 04
#1175-d317 @A: 21 24 30 12 | 06
#1176-d317 @A: 21 35 30 18 | 07
#1177-d317 @A: 34 21 08 13 | 10
#1178-d317 @A: 21 07 03 28 | 01
#1179-d317 @A: 07 15 21 18 | 02
#1180-d317 @A: 17 16 11 09 | 08
#1181-d317 @A: 17 08 11 23 | 09
#1182-d317 @A: 11 17 27 29 | 11
#1183-d317 @A: 17 09 26 05 | 05
#1184-d317 @A: 03 09 17 30 | 12
#1185-d317 @A: 17 09 01 27 | 03
#1186-d317 @A: 17 25 32 09 | 04
#1187-d317 @A: 23 34 17 06 | 06
#1188-d317 @A: 25 13 34 17 | 07
#1189-d317 @A: 23 17 16 24 | 10
#1190-d317 @A: 17 20 23 28 | 01
#1191-d317 @A: 01 32 23 17 | 02
#1192-d317 @A: 01 20 02 17 | 08
#1193-d317 @A: 08 17 05 35 | 09
#1194-d317 @A: 03 05 17 31 | 11
#1195-d317 @A: 01 11 24 26 | 05
#1196-d317 @A: 09 14 31 11 | 12
#1197-d317 @A: 11 24 09 08 | 03
#1198-d317 @A: 20 14 11 10 | 04
#1199-d317 @A: 11 06 10 30 | 06
#1200-d317 @A: 18 11 06 35 | 07
#1201-d317 @A: 30 11 20 01 | 10
#1202-d317 @A: 15 11 30 29 | 01
#1203-d317 @A: 11 07 28 27 | 02
#1204-d317 @A: 29 13 07 11 | 08
#1205-d317 @A: 29 18 04 11 | 09
#1206-d317 @A: 25 24 26 02 | 11
#1207-d317 @A: 10 26 35 24 | 05
#1208-d317 @A: 26 04 24 08 | 12
#1209-d317 @A: 26 12 27 23 | 03
#1210-d317 @A: 26 25 23 16 | 04
#1211-d317 @A: 19 25 28 26 | 06
#1212-d317 @A: 35 01 26 03 | 07
#1213-d317 @A: 16 03 02 26 | 10
#1214-d317 @A: 19 03 18 26 | 01
#1215-d317 @A: 09 06 10 05 | 02
#1216-d317 @A: 24 09 02 30 | 08
#1217-d317 @A: 09 23 24 12 | 09
#1218-d317 @A: 09 04 20 27 | 11
#1219-d317 @A: 28 15 35 09 | 05
#1220-d317 @A: 27 35 18 09 | 12
#1221-d317 @A: 18 09 32 15 | 03
#1222-d317 @A: 10 31 07 09 | 04
#1223-d317 @A: 19 12 10 09 | 06
#1224-d317 @A: 09 07 18 02 | 07
#1225-d317 @A: 05 31 30 14 | 10
#1226-d317 @A: 30 14 18 12 | 01
#1227-d317 @A: 19 34 20 14 | 02
#1228-d317 @A: 14 07 35 20 | 08
#1229-d317 @A: 28 14 29 16 | 09
#1230-d317 @A: 13 32 10 14 | 11
#1231-d317 @A: 16 10 14 12 | 05
#1232-d317 @A: 12 14 05 04 | 12
#1233-d317 @A: 30 06 18 01 | 03
#1234-d317 @A: 06 07 30 29 | 04
#1235-d317 @A: 16 34 06 08 | 06
#1236-d317 @A: 02 34 12 06 | 07
#1237-d317 @A: 13 24 20 06 | 10
#1238-d317 @A: 06 10 20 23 | 01
#1239-d317 @A: 05 27 06 13 | 02
#1240-d317 @A: 06 35 01 02 | 08
#1241-d317 @A: 06 10 16 03 | 09
#1242-d317 @A: 18 07 06 16 | 11
#1243-d317 @A: 01 24 28 30 | 05
#1244-d317 @A: 03 20 35 30 | 12
#1245-d317 @A: 15 30 04 19 | 03
#1246-d317 @A: 08 32 05 34 | 04
#1247-d317 @A: 34 32 29 03 | 06
#1248-d317 @A: 16 15 29 34 | 07
#1249-d317 @A: 31 02 23 24 | 10
#1250-d317 @A: 07 02 24 27 | 01
#1251-d317 @A: 15 12 16 24 | 02
#1252-d317 @A: 24 18 31 29 | 08
#1253-d317 @A: 20 15 35 23 | 09
#1254-d317 @A: 23 35 12 07 | 11
#1255-d317 @A: 23 10 15 32 | 05
#1256-d317 @A: 03 23 08 31 | 12
#1257-d317 @A: 03 16 20 13 | 03
#1258-d317 @A: 20 01 03 13 | 04
#1259-d317 @A: 04 29 15 20 | 06
#1260-d317 @A: 01 19 16 28 | 07
#1261-d317 @A: 16 05 03 27 | 10
#1262-d317 @A: 02 29 16 27 | 01
#1263-d317 @A: 05 01 04 27 | 02
#1264-d317 @A: 03 27 31 15 | 08
#1265-d317 @A: 12 01 27 31 | 09
#1266-d317 @A: 07 35 25 10 | 11
#1267-d317 @A: 07 05 19 25 | 05
#1268-d317 @A: 02 25 19 29 | 12
#1269-d317 @A: 02 35 32 31 | 03
#1270-d317 @A: 02 15 35 13 | 04
#1271-d317 @A: 16 35 10 18 | 06
#1272-d317 @A: 18 04 03 35 | 07
#1273-d317 @A: 19 05 01 32 | 10
#1274-d317 @A: 08 30 21 33 | 01
#1275-d317 @A: 33 21 04 18 | 02
#1276-d317 @A: 33 12 17 23 | 08
#1277-d317 @A: 17 33 20 32 | 09
#1278-d317 @A: 03 11 10 33 | 11
#1279-d317 @A: 33 29 14 24 | 05
#1280-d317 @A: 14 33 05 35 | 12
#1281-d317 @A: 05 30 19 33 | 03
#1282-d317 @A: 10 33 12 34 | 04
#1283-d317 @A: 02 33 04 34 | 06
#1284-d317 @A: 28 12 33 24 | 07
#1285-d317 @A: 23 33 04 35 | 10
#1286-d317 @A: 03 33 32 31 | 01
#1287-d317 @A: 04 33 16 15 | 02
#1288-d317 @A: 22 08 21 23 | 08
#1289-d317 @A: 19 26 11 22 | 09
#1290-d317 @A: 30 09 22 32 | 11
#1291-d317 @A: 15 22 09 08 | 05
#1292-d317 @A: 22 12 14 23 | 12
#1293-d317 @A: 06 22 01 31 | 03
#1294-d317 @A: 22 12 30 01 | 04
#1295-d317 @A: 22 24 07 04 | 06
#1296-d317 @A: 05 04 32 22 | 07
#1297-d317 @A: 07 22 10 19 | 10
#1298-d317 @A: 19 04 22 12 | 01
#1299-d317 @A: 21 17 30 28 | 02
#1300-d317 @A: 09 18 11 21 | 08
#1301-d317 @A: 24 21 09 05 | 09
#1302-d317 @A: 31 06 21 30 | 11
#1303-d317 @A: 06 32 21 34 | 05
#1304-d317 @A: 35 21 34 10 | 12
#1305-d317 @A: 15 08 21 20 | 03
#1306-d317 @A: 16 13 19 21 | 04
#1307-d317 @A: 13 15 05 21 | 06
#1308-d317 @A: 29 21 18 16 | 07
#1309-d317 @A: 12 08 21 31 | 10
#1310-d317 @A: 21 10 02 08 | 01
#1311-d317 @A: 27 17 18 26 | 02
#1312-d317 @A: 06 17 13 07 | 08
#1313-d317 @A: 19 24 30 17 | 09
#1314-d317 @A: 17 27 03 20 | 11
#1315-d317 @A: 32 02 28 17 | 05
#1316-d317 @A: 17 07 15 28 | 12
#1317-d317 @A: 17 27 25 12 | 03
#1318-d317 @A: 17 27 15 35 | 04
#1319-d317 @A: 17 04 32 13 | 06
#1320-d317 @A: 17 16 08 04 | 07
#1321-d317 @A: 17 19 18 10 | 10
#1322-d317 @A: 29 04 19 17 | 01
#1323-d317 @A: 26 34 05 11 | 02
#1324-d317 @A: 11 25 13 26 | 08
#1325-d317 @A: 06 27 19 11 | 09
#1326-d317 @A: 12 11 20 30 | 11
#1327-d317 @A: 34 23 11 12 | 05
#1328-d317 @A: 23 07 11 20 | 12
#1329-d317 @A: 35 11 03 23 | 03
#1330-d317 @A: 25 11 20 32 | 04
#1331-d317 @A: 31 25 27 11 | 06
#1332-d317 @A: 11 19 31 02 | 07
#1333-d317 @A: 11 02 07 01 | 10
#1334-d317 @A: 09 26 06 03 | 01
#1335-d317 @A: 02 26 13 34 | 02
#1336-d317 @A: 34 01 26 05 | 08
#1337-d317 @A: 23 07 26 01 | 09
#1338-d317 @A: 35 20 18 26 | 11
#1339-d317 @A: 26 27 25 35 | 05
#1340-d317 @A: 27 16 26 08 | 12
#1341-d317 @A: 15 10 16 26 | 03
#1342-d317 @A: 31 30 23 09 | 04
#1343-d317 @A: 30 25 09 29 | 06
#1344-d317 @A: 31 27 09 24 | 07
#1345-d317 @A: 19 05 20 09 | 10
#1346-d317 @A: 28 09 25 02 | 01
#1347-d317 @A: 19 27 08 09 | 02
#1348-d317 @A: 08 13 09 05 | 08
#1349-d317 @A: 12 16 31 09 | 09
#1350-d317 @A: 09 31 19 15 | 11
#1351-d317 @A: 23 02 06 14 | 05
#1352-d317 @A: 06 20 14 32 | 12
#1353-d317 @A: 19 14 01 30 | 03
#1354-d317 @A: 24 34 14 05 | 04
#1355-d317 @A: 29 34 23 14 | 06
#1356-d317 @A: 27 35 19 14 | 07
#1357-d317 @A: 03 18 07 14 | 10
#1358-d317 @A: 25 06 34 10 | 01
#1359-d317 @A: 05 34 07 06 | 02
#1360-d317 @A: 06 27 04 28 | 08
#1361-d317 @A: 25 32 27 06 | 09
#1362-d317 @A: 30 07 24 25 | 11
#1363-d317 @A: 04 23 30 03 | 05
#1364-d317 @A: 10 27 01 30 | 12
#1365-d317 @A: 07 30 15 13 | 03
#1366-d317 @A: 30 16 29 04 | 04
#1367-d317 @A: 15 05 10 30 | 06
#1368-d317 @A: 25 34 32 23 | 07
#1369-d317 @A: 05 34 20 28 | 10
#1370-d317 @A: 19 34 32 12 | 01
#1371-d317 @A: 31 29 19 34 | 02
#1372-d317 @A: 29 07 12 34 | 08
#1373-d317 @A: 35 02 24 20 | 09
#1374-d317 @A: 01 16 24 25 | 11
#1375-d317 @A: 32 24 31 13 | 05
#1376-d317 @A: 05 02 24 13 | 12
#1377-d317 @A: 24 18 16 02 | 03
#1378-d317 @A: 08 15 24 05 | 04
#1379-d317 @A: 18 03 12 24 | 06
#1380-d317 @A: 20 27 23 16 | 07
#1381-d317 @A: 02 23 28 18 | 10
#1382-d317 @A: 27 02 23 35 | 01
#1383-d317 @A: 23 16 10 05 | 02
#1384-d317 @A: 23 12 01 19 | 08
#1385-d317 @A: 16 31 20 10 | 09
#1386-d317 @A: 20 12 29 03 | 11
#1387-d317 @A: 12 20 02 10 | 05
#1388-d317 @A: 04 20 15 01 | 12
#1389-d317 @A: 10 15 28 18 | 03
#1390-d317 @A: 01 25 27 03 | 04
#1391-d317 @A: 31 27 08 32 | 06
#1392-d317 @A: 13 27 08 07 | 07
#1393-d317 @A: 08 27 03 02 | 10
#1394-d317 @A: 13 19 35 25 | 01
#1395-d317 @A: 16 05 35 25 | 02
#1396-d317 @A: 25 10 16 13 | 08
#1397-d317 @A: 03 08 13 25 | 09
#1398-d317 @A: 25 02 13 07 | 11
#1399-d317 @A: 31 08 29 25 | 05
#1400-d317 @A: 01 08 25 12 | 12
#1401-d317 @A: 25 07 18 04 | 03
#1402-d317 @A: 35 32 01 18 | 04
#1403-d317 @A: 11 18 33 17 | 06
#1404-d317 @A: 33 27 09 26 | 07
#1405-d317 @A: 26 34 03 33 | 10
#1406-d317 @A: 26 33 23 10 | 01
#1407-d317 @A: 12 01 26 33 | 02
#1408-d317 @A: 18 33 30 09 | 08
#1409-d317 @A: 15 32 06 33 | 09
#1410-d317 @A: 34 28 30 33 | 11
#1411-d317 @A: 24 33 10 30 | 05
#1412-d317 @A: 01 35 33 34 | 12
#1413-d317 @A: 24 15 35 33 | 03
#1414-d317 @A: 23 19 33 02 | 04
#1415-d317 @A: 20 25 19 33 | 06
#1416-d317 @A: 07 33 03 13 | 07
#1417-d317 @A: 18 33 05 08 | 10
#1418-d317 @A: 29 18 03 33 | 01
#1419-d317 @A: 04 29 10 33 | 02
#1420-d317 @A: 12 33 18 02 | 08
#1421-d317 @A: 02 01 22 21 | 09
#1422-d317 @A: 06 22 05 17 | 11
#1423-d317 @A: 06 22 07 11 | 05
#1424-d317 @A: 30 31 11 22 | 12
#1425-d317 @A: 22 11 16 20 | 03
#1426-d317 @A: 27 11 18 22 | 04
#1427-d317 @A: 20 09 22 12 | 06
#1428-d317 @A: 22 09 25 05 | 07
#1429-d317 @A: 14 22 03 35 | 10
#1430-d317 @A: 30 27 20 22 | 01
#1431-d317 @A: 35 30 12 22 | 02
#1432-d317 @A: 22 28 24 18 | 08
#1433-d317 @A: 25 23 22 02 | 09
#1434-d317 @A: 22 27 25 08 | 11
#1435-d317 @A: 16 13 22 05 | 05
#1436-d317 @A: 02 05 19 22 | 12
#1437-d317 @A: 21 20 11 17 | 03
#1438-d317 @A: 26 21 17 02 | 04
#1439-d317 @A: 32 21 11 04 | 06
#1440-d317 @A: 24 26 23 21 | 07
#1441-d317 @A: 26 20 21 13 | 10
#1442-d317 @A: 04 21 14 06 | 01
#1443-d317 @A: 14 23 21 16 | 02
#1444-d317 @A: 15 14 35 21 | 08
#1445-d317 @A: 06 07 20 21 | 09
#1446-d317 @A: 21 32 30 25 | 11
#1447-d317 @A: 20 18 34 21 | 05
#1448-d317 @A: 27 16 21 34 | 12
#1449-d317 @A: 20 21 04 24 | 03
#1450-d317 @A: 24 28 13 21 | 04
#1451-d317 @A: 03 24 35 21 | 06
#1452-d317 @A: 24 32 07 21 | 07
#1453-d317 @A: 21 23 01 08 | 10
#1454-d317 @A: 21 12 28 35 | 01
#1455-d317 @A: 21 16 35 02 | 02
#1456-d317 @A: 21 13 32 02 | 08
#1457-d317 @A: 21 03 31 16 | 09
#1458-d317 @A: 21 04 10 16 | 11
#1459-d317 @A: 31 15 02 21 | 05
#1460-d317 @A: 18 01 21 15 | 12
#1461-d317 @A: 03 26 17 11 | 03
#1462-d317 @A: 17 24 13 26 | 04
#1463-d317 @A: 17 16 26 28 | 06
#1464-d317 @A: 17 25 18 06 | 07
#1465-d317 @A: 07 01 17 06 | 10
#1466-d317 @A: 30 17 27 10 | 01
#1467-d317 @A: 19 17 28 27 | 02
#1468-d317 @A: 07 02 17 08 | 08
#1469-d317 @A: 01 11 05 14 | 09
#1470-d317 @A: 06 28 12 11 | 11
#1471-d317 @A: 08 02 11 30 | 05
#1472-d317 @A: 12 31 11 24 | 12
#1473-d317 @A: 29 28 35 11 | 03
#1474-d317 @A: 28 11 03 19 | 04
#1475-d317 @A: 32 27 01 11 | 06
#1476-d317 @A: 18 05 11 32 | 07
#1477-d317 @A: 01 04 11 03 | 10
#1478-d317 @A: 07 11 12 10 | 01
#1479-d317 @A: 10 26 09 32 | 02
#1480-d317 @A: 26 19 09 07 | 08
#1481-d317 @A: 32 14 26 25 | 09
#1482-d317 @A: 30 24 31 26 | 11
#1483-d317 @A: 29 30 26 23 | 05
#1484-d317 @A: 18 25 30 26 | 12
#1485-d317 @A: 34 16 26 20 | 03
#1486-d317 @A: 04 34 26 32 | 04
#1487-d317 @A: 27 02 05 26 | 06
#1488-d317 @A: 25 31 03 26 | 07
#1489-d317 @A: 32 29 26 18 | 10
#1490-d317 @A: 26 16 29 01 | 01
#1491-d317 @A: 07 26 31 08 | 02
#1492-d317 @A: 26 12 03 04 | 08
#1493-d317 @A: 09 02 34 14 | 09
#1494-d317 @A: 09 03 23 14 | 11
#1495-d317 @A: 32 14 09 08 | 05
#1496-d317 @A: 08 09 34 23 | 12
#1497-d317 @A: 13 09 34 20 | 03
#1498-d317 @A: 29 20 09 01 | 04
#1499-d317 @A: 27 28 09 05 | 06
#1500-d317 @A: 05 07 15 09 | 07
#1501-d317 @A: 04 03 10 09 | 10
#1502-d317 @A: 09 10 04 01 | 01
#1503-d317 @A: 34 14 32 27 | 02
#1504-d317 @A: 20 14 24 16 | 08
#1505-d317 @A: 14 23 27 18 | 09
#1506-d317 @A: 32 23 19 14 | 11
#1507-d317 @A: 29 14 27 20 | 05
#1508-d317 @A: 20 14 01 12 | 12
#1509-d317 @A: 28 35 32 14 | 03
#1510-d317 @A: 12 27 14 13 | 04
#1511-d317 @A: 14 01 27 13 | 06
#1512-d317 @A: 10 02 25 14 | 07
#1513-d317 @A: 14 15 03 16 | 10
#1514-d317 @A: 04 01 31 14 | 01
#1515-d317 @A: 10 14 19 15 | 02
#1516-d317 @A: 29 14 18 02 | 08
#1517-d317 @A: 07 14 02 04 | 09
#1518-d317 @A: 02 24 06 28 | 11
#1519-d317 @A: 06 03 19 32 | 05
#1520-d317 @A: 19 06 29 10 | 12
#1521-d317 @A: 18 32 28 30 | 03
#1522-d317 @A: 03 13 30 28 | 04
#1523-d317 @A: 13 18 30 08 | 06
#1524-d317 @A: 03 07 30 16 | 07
#1525-d317 @A: 18 30 29 10 | 10
#1526-d317 @A: 23 24 34 13 | 01
#1527-d317 @A: 25 18 19 34 | 02
#1528-d317 @A: 32 13 18 34 | 08
#1529-d317 @A: 15 19 34 13 | 09
#1530-d317 @A: 15 08 34 12 | 11
#1531-d317 @A: 08 34 04 29 | 05
#1532-d317 @A: 07 15 01 34 | 12
#1533-d317 @A: 24 25 04 27 | 03
#1534-d317 @A: 27 24 08 12 | 04
#1535-d317 @A: 07 24 10 13 | 06
#1536-d317 @A: 05 16 24 19 | 07
#1537-d317 @A: 01 15 03 24 | 10
#1538-d317 @A: 31 15 24 10 | 01
#1539-d317 @A: 18 24 01 10 | 02
#1540-d317 @A: 02 12 29 24 | 08
#1541-d317 @A: 25 27 15 23 | 09
#1542-d317 @A: 03 23 02 32 | 11
#1543-d317 @A: 23 04 12 16 | 05
#1544-d317 @A: 12 05 23 19 | 12
#1545-d317 @A: 12 23 03 15 | 03
#1546-d317 @A: 18 20 28 13 | 04
#1547-d317 @A: 32 31 07 20 | 06
#1548-d317 @A: 05 20 10 04 | 07
#1549-d317 @A: 20 07 19 02 | 10
#1550-d317 @A: 15 28 03 05 | 01
#1551-d317 @A: 15 28 02 19 | 02
#1552-d317 @A: 28 15 12 29 | 08
#1553-d317 @A: 32 27 12 16 | 09
#1554-d317 @A: 18 27 13 16 | 11
#1555-d317 @A: 27 19 16 07 | 05
#1556-d317 @A: 15 08 10 27 | 12
#1557-d317 @A: 01 27 08 29 | 03
#1558-d317 @A: 25 32 15 35 | 04
#1559-d317 @A: 19 25 18 01 | 06
#1560-d317 @A: 04 32 07 35 | 07
#1561-d317 @A: 01 35 13 15 | 10
#1562-d317 @A: 33 14 22 10 | 01
#1563-d317 @A: 33 23 22 07 | 02
#1564-d317 @A: 22 33 16 18 | 08
#1565-d317 @A: 14 21 09 33 | 09
#1566-d317 @A: 34 23 33 21 | 11
#1567-d317 @A: 21 33 31 25 | 05
#1568-d317 @A: 26 11 31 33 | 12
#1569-d317 @A: 04 11 33 14 | 03
#1570-d317 @A: 08 11 33 27 | 04
#1571-d317 @A: 26 12 33 20 | 06
#1572-d317 @A: 10 09 33 16 | 07
#1573-d317 @A: 33 23 06 13 | 10
#1574-d317 @A: 07 16 34 33 | 01
#1575-d317 @A: 33 03 02 28 | 02
#1576-d317 @A: 25 10 27 33 | 08
#1577-d317 @A: 33 32 16 05 | 09
#1578-d317 @A: 31 12 33 07 | 11
#1579-d317 @A: 17 18 22 09 | 05
#1580-d317 @A: 04 28 22 09 | 12
#1581-d317 @A: 01 22 09 32 | 03
#1582-d317 @A: 22 04 34 14 | 04
#1583-d317 @A: 22 28 13 14 | 06
#1584-d317 @A: 06 30 08 22 | 07
#1585-d317 @A: 22 34 02 30 | 10
#1586-d317 @A: 01 34 16 22 | 01
#1587-d317 @A: 28 22 23 05 | 02
#1588-d317 @A: 23 22 27 31 | 08
#1589-d317 @A: 23 22 15 04 | 09
#1590-d317 @A: 22 27 15 01 | 11
#1591-d317 @A: 35 01 22 07 | 05
#1592-d317 @A: 19 22 31 32 | 12
#1593-d317 @A: 29 32 22 15 | 03
#1594-d317 @A: 15 13 22 03 | 04
#1595-d317 @A: 19 06 21 17 | 06
#1596-d317 @A: 17 30 01 21 | 07
#1597-d317 @A: 08 17 21 27 | 10
#1598-d317 @A: 11 26 21 07 | 01
#1599-d317 @A: 01 11 21 16 | 02
#1600-d317 @A: 21 31 26 27 | 08
#1601-d317 @A: 15 21 09 30 | 09
#1602-d317 @A: 02 14 30 21 | 11
#1603-d317 @A: 20 14 21 28 | 05
#1604-d317 @A: 05 06 23 21 | 12
#1605-d317 @A: 06 21 15 28 | 03
#1606-d317 @A: 21 31 24 34 | 04
#1607-d317 @A: 35 27 21 13 | 06
#1608-d317 @A: 21 07 13 31 | 07
#1609-d317 @A: 21 13 10 29 | 10
#1610-d317 @A: 21 08 16 07 | 01
#1611-d317 @A: 04 05 21 08 | 02
#1612-d317 @A: 10 21 29 01 | 08
#1613-d317 @A: 25 17 11 15 | 09
#1614-d317 @A: 17 14 26 07 | 11
#1615-d317 @A: 09 07 17 35 | 05
#1616-d317 @A: 17 02 14 24 | 12
#1617-d317 @A: 05 17 14 23 | 03
#1618-d317 @A: 03 17 14 32 | 04
#1619-d317 @A: 10 17 35 06 | 06
#1620-d317 @A: 08 06 11 26 | 07
#1621-d317 @A: 02 09 27 11 | 10
#1622-d317 @A: 14 13 24 11 | 01
#1623-d317 @A: 11 14 16 19 | 02
#1624-d317 @A: 06 11 01 12 | 08
#1625-d317 @A: 18 23 11 16 | 09
#1626-d317 @A: 11 25 18 28 | 11
#1627-d317 @A: 13 28 15 11 | 05
#1628-d317 @A: 19 05 15 11 | 12
#1629-d317 @A: 03 11 08 15 | 03
#1630-d317 @A: 08 26 09 25 | 04
#1631-d317 @A: 15 26 06 24 | 06
#1632-d317 @A: 34 23 07 26 | 07
#1633-d317 @A: 19 26 04 23 | 10
#1634-d317 @A: 28 07 13 26 | 01
#1635-d317 @A: 19 26 29 13 | 02
#1636-d317 @A: 03 05 26 08 | 08
#1637-d317 @A: 02 10 26 19 | 09
#1638-d317 @A: 12 29 26 10 | 11
#1639-d317 @A: 34 10 09 30 | 05
#1640-d317 @A: 13 09 31 25 | 12
#1641-d317 @A: 32 09 29 31 | 03
#1642-d317 @A: 09 16 18 05 | 04
#1643-d317 @A: 09 08 02 31 | 06
#1644-d317 @A: 03 34 14 06 | 07
#1645-d317 @A: 30 27 08 14 | 10
#1646-d317 @A: 15 28 14 34 | 01
#1647-d317 @A: 32 16 14 18 | 02
#1648-d317 @A: 02 13 31 14 | 08
#1649-d317 @A: 16 07 14 05 | 09
#1650-d317 @A: 01 29 03 14 | 11
#1651-d317 @A: 31 12 19 14 | 05
#1652-d317 @A: 30 28 06 16 | 12
#1653-d317 @A: 20 31 35 06 | 03
#1654-d317 @A: 35 07 28 06 | 04
#1655-d317 @A: 06 31 16 02 | 06
#1656-d317 @A: 18 03 06 08 | 07
#1657-d317 @A: 27 30 03 34 | 10
#1658-d317 @A: 34 12 13 30 | 01
#1659-d317 @A: 30 25 20 31 | 02
#1660-d317 @A: 12 28 27 30 | 08
#1661-d317 @A: 30 04 01 35 | 09
#1662-d317 @A: 30 02 29 32 | 11
#1663-d317 @A: 30 08 16 10 | 05
#1664-d317 @A: 16 03 30 01 | 12
#1665-d317 @A: 04 08 12 30 | 03
#1666-d317 @A: 34 01 24 04 | 04
#1667-d317 @A: 35 23 05 34 | 06
#1668-d317 @A: 34 23 31 01 | 07
#1669-d317 @A: 32 20 34 35 | 10
#1670-d317 @A: 20 01 10 34 | 01
#1671-d317 @A: 02 13 01 34 | 02
#1672-d317 @A: 10 34 05 19 | 08
#1673-d317 @A: 31 07 02 34 | 09
#1674-d317 @A: 28 10 24 20 | 11
#1675-d317 @A: 13 24 16 08 | 05
#1676-d317 @A: 24 19 07 12 | 12
#1677-d317 @A: 05 02 08 23 | 03
#1678-d317 @A: 20 12 04 28 | 04
#1679-d317 @A: 02 32 18 20 | 06
#1680-d317 @A: 02 12 28 08 | 07
#1681-d317 @A: 15 27 19 29 | 10
#1682-d317 @A: 02 01 27 18 | 01
#1683-d317 @A: 32 25 16 08 | 02
#1684-d317 @A: 07 03 32 25 | 08
#1685-d317 @A: 03 16 25 04 | 09
#1686-d317 @A: 15 29 25 10 | 11
#1687-d317 @A: 13 10 03 35 | 05
#1688-d317 @A: 35 31 19 10 | 12
#1689-d317 @A: 29 02 35 04 | 03
