#0001-d321 @A: 14 08 24 07 | 09
#0002-d321 @A: 08 16 07 06 | 12
#0003-d321 @A: 08 07 28 30 | 06
#0004-d321 @A: 06 14 07 11 | 01
#0005-d321 @A: 14 15 13 07 | 11
#0006-d321 @A: 34 12 07 14 | 10
#0007-d321 @A: 07 03 02 05 | 03
#0008-d321 @A: 30 22 07 02 | 08
#0009-d321 @A: 04 19 07 34 | 04
#0010-d321 @A: 31 07 18 16 | 07
#0011-d321 @A: 31 09 07 11 | 05
#0012-d321 @A: 07 20 30 17 | 02
#0013-d321 @A: 07 22 35 12 | 09
#0014-d321 @A: 26 29 35 07 | 12
#0015-d321 @A: 28 27 18 07 | 06
#0016-d321 @A: 22 29 11 07 | 01
#0017-d321 @A: 24 09 03 07 | 11
#0018-d321 @A: 29 33 03 07 | 10
#0019-d321 @A: 29 01 07 24 | 03
#0020-d321 @A: 07 32 01 34 | 08
#0021-d321 @A: 30 27 07 10 | 04
#0022-d321 @A: 07 33 24 34 | 07
#0023-d321 @A: 21 15 07 34 | 05
#0024-d321 @A: 01 08 06 14 | 02
#0025-d321 @A: 32 08 06 05 | 09
#0026-d321 @A: 24 08 28 06 | 12
#0027-d321 @A: 02 01 08 31 | 06
#0028-d321 @A: 19 27 29 08 | 01
#0029-d321 @A: 35 28 26 08 | 11
#0030-d321 @A: 09 08 22 16 | 10
#0031-d321 @A: 08 15 13 03 | 03
#0032-d321 @A: 29 08 03 24 | 08
#0033-d321 @A: 15 21 11 08 | 04
#0034-d321 @A: 04 08 15 26 | 07
#0035-d321 @A: 08 34 15 24 | 05
#0036-d321 @A: 26 05 06 14 | 02
#0037-d321 @A: 17 23 06 14 | 09
#0038-d321 @A: 02 29 30 14 | 12
#0039-d321 @A: 02 28 10 14 | 06
#0040-d321 @A: 09 14 11 19 | 01
#0041-d321 @A: 05 23 30 14 | 11
#0042-d321 @A: 25 14 20 31 | 10
#0043-d321 @A: 34 24 14 31 | 03
#0044-d321 @A: 21 03 20 14 | 08
#0045-d321 @A: 22 14 17 01 | 04
#0046-d321 @A: 33 14 27 23 | 07
#0047-d321 @A: 28 14 09 34 | 05
#0048-d321 @A: 29 10 14 03 | 02
#0049-d321 @A: 29 13 17 14 | 09
#0050-d321 @A: 14 29 26 04 | 12
#0051-d321 @A: 01 11 14 30 | 06
#0052-d321 @A: 04 14 15 16 | 01
#0053-d321 @A: 15 21 12 14 | 11
#0054-d321 @A: 25 14 30 15 | 10
#0055-d321 @A: 12 27 14 24 | 03
#0056-d321 @A: 14 27 32 21 | 08
#0057-d321 @A: 30 14 34 32 | 04
#0058-d321 @A: 05 02 04 06 | 07
#0059-d321 @A: 02 20 30 06 | 05
#0060-d321 @A: 06 20 17 11 | 02
#0061-d321 @A: 04 35 28 06 | 09
#0062-d321 @A: 22 06 26 28 | 12
#0063-d321 @A: 16 23 34 06 | 06
#0064-d321 @A: 09 06 24 12 | 01
#0065-d321 @A: 13 06 03 34 | 11
#0066-d321 @A: 06 33 28 10 | 10
#0067-d321 @A: 33 04 25 06 | 03
#0068-d321 @A: 25 15 06 21 | 08
#0069-d321 @A: 05 02 17 18 | 04
#0070-d321 @A: 02 29 31 17 | 07
#0071-d321 @A: 02 13 20 34 | 05
#0072-d321 @A: 29 20 25 02 | 02
#0073-d321 @A: 35 02 34 18 | 09
#0074-d321 @A: 18 22 02 21 | 12
#0075-d321 @A: 11 23 02 13 | 06
#0076-d321 @A: 34 29 02 23 | 01
#0077-d321 @A: 16 02 21 09 | 11
#0078-d321 @A: 33 10 02 29 | 10
#0079-d321 @A: 26 32 02 21 | 03
#0080-d321 @A: 29 19 33 05 | 08
#0081-d321 @A: 05 28 25 19 | 04
#0082-d321 @A: 34 35 31 19 | 07
#0083-d321 @A: 19 11 35 27 | 05
#0084-d321 @A: 19 30 11 18 | 02
#0085-d321 @A: 24 19 22 09 | 09
#0086-d321 @A: 19 28 27 15 | 12
#0087-d321 @A: 11 21 33 19 | 06
#0088-d321 @A: 24 10 04 19 | 01
#0089-d321 @A: 16 19 17 33 | 11
#0090-d321 @A: 33 05 18 23 | 10
#0091-d321 @A: 18 16 05 32 | 03
#0092-d321 @A: 03 21 05 28 | 08
#0093-d321 @A: 27 05 29 30 | 04
#0094-d321 @A: 01 05 32 21 | 07
#0095-d321 @A: 11 05 21 25 | 05
#0096-d321 @A: 10 05 32 04 | 02
#0097-d321 @A: 05 25 27 12 | 09
#0098-d321 @A: 31 20 22 12 | 12
#0099-d321 @A: 31 22 35 15 | 06
#0100-d321 @A: 31 10 21 09 | 01
#0101-d321 @A: 27 26 09 31 | 11
#0102-d321 @A: 31 27 11 13 | 10
#0103-d321 @A: 30 29 12 31 | 03
#0104-d321 @A: 04 01 31 32 | 08
#0105-d321 @A: 30 31 11 16 | 04
#0106-d321 @A: 10 32 34 31 | 07
#0107-d321 @A: 17 12 27 31 | 05
#0108-d321 @A: 30 26 31 21 | 02
#0109-d321 @A: 20 10 17 18 | 09
#0110-d321 @A: 11 10 13 20 | 12
#0111-d321 @A: 13 12 16 20 | 06
#0112-d321 @A: 21 25 20 26 | 01
#0113-d321 @A: 18 32 35 23 | 11
#0114-d321 @A: 18 25 35 29 | 10
#0115-d321 @A: 23 03 17 35 | 03
#0116-d321 @A: 23 25 15 35 | 08
#0117-d321 @A: 35 29 09 16 | 04
#0118-d321 @A: 24 16 03 35 | 07
#0119-d321 @A: 35 29 30 04 | 05
#0120-d321 @A: 35 21 34 25 | 02
#0121-d321 @A: 27 35 34 24 | 09
#0122-d321 @A: 18 17 22 28 | 12
#0123-d321 @A: 25 18 21 12 | 06
#0124-d321 @A: 30 22 32 04 | 01
#0125-d321 @A: 22 30 26 24 | 11
#0126-d321 @A: 21 23 01 12 | 10
#0127-d321 @A: 23 16 21 10 | 03
#0128-d321 @A: 16 15 33 23 | 08
#0129-d321 @A: 17 21 34 23 | 04
#0130-d321 @A: 16 03 09 27 | 07
#0131-d321 @A: 12 34 09 13 | 05
#0132-d321 @A: 01 24 04 09 | 02
#0133-d321 @A: 16 17 09 01 | 09
#0134-d321 @A: 09 11 04 15 | 12
#0135-d321 @A: 09 21 34 04 | 06
#0136-d321 @A: 03 13 29 04 | 01
#0137-d321 @A: 29 12 25 03 | 11
#0138-d321 @A: 34 17 01 03 | 10
#0139-d321 @A: 30 24 03 11 | 03
#0140-d321 @A: 27 15 32 03 | 08
#0141-d321 @A: 24 01 13 28 | 04
#0142-d321 @A: 11 13 32 04 | 07
#0143-d321 @A: 15 33 11 29 | 05
#0144-d321 @A: 17 29 34 10 | 02
#0145-d321 @A: 15 26 34 29 | 09
#0146-d321 @A: 29 12 21 24 | 12
#0147-d321 @A: 30 24 34 29 | 06
#0148-d321 @A: 01 10 12 28 | 01
#0149-d321 @A: 24 21 28 10 | 11
#0150-d321 @A: 12 26 28 21 | 10
#0151-d321 @A: 34 11 25 27 | 03
#0152-d321 @A: 27 10 04 32 | 08
#0153-d321 @A: 12 27 21 10 | 04
#0154-d321 @A: 16 27 12 33 | 07
#0155-d321 @A: 33 14 35 07 | 05
#0156-d321 @A: 07 20 25 06 | 02
#0157-d321 @A: 17 07 13 06 | 09
#0158-d321 @A: 02 07 31 25 | 12
#0159-d321 @A: 07 20 24 02 | 06
#0160-d321 @A: 29 04 07 02 | 01
#0161-d321 @A: 01 05 07 18 | 11
#0162-d321 @A: 25 07 33 05 | 10
#0163-d321 @A: 07 17 03 31 | 03
#0164-d321 @A: 20 07 15 35 | 08
#0165-d321 @A: 20 11 23 07 | 04
#0166-d321 @A: 34 07 29 09 | 07
#0167-d321 @A: 09 07 28 12 | 05
#0168-d321 @A: 16 13 25 07 | 02
#0169-d321 @A: 21 07 04 25 | 09
#0170-d321 @A: 10 07 16 12 | 12
#0171-d321 @A: 12 08 14 35 | 06
#0172-d321 @A: 08 02 15 05 | 01
#0173-d321 @A: 02 22 08 10 | 11
#0174-d321 @A: 32 08 13 02 | 10
#0175-d321 @A: 26 08 24 20 | 03
#0176-d321 @A: 18 35 08 30 | 08
#0177-d321 @A: 15 35 08 29 | 04
#0178-d321 @A: 08 01 23 22 | 07
#0179-d321 @A: 34 08 22 11 | 05
#0180-d321 @A: 29 08 33 13 | 02
#0181-d321 @A: 12 10 13 08 | 09
#0182-d321 @A: 04 34 08 33 | 12
#0183-d321 @A: 24 17 33 08 | 06
#0184-d321 @A: 25 24 08 16 | 01
#0185-d321 @A: 12 14 06 31 | 11
#0186-d321 @A: 02 14 18 24 | 10
#0187-d321 @A: 24 03 19 14 | 03
#0188-d321 @A: 26 35 14 22 | 08
#0189-d321 @A: 18 09 32 14 | 04
#0190-d321 @A: 14 11 22 03 | 07
#0191-d321 @A: 14 29 12 22 | 05
#0192-d321 @A: 23 12 14 13 | 02
#0193-d321 @A: 27 13 14 17 | 09
#0194-d321 @A: 14 04 33 17 | 12
#0195-d321 @A: 04 25 12 14 | 06
#0196-d321 @A: 12 14 10 17 | 01
#0197-d321 @A: 33 16 14 26 | 11
#0198-d321 @A: 17 25 26 14 | 10
#0199-d321 @A: 15 06 19 02 | 03
#0200-d321 @A: 13 24 06 02 | 08
#0201-d321 @A: 19 04 03 06 | 04
#0202-d321 @A: 24 05 06 18 | 07
#0203-d321 @A: 05 30 06 34 | 05
#0204-d321 @A: 06 30 31 22 | 02
#0205-d321 @A: 35 29 33 06 | 09
#0206-d321 @A: 13 01 06 22 | 12
#0207-d321 @A: 06 10 22 27 | 06
#0208-d321 @A: 04 06 29 09 | 01
#0209-d321 @A: 25 06 09 28 | 11
#0210-d321 @A: 06 13 21 28 | 10
#0211-d321 @A: 28 06 27 04 | 03
#0212-d321 @A: 16 06 11 33 | 08
#0213-d321 @A: 02 03 22 19 | 04
#0214-d321 @A: 19 29 11 02 | 07
#0215-d321 @A: 02 25 05 34 | 05
#0216-d321 @A: 31 02 10 27 | 02
#0217-d321 @A: 20 02 22 01 | 09
#0218-d321 @A: 28 35 29 02 | 12
#0219-d321 @A: 18 28 02 04 | 06
#0220-d321 @A: 18 27 02 32 | 01
#0221-d321 @A: 02 09 28 11 | 11
#0222-d321 @A: 02 28 17 33 | 10
#0223-d321 @A: 02 01 26 11 | 03
#0224-d321 @A: 02 32 16 33 | 08
#0225-d321 @A: 20 22 21 19 | 04
#0226-d321 @A: 20 23 01 19 | 07
#0227-d321 @A: 35 29 19 32 | 05
#0228-d321 @A: 10 19 35 01 | 02
#0229-d321 @A: 19 04 22 17 | 09
#0230-d321 @A: 10 19 22 26 | 12
#0231-d321 @A: 23 09 19 33 | 06
#0232-d321 @A: 26 12 24 19 | 01
#0233-d321 @A: 05 20 24 13 | 11
#0234-d321 @A: 35 24 29 05 | 10
#0235-d321 @A: 18 29 05 28 | 03
#0236-d321 @A: 22 23 26 05 | 08
#0237-d321 @A: 05 29 09 12 | 04
#0238-d321 @A: 29 03 05 30 | 07
#0239-d321 @A: 25 05 10 16 | 05
#0240-d321 @A: 33 31 20 11 | 02
#0241-d321 @A: 35 31 32 26 | 09
#0242-d321 @A: 29 26 31 18 | 12
#0243-d321 @A: 31 25 23 22 | 06
#0244-d321 @A: 13 32 23 31 | 01
#0245-d321 @A: 28 25 12 31 | 11
#0246-d321 @A: 31 28 27 26 | 10
#0247-d321 @A: 20 32 21 24 | 03
#0248-d321 @A: 15 09 35 28 | 08
#0249-d321 @A: 35 16 33 34 | 04
#0250-d321 @A: 15 04 18 23 | 07
#0251-d321 @A: 13 11 18 12 | 05
#0252-d321 @A: 18 01 15 24 | 02
#0253-d321 @A: 25 32 10 18 | 09
#0254-d321 @A: 18 24 33 25 | 12
#0255-d321 @A: 26 25 18 16 | 06
#0256-d321 @A: 17 18 26 24 | 01
#0257-d321 @A: 23 13 22 15 | 11
#0258-d321 @A: 13 03 22 21 | 10
#0259-d321 @A: 33 13 22 26 | 03
#0260-d321 @A: 04 22 27 29 | 08
#0261-d321 @A: 16 01 11 22 | 04
#0262-d321 @A: 22 24 27 01 | 07
#0263-d321 @A: 22 30 10 11 | 05
#0264-d321 @A: 11 33 27 22 | 02
#0265-d321 @A: 21 10 22 33 | 09
#0266-d321 @A: 12 16 22 21 | 12
#0267-d321 @A: 25 34 12 22 | 06
#0268-d321 @A: 22 24 21 17 | 01
#0269-d321 @A: 24 23 30 09 | 11
#0270-d321 @A: 23 01 11 17 | 10
#0271-d321 @A: 01 32 30 09 | 03
#0272-d321 @A: 04 16 12 09 | 08
#0273-d321 @A: 25 09 27 21 | 04
#0274-d321 @A: 03 10 12 26 | 07
#0275-d321 @A: 24 15 25 03 | 05
#0276-d321 @A: 24 21 03 26 | 02
#0277-d321 @A: 33 30 15 13 | 09
#0278-d321 @A: 32 33 13 25 | 12
#0279-d321 @A: 17 13 26 32 | 06
#0280-d321 @A: 29 04 10 28 | 01
#0281-d321 @A: 10 16 01 29 | 11
#0282-d321 @A: 12 11 29 04 | 10
#0283-d321 @A: 17 32 29 25 | 03
#0284-d321 @A: 30 11 28 21 | 08
#0285-d321 @A: 33 32 28 21 | 04
#0286-d321 @A: 32 25 28 15 | 07
#0287-d321 @A: 11 27 16 17 | 05
#0288-d321 @A: 17 33 27 34 | 02
#0289-d321 @A: 11 08 27 07 | 09
#0290-d321 @A: 07 31 05 14 | 12
#0291-d321 @A: 07 32 25 14 | 06
#0292-d321 @A: 15 02 07 12 | 01
#0293-d321 @A: 07 35 19 11 | 11
#0294-d321 @A: 21 29 07 19 | 10
#0295-d321 @A: 07 15 09 05 | 03
#0296-d321 @A: 07 20 22 13 | 08
#0297-d321 @A: 20 10 07 03 | 04
#0298-d321 @A: 33 07 20 12 | 07
#0299-d321 @A: 09 07 17 22 | 05
#0300-d321 @A: 07 04 28 13 | 02
#0301-d321 @A: 07 15 16 01 | 09
#0302-d321 @A: 15 04 33 07 | 12
#0303-d321 @A: 16 07 15 27 | 06
#0304-d321 @A: 16 32 07 21 | 01
#0305-d321 @A: 32 07 27 24 | 11
#0306-d321 @A: 03 08 16 14 | 10
#0307-d321 @A: 08 30 06 15 | 03
#0308-d321 @A: 02 08 17 20 | 08
#0309-d321 @A: 31 19 08 24 | 04
#0310-d321 @A: 08 22 15 19 | 07
#0311-d321 @A: 08 19 01 09 | 05
#0312-d321 @A: 31 08 34 05 | 02
#0313-d321 @A: 35 08 01 05 | 09
#0314-d321 @A: 08 23 04 05 | 12
#0315-d321 @A: 35 22 08 04 | 06
#0316-d321 @A: 12 08 32 09 | 01
#0317-d321 @A: 21 27 08 13 | 11
#0318-d321 @A: 26 11 17 08 | 10
#0319-d321 @A: 12 04 24 08 | 03
#0320-d321 @A: 08 34 17 12 | 08
#0321-d321 @A: 34 25 08 26 | 04
#0322-d321 @A: 14 09 02 06 | 07
#0323-d321 @A: 14 13 26 02 | 05
#0324-d321 @A: 19 14 31 27 | 02
#0325-d321 @A: 19 34 18 14 | 09
#0326-d321 @A: 20 11 14 05 | 12
#0327-d321 @A: 14 05 29 34 | 06
#0328-d321 @A: 20 09 14 17 | 01
#0329-d321 @A: 33 20 29 14 | 11
#0330-d321 @A: 04 09 35 14 | 10
#0331-d321 @A: 35 14 24 13 | 03
#0332-d321 @A: 17 34 35 14 | 08
#0333-d321 @A: 14 25 09 22 | 04
#0334-d321 @A: 23 01 32 14 | 07
#0335-d321 @A: 03 33 14 34 | 05
#0336-d321 @A: 24 10 15 14 | 02
#0337-d321 @A: 21 19 18 06 | 09
#0338-d321 @A: 19 12 29 06 | 12
#0339-d321 @A: 05 15 35 06 | 06
#0340-d321 @A: 09 05 06 33 | 01
#0341-d321 @A: 24 31 11 06 | 11
#0342-d321 @A: 16 21 06 31 | 10
#0343-d321 @A: 16 18 06 35 | 03
#0344-d321 @A: 35 32 17 06 | 08
#0345-d321 @A: 06 10 18 13 | 04
#0346-d321 @A: 06 17 03 21 | 07
#0347-d321 @A: 06 30 13 16 | 05
#0348-d321 @A: 01 06 25 11 | 02
#0349-d321 @A: 21 06 10 01 | 09
#0350-d321 @A: 10 11 06 34 | 12
#0351-d321 @A: 12 04 06 17 | 06
#0352-d321 @A: 34 06 21 33 | 01
#0353-d321 @A: 18 19 02 10 | 11
#0354-d321 @A: 30 02 19 23 | 10
#0355-d321 @A: 23 10 05 02 | 03
#0356-d321 @A: 22 11 31 02 | 08
#0357-d321 @A: 32 02 22 35 | 04
#0358-d321 @A: 03 12 18 02 | 07
#0359-d321 @A: 01 02 17 04 | 05
#0360-d321 @A: 12 11 02 27 | 02
#0361-d321 @A: 24 15 02 30 | 09
#0362-d321 @A: 05 27 20 19 | 12
#0363-d321 @A: 19 20 18 13 | 06
#0364-d321 @A: 26 20 32 19 | 01
#0365-d321 @A: 18 24 19 29 | 11
#0366-d321 @A: 23 19 15 03 | 10
#0367-d321 @A: 23 11 19 28 | 03
#0368-d321 @A: 19 09 03 21 | 08
#0369-d321 @A: 15 29 19 16 | 04
#0370-d321 @A: 19 32 11 16 | 07
#0371-d321 @A: 19 16 24 21 | 05
#0372-d321 @A: 09 17 05 35 | 02
#0373-d321 @A: 29 05 22 32 | 09
#0374-d321 @A: 23 13 05 17 | 12
#0375-d321 @A: 34 23 05 28 | 06
#0376-d321 @A: 10 05 13 03 | 01
#0377-d321 @A: 15 01 05 10 | 11
#0378-d321 @A: 15 27 05 10 | 10
#0379-d321 @A: 33 16 30 05 | 03
#0380-d321 @A: 05 34 12 26 | 08
#0381-d321 @A: 31 03 20 32 | 04
#0382-d321 @A: 35 23 09 31 | 07
#0383-d321 @A: 29 11 31 35 | 05
#0384-d321 @A: 27 29 23 31 | 02
#0385-d321 @A: 11 26 31 13 | 09
#0386-d321 @A: 01 31 21 17 | 12
#0387-d321 @A: 31 11 10 15 | 06
#0388-d321 @A: 17 10 31 04 | 01
#0389-d321 @A: 18 09 35 20 | 11
#0390-d321 @A: 04 35 03 20 | 10
#0391-d321 @A: 25 20 18 28 | 03
#0392-d321 @A: 09 26 20 13 | 08
#0393-d321 @A: 13 29 01 20 | 04
#0394-d321 @A: 01 34 20 15 | 07
#0395-d321 @A: 04 15 12 20 | 05
#0396-d321 @A: 25 34 20 30 | 02
#0397-d321 @A: 35 01 18 17 | 09
#0398-d321 @A: 21 23 22 35 | 12
#0399-d321 @A: 33 22 35 09 | 06
#0400-d321 @A: 29 12 35 23 | 01
#0401-d321 @A: 10 35 11 23 | 11
#0402-d321 @A: 24 35 09 11 | 10
#0403-d321 @A: 35 13 29 34 | 03
#0404-d321 @A: 25 28 13 35 | 08
#0405-d321 @A: 15 04 27 35 | 04
#0406-d321 @A: 26 25 33 35 | 07
#0407-d321 @A: 26 35 24 34 | 05
#0408-d321 @A: 33 29 09 18 | 02
#0409-d321 @A: 18 28 09 01 | 09
#0410-d321 @A: 12 18 15 09 | 12
#0411-d321 @A: 03 33 13 18 | 06
#0412-d321 @A: 13 18 21 17 | 01
#0413-d321 @A: 11 15 18 16 | 11
#0414-d321 @A: 30 34 18 04 | 10
#0415-d321 @A: 01 22 03 29 | 03
#0416-d321 @A: 04 13 22 12 | 08
#0417-d321 @A: 24 15 22 11 | 04
#0418-d321 @A: 22 04 26 21 | 07
#0419-d321 @A: 10 23 29 27 | 05
#0420-d321 @A: 24 10 01 23 | 02
#0421-d321 @A: 24 33 23 11 | 09
#0422-d321 @A: 25 04 26 23 | 12
#0423-d321 @A: 21 26 15 23 | 06
#0424-d321 @A: 24 23 12 16 | 01
#0425-d321 @A: 28 13 33 09 | 11
#0426-d321 @A: 09 25 21 24 | 10
#0427-d321 @A: 17 01 27 03 | 03
#0428-d321 @A: 03 27 11 24 | 08
#0429-d321 @A: 30 10 16 03 | 04
#0430-d321 @A: 33 24 32 03 | 07
#0431-d321 @A: 32 34 03 25 | 05
#0432-d321 @A: 25 01 12 13 | 02
#0433-d321 @A: 25 13 27 10 | 09
#0434-d321 @A: 16 15 21 13 | 12
#0435-d321 @A: 11 28 29 34 | 06
#0436-d321 @A: 29 28 16 32 | 01
#0437-d321 @A: 04 33 01 29 | 11
#0438-d321 @A: 25 01 29 34 | 10
#0439-d321 @A: 16 21 27 29 | 03
#0440-d321 @A: 29 16 25 30 | 08
#0441-d321 @A: 33 04 16 28 | 04
#0442-d321 @A: 28 10 16 17 | 07
#0443-d321 @A: 10 30 32 28 | 05
#0444-d321 @A: 26 08 02 07 | 02
#0445-d321 @A: 12 31 07 08 | 09
#0446-d321 @A: 32 02 06 07 | 12
#0447-d321 @A: 27 07 21 06 | 06
#0448-d321 @A: 01 22 19 07 | 01
#0449-d321 @A: 07 17 19 32 | 11
#0450-d321 @A: 05 26 07 28 | 10
#0451-d321 @A: 35 34 10 07 | 03
#0452-d321 @A: 07 15 25 22 | 08
#0453-d321 @A: 29 27 03 07 | 04
#0454-d321 @A: 32 28 03 07 | 07
#0455-d321 @A: 07 03 04 16 | 05
#0456-d321 @A: 10 07 24 17 | 02
#0457-d321 @A: 24 07 12 25 | 09
#0458-d321 @A: 18 14 26 08 | 12
#0459-d321 @A: 08 14 29 32 | 06
#0460-d321 @A: 06 08 20 10 | 01
#0461-d321 @A: 18 06 04 08 | 11
#0462-d321 @A: 24 30 05 08 | 10
#0463-d321 @A: 08 15 28 31 | 03
#0464-d321 @A: 08 33 35 20 | 08
#0465-d321 @A: 08 13 09 35 | 04
#0466-d321 @A: 08 03 25 27 | 07
#0467-d321 @A: 13 04 08 25 | 05
#0468-d321 @A: 04 08 01 30 | 02
#0469-d321 @A: 01 15 08 12 | 09
#0470-d321 @A: 19 30 14 06 | 12
#0471-d321 @A: 27 35 14 06 | 06
#0472-d321 @A: 14 17 19 02 | 01
#0473-d321 @A: 03 14 02 04 | 11
#0474-d321 @A: 12 19 20 14 | 10
#0475-d321 @A: 31 14 29 15 | 03
#0476-d321 @A: 14 16 20 35 | 08
#0477-d321 @A: 14 20 28 24 | 04
#0478-d321 @A: 24 22 14 33 | 07
#0479-d321 @A: 21 14 25 13 | 05
#0480-d321 @A: 28 27 29 14 | 02
#0481-d321 @A: 30 14 33 12 | 09
#0482-d321 @A: 02 03 10 06 | 12
#0483-d321 @A: 16 28 02 06 | 06
#0484-d321 @A: 27 33 19 06 | 01
#0485-d321 @A: 13 11 05 06 | 11
#0486-d321 @A: 13 05 06 27 | 10
#0487-d321 @A: 28 12 20 06 | 03
#0488-d321 @A: 35 06 30 23 | 08
#0489-d321 @A: 06 32 03 18 | 04
#0490-d321 @A: 06 30 28 18 | 07
#0491-d321 @A: 30 06 11 09 | 05
#0492-d321 @A: 06 04 01 34 | 02
#0493-d321 @A: 15 06 17 34 | 09
#0494-d321 @A: 06 27 32 25 | 12
#0495-d321 @A: 33 02 20 19 | 06
#0496-d321 @A: 05 09 02 20 | 01
#0497-d321 @A: 35 02 05 11 | 11
#0498-d321 @A: 16 20 02 18 | 10
#0499-d321 @A: 35 02 01 15 | 03
#0500-d321 @A: 23 09 02 17 | 08
#0501-d321 @A: 02 13 01 27 | 04
#0502-d321 @A: 15 25 02 11 | 07
#0503-d321 @A: 33 04 02 26 | 05
#0504-d321 @A: 30 05 19 09 | 02
#0505-d321 @A: 33 31 28 19 | 09
#0506-d321 @A: 30 20 35 19 | 12
#0507-d321 @A: 19 21 35 13 | 06
#0508-d321 @A: 15 01 19 11 | 01
#0509-d321 @A: 12 10 11 19 | 11
#0510-d321 @A: 32 25 04 19 | 10
#0511-d321 @A: 19 25 21 10 | 03
#0512-d321 @A: 26 19 16 30 | 08
#0513-d321 @A: 21 18 05 20 | 04
#0514-d321 @A: 12 05 20 10 | 07
#0515-d321 @A: 22 11 05 28 | 05
#0516-d321 @A: 05 24 16 01 | 02
#0517-d321 @A: 17 01 05 26 | 09
#0518-d321 @A: 26 11 24 05 | 12
#0519-d321 @A: 30 21 05 04 | 06
#0520-d321 @A: 15 25 05 12 | 01
#0521-d321 @A: 24 20 31 29 | 11
#0522-d321 @A: 20 01 31 27 | 10
#0523-d321 @A: 31 22 16 28 | 03
#0524-d321 @A: 23 29 28 31 | 08
#0525-d321 @A: 09 13 24 31 | 04
#0526-d321 @A: 04 30 31 27 | 07
#0527-d321 @A: 31 30 32 24 | 05
#0528-d321 @A: 28 35 20 11 | 02
#0529-d321 @A: 20 24 35 17 | 09
#0530-d321 @A: 22 13 27 20 | 12
#0531-d321 @A: 20 28 33 22 | 06
#0532-d321 @A: 20 27 15 23 | 01
#0533-d321 @A: 11 04 27 20 | 11
#0534-d321 @A: 17 04 32 20 | 10
#0535-d321 @A: 21 28 18 35 | 03
#0536-d321 @A: 22 03 10 35 | 08
#0537-d321 @A: 35 22 17 29 | 04
#0538-d321 @A: 01 35 03 32 | 07
#0539-d321 @A: 35 21 01 33 | 05
#0540-d321 @A: 30 24 35 01 | 02
#0541-d321 @A: 35 10 30 25 | 09
#0542-d321 @A: 33 35 27 21 | 12
#0543-d321 @A: 16 35 15 26 | 06
#0544-d321 @A: 18 22 29 04 | 01
#0545-d321 @A: 30 18 01 22 | 11
#0546-d321 @A: 28 18 10 23 | 10
#0547-d321 @A: 23 18 21 30 | 03
#0548-d321 @A: 18 27 13 03 | 08
#0549-d321 @A: 29 18 30 13 | 04
#0550-d321 @A: 24 18 28 32 | 07
#0551-d321 @A: 26 34 18 01 | 05
#0552-d321 @A: 11 30 18 27 | 02
#0553-d321 @A: 32 18 33 30 | 09
#0554-d321 @A: 17 34 18 33 | 12
#0555-d321 @A: 22 25 13 29 | 06
#0556-d321 @A: 22 17 30 13 | 01
#0557-d321 @A: 32 22 25 01 | 11
#0558-d321 @A: 17 22 12 11 | 10
#0559-d321 @A: 10 25 22 24 | 03
#0560-d321 @A: 27 15 22 21 | 08
#0561-d321 @A: 13 09 04 23 | 04
#0562-d321 @A: 13 30 28 23 | 07
#0563-d321 @A: 25 23 32 11 | 05
#0564-d321 @A: 15 24 23 17 | 02
#0565-d321 @A: 30 25 23 12 | 09
#0566-d321 @A: 17 26 29 09 | 12
#0567-d321 @A: 26 01 21 09 | 06
#0568-d321 @A: 10 33 09 26 | 01
#0569-d321 @A: 03 12 11 33 | 11
#0570-d321 @A: 16 03 33 21 | 10
#0571-d321 @A: 34 15 11 13 | 03
#0572-d321 @A: 10 15 04 13 | 08
#0573-d321 @A: 13 26 12 15 | 04
#0574-d321 @A: 30 12 32 13 | 07
#0575-d321 @A: 29 11 27 01 | 05
#0576-d321 @A: 01 29 26 30 | 02
#0577-d321 @A: 24 16 29 33 | 09
#0578-d321 @A: 16 30 28 01 | 12
#0579-d321 @A: 11 28 33 25 | 06
#0580-d321 @A: 10 24 28 27 | 01
#0581-d321 @A: 29 08 07 25 | 11
#0582-d321 @A: 14 22 07 04 | 10
#0583-d321 @A: 28 17 07 14 | 03
#0584-d321 @A: 19 06 07 33 | 08
#0585-d321 @A: 06 21 05 07 | 04
#0586-d321 @A: 06 03 12 07 | 07
#0587-d321 @A: 07 16 02 19 | 05
#0588-d321 @A: 27 22 07 05 | 02
#0589-d321 @A: 18 20 07 32 | 09
#0590-d321 @A: 35 07 10 27 | 12
#0591-d321 @A: 12 26 07 18 | 06
#0592-d321 @A: 23 32 22 07 | 01
#0593-d321 @A: 23 16 07 09 | 11
#0594-d321 @A: 07 34 13 27 | 10
#0595-d321 @A: 32 12 07 11 | 03
#0596-d321 @A: 17 12 07 21 | 08
#0597-d321 @A: 07 30 32 26 | 04
#0598-d321 @A: 17 07 25 34 | 07
#0599-d321 @A: 25 06 08 02 | 05
#0600-d321 @A: 08 22 06 33 | 02
#0601-d321 @A: 06 34 08 09 | 09
#0602-d321 @A: 08 18 19 32 | 12
#0603-d321 @A: 05 21 08 33 | 06
#0604-d321 @A: 31 08 27 22 | 01
#0605-d321 @A: 09 08 31 30 | 11
#0606-d321 @A: 08 04 31 29 | 10
#0607-d321 @A: 08 35 34 23 | 03
#0608-d321 @A: 35 10 08 24 | 08
#0609-d321 @A: 15 08 18 17 | 04
#0610-d321 @A: 13 23 16 08 | 07
#0611-d321 @A: 08 30 29 23 | 05
#0612-d321 @A: 12 08 23 27 | 02
#0613-d321 @A: 08 11 16 28 | 09
#0614-d321 @A: 16 10 33 08 | 12
#0615-d321 @A: 14 06 21 22 | 06
#0616-d321 @A: 14 29 19 25 | 01
#0617-d321 @A: 14 05 16 09 | 11
#0618-d321 @A: 14 03 05 12 | 10
#0619-d321 @A: 14 05 13 01 | 03
#0620-d321 @A: 14 18 22 16 | 08
#0621-d321 @A: 18 21 29 14 | 04
#0622-d321 @A: 18 33 14 11 | 07
#0623-d321 @A: 22 14 26 27 | 05
#0624-d321 @A: 14 34 23 15 | 02
#0625-d321 @A: 01 12 09 14 | 09
#0626-d321 @A: 33 14 21 09 | 12
#0627-d321 @A: 10 14 01 34 | 06
#0628-d321 @A: 10 11 21 14 | 01
#0629-d321 @A: 14 10 33 25 | 11
#0630-d321 @A: 06 20 22 15 | 10
#0631-d321 @A: 12 18 22 06 | 03
#0632-d321 @A: 06 18 09 17 | 08
#0633-d321 @A: 06 15 03 29 | 04
#0634-d321 @A: 01 12 16 06 | 07
#0635-d321 @A: 21 06 11 04 | 05
#0636-d321 @A: 06 24 15 04 | 02
#0637-d321 @A: 12 30 10 06 | 09
#0638-d321 @A: 30 06 17 33 | 12
#0639-d321 @A: 05 02 19 24 | 06
#0640-d321 @A: 02 19 22 27 | 01
#0641-d321 @A: 19 13 01 02 | 11
#0642-d321 @A: 26 05 02 29 | 10
#0643-d321 @A: 02 09 26 35 | 03
#0644-d321 @A: 04 22 02 15 | 08
#0645-d321 @A: 29 02 13 16 | 04
#0646-d321 @A: 21 10 02 34 | 07
#0647-d321 @A: 02 33 12 25 | 05
#0648-d321 @A: 32 02 34 17 | 02
#0649-d321 @A: 05 11 31 19 | 09
#0650-d321 @A: 19 12 01 05 | 12
#0651-d321 @A: 20 27 25 19 | 06
#0652-d321 @A: 28 19 17 35 | 01
#0653-d321 @A: 18 04 09 19 | 11
#0654-d321 @A: 18 03 26 19 | 10
#0655-d321 @A: 29 30 19 22 | 03
#0656-d321 @A: 29 09 19 10 | 08
#0657-d321 @A: 04 33 13 19 | 04
#0658-d321 @A: 19 32 01 24 | 07
#0659-d321 @A: 19 30 04 15 | 05
#0660-d321 @A: 33 19 24 30 | 02
#0661-d321 @A: 12 13 31 05 | 09
#0662-d321 @A: 28 31 05 04 | 12
#0663-d321 @A: 05 10 31 24 | 06
#0664-d321 @A: 33 20 05 26 | 01
#0665-d321 @A: 05 23 35 27 | 11
#0666-d321 @A: 24 05 17 03 | 10
#0667-d321 @A: 27 05 21 04 | 03
#0668-d321 @A: 15 33 05 17 | 08
#0669-d321 @A: 05 17 30 32 | 04
#0670-d321 @A: 13 20 17 31 | 07
#0671-d321 @A: 12 17 31 23 | 05
#0672-d321 @A: 10 13 29 31 | 02
#0673-d321 @A: 31 30 33 04 | 09
#0674-d321 @A: 15 24 31 12 | 12
#0675-d321 @A: 31 15 34 30 | 06
#0676-d321 @A: 32 15 31 17 | 01
#0677-d321 @A: 23 20 35 26 | 11
#0678-d321 @A: 20 18 34 27 | 10
#0679-d321 @A: 29 23 16 20 | 03
#0680-d321 @A: 04 28 23 20 | 08
#0681-d321 @A: 15 20 03 09 | 04
#0682-d321 @A: 20 25 01 04 | 07
#0683-d321 @A: 12 20 01 17 | 05
#0684-d321 @A: 20 26 12 11 | 02
#0685-d321 @A: 10 30 20 24 | 09
#0686-d321 @A: 24 15 20 16 | 12
#0687-d321 @A: 18 35 15 13 | 06
#0688-d321 @A: 35 03 22 27 | 01
#0689-d321 @A: 35 13 01 23 | 11
#0690-d321 @A: 21 35 32 09 | 10
#0691-d321 @A: 34 35 30 11 | 03
#0692-d321 @A: 12 17 25 35 | 08
#0693-d321 @A: 17 35 26 30 | 04
#0694-d321 @A: 18 22 03 25 | 07
#0695-d321 @A: 18 34 13 23 | 05
#0696-d321 @A: 17 29 18 03 | 02
#0697-d321 @A: 11 18 03 04 | 09
#0698-d321 @A: 10 34 18 12 | 12
#0699-d321 @A: 21 27 18 17 | 06
#0700-d321 @A: 34 09 23 22 | 01
#0701-d321 @A: 23 03 22 33 | 11
#0702-d321 @A: 23 22 28 24 | 10
#0703-d321 @A: 16 22 30 23 | 03
#0704-d321 @A: 22 30 27 23 | 08
#0705-d321 @A: 16 03 17 22 | 04
#0706-d321 @A: 22 17 27 24 | 07
#0707-d321 @A: 04 03 23 01 | 05
#0708-d321 @A: 13 21 23 29 | 02
#0709-d321 @A: 33 12 23 26 | 09
#0710-d321 @A: 29 28 09 03 | 12
#0711-d321 @A: 26 16 11 09 | 06
#0712-d321 @A: 25 10 09 12 | 01
#0713-d321 @A: 03 28 16 13 | 11
#0714-d321 @A: 01 12 03 24 | 10
#0715-d321 @A: 03 26 16 32 | 03
#0716-d321 @A: 12 03 21 32 | 08
#0717-d321 @A: 26 04 01 13 | 04
#0718-d321 @A: 13 33 17 11 | 07
#0719-d321 @A: 25 26 13 24 | 05
#0720-d321 @A: 33 21 29 25 | 02
#0721-d321 @A: 33 27 26 29 | 09
#0722-d321 @A: 26 29 16 12 | 12
#0723-d321 @A: 32 34 27 29 | 06
#0724-d321 @A: 27 28 21 11 | 01
#0725-d321 @A: 22 08 07 18 | 11
#0726-d321 @A: 08 07 13 01 | 10
#0727-d321 @A: 14 07 03 01 | 03
#0728-d321 @A: 07 15 28 06 | 08
#0729-d321 @A: 28 07 02 34 | 04
#0730-d321 @A: 07 13 05 19 | 07
#0731-d321 @A: 31 10 28 07 | 05
#0732-d321 @A: 07 31 33 27 | 02
#0733-d321 @A: 12 27 07 20 | 09
#0734-d321 @A: 07 18 03 35 | 12
#0735-d321 @A: 07 13 18 24 | 06
#0736-d321 @A: 07 22 28 21 | 01
#0737-d321 @A: 21 23 07 03 | 11
#0738-d321 @A: 23 07 29 15 | 10
#0739-d321 @A: 07 32 13 09 | 03
#0740-d321 @A: 12 30 01 07 | 08
#0741-d321 @A: 33 32 10 07 | 04
#0742-d321 @A: 15 27 06 08 | 07
#0743-d321 @A: 08 02 18 33 | 05
#0744-d321 @A: 24 08 27 02 | 02
#0745-d321 @A: 19 08 05 16 | 09
#0746-d321 @A: 08 19 11 13 | 12
#0747-d321 @A: 08 05 01 27 | 06
#0748-d321 @A: 08 01 20 28 | 01
#0749-d321 @A: 32 03 08 22 | 11
#0750-d321 @A: 32 08 28 23 | 10
#0751-d321 @A: 04 03 08 21 | 03
#0752-d321 @A: 13 28 08 17 | 08
#0753-d321 @A: 08 29 01 11 | 04
#0754-d321 @A: 04 10 08 11 | 07
#0755-d321 @A: 04 16 08 17 | 05
#0756-d321 @A: 27 32 08 33 | 02
#0757-d321 @A: 02 15 14 20 | 09
#0758-d321 @A: 13 19 16 14 | 12
#0759-d321 @A: 14 05 21 35 | 06
#0760-d321 @A: 14 09 31 03 | 01
#0761-d321 @A: 11 32 31 14 | 11
#0762-d321 @A: 29 14 35 01 | 10
#0763-d321 @A: 14 16 23 28 | 03
#0764-d321 @A: 21 23 14 24 | 08
#0765-d321 @A: 14 04 01 21 | 04
#0766-d321 @A: 11 04 34 14 | 07
#0767-d321 @A: 04 32 14 24 | 05
#0768-d321 @A: 26 32 14 12 | 02
#0769-d321 @A: 17 24 14 30 | 09
#0770-d321 @A: 17 06 22 02 | 12
#0771-d321 @A: 27 06 03 02 | 06
#0772-d321 @A: 19 26 01 06 | 01
#0773-d321 @A: 33 31 06 18 | 11
#0774-d321 @A: 13 15 09 06 | 10
#0775-d321 @A: 29 06 25 10 | 03
#0776-d321 @A: 06 29 27 24 | 08
#0777-d321 @A: 04 06 26 30 | 04
#0778-d321 @A: 04 35 02 19 | 07
#0779-d321 @A: 02 23 31 03 | 05
#0780-d321 @A: 02 18 09 30 | 02
#0781-d321 @A: 25 18 13 02 | 09
#0782-d321 @A: 22 02 29 24 | 12
#0783-d321 @A: 02 26 22 16 | 06
#0784-d321 @A: 01 02 33 24 | 01
#0785-d321 @A: 18 35 19 33 | 11
#0786-d321 @A: 16 35 19 22 | 10
#0787-d321 @A: 28 19 16 18 | 03
#0788-d321 @A: 19 25 33 22 | 08
#0789-d321 @A: 19 26 23 13 | 04
#0790-d321 @A: 10 23 32 19 | 07
#0791-d321 @A: 15 10 33 19 | 05
#0792-d321 @A: 34 15 19 32 | 02
#0793-d321 @A: 19 25 17 24 | 09
#0794-d321 @A: 31 05 32 27 | 12
#0795-d321 @A: 12 18 05 35 | 06
#0796-d321 @A: 34 03 05 18 | 01
#0797-d321 @A: 05 09 22 21 | 11
#0798-d321 @A: 33 34 13 05 | 10
#0799-d321 @A: 01 25 30 05 | 03
#0800-d321 @A: 05 11 04 17 | 08
#0801-d321 @A: 17 21 10 05 | 04
#0802-d321 @A: 27 17 26 05 | 07
#0803-d321 @A: 31 35 03 12 | 05
#0804-d321 @A: 34 35 31 27 | 02
#0805-d321 @A: 28 18 31 11 | 09
#0806-d321 @A: 22 04 09 31 | 12
#0807-d321 @A: 29 03 16 31 | 06
#0808-d321 @A: 04 31 24 03 | 01
#0809-d321 @A: 30 01 10 31 | 11
#0810-d321 @A: 15 24 27 31 | 10
#0811-d321 @A: 34 31 21 12 | 03
#0812-d321 @A: 21 31 25 32 | 08
#0813-d321 @A: 12 29 18 20 | 04
#0814-d321 @A: 26 18 30 20 | 07
#0815-d321 @A: 30 20 11 15 | 05
#0816-d321 @A: 11 20 32 34 | 02
#0817-d321 @A: 32 33 20 15 | 09
#0818-d321 @A: 33 25 16 20 | 12
#0819-d321 @A: 30 21 12 20 | 06
#0820-d321 @A: 24 18 22 35 | 01
#0821-d321 @A: 35 04 33 12 | 11
#0822-d321 @A: 04 16 35 21 | 10
#0823-d321 @A: 35 04 32 34 | 03
#0824-d321 @A: 17 10 33 35 | 08
#0825-d321 @A: 24 32 35 12 | 04
#0826-d321 @A: 09 26 22 18 | 07
#0827-d321 @A: 22 18 15 33 | 05
#0828-d321 @A: 13 18 26 28 | 02
#0829-d321 @A: 01 18 21 16 | 09
#0830-d321 @A: 16 12 33 18 | 12
#0831-d321 @A: 22 15 09 29 | 06
#0832-d321 @A: 09 30 28 22 | 01
#0833-d321 @A: 21 29 34 22 | 11
#0834-d321 @A: 17 22 34 26 | 10
#0835-d321 @A: 23 10 15 09 | 03
#0836-d321 @A: 27 13 28 23 | 08
#0837-d321 @A: 17 28 23 26 | 04
#0838-d321 @A: 23 11 16 04 | 07
#0839-d321 @A: 23 17 30 04 | 05
#0840-d321 @A: 34 23 10 26 | 02
#0841-d321 @A: 32 17 23 16 | 09
#0842-d321 @A: 26 09 28 04 | 12
#0843-d321 @A: 21 15 17 09 | 06
#0844-d321 @A: 32 09 16 25 | 01
#0845-d321 @A: 09 34 32 26 | 11
#0846-d321 @A: 01 10 03 11 | 10
#0847-d321 @A: 27 16 13 04 | 03
#0848-d321 @A: 30 04 24 13 | 08
#0849-d321 @A: 26 16 13 10 | 04
#0850-d321 @A: 17 13 15 25 | 07
#0851-d321 @A: 26 13 27 16 | 05
#0852-d321 @A: 29 24 11 25 | 02
#0853-d321 @A: 04 24 17 29 | 09
#0854-d321 @A: 26 29 24 10 | 12
#0855-d321 @A: 28 10 26 11 | 06
#0856-d321 @A: 15 12 28 11 | 01
#0857-d321 @A: 24 28 17 34 | 11
#0858-d321 @A: 30 27 12 15 | 10
#0859-d321 @A: 09 07 33 08 | 03
#0860-d321 @A: 04 07 08 32 | 08
#0861-d321 @A: 07 10 19 14 | 04
#0862-d321 @A: 14 23 18 07 | 07
#0863-d321 @A: 04 06 31 07 | 05
#0864-d321 @A: 02 35 07 17 | 02
#0865-d321 @A: 25 19 07 03 | 09
#0866-d321 @A: 19 24 07 28 | 12
#0867-d321 @A: 10 30 07 05 | 06
#0868-d321 @A: 07 31 26 15 | 01
#0869-d321 @A: 20 07 28 29 | 11
#0870-d321 @A: 07 25 09 35 | 10
#0871-d321 @A: 29 10 07 18 | 03
#0872-d321 @A: 22 16 33 07 | 08
#0873-d321 @A: 26 34 13 07 | 04
#0874-d321 @A: 01 17 33 07 | 07
#0875-d321 @A: 34 07 16 11 | 05
#0876-d321 @A: 15 24 32 07 | 02
#0877-d321 @A: 14 08 22 30 | 09
#0878-d321 @A: 34 08 13 14 | 12
#0879-d321 @A: 26 03 06 08 | 06
#0880-d321 @A: 05 29 08 10 | 01
#0881-d321 @A: 31 08 11 03 | 11
#0882-d321 @A: 20 16 08 27 | 10
#0883-d321 @A: 29 08 16 18 | 03
#0884-d321 @A: 28 18 34 08 | 08
#0885-d321 @A: 18 10 08 21 | 04
#0886-d321 @A: 28 10 08 09 | 07
#0887-d321 @A: 33 03 08 28 | 05
#0888-d321 @A: 25 01 10 08 | 02
#0889-d321 @A: 34 32 21 08 | 09
#0890-d321 @A: 02 14 04 27 | 12
#0891-d321 @A: 22 10 14 05 | 06
#0892-d321 @A: 25 05 24 14 | 01
#0893-d321 @A: 14 23 04 31 | 11
#0894-d321 @A: 20 03 14 27 | 10
#0895-d321 @A: 18 10 35 14 | 03
#0896-d321 @A: 35 11 25 14 | 08
#0897-d321 @A: 11 23 14 29 | 04
#0898-d321 @A: 14 27 28 09 | 07
#0899-d321 @A: 26 01 14 24 | 05
#0900-d321 @A: 10 14 32 16 | 02
#0901-d321 @A: 15 27 14 34 | 09
#0902-d321 @A: 32 14 21 17 | 12
#0903-d321 @A: 35 31 06 02 | 06
#0904-d321 @A: 12 05 06 23 | 01
#0905-d321 @A: 31 09 26 06 | 11
#0906-d321 @A: 06 26 20 16 | 10
#0907-d321 @A: 11 29 06 18 | 03
#0908-d321 @A: 06 09 32 22 | 08
#0909-d321 @A: 23 25 06 13 | 04
#0910-d321 @A: 06 24 29 23 | 07
#0911-d321 @A: 06 24 17 01 | 05
#0912-d321 @A: 24 10 32 06 | 02
#0913-d321 @A: 33 06 15 12 | 09
#0914-d321 @A: 06 32 12 34 | 12
#0915-d321 @A: 24 21 06 30 | 06
#0916-d321 @A: 12 19 02 32 | 01
#0917-d321 @A: 02 05 27 16 | 11
#0918-d321 @A: 20 21 02 23 | 10
#0919-d321 @A: 10 02 13 35 | 03
#0920-d321 @A: 23 15 28 02 | 08
#0921-d321 @A: 02 03 17 13 | 04
#0922-d321 @A: 03 21 02 11 | 07
#0923-d321 @A: 02 01 21 30 | 05
#0924-d321 @A: 02 16 24 04 | 02
#0925-d321 @A: 35 24 23 19 | 09
#0926-d321 @A: 19 18 25 01 | 12
#0927-d321 @A: 21 27 19 01 | 06
#0928-d321 @A: 16 10 19 34 | 01
#0929-d321 @A: 19 15 26 25 | 11
#0930-d321 @A: 31 05 03 26 | 10
#0931-d321 @A: 32 20 23 05 | 03
#0932-d321 @A: 29 04 20 05 | 08
#0933-d321 @A: 09 05 18 11 | 04
#0934-d321 @A: 18 05 27 33 | 07
#0935-d321 @A: 13 05 22 16 | 05
#0936-d321 @A: 24 12 22 05 | 02
#0937-d321 @A: 25 29 05 23 | 09
#0938-d321 @A: 24 32 05 34 | 12
#0939-d321 @A: 31 24 28 35 | 06
#0940-d321 @A: 31 21 03 18 | 01
#0941-d321 @A: 31 33 16 09 | 11
#0942-d321 @A: 10 12 31 33 | 10
#0943-d321 @A: 24 31 17 16 | 03
#0944-d321 @A: 31 25 17 30 | 08
#0945-d321 @A: 29 20 35 10 | 04
#0946-d321 @A: 20 22 30 03 | 07
#0947-d321 @A: 20 09 30 29 | 05
#0948-d321 @A: 20 16 28 09 | 02
#0949-d321 @A: 26 10 20 01 | 09
#0950-d321 @A: 20 01 32 16 | 12
#0951-d321 @A: 20 04 21 10 | 06
#0952-d321 @A: 20 21 33 17 | 01
#0953-d321 @A: 16 34 20 17 | 11
#0954-d321 @A: 22 11 35 13 | 10
#0955-d321 @A: 28 01 22 35 | 03
#0956-d321 @A: 23 33 28 35 | 08
#0957-d321 @A: 01 34 35 09 | 04
#0958-d321 @A: 35 13 26 03 | 07
#0959-d321 @A: 12 01 26 35 | 05
#0960-d321 @A: 15 34 35 12 | 02
#0961-d321 @A: 27 30 17 35 | 09
#0962-d321 @A: 18 22 25 27 | 12
#0963-d321 @A: 15 18 03 28 | 06
#0964-d321 @A: 18 32 29 34 | 01
#0965-d321 @A: 04 18 01 12 | 11
#0966-d321 @A: 11 24 18 10 | 10
#0967-d321 @A: 27 15 18 33 | 03
#0968-d321 @A: 26 33 18 21 | 08
#0969-d321 @A: 30 12 24 18 | 04
#0970-d321 @A: 22 01 09 10 | 07
#0971-d321 @A: 22 28 16 27 | 05
#0972-d321 @A: 22 10 12 32 | 02
#0973-d321 @A: 23 11 27 03 | 09
#0974-d321 @A: 30 26 23 11 | 12
#0975-d321 @A: 01 03 13 09 | 06
#0976-d321 @A: 09 11 25 34 | 01
#0977-d321 @A: 04 09 27 33 | 11
#0978-d321 @A: 17 25 09 04 | 10
#0979-d321 @A: 17 15 27 09 | 03
#0980-d321 @A: 34 03 24 10 | 08
#0981-d321 @A: 03 15 16 12 | 04
#0982-d321 @A: 28 29 30 33 | 07
#0983-d321 @A: 29 17 15 01 | 05
#0984-d321 @A: 29 25 04 15 | 02
#0985-d321 @A: 34 29 16 04 | 09
#0986-d321 @A: 21 29 32 04 | 12
#0987-d321 @A: 17 25 27 29 | 06
#0988-d321 @A: 11 04 28 24 | 01
#0989-d321 @A: 28 33 26 15 | 11
#0990-d321 @A: 28 24 33 12 | 10
#0991-d321 @A: 15 17 28 30 | 03
#0992-d321 @A: 03 34 08 07 | 08
#0993-d321 @A: 08 15 10 07 | 04
#0994-d321 @A: 20 14 07 26 | 07
#0995-d321 @A: 14 07 16 29 | 05
#0996-d321 @A: 26 23 07 06 | 02
#0997-d321 @A: 09 07 10 02 | 09
#0998-d321 @A: 27 26 07 19 | 12
#0999-d321 @A: 07 29 05 17 | 06
#1000-d321 @A: 31 07 01 35 | 01
#1001-d321 @A: 21 31 07 13 | 11
#1002-d321 @A: 07 33 18 28 | 10
#1003-d321 @A: 04 17 18 07 | 03
#1004-d321 @A: 28 07 11 01 | 08
#1005-d321 @A: 07 16 24 30 | 04
#1006-d321 @A: 15 14 09 08 | 07
#1007-d321 @A: 35 06 08 11 | 05
#1008-d321 @A: 08 17 06 29 | 02
#1009-d321 @A: 02 08 35 16 | 09
#1010-d321 @A: 03 30 08 02 | 12
#1011-d321 @A: 33 08 19 12 | 06
#1012-d321 @A: 05 26 08 09 | 01
#1013-d321 @A: 08 28 12 05 | 11
#1014-d321 @A: 18 11 20 08 | 10
#1015-d321 @A: 20 15 23 08 | 03
#1016-d321 @A: 08 22 26 12 | 08
#1017-d321 @A: 08 03 23 10 | 04
#1018-d321 @A: 21 23 25 08 | 07
#1019-d321 @A: 33 26 01 08 | 05
#1020-d321 @A: 34 08 10 30 | 02
#1021-d321 @A: 21 17 30 08 | 09
#1022-d321 @A: 28 29 06 14 | 12
#1023-d321 @A: 35 02 23 14 | 06
#1024-d321 @A: 22 23 19 14 | 01
#1025-d321 @A: 14 28 32 35 | 11
#1026-d321 @A: 28 18 14 12 | 10
#1027-d321 @A: 18 01 14 27 | 03
#1028-d321 @A: 14 03 25 23 | 08
#1029-d321 @A: 13 11 28 14 | 04
#1030-d321 @A: 33 15 14 01 | 07
#1031-d321 @A: 15 11 14 26 | 05
#1032-d321 @A: 14 10 27 16 | 02
#1033-d321 @A: 26 14 21 34 | 09
#1034-d321 @A: 19 20 06 24 | 12
#1035-d321 @A: 09 19 06 16 | 06
#1036-d321 @A: 17 06 28 05 | 01
#1037-d321 @A: 13 06 20 04 | 11
#1038-d321 @A: 09 10 06 35 | 10
#1039-d321 @A: 06 21 26 35 | 03
#1040-d321 @A: 09 03 06 23 | 08
#1041-d321 @A: 27 01 23 06 | 04
#1042-d321 @A: 06 15 23 11 | 07
#1043-d321 @A: 32 06 16 04 | 05
#1044-d321 @A: 09 02 25 19 | 02
#1045-d321 @A: 02 26 19 28 | 09
#1046-d321 @A: 05 28 01 02 | 12
#1047-d321 @A: 02 30 28 31 | 06
#1048-d321 @A: 02 35 12 20 | 01
#1049-d321 @A: 22 12 02 23 | 11
#1050-d321 @A: 28 03 02 24 | 10
#1051-d321 @A: 28 02 27 33 | 03
#1052-d321 @A: 02 11 24 17 | 08
#1053-d321 @A: 02 04 25 10 | 04
#1054-d321 @A: 26 15 02 10 | 07
#1055-d321 @A: 21 15 02 33 | 05
#1056-d321 @A: 21 17 25 02 | 02
#1057-d321 @A: 02 25 32 24 | 09
#1058-d321 @A: 19 21 05 23 | 12
#1059-d321 @A: 18 31 19 12 | 06
#1060-d321 @A: 09 34 19 20 | 01
#1061-d321 @A: 35 12 09 19 | 11
#1062-d321 @A: 13 19 22 34 | 10
#1063-d321 @A: 12 28 19 22 | 03
#1064-d321 @A: 23 19 29 04 | 08
#1065-d321 @A: 17 23 19 27 | 04
#1066-d321 @A: 09 17 19 13 | 07
#1067-d321 @A: 03 19 13 12 | 05
#1068-d321 @A: 28 19 13 29 | 02
#1069-d321 @A: 19 21 15 28 | 09
#1070-d321 @A: 16 19 01 04 | 12
#1071-d321 @A: 30 17 01 19 | 06
#1072-d321 @A: 11 19 26 04 | 01
#1073-d321 @A: 19 34 26 33 | 11
#1074-d321 @A: 32 16 19 27 | 10
#1075-d321 @A: 30 12 19 34 | 03
#1076-d321 @A: 19 17 21 26 | 08
#1077-d321 @A: 25 05 20 17 | 04
#1078-d321 @A: 22 35 30 05 | 07
#1079-d321 @A: 28 35 10 05 | 05
#1080-d321 @A: 23 03 11 05 | 02
#1081-d321 @A: 09 05 10 34 | 09
#1082-d321 @A: 27 05 09 24 | 12
#1083-d321 @A: 26 21 13 05 | 06
#1084-d321 @A: 05 15 32 11 | 01
#1085-d321 @A: 05 33 04 24 | 11
#1086-d321 @A: 21 15 05 24 | 10
#1087-d321 @A: 15 30 26 05 | 03
#1088-d321 @A: 26 05 25 32 | 08
#1089-d321 @A: 15 18 31 20 | 04
#1090-d321 @A: 18 31 22 10 | 07
#1091-d321 @A: 23 31 11 21 | 05
#1092-d321 @A: 03 31 15 33 | 02
#1093-d321 @A: 13 31 16 04 | 09
#1094-d321 @A: 11 12 01 31 | 12
#1095-d321 @A: 26 12 31 04 | 06
#1096-d321 @A: 24 21 31 33 | 01
#1097-d321 @A: 20 22 35 25 | 11
#1098-d321 @A: 32 35 27 20 | 10
#1099-d321 @A: 16 10 22 20 | 03
#1100-d321 @A: 20 27 10 33 | 08
#1101-d321 @A: 20 17 26 15 | 04
#1102-d321 @A: 11 26 35 18 | 07
#1103-d321 @A: 03 15 11 35 | 05
#1104-d321 @A: 01 35 27 16 | 02
#1105-d321 @A: 15 24 33 35 | 09
#1106-d321 @A: 13 22 32 18 | 12
#1107-d321 @A: 23 01 18 29 | 06
#1108-d321 @A: 16 27 23 18 | 01
#1109-d321 @A: 16 09 18 13 | 11
#1110-d321 @A: 25 11 18 17 | 10
#1111-d321 @A: 18 16 10 04 | 03
#1112-d321 @A: 24 21 18 04 | 08
#1113-d321 @A: 26 18 32 04 | 04
#1114-d321 @A: 16 30 18 17 | 07
#1115-d321 @A: 22 17 15 10 | 05
#1116-d321 @A: 22 17 32 33 | 02
#1117-d321 @A: 15 30 12 22 | 09
#1118-d321 @A: 03 23 24 13 | 12
#1119-d321 @A: 25 23 01 33 | 06
#1120-d321 @A: 12 11 34 23 | 01
#1121-d321 @A: 23 30 10 33 | 11
#1122-d321 @A: 27 26 34 23 | 10
#1123-d321 @A: 32 11 03 09 | 03
#1124-d321 @A: 03 34 16 09 | 08
#1125-d321 @A: 17 10 11 09 | 04
#1126-d321 @A: 15 09 27 11 | 07
#1127-d321 @A: 09 30 10 04 | 05
#1128-d321 @A: 15 34 33 09 | 02
#1129-d321 @A: 17 24 32 09 | 09
#1130-d321 @A: 21 01 03 25 | 12
#1131-d321 @A: 03 04 12 34 | 06
#1132-d321 @A: 27 04 03 34 | 01
#1133-d321 @A: 03 15 21 10 | 11
#1134-d321 @A: 03 27 30 33 | 10
#1135-d321 @A: 32 29 13 24 | 03
#1136-d321 @A: 01 16 13 33 | 08
#1137-d321 @A: 13 24 21 34 | 04
#1138-d321 @A: 21 28 29 01 | 07
#1139-d321 @A: 25 26 28 29 | 05
#1140-d321 @A: 32 11 10 29 | 02
#1141-d321 @A: 30 10 29 21 | 09
#1142-d321 @A: 17 16 29 21 | 12
#1143-d321 @A: 27 10 32 17 | 06
#1144-d321 @A: 07 27 02 23 | 01
#1145-d321 @A: 31 07 19 30 | 11
#1146-d321 @A: 23 12 07 19 | 10
#1147-d321 @A: 20 16 07 05 | 03
#1148-d321 @A: 04 12 05 07 | 08
#1149-d321 @A: 23 07 31 33 | 04
#1150-d321 @A: 07 31 29 32 | 07
#1151-d321 @A: 01 21 07 20 | 05
#1152-d321 @A: 04 07 35 23 | 02
#1153-d321 @A: 07 03 13 11 | 09
#1154-d321 @A: 03 30 07 15 | 12
#1155-d321 @A: 04 14 20 08 | 06
#1156-d321 @A: 08 33 23 14 | 01
#1157-d321 @A: 06 08 21 12 | 11
#1158-d321 @A: 08 34 19 02 | 10
#1159-d321 @A: 03 08 35 19 | 03
#1160-d321 @A: 25 30 08 19 | 08
#1161-d321 @A: 05 34 08 27 | 04
#1162-d321 @A: 20 08 31 16 | 07
#1163-d321 @A: 08 17 31 35 | 05
#1164-d321 @A: 08 21 22 31 | 02
#1165-d321 @A: 08 32 20 30 | 09
#1166-d321 @A: 32 25 35 08 | 12
#1167-d321 @A: 10 09 27 08 | 06
#1168-d321 @A: 28 27 17 08 | 01
#1169-d321 @A: 24 08 21 01 | 11
#1170-d321 @A: 08 11 25 12 | 10
#1171-d321 @A: 08 33 15 25 | 03
#1172-d321 @A: 14 06 20 34 | 08
#1173-d321 @A: 14 06 24 16 | 04
#1174-d321 @A: 14 15 19 35 | 07
#1175-d321 @A: 14 19 28 01 | 05
#1176-d321 @A: 14 18 15 05 | 02
#1177-d321 @A: 31 28 14 21 | 09
#1178-d321 @A: 26 14 10 30 | 12
#1179-d321 @A: 05 06 25 22 | 06
#1180-d321 @A: 29 06 05 01 | 01
#1181-d321 @A: 23 06 10 31 | 11
#1182-d321 @A: 06 29 31 34 | 10
#1183-d321 @A: 22 06 24 03 | 03
#1184-d321 @A: 03 06 11 28 | 08
#1185-d321 @A: 26 13 06 29 | 04
#1186-d321 @A: 10 20 31 02 | 07
#1187-d321 @A: 31 32 18 02 | 05
#1188-d321 @A: 12 02 31 09 | 02
#1189-d321 @A: 31 04 02 34 | 09
#1190-d321 @A: 02 20 26 27 | 12
#1191-d321 @A: 02 35 24 21 | 06
#1192-d321 @A: 02 26 18 23 | 01
#1193-d321 @A: 22 25 02 28 | 11
#1194-d321 @A: 02 04 23 32 | 10
#1195-d321 @A: 02 03 29 32 | 03
#1196-d321 @A: 01 03 16 02 | 08
#1197-d321 @A: 33 34 11 02 | 04
#1198-d321 @A: 34 30 16 02 | 07
#1199-d321 @A: 17 02 12 26 | 05
#1200-d321 @A: 27 21 02 34 | 02
#1201-d321 @A: 31 10 19 03 | 09
#1202-d321 @A: 19 17 29 20 | 12
#1203-d321 @A: 18 10 27 19 | 06
#1204-d321 @A: 27 19 09 13 | 01
#1205-d321 @A: 34 29 03 19 | 11
#1206-d321 @A: 19 03 33 01 | 10
#1207-d321 @A: 03 17 19 11 | 03
#1208-d321 @A: 21 04 19 12 | 08
#1209-d321 @A: 31 05 35 25 | 04
#1210-d321 @A: 31 22 17 05 | 07
#1211-d321 @A: 05 15 31 23 | 05
#1212-d321 @A: 32 05 31 09 | 02
#1213-d321 @A: 28 20 05 30 | 09
#1214-d321 @A: 18 04 05 25 | 12
#1215-d321 @A: 15 05 22 03 | 06
#1216-d321 @A: 28 13 05 32 | 01
#1217-d321 @A: 05 16 29 11 | 11
#1218-d321 @A: 12 05 32 33 | 10
#1219-d321 @A: 31 21 35 20 | 03
#1220-d321 @A: 31 34 22 03 | 08
#1221-d321 @A: 26 01 31 22 | 04
#1222-d321 @A: 28 31 09 17 | 07
#1223-d321 @A: 31 27 25 16 | 05
#1224-d321 @A: 22 20 34 18 | 02
#1225-d321 @A: 17 23 22 20 | 09
#1226-d321 @A: 24 20 22 04 | 12
#1227-d321 @A: 13 25 20 03 | 06
#1228-d321 @A: 11 01 24 20 | 01
#1229-d321 @A: 20 10 25 15 | 11
#1230-d321 @A: 09 35 03 30 | 10
#1231-d321 @A: 35 03 29 21 | 03
#1232-d321 @A: 27 35 13 12 | 08
#1233-d321 @A: 35 12 16 11 | 04
#1234-d321 @A: 04 10 35 26 | 07
#1235-d321 @A: 32 35 16 30 | 05
#1236-d321 @A: 01 32 18 11 | 02
#1237-d321 @A: 15 30 18 10 | 09
#1238-d321 @A: 12 17 18 32 | 12
#1239-d321 @A: 18 27 24 26 | 06
#1240-d321 @A: 23 29 10 22 | 01
#1241-d321 @A: 22 27 34 09 | 11
#1242-d321 @A: 34 28 22 32 | 10
#1243-d321 @A: 01 15 21 22 | 03
#1244-d321 @A: 11 22 26 25 | 08
#1245-d321 @A: 16 34 15 22 | 04
#1246-d321 @A: 23 27 09 32 | 07
#1247-d321 @A: 29 26 23 03 | 05
#1248-d321 @A: 15 01 23 30 | 02
#1249-d321 @A: 25 10 17 23 | 09
#1250-d321 @A: 15 12 23 32 | 12
#1251-d321 @A: 09 03 25 26 | 06
#1252-d321 @A: 11 09 29 13 | 01
#1253-d321 @A: 03 01 26 15 | 11
#1254-d321 @A: 26 34 11 03 | 10
#1255-d321 @A: 17 03 04 26 | 03
#1256-d321 @A: 10 25 13 34 | 08
#1257-d321 @A: 11 26 29 21 | 04
#1258-d321 @A: 34 12 29 33 | 07
#1259-d321 @A: 01 28 17 25 | 05
#1260-d321 @A: 01 12 04 27 | 02
#1261-d321 @A: 27 24 16 30 | 09
#1262-d321 @A: 07 20 08 19 | 12
#1263-d321 @A: 29 06 07 30 | 06
#1264-d321 @A: 02 13 33 07 | 01
#1265-d321 @A: 09 07 19 26 | 11
#1266-d321 @A: 07 34 31 20 | 10
#1267-d321 @A: 13 07 30 35 | 03
#1268-d321 @A: 07 30 23 34 | 08
#1269-d321 @A: 01 26 25 07 | 04
#1270-d321 @A: 04 11 30 07 | 07
#1271-d321 @A: 07 26 04 24 | 05
#1272-d321 @A: 25 14 08 28 | 02
#1273-d321 @A: 19 08 06 23 | 09
#1274-d321 @A: 06 13 08 31 | 12
#1275-d321 @A: 24 23 02 08 | 06
#1276-d321 @A: 18 05 08 13 | 01
#1277-d321 @A: 08 25 09 20 | 11
#1278-d321 @A: 08 20 13 21 | 10
#1279-d321 @A: 34 29 08 20 | 03
#1280-d321 @A: 12 18 08 23 | 08
#1281-d321 @A: 04 18 08 27 | 04
#1282-d321 @A: 08 28 22 29 | 07
#1283-d321 @A: 08 22 17 25 | 05
#1284-d321 @A: 17 01 32 08 | 02
#1285-d321 @A: 11 24 08 32 | 09
#1286-d321 @A: 08 32 16 15 | 12
#1287-d321 @A: 02 34 22 14 | 06
#1288-d321 @A: 14 01 02 25 | 01
#1289-d321 @A: 05 19 04 14 | 11
#1290-d321 @A: 28 05 14 33 | 10
#1291-d321 @A: 31 35 30 14 | 03
#1292-d321 @A: 22 14 20 32 | 08
#1293-d321 @A: 14 20 13 30 | 04
#1294-d321 @A: 14 13 18 04 | 07
#1295-d321 @A: 23 26 14 09 | 05
#1296-d321 @A: 14 09 29 24 | 02
#1297-d321 @A: 03 28 14 26 | 09
#1298-d321 @A: 21 14 30 16 | 12
#1299-d321 @A: 06 02 12 11 | 06
#1300-d321 @A: 06 19 13 32 | 01
#1301-d321 @A: 31 20 06 05 | 11
#1302-d321 @A: 31 03 06 25 | 10
#1303-d321 @A: 01 20 06 35 | 03
#1304-d321 @A: 32 20 29 06 | 08
#1305-d321 @A: 06 04 23 22 | 04
#1306-d321 @A: 16 06 22 29 | 07
#1307-d321 @A: 06 23 01 28 | 05
#1308-d321 @A: 30 27 09 06 | 02
#1309-d321 @A: 03 01 06 30 | 09
#1310-d321 @A: 32 26 06 11 | 12
#1311-d321 @A: 33 06 24 26 | 06
#1312-d321 @A: 06 26 25 12 | 01
#1313-d321 @A: 05 12 21 02 | 11
#1314-d321 @A: 03 35 02 25 | 10
#1315-d321 @A: 33 02 09 03 | 03
#1316-d321 @A: 15 02 09 32 | 08
#1317-d321 @A: 12 28 13 02 | 04
#1318-d321 @A: 04 13 02 21 | 07
#1319-d321 @A: 27 02 29 12 | 05
#1320-d321 @A: 32 10 02 01 | 02
#1321-d321 @A: 10 16 11 02 | 09
#1322-d321 @A: 30 02 17 10 | 12
#1323-d321 @A: 25 27 02 15 | 06
#1324-d321 @A: 05 19 15 20 | 01
#1325-d321 @A: 05 22 19 18 | 11
#1326-d321 @A: 22 19 31 32 | 10
#1327-d321 @A: 20 19 03 16 | 03
#1328-d321 @A: 28 10 19 20 | 08
#1329-d321 @A: 24 15 13 19 | 04
#1330-d321 @A: 21 01 19 34 | 07
#1331-d321 @A: 34 19 24 11 | 05
#1332-d321 @A: 19 24 27 04 | 02
#1333-d321 @A: 19 15 17 12 | 09
#1334-d321 @A: 19 25 16 12 | 12
#1335-d321 @A: 19 30 21 32 | 06
#1336-d321 @A: 31 05 29 21 | 01
#1337-d321 @A: 05 04 22 01 | 11
#1338-d321 @A: 09 04 03 05 | 10
#1339-d321 @A: 05 27 03 28 | 03
#1340-d321 @A: 34 05 11 01 | 08
#1341-d321 @A: 11 05 12 30 | 04
#1342-d321 @A: 17 16 12 05 | 07
#1343-d321 @A: 34 16 05 21 | 05
#1344-d321 @A: 35 33 13 31 | 02
#1345-d321 @A: 24 18 31 23 | 09
#1346-d321 @A: 33 29 31 22 | 12
#1347-d321 @A: 31 34 01 23 | 06
#1348-d321 @A: 13 31 30 03 | 01
#1349-d321 @A: 28 31 34 13 | 11
#1350-d321 @A: 10 31 26 25 | 10
#1351-d321 @A: 34 25 31 33 | 03
#1352-d321 @A: 15 25 16 31 | 08
#1353-d321 @A: 31 16 12 32 | 04
#1354-d321 @A: 31 34 26 16 | 07
#1355-d321 @A: 20 22 11 09 | 05
#1356-d321 @A: 26 29 22 20 | 02
#1357-d321 @A: 13 33 20 23 | 09
#1358-d321 @A: 24 20 25 23 | 12
#1359-d321 @A: 09 32 20 10 | 06
#1360-d321 @A: 11 20 03 29 | 01
#1361-d321 @A: 17 28 20 03 | 11
#1362-d321 @A: 29 15 20 21 | 10
#1363-d321 @A: 16 20 30 04 | 03
#1364-d321 @A: 20 33 10 34 | 08
#1365-d321 @A: 12 34 24 20 | 04
#1366-d321 @A: 27 21 24 20 | 07
#1367-d321 @A: 29 18 27 35 | 05
#1368-d321 @A: 27 35 28 25 | 02
#1369-d321 @A: 11 35 32 33 | 09
#1370-d321 @A: 17 35 21 11 | 12
#1371-d321 @A: 25 24 04 35 | 06
#1372-d321 @A: 32 10 15 35 | 01
#1373-d321 @A: 35 10 21 12 | 11
#1374-d321 @A: 15 21 30 35 | 10
#1375-d321 @A: 23 18 22 11 | 03
#1376-d321 @A: 10 01 33 18 | 08
#1377-d321 @A: 34 24 18 16 | 04
#1378-d321 @A: 09 12 22 03 | 07
#1379-d321 @A: 22 10 13 28 | 05
#1380-d321 @A: 12 33 22 01 | 02
#1381-d321 @A: 22 33 34 30 | 09
#1382-d321 @A: 26 15 22 32 | 12
#1383-d321 @A: 32 24 22 16 | 06
#1384-d321 @A: 32 22 12 27 | 01
#1385-d321 @A: 23 32 29 09 | 11
#1386-d321 @A: 29 23 33 17 | 10
#1387-d321 @A: 25 27 23 24 | 03
#1388-d321 @A: 13 30 21 09 | 08
#1389-d321 @A: 09 11 21 12 | 04
#1390-d321 @A: 09 30 33 25 | 07
#1391-d321 @A: 24 15 09 26 | 05
#1392-d321 @A: 26 30 12 09 | 02
#1393-d321 @A: 25 28 10 03 | 09
#1394-d321 @A: 03 04 33 10 | 12
#1395-d321 @A: 11 01 21 13 | 06
#1396-d321 @A: 34 01 30 13 | 01
#1397-d321 @A: 11 13 16 24 | 11
#1398-d321 @A: 33 10 24 13 | 10
#1399-d321 @A: 33 13 27 24 | 03
#1400-d321 @A: 13 27 32 30 | 08
#1401-d321 @A: 32 12 29 01 | 04
#1402-d321 @A: 28 15 01 04 | 07
#1403-d321 @A: 01 28 32 27 | 05
#1404-d321 @A: 28 21 04 17 | 02
#1405-d321 @A: 25 34 04 28 | 09
#1406-d321 @A: 25 28 21 16 | 12
#1407-d321 @A: 24 16 26 28 | 06
#1408-d321 @A: 25 33 27 01 | 01
#1409-d321 @A: 26 27 21 30 | 11
#1410-d321 @A: 11 05 07 08 | 10
#1411-d321 @A: 08 23 07 17 | 03
#1412-d321 @A: 02 21 07 14 | 08
#1413-d321 @A: 07 06 35 24 | 04
#1414-d321 @A: 07 02 23 01 | 07
#1415-d321 @A: 15 18 07 19 | 05
#1416-d321 @A: 07 24 05 23 | 02
#1417-d321 @A: 24 31 07 22 | 09
#1418-d321 @A: 18 09 07 21 | 12
#1419-d321 @A: 07 25 23 28 | 06
#1420-d321 @A: 04 10 07 01 | 01
#1421-d321 @A: 10 07 25 11 | 11
#1422-d321 @A: 11 33 07 26 | 10
#1423-d321 @A: 07 24 11 21 | 03
#1424-d321 @A: 17 27 04 07 | 08
#1425-d321 @A: 26 07 16 17 | 04
#1426-d321 @A: 14 02 08 11 | 07
#1427-d321 @A: 14 08 31 10 | 05
#1428-d321 @A: 08 04 09 02 | 02
#1429-d321 @A: 05 08 03 25 | 09
#1430-d321 @A: 31 25 08 18 | 12
#1431-d321 @A: 31 26 08 23 | 06
#1432-d321 @A: 31 33 32 08 | 01
#1433-d321 @A: 35 27 26 08 | 11
#1434-d321 @A: 09 24 18 08 | 10
#1435-d321 @A: 08 03 18 01 | 03
#1436-d321 @A: 08 13 22 24 | 08
#1437-d321 @A: 29 21 08 09 | 04
#1438-d321 @A: 30 26 13 08 | 07
#1439-d321 @A: 34 16 08 01 | 05
#1440-d321 @A: 30 33 11 08 | 02
#1441-d321 @A: 32 10 26 08 | 09
#1442-d321 @A: 08 30 16 12 | 12
#1443-d321 @A: 03 35 14 06 | 06
#1444-d321 @A: 14 06 25 18 | 01
#1445-d321 @A: 04 06 10 14 | 11
#1446-d321 @A: 02 32 14 05 | 10
#1447-d321 @A: 12 02 16 14 | 03
#1448-d321 @A: 26 14 19 31 | 08
#1449-d321 @A: 14 22 13 31 | 04
#1450-d321 @A: 13 14 09 10 | 07
#1451-d321 @A: 03 15 17 14 | 05
#1452-d321 @A: 16 17 11 14 | 02
#1453-d321 @A: 14 24 11 12 | 09
#1454-d321 @A: 02 01 06 18 | 12
#1455-d321 @A: 26 06 34 02 | 06
#1456-d321 @A: 25 19 35 06 | 01
#1457-d321 @A: 19 06 22 11 | 11
#1458-d321 @A: 34 06 19 28 | 10
#1459-d321 @A: 31 18 06 27 | 03
#1460-d321 @A: 15 01 31 06 | 08
#1461-d321 @A: 06 21 20 09 | 04
#1462-d321 @A: 12 13 06 35 | 07
#1463-d321 @A: 15 06 18 26 | 05
#1464-d321 @A: 21 32 23 06 | 02
#1465-d321 @A: 32 01 33 06 | 09
#1466-d321 @A: 16 10 15 06 | 12
#1467-d321 @A: 16 06 25 17 | 06
#1468-d321 @A: 05 02 31 16 | 01
#1469-d321 @A: 02 15 13 31 | 11
#1470-d321 @A: 02 31 26 24 | 10
#1471-d321 @A: 03 02 20 26 | 03
#1472-d321 @A: 04 20 02 11 | 08
#1473-d321 @A: 27 09 35 02 | 04
#1474-d321 @A: 29 15 02 18 | 07
#1475-d321 @A: 34 24 02 09 | 05
#1476-d321 @A: 27 02 17 30 | 02
#1477-d321 @A: 02 26 30 25 | 09
#1478-d321 @A: 03 19 32 05 | 12
#1479-d321 @A: 19 23 16 31 | 06
#1480-d321 @A: 31 19 15 09 | 01
#1481-d321 @A: 31 13 25 19 | 11
#1482-d321 @A: 19 17 23 18 | 10
#1483-d321 @A: 28 32 19 09 | 03
#1484-d321 @A: 10 13 30 19 | 08
#1485-d321 @A: 34 19 30 27 | 04
#1486-d321 @A: 05 31 18 30 | 07
#1487-d321 @A: 33 01 05 31 | 05
#1488-d321 @A: 20 35 05 34 | 02
#1489-d321 @A: 20 05 03 01 | 09
#1490-d321 @A: 23 16 35 05 | 12
#1491-d321 @A: 05 18 26 10 | 06
#1492-d321 @A: 28 24 05 09 | 01
#1493-d321 @A: 13 05 29 15 | 11
#1494-d321 @A: 05 04 26 16 | 10
#1495-d321 @A: 31 28 26 20 | 03
#1496-d321 @A: 10 16 35 31 | 08
#1497-d321 @A: 18 09 34 31 | 04
#1498-d321 @A: 31 27 21 03 | 07
#1499-d321 @A: 25 31 24 01 | 05
#1500-d321 @A: 04 11 31 25 | 02
#1501-d321 @A: 15 04 31 21 | 09
#1502-d321 @A: 31 33 26 17 | 12
#1503-d321 @A: 35 13 32 20 | 06
#1504-d321 @A: 20 03 24 18 | 01
#1505-d321 @A: 04 20 33 18 | 11
#1506-d321 @A: 23 20 12 09 | 10
#1507-d321 @A: 34 03 23 20 | 03
#1508-d321 @A: 29 27 09 20 | 08
#1509-d321 @A: 16 21 20 11 | 04
#1510-d321 @A: 12 32 25 20 | 07
#1511-d321 @A: 30 12 35 28 | 05
#1512-d321 @A: 18 09 25 23 | 02
#1513-d321 @A: 16 18 03 23 | 09
#1514-d321 @A: 09 03 18 10 | 12
#1515-d321 @A: 11 18 34 21 | 06
#1516-d321 @A: 34 18 25 15 | 01
#1517-d321 @A: 24 34 01 22 | 11
#1518-d321 @A: 04 22 10 34 | 10
#1519-d321 @A: 21 09 23 28 | 03
#1520-d321 @A: 23 03 28 12 | 08
#1521-d321 @A: 01 26 16 23 | 04
#1522-d321 @A: 04 10 23 12 | 07
#1523-d321 @A: 23 24 34 04 | 05
#1524-d321 @A: 23 32 34 33 | 02
#1525-d321 @A: 24 32 26 23 | 09
#1526-d321 @A: 09 11 33 01 | 12
#1527-d321 @A: 15 01 09 25 | 06
#1528-d321 @A: 32 04 09 33 | 01
#1529-d321 @A: 04 25 30 03 | 11
#1530-d321 @A: 17 03 32 10 | 10
#1531-d321 @A: 10 27 03 26 | 03
#1532-d321 @A: 26 30 03 33 | 08
#1533-d321 @A: 17 25 03 33 | 04
#1534-d321 @A: 30 17 03 12 | 07
#1535-d321 @A: 13 29 15 27 | 05
#1536-d321 @A: 01 13 32 15 | 02
#1537-d321 @A: 12 21 13 33 | 09
#1538-d321 @A: 29 17 28 12 | 12
#1539-d321 @A: 15 29 10 12 | 06
#1540-d321 @A: 26 29 33 32 | 01
#1541-d321 @A: 28 32 11 17 | 11
#1542-d321 @A: 16 28 12 34 | 10
#1543-d321 @A: 34 26 28 30 | 03
#1544-d321 @A: 25 24 30 28 | 08
#1545-d321 @A: 15 27 01 26 | 04
#1546-d321 @A: 25 27 30 01 | 07
#1547-d321 @A: 32 27 11 26 | 05
#1548-d321 @A: 25 27 26 04 | 02
#1549-d321 @A: 35 08 21 07 | 09
#1550-d321 @A: 14 30 07 09 | 12
#1551-d321 @A: 14 27 07 25 | 06
#1552-d321 @A: 18 07 06 34 | 01
#1553-d321 @A: 22 10 06 07 | 11
#1554-d321 @A: 07 09 01 06 | 10
#1555-d321 @A: 18 11 07 02 | 03
#1556-d321 @A: 32 05 07 35 | 08
#1557-d321 @A: 05 22 07 34 | 04
#1558-d321 @A: 07 09 04 20 | 07
#1559-d321 @A: 28 35 16 07 | 05
#1560-d321 @A: 07 25 18 30 | 02
#1561-d321 @A: 03 26 07 22 | 09
#1562-d321 @A: 23 10 13 07 | 12
#1563-d321 @A: 27 09 07 01 | 06
#1564-d321 @A: 13 29 07 12 | 01
#1565-d321 @A: 11 15 07 17 | 11
#1566-d321 @A: 26 10 21 07 | 10
#1567-d321 @A: 07 33 30 21 | 03
#1568-d321 @A: 14 08 19 21 | 08
#1569-d321 @A: 05 08 17 14 | 04
#1570-d321 @A: 08 14 30 27 | 07
#1571-d321 @A: 12 02 29 08 | 05
#1572-d321 @A: 08 02 28 21 | 02
#1573-d321 @A: 29 26 08 19 | 09
#1574-d321 @A: 04 08 28 19 | 12
#1575-d321 @A: 19 10 08 17 | 06
#1576-d321 @A: 08 05 20 22 | 01
#1577-d321 @A: 20 12 08 03 | 11
#1578-d321 @A: 11 09 23 08 | 10
#1579-d321 @A: 08 09 17 03 | 03
#1580-d321 @A: 08 26 21 16 | 08
#1581-d321 @A: 06 14 13 33 | 04
#1582-d321 @A: 15 06 32 14 | 07
#1583-d321 @A: 31 33 02 14 | 05
#1584-d321 @A: 14 33 19 32 | 02
#1585-d321 @A: 11 27 05 14 | 09
#1586-d321 @A: 14 31 17 18 | 12
#1587-d321 @A: 31 14 16 01 | 06
#1588-d321 @A: 14 01 18 20 | 01
#1589-d321 @A: 23 20 14 10 | 11
#1590-d321 @A: 18 30 14 03 | 10
#1591-d321 @A: 28 14 22 15 | 03
#1592-d321 @A: 03 13 14 32 | 08
#1593-d321 @A: 28 30 14 04 | 04
#1594-d321 @A: 25 16 34 14 | 07
#1595-d321 @A: 23 02 33 06 | 05
#1596-d321 @A: 06 29 02 21 | 02
#1597-d321 @A: 05 06 10 19 | 09
#1598-d321 @A: 17 31 19 06 | 12
#1599-d321 @A: 03 05 16 06 | 06
#1600-d321 @A: 06 32 28 31 | 01
#1601-d321 @A: 18 20 06 23 | 11
#1602-d321 @A: 03 06 33 20 | 10
#1603-d321 @A: 17 06 20 27 | 03
#1604-d321 @A: 06 22 35 34 | 08
#1605-d321 @A: 06 11 10 27 | 04
#1606-d321 @A: 06 17 10 26 | 07
#1607-d321 @A: 34 27 16 06 | 05
#1608-d321 @A: 26 06 12 27 | 02
#1609-d321 @A: 30 25 06 32 | 09
#1610-d321 @A: 34 24 25 06 | 12
#1611-d321 @A: 02 19 31 21 | 06
#1612-d321 @A: 05 22 33 02 | 01
#1613-d321 @A: 30 13 02 05 | 11
#1614-d321 @A: 28 20 32 02 | 10
#1615-d321 @A: 30 02 33 35 | 03
#1616-d321 @A: 13 02 09 22 | 08
#1617-d321 @A: 02 23 16 25 | 04
#1618-d321 @A: 01 09 02 29 | 07
#1619-d321 @A: 03 15 34 02 | 05
#1620-d321 @A: 02 01 12 34 | 02
#1621-d321 @A: 02 11 32 30 | 09
#1622-d321 @A: 12 04 30 02 | 12
#1623-d321 @A: 02 10 12 24 | 06
#1624-d321 @A: 15 16 02 17 | 01
#1625-d321 @A: 26 35 05 19 | 11
#1626-d321 @A: 05 19 17 34 | 10
#1627-d321 @A: 19 31 20 04 | 03
#1628-d321 @A: 31 01 29 19 | 08
#1629-d321 @A: 11 20 19 25 | 04
#1630-d321 @A: 19 34 23 25 | 07
#1631-d321 @A: 19 30 03 28 | 05
#1632-d321 @A: 27 12 03 19 | 02
#1633-d321 @A: 05 35 03 33 | 09
#1634-d321 @A: 35 04 05 13 | 12
#1635-d321 @A: 05 09 23 01 | 06
#1636-d321 @A: 05 09 25 13 | 01
#1637-d321 @A: 05 15 28 16 | 11
#1638-d321 @A: 10 33 11 05 | 10
#1639-d321 @A: 34 05 04 15 | 03
#1640-d321 @A: 23 20 31 30 | 08
#1641-d321 @A: 31 01 09 20 | 04
#1642-d321 @A: 18 31 35 04 | 07
#1643-d321 @A: 18 13 01 31 | 05
#1644-d321 @A: 09 31 29 25 | 02
#1645-d321 @A: 31 28 01 03 | 09
#1646-d321 @A: 17 31 11 34 | 12
#1647-d321 @A: 33 20 09 24 | 06
#1648-d321 @A: 13 15 28 20 | 01
#1649-d321 @A: 34 21 28 20 | 11
#1650-d321 @A: 20 30 27 28 | 10
#1651-d321 @A: 33 01 30 20 | 03
#1652-d321 @A: 34 26 04 20 | 08
#1653-d321 @A: 28 34 35 03 | 04
#1654-d321 @A: 35 16 17 13 | 07
#1655-d321 @A: 04 35 11 01 | 05
#1656-d321 @A: 35 01 16 25 | 02
#1657-d321 @A: 15 17 04 35 | 09
#1658-d321 @A: 27 09 12 18 | 12
#1659-d321 @A: 21 18 15 32 | 06
#1660-d321 @A: 03 22 04 28 | 01
#1661-d321 @A: 22 11 04 33 | 11
#1662-d321 @A: 22 11 21 32 | 10
#1663-d321 @A: 25 04 22 16 | 03
#1664-d321 @A: 25 22 30 21 | 08
#1665-d321 @A: 03 23 30 32 | 04
#1666-d321 @A: 33 04 23 21 | 07
#1667-d321 @A: 27 21 04 23 | 05
#1668-d321 @A: 24 10 16 09 | 02
#1669-d321 @A: 12 09 17 33 | 09
#1670-d321 @A: 16 09 15 30 | 12
#1671-d321 @A: 17 30 09 34 | 06
#1672-d321 @A: 11 25 03 16 | 01
#1673-d321 @A: 15 04 03 32 | 11
#1674-d321 @A: 34 03 30 21 | 10
#1675-d321 @A: 10 17 13 01 | 03
#1676-d321 @A: 30 25 11 13 | 08
#1677-d321 @A: 13 04 17 34 | 04
#1678-d321 @A: 21 13 10 32 | 07
#1679-d321 @A: 13 34 16 32 | 05
#1680-d321 @A: 12 17 24 13 | 02
#1681-d321 @A: 15 28 24 29 | 09
#1682-d321 @A: 17 11 30 29 | 12
#1683-d321 @A: 32 30 29 15 | 06
#1684-d321 @A: 28 01 34 33 | 01
#1685-d321 @A: 01 28 32 26 | 11
#1686-d321 @A: 12 32 28 04 | 10
#1687-d321 @A: 28 15 10 34 | 03
#1688-d321 @A: 34 28 27 12 | 08
#1689-d321 @A: 27 01 34 10 | 04
