#0001-d324 @A: 10 04 15 02 | 12
#0002-d324 @A: 22 32 10 07 | 02
#0003-d324 @A: 14 10 16 17 | 11
#0004-d324 @A: 10 27 16 26 | 09
#0005-d324 @A: 10 16 09 02 | 08
#0006-d324 @A: 27 10 05 23 | 10
#0007-d324 @A: 30 19 10 22 | 05
#0008-d324 @A: 33 10 03 01 | 01
#0009-d324 @A: 10 33 31 35 | 03
#0010-d324 @A: 33 09 19 10 | 06
#0011-d324 @A: 18 09 01 10 | 04
#0012-d324 @A: 03 27 35 10 | 07
#0013-d324 @A: 09 24 27 10 | 12
#0014-d324 @A: 09 10 25 05 | 02
#0015-d324 @A: 34 25 20 10 | 11
#0016-d324 @A: 21 25 15 10 | 09
#0017-d324 @A: 29 21 06 10 | 08
#0018-d324 @A: 21 32 04 12 | 10
#0019-d324 @A: 27 05 12 17 | 05
#0020-d324 @A: 11 12 02 16 | 01
#0021-d324 @A: 35 33 12 23 | 03
#0022-d324 @A: 01 23 12 31 | 06
#0023-d324 @A: 23 19 12 34 | 04
#0024-d324 @A: 05 12 11 23 | 07
#0025-d324 @A: 22 13 12 09 | 12
#0026-d324 @A: 22 12 34 07 | 02
#0027-d324 @A: 18 12 20 27 | 11
#0028-d324 @A: 12 26 27 01 | 09
#0029-d324 @A: 34 27 12 11 | 08
#0030-d324 @A: 15 12 27 26 | 10
#0031-d324 @A: 12 34 31 06 | 05
#0032-d324 @A: 34 13 12 21 | 01
#0033-d324 @A: 14 30 13 12 | 03
#0034-d324 @A: 06 11 12 13 | 06
#0035-d324 @A: 04 32 15 18 | 04
#0036-d324 @A: 30 04 17 19 | 07
#0037-d324 @A: 15 23 04 13 | 12
#0038-d324 @A: 01 07 31 04 | 02
#0039-d324 @A: 04 35 09 13 | 11
#0040-d324 @A: 04 25 19 31 | 09
#0041-d324 @A: 04 09 30 08 | 08
#0042-d324 @A: 30 04 13 31 | 10
#0043-d324 @A: 19 14 04 15 | 05
#0044-d324 @A: 14 04 08 06 | 01
#0045-d324 @A: 33 17 32 11 | 03
#0046-d324 @A: 32 14 25 16 | 06
#0047-d324 @A: 21 16 08 32 | 04
#0048-d324 @A: 35 23 32 02 | 07
#0049-d324 @A: 32 15 31 23 | 12
#0050-d324 @A: 23 34 32 21 | 02
#0051-d324 @A: 26 30 32 33 | 11
#0052-d324 @A: 01 14 18 32 | 09
#0053-d324 @A: 30 32 01 11 | 08
#0054-d324 @A: 27 09 32 25 | 10
#0055-d324 @A: 15 32 21 27 | 05
#0056-d324 @A: 02 30 32 25 | 01
#0057-d324 @A: 15 11 32 25 | 03
#0058-d324 @A: 32 08 31 34 | 06
#0059-d324 @A: 05 29 32 21 | 04
#0060-d324 @A: 13 32 19 15 | 07
#0061-d324 @A: 06 35 23 17 | 12
#0062-d324 @A: 17 08 23 34 | 02
#0063-d324 @A: 17 20 23 02 | 11
#0064-d324 @A: 22 17 26 25 | 09
#0065-d324 @A: 33 17 02 34 | 08
#0066-d324 @A: 08 25 18 17 | 10
#0067-d324 @A: 27 01 17 08 | 05
#0068-d324 @A: 21 13 08 17 | 01
#0069-d324 @A: 17 03 19 21 | 03
#0070-d324 @A: 05 19 26 17 | 06
#0071-d324 @A: 15 17 20 24 | 04
#0072-d324 @A: 27 23 24 16 | 07
#0073-d324 @A: 33 07 22 16 | 12
#0074-d324 @A: 21 34 16 22 | 02
#0075-d324 @A: 16 30 06 22 | 11
#0076-d324 @A: 33 16 09 14 | 09
#0077-d324 @A: 25 06 27 16 | 08
#0078-d324 @A: 30 16 03 25 | 10
#0079-d324 @A: 16 31 06 07 | 05
#0080-d324 @A: 11 06 16 05 | 01
#0081-d324 @A: 03 24 16 11 | 03
#0082-d324 @A: 22 23 18 02 | 06
#0083-d324 @A: 23 22 31 26 | 04
#0084-d324 @A: 23 26 11 13 | 07
#0085-d324 @A: 35 22 30 14 | 12
#0086-d324 @A: 21 35 22 08 | 02
#0087-d324 @A: 19 24 25 22 | 11
#0088-d324 @A: 25 14 06 22 | 09
#0089-d324 @A: 02 13 07 22 | 08
#0090-d324 @A: 22 06 07 11 | 10
#0091-d324 @A: 20 19 03 22 | 05
#0092-d324 @A: 05 22 15 28 | 01
#0093-d324 @A: 09 07 18 33 | 03
#0094-d324 @A: 01 06 33 07 | 06
#0095-d324 @A: 11 09 33 35 | 04
#0096-d324 @A: 31 30 33 28 | 07
#0097-d324 @A: 06 29 33 24 | 12
#0098-d324 @A: 33 20 26 05 | 02
#0099-d324 @A: 24 08 33 02 | 11
#0100-d324 @A: 35 29 34 18 | 09
#0101-d324 @A: 25 18 14 34 | 08
#0102-d324 @A: 30 18 02 15 | 10
#0103-d324 @A: 18 14 13 26 | 05
#0104-d324 @A: 14 07 18 24 | 01
#0105-d324 @A: 18 20 05 08 | 03
#0106-d324 @A: 01 34 35 07 | 06
#0107-d324 @A: 11 01 19 28 | 04
#0108-d324 @A: 08 06 24 01 | 07
#0109-d324 @A: 06 01 02 05 | 12
#0110-d324 @A: 05 01 11 26 | 02
#0111-d324 @A: 20 15 25 35 | 11
#0112-d324 @A: 15 30 14 35 | 09
#0113-d324 @A: 07 20 35 19 | 08
#0114-d324 @A: 03 07 35 11 | 10
#0115-d324 @A: 29 03 06 35 | 05
#0116-d324 @A: 13 15 09 27 | 01
#0117-d324 @A: 34 31 24 27 | 03
#0118-d324 @A: 27 21 13 29 | 06
#0119-d324 @A: 27 19 26 07 | 04
#0120-d324 @A: 27 03 20 06 | 07
#0121-d324 @A: 21 31 25 09 | 12
#0122-d324 @A: 21 02 25 28 | 02
#0123-d324 @A: 28 13 25 07 | 11
#0124-d324 @A: 19 11 25 07 | 09
#0125-d324 @A: 02 25 14 03 | 08
#0126-d324 @A: 24 25 02 05 | 10
#0127-d324 @A: 29 05 25 03 | 05
#0128-d324 @A: 09 08 26 19 | 01
#0129-d324 @A: 03 09 28 15 | 03
#0130-d324 @A: 09 03 08 14 | 06
#0131-d324 @A: 11 29 09 26 | 04
#0132-d324 @A: 06 31 13 29 | 07
#0133-d324 @A: 15 31 14 07 | 12
#0134-d324 @A: 24 26 06 31 | 02
#0135-d324 @A: 03 06 31 02 | 11
#0136-d324 @A: 02 29 31 28 | 09
#0137-d324 @A: 34 11 21 08 | 08
#0138-d324 @A: 34 15 06 08 | 10
#0139-d324 @A: 30 21 03 15 | 05
#0140-d324 @A: 20 07 30 02 | 01
#0141-d324 @A: 19 05 15 30 | 03
#0142-d324 @A: 06 15 21 02 | 06
#0143-d324 @A: 14 29 13 15 | 04
#0144-d324 @A: 10 12 17 08 | 07
#0145-d324 @A: 04 08 33 10 | 12
#0146-d324 @A: 32 06 10 16 | 02
#0147-d324 @A: 17 10 27 15 | 11
#0148-d324 @A: 10 17 20 30 | 09
#0149-d324 @A: 23 10 26 07 | 08
#0150-d324 @A: 03 22 34 10 | 10
#0151-d324 @A: 33 10 11 29 | 05
#0152-d324 @A: 10 08 01 26 | 01
#0153-d324 @A: 14 27 25 10 | 03
#0154-d324 @A: 27 28 10 34 | 06
#0155-d324 @A: 27 10 30 02 | 04
#0156-d324 @A: 09 10 30 03 | 07
#0157-d324 @A: 30 13 21 10 | 12
#0158-d324 @A: 05 10 14 11 | 02
#0159-d324 @A: 10 14 29 08 | 11
#0160-d324 @A: 12 04 08 01 | 09
#0161-d324 @A: 06 12 32 35 | 08
#0162-d324 @A: 28 12 32 11 | 10
#0163-d324 @A: 17 29 12 33 | 05
#0164-d324 @A: 12 01 06 17 | 01
#0165-d324 @A: 16 12 34 08 | 03
#0166-d324 @A: 22 01 12 02 | 06
#0167-d324 @A: 12 01 29 28 | 04
#0168-d324 @A: 25 13 27 12 | 07
#0169-d324 @A: 30 29 12 31 | 12
#0170-d324 @A: 07 02 31 12 | 02
#0171-d324 @A: 12 02 19 21 | 11
#0172-d324 @A: 12 02 14 05 | 09
#0173-d324 @A: 04 32 07 19 | 08
#0174-d324 @A: 32 05 14 04 | 10
#0175-d324 @A: 34 04 17 11 | 05
#0176-d324 @A: 07 17 04 15 | 01
#0177-d324 @A: 14 26 04 17 | 03
#0178-d324 @A: 15 04 22 16 | 06
#0179-d324 @A: 30 04 23 06 | 04
#0180-d324 @A: 05 02 23 04 | 07
#0181-d324 @A: 31 22 35 04 | 12
#0182-d324 @A: 04 30 15 25 | 02
#0183-d324 @A: 28 09 29 04 | 11
#0184-d324 @A: 29 14 04 13 | 09
#0185-d324 @A: 19 26 04 29 | 08
#0186-d324 @A: 03 04 08 26 | 10
#0187-d324 @A: 24 04 20 08 | 05
#0188-d324 @A: 28 32 16 17 | 01
#0189-d324 @A: 27 23 32 26 | 03
#0190-d324 @A: 31 23 32 13 | 06
#0191-d324 @A: 31 33 07 32 | 04
#0192-d324 @A: 33 13 32 29 | 07
#0193-d324 @A: 32 01 25 29 | 12
#0194-d324 @A: 13 11 32 25 | 02
#0195-d324 @A: 07 32 08 11 | 11
#0196-d324 @A: 05 19 03 32 | 09
#0197-d324 @A: 32 20 03 26 | 08
#0198-d324 @A: 17 21 31 16 | 10
#0199-d324 @A: 25 23 33 17 | 05
#0200-d324 @A: 26 33 18 17 | 01
#0201-d324 @A: 33 13 07 17 | 03
#0202-d324 @A: 35 03 17 18 | 06
#0203-d324 @A: 06 17 11 18 | 04
#0204-d324 @A: 17 27 35 26 | 07
#0205-d324 @A: 35 17 28 07 | 12
#0206-d324 @A: 17 06 09 25 | 02
#0207-d324 @A: 05 09 17 30 | 11
#0208-d324 @A: 14 17 34 31 | 09
#0209-d324 @A: 17 06 13 20 | 08
#0210-d324 @A: 05 07 14 17 | 10
#0211-d324 @A: 24 08 17 03 | 05
#0212-d324 @A: 31 01 16 33 | 01
#0213-d324 @A: 02 13 33 16 | 03
#0214-d324 @A: 16 21 02 01 | 06
#0215-d324 @A: 16 31 20 35 | 04
#0216-d324 @A: 35 02 06 16 | 07
#0217-d324 @A: 20 16 27 02 | 12
#0218-d324 @A: 15 26 16 09 | 02
#0219-d324 @A: 28 31 05 16 | 11
#0220-d324 @A: 16 21 13 28 | 09
#0221-d324 @A: 07 14 21 16 | 08
#0222-d324 @A: 06 16 08 20 | 10
#0223-d324 @A: 11 01 23 22 | 05
#0224-d324 @A: 07 23 18 31 | 01
#0225-d324 @A: 09 23 20 01 | 03
#0226-d324 @A: 28 30 14 23 | 06
#0227-d324 @A: 24 21 03 23 | 04
#0228-d324 @A: 06 07 23 05 | 07
#0229-d324 @A: 22 01 30 13 | 12
#0230-d324 @A: 07 22 25 35 | 02
#0231-d324 @A: 25 02 22 34 | 11
#0232-d324 @A: 29 21 24 22 | 09
#0233-d324 @A: 05 26 28 22 | 08
#0234-d324 @A: 26 22 24 20 | 10
#0235-d324 @A: 18 33 05 29 | 05
#0236-d324 @A: 27 30 33 07 | 01
#0237-d324 @A: 14 33 25 30 | 03
#0238-d324 @A: 15 07 13 33 | 06
#0239-d324 @A: 33 13 14 24 | 04
#0240-d324 @A: 33 28 06 03 | 07
#0241-d324 @A: 33 11 20 02 | 12
#0242-d324 @A: 31 18 35 13 | 02
#0243-d324 @A: 31 27 21 18 | 11
#0244-d324 @A: 09 34 18 24 | 09
#0245-d324 @A: 27 07 01 28 | 08
#0246-d324 @A: 30 28 09 01 | 10
#0247-d324 @A: 01 21 03 13 | 05
#0248-d324 @A: 05 01 24 07 | 01
#0249-d324 @A: 20 01 07 11 | 03
#0250-d324 @A: 27 19 34 35 | 06
#0251-d324 @A: 27 11 35 15 | 04
#0252-d324 @A: 29 09 14 35 | 07
#0253-d324 @A: 26 35 06 21 | 12
#0254-d324 @A: 21 24 35 28 | 02
#0255-d324 @A: 35 21 15 05 | 11
#0256-d324 @A: 19 28 35 29 | 09
#0257-d324 @A: 31 05 27 09 | 08
#0258-d324 @A: 21 11 28 27 | 10
#0259-d324 @A: 27 05 06 13 | 05
#0260-d324 @A: 06 07 24 27 | 01
#0261-d324 @A: 08 02 07 27 | 03
#0262-d324 @A: 25 30 31 06 | 06
#0263-d324 @A: 25 31 11 24 | 04
#0264-d324 @A: 13 28 25 15 | 07
#0265-d324 @A: 13 08 14 25 | 12
#0266-d324 @A: 05 14 25 19 | 02
#0267-d324 @A: 21 29 09 15 | 11
#0268-d324 @A: 14 24 09 06 | 09
#0269-d324 @A: 20 11 24 09 | 08
#0270-d324 @A: 20 02 03 09 | 10
#0271-d324 @A: 05 31 11 07 | 05
#0272-d324 @A: 07 34 30 19 | 01
#0273-d324 @A: 21 14 34 19 | 03
#0274-d324 @A: 06 20 26 34 | 06
#0275-d324 @A: 29 24 34 14 | 04
#0276-d324 @A: 20 15 03 34 | 07
#0277-d324 @A: 30 19 11 03 | 12
#0278-d324 @A: 28 30 06 08 | 02
#0279-d324 @A: 20 05 29 30 | 11
#0280-d324 @A: 19 03 07 15 | 09
#0281-d324 @A: 15 20 06 29 | 08
#0282-d324 @A: 10 05 12 04 | 10
#0283-d324 @A: 10 29 27 12 | 05
#0284-d324 @A: 12 03 10 07 | 01
#0285-d324 @A: 18 10 06 04 | 03
#0286-d324 @A: 27 04 10 01 | 06
#0287-d324 @A: 04 31 10 28 | 04
#0288-d324 @A: 05 18 10 32 | 07
#0289-d324 @A: 18 10 23 03 | 12
#0290-d324 @A: 10 35 05 22 | 02
#0291-d324 @A: 08 28 22 10 | 11
#0292-d324 @A: 34 10 30 33 | 09
#0293-d324 @A: 01 30 10 06 | 08
#0294-d324 @A: 10 35 08 09 | 10
#0295-d324 @A: 11 27 20 10 | 05
#0296-d324 @A: 10 31 34 26 | 01
#0297-d324 @A: 20 14 13 10 | 03
#0298-d324 @A: 26 03 13 10 | 06
#0299-d324 @A: 12 05 30 32 | 04
#0300-d324 @A: 15 12 32 28 | 07
#0301-d324 @A: 17 23 28 12 | 12
#0302-d324 @A: 12 01 16 03 | 02
#0303-d324 @A: 16 12 13 31 | 11
#0304-d324 @A: 20 23 12 22 | 09
#0305-d324 @A: 27 07 23 12 | 08
#0306-d324 @A: 12 14 33 22 | 10
#0307-d324 @A: 12 27 08 22 | 05
#0308-d324 @A: 03 06 12 22 | 01
#0309-d324 @A: 18 11 01 12 | 03
#0310-d324 @A: 01 25 05 12 | 06
#0311-d324 @A: 12 24 01 19 | 04
#0312-d324 @A: 31 12 35 05 | 07
#0313-d324 @A: 27 19 09 12 | 12
#0314-d324 @A: 27 30 03 12 | 02
#0315-d324 @A: 28 26 21 12 | 11
#0316-d324 @A: 13 08 29 12 | 09
#0317-d324 @A: 12 20 06 07 | 08
#0318-d324 @A: 26 07 12 05 | 10
#0319-d324 @A: 28 04 33 17 | 05
#0320-d324 @A: 04 28 18 16 | 01
#0321-d324 @A: 24 18 04 23 | 03
#0322-d324 @A: 25 22 04 09 | 06
#0323-d324 @A: 31 11 33 04 | 04
#0324-d324 @A: 04 01 21 15 | 07
#0325-d324 @A: 15 35 08 04 | 12
#0326-d324 @A: 31 26 27 04 | 02
#0327-d324 @A: 14 04 27 30 | 11
#0328-d324 @A: 27 03 04 21 | 09
#0329-d324 @A: 30 20 25 04 | 08
#0330-d324 @A: 04 06 25 24 | 10
#0331-d324 @A: 28 08 13 04 | 05
#0332-d324 @A: 04 05 07 03 | 01
#0333-d324 @A: 05 28 04 19 | 03
#0334-d324 @A: 26 04 28 24 | 06
#0335-d324 @A: 02 11 04 28 | 04
#0336-d324 @A: 32 09 17 15 | 07
#0337-d324 @A: 34 32 24 17 | 12
#0338-d324 @A: 26 17 32 13 | 02
#0339-d324 @A: 16 23 32 19 | 11
#0340-d324 @A: 32 05 16 33 | 09
#0341-d324 @A: 16 32 09 07 | 08
#0342-d324 @A: 20 23 11 32 | 10
#0343-d324 @A: 22 32 11 35 | 05
#0344-d324 @A: 33 32 27 01 | 01
#0345-d324 @A: 15 29 33 32 | 03
#0346-d324 @A: 20 32 18 35 | 06
#0347-d324 @A: 15 35 19 32 | 04
#0348-d324 @A: 05 25 32 26 | 07
#0349-d324 @A: 32 13 24 07 | 12
#0350-d324 @A: 26 29 07 32 | 02
#0351-d324 @A: 08 05 06 32 | 11
#0352-d324 @A: 19 01 16 17 | 09
#0353-d324 @A: 15 17 01 03 | 08
#0354-d324 @A: 29 17 25 27 | 10
#0355-d324 @A: 31 29 17 09 | 05
#0356-d324 @A: 17 06 26 02 | 01
#0357-d324 @A: 18 08 16 23 | 03
#0358-d324 @A: 21 23 26 16 | 06
#0359-d324 @A: 16 18 22 20 | 04
#0360-d324 @A: 25 22 16 28 | 07
#0361-d324 @A: 16 05 03 21 | 12
#0362-d324 @A: 07 26 24 16 | 02
#0363-d324 @A: 20 26 16 11 | 11
#0364-d324 @A: 16 15 20 11 | 09
#0365-d324 @A: 22 29 23 35 | 08
#0366-d324 @A: 30 23 22 07 | 10
#0367-d324 @A: 23 09 21 33 | 05
#0368-d324 @A: 30 23 11 33 | 01
#0369-d324 @A: 19 33 26 23 | 03
#0370-d324 @A: 24 31 08 23 | 06
#0371-d324 @A: 13 03 28 23 | 04
#0372-d324 @A: 08 14 07 23 | 07
#0373-d324 @A: 23 07 11 24 | 12
#0374-d324 @A: 29 23 06 28 | 02
#0375-d324 @A: 28 23 05 24 | 11
#0376-d324 @A: 23 20 24 14 | 09
#0377-d324 @A: 29 08 15 23 | 08
#0378-d324 @A: 28 33 01 22 | 10
#0379-d324 @A: 27 22 24 13 | 05
#0380-d324 @A: 13 31 15 22 | 01
#0381-d324 @A: 19 02 08 22 | 03
#0382-d324 @A: 22 14 08 20 | 06
#0383-d324 @A: 22 15 26 29 | 04
#0384-d324 @A: 18 31 03 33 | 07
#0385-d324 @A: 09 27 33 20 | 12
#0386-d324 @A: 14 34 33 27 | 02
#0387-d324 @A: 33 25 09 28 | 11
#0388-d324 @A: 33 13 34 09 | 09
#0389-d324 @A: 19 06 33 20 | 08
#0390-d324 @A: 08 18 01 13 | 10
#0391-d324 @A: 27 24 18 35 | 05
#0392-d324 @A: 06 30 27 18 | 01
#0393-d324 @A: 18 31 14 29 | 03
#0394-d324 @A: 15 31 26 18 | 06
#0395-d324 @A: 14 18 15 21 | 04
#0396-d324 @A: 07 20 03 18 | 07
#0397-d324 @A: 20 06 18 14 | 12
#0398-d324 @A: 03 18 05 26 | 02
#0399-d324 @A: 25 02 27 01 | 11
#0400-d324 @A: 14 01 27 09 | 09
#0401-d324 @A: 01 34 21 27 | 08
#0402-d324 @A: 21 26 01 07 | 10
#0403-d324 @A: 28 01 13 14 | 05
#0404-d324 @A: 02 20 01 28 | 01
#0405-d324 @A: 11 01 14 29 | 03
#0406-d324 @A: 11 02 24 35 | 06
#0407-d324 @A: 08 35 05 11 | 04
#0408-d324 @A: 35 29 05 15 | 07
#0409-d324 @A: 27 31 25 07 | 12
#0410-d324 @A: 19 29 25 13 | 02
#0411-d324 @A: 02 29 07 25 | 11
#0412-d324 @A: 09 30 31 14 | 09
#0413-d324 @A: 02 09 24 21 | 08
#0414-d324 @A: 13 20 09 08 | 10
#0415-d324 @A: 07 09 08 29 | 05
#0416-d324 @A: 02 26 31 21 | 01
#0417-d324 @A: 31 13 14 05 | 03
#0418-d324 @A: 29 05 31 26 | 06
#0419-d324 @A: 03 11 31 15 | 04
#0420-d324 @A: 34 19 11 24 | 07
#0421-d324 @A: 28 34 20 08 | 12
#0422-d324 @A: 26 05 34 24 | 02
#0423-d324 @A: 03 34 02 29 | 11
#0424-d324 @A: 30 26 15 20 | 09
#0425-d324 @A: 20 11 30 08 | 08
#0426-d324 @A: 02 21 11 15 | 10
#0427-d324 @A: 14 10 32 12 | 05
#0428-d324 @A: 10 24 12 18 | 01
#0429-d324 @A: 19 10 16 04 | 03
#0430-d324 @A: 32 21 25 10 | 06
#0431-d324 @A: 23 35 10 20 | 04
#0432-d324 @A: 30 08 10 23 | 07
#0433-d324 @A: 19 11 23 10 | 12
#0434-d324 @A: 24 22 31 10 | 02
#0435-d324 @A: 10 13 27 33 | 11
#0436-d324 @A: 19 18 10 20 | 09
#0437-d324 @A: 07 24 02 10 | 08
#0438-d324 @A: 10 07 15 29 | 10
#0439-d324 @A: 03 06 10 19 | 05
#0440-d324 @A: 19 05 10 29 | 01
#0441-d324 @A: 24 06 10 11 | 03
#0442-d324 @A: 26 02 05 10 | 06
#0443-d324 @A: 03 10 15 05 | 04
#0444-d324 @A: 29 20 02 10 | 07
#0445-d324 @A: 20 31 04 12 | 12
#0446-d324 @A: 32 08 09 12 | 02
#0447-d324 @A: 32 24 26 12 | 11
#0448-d324 @A: 12 20 17 16 | 09
#0449-d324 @A: 05 12 16 22 | 08
#0450-d324 @A: 12 16 15 34 | 10
#0451-d324 @A: 26 16 12 06 | 05
#0452-d324 @A: 12 18 23 21 | 01
#0453-d324 @A: 23 12 02 09 | 03
#0454-d324 @A: 33 13 01 12 | 06
#0455-d324 @A: 30 12 21 33 | 04
#0456-d324 @A: 11 03 33 12 | 07
#0457-d324 @A: 15 08 12 18 | 12
#0458-d324 @A: 14 12 34 01 | 02
#0459-d324 @A: 12 14 25 35 | 11
#0460-d324 @A: 09 12 29 25 | 09
#0461-d324 @A: 30 09 06 12 | 08
#0462-d324 @A: 12 15 02 09 | 10
#0463-d324 @A: 02 12 13 26 | 05
#0464-d324 @A: 11 24 29 12 | 01
#0465-d324 @A: 04 32 20 33 | 03
#0466-d324 @A: 02 01 04 32 | 06
#0467-d324 @A: 06 03 04 16 | 04
#0468-d324 @A: 05 20 04 22 | 07
#0469-d324 @A: 01 35 04 14 | 12
#0470-d324 @A: 09 27 04 02 | 02
#0471-d324 @A: 27 34 13 04 | 11
#0472-d324 @A: 21 25 26 04 | 09
#0473-d324 @A: 19 21 04 20 | 08
#0474-d324 @A: 04 11 26 06 | 10
#0475-d324 @A: 28 04 20 15 | 05
#0476-d324 @A: 03 16 31 32 | 01
#0477-d324 @A: 16 26 34 32 | 03
#0478-d324 @A: 16 15 06 32 | 06
#0479-d324 @A: 23 05 32 01 | 04
#0480-d324 @A: 30 18 32 07 | 07
#0481-d324 @A: 32 31 35 21 | 12
#0482-d324 @A: 13 27 32 28 | 02
#0483-d324 @A: 32 34 07 25 | 11
#0484-d324 @A: 31 32 20 09 | 09
#0485-d324 @A: 32 30 09 13 | 08
#0486-d324 @A: 21 09 11 32 | 10
#0487-d324 @A: 32 30 31 24 | 05
#0488-d324 @A: 32 07 21 20 | 01
#0489-d324 @A: 28 32 20 29 | 03
#0490-d324 @A: 05 32 24 11 | 06
#0491-d324 @A: 32 02 20 05 | 04
#0492-d324 @A: 17 16 02 25 | 07
#0493-d324 @A: 16 08 17 30 | 12
#0494-d324 @A: 17 24 26 23 | 02
#0495-d324 @A: 22 07 20 17 | 11
#0496-d324 @A: 17 19 15 22 | 09
#0497-d324 @A: 34 01 17 28 | 08
#0498-d324 @A: 14 35 08 17 | 10
#0499-d324 @A: 30 17 13 25 | 05
#0500-d324 @A: 28 17 03 25 | 01
#0501-d324 @A: 17 26 15 34 | 03
#0502-d324 @A: 17 29 05 13 | 06
#0503-d324 @A: 17 07 06 08 | 04
#0504-d324 @A: 30 16 29 18 | 07
#0505-d324 @A: 21 19 18 16 | 12
#0506-d324 @A: 20 16 34 09 | 02
#0507-d324 @A: 16 21 29 11 | 11
#0508-d324 @A: 16 07 28 11 | 09
#0509-d324 @A: 28 16 26 29 | 08
#0510-d324 @A: 34 33 07 23 | 10
#0511-d324 @A: 08 33 23 06 | 05
#0512-d324 @A: 29 23 02 33 | 01
#0513-d324 @A: 23 06 01 15 | 03
#0514-d324 @A: 26 05 35 23 | 06
#0515-d324 @A: 25 23 21 27 | 04
#0516-d324 @A: 13 27 23 09 | 07
#0517-d324 @A: 29 23 27 31 | 12
#0518-d324 @A: 25 15 23 05 | 02
#0519-d324 @A: 23 21 14 05 | 11
#0520-d324 @A: 19 23 02 14 | 09
#0521-d324 @A: 11 08 28 23 | 08
#0522-d324 @A: 23 14 29 26 | 10
#0523-d324 @A: 33 22 08 30 | 05
#0524-d324 @A: 15 22 21 33 | 01
#0525-d324 @A: 06 18 22 31 | 03
#0526-d324 @A: 01 22 35 19 | 06
#0527-d324 @A: 22 09 24 01 | 04
#0528-d324 @A: 21 22 19 11 | 07
#0529-d324 @A: 11 22 29 02 | 12
#0530-d324 @A: 33 02 35 18 | 02
#0531-d324 @A: 18 33 34 19 | 11
#0532-d324 @A: 18 33 13 30 | 09
#0533-d324 @A: 08 01 33 11 | 08
#0534-d324 @A: 15 01 33 20 | 10
#0535-d324 @A: 07 33 05 35 | 05
#0536-d324 @A: 18 09 11 25 | 01
#0537-d324 @A: 31 18 02 30 | 03
#0538-d324 @A: 08 26 18 21 | 06
#0539-d324 @A: 19 08 07 18 | 04
#0540-d324 @A: 24 19 26 18 | 07
#0541-d324 @A: 27 01 15 14 | 12
#0542-d324 @A: 26 28 25 01 | 02
#0543-d324 @A: 15 26 01 25 | 11
#0544-d324 @A: 03 05 30 01 | 09
#0545-d324 @A: 26 19 01 20 | 08
#0546-d324 @A: 26 06 01 14 | 10
#0547-d324 @A: 06 01 03 11 | 05
#0548-d324 @A: 08 29 05 01 | 01
#0549-d324 @A: 25 21 35 19 | 03
#0550-d324 @A: 24 09 31 35 | 06
#0551-d324 @A: 31 35 08 06 | 04
#0552-d324 @A: 02 35 03 21 | 07
#0553-d324 @A: 15 06 35 13 | 12
#0554-d324 @A: 11 35 26 28 | 02
#0555-d324 @A: 24 26 14 35 | 11
#0556-d324 @A: 27 25 30 24 | 09
#0557-d324 @A: 29 11 27 07 | 08
#0558-d324 @A: 19 27 11 06 | 10
#0559-d324 @A: 08 28 24 27 | 05
#0560-d324 @A: 29 03 27 14 | 01
#0561-d324 @A: 08 05 03 27 | 03
#0562-d324 @A: 09 34 30 25 | 06
#0563-d324 @A: 15 14 25 09 | 04
#0564-d324 @A: 13 34 31 25 | 07
#0565-d324 @A: 31 26 25 20 | 12
#0566-d324 @A: 15 24 25 02 | 02
#0567-d324 @A: 25 03 20 08 | 11
#0568-d324 @A: 09 26 06 13 | 09
#0569-d324 @A: 05 13 09 15 | 08
#0570-d324 @A: 09 07 20 15 | 10
#0571-d324 @A: 34 31 15 28 | 05
#0572-d324 @A: 14 31 06 21 | 01
#0573-d324 @A: 20 31 13 28 | 03
#0574-d324 @A: 20 02 31 19 | 06
#0575-d324 @A: 31 20 24 05 | 04
#0576-d324 @A: 02 24 06 34 | 07
#0577-d324 @A: 15 02 29 34 | 12
#0578-d324 @A: 21 30 28 07 | 02
#0579-d324 @A: 08 19 30 13 | 11
#0580-d324 @A: 03 13 30 29 | 09
#0581-d324 @A: 30 24 07 29 | 08
#0582-d324 @A: 28 30 20 19 | 10
#0583-d324 @A: 30 29 11 28 | 05
#0584-d324 @A: 26 14 20 30 | 01
#0585-d324 @A: 12 28 10 19 | 03
#0586-d324 @A: 10 04 24 17 | 06
#0587-d324 @A: 10 22 04 23 | 04
#0588-d324 @A: 10 04 03 02 | 07
#0589-d324 @A: 23 24 10 32 | 12
#0590-d324 @A: 33 02 10 32 | 02
#0591-d324 @A: 19 35 10 32 | 11
#0592-d324 @A: 16 25 10 08 | 09
#0593-d324 @A: 23 10 02 06 | 08
#0594-d324 @A: 10 22 18 21 | 10
#0595-d324 @A: 25 24 01 10 | 05
#0596-d324 @A: 10 09 07 14 | 01
#0597-d324 @A: 08 20 31 10 | 03
#0598-d324 @A: 10 05 21 34 | 06
#0599-d324 @A: 28 14 21 10 | 04
#0600-d324 @A: 20 24 10 28 | 07
#0601-d324 @A: 04 35 11 12 | 12
#0602-d324 @A: 03 04 12 34 | 02
#0603-d324 @A: 09 12 11 17 | 11
#0604-d324 @A: 31 03 17 12 | 09
#0605-d324 @A: 17 12 34 26 | 08
#0606-d324 @A: 16 12 25 21 | 10
#0607-d324 @A: 07 30 16 12 | 05
#0608-d324 @A: 35 15 12 22 | 01
#0609-d324 @A: 08 05 33 12 | 03
#0610-d324 @A: 12 30 20 01 | 06
#0611-d324 @A: 01 15 12 07 | 04
#0612-d324 @A: 30 12 34 35 | 07
#0613-d324 @A: 02 12 29 35 | 12
#0614-d324 @A: 27 14 31 12 | 02
#0615-d324 @A: 13 12 24 28 | 11
#0616-d324 @A: 03 28 12 14 | 09
#0617-d324 @A: 20 05 28 12 | 08
#0618-d324 @A: 35 04 16 27 | 10
#0619-d324 @A: 34 04 16 02 | 05
#0620-d324 @A: 04 15 33 09 | 01
#0621-d324 @A: 03 04 25 01 | 03
#0622-d324 @A: 24 34 04 01 | 06
#0623-d324 @A: 05 04 24 27 | 04
#0624-d324 @A: 04 34 19 09 | 07
#0625-d324 @A: 04 08 05 21 | 12
#0626-d324 @A: 29 06 07 04 | 02
#0627-d324 @A: 07 14 04 28 | 11
#0628-d324 @A: 03 04 19 14 | 09
#0629-d324 @A: 04 02 29 08 | 08
#0630-d324 @A: 01 22 32 06 | 10
#0631-d324 @A: 22 32 34 20 | 05
#0632-d324 @A: 05 32 13 22 | 01
#0633-d324 @A: 09 32 06 33 | 03
#0634-d324 @A: 03 33 34 32 | 06
#0635-d324 @A: 35 26 32 01 | 04
#0636-d324 @A: 30 35 32 08 | 07
#0637-d324 @A: 28 32 26 06 | 12
#0638-d324 @A: 17 13 16 34 | 02
#0639-d324 @A: 03 01 17 22 | 11
#0640-d324 @A: 01 14 17 33 | 09
#0641-d324 @A: 25 17 01 11 | 08
#0642-d324 @A: 17 13 09 24 | 10
#0643-d324 @A: 09 17 20 28 | 05
#0644-d324 @A: 06 21 05 17 | 01
#0645-d324 @A: 28 06 17 24 | 03
#0646-d324 @A: 17 15 02 28 | 06
#0647-d324 @A: 11 20 14 17 | 04
#0648-d324 @A: 26 08 29 17 | 07
#0649-d324 @A: 13 16 23 22 | 12
#0650-d324 @A: 26 25 16 18 | 02
#0651-d324 @A: 16 27 19 03 | 11
#0652-d324 @A: 29 25 16 31 | 09
#0653-d324 @A: 21 16 20 24 | 08
#0654-d324 @A: 07 05 19 16 | 10
#0655-d324 @A: 19 20 14 16 | 05
#0656-d324 @A: 16 08 14 11 | 01
#0657-d324 @A: 01 26 18 23 | 03
#0658-d324 @A: 18 27 15 23 | 06
#0659-d324 @A: 18 23 06 09 | 04
#0660-d324 @A: 25 01 13 23 | 07
#0661-d324 @A: 23 27 34 02 | 12
#0662-d324 @A: 23 34 15 11 | 02
#0663-d324 @A: 03 07 23 19 | 11
#0664-d324 @A: 23 05 03 20 | 09
#0665-d324 @A: 14 18 22 19 | 08
#0666-d324 @A: 27 05 22 01 | 10
#0667-d324 @A: 34 14 22 09 | 05
#0668-d324 @A: 19 26 06 22 | 01
#0669-d324 @A: 02 14 22 28 | 03
#0670-d324 @A: 15 33 31 35 | 06
#0671-d324 @A: 11 25 34 33 | 04
#0672-d324 @A: 11 13 28 33 | 07
#0673-d324 @A: 26 13 33 08 | 12
#0674-d324 @A: 11 14 33 07 | 02
#0675-d324 @A: 28 01 31 18 | 11
#0676-d324 @A: 35 18 30 21 | 09
#0677-d324 @A: 26 18 34 27 | 08
#0678-d324 @A: 20 18 25 21 | 10
#0679-d324 @A: 34 31 18 20 | 05
#0680-d324 @A: 03 18 13 06 | 01
#0681-d324 @A: 18 26 06 07 | 03
#0682-d324 @A: 18 28 07 15 | 06
#0683-d324 @A: 11 19 02 18 | 04
#0684-d324 @A: 08 18 06 02 | 07
#0685-d324 @A: 01 35 13 27 | 12
#0686-d324 @A: 26 01 24 02 | 02
#0687-d324 @A: 34 35 21 09 | 11
#0688-d324 @A: 35 03 20 30 | 09
#0689-d324 @A: 35 08 07 24 | 08
#0690-d324 @A: 19 35 26 03 | 10
#0691-d324 @A: 25 27 11 05 | 05
#0692-d324 @A: 06 08 26 27 | 01
#0693-d324 @A: 05 29 27 28 | 03
#0694-d324 @A: 14 26 05 27 | 06
#0695-d324 @A: 24 29 20 27 | 04
#0696-d324 @A: 21 25 24 08 | 07
#0697-d324 @A: 24 25 07 20 | 12
#0698-d324 @A: 08 28 21 09 | 02
#0699-d324 @A: 09 11 07 02 | 11
#0700-d324 @A: 31 05 30 21 | 09
#0701-d324 @A: 28 07 19 31 | 08
#0702-d324 @A: 11 06 31 28 | 10
#0703-d324 @A: 08 26 31 28 | 05
#0704-d324 @A: 02 31 08 05 | 01
#0705-d324 @A: 28 21 29 34 | 03
#0706-d324 @A: 20 02 34 21 | 06
#0707-d324 @A: 26 13 34 07 | 04
#0708-d324 @A: 03 13 19 34 | 07
#0709-d324 @A: 34 02 05 13 | 12
#0710-d324 @A: 34 28 26 19 | 02
#0711-d324 @A: 34 28 11 03 | 11
#0712-d324 @A: 34 14 08 26 | 09
#0713-d324 @A: 19 30 26 21 | 08
#0714-d324 @A: 03 21 08 30 | 10
#0715-d324 @A: 15 20 19 21 | 05
#0716-d324 @A: 19 15 24 26 | 01
#0717-d324 @A: 33 12 10 16 | 03
#0718-d324 @A: 10 32 20 01 | 06
#0719-d324 @A: 27 32 08 10 | 04
#0720-d324 @A: 27 10 21 17 | 07
#0721-d324 @A: 20 10 07 16 | 12
#0722-d324 @A: 16 29 10 03 | 02
#0723-d324 @A: 25 28 10 23 | 11
#0724-d324 @A: 14 22 10 01 | 09
#0725-d324 @A: 22 10 06 15 | 08
#0726-d324 @A: 30 24 35 10 | 10
#0727-d324 @A: 29 28 13 10 | 05
#0728-d324 @A: 11 15 19 10 | 01
#0729-d324 @A: 10 06 05 20 | 03
#0730-d324 @A: 05 10 03 28 | 06
#0731-d324 @A: 11 08 10 03 | 04
#0732-d324 @A: 04 16 24 12 | 07
#0733-d324 @A: 06 27 04 12 | 12
#0734-d324 @A: 16 27 12 32 | 02
#0735-d324 @A: 09 12 16 18 | 11
#0736-d324 @A: 12 24 35 22 | 09
#0737-d324 @A: 25 33 12 02 | 08
#0738-d324 @A: 33 12 34 20 | 10
#0739-d324 @A: 12 33 15 14 | 05
#0740-d324 @A: 25 31 12 18 | 01
#0741-d324 @A: 30 18 12 08 | 03
#0742-d324 @A: 12 35 03 09 | 06
#0743-d324 @A: 12 08 26 35 | 04
#0744-d324 @A: 25 19 30 12 | 07
#0745-d324 @A: 19 12 06 14 | 12
#0746-d324 @A: 04 32 08 23 | 02
#0747-d324 @A: 29 27 04 32 | 11
#0748-d324 @A: 16 04 17 29 | 09
#0749-d324 @A: 35 04 17 20 | 08
#0750-d324 @A: 21 02 17 04 | 10
#0751-d324 @A: 14 04 18 33 | 05
#0752-d324 @A: 04 33 01 21 | 01
#0753-d324 @A: 08 35 04 18 | 03
#0754-d324 @A: 04 18 07 25 | 06
#0755-d324 @A: 03 18 04 30 | 04
#0756-d324 @A: 05 25 04 34 | 07
#0757-d324 @A: 02 24 04 31 | 12
#0758-d324 @A: 04 21 13 11 | 02
#0759-d324 @A: 22 08 25 32 | 11
#0760-d324 @A: 30 22 32 03 | 09
#0761-d324 @A: 21 32 28 22 | 08
#0762-d324 @A: 24 22 32 14 | 10
#0763-d324 @A: 28 32 33 35 | 05
#0764-d324 @A: 18 32 06 34 | 01
#0765-d324 @A: 32 27 05 34 | 03
#0766-d324 @A: 27 21 32 30 | 06
#0767-d324 @A: 03 32 24 27 | 04
#0768-d324 @A: 26 32 21 14 | 07
#0769-d324 @A: 19 20 13 32 | 12
#0770-d324 @A: 26 19 32 11 | 02
#0771-d324 @A: 32 29 19 08 | 11
#0772-d324 @A: 28 32 02 24 | 09
#0773-d324 @A: 32 26 08 15 | 08
#0774-d324 @A: 11 32 03 02 | 10
#0775-d324 @A: 23 05 17 16 | 05
#0776-d324 @A: 07 18 17 16 | 01
#0777-d324 @A: 17 21 33 35 | 03
#0778-d324 @A: 09 33 08 17 | 06
#0779-d324 @A: 13 27 31 17 | 04
#0780-d324 @A: 03 17 07 27 | 07
#0781-d324 @A: 30 17 15 06 | 12
#0782-d324 @A: 14 13 19 17 | 02
#0783-d324 @A: 02 19 17 07 | 11
#0784-d324 @A: 07 11 26 17 | 09
#0785-d324 @A: 11 29 15 17 | 08
#0786-d324 @A: 03 29 17 20 | 10
#0787-d324 @A: 26 22 01 16 | 05
#0788-d324 @A: 11 18 33 16 | 01
#0789-d324 @A: 21 33 27 16 | 03
#0790-d324 @A: 01 16 18 06 | 06
#0791-d324 @A: 16 05 27 18 | 04
#0792-d324 @A: 18 13 15 16 | 07
#0793-d324 @A: 16 30 13 27 | 12
#0794-d324 @A: 24 09 25 16 | 02
#0795-d324 @A: 16 25 15 31 | 11
#0796-d324 @A: 31 09 16 26 | 09
#0797-d324 @A: 03 13 16 14 | 08
#0798-d324 @A: 16 28 08 02 | 10
#0799-d324 @A: 02 16 26 14 | 05
#0800-d324 @A: 14 15 03 16 | 01
#0801-d324 @A: 16 29 05 02 | 03
#0802-d324 @A: 33 23 24 01 | 06
#0803-d324 @A: 31 33 05 23 | 04
#0804-d324 @A: 23 34 18 05 | 07
#0805-d324 @A: 07 02 23 01 | 12
#0806-d324 @A: 23 09 19 31 | 02
#0807-d324 @A: 23 09 15 30 | 11
#0808-d324 @A: 09 29 23 05 | 09
#0809-d324 @A: 23 06 20 31 | 08
#0810-d324 @A: 19 23 24 29 | 10
#0811-d324 @A: 26 23 06 03 | 05
#0812-d324 @A: 18 24 22 33 | 01
#0813-d324 @A: 22 35 26 33 | 03
#0814-d324 @A: 22 01 31 21 | 06
#0815-d324 @A: 34 30 22 27 | 04
#0816-d324 @A: 02 22 26 30 | 07
#0817-d324 @A: 22 26 08 07 | 12
#0818-d324 @A: 35 33 01 20 | 02
#0819-d324 @A: 33 27 02 05 | 11
#0820-d324 @A: 31 08 25 33 | 09
#0821-d324 @A: 34 24 33 28 | 08
#0822-d324 @A: 07 26 33 28 | 10
#0823-d324 @A: 33 05 11 19 | 05
#0824-d324 @A: 06 02 14 33 | 01
#0825-d324 @A: 20 29 33 14 | 03
#0826-d324 @A: 02 33 26 03 | 06
#0827-d324 @A: 18 13 05 25 | 04
#0828-d324 @A: 01 02 09 35 | 07
#0829-d324 @A: 01 31 35 03 | 12
#0830-d324 @A: 11 01 27 24 | 02
#0831-d324 @A: 09 06 01 31 | 11
#0832-d324 @A: 01 31 30 08 | 09
#0833-d324 @A: 01 20 21 08 | 08
#0834-d324 @A: 01 05 19 13 | 10
#0835-d324 @A: 19 07 14 01 | 05
#0836-d324 @A: 14 01 20 05 | 01
#0837-d324 @A: 11 35 29 31 | 03
#0838-d324 @A: 35 24 34 20 | 06
#0839-d324 @A: 13 07 35 06 | 04
#0840-d324 @A: 35 20 08 29 | 07
#0841-d324 @A: 30 26 27 09 | 12
#0842-d324 @A: 21 06 27 02 | 02
#0843-d324 @A: 27 14 21 08 | 11
#0844-d324 @A: 25 03 11 21 | 09
#0845-d324 @A: 06 25 19 08 | 08
#0846-d324 @A: 06 09 07 19 | 10
#0847-d324 @A: 26 20 09 07 | 05
#0848-d324 @A: 20 05 19 09 | 01
#0849-d324 @A: 31 28 24 14 | 03
#0850-d324 @A: 29 03 08 31 | 06
#0851-d324 @A: 28 06 34 13 | 04
#0852-d324 @A: 34 11 02 14 | 07
#0853-d324 @A: 05 13 07 30 | 12
#0854-d324 @A: 24 30 19 05 | 02
#0855-d324 @A: 30 05 14 08 | 11
#0856-d324 @A: 15 13 20 02 | 09
#0857-d324 @A: 09 10 04 21 | 08
#0858-d324 @A: 17 13 01 10 | 10
#0859-d324 @A: 19 10 25 17 | 05
#0860-d324 @A: 07 10 17 34 | 01
#0861-d324 @A: 10 16 31 23 | 03
#0862-d324 @A: 13 18 16 10 | 06
#0863-d324 @A: 09 10 29 22 | 04
#0864-d324 @A: 10 33 21 24 | 07
#0865-d324 @A: 25 18 10 02 | 12
#0866-d324 @A: 25 29 10 35 | 02
#0867-d324 @A: 13 31 10 09 | 11
#0868-d324 @A: 06 34 10 09 | 09
#0869-d324 @A: 08 02 10 21 | 08
#0870-d324 @A: 07 11 10 13 | 10
#0871-d324 @A: 26 14 10 19 | 05
#0872-d324 @A: 23 12 29 04 | 01
#0873-d324 @A: 12 33 07 04 | 03
#0874-d324 @A: 02 12 30 04 | 06
#0875-d324 @A: 32 12 18 13 | 04
#0876-d324 @A: 16 28 35 12 | 07
#0877-d324 @A: 12 06 23 24 | 12
#0878-d324 @A: 23 12 15 20 | 02
#0879-d324 @A: 21 01 09 12 | 11
#0880-d324 @A: 12 35 21 27 | 09
#0881-d324 @A: 26 12 25 03 | 08
#0882-d324 @A: 12 09 05 34 | 10
#0883-d324 @A: 31 08 11 12 | 05
#0884-d324 @A: 12 08 28 07 | 01
#0885-d324 @A: 26 20 12 29 | 03
#0886-d324 @A: 32 25 04 17 | 06
#0887-d324 @A: 35 04 19 23 | 04
#0888-d324 @A: 27 04 23 11 | 07
#0889-d324 @A: 31 23 21 04 | 12
#0890-d324 @A: 03 33 04 35 | 02
#0891-d324 @A: 33 25 29 04 | 11
#0892-d324 @A: 19 01 18 04 | 09
#0893-d324 @A: 26 34 04 35 | 08
#0894-d324 @A: 29 04 21 35 | 10
#0895-d324 @A: 15 04 27 06 | 05
#0896-d324 @A: 31 03 09 04 | 01
#0897-d324 @A: 04 29 15 31 | 03
#0898-d324 @A: 05 15 26 04 | 06
#0899-d324 @A: 29 04 05 11 | 04
#0900-d324 @A: 09 17 32 19 | 07
#0901-d324 @A: 22 29 16 32 | 12
#0902-d324 @A: 32 16 30 20 | 02
#0903-d324 @A: 32 23 14 09 | 11
#0904-d324 @A: 30 23 29 32 | 09
#0905-d324 @A: 33 14 32 08 | 08
#0906-d324 @A: 14 35 34 32 | 10
#0907-d324 @A: 28 32 25 31 | 05
#0908-d324 @A: 06 19 32 30 | 01
#0909-d324 @A: 13 32 03 08 | 03
#0910-d324 @A: 05 28 32 07 | 06
#0911-d324 @A: 07 32 14 03 | 04
#0912-d324 @A: 28 19 32 14 | 07
#0913-d324 @A: 32 06 29 11 | 12
#0914-d324 @A: 02 15 03 32 | 02
#0915-d324 @A: 22 17 16 24 | 11
#0916-d324 @A: 16 17 11 27 | 09
#0917-d324 @A: 17 22 31 28 | 08
#0918-d324 @A: 24 27 17 33 | 10
#0919-d324 @A: 18 17 21 28 | 05
#0920-d324 @A: 24 17 35 01 | 01
#0921-d324 @A: 01 09 26 17 | 03
#0922-d324 @A: 17 25 05 20 | 06
#0923-d324 @A: 26 17 30 31 | 04
#0924-d324 @A: 08 19 28 17 | 07
#0925-d324 @A: 24 20 19 17 | 12
#0926-d324 @A: 16 15 19 01 | 02
#0927-d324 @A: 30 35 26 16 | 11
#0928-d324 @A: 16 07 29 35 | 09
#0929-d324 @A: 16 08 35 19 | 08
#0930-d324 @A: 34 19 16 25 | 10
#0931-d324 @A: 30 11 16 09 | 05
#0932-d324 @A: 34 16 31 30 | 01
#0933-d324 @A: 16 15 30 28 | 03
#0934-d324 @A: 16 02 19 24 | 06
#0935-d324 @A: 21 06 23 22 | 04
#0936-d324 @A: 27 18 23 14 | 07
#0937-d324 @A: 23 30 18 19 | 12
#0938-d324 @A: 24 25 23 35 | 02
#0939-d324 @A: 25 02 23 31 | 11
#0940-d324 @A: 34 26 23 25 | 09
#0941-d324 @A: 23 25 20 19 | 08
#0942-d324 @A: 13 14 23 34 | 10
#0943-d324 @A: 33 34 22 05 | 05
#0944-d324 @A: 22 07 01 18 | 01
#0945-d324 @A: 28 22 35 18 | 03
#0946-d324 @A: 18 22 26 09 | 06
#0947-d324 @A: 18 13 34 22 | 04
#0948-d324 @A: 22 20 35 09 | 07
#0949-d324 @A: 35 22 34 06 | 12
#0950-d324 @A: 26 11 34 22 | 02
#0951-d324 @A: 22 08 30 15 | 11
#0952-d324 @A: 22 24 28 07 | 09
#0953-d324 @A: 07 22 15 11 | 08
#0954-d324 @A: 22 05 24 06 | 10
#0955-d324 @A: 11 03 05 22 | 05
#0956-d324 @A: 01 25 18 33 | 01
#0957-d324 @A: 03 18 33 15 | 03
#0958-d324 @A: 35 25 33 13 | 06
#0959-d324 @A: 24 20 30 33 | 04
#0960-d324 @A: 19 28 33 02 | 07
#0961-d324 @A: 14 28 05 33 | 12
#0962-d324 @A: 01 05 18 35 | 02
#0963-d324 @A: 18 27 02 28 | 11
#0964-d324 @A: 05 18 11 21 | 09
#0965-d324 @A: 18 28 03 19 | 08
#0966-d324 @A: 20 28 26 18 | 10
#0967-d324 @A: 18 11 15 29 | 05
#0968-d324 @A: 25 35 01 08 | 01
#0969-d324 @A: 31 01 26 13 | 03
#0970-d324 @A: 21 01 06 19 | 06
#0971-d324 @A: 14 24 01 21 | 04
#0972-d324 @A: 03 01 02 19 | 07
#0973-d324 @A: 08 02 14 01 | 12
#0974-d324 @A: 29 24 15 01 | 02
#0975-d324 @A: 11 25 35 30 | 11
#0976-d324 @A: 07 09 30 35 | 09
#0977-d324 @A: 02 31 34 35 | 08
#0978-d324 @A: 34 35 15 07 | 10
#0979-d324 @A: 21 20 35 05 | 05
#0980-d324 @A: 35 11 19 13 | 01
#0981-d324 @A: 05 28 35 13 | 03
#0982-d324 @A: 15 24 28 35 | 06
#0983-d324 @A: 27 20 19 08 | 04
#0984-d324 @A: 25 11 02 06 | 07
#0985-d324 @A: 34 26 09 02 | 12
#0986-d324 @A: 20 21 29 09 | 02
#0987-d324 @A: 02 09 13 14 | 11
#0988-d324 @A: 07 03 28 09 | 09
#0989-d324 @A: 09 11 08 06 | 08
#0990-d324 @A: 24 09 26 03 | 10
#0991-d324 @A: 13 21 24 31 | 05
#0992-d324 @A: 11 31 21 20 | 01
#0993-d324 @A: 20 31 29 07 | 03
#0994-d324 @A: 24 13 08 34 | 06
#0995-d324 @A: 07 02 28 34 | 04
#0996-d324 @A: 34 08 06 03 | 07
#0997-d324 @A: 24 15 34 14 | 12
#0998-d324 @A: 30 21 11 14 | 02
#0999-d324 @A: 06 30 02 13 | 11
#1000-d324 @A: 24 14 02 30 | 09
#1001-d324 @A: 19 29 03 15 | 08
#1002-d324 @A: 10 23 12 13 | 10
#1003-d324 @A: 02 12 34 10 | 05
#1004-d324 @A: 25 10 11 04 | 01
#1005-d324 @A: 09 10 26 32 | 03
#1006-d324 @A: 33 17 10 05 | 06
#1007-d324 @A: 35 10 16 21 | 04
#1008-d324 @A: 10 21 01 23 | 07
#1009-d324 @A: 10 20 33 22 | 12
#1010-d324 @A: 10 33 25 07 | 02
#1011-d324 @A: 33 06 26 10 | 11
#1012-d324 @A: 10 33 15 26 | 09
#1013-d324 @A: 11 31 18 10 | 08
#1014-d324 @A: 18 15 19 10 | 10
#1015-d324 @A: 10 05 31 01 | 05
#1016-d324 @A: 01 19 34 10 | 01
#1017-d324 @A: 10 06 35 14 | 03
#1018-d324 @A: 24 26 29 10 | 06
#1019-d324 @A: 22 19 04 12 | 04
#1020-d324 @A: 25 08 12 23 | 07
#1021-d324 @A: 26 12 33 09 | 12
#1022-d324 @A: 28 34 12 18 | 02
#1023-d324 @A: 34 12 25 24 | 11
#1024-d324 @A: 24 31 15 12 | 09
#1025-d324 @A: 12 14 20 21 | 08
#1026-d324 @A: 29 21 12 03 | 10
#1027-d324 @A: 19 11 12 20 | 05
#1028-d324 @A: 22 04 32 26 | 01
#1029-d324 @A: 24 04 35 32 | 03
#1030-d324 @A: 25 16 13 04 | 06
#1031-d324 @A: 21 04 16 30 | 04
#1032-d324 @A: 04 01 28 23 | 07
#1033-d324 @A: 27 04 19 33 | 12
#1034-d324 @A: 18 20 04 29 | 02
#1035-d324 @A: 04 30 01 26 | 11
#1036-d324 @A: 30 15 34 04 | 09
#1037-d324 @A: 08 07 34 04 | 08
#1038-d324 @A: 05 13 04 26 | 10
#1039-d324 @A: 04 08 11 19 | 05
#1040-d324 @A: 24 03 04 29 | 01
#1041-d324 @A: 20 03 11 04 | 03
#1042-d324 @A: 17 22 32 18 | 06
#1043-d324 @A: 32 17 27 06 | 04
#1044-d324 @A: 23 06 32 25 | 07
#1045-d324 @A: 01 22 15 32 | 12
#1046-d324 @A: 27 32 11 18 | 02
#1047-d324 @A: 18 31 26 32 | 11
#1048-d324 @A: 01 32 08 28 | 09
#1049-d324 @A: 32 27 07 35 | 08
#1050-d324 @A: 34 15 05 32 | 10
#1051-d324 @A: 20 14 15 32 | 05
#1052-d324 @A: 15 16 35 17 | 01
#1053-d324 @A: 17 19 33 22 | 03
#1054-d324 @A: 20 18 01 17 | 06
#1055-d324 @A: 17 02 01 31 | 04
#1056-d324 @A: 17 07 30 01 | 07
#1057-d324 @A: 14 24 25 17 | 12
#1058-d324 @A: 17 21 07 29 | 02
#1059-d324 @A: 16 25 23 11 | 11
#1060-d324 @A: 06 34 16 23 | 09
#1061-d324 @A: 31 16 02 22 | 08
#1062-d324 @A: 16 20 25 33 | 10
#1063-d324 @A: 01 25 07 16 | 05
#1064-d324 @A: 27 16 28 09 | 01
#1065-d324 @A: 14 28 16 34 | 03
#1066-d324 @A: 15 21 24 16 | 06
#1067-d324 @A: 05 20 16 13 | 04
#1068-d324 @A: 07 03 02 16 | 07
#1069-d324 @A: 07 15 05 16 | 12
#1070-d324 @A: 27 28 22 23 | 02
#1071-d324 @A: 23 15 03 22 | 11
#1072-d324 @A: 20 23 33 18 | 09
#1073-d324 @A: 18 29 23 25 | 08
#1074-d324 @A: 35 07 21 23 | 10
#1075-d324 @A: 23 07 09 25 | 05
#1076-d324 @A: 23 09 24 30 | 01
#1077-d324 @A: 31 03 30 23 | 03
#1078-d324 @A: 11 23 21 02 | 06
#1079-d324 @A: 23 24 13 02 | 04
#1080-d324 @A: 24 07 23 15 | 07
#1081-d324 @A: 23 02 26 28 | 12
#1082-d324 @A: 35 02 22 27 | 02
#1083-d324 @A: 22 21 07 03 | 11
#1084-d324 @A: 07 22 29 19 | 09
#1085-d324 @A: 20 28 11 22 | 08
#1086-d324 @A: 27 18 08 33 | 10
#1087-d324 @A: 19 33 29 01 | 05
#1088-d324 @A: 28 15 27 33 | 01
#1089-d324 @A: 03 19 33 25 | 03
#1090-d324 @A: 19 33 31 13 | 06
#1091-d324 @A: 31 33 14 26 | 04
#1092-d324 @A: 21 29 26 33 | 07
#1093-d324 @A: 18 35 25 06 | 12
#1094-d324 @A: 18 24 03 25 | 02
#1095-d324 @A: 20 18 30 09 | 11
#1096-d324 @A: 13 09 18 28 | 09
#1097-d324 @A: 11 13 20 18 | 08
#1098-d324 @A: 14 18 11 03 | 10
#1099-d324 @A: 14 01 31 25 | 05
#1100-d324 @A: 06 25 01 34 | 01
#1101-d324 @A: 20 03 34 01 | 03
#1102-d324 @A: 01 13 15 11 | 06
#1103-d324 @A: 01 07 03 08 | 04
#1104-d324 @A: 19 35 31 30 | 07
#1105-d324 @A: 06 11 20 35 | 12
#1106-d324 @A: 03 28 35 08 | 02
#1107-d324 @A: 29 05 24 35 | 11
#1108-d324 @A: 03 34 27 25 | 09
#1109-d324 @A: 27 19 28 25 | 08
#1110-d324 @A: 34 08 27 09 | 10
#1111-d324 @A: 27 11 09 03 | 05
#1112-d324 @A: 27 26 20 13 | 01
#1113-d324 @A: 27 19 29 02 | 03
#1114-d324 @A: 03 25 13 09 | 06
#1115-d324 @A: 25 20 14 09 | 04
#1116-d324 @A: 08 02 09 25 | 07
#1117-d324 @A: 08 30 07 25 | 12
#1118-d324 @A: 13 25 26 24 | 02
#1119-d324 @A: 07 06 03 25 | 11
#1120-d324 @A: 14 07 26 25 | 09
#1121-d324 @A: 11 25 08 26 | 08
#1122-d324 @A: 11 09 13 05 | 10
#1123-d324 @A: 28 24 09 19 | 05
#1124-d324 @A: 09 19 14 11 | 01
#1125-d324 @A: 15 09 11 06 | 03
#1126-d324 @A: 09 02 28 05 | 06
#1127-d324 @A: 05 34 31 03 | 04
#1128-d324 @A: 08 31 21 07 | 07
#1129-d324 @A: 11 13 31 02 | 12
#1130-d324 @A: 20 03 14 31 | 02
#1131-d324 @A: 08 14 15 31 | 11
#1132-d324 @A: 21 15 13 34 | 09
#1133-d324 @A: 05 26 30 06 | 08
#1134-d324 @A: 02 03 28 30 | 10
#1135-d324 @A: 30 26 08 24 | 05
#1136-d324 @A: 02 11 05 30 | 01
#1137-d324 @A: 11 26 15 28 | 03
#1138-d324 @A: 11 15 24 08 | 06
#1139-d324 @A: 10 12 22 26 | 04
#1140-d324 @A: 35 10 01 12 | 07
#1141-d324 @A: 25 06 12 10 | 12
#1142-d324 @A: 12 10 15 13 | 02
#1143-d324 @A: 13 04 32 10 | 11
#1144-d324 @A: 10 26 04 20 | 09
#1145-d324 @A: 32 03 10 17 | 08
#1146-d324 @A: 34 11 10 32 | 10
#1147-d324 @A: 23 17 10 09 | 05
#1148-d324 @A: 06 31 10 17 | 01
#1149-d324 @A: 10 01 15 30 | 03
#1150-d324 @A: 01 10 07 29 | 06
#1151-d324 @A: 07 31 10 30 | 04
#1152-d324 @A: 10 15 31 20 | 07
#1153-d324 @A: 12 04 17 13 | 12
#1154-d324 @A: 04 15 11 12 | 02
#1155-d324 @A: 02 17 32 12 | 11
#1156-d324 @A: 03 32 23 12 | 09
#1157-d324 @A: 12 14 18 17 | 08
#1158-d324 @A: 17 30 24 12 | 10
#1159-d324 @A: 12 14 23 16 | 05
#1160-d324 @A: 28 33 12 27 | 01
#1161-d324 @A: 07 35 12 18 | 03
#1162-d324 @A: 12 02 18 03 | 06
#1163-d324 @A: 09 12 28 31 | 04
#1164-d324 @A: 05 12 21 24 | 07
#1165-d324 @A: 07 19 12 13 | 12
#1166-d324 @A: 12 06 28 02 | 02
#1167-d324 @A: 17 04 23 03 | 11
#1168-d324 @A: 17 05 04 01 | 09
#1169-d324 @A: 31 14 16 04 | 08
#1170-d324 @A: 04 13 33 23 | 10
#1171-d324 @A: 04 25 14 23 | 05
#1172-d324 @A: 20 04 23 34 | 01
#1173-d324 @A: 04 02 33 22 | 03
#1174-d324 @A: 04 11 18 22 | 06
#1175-d324 @A: 07 22 27 04 | 04
#1176-d324 @A: 22 30 24 04 | 07
#1177-d324 @A: 33 24 04 09 | 12
#1178-d324 @A: 06 05 04 35 | 02
#1179-d324 @A: 04 08 27 25 | 11
#1180-d324 @A: 34 31 29 04 | 09
#1181-d324 @A: 21 04 06 28 | 08
#1182-d324 @A: 04 07 13 20 | 10
#1183-d324 @A: 19 13 24 04 | 05
#1184-d324 @A: 02 04 14 20 | 01
#1185-d324 @A: 21 17 01 32 | 03
#1186-d324 @A: 17 30 32 14 | 06
#1187-d324 @A: 24 32 16 01 | 04
#1188-d324 @A: 28 18 32 23 | 07
#1189-d324 @A: 32 21 18 33 | 12
#1190-d324 @A: 18 19 25 32 | 02
#1191-d324 @A: 01 32 09 03 | 11
#1192-d324 @A: 01 34 13 32 | 09
#1193-d324 @A: 09 32 05 35 | 08
#1194-d324 @A: 14 20 27 32 | 10
#1195-d324 @A: 11 14 31 32 | 05
#1196-d324 @A: 02 21 32 13 | 01
#1197-d324 @A: 29 32 14 02 | 03
#1198-d324 @A: 23 22 17 14 | 06
#1199-d324 @A: 18 15 17 25 | 04
#1200-d324 @A: 17 09 02 18 | 07
#1201-d324 @A: 31 18 19 17 | 12
#1202-d324 @A: 18 17 34 30 | 02
#1203-d324 @A: 09 03 34 17 | 11
#1204-d324 @A: 21 17 09 14 | 09
#1205-d324 @A: 34 19 06 17 | 08
#1206-d324 @A: 13 11 17 03 | 10
#1207-d324 @A: 15 23 33 16 | 05
#1208-d324 @A: 30 02 23 16 | 01
#1209-d324 @A: 33 16 35 24 | 03
#1210-d324 @A: 34 27 16 07 | 06
#1211-d324 @A: 03 16 28 20 | 04
#1212-d324 @A: 34 01 30 23 | 07
#1213-d324 @A: 27 23 08 35 | 12
#1214-d324 @A: 28 09 23 35 | 02
#1215-d324 @A: 34 23 35 03 | 11
#1216-d324 @A: 27 23 20 30 | 09
#1217-d324 @A: 05 25 30 23 | 08
#1218-d324 @A: 21 19 23 28 | 10
#1219-d324 @A: 23 20 26 08 | 05
#1220-d324 @A: 22 33 13 06 | 01
#1221-d324 @A: 18 03 22 08 | 03
#1222-d324 @A: 27 34 15 22 | 06
#1223-d324 @A: 30 22 21 09 | 04
#1224-d324 @A: 31 22 34 19 | 07
#1225-d324 @A: 02 22 21 05 | 12
#1226-d324 @A: 28 19 22 13 | 02
#1227-d324 @A: 14 29 22 05 | 11
#1228-d324 @A: 03 02 24 22 | 09
#1229-d324 @A: 09 01 33 05 | 08
#1230-d324 @A: 26 34 01 33 | 10
#1231-d324 @A: 35 08 34 33 | 05
#1232-d324 @A: 24 33 19 07 | 01
#1233-d324 @A: 33 08 20 07 | 03
#1234-d324 @A: 08 28 33 29 | 06
#1235-d324 @A: 18 27 01 03 | 04
#1236-d324 @A: 01 34 18 02 | 07
#1237-d324 @A: 15 34 18 01 | 12
#1238-d324 @A: 09 18 27 29 | 02
#1239-d324 @A: 18 30 25 28 | 11
#1240-d324 @A: 19 29 06 18 | 09
#1241-d324 @A: 06 18 28 05 | 08
#1242-d324 @A: 24 18 02 20 | 10
#1243-d324 @A: 08 11 18 29 | 05
#1244-d324 @A: 05 15 20 18 | 01
#1245-d324 @A: 29 35 01 30 | 03
#1246-d324 @A: 09 19 01 25 | 06
#1247-d324 @A: 15 08 05 01 | 04
#1248-d324 @A: 09 06 27 35 | 07
#1249-d324 @A: 35 27 28 31 | 12
#1250-d324 @A: 27 05 30 35 | 02
#1251-d324 @A: 25 09 26 35 | 11
#1252-d324 @A: 28 25 35 34 | 09
#1253-d324 @A: 14 13 35 21 | 08
#1254-d324 @A: 29 35 26 13 | 10
#1255-d324 @A: 14 02 07 35 | 05
#1256-d324 @A: 06 24 19 35 | 01
#1257-d324 @A: 07 21 27 09 | 03
#1258-d324 @A: 31 15 27 30 | 06
#1259-d324 @A: 05 27 19 21 | 04
#1260-d324 @A: 14 24 19 27 | 07
#1261-d324 @A: 27 14 06 28 | 12
#1262-d324 @A: 08 27 15 20 | 02
#1263-d324 @A: 29 08 25 34 | 11
#1264-d324 @A: 14 25 29 21 | 09
#1265-d324 @A: 07 06 15 25 | 08
#1266-d324 @A: 15 29 28 25 | 10
#1267-d324 @A: 09 07 31 34 | 05
#1268-d324 @A: 03 19 09 29 | 01
#1269-d324 @A: 03 09 06 05 | 03
#1270-d324 @A: 19 29 31 21 | 06
#1271-d324 @A: 06 31 05 19 | 04
#1272-d324 @A: 30 20 13 34 | 07
#1273-d324 @A: 30 29 26 34 | 12
#1274-d324 @A: 03 26 21 34 | 02
#1275-d324 @A: 34 24 03 07 | 11
#1276-d324 @A: 34 05 08 19 | 09
#1277-d324 @A: 05 34 11 20 | 08
#1278-d324 @A: 13 28 26 30 | 10
#1279-d324 @A: 30 24 11 13 | 05
#1280-d324 @A: 15 21 07 26 | 01
#1281-d324 @A: 09 12 10 20 | 03
#1282-d324 @A: 10 21 12 31 | 06
#1283-d324 @A: 10 30 28 32 | 04
#1284-d324 @A: 26 10 28 17 | 07
#1285-d324 @A: 11 16 10 22 | 12
#1286-d324 @A: 10 25 22 13 | 02
#1287-d324 @A: 07 27 18 10 | 11
#1288-d324 @A: 18 08 10 34 | 09
#1289-d324 @A: 10 31 03 25 | 08
#1290-d324 @A: 26 10 25 30 | 10
#1291-d324 @A: 14 31 10 02 | 05
#1292-d324 @A: 21 10 11 26 | 01
#1293-d324 @A: 10 13 02 19 | 03
#1294-d324 @A: 13 10 24 05 | 06
#1295-d324 @A: 19 24 10 08 | 04
#1296-d324 @A: 14 10 28 15 | 07
#1297-d324 @A: 12 35 17 19 | 12
#1298-d324 @A: 17 07 25 12 | 02
#1299-d324 @A: 12 05 17 15 | 11
#1300-d324 @A: 12 21 15 23 | 09
#1301-d324 @A: 30 28 22 12 | 08
#1302-d324 @A: 33 06 12 18 | 10
#1303-d324 @A: 12 20 13 35 | 05
#1304-d324 @A: 24 09 12 07 | 01
#1305-d324 @A: 05 03 13 12 | 03
#1306-d324 @A: 12 07 14 29 | 06
#1307-d324 @A: 12 14 08 24 | 04
#1308-d324 @A: 24 20 12 03 | 07
#1309-d324 @A: 30 04 32 34 | 12
#1310-d324 @A: 31 17 04 08 | 02
#1311-d324 @A: 20 01 04 16 | 11
#1312-d324 @A: 04 16 09 05 | 09
#1313-d324 @A: 04 13 22 03 | 08
#1314-d324 @A: 05 31 04 18 | 10
#1315-d324 @A: 34 04 21 18 | 05
#1316-d324 @A: 13 02 04 18 | 01
#1317-d324 @A: 20 28 27 04 | 03
#1318-d324 @A: 06 09 04 20 | 06
#1319-d324 @A: 11 04 30 07 | 04
#1320-d324 @A: 19 06 04 02 | 07
#1321-d324 @A: 11 24 14 04 | 12
#1322-d324 @A: 32 08 20 17 | 02
#1323-d324 @A: 32 35 13 16 | 11
#1324-d324 @A: 19 27 22 32 | 09
#1325-d324 @A: 02 32 22 09 | 08
#1326-d324 @A: 19 01 31 32 | 10
#1327-d324 @A: 35 32 03 25 | 05
#1328-d324 @A: 32 07 15 30 | 01
#1329-d324 @A: 32 13 06 14 | 03
#1330-d324 @A: 07 02 06 32 | 06
#1331-d324 @A: 32 20 24 06 | 04
#1332-d324 @A: 08 26 32 02 | 07
#1333-d324 @A: 35 16 17 09 | 12
#1334-d324 @A: 23 29 17 01 | 02
#1335-d324 @A: 17 23 19 27 | 11
#1336-d324 @A: 30 17 23 21 | 09
#1337-d324 @A: 17 15 23 14 | 08
#1338-d324 @A: 35 17 13 22 | 10
#1339-d324 @A: 20 31 17 33 | 05
#1340-d324 @A: 33 17 30 03 | 01
#1341-d324 @A: 17 05 34 35 | 03
#1342-d324 @A: 30 28 27 17 | 06
#1343-d324 @A: 30 17 06 29 | 04
#1344-d324 @A: 28 17 02 13 | 07
#1345-d324 @A: 14 03 17 06 | 12
#1346-d324 @A: 29 17 24 02 | 02
#1347-d324 @A: 05 17 02 03 | 11
#1348-d324 @A: 23 33 28 16 | 09
#1349-d324 @A: 16 23 35 01 | 08
#1350-d324 @A: 16 29 23 20 | 10
#1351-d324 @A: 35 03 16 22 | 05
#1352-d324 @A: 03 16 08 33 | 01
#1353-d324 @A: 09 08 01 16 | 03
#1354-d324 @A: 16 34 05 01 | 06
#1355-d324 @A: 25 35 16 05 | 04
#1356-d324 @A: 27 29 16 15 | 07
#1357-d324 @A: 09 29 13 16 | 12
#1358-d324 @A: 28 16 30 24 | 02
#1359-d324 @A: 05 26 16 08 | 11
#1360-d324 @A: 23 24 22 34 | 09
#1361-d324 @A: 19 23 22 05 | 08
#1362-d324 @A: 23 01 03 14 | 10
#1363-d324 @A: 20 21 23 13 | 05
#1364-d324 @A: 13 23 07 29 | 01
#1365-d324 @A: 06 23 14 11 | 03
#1366-d324 @A: 23 03 08 02 | 06
#1367-d324 @A: 25 18 22 27 | 04
#1368-d324 @A: 22 31 27 03 | 07
#1369-d324 @A: 20 27 21 22 | 12
#1370-d324 @A: 13 31 22 08 | 02
#1371-d324 @A: 22 14 07 31 | 11
#1372-d324 @A: 22 13 21 26 | 09
#1373-d324 @A: 29 03 28 22 | 08
#1374-d324 @A: 08 11 22 24 | 10
#1375-d324 @A: 33 02 30 01 | 05
#1376-d324 @A: 29 27 35 33 | 01
#1377-d324 @A: 33 21 14 03 | 03
#1378-d324 @A: 13 20 33 03 | 06
#1379-d324 @A: 21 01 18 29 | 04
#1380-d324 @A: 18 35 19 09 | 07
#1381-d324 @A: 09 18 35 15 | 12
#1382-d324 @A: 18 03 09 21 | 02
#1383-d324 @A: 18 14 09 05 | 11
#1384-d324 @A: 21 13 07 18 | 09
#1385-d324 @A: 14 21 18 02 | 08
#1386-d324 @A: 24 18 29 13 | 10
#1387-d324 @A: 24 28 11 18 | 05
#1388-d324 @A: 18 29 26 02 | 01
#1389-d324 @A: 01 11 35 21 | 03
#1390-d324 @A: 01 27 31 20 | 06
#1391-d324 @A: 29 24 01 31 | 04
#1392-d324 @A: 15 28 06 01 | 07
#1393-d324 @A: 31 35 26 07 | 12
#1394-d324 @A: 03 13 35 24 | 02
#1395-d324 @A: 27 11 31 30 | 11
#1396-d324 @A: 27 21 26 24 | 09
#1397-d324 @A: 02 05 15 27 | 08
#1398-d324 @A: 25 06 21 13 | 10
#1399-d324 @A: 25 05 21 07 | 05
#1400-d324 @A: 02 19 26 25 | 01
#1401-d324 @A: 28 14 25 11 | 03
#1402-d324 @A: 29 25 11 20 | 06
#1403-d324 @A: 02 09 29 06 | 04
#1404-d324 @A: 31 24 03 19 | 07
#1405-d324 @A: 06 31 05 15 | 12
#1406-d324 @A: 21 34 07 06 | 02
#1407-d324 @A: 13 11 29 34 | 11
#1408-d324 @A: 07 34 29 05 | 09
#1409-d324 @A: 06 14 05 34 | 08
#1410-d324 @A: 30 03 07 26 | 10
#1411-d324 @A: 19 30 14 29 | 05
#1412-d324 @A: 08 28 15 21 | 01
#1413-d324 @A: 14 06 26 15 | 03
#1414-d324 @A: 12 11 30 10 | 06
#1415-d324 @A: 07 10 04 35 | 04
#1416-d324 @A: 10 34 04 14 | 07
#1417-d324 @A: 29 30 04 10 | 12
#1418-d324 @A: 31 29 10 32 | 02
#1419-d324 @A: 10 18 17 29 | 11
#1420-d324 @A: 16 34 24 10 | 09
#1421-d324 @A: 10 08 16 15 | 08
#1422-d324 @A: 14 33 10 23 | 10
#1423-d324 @A: 10 35 15 23 | 05
#1424-d324 @A: 26 35 10 18 | 01
#1425-d324 @A: 35 02 10 28 | 03
#1426-d324 @A: 31 10 19 27 | 06
#1427-d324 @A: 11 09 28 10 | 04
#1428-d324 @A: 10 08 13 06 | 07
#1429-d324 @A: 10 14 03 24 | 12
#1430-d324 @A: 28 25 04 12 | 02
#1431-d324 @A: 33 32 12 19 | 11
#1432-d324 @A: 07 32 12 01 | 09
#1433-d324 @A: 32 25 20 12 | 08
#1434-d324 @A: 23 30 26 12 | 10
#1435-d324 @A: 22 12 25 11 | 05
#1436-d324 @A: 05 12 18 19 | 01
#1437-d324 @A: 25 19 12 15 | 03
#1438-d324 @A: 30 29 15 12 | 06
#1439-d324 @A: 19 12 08 03 | 04
#1440-d324 @A: 12 15 06 03 | 07
#1441-d324 @A: 26 12 14 11 | 12
#1442-d324 @A: 04 32 16 11 | 02
#1443-d324 @A: 04 32 18 09 | 11
#1444-d324 @A: 16 04 33 26 | 09
#1445-d324 @A: 04 14 21 22 | 08
#1446-d324 @A: 04 34 33 06 | 10
#1447-d324 @A: 04 01 11 09 | 05
#1448-d324 @A: 25 02 04 35 | 01
#1449-d324 @A: 28 30 04 35 | 03
#1450-d324 @A: 21 24 04 07 | 06
#1451-d324 @A: 03 15 24 04 | 04
#1452-d324 @A: 32 35 17 29 | 07
#1453-d324 @A: 18 32 02 16 | 12
#1454-d324 @A: 23 22 32 33 | 02
#1455-d324 @A: 24 18 32 08 | 11
#1456-d324 @A: 29 18 32 03 | 09
#1457-d324 @A: 29 09 32 24 | 08
#1458-d324 @A: 34 02 19 32 | 10
#1459-d324 @A: 32 21 19 24 | 05
#1460-d324 @A: 21 03 32 06 | 01
#1461-d324 @A: 06 33 17 16 | 03
#1462-d324 @A: 16 17 03 26 | 06
#1463-d324 @A: 17 13 18 23 | 04
#1464-d324 @A: 17 27 22 09 | 07
#1465-d324 @A: 17 08 33 15 | 12
#1466-d324 @A: 24 17 18 05 | 02
#1467-d324 @A: 17 02 35 30 | 11
#1468-d324 @A: 20 17 34 27 | 09
#1469-d324 @A: 11 21 17 24 | 08
#1470-d324 @A: 13 26 17 15 | 10
#1471-d324 @A: 17 11 19 29 | 05
#1472-d324 @A: 11 28 05 17 | 01
#1473-d324 @A: 11 08 17 02 | 03
#1474-d324 @A: 23 09 03 16 | 06
#1475-d324 @A: 22 19 09 16 | 04
#1476-d324 @A: 33 16 29 34 | 07
#1477-d324 @A: 02 16 33 15 | 12
#1478-d324 @A: 14 18 35 16 | 02
#1479-d324 @A: 16 18 03 34 | 11
#1480-d324 @A: 29 27 16 01 | 09
#1481-d324 @A: 31 08 27 16 | 08
#1482-d324 @A: 13 07 16 08 | 10
#1483-d324 @A: 19 26 16 13 | 05
#1484-d324 @A: 06 13 24 16 | 01
#1485-d324 @A: 23 08 22 09 | 03
#1486-d324 @A: 03 33 23 27 | 06
#1487-d324 @A: 27 01 06 23 | 04
#1488-d324 @A: 08 23 01 19 | 07
#1489-d324 @A: 34 31 28 23 | 12
#1490-d324 @A: 13 08 23 05 | 02
#1491-d324 @A: 07 23 28 20 | 11
#1492-d324 @A: 28 23 15 19 | 09
#1493-d324 @A: 11 03 29 23 | 08
#1494-d324 @A: 22 11 33 27 | 10
#1495-d324 @A: 33 25 22 21 | 05
#1496-d324 @A: 22 29 33 31 | 01
#1497-d324 @A: 18 15 22 20 | 03
#1498-d324 @A: 25 22 20 01 | 06
#1499-d324 @A: 25 31 22 05 | 04
#1500-d324 @A: 22 25 30 29 | 07
#1501-d324 @A: 09 06 28 22 | 12
#1502-d324 @A: 14 22 13 11 | 02
#1503-d324 @A: 29 13 22 20 | 11
#1504-d324 @A: 15 02 22 14 | 09
#1505-d324 @A: 06 31 33 27 | 08
#1506-d324 @A: 33 25 06 05 | 10
#1507-d324 @A: 33 02 31 09 | 05
#1508-d324 @A: 33 30 09 29 | 01
#1509-d324 @A: 15 33 30 11 | 03
#1510-d324 @A: 02 33 21 07 | 06
#1511-d324 @A: 21 06 33 11 | 04
#1512-d324 @A: 07 03 33 29 | 07
#1513-d324 @A: 15 19 06 33 | 12
#1514-d324 @A: 18 13 27 19 | 02
#1515-d324 @A: 07 11 34 18 | 11
#1516-d324 @A: 29 18 28 07 | 09
#1517-d324 @A: 07 18 02 05 | 08
#1518-d324 @A: 06 18 15 24 | 10
#1519-d324 @A: 14 08 18 28 | 05
#1520-d324 @A: 15 01 35 02 | 01
#1521-d324 @A: 01 34 09 29 | 03
#1522-d324 @A: 01 11 34 31 | 06
#1523-d324 @A: 05 21 28 01 | 04
#1524-d324 @A: 01 13 24 20 | 07
#1525-d324 @A: 06 29 20 01 | 12
#1526-d324 @A: 03 24 28 01 | 02
#1527-d324 @A: 27 11 14 35 | 11
#1528-d324 @A: 14 03 05 35 | 09
#1529-d324 @A: 15 26 35 03 | 08
#1530-d324 @A: 26 02 35 20 | 10
#1531-d324 @A: 15 27 03 25 | 05
#1532-d324 @A: 27 29 08 30 | 01
#1533-d324 @A: 13 14 07 27 | 03
#1534-d324 @A: 27 24 07 15 | 06
#1535-d324 @A: 05 27 07 20 | 04
#1536-d324 @A: 03 26 28 27 | 07
#1537-d324 @A: 02 20 13 25 | 12
#1538-d324 @A: 28 20 25 06 | 02
#1539-d324 @A: 25 28 05 08 | 11
#1540-d324 @A: 05 09 26 21 | 09
#1541-d324 @A: 30 34 02 08 | 08
#1542-d324 @A: 14 20 07 34 | 10
#1543-d324 @A: 30 06 20 21 | 05
#1544-d324 @A: 21 02 30 29 | 01
#1545-d324 @A: 07 30 06 14 | 03
#1546-d324 @A: 08 13 15 03 | 06
#1547-d324 @A: 15 14 05 11 | 04
#1548-d324 @A: 15 32 24 10 | 07
#1549-d324 @A: 22 10 17 02 | 12
#1550-d324 @A: 17 35 10 11 | 02
#1551-d324 @A: 10 28 01 16 | 11
#1552-d324 @A: 16 10 05 30 | 09
#1553-d324 @A: 34 29 10 23 | 08
#1554-d324 @A: 22 27 06 10 | 10
#1555-d324 @A: 33 28 18 10 | 05
#1556-d324 @A: 18 10 14 30 | 01
#1557-d324 @A: 01 10 02 11 | 03
#1558-d324 @A: 13 34 10 35 | 06
#1559-d324 @A: 15 34 10 09 | 04
#1560-d324 @A: 07 19 10 21 | 07
#1561-d324 @A: 03 21 10 20 | 12
#1562-d324 @A: 28 07 10 06 | 02
#1563-d324 @A: 10 08 07 05 | 11
#1564-d324 @A: 18 26 04 12 | 09
#1565-d324 @A: 09 12 04 14 | 08
#1566-d324 @A: 32 22 31 12 | 10
#1567-d324 @A: 12 34 32 29 | 05
#1568-d324 @A: 17 12 21 22 | 01
#1569-d324 @A: 12 16 29 19 | 03
#1570-d324 @A: 12 18 29 22 | 06
#1571-d324 @A: 31 12 33 24 | 04
#1572-d324 @A: 12 02 27 24 | 07
#1573-d324 @A: 31 26 12 19 | 12
#1574-d324 @A: 07 11 21 12 | 02
#1575-d324 @A: 21 08 06 12 | 11
#1576-d324 @A: 06 05 12 29 | 09
#1577-d324 @A: 20 12 08 02 | 08
#1578-d324 @A: 31 06 32 04 | 10
#1579-d324 @A: 04 28 32 03 | 05
#1580-d324 @A: 04 22 17 06 | 01
#1581-d324 @A: 04 18 17 27 | 03
#1582-d324 @A: 09 04 17 07 | 06
#1583-d324 @A: 16 23 04 07 | 04
#1584-d324 @A: 04 22 08 16 | 07
#1585-d324 @A: 09 26 04 23 | 12
#1586-d324 @A: 01 29 04 22 | 02
#1587-d324 @A: 34 22 28 04 | 11
#1588-d324 @A: 05 04 30 33 | 09
#1589-d324 @A: 13 06 04 01 | 08
#1590-d324 @A: 07 26 04 02 | 10
#1591-d324 @A: 32 07 23 17 | 05
#1592-d324 @A: 05 17 31 32 | 01
#1593-d324 @A: 32 33 25 24 | 03
#1594-d324 @A: 31 27 32 02 | 06
#1595-d324 @A: 32 09 34 28 | 04
#1596-d324 @A: 17 31 11 23 | 07
#1597-d324 @A: 17 22 29 34 | 12
#1598-d324 @A: 17 30 22 11 | 02
#1599-d324 @A: 05 08 22 17 | 11
#1600-d324 @A: 17 35 25 31 | 09
#1601-d324 @A: 14 17 02 27 | 08
#1602-d324 @A: 17 21 34 25 | 10
#1603-d324 @A: 17 15 21 31 | 05
#1604-d324 @A: 07 17 31 24 | 01
#1605-d324 @A: 17 21 20 26 | 03
#1606-d324 @A: 14 28 17 29 | 06
#1607-d324 @A: 27 22 16 14 | 04
#1608-d324 @A: 30 16 19 33 | 07
#1609-d324 @A: 24 18 16 31 | 12
#1610-d324 @A: 30 14 16 01 | 02
#1611-d324 @A: 01 11 16 13 | 11
#1612-d324 @A: 16 34 35 11 | 09
#1613-d324 @A: 21 16 06 09 | 08
#1614-d324 @A: 19 16 31 11 | 10
#1615-d324 @A: 16 06 19 28 | 05
#1616-d324 @A: 16 06 14 29 | 01
#1617-d324 @A: 05 16 14 24 | 03
#1618-d324 @A: 08 24 16 29 | 06
#1619-d324 @A: 22 23 25 03 | 04
#1620-d324 @A: 18 11 23 35 | 07
#1621-d324 @A: 14 23 35 31 | 12
#1622-d324 @A: 30 23 35 13 | 02
#1623-d324 @A: 09 11 23 34 | 11
#1624-d324 @A: 21 23 08 29 | 09
#1625-d324 @A: 19 23 06 13 | 08
#1626-d324 @A: 02 23 15 26 | 10
#1627-d324 @A: 09 33 22 03 | 05
#1628-d324 @A: 30 05 22 18 | 01
#1629-d324 @A: 01 22 08 34 | 03
#1630-d324 @A: 22 29 26 27 | 06
#1631-d324 @A: 15 25 08 22 | 04
#1632-d324 @A: 31 11 09 22 | 07
#1633-d324 @A: 07 22 05 09 | 12
#1634-d324 @A: 24 09 15 22 | 02
#1635-d324 @A: 22 30 31 20 | 11
#1636-d324 @A: 02 06 22 20 | 09
#1637-d324 @A: 06 08 29 22 | 08
#1638-d324 @A: 14 26 22 03 | 10
#1639-d324 @A: 35 30 06 33 | 05
#1640-d324 @A: 19 14 35 33 | 01
#1641-d324 @A: 33 25 26 27 | 03
#1642-d324 @A: 25 33 34 15 | 06
#1643-d324 @A: 33 31 21 34 | 04
#1644-d324 @A: 05 33 21 13 | 07
#1645-d324 @A: 33 21 08 19 | 12
#1646-d324 @A: 21 28 20 33 | 02
#1647-d324 @A: 33 24 11 26 | 11
#1648-d324 @A: 03 05 33 24 | 09
#1649-d324 @A: 33 15 24 05 | 08
#1650-d324 @A: 01 30 18 24 | 10
#1651-d324 @A: 31 08 18 09 | 05
#1652-d324 @A: 30 26 11 18 | 01
#1653-d324 @A: 18 21 24 06 | 03
#1654-d324 @A: 35 06 28 01 | 06
#1655-d324 @A: 19 30 27 01 | 04
#1656-d324 @A: 30 01 21 25 | 07
#1657-d324 @A: 09 15 01 31 | 12
#1658-d324 @A: 13 01 07 09 | 02
#1659-d324 @A: 13 02 01 29 | 11
#1660-d324 @A: 01 26 03 29 | 09
#1661-d324 @A: 27 25 20 35 | 08
#1662-d324 @A: 13 02 08 35 | 10
#1663-d324 @A: 35 02 19 05 | 05
#1664-d324 @A: 28 20 35 14 | 01
#1665-d324 @A: 15 19 27 34 | 03
#1666-d324 @A: 34 06 29 27 | 06
#1667-d324 @A: 27 11 08 13 | 04
#1668-d324 @A: 27 03 13 02 | 07
#1669-d324 @A: 11 02 26 27 | 12
#1670-d324 @A: 26 06 25 29 | 02
#1671-d324 @A: 25 28 24 29 | 11
#1672-d324 @A: 09 30 02 19 | 09
#1673-d324 @A: 19 13 09 21 | 08
#1674-d324 @A: 19 08 15 09 | 10
#1675-d324 @A: 14 28 26 09 | 05
#1676-d324 @A: 24 09 05 08 | 01
#1677-d324 @A: 21 03 28 31 | 03
#1678-d324 @A: 13 07 03 31 | 06
#1679-d324 @A: 08 31 14 19 | 04
#1680-d324 @A: 02 19 31 15 | 07
#1681-d324 @A: 03 26 11 31 | 12
#1682-d324 @A: 24 21 34 30 | 02
#1683-d324 @A: 34 30 11 06 | 11
#1684-d324 @A: 28 05 34 30 | 09
#1685-d324 @A: 03 30 34 14 | 08
#1686-d324 @A: 20 34 29 19 | 10
#1687-d324 @A: 24 15 13 30 | 05
#1688-d324 @A: 30 24 06 03 | 01
#1689-d324 @A: 08 02 15 07 | 03
