#0001-d331 @A: 15 08 23 06 | 05
#0002-d331 @A: 10 15 08 04 | 12
#0003-d331 @A: 15 08 17 22 | 02
#0004-d331 @A: 02 15 06 14 | 10
#0005-d331 @A: 25 28 15 02 | 01
#0006-d331 @A: 27 02 01 15 | 07
#0007-d331 @A: 21 09 02 15 | 11
#0008-d331 @A: 24 15 11 02 | 06
#0009-d331 @A: 04 25 15 31 | 04
#0010-d331 @A: 27 11 20 15 | 09
#0011-d331 @A: 30 09 01 15 | 03
#0012-d331 @A: 15 28 30 17 | 08
#0013-d331 @A: 12 17 23 15 | 05
#0014-d331 @A: 15 25 26 05 | 12
#0015-d331 @A: 25 24 15 13 | 02
#0016-d331 @A: 26 27 21 15 | 10
#0017-d331 @A: 32 24 10 15 | 01
#0018-d331 @A: 27 28 15 19 | 07
#0019-d331 @A: 31 14 15 24 | 11
#0020-d331 @A: 08 16 06 19 | 06
#0021-d331 @A: 08 06 01 03 | 04
#0022-d331 @A: 02 30 08 34 | 09
#0023-d331 @A: 23 08 02 27 | 03
#0024-d331 @A: 08 23 16 29 | 08
#0025-d331 @A: 29 11 08 03 | 05
#0026-d331 @A: 16 10 26 08 | 12
#0027-d331 @A: 20 08 27 34 | 02
#0028-d331 @A: 08 30 31 01 | 10
#0029-d331 @A: 35 30 17 08 | 01
#0030-d331 @A: 08 05 30 18 | 07
#0031-d331 @A: 26 35 32 08 | 11
#0032-d331 @A: 26 17 08 24 | 06
#0033-d331 @A: 32 33 22 08 | 04
#0034-d331 @A: 08 09 10 19 | 09
#0035-d331 @A: 08 31 19 28 | 03
#0036-d331 @A: 24 03 08 13 | 08
#0037-d331 @A: 33 34 08 24 | 05
#0038-d331 @A: 06 28 29 07 | 12
#0039-d331 @A: 06 29 23 26 | 02
#0040-d331 @A: 06 28 16 30 | 10
#0041-d331 @A: 06 25 33 20 | 01
#0042-d331 @A: 19 01 06 20 | 07
#0043-d331 @A: 30 12 06 19 | 11
#0044-d331 @A: 30 06 22 21 | 06
#0045-d331 @A: 25 06 23 03 | 04
#0046-d331 @A: 27 06 21 18 | 09
#0047-d331 @A: 32 10 06 34 | 03
#0048-d331 @A: 13 09 11 06 | 08
#0049-d331 @A: 28 05 19 06 | 05
#0050-d331 @A: 05 34 06 03 | 12
#0051-d331 @A: 07 16 22 24 | 02
#0052-d331 @A: 07 12 30 34 | 10
#0053-d331 @A: 30 31 07 25 | 01
#0054-d331 @A: 21 03 30 07 | 07
#0055-d331 @A: 07 25 11 12 | 11
#0056-d331 @A: 07 25 34 21 | 06
#0057-d331 @A: 14 07 32 26 | 04
#0058-d331 @A: 17 05 07 21 | 09
#0059-d331 @A: 07 17 18 14 | 03
#0060-d331 @A: 07 21 19 13 | 08
#0061-d331 @A: 07 27 19 10 | 05
#0062-d331 @A: 09 07 33 34 | 12
#0063-d331 @A: 11 19 28 07 | 02
#0064-d331 @A: 07 05 32 19 | 10
#0065-d331 @A: 16 12 02 33 | 01
#0066-d331 @A: 02 25 16 10 | 07
#0067-d331 @A: 24 02 17 16 | 11
#0068-d331 @A: 28 16 02 18 | 06
#0069-d331 @A: 13 02 20 21 | 04
#0070-d331 @A: 01 09 33 02 | 09
#0071-d331 @A: 02 10 18 35 | 03
#0072-d331 @A: 27 03 18 02 | 08
#0073-d331 @A: 28 02 22 14 | 05
#0074-d331 @A: 05 24 02 19 | 12
#0075-d331 @A: 11 23 02 19 | 02
#0076-d331 @A: 32 28 02 19 | 10
#0077-d331 @A: 13 02 28 05 | 01
#0078-d331 @A: 33 31 02 32 | 07
#0079-d331 @A: 29 30 20 28 | 11
#0080-d331 @A: 29 26 34 20 | 06
#0081-d331 @A: 25 34 30 29 | 04
#0082-d331 @A: 30 35 29 11 | 09
#0083-d331 @A: 26 14 35 29 | 03
#0084-d331 @A: 29 31 21 26 | 08
#0085-d331 @A: 34 24 29 21 | 05
#0086-d331 @A: 23 33 29 22 | 12
#0087-d331 @A: 10 33 34 29 | 02
#0088-d331 @A: 29 11 09 14 | 10
#0089-d331 @A: 24 31 29 33 | 01
#0090-d331 @A: 29 05 13 24 | 07
#0091-d331 @A: 16 13 04 30 | 11
#0092-d331 @A: 03 05 04 20 | 06
#0093-d331 @A: 09 04 12 13 | 04
#0094-d331 @A: 01 04 32 17 | 09
#0095-d331 @A: 14 04 18 26 | 03
#0096-d331 @A: 24 19 27 04 | 08
#0097-d331 @A: 03 24 32 04 | 05
#0098-d331 @A: 32 05 27 04 | 12
#0099-d331 @A: 20 16 24 12 | 02
#0100-d331 @A: 25 16 20 11 | 10
#0101-d331 @A: 25 24 16 30 | 01
#0102-d331 @A: 21 18 01 16 | 07
#0103-d331 @A: 21 16 13 35 | 11
#0104-d331 @A: 16 14 26 27 | 06
#0105-d331 @A: 21 28 11 16 | 04
#0106-d331 @A: 11 16 18 13 | 09
#0107-d331 @A: 19 16 22 28 | 03
#0108-d331 @A: 28 16 34 10 | 08
#0109-d331 @A: 27 16 23 24 | 05
#0110-d331 @A: 18 10 20 30 | 12
#0111-d331 @A: 11 01 20 35 | 02
#0112-d331 @A: 20 21 01 34 | 10
#0113-d331 @A: 20 26 35 24 | 01
#0114-d331 @A: 20 21 35 27 | 07
#0115-d331 @A: 20 13 17 26 | 11
#0116-d331 @A: 17 19 10 20 | 06
#0117-d331 @A: 30 26 19 25 | 04
#0118-d331 @A: 34 30 21 35 | 09
#0119-d331 @A: 30 10 22 09 | 03
#0120-d331 @A: 33 03 30 10 | 08
#0121-d331 @A: 09 30 11 03 | 05
#0122-d331 @A: 30 09 31 33 | 12
#0123-d331 @A: 33 24 30 19 | 02
#0124-d331 @A: 30 23 33 11 | 10
#0125-d331 @A: 13 31 30 14 | 01
#0126-d331 @A: 12 17 10 11 | 07
#0127-d331 @A: 31 12 28 09 | 11
#0128-d331 @A: 05 03 14 12 | 06
#0129-d331 @A: 09 21 27 25 | 04
#0130-d331 @A: 31 18 25 33 | 09
#0131-d331 @A: 19 28 10 25 | 03
#0132-d331 @A: 09 34 13 25 | 08
#0133-d331 @A: 28 31 25 03 | 05
#0134-d331 @A: 09 17 01 35 | 12
#0135-d331 @A: 05 19 31 01 | 02
#0136-d331 @A: 01 23 33 05 | 10
#0137-d331 @A: 35 28 33 22 | 01
#0138-d331 @A: 35 32 14 24 | 07
#0139-d331 @A: 35 34 13 33 | 11
#0140-d331 @A: 19 18 26 13 | 06
#0141-d331 @A: 26 03 23 33 | 04
#0142-d331 @A: 22 24 33 17 | 09
#0143-d331 @A: 17 32 09 31 | 03
#0144-d331 @A: 17 19 23 03 | 08
#0145-d331 @A: 03 17 28 24 | 05
#0146-d331 @A: 34 05 17 27 | 12
#0147-d331 @A: 21 11 32 18 | 02
#0148-d331 @A: 09 10 18 23 | 10
#0149-d331 @A: 18 10 19 05 | 01
#0150-d331 @A: 09 18 32 14 | 07
#0151-d331 @A: 31 18 19 24 | 11
#0152-d331 @A: 31 27 03 32 | 06
#0153-d331 @A: 15 29 19 06 | 04
#0154-d331 @A: 07 15 03 29 | 09
#0155-d331 @A: 15 09 16 07 | 03
#0156-d331 @A: 14 15 27 07 | 08
#0157-d331 @A: 34 15 29 02 | 05
#0158-d331 @A: 02 10 15 12 | 12
#0159-d331 @A: 15 24 29 12 | 02
#0160-d331 @A: 24 15 16 05 | 10
#0161-d331 @A: 15 17 33 35 | 01
#0162-d331 @A: 15 10 28 09 | 07
#0163-d331 @A: 13 15 10 19 | 11
#0164-d331 @A: 15 05 14 19 | 06
#0165-d331 @A: 23 19 32 15 | 04
#0166-d331 @A: 31 03 23 15 | 09
#0167-d331 @A: 06 02 10 08 | 03
#0168-d331 @A: 17 08 31 06 | 08
#0169-d331 @A: 19 08 07 20 | 05
#0170-d331 @A: 22 08 35 29 | 12
#0171-d331 @A: 19 08 29 32 | 02
#0172-d331 @A: 08 01 09 04 | 10
#0173-d331 @A: 04 21 08 19 | 01
#0174-d331 @A: 35 16 28 08 | 07
#0175-d331 @A: 24 01 20 08 | 11
#0176-d331 @A: 10 31 08 25 | 06
#0177-d331 @A: 11 35 08 33 | 04
#0178-d331 @A: 21 08 26 23 | 09
#0179-d331 @A: 27 08 26 13 | 03
#0180-d331 @A: 10 05 32 08 | 08
#0181-d331 @A: 11 09 23 08 | 05
#0182-d331 @A: 08 32 14 28 | 12
#0183-d331 @A: 12 07 13 06 | 02
#0184-d331 @A: 19 18 02 06 | 10
#0185-d331 @A: 24 29 06 30 | 01
#0186-d331 @A: 01 06 25 29 | 07
#0187-d331 @A: 35 06 29 10 | 11
#0188-d331 @A: 12 24 04 06 | 06
#0189-d331 @A: 06 03 18 04 | 04
#0190-d331 @A: 26 16 35 06 | 09
#0191-d331 @A: 12 22 06 20 | 03
#0192-d331 @A: 23 06 20 18 | 08
#0193-d331 @A: 35 06 09 30 | 05
#0194-d331 @A: 22 06 32 25 | 12
#0195-d331 @A: 05 27 06 25 | 02
#0196-d331 @A: 06 14 03 35 | 10
#0197-d331 @A: 32 06 03 09 | 01
#0198-d331 @A: 14 27 33 06 | 07
#0199-d331 @A: 10 07 11 02 | 11
#0200-d331 @A: 07 31 05 02 | 06
#0201-d331 @A: 29 12 07 14 | 04
#0202-d331 @A: 25 01 07 09 | 09
#0203-d331 @A: 07 22 11 34 | 03
#0204-d331 @A: 07 10 14 09 | 08
#0205-d331 @A: 13 07 11 05 | 05
#0206-d331 @A: 27 02 25 29 | 12
#0207-d331 @A: 02 04 05 21 | 02
#0208-d331 @A: 02 12 24 21 | 10
#0209-d331 @A: 25 02 17 35 | 01
#0210-d331 @A: 02 13 18 25 | 07
#0211-d331 @A: 34 02 13 01 | 11
#0212-d331 @A: 33 02 24 35 | 06
#0213-d331 @A: 02 03 21 19 | 04
#0214-d331 @A: 10 31 03 02 | 09
#0215-d331 @A: 02 24 23 28 | 03
#0216-d331 @A: 34 02 28 31 | 08
#0217-d331 @A: 29 16 34 01 | 05
#0218-d331 @A: 16 29 17 13 | 12
#0219-d331 @A: 22 29 16 21 | 02
#0220-d331 @A: 27 29 10 30 | 10
#0221-d331 @A: 05 12 29 26 | 01
#0222-d331 @A: 17 29 27 35 | 07
#0223-d331 @A: 22 03 29 26 | 11
#0224-d331 @A: 14 29 23 34 | 06
#0225-d331 @A: 11 29 23 05 | 04
#0226-d331 @A: 25 33 04 21 | 09
#0227-d331 @A: 26 04 01 10 | 03
#0228-d331 @A: 21 26 28 04 | 08
#0229-d331 @A: 14 04 27 09 | 05
#0230-d331 @A: 04 13 19 34 | 12
#0231-d331 @A: 31 04 14 34 | 02
#0232-d331 @A: 31 04 11 05 | 10
#0233-d331 @A: 16 22 35 20 | 01
#0234-d331 @A: 20 16 18 05 | 07
#0235-d331 @A: 12 30 09 16 | 11
#0236-d331 @A: 16 30 35 01 | 06
#0237-d331 @A: 11 30 16 26 | 04
#0238-d331 @A: 23 16 18 30 | 09
#0239-d331 @A: 35 16 18 32 | 03
#0240-d331 @A: 26 24 16 03 | 08
#0241-d331 @A: 24 14 16 09 | 05
#0242-d331 @A: 33 16 34 11 | 12
#0243-d331 @A: 31 25 20 12 | 02
#0244-d331 @A: 09 22 13 20 | 10
#0245-d331 @A: 20 09 05 31 | 01
#0246-d331 @A: 33 23 20 14 | 07
#0247-d331 @A: 14 27 20 23 | 11
#0248-d331 @A: 20 13 31 28 | 06
#0249-d331 @A: 33 01 12 30 | 04
#0250-d331 @A: 10 05 12 30 | 09
#0251-d331 @A: 30 26 35 28 | 03
#0252-d331 @A: 26 05 17 30 | 08
#0253-d331 @A: 22 30 05 11 | 05
#0254-d331 @A: 10 28 31 30 | 12
#0255-d331 @A: 32 30 13 11 | 02
#0256-d331 @A: 12 17 35 34 | 10
#0257-d331 @A: 33 12 31 21 | 01
#0258-d331 @A: 12 10 33 22 | 07
#0259-d331 @A: 22 09 11 12 | 11
#0260-d331 @A: 12 19 24 28 | 06
#0261-d331 @A: 24 01 17 25 | 04
#0262-d331 @A: 18 23 25 01 | 09
#0263-d331 @A: 25 26 14 17 | 03
#0264-d331 @A: 14 25 24 22 | 08
#0265-d331 @A: 09 03 10 25 | 05
#0266-d331 @A: 09 19 31 25 | 12
#0267-d331 @A: 25 34 11 14 | 02
#0268-d331 @A: 33 35 21 01 | 10
#0269-d331 @A: 21 05 26 01 | 01
#0270-d331 @A: 27 01 19 21 | 07
#0271-d331 @A: 01 32 21 03 | 11
#0272-d331 @A: 01 33 13 10 | 06
#0273-d331 @A: 28 01 32 09 | 04
#0274-d331 @A: 09 22 23 35 | 09
#0275-d331 @A: 31 14 35 09 | 03
#0276-d331 @A: 28 13 03 35 | 08
#0277-d331 @A: 34 26 18 17 | 05
#0278-d331 @A: 24 26 14 19 | 12
#0279-d331 @A: 17 10 24 31 | 02
#0280-d331 @A: 34 10 17 23 | 10
#0281-d331 @A: 17 23 03 27 | 01
#0282-d331 @A: 24 22 32 21 | 07
#0283-d331 @A: 03 24 21 10 | 11
#0284-d331 @A: 34 03 23 21 | 06
#0285-d331 @A: 31 24 21 05 | 04
#0286-d331 @A: 27 19 23 18 | 09
#0287-d331 @A: 03 33 14 18 | 03
#0288-d331 @A: 18 28 24 32 | 08
#0289-d331 @A: 31 18 34 11 | 05
#0290-d331 @A: 27 34 10 32 | 12
#0291-d331 @A: 11 28 27 24 | 02
#0292-d331 @A: 34 23 27 28 | 10
#0293-d331 @A: 08 21 15 13 | 01
#0294-d331 @A: 15 33 08 09 | 07
#0295-d331 @A: 15 35 28 06 | 11
#0296-d331 @A: 04 17 29 15 | 06
#0297-d331 @A: 25 23 16 15 | 04
#0298-d331 @A: 21 12 19 15 | 09
#0299-d331 @A: 13 01 15 18 | 03
#0300-d331 @A: 15 09 18 17 | 08
#0301-d331 @A: 15 18 22 10 | 05
#0302-d331 @A: 15 10 23 14 | 12
#0303-d331 @A: 32 05 15 34 | 02
#0304-d331 @A: 15 32 13 31 | 10
#0305-d331 @A: 32 04 08 06 | 01
#0306-d331 @A: 06 08 28 27 | 07
#0307-d331 @A: 07 13 02 08 | 11
#0308-d331 @A: 02 04 08 24 | 06
#0309-d331 @A: 35 08 02 09 | 04
#0310-d331 @A: 04 34 08 29 | 09
#0311-d331 @A: 21 29 08 27 | 03
#0312-d331 @A: 08 05 35 04 | 08
#0313-d331 @A: 30 27 05 08 | 05
#0314-d331 @A: 23 25 08 17 | 12
#0315-d331 @A: 25 21 18 08 | 02
#0316-d331 @A: 11 01 27 08 | 10
#0317-d331 @A: 17 28 05 08 | 01
#0318-d331 @A: 23 14 22 08 | 07
#0319-d331 @A: 10 03 28 08 | 11
#0320-d331 @A: 08 31 24 23 | 06
#0321-d331 @A: 33 14 08 31 | 04
#0322-d331 @A: 16 11 06 07 | 09
#0323-d331 @A: 27 07 30 06 | 03
#0324-d331 @A: 06 01 32 07 | 08
#0325-d331 @A: 20 24 06 02 | 05
#0326-d331 @A: 29 16 27 06 | 12
#0327-d331 @A: 13 06 21 29 | 02
#0328-d331 @A: 33 03 06 29 | 10
#0329-d331 @A: 22 06 17 04 | 01
#0330-d331 @A: 06 20 35 32 | 07
#0331-d331 @A: 30 06 25 05 | 11
#0332-d331 @A: 18 24 25 06 | 06
#0333-d331 @A: 06 21 01 10 | 04
#0334-d331 @A: 22 06 31 19 | 09
#0335-d331 @A: 06 14 10 19 | 03
#0336-d331 @A: 24 05 10 06 | 08
#0337-d331 @A: 33 32 14 06 | 05
#0338-d331 @A: 07 04 09 02 | 12
#0339-d331 @A: 02 12 22 07 | 02
#0340-d331 @A: 03 01 02 07 | 10
#0341-d331 @A: 29 30 13 07 | 01
#0342-d331 @A: 29 34 07 35 | 07
#0343-d331 @A: 11 21 07 29 | 11
#0344-d331 @A: 25 13 07 04 | 06
#0345-d331 @A: 05 07 25 18 | 04
#0346-d331 @A: 07 21 01 23 | 09
#0347-d331 @A: 07 32 22 23 | 03
#0348-d331 @A: 07 09 24 23 | 08
#0349-d331 @A: 24 13 14 07 | 05
#0350-d331 @A: 05 18 02 29 | 12
#0351-d331 @A: 20 02 18 33 | 02
#0352-d331 @A: 31 02 12 30 | 10
#0353-d331 @A: 27 33 02 12 | 01
#0354-d331 @A: 25 02 21 23 | 07
#0355-d331 @A: 26 23 18 02 | 11
#0356-d331 @A: 26 22 34 02 | 06
#0357-d331 @A: 22 02 17 27 | 04
#0358-d331 @A: 11 21 27 02 | 09
#0359-d331 @A: 02 10 24 13 | 03
#0360-d331 @A: 13 09 02 19 | 08
#0361-d331 @A: 23 09 02 34 | 05
#0362-d331 @A: 04 29 18 13 | 12
#0363-d331 @A: 29 33 20 05 | 02
#0364-d331 @A: 29 12 30 03 | 10
#0365-d331 @A: 01 29 12 32 | 01
#0366-d331 @A: 29 28 25 21 | 07
#0367-d331 @A: 25 11 18 29 | 11
#0368-d331 @A: 18 10 01 29 | 06
#0369-d331 @A: 10 31 29 23 | 04
#0370-d331 @A: 23 29 09 19 | 09
#0371-d331 @A: 23 09 29 27 | 03
#0372-d331 @A: 14 19 13 29 | 08
#0373-d331 @A: 32 03 29 34 | 05
#0374-d331 @A: 17 11 04 16 | 12
#0375-d331 @A: 26 20 04 22 | 02
#0376-d331 @A: 17 09 30 04 | 10
#0377-d331 @A: 34 04 17 25 | 01
#0378-d331 @A: 18 31 01 04 | 07
#0379-d331 @A: 31 04 17 03 | 11
#0380-d331 @A: 04 24 14 23 | 06
#0381-d331 @A: 16 10 12 18 | 04
#0382-d331 @A: 25 16 03 21 | 09
#0383-d331 @A: 16 03 34 35 | 03
#0384-d331 @A: 05 16 03 32 | 08
#0385-d331 @A: 12 30 35 20 | 05
#0386-d331 @A: 13 30 25 20 | 12
#0387-d331 @A: 32 23 20 30 | 02
#0388-d331 @A: 25 20 35 10 | 10
#0389-d331 @A: 03 01 20 17 | 01
#0390-d331 @A: 18 24 17 20 | 07
#0391-d331 @A: 20 10 09 27 | 11
#0392-d331 @A: 03 31 20 19 | 06
#0393-d331 @A: 13 34 03 20 | 04
#0394-d331 @A: 01 30 22 17 | 09
#0395-d331 @A: 01 18 03 30 | 03
#0396-d331 @A: 23 30 22 28 | 08
#0397-d331 @A: 31 11 30 24 | 05
#0398-d331 @A: 05 30 28 32 | 12
#0399-d331 @A: 30 23 31 05 | 02
#0400-d331 @A: 21 01 22 12 | 10
#0401-d331 @A: 03 27 12 24 | 01
#0402-d331 @A: 13 34 05 12 | 07
#0403-d331 @A: 28 11 12 23 | 11
#0404-d331 @A: 25 31 01 35 | 06
#0405-d331 @A: 22 21 25 26 | 04
#0406-d331 @A: 25 18 27 34 | 09
#0407-d331 @A: 11 25 03 22 | 03
#0408-d331 @A: 32 27 23 25 | 08
#0409-d331 @A: 18 27 17 01 | 05
#0410-d331 @A: 05 34 22 01 | 12
#0411-d331 @A: 01 31 09 23 | 02
#0412-d331 @A: 01 19 32 13 | 10
#0413-d331 @A: 01 11 33 24 | 01
#0414-d331 @A: 34 35 27 26 | 07
#0415-d331 @A: 05 18 09 35 | 11
#0416-d331 @A: 13 23 35 14 | 06
#0417-d331 @A: 26 13 21 11 | 04
#0418-d331 @A: 24 05 26 22 | 09
#0419-d331 @A: 11 22 26 23 | 03
#0420-d331 @A: 26 10 03 11 | 08
#0421-d331 @A: 26 34 13 10 | 05
#0422-d331 @A: 23 11 32 17 | 12
#0423-d331 @A: 27 33 17 28 | 02
#0424-d331 @A: 22 21 03 09 | 10
#0425-d331 @A: 31 21 32 19 | 01
#0426-d331 @A: 05 23 19 21 | 07
#0427-d331 @A: 32 14 34 21 | 11
#0428-d331 @A: 21 33 27 31 | 06
#0429-d331 @A: 32 21 27 13 | 04
#0430-d331 @A: 31 13 18 09 | 09
#0431-d331 @A: 15 31 07 12 | 03
#0432-d331 @A: 26 02 04 15 | 08
#0433-d331 @A: 30 15 32 02 | 05
#0434-d331 @A: 28 16 29 15 | 12
#0435-d331 @A: 10 15 29 30 | 02
#0436-d331 @A: 20 15 04 34 | 10
#0437-d331 @A: 15 34 12 16 | 01
#0438-d331 @A: 11 03 15 20 | 07
#0439-d331 @A: 03 12 15 18 | 11
#0440-d331 @A: 25 01 15 33 | 06
#0441-d331 @A: 19 01 15 17 | 04
#0442-d331 @A: 35 15 23 26 | 09
#0443-d331 @A: 15 26 28 24 | 03
#0444-d331 @A: 21 17 11 15 | 08
#0445-d331 @A: 17 31 05 15 | 05
#0446-d331 @A: 22 09 15 19 | 12
#0447-d331 @A: 28 14 15 03 | 02
#0448-d331 @A: 06 18 13 08 | 10
#0449-d331 @A: 07 08 21 32 | 01
#0450-d331 @A: 04 20 08 25 | 07
#0451-d331 @A: 27 25 16 08 | 11
#0452-d331 @A: 08 12 30 28 | 06
#0453-d331 @A: 31 18 08 12 | 04
#0454-d331 @A: 32 25 08 13 | 09
#0455-d331 @A: 13 01 08 14 | 03
#0456-d331 @A: 10 08 22 21 | 08
#0457-d331 @A: 19 03 08 34 | 05
#0458-d331 @A: 13 08 31 05 | 12
#0459-d331 @A: 06 07 24 33 | 02
#0460-d331 @A: 02 04 33 06 | 10
#0461-d331 @A: 26 06 02 09 | 01
#0462-d331 @A: 13 22 02 06 | 07
#0463-d331 @A: 04 06 11 26 | 11
#0464-d331 @A: 06 16 20 13 | 06
#0465-d331 @A: 06 23 16 31 | 04
#0466-d331 @A: 12 06 14 21 | 09
#0467-d331 @A: 13 01 06 26 | 03
#0468-d331 @A: 03 06 01 27 | 08
#0469-d331 @A: 05 23 06 22 | 05
#0470-d331 @A: 11 28 06 03 | 12
#0471-d331 @A: 27 31 24 06 | 02
#0472-d331 @A: 06 13 32 05 | 10
#0473-d331 @A: 07 27 02 26 | 01
#0474-d331 @A: 04 19 29 07 | 07
#0475-d331 @A: 16 03 12 07 | 11
#0476-d331 @A: 07 12 18 28 | 06
#0477-d331 @A: 07 23 26 25 | 04
#0478-d331 @A: 22 07 01 27 | 09
#0479-d331 @A: 14 07 33 01 | 03
#0480-d331 @A: 26 17 31 07 | 08
#0481-d331 @A: 18 10 26 07 | 05
#0482-d331 @A: 07 10 31 19 | 12
#0483-d331 @A: 29 30 02 09 | 02
#0484-d331 @A: 28 29 02 01 | 10
#0485-d331 @A: 20 19 02 16 | 01
#0486-d331 @A: 16 02 09 31 | 07
#0487-d331 @A: 26 05 20 02 | 11
#0488-d331 @A: 33 02 30 25 | 06
#0489-d331 @A: 05 35 02 30 | 04
#0490-d331 @A: 02 30 28 03 | 09
#0491-d331 @A: 26 02 14 10 | 03
#0492-d331 @A: 28 27 02 32 | 08
#0493-d331 @A: 11 04 22 29 | 05
#0494-d331 @A: 11 16 29 12 | 12
#0495-d331 @A: 33 16 29 25 | 02
#0496-d331 @A: 20 22 01 29 | 10
#0497-d331 @A: 30 19 22 29 | 01
#0498-d331 @A: 12 29 10 28 | 07
#0499-d331 @A: 29 19 12 27 | 11
#0500-d331 @A: 35 25 23 29 | 06
#0501-d331 @A: 24 26 01 29 | 04
#0502-d331 @A: 29 32 10 26 | 09
#0503-d331 @A: 29 18 17 21 | 03
#0504-d331 @A: 32 13 29 23 | 08
#0505-d331 @A: 32 25 16 04 | 05
#0506-d331 @A: 33 16 35 04 | 12
#0507-d331 @A: 04 30 34 01 | 02
#0508-d331 @A: 18 04 21 12 | 10
#0509-d331 @A: 12 03 04 27 | 01
#0510-d331 @A: 25 22 04 09 | 07
#0511-d331 @A: 14 33 22 04 | 11
#0512-d331 @A: 13 10 04 14 | 06
#0513-d331 @A: 33 04 03 11 | 04
#0514-d331 @A: 26 16 33 20 | 09
#0515-d331 @A: 16 10 03 20 | 03
#0516-d331 @A: 16 30 21 10 | 08
#0517-d331 @A: 30 16 19 34 | 05
#0518-d331 @A: 34 18 25 16 | 12
#0519-d331 @A: 35 23 17 16 | 02
#0520-d331 @A: 16 17 05 10 | 10
#0521-d331 @A: 16 09 34 17 | 01
#0522-d331 @A: 11 10 22 16 | 07
#0523-d331 @A: 23 16 13 22 | 11
#0524-d331 @A: 13 24 16 34 | 06
#0525-d331 @A: 17 20 25 27 | 04
#0526-d331 @A: 09 23 25 20 | 09
#0527-d331 @A: 25 20 34 19 | 03
#0528-d331 @A: 34 35 20 18 | 08
#0529-d331 @A: 20 23 35 03 | 05
#0530-d331 @A: 27 18 28 20 | 12
#0531-d331 @A: 20 24 31 22 | 02
#0532-d331 @A: 20 33 03 24 | 10
#0533-d331 @A: 25 03 35 30 | 01
#0534-d331 @A: 17 13 30 18 | 07
#0535-d331 @A: 17 27 11 30 | 11
#0536-d331 @A: 28 09 21 30 | 06
#0537-d331 @A: 35 12 05 25 | 04
#0538-d331 @A: 12 26 13 25 | 09
#0539-d331 @A: 33 18 12 23 | 03
#0540-d331 @A: 22 12 31 05 | 08
#0541-d331 @A: 23 10 19 12 | 05
#0542-d331 @A: 27 28 25 01 | 12
#0543-d331 @A: 18 25 17 19 | 02
#0544-d331 @A: 11 17 25 09 | 10
#0545-d331 @A: 34 22 10 25 | 01
#0546-d331 @A: 32 24 19 25 | 07
#0547-d331 @A: 18 01 17 28 | 11
#0548-d331 @A: 18 32 05 01 | 06
#0549-d331 @A: 09 03 14 01 | 04
#0550-d331 @A: 05 01 14 24 | 09
#0551-d331 @A: 13 28 11 01 | 03
#0552-d331 @A: 09 35 11 34 | 08
#0553-d331 @A: 19 03 35 05 | 05
#0554-d331 @A: 05 32 09 26 | 12
#0555-d331 @A: 14 26 11 33 | 02
#0556-d331 @A: 23 17 28 09 | 10
#0557-d331 @A: 34 17 24 14 | 01
#0558-d331 @A: 24 32 17 13 | 07
#0559-d331 @A: 05 23 13 17 | 11
#0560-d331 @A: 31 10 21 18 | 06
#0561-d331 @A: 21 18 03 28 | 04
#0562-d331 @A: 14 28 21 19 | 09
#0563-d331 @A: 28 22 34 18 | 03
#0564-d331 @A: 10 27 18 14 | 08
#0565-d331 @A: 34 18 09 03 | 05
#0566-d331 @A: 15 20 29 08 | 12
#0567-d331 @A: 31 08 26 15 | 02
#0568-d331 @A: 09 25 06 15 | 10
#0569-d331 @A: 06 18 15 32 | 01
#0570-d331 @A: 11 06 31 15 | 07
#0571-d331 @A: 27 15 06 13 | 11
#0572-d331 @A: 07 15 04 14 | 06
#0573-d331 @A: 15 32 07 17 | 04
#0574-d331 @A: 15 01 29 11 | 09
#0575-d331 @A: 35 15 29 05 | 03
#0576-d331 @A: 13 26 15 29 | 08
#0577-d331 @A: 15 09 29 31 | 05
#0578-d331 @A: 15 27 25 04 | 12
#0579-d331 @A: 04 21 32 15 | 02
#0580-d331 @A: 15 19 26 20 | 10
#0581-d331 @A: 30 15 11 25 | 01
#0582-d331 @A: 12 15 11 05 | 07
#0583-d331 @A: 25 21 10 15 | 11
#0584-d331 @A: 34 01 15 35 | 06
#0585-d331 @A: 15 34 11 19 | 04
#0586-d331 @A: 08 06 20 09 | 09
#0587-d331 @A: 08 31 07 35 | 03
#0588-d331 @A: 31 29 08 02 | 08
#0589-d331 @A: 08 26 02 28 | 05
#0590-d331 @A: 29 08 13 28 | 12
#0591-d331 @A: 08 31 04 16 | 02
#0592-d331 @A: 13 16 12 08 | 10
#0593-d331 @A: 20 17 08 14 | 01
#0594-d331 @A: 08 35 12 23 | 07
#0595-d331 @A: 17 13 08 09 | 11
#0596-d331 @A: 14 10 08 24 | 06
#0597-d331 @A: 05 09 24 08 | 04
#0598-d331 @A: 09 08 32 34 | 09
#0599-d331 @A: 33 08 27 03 | 03
#0600-d331 @A: 17 29 06 34 | 08
#0601-d331 @A: 06 29 18 22 | 05
#0602-d331 @A: 04 06 14 30 | 12
#0603-d331 @A: 01 06 04 28 | 02
#0604-d331 @A: 24 06 21 16 | 10
#0605-d331 @A: 20 06 27 26 | 01
#0606-d331 @A: 12 06 35 33 | 07
#0607-d331 @A: 06 28 26 12 | 11
#0608-d331 @A: 18 11 06 12 | 06
#0609-d331 @A: 13 06 35 25 | 04
#0610-d331 @A: 10 26 25 06 | 09
#0611-d331 @A: 01 31 24 06 | 03
#0612-d331 @A: 06 03 26 31 | 08
#0613-d331 @A: 06 19 23 24 | 05
#0614-d331 @A: 11 06 33 05 | 12
#0615-d331 @A: 07 02 20 28 | 02
#0616-d331 @A: 07 27 12 16 | 10
#0617-d331 @A: 21 07 31 16 | 01
#0618-d331 @A: 30 01 07 28 | 07
#0619-d331 @A: 33 30 32 07 | 11
#0620-d331 @A: 07 22 25 17 | 06
#0621-d331 @A: 07 10 24 01 | 04
#0622-d331 @A: 28 34 17 07 | 09
#0623-d331 @A: 09 07 22 31 | 03
#0624-d331 @A: 03 33 22 07 | 08
#0625-d331 @A: 07 11 09 32 | 05
#0626-d331 @A: 32 07 28 03 | 12
#0627-d331 @A: 13 32 07 34 | 02
#0628-d331 @A: 07 14 28 23 | 10
#0629-d331 @A: 12 02 29 19 | 01
#0630-d331 @A: 02 27 34 04 | 07
#0631-d331 @A: 11 20 30 02 | 11
#0632-d331 @A: 01 20 02 14 | 06
#0633-d331 @A: 02 18 01 24 | 04
#0634-d331 @A: 02 26 32 17 | 09
#0635-d331 @A: 22 05 10 02 | 03
#0636-d331 @A: 03 23 22 02 | 08
#0637-d331 @A: 19 34 10 02 | 05
#0638-d331 @A: 05 02 03 09 | 12
#0639-d331 @A: 24 02 32 34 | 02
#0640-d331 @A: 02 13 24 27 | 10
#0641-d331 @A: 29 22 12 13 | 01
#0642-d331 @A: 29 21 19 35 | 07
#0643-d331 @A: 18 29 33 35 | 11
#0644-d331 @A: 28 32 22 29 | 06
#0645-d331 @A: 33 09 13 29 | 04
#0646-d331 @A: 29 28 11 31 | 09
#0647-d331 @A: 04 28 12 16 | 03
#0648-d331 @A: 20 04 21 09 | 08
#0649-d331 @A: 03 04 30 26 | 05
#0650-d331 @A: 25 23 04 11 | 12
#0651-d331 @A: 04 21 13 01 | 02
#0652-d331 @A: 26 23 04 32 | 10
#0653-d331 @A: 18 04 17 33 | 01
#0654-d331 @A: 05 04 34 09 | 07
#0655-d331 @A: 32 33 04 28 | 11
#0656-d331 @A: 33 04 13 05 | 06
#0657-d331 @A: 16 32 17 20 | 04
#0658-d331 @A: 27 31 16 30 | 09
#0659-d331 @A: 19 25 12 16 | 03
#0660-d331 @A: 23 01 12 16 | 08
#0661-d331 @A: 16 31 35 12 | 05
#0662-d331 @A: 18 31 17 16 | 12
#0663-d331 @A: 10 16 24 19 | 02
#0664-d331 @A: 32 16 09 19 | 10
#0665-d331 @A: 09 16 28 27 | 01
#0666-d331 @A: 31 13 16 03 | 07
#0667-d331 @A: 32 16 28 13 | 11
#0668-d331 @A: 19 22 05 20 | 06
#0669-d331 @A: 20 22 33 34 | 04
#0670-d331 @A: 11 22 20 32 | 09
#0671-d331 @A: 19 20 28 23 | 03
#0672-d331 @A: 05 20 24 32 | 08
#0673-d331 @A: 20 14 28 11 | 05
#0674-d331 @A: 25 30 32 21 | 12
#0675-d331 @A: 24 01 30 13 | 02
#0676-d331 @A: 31 17 30 21 | 10
#0677-d331 @A: 27 22 34 30 | 01
#0678-d331 @A: 12 03 26 17 | 07
#0679-d331 @A: 26 24 12 18 | 11
#0680-d331 @A: 09 23 14 12 | 06
#0681-d331 @A: 25 32 10 11 | 04
#0682-d331 @A: 14 25 05 09 | 09
#0683-d331 @A: 19 33 11 25 | 03
#0684-d331 @A: 27 33 25 11 | 08
#0685-d331 @A: 05 32 25 31 | 05
#0686-d331 @A: 35 01 18 14 | 12
#0687-d331 @A: 28 35 23 01 | 02
#0688-d331 @A: 26 01 09 22 | 10
#0689-d331 @A: 23 03 01 10 | 01
#0690-d331 @A: 10 31 11 01 | 07
#0691-d331 @A: 10 28 05 01 | 11
#0692-d331 @A: 01 14 19 34 | 06
#0693-d331 @A: 26 35 31 34 | 04
#0694-d331 @A: 17 31 11 35 | 09
#0695-d331 @A: 24 35 10 27 | 03
#0696-d331 @A: 11 35 14 10 | 08
#0697-d331 @A: 33 35 23 32 | 05
#0698-d331 @A: 09 26 21 17 | 12
#0699-d331 @A: 22 26 14 13 | 02
#0700-d331 @A: 28 10 26 23 | 10
#0701-d331 @A: 26 09 24 33 | 01
#0702-d331 @A: 14 03 34 26 | 07
#0703-d331 @A: 03 05 28 26 | 11
#0704-d331 @A: 13 33 31 26 | 06
#0705-d331 @A: 10 09 17 33 | 04
#0706-d331 @A: 17 13 27 19 | 09
#0707-d331 @A: 18 13 21 05 | 03
#0708-d331 @A: 10 21 22 27 | 08
#0709-d331 @A: 33 11 21 22 | 05
#0710-d331 @A: 21 14 10 05 | 12
#0711-d331 @A: 33 28 24 21 | 02
#0712-d331 @A: 31 18 03 22 | 10
#0713-d331 @A: 13 32 22 18 | 01
#0714-d331 @A: 10 32 18 33 | 07
#0715-d331 @A: 18 32 19 34 | 11
#0716-d331 @A: 18 14 19 23 | 06
#0717-d331 @A: 31 18 05 28 | 04
#0718-d331 @A: 14 30 15 08 | 09
#0719-d331 @A: 15 27 08 10 | 03
#0720-d331 @A: 15 01 12 06 | 08
#0721-d331 @A: 34 15 06 21 | 05
#0722-d331 @A: 15 26 11 07 | 12
#0723-d331 @A: 21 33 15 16 | 02
#0724-d331 @A: 15 20 10 01 | 10
#0725-d331 @A: 35 15 09 20 | 01
#0726-d331 @A: 28 20 32 15 | 07
#0727-d331 @A: 26 17 15 10 | 11
#0728-d331 @A: 11 15 33 10 | 06
#0729-d331 @A: 24 23 15 33 | 04
#0730-d331 @A: 15 33 14 34 | 09
#0731-d331 @A: 23 13 15 11 | 03
#0732-d331 @A: 06 11 30 08 | 08
#0733-d331 @A: 06 12 05 08 | 05
#0734-d331 @A: 07 08 04 33 | 12
#0735-d331 @A: 07 08 10 30 | 02
#0736-d331 @A: 02 16 22 08 | 10
#0737-d331 @A: 20 30 08 03 | 01
#0738-d331 @A: 25 08 30 09 | 07
#0739-d331 @A: 01 12 11 08 | 11
#0740-d331 @A: 19 22 08 13 | 06
#0741-d331 @A: 22 08 05 03 | 04
#0742-d331 @A: 31 34 08 22 | 09
#0743-d331 @A: 10 08 23 33 | 03
#0744-d331 @A: 28 11 34 08 | 08
#0745-d331 @A: 34 08 05 14 | 05
#0746-d331 @A: 06 19 07 09 | 12
#0747-d331 @A: 25 06 02 31 | 02
#0748-d331 @A: 06 04 34 35 | 10
#0749-d331 @A: 21 03 06 20 | 01
#0750-d331 @A: 17 06 12 09 | 07
#0751-d331 @A: 11 06 22 35 | 11
#0752-d331 @A: 17 32 06 21 | 06
#0753-d331 @A: 10 23 06 11 | 04
#0754-d331 @A: 02 25 07 32 | 09
#0755-d331 @A: 02 17 07 23 | 03
#0756-d331 @A: 07 10 04 17 | 08
#0757-d331 @A: 07 16 13 26 | 05
#0758-d331 @A: 07 25 24 20 | 12
#0759-d331 @A: 09 07 17 20 | 02
#0760-d331 @A: 20 10 32 07 | 10
#0761-d331 @A: 05 30 14 07 | 01
#0762-d331 @A: 32 12 35 07 | 07
#0763-d331 @A: 07 12 17 19 | 11
#0764-d331 @A: 25 33 07 35 | 06
#0765-d331 @A: 18 07 01 22 | 04
#0766-d331 @A: 07 03 19 18 | 09
#0767-d331 @A: 07 34 19 24 | 03
#0768-d331 @A: 20 29 03 02 | 08
#0769-d331 @A: 04 18 02 22 | 05
#0770-d331 @A: 11 04 14 02 | 12
#0771-d331 @A: 30 26 13 02 | 02
#0772-d331 @A: 19 30 02 17 | 10
#0773-d331 @A: 12 05 01 02 | 01
#0774-d331 @A: 24 25 09 02 | 07
#0775-d331 @A: 35 01 32 02 | 11
#0776-d331 @A: 02 35 34 14 | 06
#0777-d331 @A: 02 11 22 31 | 04
#0778-d331 @A: 10 32 02 23 | 09
#0779-d331 @A: 02 19 31 14 | 03
#0780-d331 @A: 02 11 03 13 | 08
#0781-d331 @A: 30 29 05 04 | 05
#0782-d331 @A: 12 04 29 25 | 12
#0783-d331 @A: 03 29 18 16 | 02
#0784-d331 @A: 14 17 30 29 | 10
#0785-d331 @A: 18 32 29 30 | 01
#0786-d331 @A: 09 35 12 29 | 07
#0787-d331 @A: 31 29 17 25 | 11
#0788-d331 @A: 09 29 32 25 | 06
#0789-d331 @A: 09 29 21 01 | 04
#0790-d331 @A: 17 32 35 29 | 09
#0791-d331 @A: 26 18 29 28 | 03
#0792-d331 @A: 29 17 23 24 | 08
#0793-d331 @A: 24 29 18 27 | 05
#0794-d331 @A: 28 03 29 23 | 12
#0795-d331 @A: 14 16 04 21 | 02
#0796-d331 @A: 18 04 09 16 | 10
#0797-d331 @A: 03 04 22 16 | 01
#0798-d331 @A: 20 33 04 01 | 07
#0799-d331 @A: 04 20 28 18 | 11
#0800-d331 @A: 25 28 04 30 | 06
#0801-d331 @A: 04 12 03 01 | 04
#0802-d331 @A: 34 10 21 04 | 09
#0803-d331 @A: 22 24 04 19 | 03
#0804-d331 @A: 10 23 05 04 | 08
#0805-d331 @A: 14 09 28 04 | 05
#0806-d331 @A: 13 04 11 27 | 12
#0807-d331 @A: 30 05 16 33 | 02
#0808-d331 @A: 13 25 16 01 | 10
#0809-d331 @A: 22 16 18 26 | 01
#0810-d331 @A: 10 16 31 32 | 07
#0811-d331 @A: 34 27 16 13 | 11
#0812-d331 @A: 01 20 05 30 | 06
#0813-d331 @A: 11 21 12 20 | 04
#0814-d331 @A: 20 03 25 18 | 09
#0815-d331 @A: 35 28 20 21 | 03
#0816-d331 @A: 10 20 21 26 | 08
#0817-d331 @A: 20 32 14 03 | 05
#0818-d331 @A: 30 24 12 17 | 12
#0819-d331 @A: 30 21 12 13 | 02
#0820-d331 @A: 27 12 21 30 | 10
#0821-d331 @A: 35 10 30 23 | 01
#0822-d331 @A: 17 30 34 32 | 07
#0823-d331 @A: 32 09 24 30 | 11
#0824-d331 @A: 19 03 30 32 | 06
#0825-d331 @A: 24 28 30 14 | 04
#0826-d331 @A: 12 27 25 13 | 09
#0827-d331 @A: 27 12 11 35 | 03
#0828-d331 @A: 09 12 19 34 | 08
#0829-d331 @A: 01 25 26 03 | 05
#0830-d331 @A: 19 01 25 21 | 12
#0831-d331 @A: 28 25 17 32 | 02
#0832-d331 @A: 14 31 25 21 | 10
#0833-d331 @A: 03 25 27 10 | 01
#0834-d331 @A: 03 14 25 19 | 07
#0835-d331 @A: 34 25 33 23 | 11
#0836-d331 @A: 25 13 28 14 | 06
#0837-d331 @A: 01 21 14 17 | 04
#0838-d331 @A: 35 26 33 10 | 09
#0839-d331 @A: 24 22 35 13 | 03
#0840-d331 @A: 35 09 03 27 | 08
#0841-d331 @A: 35 13 32 09 | 05
#0842-d331 @A: 24 23 35 05 | 12
#0843-d331 @A: 35 31 33 05 | 02
#0844-d331 @A: 32 11 26 28 | 10
#0845-d331 @A: 05 22 17 09 | 01
#0846-d331 @A: 03 17 10 32 | 07
#0847-d331 @A: 17 14 11 03 | 11
#0848-d331 @A: 21 09 11 10 | 06
#0849-d331 @A: 33 21 14 09 | 04
#0850-d331 @A: 23 09 21 32 | 09
#0851-d331 @A: 28 18 33 19 | 03
#0852-d331 @A: 34 18 05 23 | 08
#0853-d331 @A: 09 22 11 27 | 05
#0854-d331 @A: 27 33 10 05 | 12
#0855-d331 @A: 15 06 10 07 | 02
#0856-d331 @A: 19 15 25 07 | 10
#0857-d331 @A: 15 19 02 35 | 01
#0858-d331 @A: 31 18 02 15 | 07
#0859-d331 @A: 25 15 29 22 | 11
#0860-d331 @A: 15 18 23 29 | 06
#0861-d331 @A: 05 15 29 27 | 04
#0862-d331 @A: 15 35 24 04 | 09
#0863-d331 @A: 04 09 15 11 | 03
#0864-d331 @A: 15 31 16 20 | 08
#0865-d331 @A: 17 16 15 14 | 05
#0866-d331 @A: 20 24 15 30 | 12
#0867-d331 @A: 30 31 19 15 | 02
#0868-d331 @A: 12 27 18 15 | 10
#0869-d331 @A: 25 15 32 35 | 01
#0870-d331 @A: 03 25 15 34 | 07
#0871-d331 @A: 31 15 01 28 | 11
#0872-d331 @A: 27 22 35 15 | 06
#0873-d331 @A: 17 34 15 13 | 04
#0874-d331 @A: 15 22 23 21 | 09
#0875-d331 @A: 22 05 15 13 | 03
#0876-d331 @A: 05 10 15 03 | 08
#0877-d331 @A: 13 09 14 15 | 05
#0878-d331 @A: 34 15 24 27 | 12
#0879-d331 @A: 33 05 15 28 | 02
#0880-d331 @A: 15 33 23 27 | 10
#0881-d331 @A: 29 08 14 06 | 01
#0882-d331 @A: 11 08 07 14 | 07
#0883-d331 @A: 25 02 08 19 | 11
#0884-d331 @A: 29 26 30 08 | 06
#0885-d331 @A: 25 24 08 29 | 04
#0886-d331 @A: 29 17 08 10 | 09
#0887-d331 @A: 33 03 08 16 | 03
#0888-d331 @A: 26 08 20 11 | 08
#0889-d331 @A: 25 22 08 01 | 05
#0890-d331 @A: 08 14 09 26 | 12
#0891-d331 @A: 34 13 23 08 | 02
#0892-d331 @A: 35 02 07 06 | 10
#0893-d331 @A: 05 06 04 07 | 01
#0894-d331 @A: 06 01 02 30 | 07
#0895-d331 @A: 21 02 28 06 | 11
#0896-d331 @A: 29 04 09 06 | 06
#0897-d331 @A: 01 09 06 16 | 04
#0898-d331 @A: 14 20 26 06 | 09
#0899-d331 @A: 30 06 17 23 | 03
#0900-d331 @A: 06 11 25 21 | 08
#0901-d331 @A: 21 23 06 35 | 05
#0902-d331 @A: 17 06 14 13 | 12
#0903-d331 @A: 34 24 09 06 | 02
#0904-d331 @A: 13 03 06 19 | 10
#0905-d331 @A: 24 11 14 06 | 01
#0906-d331 @A: 02 34 18 07 | 07
#0907-d331 @A: 07 29 05 22 | 11
#0908-d331 @A: 04 07 23 12 | 06
#0909-d331 @A: 20 26 03 07 | 04
#0910-d331 @A: 07 18 20 11 | 09
#0911-d331 @A: 12 33 26 07 | 03
#0912-d331 @A: 18 13 35 07 | 08
#0913-d331 @A: 13 03 09 07 | 05
#0914-d331 @A: 07 31 24 32 | 12
#0915-d331 @A: 12 04 02 32 | 02
#0916-d331 @A: 02 04 01 19 | 10
#0917-d331 @A: 02 05 23 16 | 01
#0918-d331 @A: 27 30 02 35 | 07
#0919-d331 @A: 09 02 12 18 | 11
#0920-d331 @A: 17 11 18 02 | 06
#0921-d331 @A: 02 03 24 14 | 04
#0922-d331 @A: 13 33 02 23 | 09
#0923-d331 @A: 04 03 21 29 | 03
#0924-d331 @A: 20 29 32 21 | 08
#0925-d331 @A: 29 27 20 13 | 05
#0926-d331 @A: 25 19 29 05 | 12
#0927-d331 @A: 29 32 27 01 | 02
#0928-d331 @A: 19 17 28 29 | 10
#0929-d331 @A: 22 14 29 27 | 01
#0930-d331 @A: 29 10 03 14 | 07
#0931-d331 @A: 34 13 29 11 | 11
#0932-d331 @A: 33 04 27 16 | 06
#0933-d331 @A: 17 04 23 20 | 04
#0934-d331 @A: 11 04 19 20 | 09
#0935-d331 @A: 30 04 35 32 | 03
#0936-d331 @A: 35 14 25 04 | 08
#0937-d331 @A: 22 35 01 04 | 05
#0938-d331 @A: 16 20 01 28 | 12
#0939-d331 @A: 16 01 11 32 | 02
#0940-d331 @A: 33 22 09 16 | 10
#0941-d331 @A: 16 28 09 03 | 01
#0942-d331 @A: 05 09 11 16 | 07
#0943-d331 @A: 32 33 24 16 | 11
#0944-d331 @A: 31 20 01 26 | 06
#0945-d331 @A: 21 20 22 17 | 04
#0946-d331 @A: 17 20 34 11 | 09
#0947-d331 @A: 20 10 23 22 | 03
#0948-d331 @A: 23 20 31 11 | 08
#0949-d331 @A: 32 26 30 01 | 05
#0950-d331 @A: 30 13 34 22 | 12
#0951-d331 @A: 27 09 30 24 | 02
#0952-d331 @A: 23 24 30 03 | 10
#0953-d331 @A: 03 34 31 30 | 01
#0954-d331 @A: 25 12 33 17 | 07
#0955-d331 @A: 21 09 12 25 | 11
#0956-d331 @A: 12 25 18 32 | 06
#0957-d331 @A: 01 17 31 12 | 04
#0958-d331 @A: 35 19 26 12 | 09
#0959-d331 @A: 14 12 17 32 | 03
#0960-d331 @A: 12 19 22 03 | 08
#0961-d331 @A: 14 22 12 34 | 05
#0962-d331 @A: 10 12 14 31 | 12
#0963-d331 @A: 09 12 05 33 | 02
#0964-d331 @A: 11 13 12 14 | 10
#0965-d331 @A: 25 35 11 26 | 01
#0966-d331 @A: 26 34 32 25 | 07
#0967-d331 @A: 13 05 10 25 | 11
#0968-d331 @A: 23 25 13 19 | 06
#0969-d331 @A: 31 11 25 13 | 04
#0970-d331 @A: 27 01 10 26 | 09
#0971-d331 @A: 22 28 01 24 | 03
#0972-d331 @A: 11 01 09 19 | 08
#0973-d331 @A: 24 03 34 01 | 05
#0974-d331 @A: 32 24 23 01 | 12
#0975-d331 @A: 01 05 31 27 | 02
#0976-d331 @A: 03 09 33 35 | 10
#0977-d331 @A: 22 26 27 32 | 01
#0978-d331 @A: 23 26 14 05 | 07
#0979-d331 @A: 23 21 33 17 | 11
#0980-d331 @A: 24 05 17 11 | 06
#0981-d331 @A: 05 32 33 17 | 04
#0982-d331 @A: 10 19 21 33 | 09
#0983-d331 @A: 23 21 13 10 | 03
#0984-d331 @A: 34 31 09 21 | 08
#0985-d331 @A: 21 14 13 03 | 05
#0986-d331 @A: 05 21 27 03 | 12
#0987-d331 @A: 11 14 21 23 | 02
#0988-d331 @A: 23 21 31 28 | 10
#0989-d331 @A: 18 33 11 09 | 01
#0990-d331 @A: 15 08 34 07 | 07
#0991-d331 @A: 04 06 15 16 | 11
#0992-d331 @A: 06 33 15 13 | 06
#0993-d331 @A: 02 22 15 01 | 04
#0994-d331 @A: 20 17 15 25 | 09
#0995-d331 @A: 18 15 20 21 | 03
#0996-d331 @A: 35 15 14 12 | 08
#0997-d331 @A: 15 12 32 09 | 05
#0998-d331 @A: 26 21 03 15 | 12
#0999-d331 @A: 22 34 15 24 | 02
#1000-d331 @A: 21 08 06 33 | 10
#1001-d331 @A: 08 25 03 07 | 01
#1002-d331 @A: 02 32 08 20 | 07
#1003-d331 @A: 08 29 33 12 | 11
#1004-d331 @A: 17 08 12 04 | 06
#1005-d331 @A: 01 05 08 16 | 04
#1006-d331 @A: 22 20 18 08 | 09
#1007-d331 @A: 33 08 20 28 | 03
#1008-d331 @A: 13 30 08 33 | 08
#1009-d331 @A: 08 12 26 22 | 05
#1010-d331 @A: 25 35 34 08 | 12
#1011-d331 @A: 25 05 11 08 | 02
#1012-d331 @A: 01 35 08 10 | 10
#1013-d331 @A: 19 35 27 08 | 01
#1014-d331 @A: 23 08 32 03 | 07
#1015-d331 @A: 18 07 21 06 | 11
#1016-d331 @A: 02 06 16 03 | 06
#1017-d331 @A: 06 04 27 10 | 04
#1018-d331 @A: 12 22 27 06 | 09
#1019-d331 @A: 17 11 01 06 | 03
#1020-d331 @A: 35 06 18 31 | 08
#1021-d331 @A: 18 06 26 05 | 05
#1022-d331 @A: 17 18 06 10 | 12
#1023-d331 @A: 24 03 22 06 | 02
#1024-d331 @A: 23 33 09 06 | 10
#1025-d331 @A: 06 19 33 34 | 01
#1026-d331 @A: 21 14 07 02 | 07
#1027-d331 @A: 07 01 04 11 | 11
#1028-d331 @A: 04 03 35 07 | 06
#1029-d331 @A: 07 04 32 18 | 04
#1030-d331 @A: 31 28 07 04 | 09
#1031-d331 @A: 26 01 07 35 | 03
#1032-d331 @A: 07 01 34 31 | 08
#1033-d331 @A: 21 07 09 35 | 05
#1034-d331 @A: 10 28 07 35 | 12
#1035-d331 @A: 21 27 07 23 | 02
#1036-d331 @A: 10 07 34 03 | 10
#1037-d331 @A: 10 07 33 05 | 01
#1038-d331 @A: 19 23 07 33 | 07
#1039-d331 @A: 07 13 27 33 | 11
#1040-d331 @A: 16 02 04 34 | 06
#1041-d331 @A: 32 02 21 16 | 04
#1042-d331 @A: 02 10 20 09 | 09
#1043-d331 @A: 30 18 21 02 | 03
#1044-d331 @A: 22 02 30 24 | 08
#1045-d331 @A: 02 13 12 17 | 05
#1046-d331 @A: 26 35 02 03 | 12
#1047-d331 @A: 02 31 23 35 | 02
#1048-d331 @A: 02 33 19 22 | 10
#1049-d331 @A: 11 05 02 32 | 01
#1050-d331 @A: 32 13 02 14 | 07
#1051-d331 @A: 24 04 20 29 | 11
#1052-d331 @A: 12 18 34 29 | 06
#1053-d331 @A: 03 09 29 17 | 04
#1054-d331 @A: 32 29 11 24 | 09
#1055-d331 @A: 29 28 14 33 | 03
#1056-d331 @A: 19 16 23 04 | 08
#1057-d331 @A: 04 23 30 21 | 05
#1058-d331 @A: 12 33 04 34 | 12
#1059-d331 @A: 04 25 05 01 | 02
#1060-d331 @A: 04 27 18 26 | 10
#1061-d331 @A: 24 17 04 21 | 01
#1062-d331 @A: 04 10 22 31 | 07
#1063-d331 @A: 04 34 22 23 | 11
#1064-d331 @A: 22 05 32 04 | 06
#1065-d331 @A: 04 10 09 32 | 04
#1066-d331 @A: 04 19 33 09 | 09
#1067-d331 @A: 04 24 13 11 | 03
#1068-d331 @A: 22 20 16 27 | 08
#1069-d331 @A: 16 17 03 30 | 05
#1070-d331 @A: 21 27 01 16 | 12
#1071-d331 @A: 16 10 09 13 | 02
#1072-d331 @A: 23 32 34 16 | 10
#1073-d331 @A: 05 28 14 16 | 01
#1074-d331 @A: 33 13 14 16 | 07
#1075-d331 @A: 30 20 27 33 | 11
#1076-d331 @A: 20 12 23 26 | 06
#1077-d331 @A: 25 05 21 20 | 04
#1078-d331 @A: 09 20 18 01 | 09
#1079-d331 @A: 33 35 20 19 | 03
#1080-d331 @A: 24 14 21 20 | 08
#1081-d331 @A: 10 05 11 20 | 05
#1082-d331 @A: 20 09 14 19 | 12
#1083-d331 @A: 34 24 23 20 | 02
#1084-d331 @A: 14 33 35 30 | 10
#1085-d331 @A: 24 30 10 26 | 01
#1086-d331 @A: 30 11 10 34 | 07
#1087-d331 @A: 10 25 12 01 | 11
#1088-d331 @A: 18 01 12 19 | 06
#1089-d331 @A: 12 17 28 21 | 04
#1090-d331 @A: 12 34 24 10 | 09
#1091-d331 @A: 19 33 12 13 | 03
#1092-d331 @A: 03 28 12 33 | 08
#1093-d331 @A: 13 31 24 12 | 05
#1094-d331 @A: 28 32 12 34 | 12
#1095-d331 @A: 31 23 34 12 | 02
#1096-d331 @A: 12 11 32 33 | 10
#1097-d331 @A: 09 18 26 25 | 01
#1098-d331 @A: 21 25 17 13 | 07
#1099-d331 @A: 22 13 33 25 | 11
#1100-d331 @A: 23 25 22 31 | 06
#1101-d331 @A: 24 23 25 10 | 04
#1102-d331 @A: 10 25 33 14 | 09
#1103-d331 @A: 05 25 24 33 | 03
#1104-d331 @A: 01 26 23 17 | 08
#1105-d331 @A: 01 03 19 28 | 05
#1106-d331 @A: 01 33 34 32 | 12
#1107-d331 @A: 18 03 17 35 | 02
#1108-d331 @A: 05 35 32 21 | 10
#1109-d331 @A: 22 03 35 10 | 01
#1110-d331 @A: 35 05 34 10 | 07
#1111-d331 @A: 35 34 23 19 | 11
#1112-d331 @A: 35 31 24 03 | 06
#1113-d331 @A: 32 11 35 03 | 04
#1114-d331 @A: 24 35 32 27 | 09
#1115-d331 @A: 28 26 13 09 | 03
#1116-d331 @A: 19 17 22 32 | 08
#1117-d331 @A: 17 31 13 19 | 05
#1118-d331 @A: 18 23 24 21 | 12
#1119-d331 @A: 21 11 05 34 | 02
#1120-d331 @A: 11 10 24 18 | 10
#1121-d331 @A: 05 18 03 24 | 01
#1122-d331 @A: 27 22 31 19 | 07
#1123-d331 @A: 27 22 03 13 | 11
#1124-d331 @A: 10 31 27 13 | 06
#1125-d331 @A: 28 14 27 05 | 04
#1126-d331 @A: 15 08 25 12 | 09
#1127-d331 @A: 15 24 19 08 | 03
#1128-d331 @A: 06 30 15 03 | 08
#1129-d331 @A: 05 07 15 01 | 05
#1130-d331 @A: 15 02 03 17 | 12
#1131-d331 @A: 01 03 15 16 | 02
#1132-d331 @A: 30 18 15 34 | 10
#1133-d331 @A: 15 27 30 19 | 01
#1134-d331 @A: 01 14 15 26 | 07
#1135-d331 @A: 31 27 15 17 | 11
#1136-d331 @A: 09 27 15 32 | 06
#1137-d331 @A: 06 08 07 22 | 04
#1138-d331 @A: 08 24 28 07 | 09
#1139-d331 @A: 03 04 08 14 | 03
#1140-d331 @A: 28 08 04 23 | 08
#1141-d331 @A: 32 08 30 16 | 05
#1142-d331 @A: 09 08 21 16 | 12
#1143-d331 @A: 20 05 23 08 | 02
#1144-d331 @A: 08 26 01 19 | 10
#1145-d331 @A: 21 03 08 17 | 01
#1146-d331 @A: 19 11 08 17 | 07
#1147-d331 @A: 13 11 10 08 | 11
#1148-d331 @A: 03 31 08 09 | 06
#1149-d331 @A: 07 06 23 34 | 04
#1150-d331 @A: 02 29 06 32 | 09
#1151-d331 @A: 02 17 05 06 | 03
#1152-d331 @A: 02 06 27 09 | 08
#1153-d331 @A: 12 06 31 29 | 05
#1154-d331 @A: 04 23 06 13 | 12
#1155-d331 @A: 06 16 32 12 | 02
#1156-d331 @A: 06 25 17 16 | 10
#1157-d331 @A: 06 10 33 16 | 01
#1158-d331 @A: 20 34 30 06 | 07
#1159-d331 @A: 06 17 28 20 | 11
#1160-d331 @A: 27 35 06 18 | 06
#1161-d331 @A: 06 32 11 19 | 04
#1162-d331 @A: 14 05 31 06 | 09
#1163-d331 @A: 06 23 28 32 | 03
#1164-d331 @A: 02 07 19 26 | 08
#1165-d331 @A: 07 31 18 29 | 05
#1166-d331 @A: 26 07 34 04 | 12
#1167-d331 @A: 25 16 28 07 | 02
#1168-d331 @A: 35 16 07 05 | 10
#1169-d331 @A: 33 16 18 07 | 01
#1170-d331 @A: 01 07 20 12 | 07
#1171-d331 @A: 07 33 20 21 | 11
#1172-d331 @A: 09 07 18 30 | 06
#1173-d331 @A: 07 05 24 12 | 04
#1174-d331 @A: 07 19 25 27 | 09
#1175-d331 @A: 11 23 35 07 | 03
#1176-d331 @A: 21 26 24 07 | 08
#1177-d331 @A: 27 18 07 09 | 05
#1178-d331 @A: 13 10 07 22 | 12
#1179-d331 @A: 03 07 24 11 | 02
#1180-d331 @A: 33 31 11 07 | 10
#1181-d331 @A: 28 07 13 33 | 01
#1182-d331 @A: 02 04 23 29 | 07
#1183-d331 @A: 26 25 29 02 | 11
#1184-d331 @A: 02 11 29 33 | 06
#1185-d331 @A: 13 04 02 31 | 04
#1186-d331 @A: 20 22 25 02 | 09
#1187-d331 @A: 20 27 05 02 | 03
#1188-d331 @A: 11 01 25 02 | 08
#1189-d331 @A: 22 21 02 35 | 05
#1190-d331 @A: 02 17 21 34 | 12
#1191-d331 @A: 02 28 11 09 | 02
#1192-d331 @A: 02 34 03 33 | 10
#1193-d331 @A: 26 29 04 33 | 01
#1194-d331 @A: 14 20 25 29 | 07
#1195-d331 @A: 21 29 30 33 | 11
#1196-d331 @A: 01 29 31 13 | 06
#1197-d331 @A: 10 29 09 05 | 04
#1198-d331 @A: 24 16 04 01 | 09
#1199-d331 @A: 14 04 12 20 | 03
#1200-d331 @A: 19 18 04 30 | 08
#1201-d331 @A: 19 05 12 04 | 05
#1202-d331 @A: 10 04 25 18 | 12
#1203-d331 @A: 09 04 35 26 | 02
#1204-d331 @A: 35 17 04 13 | 10
#1205-d331 @A: 35 21 04 11 | 01
#1206-d331 @A: 19 17 26 04 | 07
#1207-d331 @A: 04 22 28 13 | 11
#1208-d331 @A: 28 04 11 10 | 06
#1209-d331 @A: 09 03 23 04 | 04
#1210-d331 @A: 28 24 05 04 | 09
#1211-d331 @A: 04 23 33 31 | 03
#1212-d331 @A: 30 14 20 16 | 08
#1213-d331 @A: 21 20 16 23 | 05
#1214-d331 @A: 16 05 12 21 | 12
#1215-d331 @A: 17 16 33 01 | 02
#1216-d331 @A: 27 16 05 35 | 10
#1217-d331 @A: 16 26 28 17 | 01
#1218-d331 @A: 11 03 16 19 | 07
#1219-d331 @A: 16 13 19 05 | 11
#1220-d331 @A: 23 24 16 11 | 06
#1221-d331 @A: 28 16 31 24 | 04
#1222-d331 @A: 16 31 11 14 | 09
#1223-d331 @A: 32 27 16 11 | 03
#1224-d331 @A: 26 20 30 09 | 08
#1225-d331 @A: 17 33 30 20 | 05
#1226-d331 @A: 20 09 12 03 | 12
#1227-d331 @A: 31 34 32 20 | 02
#1228-d331 @A: 22 12 32 30 | 10
#1229-d331 @A: 25 18 30 22 | 01
#1230-d331 @A: 11 30 01 21 | 07
#1231-d331 @A: 30 13 27 18 | 11
#1232-d331 @A: 28 30 19 13 | 06
#1233-d331 @A: 30 14 27 03 | 04
#1234-d331 @A: 27 28 32 30 | 09
#1235-d331 @A: 30 31 23 27 | 03
#1236-d331 @A: 01 34 26 12 | 08
#1237-d331 @A: 17 27 26 12 | 05
#1238-d331 @A: 12 21 26 32 | 12
#1239-d331 @A: 10 28 12 27 | 02
#1240-d331 @A: 12 34 03 11 | 10
#1241-d331 @A: 25 28 35 18 | 01
#1242-d331 @A: 25 05 03 17 | 07
#1243-d331 @A: 09 25 28 33 | 11
#1244-d331 @A: 24 25 34 31 | 06
#1245-d331 @A: 24 28 11 25 | 04
#1246-d331 @A: 27 33 01 35 | 09
#1247-d331 @A: 34 10 09 01 | 03
#1248-d331 @A: 32 22 34 35 | 08
#1249-d331 @A: 35 09 10 24 | 05
#1250-d331 @A: 10 05 26 31 | 12
#1251-d331 @A: 11 09 26 31 | 02
#1252-d331 @A: 26 09 31 27 | 10
#1253-d331 @A: 26 19 34 28 | 01
#1254-d331 @A: 26 31 23 19 | 07
#1255-d331 @A: 26 05 19 27 | 11
#1256-d331 @A: 03 27 26 28 | 06
#1257-d331 @A: 13 24 26 23 | 04
#1258-d331 @A: 31 14 26 28 | 09
#1259-d331 @A: 03 34 17 22 | 03
#1260-d331 @A: 10 17 13 28 | 08
#1261-d331 @A: 19 17 09 24 | 05
#1262-d331 @A: 09 24 13 21 | 12
#1263-d331 @A: 27 14 21 34 | 02
#1264-d331 @A: 13 32 33 21 | 10
#1265-d331 @A: 10 03 13 18 | 01
#1266-d331 @A: 05 27 24 22 | 07
#1267-d331 @A: 22 13 27 28 | 11
#1268-d331 @A: 11 19 14 27 | 06
#1269-d331 @A: 03 35 15 08 | 04
#1270-d331 @A: 08 18 28 15 | 09
#1271-d331 @A: 15 30 07 23 | 03
#1272-d331 @A: 21 15 07 28 | 08
#1273-d331 @A: 32 29 15 33 | 05
#1274-d331 @A: 01 15 04 23 | 12
#1275-d331 @A: 30 26 12 15 | 02
#1276-d331 @A: 35 13 15 30 | 10
#1277-d331 @A: 05 30 15 21 | 01
#1278-d331 @A: 15 31 21 35 | 07
#1279-d331 @A: 35 18 11 15 | 11
#1280-d331 @A: 18 26 15 33 | 06
#1281-d331 @A: 15 31 22 33 | 04
#1282-d331 @A: 03 15 09 24 | 09
#1283-d331 @A: 03 19 15 33 | 03
#1284-d331 @A: 25 06 28 08 | 08
#1285-d331 @A: 08 09 07 12 | 05
#1286-d331 @A: 07 23 18 08 | 12
#1287-d331 @A: 02 12 08 03 | 02
#1288-d331 @A: 08 01 02 23 | 10
#1289-d331 @A: 08 18 02 14 | 01
#1290-d331 @A: 21 05 08 29 | 07
#1291-d331 @A: 22 30 08 04 | 11
#1292-d331 @A: 22 04 08 27 | 06
#1293-d331 @A: 16 20 08 34 | 04
#1294-d331 @A: 18 16 24 08 | 09
#1295-d331 @A: 12 20 10 08 | 03
#1296-d331 @A: 12 08 19 14 | 08
#1297-d331 @A: 01 34 08 17 | 05
#1298-d331 @A: 27 08 32 18 | 12
#1299-d331 @A: 09 08 28 22 | 02
#1300-d331 @A: 08 22 11 24 | 10
#1301-d331 @A: 31 20 07 06 | 01
#1302-d331 @A: 25 04 06 19 | 07
#1303-d331 @A: 06 30 18 33 | 11
#1304-d331 @A: 30 10 13 06 | 06
#1305-d331 @A: 12 06 34 25 | 04
#1306-d331 @A: 05 01 06 35 | 09
#1307-d331 @A: 06 22 01 33 | 03
#1308-d331 @A: 21 09 06 05 | 08
#1309-d331 @A: 09 06 10 31 | 05
#1310-d331 @A: 28 24 06 13 | 12
#1311-d331 @A: 34 06 14 28 | 02
#1312-d331 @A: 02 29 24 07 | 10
#1313-d331 @A: 09 26 29 07 | 01
#1314-d331 @A: 17 33 07 29 | 07
#1315-d331 @A: 27 04 17 07 | 11
#1316-d331 @A: 16 07 14 34 | 06
#1317-d331 @A: 20 30 22 07 | 04
#1318-d331 @A: 14 20 07 35 | 09
#1319-d331 @A: 27 07 32 20 | 03
#1320-d331 @A: 35 30 19 07 | 08
#1321-d331 @A: 07 17 13 01 | 05
#1322-d331 @A: 28 07 26 22 | 12
#1323-d331 @A: 09 28 05 07 | 02
#1324-d331 @A: 03 14 07 31 | 10
#1325-d331 @A: 02 35 20 04 | 01
#1326-d331 @A: 04 02 10 30 | 07
#1327-d331 @A: 26 12 02 11 | 11
#1328-d331 @A: 34 02 05 25 | 06
#1329-d331 @A: 17 02 01 10 | 04
#1330-d331 @A: 14 02 09 17 | 09
#1331-d331 @A: 33 10 28 02 | 03
#1332-d331 @A: 14 27 31 02 | 08
#1333-d331 @A: 29 10 16 04 | 05
#1334-d331 @A: 14 29 04 01 | 12
#1335-d331 @A: 04 31 29 32 | 02
#1336-d331 @A: 29 18 20 19 | 10
#1337-d331 @A: 29 23 30 01 | 01
#1338-d331 @A: 35 03 01 29 | 07
#1339-d331 @A: 22 29 09 34 | 11
#1340-d331 @A: 31 22 29 14 | 06
#1341-d331 @A: 11 10 19 29 | 04
#1342-d331 @A: 29 24 19 03 | 09
#1343-d331 @A: 34 28 05 29 | 03
#1344-d331 @A: 31 30 04 20 | 08
#1345-d331 @A: 12 04 30 11 | 05
#1346-d331 @A: 31 12 26 04 | 12
#1347-d331 @A: 25 26 04 24 | 02
#1348-d331 @A: 04 19 10 03 | 10
#1349-d331 @A: 14 19 32 04 | 01
#1350-d331 @A: 16 31 26 25 | 07
#1351-d331 @A: 34 16 21 26 | 11
#1352-d331 @A: 09 23 16 26 | 06
#1353-d331 @A: 19 17 16 21 | 04
#1354-d331 @A: 18 27 16 05 | 09
#1355-d331 @A: 22 32 16 14 | 03
#1356-d331 @A: 16 23 14 03 | 08
#1357-d331 @A: 16 33 23 28 | 05
#1358-d331 @A: 18 12 20 13 | 12
#1359-d331 @A: 12 32 20 19 | 02
#1360-d331 @A: 12 20 05 28 | 10
#1361-d331 @A: 20 31 27 12 | 01
#1362-d331 @A: 32 01 20 25 | 07
#1363-d331 @A: 18 20 31 14 | 11
#1364-d331 @A: 14 20 10 34 | 06
#1365-d331 @A: 13 24 20 19 | 04
#1366-d331 @A: 33 13 20 11 | 09
#1367-d331 @A: 18 12 14 30 | 03
#1368-d331 @A: 10 30 19 01 | 08
#1369-d331 @A: 18 31 26 30 | 05
#1370-d331 @A: 14 30 22 03 | 12
#1371-d331 @A: 30 14 10 32 | 02
#1372-d331 @A: 30 09 14 34 | 10
#1373-d331 @A: 34 28 33 30 | 01
#1374-d331 @A: 12 22 25 28 | 07
#1375-d331 @A: 35 12 13 01 | 11
#1376-d331 @A: 12 01 34 27 | 06
#1377-d331 @A: 35 21 12 03 | 04
#1378-d331 @A: 12 24 35 11 | 09
#1379-d331 @A: 25 19 22 35 | 03
#1380-d331 @A: 27 35 31 25 | 08
#1381-d331 @A: 01 24 35 19 | 05
#1382-d331 @A: 13 01 03 22 | 12
#1383-d331 @A: 22 14 11 01 | 02
#1384-d331 @A: 27 09 01 14 | 10
#1385-d331 @A: 05 13 09 01 | 01
#1386-d331 @A: 23 11 34 01 | 07
#1387-d331 @A: 31 32 01 14 | 11
#1388-d331 @A: 17 35 28 14 | 06
#1389-d331 @A: 05 14 35 22 | 04
#1390-d331 @A: 05 28 35 11 | 09
#1391-d331 @A: 31 26 22 32 | 03
#1392-d331 @A: 32 33 26 19 | 08
#1393-d331 @A: 26 34 24 11 | 05
#1394-d331 @A: 03 13 33 17 | 12
#1395-d331 @A: 31 17 34 33 | 02
#1396-d331 @A: 33 11 28 17 | 10
#1397-d331 @A: 09 18 19 21 | 01
#1398-d331 @A: 34 18 33 21 | 07
#1399-d331 @A: 32 10 28 21 | 11
#1400-d331 @A: 03 11 31 21 | 06
#1401-d331 @A: 33 05 21 03 | 04
#1402-d331 @A: 22 19 11 18 | 09
#1403-d331 @A: 05 22 33 18 | 03
#1404-d331 @A: 33 24 13 18 | 08
#1405-d331 @A: 11 18 05 14 | 05
#1406-d331 @A: 23 28 18 13 | 12
#1407-d331 @A: 19 09 27 33 | 02
#1408-d331 @A: 27 33 32 19 | 10
#1409-d331 @A: 08 15 01 32 | 01
#1410-d331 @A: 26 06 15 22 | 07
#1411-d331 @A: 13 20 07 15 | 11
#1412-d331 @A: 02 16 13 15 | 06
#1413-d331 @A: 15 14 29 21 | 04
#1414-d331 @A: 30 15 33 04 | 09
#1415-d331 @A: 12 15 04 22 | 03
#1416-d331 @A: 16 30 15 22 | 08
#1417-d331 @A: 18 19 15 16 | 05
#1418-d331 @A: 15 13 12 28 | 12
#1419-d331 @A: 14 18 15 25 | 02
#1420-d331 @A: 15 34 26 09 | 10
#1421-d331 @A: 15 03 32 22 | 01
#1422-d331 @A: 09 23 05 15 | 07
#1423-d331 @A: 15 34 23 28 | 11
#1424-d331 @A: 24 35 06 08 | 06
#1425-d331 @A: 29 01 07 08 | 04
#1426-d331 @A: 17 07 08 16 | 09
#1427-d331 @A: 08 05 26 07 | 03
#1428-d331 @A: 17 08 33 02 | 08
#1429-d331 @A: 09 18 08 29 | 05
#1430-d331 @A: 26 13 04 08 | 12
#1431-d331 @A: 31 27 04 08 | 02
#1432-d331 @A: 14 25 16 08 | 10
#1433-d331 @A: 35 20 13 08 | 01
#1434-d331 @A: 19 30 23 08 | 07
#1435-d331 @A: 21 12 34 08 | 11
#1436-d331 @A: 01 08 21 28 | 06
#1437-d331 @A: 35 21 08 14 | 04
#1438-d331 @A: 35 19 18 08 | 09
#1439-d331 @A: 26 18 08 03 | 03
#1440-d331 @A: 18 32 17 08 | 08
#1441-d331 @A: 32 11 31 08 | 05
#1442-d331 @A: 06 25 14 07 | 12
#1443-d331 @A: 02 34 11 06 | 02
#1444-d331 @A: 06 04 20 10 | 10
#1445-d331 @A: 06 16 22 34 | 01
#1446-d331 @A: 03 12 10 06 | 07
#1447-d331 @A: 17 06 33 26 | 11
#1448-d331 @A: 26 06 24 32 | 06
#1449-d331 @A: 10 22 06 28 | 04
#1450-d331 @A: 27 34 06 19 | 09
#1451-d331 @A: 06 23 27 11 | 03
#1452-d331 @A: 25 29 07 10 | 08
#1453-d331 @A: 16 20 04 07 | 05
#1454-d331 @A: 07 04 24 30 | 12
#1455-d331 @A: 20 07 34 05 | 02
#1456-d331 @A: 12 10 21 07 | 10
#1457-d331 @A: 28 07 35 27 | 01
#1458-d331 @A: 34 07 27 31 | 07
#1459-d331 @A: 29 17 02 22 | 11
#1460-d331 @A: 21 02 29 10 | 06
#1461-d331 @A: 02 28 17 04 | 04
#1462-d331 @A: 14 23 02 30 | 09
#1463-d331 @A: 12 02 14 25 | 03
#1464-d331 @A: 02 31 21 01 | 08
#1465-d331 @A: 26 02 31 24 | 05
#1466-d331 @A: 32 03 18 02 | 12
#1467-d331 @A: 05 02 33 14 | 02
#1468-d331 @A: 20 04 29 27 | 10
#1469-d331 @A: 04 29 28 35 | 01
#1470-d331 @A: 16 31 30 29 | 07
#1471-d331 @A: 24 16 29 35 | 11
#1472-d331 @A: 19 29 16 26 | 06
#1473-d331 @A: 20 17 29 12 | 04
#1474-d331 @A: 35 29 20 31 | 09
#1475-d331 @A: 29 20 10 13 | 03
#1476-d331 @A: 23 12 21 29 | 08
#1477-d331 @A: 01 29 33 19 | 05
#1478-d331 @A: 11 27 29 26 | 12
#1479-d331 @A: 22 24 10 29 | 02
#1480-d331 @A: 31 29 05 03 | 10
#1481-d331 @A: 34 27 33 29 | 01
#1482-d331 @A: 16 04 26 05 | 07
#1483-d331 @A: 20 32 13 04 | 11
#1484-d331 @A: 01 04 30 27 | 06
#1485-d331 @A: 35 04 12 10 | 04
#1486-d331 @A: 04 35 19 31 | 09
#1487-d331 @A: 34 04 18 24 | 03
#1488-d331 @A: 09 31 04 24 | 08
#1489-d331 @A: 34 28 04 03 | 05
#1490-d331 @A: 32 11 34 04 | 12
#1491-d331 @A: 09 25 35 16 | 02
#1492-d331 @A: 35 19 14 16 | 10
#1493-d331 @A: 16 05 34 31 | 01
#1494-d331 @A: 20 19 30 21 | 07
#1495-d331 @A: 27 24 20 01 | 11
#1496-d331 @A: 18 20 32 26 | 06
#1497-d331 @A: 20 03 28 22 | 04
#1498-d331 @A: 28 24 20 10 | 09
#1499-d331 @A: 20 24 11 09 | 03
#1500-d331 @A: 09 20 33 32 | 08
#1501-d331 @A: 13 05 20 14 | 05
#1502-d331 @A: 27 30 26 25 | 12
#1503-d331 @A: 30 10 25 17 | 02
#1504-d331 @A: 30 18 35 24 | 10
#1505-d331 @A: 11 28 30 18 | 01
#1506-d331 @A: 30 19 09 05 | 07
#1507-d331 @A: 30 09 23 13 | 11
#1508-d331 @A: 30 19 11 14 | 06
#1509-d331 @A: 12 25 24 03 | 04
#1510-d331 @A: 01 28 14 12 | 09
#1511-d331 @A: 22 12 35 18 | 03
#1512-d331 @A: 10 09 26 12 | 08
#1513-d331 @A: 22 23 12 24 | 05
#1514-d331 @A: 12 11 31 19 | 12
#1515-d331 @A: 12 14 32 27 | 02
#1516-d331 @A: 32 12 23 05 | 10
#1517-d331 @A: 28 34 01 25 | 01
#1518-d331 @A: 22 25 23 27 | 07
#1519-d331 @A: 10 01 22 32 | 11
#1520-d331 @A: 05 01 11 03 | 06
#1521-d331 @A: 01 33 03 31 | 04
#1522-d331 @A: 18 21 35 26 | 09
#1523-d331 @A: 17 21 35 10 | 03
#1524-d331 @A: 10 19 35 32 | 08
#1525-d331 @A: 13 35 31 10 | 05
#1526-d331 @A: 28 34 35 24 | 12
#1527-d331 @A: 27 13 14 35 | 02
#1528-d331 @A: 32 28 31 35 | 10
#1529-d331 @A: 23 26 27 10 | 01
#1530-d331 @A: 19 03 26 09 | 07
#1531-d331 @A: 11 26 05 19 | 11
#1532-d331 @A: 13 26 03 32 | 06
#1533-d331 @A: 26 27 24 33 | 04
#1534-d331 @A: 34 33 05 26 | 09
#1535-d331 @A: 17 27 21 24 | 03
#1536-d331 @A: 17 18 23 22 | 08
#1537-d331 @A: 10 17 14 22 | 05
#1538-d331 @A: 22 13 17 11 | 12
#1539-d331 @A: 19 34 05 17 | 02
#1540-d331 @A: 14 18 22 21 | 10
#1541-d331 @A: 22 31 13 21 | 01
#1542-d331 @A: 18 22 09 24 | 07
#1543-d331 @A: 23 03 11 18 | 11
#1544-d331 @A: 05 02 15 08 | 06
#1545-d331 @A: 11 16 08 15 | 04
#1546-d331 @A: 06 15 20 05 | 09
#1547-d331 @A: 24 17 06 15 | 03
#1548-d331 @A: 07 33 15 02 | 08
#1549-d331 @A: 35 15 22 07 | 05
#1550-d331 @A: 18 24 07 15 | 12
#1551-d331 @A: 15 23 02 20 | 02
#1552-d331 @A: 15 05 04 18 | 10
#1553-d331 @A: 28 19 04 15 | 01
#1554-d331 @A: 13 15 03 04 | 07
#1555-d331 @A: 35 16 15 10 | 11
#1556-d331 @A: 26 15 16 32 | 06
#1557-d331 @A: 03 16 15 27 | 04
#1558-d331 @A: 15 20 12 33 | 09
#1559-d331 @A: 20 22 15 14 | 03
#1560-d331 @A: 01 21 15 24 | 08
#1561-d331 @A: 11 28 15 22 | 05
#1562-d331 @A: 34 15 31 10 | 12
#1563-d331 @A: 32 15 14 11 | 02
#1564-d331 @A: 26 34 06 08 | 10
#1565-d331 @A: 08 24 07 27 | 01
#1566-d331 @A: 21 08 11 02 | 07
#1567-d331 @A: 04 18 11 08 | 11
#1568-d331 @A: 20 08 21 31 | 06
#1569-d331 @A: 08 21 30 24 | 04
#1570-d331 @A: 08 09 27 12 | 09
#1571-d331 @A: 24 08 32 12 | 03
#1572-d331 @A: 25 08 33 26 | 08
#1573-d331 @A: 33 18 01 08 | 05
#1574-d331 @A: 08 14 27 17 | 12
#1575-d331 @A: 34 10 08 18 | 02
#1576-d331 @A: 08 05 19 33 | 10
#1577-d331 @A: 30 26 07 06 | 01
#1578-d331 @A: 07 06 17 03 | 07
#1579-d331 @A: 06 12 23 02 | 11
#1580-d331 @A: 05 29 16 06 | 06
#1581-d331 @A: 06 20 11 29 | 04
#1582-d331 @A: 21 04 31 06 | 09
#1583-d331 @A: 16 18 06 14 | 03
#1584-d331 @A: 06 32 30 31 | 08
#1585-d331 @A: 06 34 01 18 | 05
#1586-d331 @A: 01 23 06 14 | 12
#1587-d331 @A: 35 17 19 06 | 02
#1588-d331 @A: 19 06 21 26 | 10
#1589-d331 @A: 32 27 17 06 | 01
#1590-d331 @A: 18 28 09 06 | 07
#1591-d331 @A: 22 06 14 09 | 11
#1592-d331 @A: 06 13 31 34 | 06
#1593-d331 @A: 31 33 28 06 | 04
#1594-d331 @A: 16 07 30 02 | 09
#1595-d331 @A: 29 07 32 16 | 03
#1596-d331 @A: 20 29 07 23 | 08
#1597-d331 @A: 03 07 27 29 | 05
#1598-d331 @A: 07 22 21 04 | 12
#1599-d331 @A: 01 07 19 16 | 02
#1600-d331 @A: 07 23 10 16 | 10
#1601-d331 @A: 11 17 07 30 | 01
#1602-d331 @A: 07 17 35 24 | 07
#1603-d331 @A: 14 07 19 22 | 11
#1604-d331 @A: 03 05 23 07 | 06
#1605-d331 @A: 05 11 07 27 | 04
#1606-d331 @A: 07 23 13 31 | 09
#1607-d331 @A: 29 16 14 02 | 03
#1608-d331 @A: 29 02 13 35 | 08
#1609-d331 @A: 04 03 02 25 | 05
#1610-d331 @A: 26 02 16 01 | 12
#1611-d331 @A: 02 11 35 16 | 02
#1612-d331 @A: 16 19 27 02 | 10
#1613-d331 @A: 34 20 02 12 | 01
#1614-d331 @A: 20 17 31 02 | 07
#1615-d331 @A: 12 02 28 35 | 11
#1616-d331 @A: 26 02 21 33 | 06
#1617-d331 @A: 02 22 09 32 | 04
#1618-d331 @A: 02 11 10 27 | 09
#1619-d331 @A: 16 20 29 09 | 03
#1620-d331 @A: 13 03 25 29 | 08
#1621-d331 @A: 01 05 29 17 | 05
#1622-d331 @A: 26 17 29 11 | 12
#1623-d331 @A: 14 18 24 29 | 02
#1624-d331 @A: 24 28 09 29 | 10
#1625-d331 @A: 31 34 19 29 | 01
#1626-d331 @A: 05 29 14 32 | 07
#1627-d331 @A: 28 31 29 27 | 11
#1628-d331 @A: 35 04 23 18 | 06
#1629-d331 @A: 04 27 23 35 | 04
#1630-d331 @A: 04 17 05 14 | 09
#1631-d331 @A: 21 28 04 27 | 03
#1632-d331 @A: 33 10 04 24 | 08
#1633-d331 @A: 14 26 12 16 | 05
#1634-d331 @A: 22 12 16 17 | 12
#1635-d331 @A: 16 22 25 05 | 02
#1636-d331 @A: 01 16 31 22 | 10
#1637-d331 @A: 01 10 16 14 | 01
#1638-d331 @A: 16 27 17 10 | 07
#1639-d331 @A: 33 19 16 31 | 11
#1640-d331 @A: 25 20 28 26 | 06
#1641-d331 @A: 23 01 13 20 | 04
#1642-d331 @A: 17 20 35 05 | 09
#1643-d331 @A: 31 20 10 33 | 03
#1644-d331 @A: 09 34 28 20 | 08
#1645-d331 @A: 27 20 03 19 | 05
#1646-d331 @A: 23 25 12 30 | 12
#1647-d331 @A: 30 14 01 25 | 02
#1648-d331 @A: 22 30 35 31 | 10
#1649-d331 @A: 30 21 26 14 | 01
#1650-d331 @A: 22 33 26 30 | 07
#1651-d331 @A: 34 23 30 26 | 11
#1652-d331 @A: 30 13 03 05 | 06
#1653-d331 @A: 24 30 34 05 | 04
#1654-d331 @A: 24 09 12 01 | 09
#1655-d331 @A: 12 18 17 05 | 03
#1656-d331 @A: 32 10 12 13 | 08
#1657-d331 @A: 12 31 03 32 | 05
#1658-d331 @A: 23 03 12 13 | 12
#1659-d331 @A: 24 14 12 33 | 02
#1660-d331 @A: 05 23 12 27 | 10
#1661-d331 @A: 25 24 21 35 | 01
#1662-d331 @A: 32 03 25 33 | 07
#1663-d331 @A: 27 14 25 24 | 11
#1664-d331 @A: 25 23 32 14 | 06
#1665-d331 @A: 05 23 25 28 | 04
#1666-d331 @A: 26 01 18 11 | 09
#1667-d331 @A: 33 26 01 28 | 03
#1668-d331 @A: 23 19 22 01 | 08
#1669-d331 @A: 13 01 23 27 | 05
#1670-d331 @A: 26 17 22 35 | 12
#1671-d331 @A: 13 26 05 35 | 02
#1672-d331 @A: 19 35 09 28 | 10
#1673-d331 @A: 19 13 11 35 | 01
#1674-d331 @A: 26 10 22 19 | 07
#1675-d331 @A: 22 31 28 17 | 11
#1676-d331 @A: 34 27 09 17 | 06
#1677-d331 @A: 17 14 19 33 | 04
#1678-d331 @A: 23 17 14 31 | 09
#1679-d331 @A: 19 34 21 22 | 03
#1680-d331 @A: 05 22 28 21 | 08
#1681-d331 @A: 11 21 19 24 | 05
#1682-d331 @A: 21 13 34 28 | 12
#1683-d331 @A: 33 27 22 18 | 02
#1684-d331 @A: 14 10 28 18 | 10
#1685-d331 @A: 13 18 34 14 | 01
#1686-d331 @A: 18 31 27 11 | 07
#1687-d331 @A: 31 23 18 32 | 11
#1688-d331 @A: 27 13 09 05 | 06
#1689-d331 @A: 27 03 34 11 | 04
