#0001-d340 @A: 32 27 33 15 | 02
#0002-d340 @A: 29 32 25 19 | 06
#0003-d340 @A: 27 18 29 32 | 07
#0004-d340 @A: 06 32 11 29 | 11
#0005-d340 @A: 26 32 24 04 | 08
#0006-d340 @A: 32 16 02 24 | 12
#0007-d340 @A: 32 10 06 14 | 03
#0008-d340 @A: 33 32 08 06 | 04
#0009-d340 @A: 17 26 20 32 | 01
#0010-d340 @A: 32 17 31 19 | 10
#0011-d340 @A: 32 20 19 28 | 05
#0012-d340 @A: 05 23 30 15 | 09
#0013-d340 @A: 05 25 29 10 | 02
#0014-d340 @A: 08 13 25 05 | 06
#0015-d340 @A: 25 05 04 02 | 07
#0016-d340 @A: 24 30 07 05 | 11
#0017-d340 @A: 30 29 05 19 | 08
#0018-d340 @A: 18 20 05 13 | 12
#0019-d340 @A: 30 04 05 18 | 03
#0020-d340 @A: 06 10 05 23 | 04
#0021-d340 @A: 31 16 05 09 | 01
#0022-d340 @A: 05 14 11 17 | 10
#0023-d340 @A: 19 17 05 28 | 05
#0024-d340 @A: 01 06 05 17 | 09
#0025-d340 @A: 20 09 05 03 | 02
#0026-d340 @A: 30 06 31 05 | 06
#0027-d340 @A: 15 08 19 25 | 07
#0028-d340 @A: 15 22 34 07 | 11
#0029-d340 @A: 15 09 07 04 | 08
#0030-d340 @A: 15 13 33 29 | 12
#0031-d340 @A: 17 29 26 15 | 03
#0032-d340 @A: 35 15 02 34 | 04
#0033-d340 @A: 13 15 11 10 | 01
#0034-d340 @A: 01 04 15 23 | 10
#0035-d340 @A: 04 17 15 16 | 05
#0036-d340 @A: 15 02 04 10 | 09
#0037-d340 @A: 15 18 03 04 | 02
#0038-d340 @A: 04 18 33 15 | 06
#0039-d340 @A: 04 15 08 14 | 07
#0040-d340 @A: 14 16 15 18 | 11
#0041-d340 @A: 10 21 28 15 | 08
#0042-d340 @A: 26 15 24 33 | 12
#0043-d340 @A: 26 14 11 15 | 03
#0044-d340 @A: 22 11 15 12 | 04
#0045-d340 @A: 28 14 15 02 | 01
#0046-d340 @A: 27 01 15 06 | 10
#0047-d340 @A: 15 06 03 28 | 05
#0048-d340 @A: 25 08 12 07 | 09
#0049-d340 @A: 29 04 25 12 | 02
#0050-d340 @A: 21 29 25 01 | 06
#0051-d340 @A: 06 25 26 29 | 07
#0052-d340 @A: 09 23 25 34 | 11
#0053-d340 @A: 13 25 02 10 | 08
#0054-d340 @A: 25 13 26 22 | 12
#0055-d340 @A: 01 25 16 23 | 03
#0056-d340 @A: 01 25 35 24 | 04
#0057-d340 @A: 03 02 25 17 | 01
#0058-d340 @A: 09 01 02 25 | 10
#0059-d340 @A: 02 28 31 25 | 05
#0060-d340 @A: 25 30 28 27 | 09
#0061-d340 @A: 02 29 16 07 | 02
#0062-d340 @A: 16 07 31 34 | 06
#0063-d340 @A: 07 12 21 06 | 07
#0064-d340 @A: 12 07 26 18 | 11
#0065-d340 @A: 17 07 06 30 | 08
#0066-d340 @A: 03 17 14 07 | 12
#0067-d340 @A: 22 01 19 07 | 03
#0068-d340 @A: 33 14 07 31 | 04
#0069-d340 @A: 09 04 29 34 | 01
#0070-d340 @A: 26 29 34 27 | 10
#0071-d340 @A: 04 22 28 29 | 05
#0072-d340 @A: 29 08 23 03 | 09
#0073-d340 @A: 29 16 28 18 | 02
#0074-d340 @A: 24 35 14 29 | 06
#0075-d340 @A: 19 29 10 21 | 07
#0076-d340 @A: 29 18 09 10 | 11
#0077-d340 @A: 27 02 29 03 | 08
#0078-d340 @A: 31 29 09 30 | 12
#0079-d340 @A: 13 34 02 12 | 03
#0080-d340 @A: 22 10 34 04 | 04
#0081-d340 @A: 04 34 18 17 | 01
#0082-d340 @A: 24 34 11 04 | 10
#0083-d340 @A: 19 04 34 28 | 05
#0084-d340 @A: 24 34 12 23 | 09
#0085-d340 @A: 34 20 21 16 | 02
#0086-d340 @A: 16 34 18 06 | 06
#0087-d340 @A: 02 28 34 16 | 07
#0088-d340 @A: 34 19 16 33 | 11
#0089-d340 @A: 01 34 08 35 | 08
#0090-d340 @A: 34 14 18 24 | 12
#0091-d340 @A: 33 26 18 34 | 03
#0092-d340 @A: 02 22 11 34 | 04
#0093-d340 @A: 11 03 33 34 | 01
#0094-d340 @A: 01 14 34 19 | 10
#0095-d340 @A: 28 06 30 34 | 05
#0096-d340 @A: 23 13 33 06 | 09
#0097-d340 @A: 10 27 35 13 | 02
#0098-d340 @A: 22 10 13 08 | 06
#0099-d340 @A: 26 21 31 13 | 07
#0100-d340 @A: 21 13 19 01 | 11
#0101-d340 @A: 18 13 01 24 | 08
#0102-d340 @A: 17 14 02 13 | 12
#0103-d340 @A: 14 13 11 33 | 03
#0104-d340 @A: 06 02 13 22 | 04
#0105-d340 @A: 19 27 06 13 | 01
#0106-d340 @A: 03 13 30 06 | 10
#0107-d340 @A: 16 04 21 23 | 05
#0108-d340 @A: 23 12 31 04 | 09
#0109-d340 @A: 24 01 04 10 | 02
#0110-d340 @A: 14 04 17 19 | 06
#0111-d340 @A: 06 04 11 28 | 07
#0112-d340 @A: 04 12 03 33 | 11
#0113-d340 @A: 16 24 27 23 | 08
#0114-d340 @A: 16 17 31 23 | 12
#0115-d340 @A: 20 09 18 23 | 03
#0116-d340 @A: 17 23 01 27 | 04
#0117-d340 @A: 33 23 01 17 | 01
#0118-d340 @A: 23 11 09 31 | 10
#0119-d340 @A: 23 03 11 01 | 05
#0120-d340 @A: 18 01 16 10 | 09
#0121-d340 @A: 12 17 16 09 | 02
#0122-d340 @A: 03 01 16 17 | 06
#0123-d340 @A: 20 09 16 01 | 07
#0124-d340 @A: 27 16 28 01 | 11
#0125-d340 @A: 08 35 10 09 | 08
#0126-d340 @A: 26 35 14 21 | 12
#0127-d340 @A: 35 18 24 17 | 03
#0128-d340 @A: 18 01 35 31 | 04
#0129-d340 @A: 08 11 35 30 | 01
#0130-d340 @A: 31 08 14 35 | 10
#0131-d340 @A: 26 35 01 33 | 05
#0132-d340 @A: 20 35 30 31 | 09
#0133-d340 @A: 22 35 20 03 | 02
#0134-d340 @A: 27 28 20 35 | 06
#0135-d340 @A: 12 31 35 03 | 07
#0136-d340 @A: 10 18 22 14 | 11
#0137-d340 @A: 31 19 24 10 | 08
#0138-d340 @A: 33 11 03 10 | 12
#0139-d340 @A: 30 27 10 14 | 03
#0140-d340 @A: 27 12 33 10 | 04
#0141-d340 @A: 27 18 21 28 | 01
#0142-d340 @A: 17 21 27 09 | 10
#0143-d340 @A: 17 28 03 21 | 05
#0144-d340 @A: 19 21 28 02 | 09
#0145-d340 @A: 01 02 28 08 | 02
#0146-d340 @A: 27 08 19 22 | 06
#0147-d340 @A: 14 06 24 12 | 07
#0148-d340 @A: 06 22 24 33 | 11
#0149-d340 @A: 26 14 31 09 | 08
#0150-d340 @A: 01 14 33 12 | 12
#0151-d340 @A: 32 05 14 26 | 03
#0152-d340 @A: 25 20 15 32 | 04
#0153-d340 @A: 15 35 32 11 | 01
#0154-d340 @A: 15 21 14 32 | 10
#0155-d340 @A: 12 07 32 04 | 05
#0156-d340 @A: 23 31 32 07 | 09
#0157-d340 @A: 35 32 34 06 | 02
#0158-d340 @A: 09 21 34 32 | 06
#0159-d340 @A: 14 32 34 02 | 07
#0160-d340 @A: 32 14 31 04 | 11
#0161-d340 @A: 16 28 30 32 | 08
#0162-d340 @A: 27 16 32 14 | 12
#0163-d340 @A: 19 32 01 35 | 03
#0164-d340 @A: 22 08 21 32 | 04
#0165-d340 @A: 24 21 32 06 | 01
#0166-d340 @A: 32 01 18 11 | 10
#0167-d340 @A: 11 09 32 19 | 05
#0168-d340 @A: 32 22 33 12 | 09
#0169-d340 @A: 31 27 06 32 | 02
#0170-d340 @A: 05 02 15 13 | 06
#0171-d340 @A: 07 05 08 22 | 07
#0172-d340 @A: 34 04 35 05 | 11
#0173-d340 @A: 05 34 26 30 | 08
#0174-d340 @A: 34 05 19 03 | 12
#0175-d340 @A: 28 05 13 10 | 03
#0176-d340 @A: 09 26 05 13 | 04
#0177-d340 @A: 04 33 01 05 | 01
#0178-d340 @A: 12 05 21 16 | 10
#0179-d340 @A: 16 02 05 03 | 05
#0180-d340 @A: 12 05 35 08 | 09
#0181-d340 @A: 22 10 26 05 | 02
#0182-d340 @A: 01 19 02 05 | 06
#0183-d340 @A: 25 23 33 15 | 07
#0184-d340 @A: 31 25 10 15 | 11
#0185-d340 @A: 15 28 13 29 | 08
#0186-d340 @A: 15 24 27 29 | 12
#0187-d340 @A: 34 06 24 15 | 03
#0188-d340 @A: 27 34 12 15 | 04
#0189-d340 @A: 16 03 24 15 | 01
#0190-d340 @A: 18 15 27 10 | 10
#0191-d340 @A: 09 15 01 11 | 05
#0192-d340 @A: 34 08 25 20 | 09
#0193-d340 @A: 25 13 16 19 | 02
#0194-d340 @A: 13 09 25 17 | 06
#0195-d340 @A: 01 25 03 13 | 07
#0196-d340 @A: 23 25 03 28 | 11
#0197-d340 @A: 35 22 21 25 | 08
#0198-d340 @A: 10 20 25 09 | 12
#0199-d340 @A: 14 08 25 01 | 03
#0200-d340 @A: 22 25 19 17 | 04
#0201-d340 @A: 30 17 01 25 | 01
#0202-d340 @A: 25 02 06 20 | 10
#0203-d340 @A: 02 22 12 25 | 05
#0204-d340 @A: 01 27 31 25 | 09
#0205-d340 @A: 30 22 25 06 | 02
#0206-d340 @A: 25 14 22 27 | 06
#0207-d340 @A: 07 12 29 34 | 07
#0208-d340 @A: 01 07 34 33 | 11
#0209-d340 @A: 30 03 07 34 | 08
#0210-d340 @A: 06 07 16 23 | 12
#0211-d340 @A: 28 10 16 07 | 03
#0212-d340 @A: 18 07 16 30 | 04
#0213-d340 @A: 07 09 24 16 | 01
#0214-d340 @A: 21 35 08 07 | 10
#0215-d340 @A: 07 19 18 21 | 05
#0216-d340 @A: 11 03 07 08 | 09
#0217-d340 @A: 20 17 28 07 | 02
#0218-d340 @A: 11 31 17 07 | 06
#0219-d340 @A: 23 29 04 14 | 07
#0220-d340 @A: 06 21 04 29 | 11
#0221-d340 @A: 04 24 31 29 | 08
#0222-d340 @A: 01 29 23 35 | 12
#0223-d340 @A: 17 16 29 27 | 03
#0224-d340 @A: 02 29 16 33 | 04
#0225-d340 @A: 28 35 29 02 | 01
#0226-d340 @A: 29 35 19 27 | 10
#0227-d340 @A: 29 11 10 24 | 05
#0228-d340 @A: 24 26 29 08 | 09
#0229-d340 @A: 12 08 29 09 | 02
#0230-d340 @A: 12 17 22 29 | 06
#0231-d340 @A: 22 01 20 29 | 07
#0232-d340 @A: 29 02 12 11 | 11
#0233-d340 @A: 09 28 29 27 | 08
#0234-d340 @A: 29 03 12 01 | 12
#0235-d340 @A: 04 34 03 16 | 03
#0236-d340 @A: 28 34 35 10 | 04
#0237-d340 @A: 11 34 12 19 | 01
#0238-d340 @A: 33 28 31 34 | 10
#0239-d340 @A: 35 04 13 30 | 05
#0240-d340 @A: 21 17 13 04 | 09
#0241-d340 @A: 26 13 24 10 | 02
#0242-d340 @A: 13 10 17 06 | 06
#0243-d340 @A: 18 14 13 08 | 07
#0244-d340 @A: 06 31 13 20 | 11
#0245-d340 @A: 27 14 13 31 | 08
#0246-d340 @A: 35 27 23 04 | 12
#0247-d340 @A: 04 35 20 21 | 03
#0248-d340 @A: 08 04 35 33 | 04
#0249-d340 @A: 20 04 12 17 | 01
#0250-d340 @A: 04 02 17 28 | 10
#0251-d340 @A: 30 04 31 17 | 05
#0252-d340 @A: 06 01 04 31 | 09
#0253-d340 @A: 12 22 03 04 | 02
#0254-d340 @A: 16 23 33 24 | 06
#0255-d340 @A: 35 23 21 19 | 07
#0256-d340 @A: 08 23 27 26 | 11
#0257-d340 @A: 35 16 31 26 | 08
#0258-d340 @A: 19 16 24 21 | 12
#0259-d340 @A: 33 14 16 20 | 03
#0260-d340 @A: 11 16 22 28 | 04
#0261-d340 @A: 28 12 16 33 | 01
#0262-d340 @A: 10 14 35 01 | 10
#0263-d340 @A: 17 35 06 12 | 05
#0264-d340 @A: 02 35 31 09 | 09
#0265-d340 @A: 22 02 30 35 | 02
#0266-d340 @A: 03 14 35 27 | 06
#0267-d340 @A: 21 26 03 10 | 07
#0268-d340 @A: 17 18 11 10 | 11
#0269-d340 @A: 21 08 30 06 | 08
#0270-d340 @A: 27 06 20 21 | 12
#0271-d340 @A: 09 28 21 12 | 03
#0272-d340 @A: 03 33 27 21 | 04
#0273-d340 @A: 21 06 31 14 | 01
#0274-d340 @A: 12 21 22 31 | 10
#0275-d340 @A: 18 17 27 03 | 05
#0276-d340 @A: 28 18 11 31 | 09
#0277-d340 @A: 31 22 18 02 | 02
#0278-d340 @A: 19 33 14 18 | 06
#0279-d340 @A: 06 03 14 18 | 07
#0280-d340 @A: 31 02 08 17 | 11
#0281-d340 @A: 08 14 06 17 | 08
#0282-d340 @A: 27 08 33 02 | 12
#0283-d340 @A: 03 30 19 08 | 03
#0284-d340 @A: 22 01 08 06 | 04
#0285-d340 @A: 24 22 20 02 | 01
#0286-d340 @A: 27 20 24 12 | 10
#0287-d340 @A: 01 24 12 19 | 05
#0288-d340 @A: 03 26 20 33 | 09
#0289-d340 @A: 22 19 26 03 | 02
#0290-d340 @A: 14 28 06 26 | 06
#0291-d340 @A: 01 33 31 20 | 07
#0292-d340 @A: 32 03 05 23 | 11
#0293-d340 @A: 05 32 18 06 | 08
#0294-d340 @A: 32 34 13 15 | 12
#0295-d340 @A: 13 32 27 07 | 03
#0296-d340 @A: 07 32 33 10 | 04
#0297-d340 @A: 32 29 26 12 | 01
#0298-d340 @A: 34 10 32 12 | 10
#0299-d340 @A: 06 04 13 32 | 05
#0300-d340 @A: 20 13 32 21 | 09
#0301-d340 @A: 16 22 32 04 | 02
#0302-d340 @A: 21 04 32 11 | 06
#0303-d340 @A: 32 02 23 33 | 07
#0304-d340 @A: 08 32 01 27 | 11
#0305-d340 @A: 32 01 14 12 | 08
#0306-d340 @A: 05 07 17 13 | 12
#0307-d340 @A: 05 35 02 07 | 03
#0308-d340 @A: 01 05 29 34 | 04
#0309-d340 @A: 29 24 05 28 | 01
#0310-d340 @A: 05 34 18 27 | 10
#0311-d340 @A: 13 31 05 23 | 05
#0312-d340 @A: 12 05 28 04 | 09
#0313-d340 @A: 24 16 01 05 | 02
#0314-d340 @A: 30 35 05 28 | 06
#0315-d340 @A: 24 21 05 03 | 07
#0316-d340 @A: 18 05 24 12 | 11
#0317-d340 @A: 26 31 05 08 | 08
#0318-d340 @A: 14 05 06 02 | 12
#0319-d340 @A: 19 05 27 09 | 03
#0320-d340 @A: 01 28 05 03 | 04
#0321-d340 @A: 18 11 07 15 | 01
#0322-d340 @A: 29 18 12 15 | 10
#0323-d340 @A: 18 15 21 13 | 05
#0324-d340 @A: 15 04 24 19 | 09
#0325-d340 @A: 16 23 15 02 | 02
#0326-d340 @A: 23 12 15 08 | 06
#0327-d340 @A: 22 15 23 26 | 07
#0328-d340 @A: 16 08 11 15 | 11
#0329-d340 @A: 15 10 12 03 | 08
#0330-d340 @A: 03 15 21 19 | 12
#0331-d340 @A: 31 15 18 09 | 03
#0332-d340 @A: 15 20 26 08 | 04
#0333-d340 @A: 06 17 02 15 | 01
#0334-d340 @A: 19 11 31 15 | 10
#0335-d340 @A: 07 25 09 29 | 05
#0336-d340 @A: 25 07 23 13 | 09
#0337-d340 @A: 28 25 07 06 | 02
#0338-d340 @A: 25 21 28 13 | 06
#0339-d340 @A: 04 25 35 09 | 07
#0340-d340 @A: 25 16 21 31 | 11
#0341-d340 @A: 24 25 20 16 | 08
#0342-d340 @A: 18 24 09 25 | 12
#0343-d340 @A: 20 25 18 26 | 03
#0344-d340 @A: 33 25 24 12 | 04
#0345-d340 @A: 12 17 31 25 | 01
#0346-d340 @A: 19 20 01 25 | 10
#0347-d340 @A: 03 25 06 19 | 05
#0348-d340 @A: 01 07 34 13 | 09
#0349-d340 @A: 34 07 21 04 | 02
#0350-d340 @A: 08 10 07 20 | 06
#0351-d340 @A: 07 01 03 21 | 07
#0352-d340 @A: 28 02 07 09 | 11
#0353-d340 @A: 30 31 07 28 | 08
#0354-d340 @A: 28 07 14 27 | 12
#0355-d340 @A: 29 13 10 01 | 03
#0356-d340 @A: 21 13 29 09 | 04
#0357-d340 @A: 18 02 13 29 | 01
#0358-d340 @A: 16 21 29 11 | 10
#0359-d340 @A: 12 21 35 29 | 05
#0360-d340 @A: 24 18 06 29 | 09
#0361-d340 @A: 29 17 14 31 | 02
#0362-d340 @A: 02 30 29 20 | 06
#0363-d340 @A: 20 29 12 06 | 07
#0364-d340 @A: 28 19 29 06 | 11
#0365-d340 @A: 09 13 10 34 | 08
#0366-d340 @A: 34 33 23 10 | 12
#0367-d340 @A: 17 02 09 34 | 03
#0368-d340 @A: 20 19 02 34 | 04
#0369-d340 @A: 02 34 31 03 | 01
#0370-d340 @A: 33 34 27 30 | 10
#0371-d340 @A: 13 11 23 16 | 05
#0372-d340 @A: 13 23 12 26 | 09
#0373-d340 @A: 24 10 13 33 | 02
#0374-d340 @A: 20 10 03 13 | 06
#0375-d340 @A: 18 12 11 13 | 07
#0376-d340 @A: 13 08 24 02 | 11
#0377-d340 @A: 14 06 09 13 | 08
#0378-d340 @A: 14 28 03 13 | 12
#0379-d340 @A: 22 13 14 12 | 03
#0380-d340 @A: 04 33 22 23 | 04
#0381-d340 @A: 16 04 11 19 | 01
#0382-d340 @A: 35 02 01 04 | 10
#0383-d340 @A: 10 04 11 26 | 05
#0384-d340 @A: 04 21 02 22 | 09
#0385-d340 @A: 04 26 31 18 | 02
#0386-d340 @A: 04 24 17 08 | 06
#0387-d340 @A: 20 04 02 08 | 07
#0388-d340 @A: 14 09 20 04 | 11
#0389-d340 @A: 03 02 11 04 | 08
#0390-d340 @A: 04 14 01 11 | 12
#0391-d340 @A: 16 09 08 23 | 03
#0392-d340 @A: 09 27 23 10 | 04
#0393-d340 @A: 18 23 17 22 | 01
#0394-d340 @A: 11 23 20 17 | 10
#0395-d340 @A: 12 17 14 23 | 05
#0396-d340 @A: 16 30 08 20 | 09
#0397-d340 @A: 33 09 19 16 | 02
#0398-d340 @A: 06 19 16 31 | 06
#0399-d340 @A: 21 10 35 06 | 07
#0400-d340 @A: 18 03 35 08 | 11
#0401-d340 @A: 22 35 30 33 | 08
#0402-d340 @A: 33 35 12 31 | 12
#0403-d340 @A: 21 01 06 18 | 03
#0404-d340 @A: 21 27 02 30 | 04
#0405-d340 @A: 08 01 18 26 | 01
#0406-d340 @A: 18 12 20 33 | 10
#0407-d340 @A: 12 27 09 18 | 05
#0408-d340 @A: 31 30 14 18 | 09
#0409-d340 @A: 24 26 22 01 | 02
#0410-d340 @A: 11 24 22 03 | 06
#0411-d340 @A: 03 30 12 24 | 07
#0412-d340 @A: 09 17 26 11 | 11
#0413-d340 @A: 11 22 30 26 | 08
#0414-d340 @A: 26 27 11 06 | 12
#0415-d340 @A: 09 26 22 27 | 03
#0416-d340 @A: 03 28 30 26 | 04
#0417-d340 @A: 32 23 25 12 | 01
#0418-d340 @A: 29 20 32 23 | 10
#0419-d340 @A: 01 04 34 32 | 05
#0420-d340 @A: 34 23 22 32 | 09
#0421-d340 @A: 32 35 13 12 | 02
#0422-d340 @A: 16 08 32 12 | 06
#0423-d340 @A: 31 35 21 32 | 07
#0424-d340 @A: 32 30 08 24 | 11
#0425-d340 @A: 24 17 32 12 | 08
#0426-d340 @A: 02 32 11 17 | 12
#0427-d340 @A: 31 09 32 20 | 03
#0428-d340 @A: 01 32 06 20 | 04
#0429-d340 @A: 33 31 32 11 | 01
#0430-d340 @A: 33 14 32 02 | 10
#0431-d340 @A: 19 32 06 12 | 05
#0432-d340 @A: 21 05 09 15 | 09
#0433-d340 @A: 15 05 18 01 | 02
#0434-d340 @A: 25 19 35 05 | 06
#0435-d340 @A: 05 12 25 26 | 07
#0436-d340 @A: 07 06 05 29 | 11
#0437-d340 @A: 07 19 05 16 | 08
#0438-d340 @A: 10 05 11 34 | 12
#0439-d340 @A: 05 13 33 35 | 03
#0440-d340 @A: 19 04 05 23 | 04
#0441-d340 @A: 23 05 08 21 | 01
#0442-d340 @A: 33 05 11 16 | 10
#0443-d340 @A: 05 31 35 27 | 05
#0444-d340 @A: 10 08 01 05 | 09
#0445-d340 @A: 22 30 05 21 | 02
#0446-d340 @A: 27 05 08 11 | 06
#0447-d340 @A: 30 05 08 02 | 07
#0448-d340 @A: 05 33 22 19 | 11
#0449-d340 @A: 05 06 09 12 | 08
#0450-d340 @A: 03 14 05 31 | 12
#0451-d340 @A: 35 25 15 03 | 03
#0452-d340 @A: 15 24 26 25 | 04
#0453-d340 @A: 27 17 07 15 | 01
#0454-d340 @A: 30 15 01 07 | 10
#0455-d340 @A: 16 06 15 29 | 05
#0456-d340 @A: 15 10 35 29 | 09
#0457-d340 @A: 21 15 20 29 | 02
#0458-d340 @A: 20 15 34 04 | 06
#0459-d340 @A: 15 18 20 35 | 07
#0460-d340 @A: 15 17 35 31 | 11
#0461-d340 @A: 35 15 12 19 | 08
#0462-d340 @A: 26 28 15 18 | 12
#0463-d340 @A: 08 15 24 31 | 03
#0464-d340 @A: 02 30 31 15 | 04
#0465-d340 @A: 06 15 09 33 | 01
#0466-d340 @A: 15 03 22 33 | 10
#0467-d340 @A: 27 23 25 29 | 05
#0468-d340 @A: 16 25 03 29 | 09
#0469-d340 @A: 08 34 25 33 | 02
#0470-d340 @A: 20 25 13 12 | 06
#0471-d340 @A: 11 25 08 04 | 07
#0472-d340 @A: 25 26 30 04 | 11
#0473-d340 @A: 23 30 08 25 | 08
#0474-d340 @A: 12 25 30 21 | 12
#0475-d340 @A: 31 14 25 19 | 03
#0476-d340 @A: 03 09 25 27 | 04
#0477-d340 @A: 22 25 33 27 | 01
#0478-d340 @A: 24 07 04 27 | 10
#0479-d340 @A: 23 22 35 07 | 05
#0480-d340 @A: 16 08 27 07 | 09
#0481-d340 @A: 11 09 35 07 | 02
#0482-d340 @A: 07 09 27 20 | 06
#0483-d340 @A: 20 31 07 12 | 07
#0484-d340 @A: 11 12 07 01 | 11
#0485-d340 @A: 34 29 03 10 | 08
#0486-d340 @A: 29 18 22 34 | 12
#0487-d340 @A: 29 04 26 02 | 03
#0488-d340 @A: 29 02 14 08 | 04
#0489-d340 @A: 11 29 01 17 | 01
#0490-d340 @A: 03 33 29 17 | 10
#0491-d340 @A: 30 03 29 11 | 05
#0492-d340 @A: 30 13 08 34 | 09
#0493-d340 @A: 23 02 26 34 | 02
#0494-d340 @A: 14 33 34 24 | 06
#0495-d340 @A: 34 14 27 17 | 07
#0496-d340 @A: 20 22 09 34 | 11
#0497-d340 @A: 34 01 02 27 | 08
#0498-d340 @A: 22 34 14 31 | 12
#0499-d340 @A: 20 13 04 19 | 03
#0500-d340 @A: 35 13 09 23 | 04
#0501-d340 @A: 16 24 13 28 | 01
#0502-d340 @A: 21 35 11 13 | 10
#0503-d340 @A: 30 13 01 22 | 05
#0504-d340 @A: 28 01 13 06 | 09
#0505-d340 @A: 35 18 14 04 | 02
#0506-d340 @A: 10 09 33 04 | 06
#0507-d340 @A: 18 20 24 04 | 07
#0508-d340 @A: 12 04 30 06 | 11
#0509-d340 @A: 27 03 04 28 | 08
#0510-d340 @A: 35 23 02 18 | 12
#0511-d340 @A: 24 35 31 23 | 03
#0512-d340 @A: 24 23 10 30 | 04
#0513-d340 @A: 26 19 10 23 | 01
#0514-d340 @A: 23 06 26 18 | 10
#0515-d340 @A: 20 14 06 23 | 05
#0516-d340 @A: 11 23 22 06 | 09
#0517-d340 @A: 23 02 19 31 | 02
#0518-d340 @A: 33 19 23 03 | 06
#0519-d340 @A: 23 22 14 01 | 07
#0520-d340 @A: 30 31 23 27 | 11
#0521-d340 @A: 18 16 35 27 | 08
#0522-d340 @A: 16 14 35 17 | 12
#0523-d340 @A: 16 10 09 11 | 03
#0524-d340 @A: 08 18 16 33 | 04
#0525-d340 @A: 08 16 26 28 | 01
#0526-d340 @A: 12 16 30 14 | 10
#0527-d340 @A: 33 21 35 06 | 05
#0528-d340 @A: 22 35 14 11 | 09
#0529-d340 @A: 10 11 21 08 | 02
#0530-d340 @A: 26 10 30 18 | 06
#0531-d340 @A: 10 19 27 17 | 07
#0532-d340 @A: 10 28 01 17 | 11
#0533-d340 @A: 10 01 20 11 | 08
#0534-d340 @A: 10 02 19 14 | 12
#0535-d340 @A: 08 14 03 21 | 03
#0536-d340 @A: 26 11 21 28 | 04
#0537-d340 @A: 21 12 11 17 | 01
#0538-d340 @A: 11 31 21 27 | 10
#0539-d340 @A: 27 21 01 22 | 05
#0540-d340 @A: 28 21 30 14 | 09
#0541-d340 @A: 24 08 18 11 | 02
#0542-d340 @A: 26 27 18 02 | 06
#0543-d340 @A: 11 33 06 18 | 07
#0544-d340 @A: 03 18 19 01 | 11
#0545-d340 @A: 31 08 06 11 | 08
#0546-d340 @A: 28 26 24 27 | 12
#0547-d340 @A: 24 17 22 30 | 03
#0548-d340 @A: 24 28 20 03 | 04
#0549-d340 @A: 24 11 27 09 | 01
#0550-d340 @A: 14 09 22 24 | 10
#0551-d340 @A: 19 26 17 06 | 05
#0552-d340 @A: 05 32 12 15 | 09
#0553-d340 @A: 29 02 32 15 | 02
#0554-d340 @A: 06 32 16 25 | 06
#0555-d340 @A: 16 20 07 32 | 07
#0556-d340 @A: 17 10 32 07 | 11
#0557-d340 @A: 32 08 19 07 | 08
#0558-d340 @A: 29 32 14 13 | 12
#0559-d340 @A: 22 32 29 31 | 03
#0560-d340 @A: 34 16 32 17 | 04
#0561-d340 @A: 16 13 01 32 | 01
#0562-d340 @A: 10 32 19 13 | 10
#0563-d340 @A: 32 08 35 04 | 05
#0564-d340 @A: 04 32 30 19 | 09
#0565-d340 @A: 32 24 10 09 | 02
#0566-d340 @A: 18 20 32 08 | 06
#0567-d340 @A: 32 18 26 22 | 07
#0568-d340 @A: 22 32 20 30 | 11
#0569-d340 @A: 01 30 02 32 | 08
#0570-d340 @A: 12 02 32 31 | 12
#0571-d340 @A: 32 09 03 06 | 03
#0572-d340 @A: 03 32 01 22 | 04
#0573-d340 @A: 28 32 01 31 | 01
#0574-d340 @A: 30 12 32 27 | 10
#0575-d340 @A: 29 05 15 03 | 05
#0576-d340 @A: 05 15 14 33 | 09
#0577-d340 @A: 20 05 23 25 | 02
#0578-d340 @A: 16 29 22 05 | 06
#0579-d340 @A: 05 23 34 17 | 07
#0580-d340 @A: 05 08 34 16 | 11
#0581-d340 @A: 34 21 05 28 | 08
#0582-d340 @A: 14 34 12 05 | 12
#0583-d340 @A: 27 21 04 05 | 03
#0584-d340 @A: 05 03 04 08 | 04
#0585-d340 @A: 10 24 05 14 | 01
#0586-d340 @A: 05 03 27 10 | 10
#0587-d340 @A: 05 21 02 26 | 05
#0588-d340 @A: 33 27 18 05 | 09
#0589-d340 @A: 05 12 01 27 | 02
#0590-d340 @A: 28 05 06 27 | 06
#0591-d340 @A: 06 25 04 15 | 07
#0592-d340 @A: 15 26 07 02 | 11
#0593-d340 @A: 34 29 11 15 | 08
#0594-d340 @A: 15 34 18 30 | 12
#0595-d340 @A: 31 16 13 15 | 03
#0596-d340 @A: 19 16 15 20 | 04
#0597-d340 @A: 15 30 35 24 | 01
#0598-d340 @A: 21 15 26 33 | 10
#0599-d340 @A: 30 15 27 11 | 05
#0600-d340 @A: 15 19 14 30 | 09
#0601-d340 @A: 15 31 27 28 | 02
#0602-d340 @A: 07 11 25 34 | 06
#0603-d340 @A: 04 14 07 25 | 07
#0604-d340 @A: 25 02 18 07 | 11
#0605-d340 @A: 20 07 30 25 | 08
#0606-d340 @A: 18 11 29 25 | 12
#0607-d340 @A: 04 31 25 20 | 03
#0608-d340 @A: 33 25 04 31 | 04
#0609-d340 @A: 17 10 33 25 | 01
#0610-d340 @A: 21 33 25 14 | 10
#0611-d340 @A: 11 31 30 25 | 05
#0612-d340 @A: 21 07 27 29 | 09
#0613-d340 @A: 04 07 17 35 | 02
#0614-d340 @A: 07 04 10 03 | 06
#0615-d340 @A: 14 07 19 23 | 07
#0616-d340 @A: 07 22 09 21 | 11
#0617-d340 @A: 18 03 20 07 | 08
#0618-d340 @A: 24 01 07 08 | 12
#0619-d340 @A: 33 24 30 07 | 03
#0620-d340 @A: 07 26 31 19 | 04
#0621-d340 @A: 11 14 30 07 | 01
#0622-d340 @A: 27 33 09 07 | 10
#0623-d340 @A: 07 06 22 31 | 05
#0624-d340 @A: 07 27 22 12 | 09
#0625-d340 @A: 19 29 24 34 | 02
#0626-d340 @A: 34 29 30 17 | 06
#0627-d340 @A: 19 26 13 29 | 07
#0628-d340 @A: 02 17 29 23 | 11
#0629-d340 @A: 10 02 29 22 | 08
#0630-d340 @A: 10 31 33 29 | 12
#0631-d340 @A: 18 21 29 03 | 03
#0632-d340 @A: 18 31 20 29 | 04
#0633-d340 @A: 22 27 11 29 | 01
#0634-d340 @A: 03 22 29 14 | 10
#0635-d340 @A: 34 14 16 13 | 05
#0636-d340 @A: 22 34 33 13 | 09
#0637-d340 @A: 30 34 04 02 | 02
#0638-d340 @A: 31 21 23 34 | 06
#0639-d340 @A: 18 09 34 35 | 07
#0640-d340 @A: 11 17 34 35 | 11
#0641-d340 @A: 34 30 21 24 | 08
#0642-d340 @A: 28 08 03 34 | 12
#0643-d340 @A: 11 20 31 34 | 03
#0644-d340 @A: 27 34 09 30 | 04
#0645-d340 @A: 24 13 20 23 | 01
#0646-d340 @A: 16 13 06 21 | 10
#0647-d340 @A: 13 26 17 18 | 05
#0648-d340 @A: 13 02 20 09 | 09
#0649-d340 @A: 11 13 30 28 | 02
#0650-d340 @A: 35 28 04 24 | 06
#0651-d340 @A: 10 27 12 04 | 07
#0652-d340 @A: 24 21 04 33 | 11
#0653-d340 @A: 11 04 09 30 | 08
#0654-d340 @A: 22 04 30 27 | 12
#0655-d340 @A: 22 23 10 16 | 03
#0656-d340 @A: 24 01 23 21 | 04
#0657-d340 @A: 03 23 21 22 | 01
#0658-d340 @A: 08 31 01 23 | 10
#0659-d340 @A: 23 30 11 19 | 05
#0660-d340 @A: 30 06 09 23 | 09
#0661-d340 @A: 09 14 23 03 | 02
#0662-d340 @A: 22 35 16 08 | 06
#0663-d340 @A: 01 10 33 16 | 07
#0664-d340 @A: 16 10 03 14 | 11
#0665-d340 @A: 02 16 21 18 | 08
#0666-d340 @A: 16 02 11 01 | 12
#0667-d340 @A: 16 11 12 03 | 03
#0668-d340 @A: 09 16 02 14 | 04
#0669-d340 @A: 01 06 12 16 | 01
#0670-d340 @A: 08 28 19 35 | 10
#0671-d340 @A: 03 09 35 33 | 05
#0672-d340 @A: 12 14 28 35 | 09
#0673-d340 @A: 22 21 33 10 | 02
#0674-d340 @A: 18 20 33 10 | 06
#0675-d340 @A: 20 10 31 17 | 07
#0676-d340 @A: 30 03 17 10 | 11
#0677-d340 @A: 10 06 22 19 | 08
#0678-d340 @A: 10 01 30 12 | 12
#0679-d340 @A: 30 21 03 20 | 03
#0680-d340 @A: 01 30 21 11 | 04
#0681-d340 @A: 18 22 09 11 | 01
#0682-d340 @A: 18 30 06 11 | 10
#0683-d340 @A: 09 30 01 18 | 05
#0684-d340 @A: 18 28 12 03 | 09
#0685-d340 @A: 08 24 12 22 | 02
#0686-d340 @A: 28 08 17 11 | 06
#0687-d340 @A: 09 20 08 06 | 07
#0688-d340 @A: 20 01 08 12 | 11
#0689-d340 @A: 22 03 02 08 | 08
#0690-d340 @A: 06 27 08 02 | 12
#0691-d340 @A: 14 19 09 08 | 03
#0692-d340 @A: 08 09 28 30 | 04
#0693-d340 @A: 14 28 17 24 | 01
#0694-d340 @A: 20 24 14 31 | 10
#0695-d340 @A: 12 31 11 24 | 05
#0696-d340 @A: 03 24 14 02 | 09
#0697-d340 @A: 24 31 02 06 | 02
#0698-d340 @A: 19 28 24 22 | 06
#0699-d340 @A: 27 31 24 22 | 07
#0700-d340 @A: 31 17 27 26 | 11
#0701-d340 @A: 30 01 19 33 | 08
#0702-d340 @A: 07 01 32 29 | 12
#0703-d340 @A: 08 29 34 32 | 03
#0704-d340 @A: 21 32 29 28 | 04
#0705-d340 @A: 14 08 23 32 | 01
#0706-d340 @A: 22 10 35 32 | 10
#0707-d340 @A: 32 28 35 18 | 05
#0708-d340 @A: 17 21 32 33 | 09
#0709-d340 @A: 32 09 14 18 | 02
#0710-d340 @A: 32 20 12 03 | 06
#0711-d340 @A: 32 27 11 03 | 07
#0712-d340 @A: 25 15 05 17 | 11
#0713-d340 @A: 05 34 31 15 | 08
#0714-d340 @A: 05 10 07 12 | 12
#0715-d340 @A: 05 11 07 21 | 03
#0716-d340 @A: 05 04 09 10 | 04
#0717-d340 @A: 35 11 05 23 | 01
#0718-d340 @A: 05 23 12 02 | 10
#0719-d340 @A: 21 35 01 05 | 05
#0720-d340 @A: 18 02 10 05 | 09
#0721-d340 @A: 28 08 05 14 | 02
#0722-d340 @A: 12 17 05 03 | 06
#0723-d340 @A: 11 19 05 06 | 07
#0724-d340 @A: 11 28 09 05 | 11
#0725-d340 @A: 33 11 07 15 | 08
#0726-d340 @A: 22 19 29 15 | 12
#0727-d340 @A: 33 17 16 15 | 03
#0728-d340 @A: 10 15 26 01 | 04
#0729-d340 @A: 31 15 08 33 | 01
#0730-d340 @A: 15 20 09 28 | 10
#0731-d340 @A: 31 15 22 03 | 05
#0732-d340 @A: 02 29 34 25 | 09
#0733-d340 @A: 25 35 20 29 | 02
#0734-d340 @A: 25 29 19 33 | 06
#0735-d340 @A: 10 25 30 34 | 07
#0736-d340 @A: 01 25 34 18 | 11
#0737-d340 @A: 23 25 21 02 | 08
#0738-d340 @A: 16 02 25 08 | 12
#0739-d340 @A: 21 27 26 25 | 03
#0740-d340 @A: 20 25 03 11 | 04
#0741-d340 @A: 33 25 06 01 | 01
#0742-d340 @A: 07 08 04 06 | 10
#0743-d340 @A: 07 04 28 33 | 05
#0744-d340 @A: 08 07 23 02 | 09
#0745-d340 @A: 33 16 07 22 | 02
#0746-d340 @A: 07 35 10 30 | 06
#0747-d340 @A: 24 12 07 35 | 07
#0748-d340 @A: 07 01 17 18 | 11
#0749-d340 @A: 30 07 08 26 | 08
#0750-d340 @A: 20 06 19 07 | 12
#0751-d340 @A: 07 02 14 31 | 03
#0752-d340 @A: 06 14 01 07 | 04
#0753-d340 @A: 07 28 03 22 | 01
#0754-d340 @A: 08 27 13 29 | 10
#0755-d340 @A: 17 19 18 29 | 05
#0756-d340 @A: 20 28 11 29 | 09
#0757-d340 @A: 11 29 12 33 | 02
#0758-d340 @A: 06 29 22 09 | 06
#0759-d340 @A: 22 01 29 33 | 07
#0760-d340 @A: 29 14 33 06 | 11
#0761-d340 @A: 13 34 22 21 | 08
#0762-d340 @A: 28 18 34 13 | 12
#0763-d340 @A: 04 27 31 34 | 03
#0764-d340 @A: 17 21 10 34 | 04
#0765-d340 @A: 20 18 10 34 | 01
#0766-d340 @A: 10 08 34 31 | 10
#0767-d340 @A: 06 34 10 26 | 05
#0768-d340 @A: 27 34 21 08 | 09
#0769-d340 @A: 17 22 03 34 | 02
#0770-d340 @A: 31 28 34 17 | 06
#0771-d340 @A: 34 33 09 02 | 07
#0772-d340 @A: 06 34 01 03 | 11
#0773-d340 @A: 16 13 04 09 | 08
#0774-d340 @A: 20 26 16 13 | 12
#0775-d340 @A: 21 02 13 03 | 03
#0776-d340 @A: 01 13 11 08 | 04
#0777-d340 @A: 02 13 27 28 | 01
#0778-d340 @A: 13 31 09 22 | 10
#0779-d340 @A: 13 31 33 30 | 05
#0780-d340 @A: 04 23 20 26 | 09
#0781-d340 @A: 35 31 10 04 | 02
#0782-d340 @A: 06 04 18 10 | 06
#0783-d340 @A: 01 26 21 04 | 07
#0784-d340 @A: 04 08 27 18 | 11
#0785-d340 @A: 03 26 04 06 | 08
#0786-d340 @A: 02 14 04 12 | 12
#0787-d340 @A: 24 23 06 08 | 03
#0788-d340 @A: 11 23 24 14 | 04
#0789-d340 @A: 23 30 28 17 | 01
#0790-d340 @A: 03 23 31 20 | 10
#0791-d340 @A: 12 09 23 19 | 05
#0792-d340 @A: 19 08 16 18 | 09
#0793-d340 @A: 16 19 02 17 | 02
#0794-d340 @A: 19 01 30 16 | 06
#0795-d340 @A: 16 19 03 28 | 07
#0796-d340 @A: 22 03 09 16 | 11
#0797-d340 @A: 12 16 31 28 | 08
#0798-d340 @A: 24 35 10 02 | 12
#0799-d340 @A: 02 21 35 17 | 03
#0800-d340 @A: 19 30 17 35 | 04
#0801-d340 @A: 27 35 11 01 | 01
#0802-d340 @A: 35 28 31 06 | 10
#0803-d340 @A: 14 21 10 12 | 05
#0804-d340 @A: 10 28 09 03 | 09
#0805-d340 @A: 22 12 28 10 | 02
#0806-d340 @A: 24 18 21 26 | 06
#0807-d340 @A: 20 17 19 21 | 07
#0808-d340 @A: 17 22 21 14 | 11
#0809-d340 @A: 21 02 20 31 | 08
#0810-d340 @A: 11 19 21 33 | 12
#0811-d340 @A: 33 31 21 09 | 03
#0812-d340 @A: 03 21 12 27 | 04
#0813-d340 @A: 18 30 19 20 | 01
#0814-d340 @A: 14 01 18 02 | 10
#0815-d340 @A: 18 12 02 06 | 05
#0816-d340 @A: 08 11 20 22 | 09
#0817-d340 @A: 08 12 06 03 | 02
#0818-d340 @A: 30 26 02 17 | 06
#0819-d340 @A: 31 26 06 12 | 07
#0820-d340 @A: 30 02 03 33 | 11
#0821-d340 @A: 33 03 28 14 | 08
#0822-d340 @A: 01 05 32 25 | 12
#0823-d340 @A: 35 05 16 32 | 03
#0824-d340 @A: 19 05 21 32 | 04
#0825-d340 @A: 21 25 32 17 | 01
#0826-d340 @A: 03 33 32 25 | 10
#0827-d340 @A: 32 18 07 34 | 05
#0828-d340 @A: 06 07 26 32 | 09
#0829-d340 @A: 07 30 32 09 | 02
#0830-d340 @A: 16 09 32 29 | 06
#0831-d340 @A: 32 30 11 34 | 07
#0832-d340 @A: 09 35 32 27 | 11
#0833-d340 @A: 01 21 32 10 | 08
#0834-d340 @A: 02 08 32 10 | 12
#0835-d340 @A: 32 18 21 12 | 03
#0836-d340 @A: 26 08 32 11 | 04
#0837-d340 @A: 14 32 17 30 | 01
#0838-d340 @A: 32 20 27 02 | 10
#0839-d340 @A: 22 19 32 02 | 05
#0840-d340 @A: 15 05 04 11 | 09
#0841-d340 @A: 30 05 25 03 | 02
#0842-d340 @A: 27 14 29 05 | 06
#0843-d340 @A: 34 06 13 05 | 07
#0844-d340 @A: 13 01 04 05 | 11
#0845-d340 @A: 05 30 16 10 | 08
#0846-d340 @A: 05 26 24 35 | 12
#0847-d340 @A: 26 19 18 05 | 03
#0848-d340 @A: 27 02 17 05 | 04
#0849-d340 @A: 22 20 12 05 | 01
#0850-d340 @A: 28 05 20 31 | 10
#0851-d340 @A: 15 02 25 11 | 05
#0852-d340 @A: 24 14 07 15 | 09
#0853-d340 @A: 04 15 12 26 | 02
#0854-d340 @A: 20 24 15 10 | 06
#0855-d340 @A: 15 06 10 09 | 07
#0856-d340 @A: 17 15 19 09 | 11
#0857-d340 @A: 09 15 03 30 | 08
#0858-d340 @A: 22 15 06 14 | 12
#0859-d340 @A: 25 08 29 22 | 03
#0860-d340 @A: 04 13 25 34 | 04
#0861-d340 @A: 25 26 34 31 | 01
#0862-d340 @A: 04 25 21 03 | 10
#0863-d340 @A: 10 11 35 25 | 05
#0864-d340 @A: 03 26 08 25 | 09
#0865-d340 @A: 29 13 07 03 | 02
#0866-d340 @A: 22 29 07 30 | 06
#0867-d340 @A: 26 34 17 07 | 07
#0868-d340 @A: 07 35 20 13 | 11
#0869-d340 @A: 26 07 27 35 | 08
#0870-d340 @A: 06 10 07 24 | 12
#0871-d340 @A: 27 07 01 10 | 03
#0872-d340 @A: 18 08 31 07 | 04
#0873-d340 @A: 17 33 08 07 | 01
#0874-d340 @A: 02 17 22 07 | 10
#0875-d340 @A: 31 01 09 07 | 05
#0876-d340 @A: 06 07 33 03 | 09
#0877-d340 @A: 21 14 29 34 | 02
#0878-d340 @A: 29 04 11 13 | 06
#0879-d340 @A: 29 06 13 23 | 07
#0880-d340 @A: 01 29 04 18 | 11
#0881-d340 @A: 29 23 24 22 | 08
#0882-d340 @A: 29 08 06 35 | 12
#0883-d340 @A: 35 26 29 30 | 03
#0884-d340 @A: 29 21 33 08 | 04
#0885-d340 @A: 29 18 08 30 | 01
#0886-d340 @A: 29 26 14 18 | 10
#0887-d340 @A: 29 09 17 20 | 05
#0888-d340 @A: 29 03 17 06 | 09
#0889-d340 @A: 29 19 09 02 | 02
#0890-d340 @A: 01 29 27 30 | 06
#0891-d340 @A: 34 24 26 16 | 07
#0892-d340 @A: 34 01 26 09 | 11
#0893-d340 @A: 11 14 03 34 | 08
#0894-d340 @A: 13 04 12 24 | 12
#0895-d340 @A: 13 01 23 02 | 03
#0896-d340 @A: 28 13 23 22 | 04
#0897-d340 @A: 08 20 13 33 | 01
#0898-d340 @A: 17 20 30 13 | 10
#0899-d340 @A: 31 03 13 17 | 05
#0900-d340 @A: 11 13 19 14 | 09
#0901-d340 @A: 13 19 02 30 | 02
#0902-d340 @A: 27 01 13 09 | 06
#0903-d340 @A: 33 27 13 01 | 07
#0904-d340 @A: 22 03 13 27 | 11
#0905-d340 @A: 23 11 18 04 | 08
#0906-d340 @A: 04 30 24 16 | 12
#0907-d340 @A: 14 28 04 16 | 03
#0908-d340 @A: 04 06 33 16 | 04
#0909-d340 @A: 10 19 04 08 | 01
#0910-d340 @A: 10 23 31 18 | 10
#0911-d340 @A: 12 23 18 01 | 05
#0912-d340 @A: 23 11 33 09 | 09
#0913-d340 @A: 33 14 31 23 | 02
#0914-d340 @A: 16 28 21 35 | 06
#0915-d340 @A: 14 11 06 16 | 07
#0916-d340 @A: 16 22 02 27 | 11
#0917-d340 @A: 01 14 31 16 | 08
#0918-d340 @A: 16 31 03 33 | 12
#0919-d340 @A: 12 10 26 35 | 03
#0920-d340 @A: 24 21 35 09 | 04
#0921-d340 @A: 08 24 35 27 | 01
#0922-d340 @A: 24 35 11 33 | 10
#0923-d340 @A: 20 19 33 35 | 05
#0924-d340 @A: 02 11 35 06 | 09
#0925-d340 @A: 35 30 14 09 | 02
#0926-d340 @A: 30 03 35 01 | 06
#0927-d340 @A: 12 18 10 08 | 07
#0928-d340 @A: 10 08 26 33 | 11
#0929-d340 @A: 10 06 30 20 | 08
#0930-d340 @A: 33 18 01 21 | 12
#0931-d340 @A: 31 17 21 01 | 03
#0932-d340 @A: 33 09 21 20 | 04
#0933-d340 @A: 21 19 31 30 | 01
#0934-d340 @A: 18 01 20 27 | 10
#0935-d340 @A: 03 02 18 09 | 05
#0936-d340 @A: 33 18 28 02 | 09
#0937-d340 @A: 22 30 03 18 | 02
#0938-d340 @A: 08 11 01 33 | 06
#0939-d340 @A: 19 08 12 33 | 07
#0940-d340 @A: 26 24 09 12 | 11
#0941-d340 @A: 30 31 26 24 | 08
#0942-d340 @A: 06 17 24 27 | 12
#0943-d340 @A: 11 24 06 01 | 03
#0944-d340 @A: 33 24 19 28 | 04
#0945-d340 @A: 26 22 31 20 | 01
#0946-d340 @A: 27 28 33 11 | 10
#0947-d340 @A: 07 05 32 28 | 05
#0948-d340 @A: 29 05 32 04 | 09
#0949-d340 @A: 34 20 32 05 | 02
#0950-d340 @A: 22 05 32 11 | 06
#0951-d340 @A: 09 02 32 05 | 07
#0952-d340 @A: 09 15 32 08 | 11
#0953-d340 @A: 17 35 32 29 | 08
#0954-d340 @A: 30 10 32 29 | 12
#0955-d340 @A: 29 03 24 32 | 03
#0956-d340 @A: 28 32 29 33 | 04
#0957-d340 @A: 13 31 32 18 | 01
#0958-d340 @A: 32 09 23 04 | 10
#0959-d340 @A: 04 02 18 32 | 05
#0960-d340 @A: 18 23 32 16 | 09
#0961-d340 @A: 06 23 02 32 | 02
#0962-d340 @A: 01 09 17 32 | 06
#0963-d340 @A: 17 22 06 32 | 07
#0964-d340 @A: 02 28 03 32 | 11
#0965-d340 @A: 14 32 03 19 | 08
#0966-d340 @A: 09 33 32 01 | 12
#0967-d340 @A: 21 05 06 25 | 03
#0968-d340 @A: 25 28 05 18 | 04
#0969-d340 @A: 31 05 25 24 | 01
#0970-d340 @A: 23 01 05 07 | 10
#0971-d340 @A: 17 34 05 33 | 05
#0972-d340 @A: 16 05 14 23 | 09
#0973-d340 @A: 23 09 24 05 | 02
#0974-d340 @A: 28 26 23 05 | 06
#0975-d340 @A: 05 10 21 20 | 07
#0976-d340 @A: 05 08 09 18 | 11
#0977-d340 @A: 05 26 31 33 | 08
#0978-d340 @A: 27 30 20 05 | 12
#0979-d340 @A: 25 15 29 14 | 03
#0980-d340 @A: 25 15 23 18 | 04
#0981-d340 @A: 07 29 31 15 | 01
#0982-d340 @A: 07 13 15 19 | 10
#0983-d340 @A: 35 15 07 06 | 05
#0984-d340 @A: 30 29 04 15 | 09
#0985-d340 @A: 29 15 08 01 | 02
#0986-d340 @A: 15 21 34 01 | 06
#0987-d340 @A: 04 15 21 31 | 07
#0988-d340 @A: 15 11 23 21 | 11
#0989-d340 @A: 16 35 15 01 | 08
#0990-d340 @A: 21 17 30 15 | 12
#0991-d340 @A: 08 15 18 22 | 03
#0992-d340 @A: 14 20 17 15 | 04
#0993-d340 @A: 11 17 15 03 | 01
#0994-d340 @A: 30 15 12 33 | 10
#0995-d340 @A: 16 07 17 25 | 05
#0996-d340 @A: 33 25 18 07 | 09
#0997-d340 @A: 24 07 25 03 | 02
#0998-d340 @A: 26 25 01 07 | 06
#0999-d340 @A: 25 31 13 29 | 07
#1000-d340 @A: 29 25 24 30 | 11
#1001-d340 @A: 25 34 17 24 | 08
#1002-d340 @A: 04 25 17 23 | 12
#1003-d340 @A: 04 24 25 22 | 03
#1004-d340 @A: 28 16 25 09 | 04
#1005-d340 @A: 10 12 24 25 | 01
#1006-d340 @A: 26 25 17 10 | 10
#1007-d340 @A: 25 14 17 18 | 05
#1008-d340 @A: 24 25 08 28 | 09
#1009-d340 @A: 11 25 33 26 | 02
#1010-d340 @A: 19 30 25 09 | 06
#1011-d340 @A: 31 06 25 09 | 07
#1012-d340 @A: 07 29 26 28 | 11
#1013-d340 @A: 20 34 23 07 | 08
#1014-d340 @A: 34 19 35 07 | 12
#1015-d340 @A: 23 07 30 04 | 03
#1016-d340 @A: 07 16 26 11 | 04
#1017-d340 @A: 10 07 31 21 | 01
#1018-d340 @A: 07 09 18 06 | 10
#1019-d340 @A: 27 11 02 07 | 05
#1020-d340 @A: 14 07 09 12 | 09
#1021-d340 @A: 27 07 31 03 | 02
#1022-d340 @A: 29 35 13 22 | 06
#1023-d340 @A: 35 03 29 04 | 07
#1024-d340 @A: 17 29 10 04 | 11
#1025-d340 @A: 04 27 29 33 | 08
#1026-d340 @A: 29 23 19 16 | 12
#1027-d340 @A: 29 10 16 31 | 03
#1028-d340 @A: 29 11 35 31 | 04
#1029-d340 @A: 10 08 29 28 | 01
#1030-d340 @A: 29 27 10 06 | 10
#1031-d340 @A: 24 02 21 29 | 05
#1032-d340 @A: 29 18 33 30 | 09
#1033-d340 @A: 14 09 11 29 | 02
#1034-d340 @A: 19 29 01 31 | 06
#1035-d340 @A: 14 30 06 29 | 07
#1036-d340 @A: 27 23 34 13 | 11
#1037-d340 @A: 23 06 34 04 | 08
#1038-d340 @A: 23 34 14 35 | 12
#1039-d340 @A: 12 30 34 35 | 03
#1040-d340 @A: 33 12 21 34 | 04
#1041-d340 @A: 34 02 18 08 | 01
#1042-d340 @A: 06 19 34 08 | 10
#1043-d340 @A: 14 10 13 04 | 05
#1044-d340 @A: 13 04 28 26 | 09
#1045-d340 @A: 04 17 13 33 | 02
#1046-d340 @A: 19 23 08 13 | 06
#1047-d340 @A: 06 18 13 35 | 07
#1048-d340 @A: 13 35 17 28 | 11
#1049-d340 @A: 30 13 10 31 | 08
#1050-d340 @A: 20 13 01 14 | 12
#1051-d340 @A: 13 03 12 19 | 03
#1052-d340 @A: 13 19 31 28 | 04
#1053-d340 @A: 04 11 27 17 | 01
#1054-d340 @A: 17 09 04 06 | 10
#1055-d340 @A: 09 04 02 27 | 05
#1056-d340 @A: 26 23 35 17 | 09
#1057-d340 @A: 08 17 23 10 | 02
#1058-d340 @A: 18 23 08 28 | 06
#1059-d340 @A: 18 24 23 03 | 07
#1060-d340 @A: 11 27 12 23 | 11
#1061-d340 @A: 28 23 19 27 | 08
#1062-d340 @A: 06 12 23 33 | 12
#1063-d340 @A: 11 35 16 24 | 03
#1064-d340 @A: 16 08 31 03 | 04
#1065-d340 @A: 12 22 16 26 | 01
#1066-d340 @A: 16 20 22 17 | 10
#1067-d340 @A: 16 31 27 20 | 05
#1068-d340 @A: 19 16 14 22 | 09
#1069-d340 @A: 06 24 03 35 | 02
#1070-d340 @A: 17 35 03 09 | 06
#1071-d340 @A: 35 12 02 27 | 07
#1072-d340 @A: 22 31 35 19 | 11
#1073-d340 @A: 01 35 06 09 | 08
#1074-d340 @A: 27 10 20 22 | 12
#1075-d340 @A: 18 08 17 21 | 03
#1076-d340 @A: 20 18 21 22 | 04
#1077-d340 @A: 31 21 28 24 | 01
#1078-d340 @A: 20 28 21 01 | 10
#1079-d340 @A: 14 21 11 02 | 05
#1080-d340 @A: 22 11 21 19 | 09
#1081-d340 @A: 02 01 12 21 | 02
#1082-d340 @A: 31 03 09 21 | 06
#1083-d340 @A: 22 19 18 12 | 07
#1084-d340 @A: 06 22 27 18 | 11
#1085-d340 @A: 12 26 08 17 | 08
#1086-d340 @A: 08 03 01 09 | 12
#1087-d340 @A: 17 24 19 11 | 03
#1088-d340 @A: 20 09 19 24 | 04
#1089-d340 @A: 02 09 30 24 | 01
#1090-d340 @A: 19 30 24 06 | 10
#1091-d340 @A: 26 28 02 20 | 05
#1092-d340 @A: 19 26 20 27 | 09
#1093-d340 @A: 02 31 26 01 | 02
#1094-d340 @A: 14 22 02 26 | 06
#1095-d340 @A: 26 12 28 01 | 07
#1096-d340 @A: 14 12 26 27 | 11
#1097-d340 @A: 14 17 33 27 | 08
#1098-d340 @A: 17 32 08 05 | 12
#1099-d340 @A: 20 05 33 32 | 03
#1100-d340 @A: 15 30 06 32 | 04
#1101-d340 @A: 27 22 32 15 | 01
#1102-d340 @A: 02 32 35 25 | 10
#1103-d340 @A: 10 28 25 32 | 05
#1104-d340 @A: 07 35 32 14 | 09
#1105-d340 @A: 07 11 24 32 | 02
#1106-d340 @A: 03 17 32 04 | 06
#1107-d340 @A: 31 11 16 32 | 07
#1108-d340 @A: 20 35 32 24 | 11
#1109-d340 @A: 18 03 32 10 | 08
#1110-d340 @A: 32 09 22 12 | 12
#1111-d340 @A: 32 28 22 14 | 03
#1112-d340 @A: 20 15 07 05 | 04
#1113-d340 @A: 22 15 24 05 | 01
#1114-d340 @A: 05 29 23 18 | 10
#1115-d340 @A: 35 29 09 05 | 05
#1116-d340 @A: 06 05 33 34 | 09
#1117-d340 @A: 05 35 03 13 | 02
#1118-d340 @A: 04 06 24 05 | 06
#1119-d340 @A: 19 08 05 24 | 07
#1120-d340 @A: 05 02 20 11 | 11
#1121-d340 @A: 05 11 01 31 | 08
#1122-d340 @A: 12 11 30 05 | 12
#1123-d340 @A: 34 23 03 15 | 03
#1124-d340 @A: 09 24 15 13 | 04
#1125-d340 @A: 17 13 15 01 | 01
#1126-d340 @A: 22 04 35 15 | 10
#1127-d340 @A: 17 24 23 15 | 05
#1128-d340 @A: 15 31 23 06 | 09
#1129-d340 @A: 08 15 21 02 | 02
#1130-d340 @A: 20 01 15 31 | 06
#1131-d340 @A: 02 09 12 15 | 07
#1132-d340 @A: 15 02 01 33 | 11
#1133-d340 @A: 15 28 30 22 | 08
#1134-d340 @A: 13 14 25 35 | 12
#1135-d340 @A: 28 25 01 04 | 03
#1136-d340 @A: 06 25 23 35 | 04
#1137-d340 @A: 19 24 23 25 | 01
#1138-d340 @A: 16 25 26 14 | 10
#1139-d340 @A: 11 19 25 27 | 05
#1140-d340 @A: 28 14 11 25 | 09
#1141-d340 @A: 28 12 25 19 | 02
#1142-d340 @A: 12 06 27 25 | 06
#1143-d340 @A: 14 07 29 10 | 07
#1144-d340 @A: 07 34 02 10 | 11
#1145-d340 @A: 34 07 08 14 | 08
#1146-d340 @A: 34 24 07 28 | 12
#1147-d340 @A: 13 07 04 02 | 03
#1148-d340 @A: 07 31 13 24 | 04
#1149-d340 @A: 13 07 14 26 | 01
#1150-d340 @A: 07 13 12 28 | 10
#1151-d340 @A: 04 20 07 11 | 05
#1152-d340 @A: 07 21 33 23 | 09
#1153-d340 @A: 18 07 27 23 | 02
#1154-d340 @A: 03 35 07 16 | 06
#1155-d340 @A: 07 16 21 14 | 07
#1156-d340 @A: 07 26 10 09 | 11
#1157-d340 @A: 07 20 33 30 | 08
#1158-d340 @A: 03 07 06 02 | 12
#1159-d340 @A: 16 29 35 34 | 03
#1160-d340 @A: 27 29 04 20 | 04
#1161-d340 @A: 23 31 26 29 | 01
#1162-d340 @A: 24 01 29 09 | 10
#1163-d340 @A: 01 02 06 29 | 05
#1164-d340 @A: 12 14 19 29 | 09
#1165-d340 @A: 03 34 13 24 | 02
#1166-d340 @A: 12 08 34 04 | 06
#1167-d340 @A: 23 19 34 18 | 07
#1168-d340 @A: 34 19 16 10 | 11
#1169-d340 @A: 34 16 27 11 | 08
#1170-d340 @A: 22 24 35 34 | 12
#1171-d340 @A: 12 34 18 31 | 03
#1172-d340 @A: 09 08 24 34 | 04
#1173-d340 @A: 22 08 34 26 | 01
#1174-d340 @A: 01 20 24 34 | 10
#1175-d340 @A: 12 17 34 01 | 05
#1176-d340 @A: 09 34 12 03 | 09
#1177-d340 @A: 34 22 06 12 | 02
#1178-d340 @A: 28 27 22 34 | 06
#1179-d340 @A: 13 18 30 23 | 07
#1180-d340 @A: 33 28 21 13 | 11
#1181-d340 @A: 13 09 12 33 | 08
#1182-d340 @A: 04 19 26 35 | 12
#1183-d340 @A: 12 11 35 04 | 03
#1184-d340 @A: 04 10 21 30 | 04
#1185-d340 @A: 21 08 04 28 | 01
#1186-d340 @A: 04 17 22 01 | 10
#1187-d340 @A: 04 20 03 01 | 05
#1188-d340 @A: 28 04 30 20 | 09
#1189-d340 @A: 20 06 04 22 | 02
#1190-d340 @A: 03 04 19 31 | 06
#1191-d340 @A: 04 27 14 06 | 07
#1192-d340 @A: 16 28 20 23 | 11
#1193-d340 @A: 10 20 02 23 | 08
#1194-d340 @A: 12 20 21 23 | 12
#1195-d340 @A: 02 11 23 28 | 03
#1196-d340 @A: 01 19 23 06 | 04
#1197-d340 @A: 16 26 10 02 | 01
#1198-d340 @A: 26 21 17 16 | 10
#1199-d340 @A: 27 03 16 30 | 05
#1200-d340 @A: 30 22 16 31 | 09
#1201-d340 @A: 35 18 19 10 | 02
#1202-d340 @A: 21 18 35 30 | 06
#1203-d340 @A: 18 11 35 26 | 07
#1204-d340 @A: 35 26 06 22 | 11
#1205-d340 @A: 35 27 17 22 | 08
#1206-d340 @A: 33 17 35 12 | 12
#1207-d340 @A: 03 28 35 11 | 03
#1208-d340 @A: 35 09 28 22 | 04
#1209-d340 @A: 30 06 35 27 | 01
#1210-d340 @A: 24 22 21 10 | 10
#1211-d340 @A: 10 18 28 24 | 05
#1212-d340 @A: 17 09 14 10 | 09
#1213-d340 @A: 20 14 10 28 | 02
#1214-d340 @A: 10 03 06 31 | 06
#1215-d340 @A: 11 06 21 03 | 07
#1216-d340 @A: 18 17 02 20 | 11
#1217-d340 @A: 09 18 28 17 | 08
#1218-d340 @A: 18 06 20 28 | 12
#1219-d340 @A: 22 18 28 01 | 03
#1220-d340 @A: 17 19 08 01 | 04
#1221-d340 @A: 17 08 22 09 | 01
#1222-d340 @A: 12 14 08 11 | 10
#1223-d340 @A: 30 22 14 08 | 05
#1224-d340 @A: 22 14 33 08 | 09
#1225-d340 @A: 02 28 24 12 | 02
#1226-d340 @A: 28 22 26 17 | 06
#1227-d340 @A: 11 31 26 03 | 07
#1228-d340 @A: 03 01 27 26 | 11
#1229-d340 @A: 17 02 33 06 | 08
#1230-d340 @A: 24 32 05 27 | 12
#1231-d340 @A: 32 15 23 19 | 03
#1232-d340 @A: 16 32 15 10 | 04
#1233-d340 @A: 32 26 31 15 | 01
#1234-d340 @A: 03 25 34 32 | 10
#1235-d340 @A: 25 32 11 13 | 05
#1236-d340 @A: 02 32 21 07 | 09
#1237-d340 @A: 31 34 32 24 | 02
#1238-d340 @A: 19 27 32 34 | 06
#1239-d340 @A: 02 32 13 26 | 07
#1240-d340 @A: 28 32 09 13 | 11
#1241-d340 @A: 10 20 32 04 | 08
#1242-d340 @A: 33 30 04 32 | 12
#1243-d340 @A: 23 30 32 35 | 03
#1244-d340 @A: 10 11 32 23 | 04
#1245-d340 @A: 23 32 01 26 | 01
#1246-d340 @A: 16 21 03 32 | 10
#1247-d340 @A: 33 32 26 16 | 05
#1248-d340 @A: 26 21 30 32 | 09
#1249-d340 @A: 32 18 19 24 | 02
#1250-d340 @A: 24 18 32 33 | 06
#1251-d340 @A: 12 11 28 32 | 07
#1252-d340 @A: 14 05 35 15 | 11
#1253-d340 @A: 10 05 19 15 | 08
#1254-d340 @A: 25 34 22 05 | 12
#1255-d340 @A: 16 05 11 25 | 03
#1256-d340 @A: 05 14 09 25 | 04
#1257-d340 @A: 05 25 33 09 | 01
#1258-d340 @A: 18 05 07 14 | 10
#1259-d340 @A: 05 33 07 12 | 05
#1260-d340 @A: 05 13 12 29 | 09
#1261-d340 @A: 26 11 05 29 | 02
#1262-d340 @A: 05 27 13 16 | 06
#1263-d340 @A: 14 05 13 21 | 07
#1264-d340 @A: 04 17 26 05 | 11
#1265-d340 @A: 06 05 20 35 | 08
#1266-d340 @A: 05 31 21 18 | 12
#1267-d340 @A: 05 02 21 33 | 03
#1268-d340 @A: 03 11 05 18 | 04
#1269-d340 @A: 05 31 22 17 | 01
#1270-d340 @A: 02 22 28 05 | 10
#1271-d340 @A: 05 22 01 09 | 05
#1272-d340 @A: 06 05 03 22 | 09
#1273-d340 @A: 28 25 15 34 | 02
#1274-d340 @A: 13 25 15 30 | 06
#1275-d340 @A: 25 15 01 12 | 07
#1276-d340 @A: 16 07 12 15 | 11
#1277-d340 @A: 09 34 15 16 | 08
#1278-d340 @A: 10 15 14 34 | 12
#1279-d340 @A: 23 15 13 14 | 03
#1280-d340 @A: 12 13 06 15 | 04
#1281-d340 @A: 15 28 23 35 | 01
#1282-d340 @A: 15 23 20 27 | 10
#1283-d340 @A: 15 26 16 30 | 05
#1284-d340 @A: 18 02 24 15 | 09
#1285-d340 @A: 15 18 06 19 | 02
#1286-d340 @A: 01 22 15 02 | 06
#1287-d340 @A: 01 28 19 15 | 07
#1288-d340 @A: 15 12 14 31 | 11
#1289-d340 @A: 25 35 07 31 | 08
#1290-d340 @A: 19 07 10 25 | 12
#1291-d340 @A: 34 35 27 25 | 03
#1292-d340 @A: 25 06 14 34 | 04
#1293-d340 @A: 16 25 13 33 | 01
#1294-d340 @A: 24 13 25 06 | 10
#1295-d340 @A: 19 25 18 04 | 05
#1296-d340 @A: 18 12 35 25 | 09
#1297-d340 @A: 10 25 18 21 | 02
#1298-d340 @A: 10 01 25 06 | 06
#1299-d340 @A: 08 06 25 18 | 07
#1300-d340 @A: 17 25 20 27 | 11
#1301-d340 @A: 33 25 20 02 | 08
#1302-d340 @A: 29 04 07 19 | 12
#1303-d340 @A: 07 17 08 29 | 03
#1304-d340 @A: 30 13 21 07 | 04
#1305-d340 @A: 07 04 28 18 | 01
#1306-d340 @A: 23 07 24 26 | 10
#1307-d340 @A: 07 12 03 23 | 05
#1308-d340 @A: 35 28 07 01 | 09
#1309-d340 @A: 10 07 11 22 | 02
#1310-d340 @A: 24 21 07 17 | 06
#1311-d340 @A: 20 01 02 07 | 07
#1312-d340 @A: 07 30 27 19 | 11
#1313-d340 @A: 20 29 34 13 | 08
#1314-d340 @A: 29 34 04 33 | 12
#1315-d340 @A: 34 23 29 28 | 03
#1316-d340 @A: 31 06 29 34 | 04
#1317-d340 @A: 08 29 16 04 | 01
#1318-d340 @A: 12 23 10 29 | 10
#1319-d340 @A: 29 21 30 23 | 05
#1320-d340 @A: 29 26 16 01 | 09
#1321-d340 @A: 16 29 20 14 | 02
#1322-d340 @A: 31 08 29 21 | 06
#1323-d340 @A: 26 29 21 22 | 07
#1324-d340 @A: 08 19 11 29 | 11
#1325-d340 @A: 12 30 29 28 | 08
#1326-d340 @A: 17 13 19 34 | 12
#1327-d340 @A: 34 30 16 23 | 03
#1328-d340 @A: 34 10 24 27 | 04
#1329-d340 @A: 34 18 11 21 | 01
#1330-d340 @A: 26 12 21 34 | 10
#1331-d340 @A: 34 20 30 14 | 05
#1332-d340 @A: 09 11 34 06 | 09
#1333-d340 @A: 34 11 28 01 | 02
#1334-d340 @A: 28 34 14 09 | 06
#1335-d340 @A: 01 31 30 34 | 07
#1336-d340 @A: 23 03 13 04 | 11
#1337-d340 @A: 13 08 31 04 | 08
#1338-d340 @A: 16 12 10 13 | 12
#1339-d340 @A: 13 16 03 18 | 03
#1340-d340 @A: 35 19 24 13 | 04
#1341-d340 @A: 12 08 13 21 | 01
#1342-d340 @A: 27 24 21 13 | 10
#1343-d340 @A: 33 13 03 18 | 05
#1344-d340 @A: 28 20 08 13 | 09
#1345-d340 @A: 20 11 27 13 | 02
#1346-d340 @A: 30 12 13 09 | 06
#1347-d340 @A: 23 24 02 04 | 07
#1348-d340 @A: 14 24 21 04 | 11
#1349-d340 @A: 12 19 21 04 | 08
#1350-d340 @A: 01 30 08 04 | 12
#1351-d340 @A: 35 12 16 23 | 03
#1352-d340 @A: 03 23 10 35 | 04
#1353-d340 @A: 33 23 18 35 | 01
#1354-d340 @A: 21 23 18 14 | 10
#1355-d340 @A: 23 26 21 09 | 05
#1356-d340 @A: 19 23 17 03 | 09
#1357-d340 @A: 02 30 03 23 | 02
#1358-d340 @A: 23 02 27 14 | 06
#1359-d340 @A: 01 28 23 09 | 07
#1360-d340 @A: 22 23 12 30 | 11
#1361-d340 @A: 06 27 23 03 | 08
#1362-d340 @A: 31 14 23 28 | 12
#1363-d340 @A: 16 21 30 09 | 03
#1364-d340 @A: 21 30 16 33 | 04
#1365-d340 @A: 09 26 18 16 | 01
#1366-d340 @A: 20 16 18 11 | 10
#1367-d340 @A: 16 02 06 30 | 05
#1368-d340 @A: 14 35 33 10 | 09
#1369-d340 @A: 11 35 19 20 | 02
#1370-d340 @A: 12 35 20 09 | 06
#1371-d340 @A: 19 14 06 35 | 07
#1372-d340 @A: 10 02 09 21 | 11
#1373-d340 @A: 33 02 24 10 | 08
#1374-d340 @A: 10 11 14 31 | 12
#1375-d340 @A: 30 10 22 09 | 03
#1376-d340 @A: 10 01 31 22 | 04
#1377-d340 @A: 24 21 20 08 | 01
#1378-d340 @A: 11 20 21 09 | 10
#1379-d340 @A: 27 18 24 30 | 05
#1380-d340 @A: 17 30 18 12 | 09
#1381-d340 @A: 06 18 31 17 | 02
#1382-d340 @A: 24 08 09 33 | 06
#1383-d340 @A: 11 09 08 02 | 07
#1384-d340 @A: 26 20 06 24 | 11
#1385-d340 @A: 11 26 24 02 | 08
#1386-d340 @A: 24 17 31 09 | 12
#1387-d340 @A: 24 30 11 20 | 03
#1388-d340 @A: 24 30 28 01 | 04
#1389-d340 @A: 01 03 33 24 | 01
#1390-d340 @A: 24 31 33 27 | 10
#1391-d340 @A: 20 14 03 26 | 05
#1392-d340 @A: 19 26 11 01 | 09
#1393-d340 @A: 26 28 19 09 | 02
#1394-d340 @A: 01 06 30 26 | 06
#1395-d340 @A: 17 11 33 30 | 07
#1396-d340 @A: 33 17 27 19 | 11
#1397-d340 @A: 02 22 31 33 | 08
#1398-d340 @A: 32 05 30 13 | 12
#1399-d340 @A: 32 15 18 17 | 03
#1400-d340 @A: 01 15 32 24 | 04
#1401-d340 @A: 32 22 25 07 | 01
#1402-d340 @A: 32 27 04 25 | 10
#1403-d340 @A: 18 30 32 25 | 05
#1404-d340 @A: 32 26 09 25 | 09
#1405-d340 @A: 28 34 26 32 | 02
#1406-d340 @A: 23 32 17 13 | 06
#1407-d340 @A: 08 03 13 32 | 07
#1408-d340 @A: 22 32 24 13 | 11
#1409-d340 @A: 19 32 13 33 | 08
#1410-d340 @A: 32 21 23 27 | 12
#1411-d340 @A: 24 32 23 28 | 03
#1412-d340 @A: 16 32 19 26 | 04
#1413-d340 @A: 26 03 35 32 | 01
#1414-d340 @A: 27 26 32 10 | 10
#1415-d340 @A: 14 20 11 32 | 05
#1416-d340 @A: 30 32 03 31 | 09
#1417-d340 @A: 16 28 05 15 | 02
#1418-d340 @A: 25 07 05 27 | 06
#1419-d340 @A: 04 07 05 31 | 07
#1420-d340 @A: 24 33 29 05 | 11
#1421-d340 @A: 05 02 31 29 | 08
#1422-d340 @A: 13 22 05 19 | 12
#1423-d340 @A: 05 26 06 16 | 03
#1424-d340 @A: 17 35 05 10 | 04
#1425-d340 @A: 35 05 18 22 | 01
#1426-d340 @A: 33 05 10 30 | 10
#1427-d340 @A: 20 05 24 17 | 05
#1428-d340 @A: 20 05 26 01 | 09
#1429-d340 @A: 14 19 05 20 | 02
#1430-d340 @A: 27 25 15 16 | 06
#1431-d340 @A: 28 15 07 08 | 07
#1432-d340 @A: 15 29 23 09 | 11
#1433-d340 @A: 34 33 20 15 | 08
#1434-d340 @A: 13 27 15 04 | 12
#1435-d340 @A: 15 13 26 03 | 03
#1436-d340 @A: 13 15 20 22 | 04
#1437-d340 @A: 22 21 15 16 | 01
#1438-d340 @A: 35 27 21 15 | 10
#1439-d340 @A: 35 26 15 09 | 05
#1440-d340 @A: 19 33 15 10 | 09
#1441-d340 @A: 28 15 24 11 | 02
#1442-d340 @A: 12 28 17 15 | 06
#1443-d340 @A: 06 20 15 11 | 07
#1444-d340 @A: 15 02 27 19 | 11
#1445-d340 @A: 09 14 15 27 | 08
#1446-d340 @A: 04 25 16 10 | 12
#1447-d340 @A: 23 11 26 25 | 03
#1448-d340 @A: 30 16 25 35 | 04
#1449-d340 @A: 18 22 16 25 | 01
#1450-d340 @A: 25 35 08 17 | 10
#1451-d340 @A: 03 25 31 18 | 05
#1452-d340 @A: 22 25 01 11 | 09
#1453-d340 @A: 25 30 02 14 | 02
#1454-d340 @A: 12 03 14 25 | 06
#1455-d340 @A: 23 11 29 07 | 07
#1456-d340 @A: 29 18 35 07 | 11
#1457-d340 @A: 24 07 29 20 | 08
#1458-d340 @A: 34 06 07 27 | 12
#1459-d340 @A: 22 13 07 16 | 03
#1460-d340 @A: 07 01 16 04 | 04
#1461-d340 @A: 02 24 19 07 | 01
#1462-d340 @A: 14 20 07 22 | 10
#1463-d340 @A: 07 02 12 30 | 05
#1464-d340 @A: 07 19 09 03 | 09
#1465-d340 @A: 29 13 30 16 | 02
#1466-d340 @A: 29 16 24 12 | 06
#1467-d340 @A: 20 10 29 26 | 07
#1468-d340 @A: 14 04 34 26 | 11
#1469-d340 @A: 01 23 10 34 | 08
#1470-d340 @A: 01 34 22 16 | 12
#1471-d340 @A: 21 03 34 35 | 03
#1472-d340 @A: 26 35 20 34 | 04
#1473-d340 @A: 21 06 34 02 | 01
#1474-d340 @A: 34 18 03 26 | 10
#1475-d340 @A: 34 30 19 22 | 05
#1476-d340 @A: 21 10 13 23 | 09
#1477-d340 @A: 02 16 35 13 | 02
#1478-d340 @A: 08 16 17 13 | 06
#1479-d340 @A: 13 26 01 35 | 07
#1480-d340 @A: 30 24 14 13 | 11
#1481-d340 @A: 30 13 27 26 | 08
#1482-d340 @A: 13 02 31 11 | 12
#1483-d340 @A: 11 13 09 03 | 03
#1484-d340 @A: 04 06 35 16 | 04
#1485-d340 @A: 27 04 26 16 | 01
#1486-d340 @A: 04 21 09 18 | 10
#1487-d340 @A: 26 04 08 09 | 05
#1488-d340 @A: 11 31 04 22 | 09
#1489-d340 @A: 19 06 04 02 | 02
#1490-d340 @A: 19 04 33 02 | 06
#1491-d340 @A: 01 09 12 04 | 07
#1492-d340 @A: 30 14 03 04 | 11
#1493-d340 @A: 16 03 26 23 | 08
#1494-d340 @A: 20 08 35 23 | 12
#1495-d340 @A: 23 21 17 06 | 03
#1496-d340 @A: 08 23 33 30 | 04
#1497-d340 @A: 26 23 33 27 | 01
#1498-d340 @A: 23 22 09 02 | 10
#1499-d340 @A: 21 27 16 10 | 05
#1500-d340 @A: 06 08 16 10 | 09
#1501-d340 @A: 08 01 21 16 | 02
#1502-d340 @A: 24 31 18 16 | 06
#1503-d340 @A: 24 08 16 14 | 07
#1504-d340 @A: 22 06 24 16 | 11
#1505-d340 @A: 03 16 20 06 | 08
#1506-d340 @A: 35 26 08 02 | 12
#1507-d340 @A: 35 01 20 17 | 03
#1508-d340 @A: 35 22 01 12 | 04
#1509-d340 @A: 08 24 10 03 | 01
#1510-d340 @A: 08 26 14 10 | 10
#1511-d340 @A: 19 10 20 12 | 05
#1512-d340 @A: 10 02 30 11 | 09
#1513-d340 @A: 10 11 03 19 | 02
#1514-d340 @A: 10 06 12 11 | 06
#1515-d340 @A: 10 11 28 27 | 07
#1516-d340 @A: 10 02 03 01 | 11
#1517-d340 @A: 10 28 02 06 | 08
#1518-d340 @A: 09 12 10 31 | 12
#1519-d340 @A: 09 01 14 21 | 03
#1520-d340 @A: 18 02 19 11 | 04
#1521-d340 @A: 02 30 18 28 | 01
#1522-d340 @A: 08 19 31 20 | 10
#1523-d340 @A: 09 27 31 08 | 05
#1524-d340 @A: 08 12 31 30 | 09
#1525-d340 @A: 22 31 28 08 | 02
#1526-d340 @A: 17 24 26 03 | 06
#1527-d340 @A: 24 14 19 26 | 07
#1528-d340 @A: 24 03 19 27 | 11
#1529-d340 @A: 09 24 28 06 | 08
#1530-d340 @A: 24 01 27 14 | 12
#1531-d340 @A: 12 26 11 20 | 03
#1532-d340 @A: 20 26 09 30 | 04
#1533-d340 @A: 03 12 02 26 | 01
#1534-d340 @A: 33 26 02 12 | 10
#1535-d340 @A: 06 33 26 30 | 05
#1536-d340 @A: 09 17 33 28 | 09
#1537-d340 @A: 20 28 22 33 | 02
#1538-d340 @A: 32 10 31 05 | 06
#1539-d340 @A: 15 32 03 07 | 07
#1540-d340 @A: 04 15 32 28 | 11
#1541-d340 @A: 31 32 08 25 | 08
#1542-d340 @A: 24 25 14 32 | 12
#1543-d340 @A: 35 32 33 34 | 03
#1544-d340 @A: 08 06 32 28 | 04
#1545-d340 @A: 27 32 17 28 | 01
#1546-d340 @A: 06 08 15 05 | 10
#1547-d340 @A: 27 26 05 15 | 05
#1548-d340 @A: 07 34 09 05 | 09
#1549-d340 @A: 26 05 07 03 | 02
#1550-d340 @A: 21 29 05 17 | 06
#1551-d340 @A: 08 29 05 20 | 07
#1552-d340 @A: 24 05 02 34 | 11
#1553-d340 @A: 24 13 05 11 | 08
#1554-d340 @A: 16 20 04 05 | 12
#1555-d340 @A: 22 14 05 04 | 03
#1556-d340 @A: 23 05 22 27 | 04
#1557-d340 @A: 05 28 23 33 | 01
#1558-d340 @A: 16 17 05 18 | 10
#1559-d340 @A: 08 33 05 03 | 05
#1560-d340 @A: 05 17 09 30 | 09
#1561-d340 @A: 05 31 12 19 | 02
#1562-d340 @A: 30 05 14 01 | 06
#1563-d340 @A: 25 21 15 07 | 07
#1564-d340 @A: 22 25 09 15 | 11
#1565-d340 @A: 10 15 07 23 | 08
#1566-d340 @A: 34 15 17 08 | 12
#1567-d340 @A: 15 34 26 19 | 03
#1568-d340 @A: 13 08 15 35 | 04
#1569-d340 @A: 15 28 35 33 | 01
#1570-d340 @A: 08 10 30 15 | 10
#1571-d340 @A: 17 10 22 15 | 05
#1572-d340 @A: 15 12 24 21 | 09
#1573-d340 @A: 26 21 06 15 | 02
#1574-d340 @A: 03 08 27 15 | 06
#1575-d340 @A: 20 03 02 15 | 07
#1576-d340 @A: 15 12 20 30 | 11
#1577-d340 @A: 15 14 03 01 | 08
#1578-d340 @A: 28 25 29 17 | 12
#1579-d340 @A: 16 25 34 12 | 03
#1580-d340 @A: 19 34 25 21 | 04
#1581-d340 @A: 13 25 18 27 | 01
#1582-d340 @A: 23 10 25 14 | 10
#1583-d340 @A: 25 31 22 23 | 05
#1584-d340 @A: 25 35 26 28 | 09
#1585-d340 @A: 25 35 02 33 | 02
#1586-d340 @A: 08 27 10 25 | 06
#1587-d340 @A: 25 10 22 03 | 07
#1588-d340 @A: 09 08 21 25 | 11
#1589-d340 @A: 25 24 21 11 | 08
#1590-d340 @A: 21 25 20 14 | 12
#1591-d340 @A: 27 02 25 24 | 03
#1592-d340 @A: 02 19 25 26 | 04
#1593-d340 @A: 17 25 11 06 | 01
#1594-d340 @A: 25 22 28 20 | 10
#1595-d340 @A: 12 09 25 11 | 05
#1596-d340 @A: 28 33 25 30 | 09
#1597-d340 @A: 07 29 33 35 | 02
#1598-d340 @A: 10 18 13 07 | 06
#1599-d340 @A: 07 08 13 09 | 07
#1600-d340 @A: 06 13 07 11 | 11
#1601-d340 @A: 07 13 02 33 | 08
#1602-d340 @A: 04 07 26 22 | 12
#1603-d340 @A: 21 07 23 28 | 03
#1604-d340 @A: 07 09 23 17 | 04
#1605-d340 @A: 07 21 20 26 | 01
#1606-d340 @A: 07 22 18 24 | 10
#1607-d340 @A: 33 26 19 07 | 05
#1608-d340 @A: 17 07 12 19 | 09
#1609-d340 @A: 19 11 07 28 | 02
#1610-d340 @A: 29 17 24 13 | 06
#1611-d340 @A: 20 23 33 29 | 07
#1612-d340 @A: 09 26 29 03 | 11
#1613-d340 @A: 33 29 09 26 | 08
#1614-d340 @A: 20 19 29 03 | 12
#1615-d340 @A: 14 01 28 29 | 03
#1616-d340 @A: 29 03 28 31 | 04
#1617-d340 @A: 12 29 27 31 | 01
#1618-d340 @A: 13 34 31 35 | 10
#1619-d340 @A: 13 26 34 11 | 05
#1620-d340 @A: 11 08 23 34 | 09
#1621-d340 @A: 06 17 34 20 | 02
#1622-d340 @A: 27 20 34 03 | 06
#1623-d340 @A: 12 20 28 34 | 07
#1624-d340 @A: 19 31 09 34 | 11
#1625-d340 @A: 18 22 04 13 | 08
#1626-d340 @A: 09 18 13 19 | 12
#1627-d340 @A: 08 26 13 06 | 03
#1628-d340 @A: 33 13 28 26 | 04
#1629-d340 @A: 11 17 13 22 | 01
#1630-d340 @A: 12 27 13 17 | 10
#1631-d340 @A: 12 31 01 13 | 05
#1632-d340 @A: 28 10 04 23 | 09
#1633-d340 @A: 08 23 04 22 | 02
#1634-d340 @A: 18 04 12 16 | 06
#1635-d340 @A: 04 16 31 02 | 07
#1636-d340 @A: 03 04 24 09 | 11
#1637-d340 @A: 04 14 33 26 | 08
#1638-d340 @A: 11 33 20 04 | 12
#1639-d340 @A: 22 09 04 19 | 03
#1640-d340 @A: 04 01 27 19 | 04
#1641-d340 @A: 31 04 09 28 | 01
#1642-d340 @A: 23 26 30 14 | 10
#1643-d340 @A: 22 20 19 23 | 05
#1644-d340 @A: 01 30 23 20 | 09
#1645-d340 @A: 28 23 06 12 | 02
#1646-d340 @A: 16 20 10 35 | 06
#1647-d340 @A: 35 16 09 19 | 07
#1648-d340 @A: 16 27 35 33 | 11
#1649-d340 @A: 24 16 17 10 | 08
#1650-d340 @A: 11 30 16 17 | 12
#1651-d340 @A: 28 06 17 16 | 03
#1652-d340 @A: 20 16 02 12 | 04
#1653-d340 @A: 16 19 27 12 | 01
#1654-d340 @A: 27 09 16 06 | 10
#1655-d340 @A: 14 35 20 02 | 05
#1656-d340 @A: 35 02 03 19 | 09
#1657-d340 @A: 26 28 10 31 | 02
#1658-d340 @A: 17 02 10 12 | 06
#1659-d340 @A: 27 10 02 31 | 07
#1660-d340 @A: 01 10 09 19 | 11
#1661-d340 @A: 28 19 10 30 | 08
#1662-d340 @A: 28 06 10 33 | 12
#1663-d340 @A: 26 08 21 19 | 03
#1664-d340 @A: 19 09 21 06 | 04
#1665-d340 @A: 14 19 21 27 | 01
#1666-d340 @A: 28 06 22 21 | 10
#1667-d340 @A: 33 18 17 31 | 05
#1668-d340 @A: 20 14 18 12 | 09
#1669-d340 @A: 14 11 18 27 | 02
#1670-d340 @A: 19 14 18 28 | 06
#1671-d340 @A: 19 27 18 31 | 07
#1672-d340 @A: 18 33 09 22 | 11
#1673-d340 @A: 17 08 03 20 | 08
#1674-d340 @A: 30 08 27 17 | 12
#1675-d340 @A: 14 27 20 08 | 03
#1676-d340 @A: 19 12 02 08 | 04
#1677-d340 @A: 08 01 28 33 | 01
#1678-d340 @A: 27 12 08 28 | 10
#1679-d340 @A: 17 33 20 24 | 05
#1680-d340 @A: 01 17 24 02 | 09
#1681-d340 @A: 01 24 03 31 | 02
#1682-d340 @A: 14 01 26 17 | 06
#1683-d340 @A: 33 26 22 17 | 07
#1684-d340 @A: 06 02 26 09 | 11
#1685-d340 @A: 12 26 30 19 | 08
#1686-d340 @A: 20 33 27 06 | 12
#1687-d340 @A: 22 11 02 33 | 03
#1688-d340 @A: 33 31 19 06 | 04
#1689-d340 @A: 30 09 33 14 | 01
