#0001-d342 @A: 12 08 35 02 | 12
#0002-d342 @A: 16 29 08 02 | 09
#0003-d342 @A: 03 02 08 13 | 05
#0004-d342 @A: 02 25 04 08 | 03
#0005-d342 @A: 32 34 25 02 | 06
#0006-d342 @A: 34 12 02 18 | 04
#0007-d342 @A: 34 06 02 10 | 02
#0008-d342 @A: 35 28 14 02 | 11
#0009-d342 @A: 01 14 02 20 | 08
#0010-d342 @A: 32 02 27 23 | 07
#0011-d342 @A: 24 07 02 23 | 01
#0012-d342 @A: 02 13 23 09 | 10
#0013-d342 @A: 02 21 28 13 | 12
#0014-d342 @A: 15 22 31 02 | 09
#0015-d342 @A: 29 25 05 02 | 05
#0016-d342 @A: 29 33 21 02 | 03
#0017-d342 @A: 35 27 02 11 | 06
#0018-d342 @A: 21 27 02 20 | 04
#0019-d342 @A: 34 08 10 14 | 02
#0020-d342 @A: 14 23 08 24 | 11
#0021-d342 @A: 15 14 08 12 | 08
#0022-d342 @A: 05 14 08 20 | 07
#0023-d342 @A: 23 17 08 26 | 01
#0024-d342 @A: 08 23 13 35 | 10
#0025-d342 @A: 30 23 19 08 | 12
#0026-d342 @A: 15 08 32 01 | 09
#0027-d342 @A: 08 05 21 32 | 05
#0028-d342 @A: 07 08 13 04 | 03
#0029-d342 @A: 29 13 09 08 | 06
#0030-d342 @A: 08 04 29 20 | 04
#0031-d342 @A: 08 30 16 01 | 02
#0032-d342 @A: 33 19 08 31 | 11
#0033-d342 @A: 24 33 15 08 | 08
#0034-d342 @A: 08 18 20 30 | 07
#0035-d342 @A: 08 30 24 27 | 01
#0036-d342 @A: 34 07 09 30 | 10
#0037-d342 @A: 29 34 10 22 | 12
#0038-d342 @A: 13 31 34 27 | 09
#0039-d342 @A: 18 34 19 31 | 05
#0040-d342 @A: 05 21 17 34 | 03
#0041-d342 @A: 10 34 35 17 | 06
#0042-d342 @A: 33 19 30 34 | 04
#0043-d342 @A: 35 21 09 34 | 02
#0044-d342 @A: 32 14 16 15 | 11
#0045-d342 @A: 16 07 14 03 | 08
#0046-d342 @A: 29 14 26 20 | 07
#0047-d342 @A: 15 14 05 29 | 01
#0048-d342 @A: 31 16 17 14 | 10
#0049-d342 @A: 16 01 14 10 | 12
#0050-d342 @A: 14 30 17 04 | 09
#0051-d342 @A: 03 14 18 20 | 05
#0052-d342 @A: 11 23 32 33 | 03
#0053-d342 @A: 22 23 06 21 | 06
#0054-d342 @A: 23 12 26 21 | 04
#0055-d342 @A: 05 23 12 13 | 02
#0056-d342 @A: 06 29 33 23 | 11
#0057-d342 @A: 16 04 23 17 | 08
#0058-d342 @A: 19 01 10 23 | 07
#0059-d342 @A: 04 23 25 21 | 01
#0060-d342 @A: 23 33 30 25 | 10
#0061-d342 @A: 20 35 24 23 | 12
#0062-d342 @A: 07 04 26 32 | 09
#0063-d342 @A: 07 10 32 05 | 05
#0064-d342 @A: 13 07 32 18 | 03
#0065-d342 @A: 31 24 09 32 | 06
#0066-d342 @A: 01 32 26 19 | 04
#0067-d342 @A: 32 03 13 06 | 02
#0068-d342 @A: 32 17 01 18 | 11
#0069-d342 @A: 04 01 30 32 | 08
#0070-d342 @A: 04 32 35 13 | 07
#0071-d342 @A: 03 05 06 28 | 01
#0072-d342 @A: 30 07 22 05 | 10
#0073-d342 @A: 22 07 19 10 | 12
#0074-d342 @A: 07 29 01 10 | 09
#0075-d342 @A: 19 26 07 21 | 05
#0076-d342 @A: 21 15 01 07 | 03
#0077-d342 @A: 21 07 33 17 | 06
#0078-d342 @A: 33 18 07 25 | 04
#0079-d342 @A: 27 30 07 20 | 02
#0080-d342 @A: 12 11 22 01 | 11
#0081-d342 @A: 12 30 22 20 | 08
#0082-d342 @A: 22 31 19 04 | 07
#0083-d342 @A: 06 04 26 22 | 01
#0084-d342 @A: 22 35 04 05 | 10
#0085-d342 @A: 22 09 10 04 | 12
#0086-d342 @A: 18 25 22 09 | 09
#0087-d342 @A: 11 29 31 12 | 05
#0088-d342 @A: 31 13 12 18 | 03
#0089-d342 @A: 12 21 17 25 | 06
#0090-d342 @A: 25 04 11 12 | 04
#0091-d342 @A: 18 12 09 27 | 02
#0092-d342 @A: 04 21 12 27 | 11
#0093-d342 @A: 21 16 26 29 | 08
#0094-d342 @A: 01 06 29 19 | 07
#0095-d342 @A: 15 01 29 33 | 01
#0096-d342 @A: 29 20 35 01 | 10
#0097-d342 @A: 18 29 33 27 | 12
#0098-d342 @A: 35 21 29 18 | 09
#0099-d342 @A: 29 27 30 09 | 05
#0100-d342 @A: 35 29 33 24 | 03
#0101-d342 @A: 30 16 13 31 | 06
#0102-d342 @A: 30 16 04 15 | 04
#0103-d342 @A: 16 11 03 17 | 02
#0104-d342 @A: 19 16 20 30 | 11
#0105-d342 @A: 13 31 01 03 | 08
#0106-d342 @A: 05 20 31 18 | 07
#0107-d342 @A: 18 10 24 31 | 01
#0108-d342 @A: 30 18 31 15 | 10
#0109-d342 @A: 35 09 20 31 | 12
#0110-d342 @A: 20 17 24 26 | 09
#0111-d342 @A: 26 25 27 30 | 05
#0112-d342 @A: 21 26 04 30 | 03
#0113-d342 @A: 11 26 30 20 | 06
#0114-d342 @A: 06 09 19 17 | 04
#0115-d342 @A: 13 05 11 27 | 02
#0116-d342 @A: 09 10 05 24 | 11
#0117-d342 @A: 35 21 05 15 | 08
#0118-d342 @A: 18 09 05 33 | 07
#0119-d342 @A: 17 10 13 04 | 01
#0120-d342 @A: 20 11 15 13 | 10
#0121-d342 @A: 17 35 20 13 | 12
#0122-d342 @A: 10 04 19 21 | 09
#0123-d342 @A: 24 15 19 09 | 05
#0124-d342 @A: 19 17 25 11 | 03
#0125-d342 @A: 19 35 33 25 | 06
#0126-d342 @A: 19 33 03 04 | 04
#0127-d342 @A: 19 08 15 02 | 02
#0128-d342 @A: 14 02 34 15 | 11
#0129-d342 @A: 02 07 34 28 | 08
#0130-d342 @A: 14 02 11 23 | 07
#0131-d342 @A: 10 31 02 23 | 01
#0132-d342 @A: 02 31 19 23 | 10
#0133-d342 @A: 18 23 02 01 | 12
#0134-d342 @A: 06 24 02 32 | 09
#0135-d342 @A: 11 12 28 02 | 05
#0136-d342 @A: 02 28 29 10 | 03
#0137-d342 @A: 28 09 16 02 | 06
#0138-d342 @A: 28 26 02 04 | 04
#0139-d342 @A: 28 25 02 03 | 02
#0140-d342 @A: 18 07 19 02 | 11
#0141-d342 @A: 13 02 05 22 | 08
#0142-d342 @A: 02 11 26 01 | 07
#0143-d342 @A: 06 27 02 17 | 01
#0144-d342 @A: 04 19 27 02 | 10
#0145-d342 @A: 08 15 34 23 | 12
#0146-d342 @A: 34 08 21 29 | 09
#0147-d342 @A: 14 06 21 08 | 05
#0148-d342 @A: 08 16 22 28 | 03
#0149-d342 @A: 28 08 29 01 | 06
#0150-d342 @A: 07 16 19 08 | 04
#0151-d342 @A: 26 08 22 24 | 02
#0152-d342 @A: 19 12 08 21 | 11
#0153-d342 @A: 26 30 29 08 | 08
#0154-d342 @A: 13 19 08 20 | 07
#0155-d342 @A: 30 10 35 08 | 01
#0156-d342 @A: 08 15 18 03 | 10
#0157-d342 @A: 33 17 30 08 | 12
#0158-d342 @A: 08 11 19 18 | 09
#0159-d342 @A: 08 09 30 04 | 05
#0160-d342 @A: 34 14 18 01 | 03
#0161-d342 @A: 09 16 23 34 | 06
#0162-d342 @A: 32 21 34 07 | 04
#0163-d342 @A: 12 32 04 34 | 02
#0164-d342 @A: 29 07 20 34 | 11
#0165-d342 @A: 31 25 34 22 | 08
#0166-d342 @A: 34 05 22 18 | 07
#0167-d342 @A: 25 12 34 29 | 01
#0168-d342 @A: 29 27 34 16 | 10
#0169-d342 @A: 26 24 16 34 | 12
#0170-d342 @A: 30 15 34 33 | 09
#0171-d342 @A: 20 03 30 34 | 05
#0172-d342 @A: 24 20 34 21 | 03
#0173-d342 @A: 07 32 14 20 | 06
#0174-d342 @A: 32 11 14 01 | 04
#0175-d342 @A: 32 14 19 18 | 02
#0176-d342 @A: 09 28 03 14 | 11
#0177-d342 @A: 14 35 07 27 | 08
#0178-d342 @A: 14 06 22 18 | 07
#0179-d342 @A: 26 12 25 14 | 01
#0180-d342 @A: 30 05 31 14 | 10
#0181-d342 @A: 19 14 26 03 | 12
#0182-d342 @A: 01 14 06 09 | 09
#0183-d342 @A: 25 14 27 04 | 05
#0184-d342 @A: 27 24 14 20 | 03
#0185-d342 @A: 25 29 23 32 | 06
#0186-d342 @A: 23 24 26 32 | 04
#0187-d342 @A: 28 09 24 23 | 02
#0188-d342 @A: 20 23 05 07 | 11
#0189-d342 @A: 23 06 24 12 | 08
#0190-d342 @A: 23 21 27 16 | 07
#0191-d342 @A: 24 31 23 27 | 01
#0192-d342 @A: 25 17 24 23 | 10
#0193-d342 @A: 35 09 19 23 | 12
#0194-d342 @A: 22 19 32 28 | 09
#0195-d342 @A: 28 35 31 32 | 05
#0196-d342 @A: 27 31 07 32 | 03
#0197-d342 @A: 32 03 01 25 | 06
#0198-d342 @A: 15 27 32 11 | 04
#0199-d342 @A: 33 32 35 17 | 02
#0200-d342 @A: 32 35 21 20 | 11
#0201-d342 @A: 28 12 09 22 | 08
#0202-d342 @A: 35 22 28 29 | 07
#0203-d342 @A: 20 24 22 28 | 01
#0204-d342 @A: 01 28 31 20 | 10
#0205-d342 @A: 28 04 05 01 | 12
#0206-d342 @A: 13 01 11 28 | 09
#0207-d342 @A: 01 21 28 35 | 05
#0208-d342 @A: 17 18 30 28 | 03
#0209-d342 @A: 28 20 25 35 | 06
#0210-d342 @A: 09 21 28 33 | 04
#0211-d342 @A: 19 09 12 07 | 02
#0212-d342 @A: 15 07 13 29 | 11
#0213-d342 @A: 07 16 31 24 | 08
#0214-d342 @A: 19 35 07 06 | 07
#0215-d342 @A: 07 15 10 33 | 01
#0216-d342 @A: 27 03 07 15 | 10
#0217-d342 @A: 30 07 33 04 | 12
#0218-d342 @A: 11 33 27 07 | 09
#0219-d342 @A: 21 27 07 09 | 05
#0220-d342 @A: 17 22 10 24 | 03
#0221-d342 @A: 15 22 35 27 | 06
#0222-d342 @A: 18 22 19 25 | 04
#0223-d342 @A: 22 04 25 24 | 02
#0224-d342 @A: 03 22 09 24 | 11
#0225-d342 @A: 15 29 21 12 | 08
#0226-d342 @A: 12 26 09 10 | 07
#0227-d342 @A: 15 06 04 12 | 01
#0228-d342 @A: 12 19 33 01 | 10
#0229-d342 @A: 18 10 35 12 | 12
#0230-d342 @A: 10 12 24 27 | 09
#0231-d342 @A: 15 11 12 18 | 05
#0232-d342 @A: 33 12 18 17 | 03
#0233-d342 @A: 04 17 19 12 | 06
#0234-d342 @A: 33 09 12 04 | 04
#0235-d342 @A: 11 27 03 12 | 02
#0236-d342 @A: 20 24 33 12 | 11
#0237-d342 @A: 03 20 12 19 | 08
#0238-d342 @A: 15 10 11 29 | 07
#0239-d342 @A: 35 10 27 29 | 01
#0240-d342 @A: 29 27 25 17 | 10
#0241-d342 @A: 29 18 19 04 | 12
#0242-d342 @A: 29 11 35 04 | 09
#0243-d342 @A: 33 26 16 06 | 05
#0244-d342 @A: 05 19 16 17 | 03
#0245-d342 @A: 16 11 10 24 | 06
#0246-d342 @A: 30 19 16 10 | 04
#0247-d342 @A: 03 25 15 16 | 02
#0248-d342 @A: 16 11 33 25 | 11
#0249-d342 @A: 31 05 11 26 | 08
#0250-d342 @A: 18 03 25 31 | 07
#0251-d342 @A: 25 20 31 24 | 01
#0252-d342 @A: 31 18 21 33 | 10
#0253-d342 @A: 18 31 09 11 | 12
#0254-d342 @A: 05 06 26 13 | 09
#0255-d342 @A: 26 11 10 03 | 05
#0256-d342 @A: 09 15 26 24 | 03
#0257-d342 @A: 33 24 26 25 | 06
#0258-d342 @A: 26 24 35 30 | 04
#0259-d342 @A: 33 06 10 30 | 02
#0260-d342 @A: 06 10 24 35 | 11
#0261-d342 @A: 18 06 11 30 | 08
#0262-d342 @A: 06 20 33 03 | 07
#0263-d342 @A: 09 35 03 06 | 01
#0264-d342 @A: 01 25 20 10 | 10
#0265-d342 @A: 05 04 13 30 | 12
#0266-d342 @A: 05 10 18 17 | 09
#0267-d342 @A: 15 25 05 11 | 05
#0268-d342 @A: 15 20 05 03 | 03
#0269-d342 @A: 05 04 11 03 | 06
#0270-d342 @A: 27 03 10 13 | 04
#0271-d342 @A: 04 21 18 13 | 02
#0272-d342 @A: 13 30 27 21 | 11
#0273-d342 @A: 19 09 25 10 | 08
#0274-d342 @A: 02 07 14 17 | 07
#0275-d342 @A: 14 09 29 02 | 01
#0276-d342 @A: 05 03 02 14 | 10
#0277-d342 @A: 32 16 10 02 | 12
#0278-d342 @A: 20 32 02 11 | 09
#0279-d342 @A: 07 02 18 31 | 05
#0280-d342 @A: 22 02 04 12 | 03
#0281-d342 @A: 12 24 02 26 | 06
#0282-d342 @A: 19 12 25 02 | 04
#0283-d342 @A: 02 29 19 13 | 02
#0284-d342 @A: 29 02 24 03 | 11
#0285-d342 @A: 35 31 06 02 | 08
#0286-d342 @A: 17 02 13 01 | 07
#0287-d342 @A: 02 30 05 10 | 01
#0288-d342 @A: 02 11 04 30 | 10
#0289-d342 @A: 22 17 34 08 | 12
#0290-d342 @A: 08 34 01 09 | 09
#0291-d342 @A: 05 34 11 08 | 05
#0292-d342 @A: 32 06 08 12 | 03
#0293-d342 @A: 08 32 29 11 | 06
#0294-d342 @A: 32 33 08 18 | 04
#0295-d342 @A: 08 30 28 03 | 02
#0296-d342 @A: 03 11 22 08 | 11
#0297-d342 @A: 12 08 05 04 | 08
#0298-d342 @A: 16 08 15 09 | 07
#0299-d342 @A: 11 08 21 25 | 01
#0300-d342 @A: 14 07 34 33 | 10
#0301-d342 @A: 27 33 34 23 | 12
#0302-d342 @A: 32 15 34 26 | 09
#0303-d342 @A: 34 12 28 35 | 05
#0304-d342 @A: 13 35 07 34 | 03
#0305-d342 @A: 34 12 21 16 | 06
#0306-d342 @A: 11 12 34 13 | 04
#0307-d342 @A: 29 34 13 33 | 02
#0308-d342 @A: 10 19 29 34 | 11
#0309-d342 @A: 35 31 30 34 | 08
#0310-d342 @A: 10 34 26 33 | 07
#0311-d342 @A: 13 34 06 21 | 01
#0312-d342 @A: 17 15 34 09 | 10
#0313-d342 @A: 34 27 04 17 | 12
#0314-d342 @A: 33 34 03 18 | 09
#0315-d342 @A: 35 34 33 04 | 05
#0316-d342 @A: 24 12 32 14 | 03
#0317-d342 @A: 17 32 06 14 | 06
#0318-d342 @A: 28 12 14 04 | 04
#0319-d342 @A: 15 01 28 14 | 02
#0320-d342 @A: 05 22 14 11 | 11
#0321-d342 @A: 33 16 14 29 | 08
#0322-d342 @A: 31 27 09 14 | 07
#0323-d342 @A: 24 14 25 05 | 01
#0324-d342 @A: 14 13 25 18 | 10
#0325-d342 @A: 27 33 14 10 | 12
#0326-d342 @A: 35 14 18 09 | 09
#0327-d342 @A: 19 14 21 33 | 05
#0328-d342 @A: 24 03 11 14 | 03
#0329-d342 @A: 32 23 31 03 | 06
#0330-d342 @A: 01 10 32 23 | 04
#0331-d342 @A: 28 18 23 16 | 02
#0332-d342 @A: 03 23 28 01 | 11
#0333-d342 @A: 22 25 07 23 | 08
#0334-d342 @A: 23 12 33 22 | 07
#0335-d342 @A: 15 22 17 23 | 01
#0336-d342 @A: 23 03 18 12 | 10
#0337-d342 @A: 26 23 10 05 | 12
#0338-d342 @A: 23 11 26 04 | 09
#0339-d342 @A: 09 26 30 23 | 05
#0340-d342 @A: 20 01 06 23 | 03
#0341-d342 @A: 23 27 05 01 | 06
#0342-d342 @A: 19 20 03 23 | 04
#0343-d342 @A: 23 24 11 30 | 02
#0344-d342 @A: 32 28 21 12 | 11
#0345-d342 @A: 07 17 32 22 | 08
#0346-d342 @A: 11 16 07 32 | 07
#0347-d342 @A: 15 32 22 24 | 01
#0348-d342 @A: 19 22 32 24 | 10
#0349-d342 @A: 32 15 29 03 | 12
#0350-d342 @A: 25 26 05 32 | 09
#0351-d342 @A: 32 04 20 33 | 05
#0352-d342 @A: 28 07 12 24 | 03
#0353-d342 @A: 28 35 16 26 | 06
#0354-d342 @A: 28 01 24 26 | 04
#0355-d342 @A: 28 27 13 04 | 02
#0356-d342 @A: 24 10 28 03 | 11
#0357-d342 @A: 21 10 20 28 | 08
#0358-d342 @A: 25 27 28 24 | 07
#0359-d342 @A: 01 07 18 12 | 01
#0360-d342 @A: 25 16 07 29 | 10
#0361-d342 @A: 26 09 07 29 | 12
#0362-d342 @A: 05 26 24 07 | 09
#0363-d342 @A: 17 30 07 06 | 05
#0364-d342 @A: 07 05 25 01 | 03
#0365-d342 @A: 07 18 09 24 | 06
#0366-d342 @A: 09 07 04 03 | 04
#0367-d342 @A: 20 03 07 24 | 02
#0368-d342 @A: 15 13 12 22 | 11
#0369-d342 @A: 13 29 24 22 | 08
#0370-d342 @A: 22 29 03 21 | 07
#0371-d342 @A: 16 13 22 18 | 01
#0372-d342 @A: 18 22 01 31 | 10
#0373-d342 @A: 22 13 17 31 | 12
#0374-d342 @A: 31 24 22 30 | 09
#0375-d342 @A: 26 19 05 22 | 05
#0376-d342 @A: 13 04 22 01 | 03
#0377-d342 @A: 27 10 11 22 | 06
#0378-d342 @A: 25 30 03 22 | 04
#0379-d342 @A: 27 22 24 18 | 02
#0380-d342 @A: 05 29 12 19 | 11
#0381-d342 @A: 12 03 05 17 | 08
#0382-d342 @A: 17 12 10 15 | 07
#0383-d342 @A: 25 15 29 30 | 01
#0384-d342 @A: 09 17 03 29 | 10
#0385-d342 @A: 11 25 29 24 | 12
#0386-d342 @A: 11 33 29 20 | 09
#0387-d342 @A: 26 13 03 16 | 05
#0388-d342 @A: 16 04 33 03 | 03
#0389-d342 @A: 11 04 21 16 | 06
#0390-d342 @A: 16 21 09 20 | 04
#0391-d342 @A: 31 26 13 35 | 02
#0392-d342 @A: 06 27 26 09 | 11
#0393-d342 @A: 19 27 06 26 | 08
#0394-d342 @A: 01 33 26 09 | 07
#0395-d342 @A: 06 10 09 20 | 01
#0396-d342 @A: 15 27 06 24 | 10
#0397-d342 @A: 21 06 20 17 | 12
#0398-d342 @A: 03 18 06 19 | 09
#0399-d342 @A: 33 11 35 06 | 05
#0400-d342 @A: 15 01 17 11 | 03
#0401-d342 @A: 01 35 04 27 | 06
#0402-d342 @A: 30 33 01 20 | 04
#0403-d342 @A: 30 01 21 24 | 02
#0404-d342 @A: 05 13 03 18 | 11
#0405-d342 @A: 21 05 25 30 | 08
#0406-d342 @A: 18 05 24 35 | 07
#0407-d342 @A: 05 21 04 09 | 01
#0408-d342 @A: 35 27 05 20 | 10
#0409-d342 @A: 11 19 09 05 | 12
#0410-d342 @A: 11 19 13 10 | 09
#0411-d342 @A: 13 27 20 25 | 05
#0412-d342 @A: 13 30 35 25 | 03
#0413-d342 @A: 09 13 33 27 | 06
#0414-d342 @A: 27 33 19 18 | 04
#0415-d342 @A: 02 14 08 27 | 02
#0416-d342 @A: 02 18 26 08 | 11
#0417-d342 @A: 34 29 31 02 | 08
#0418-d342 @A: 20 02 34 13 | 07
#0419-d342 @A: 02 23 26 25 | 01
#0420-d342 @A: 32 21 02 26 | 10
#0421-d342 @A: 28 33 17 02 | 12
#0422-d342 @A: 09 02 22 07 | 09
#0423-d342 @A: 07 26 02 15 | 05
#0424-d342 @A: 22 20 02 03 | 03
#0425-d342 @A: 05 04 31 02 | 06
#0426-d342 @A: 02 30 06 26 | 04
#0427-d342 @A: 06 02 19 05 | 02
#0428-d342 @A: 01 27 02 24 | 11
#0429-d342 @A: 19 02 09 01 | 08
#0430-d342 @A: 20 10 18 02 | 07
#0431-d342 @A: 10 11 02 09 | 01
#0432-d342 @A: 28 05 08 25 | 10
#0433-d342 @A: 19 10 28 08 | 12
#0434-d342 @A: 22 08 27 07 | 09
#0435-d342 @A: 03 08 12 29 | 05
#0436-d342 @A: 12 09 08 31 | 03
#0437-d342 @A: 12 30 08 25 | 06
#0438-d342 @A: 25 08 29 35 | 04
#0439-d342 @A: 08 11 13 31 | 02
#0440-d342 @A: 17 06 08 35 | 11
#0441-d342 @A: 24 01 08 17 | 08
#0442-d342 @A: 35 01 08 19 | 07
#0443-d342 @A: 08 15 27 13 | 01
#0444-d342 @A: 21 18 08 10 | 10
#0445-d342 @A: 17 21 04 08 | 12
#0446-d342 @A: 34 14 20 31 | 09
#0447-d342 @A: 34 18 23 07 | 05
#0448-d342 @A: 23 34 30 29 | 03
#0449-d342 @A: 11 18 32 34 | 06
#0450-d342 @A: 03 31 28 34 | 04
#0451-d342 @A: 34 28 27 26 | 02
#0452-d342 @A: 06 28 34 33 | 11
#0453-d342 @A: 34 12 03 07 | 08
#0454-d342 @A: 34 15 07 11 | 07
#0455-d342 @A: 34 05 29 35 | 01
#0456-d342 @A: 18 16 34 30 | 10
#0457-d342 @A: 21 16 19 34 | 12
#0458-d342 @A: 26 13 34 09 | 09
#0459-d342 @A: 05 06 25 34 | 05
#0460-d342 @A: 05 13 34 19 | 03
#0461-d342 @A: 34 18 17 20 | 06
#0462-d342 @A: 25 34 18 24 | 04
#0463-d342 @A: 09 14 21 23 | 02
#0464-d342 @A: 05 09 14 07 | 11
#0465-d342 @A: 04 10 07 14 | 08
#0466-d342 @A: 11 06 14 29 | 07
#0467-d342 @A: 16 13 14 21 | 01
#0468-d342 @A: 13 14 10 31 | 10
#0469-d342 @A: 14 24 17 18 | 12
#0470-d342 @A: 24 33 21 14 | 09
#0471-d342 @A: 30 35 14 03 | 05
#0472-d342 @A: 14 19 24 11 | 03
#0473-d342 @A: 19 32 16 23 | 06
#0474-d342 @A: 23 28 31 25 | 04
#0475-d342 @A: 28 05 23 21 | 02
#0476-d342 @A: 07 09 17 23 | 11
#0477-d342 @A: 10 16 23 22 | 08
#0478-d342 @A: 23 17 13 29 | 07
#0479-d342 @A: 23 09 31 05 | 01
#0480-d342 @A: 11 06 23 05 | 10
#0481-d342 @A: 23 13 30 06 | 12
#0482-d342 @A: 04 06 23 09 | 09
#0483-d342 @A: 23 33 01 13 | 05
#0484-d342 @A: 23 25 18 05 | 03
#0485-d342 @A: 33 23 05 19 | 06
#0486-d342 @A: 23 10 11 25 | 04
#0487-d342 @A: 30 18 23 10 | 02
#0488-d342 @A: 35 03 23 10 | 11
#0489-d342 @A: 09 27 03 23 | 08
#0490-d342 @A: 07 32 28 15 | 07
#0491-d342 @A: 32 04 28 22 | 01
#0492-d342 @A: 24 07 01 32 | 10
#0493-d342 @A: 22 09 26 32 | 12
#0494-d342 @A: 05 22 32 20 | 09
#0495-d342 @A: 35 01 32 12 | 05
#0496-d342 @A: 12 25 10 32 | 03
#0497-d342 @A: 32 05 29 30 | 06
#0498-d342 @A: 24 32 10 29 | 04
#0499-d342 @A: 32 25 11 31 | 02
#0500-d342 @A: 32 15 06 20 | 11
#0501-d342 @A: 19 30 17 32 | 08
#0502-d342 @A: 25 32 04 18 | 07
#0503-d342 @A: 32 20 18 27 | 01
#0504-d342 @A: 32 04 11 09 | 10
#0505-d342 @A: 33 32 30 21 | 12
#0506-d342 @A: 28 22 31 11 | 09
#0507-d342 @A: 19 28 31 12 | 05
#0508-d342 @A: 28 05 30 12 | 03
#0509-d342 @A: 28 21 25 29 | 06
#0510-d342 @A: 31 28 10 26 | 04
#0511-d342 @A: 13 31 28 09 | 02
#0512-d342 @A: 15 10 09 28 | 11
#0513-d342 @A: 28 11 04 15 | 08
#0514-d342 @A: 25 11 28 17 | 07
#0515-d342 @A: 20 18 04 28 | 01
#0516-d342 @A: 21 28 24 11 | 10
#0517-d342 @A: 26 07 12 31 | 12
#0518-d342 @A: 33 07 12 06 | 09
#0519-d342 @A: 31 19 07 05 | 05
#0520-d342 @A: 09 13 01 07 | 03
#0521-d342 @A: 13 07 21 19 | 06
#0522-d342 @A: 17 07 25 20 | 04
#0523-d342 @A: 27 19 07 24 | 02
#0524-d342 @A: 12 26 22 29 | 11
#0525-d342 @A: 05 22 29 33 | 08
#0526-d342 @A: 15 22 26 16 | 07
#0527-d342 @A: 25 22 27 16 | 01
#0528-d342 @A: 26 30 22 18 | 10
#0529-d342 @A: 17 19 22 15 | 12
#0530-d342 @A: 21 09 22 17 | 09
#0531-d342 @A: 09 22 27 20 | 05
#0532-d342 @A: 16 35 12 31 | 03
#0533-d342 @A: 12 01 16 15 | 06
#0534-d342 @A: 12 10 16 13 | 04
#0535-d342 @A: 15 25 12 31 | 02
#0536-d342 @A: 12 01 06 21 | 11
#0537-d342 @A: 35 17 12 27 | 08
#0538-d342 @A: 09 17 11 12 | 07
#0539-d342 @A: 24 18 12 21 | 01
#0540-d342 @A: 12 04 35 03 | 10
#0541-d342 @A: 29 04 18 16 | 12
#0542-d342 @A: 29 31 09 01 | 09
#0543-d342 @A: 25 31 13 29 | 05
#0544-d342 @A: 26 29 33 19 | 03
#0545-d342 @A: 29 20 03 27 | 06
#0546-d342 @A: 35 20 19 29 | 04
#0547-d342 @A: 29 20 21 30 | 02
#0548-d342 @A: 25 31 16 05 | 11
#0549-d342 @A: 27 16 31 03 | 08
#0550-d342 @A: 13 06 16 17 | 07
#0551-d342 @A: 16 24 05 01 | 01
#0552-d342 @A: 01 33 16 17 | 10
#0553-d342 @A: 19 13 27 16 | 12
#0554-d342 @A: 04 35 10 16 | 09
#0555-d342 @A: 16 18 15 19 | 05
#0556-d342 @A: 24 17 27 16 | 03
#0557-d342 @A: 30 24 25 16 | 06
#0558-d342 @A: 20 31 15 10 | 04
#0559-d342 @A: 17 31 21 24 | 02
#0560-d342 @A: 31 11 27 20 | 11
#0561-d342 @A: 10 06 01 26 | 08
#0562-d342 @A: 15 26 25 20 | 07
#0563-d342 @A: 26 17 35 09 | 01
#0564-d342 @A: 04 35 26 20 | 10
#0565-d342 @A: 21 15 09 06 | 12
#0566-d342 @A: 06 18 21 03 | 09
#0567-d342 @A: 33 01 24 10 | 05
#0568-d342 @A: 03 24 01 15 | 03
#0569-d342 @A: 01 11 03 33 | 06
#0570-d342 @A: 13 05 24 21 | 04
#0571-d342 @A: 33 11 05 10 | 02
#0572-d342 @A: 13 33 11 17 | 11
#0573-d342 @A: 15 21 11 19 | 08
#0574-d342 @A: 19 09 20 18 | 07
#0575-d342 @A: 28 08 15 02 | 01
#0576-d342 @A: 02 27 05 34 | 10
#0577-d342 @A: 14 02 21 31 | 12
#0578-d342 @A: 06 28 23 02 | 09
#0579-d342 @A: 02 23 33 04 | 05
#0580-d342 @A: 02 03 32 07 | 03
#0581-d342 @A: 28 16 02 19 | 06
#0582-d342 @A: 30 31 28 02 | 04
#0583-d342 @A: 28 24 02 18 | 02
#0584-d342 @A: 07 02 05 11 | 11
#0585-d342 @A: 10 35 02 22 | 08
#0586-d342 @A: 02 01 33 05 | 07
#0587-d342 @A: 02 09 01 21 | 01
#0588-d342 @A: 25 17 10 02 | 10
#0589-d342 @A: 09 15 02 27 | 12
#0590-d342 @A: 33 02 11 15 | 09
#0591-d342 @A: 15 35 02 30 | 05
#0592-d342 @A: 21 30 17 02 | 03
#0593-d342 @A: 30 25 02 20 | 06
#0594-d342 @A: 02 21 03 11 | 04
#0595-d342 @A: 32 31 08 14 | 02
#0596-d342 @A: 23 08 05 33 | 11
#0597-d342 @A: 08 28 32 27 | 08
#0598-d342 @A: 20 08 25 32 | 07
#0599-d342 @A: 28 09 19 08 | 01
#0600-d342 @A: 07 08 03 26 | 10
#0601-d342 @A: 08 22 12 18 | 12
#0602-d342 @A: 08 15 22 29 | 09
#0603-d342 @A: 06 22 08 33 | 05
#0604-d342 @A: 24 08 12 11 | 03
#0605-d342 @A: 16 08 27 26 | 06
#0606-d342 @A: 03 01 21 08 | 04
#0607-d342 @A: 08 20 11 10 | 02
#0608-d342 @A: 24 08 04 18 | 11
#0609-d342 @A: 08 03 33 27 | 08
#0610-d342 @A: 14 34 32 03 | 07
#0611-d342 @A: 12 34 19 14 | 01
#0612-d342 @A: 24 14 29 34 | 10
#0613-d342 @A: 06 17 23 34 | 12
#0614-d342 @A: 32 28 34 17 | 09
#0615-d342 @A: 30 06 32 34 | 05
#0616-d342 @A: 01 34 03 22 | 03
#0617-d342 @A: 31 04 34 09 | 06
#0618-d342 @A: 34 01 05 20 | 04
#0619-d342 @A: 34 13 15 01 | 02
#0620-d342 @A: 11 34 35 20 | 11
#0621-d342 @A: 14 23 32 04 | 08
#0622-d342 @A: 23 25 14 06 | 07
#0623-d342 @A: 13 09 14 32 | 01
#0624-d342 @A: 14 30 29 28 | 10
#0625-d342 @A: 07 15 14 30 | 12
#0626-d342 @A: 29 14 25 01 | 09
#0627-d342 @A: 14 16 11 26 | 05
#0628-d342 @A: 04 05 14 06 | 03
#0629-d342 @A: 10 09 17 14 | 06
#0630-d342 @A: 10 20 30 14 | 04
#0631-d342 @A: 15 17 35 14 | 02
#0632-d342 @A: 11 23 12 16 | 11
#0633-d342 @A: 19 23 12 26 | 08
#0634-d342 @A: 04 12 23 10 | 07
#0635-d342 @A: 29 23 26 03 | 01
#0636-d342 @A: 23 33 31 16 | 10
#0637-d342 @A: 23 24 16 13 | 12
#0638-d342 @A: 21 10 15 23 | 09
#0639-d342 @A: 15 04 23 24 | 05
#0640-d342 @A: 10 28 32 33 | 03
#0641-d342 @A: 32 22 03 12 | 06
#0642-d342 @A: 29 22 01 32 | 04
#0643-d342 @A: 10 22 31 32 | 02
#0644-d342 @A: 22 32 13 25 | 11
#0645-d342 @A: 32 12 16 27 | 08
#0646-d342 @A: 32 26 12 33 | 07
#0647-d342 @A: 12 32 13 20 | 01
#0648-d342 @A: 31 20 32 29 | 10
#0649-d342 @A: 06 21 32 29 | 12
#0650-d342 @A: 32 18 06 10 | 09
#0651-d342 @A: 10 35 32 09 | 05
#0652-d342 @A: 17 04 03 32 | 03
#0653-d342 @A: 24 11 17 32 | 06
#0654-d342 @A: 25 09 32 27 | 04
#0655-d342 @A: 27 32 11 19 | 02
#0656-d342 @A: 29 15 28 26 | 11
#0657-d342 @A: 06 31 15 28 | 08
#0658-d342 @A: 24 31 05 28 | 07
#0659-d342 @A: 28 30 10 27 | 01
#0660-d342 @A: 35 10 11 28 | 10
#0661-d342 @A: 18 25 28 15 | 12
#0662-d342 @A: 28 35 19 17 | 09
#0663-d342 @A: 04 19 28 25 | 05
#0664-d342 @A: 33 18 11 28 | 03
#0665-d342 @A: 07 15 22 18 | 06
#0666-d342 @A: 30 12 13 07 | 04
#0667-d342 @A: 29 07 21 05 | 02
#0668-d342 @A: 07 16 06 09 | 11
#0669-d342 @A: 07 10 16 21 | 08
#0670-d342 @A: 01 11 07 31 | 07
#0671-d342 @A: 05 06 27 07 | 01
#0672-d342 @A: 07 13 24 33 | 10
#0673-d342 @A: 11 10 17 07 | 12
#0674-d342 @A: 07 17 35 04 | 09
#0675-d342 @A: 24 07 25 21 | 05
#0676-d342 @A: 35 07 33 09 | 03
#0677-d342 @A: 19 07 33 20 | 06
#0678-d342 @A: 07 03 30 11 | 04
#0679-d342 @A: 29 25 20 22 | 02
#0680-d342 @A: 16 30 22 17 | 11
#0681-d342 @A: 22 24 01 06 | 08
#0682-d342 @A: 22 25 10 21 | 07
#0683-d342 @A: 10 22 03 18 | 01
#0684-d342 @A: 18 22 11 04 | 10
#0685-d342 @A: 04 31 12 24 | 12
#0686-d342 @A: 35 05 12 06 | 09
#0687-d342 @A: 18 30 12 04 | 05
#0688-d342 @A: 29 05 18 26 | 03
#0689-d342 @A: 29 13 10 26 | 06
#0690-d342 @A: 15 29 17 06 | 04
#0691-d342 @A: 29 30 13 11 | 02
#0692-d342 @A: 09 15 29 35 | 11
#0693-d342 @A: 03 29 11 18 | 08
#0694-d342 @A: 16 25 10 26 | 07
#0695-d342 @A: 16 20 11 18 | 01
#0696-d342 @A: 20 35 30 16 | 10
#0697-d342 @A: 17 31 06 10 | 12
#0698-d342 @A: 17 33 31 25 | 09
#0699-d342 @A: 31 35 19 17 | 05
#0700-d342 @A: 31 04 27 18 | 03
#0701-d342 @A: 31 03 24 33 | 06
#0702-d342 @A: 15 04 26 19 | 04
#0703-d342 @A: 17 26 33 27 | 02
#0704-d342 @A: 18 26 25 21 | 11
#0705-d342 @A: 09 03 20 26 | 08
#0706-d342 @A: 06 03 30 15 | 07
#0707-d342 @A: 24 06 30 04 | 01
#0708-d342 @A: 01 10 17 21 | 10
#0709-d342 @A: 20 01 09 17 | 12
#0710-d342 @A: 24 20 04 01 | 09
#0711-d342 @A: 35 13 10 05 | 05
#0712-d342 @A: 19 10 05 15 | 03
#0713-d342 @A: 04 18 15 05 | 06
#0714-d342 @A: 05 20 17 30 | 04
#0715-d342 @A: 05 20 09 25 | 02
#0716-d342 @A: 11 05 18 21 | 11
#0717-d342 @A: 35 19 05 27 | 08
#0718-d342 @A: 13 24 20 10 | 07
#0719-d342 @A: 17 30 13 15 | 01
#0720-d342 @A: 34 02 30 08 | 10
#0721-d342 @A: 33 07 02 08 | 12
#0722-d342 @A: 17 34 16 02 | 09
#0723-d342 @A: 13 14 02 04 | 05
#0724-d342 @A: 23 30 22 02 | 03
#0725-d342 @A: 23 03 02 16 | 06
#0726-d342 @A: 32 05 35 02 | 04
#0727-d342 @A: 32 21 19 02 | 02
#0728-d342 @A: 22 27 28 02 | 11
#0729-d342 @A: 16 07 02 30 | 08
#0730-d342 @A: 06 12 02 29 | 07
#0731-d342 @A: 31 02 25 01 | 01
#0732-d342 @A: 01 06 15 02 | 10
#0733-d342 @A: 05 18 02 06 | 12
#0734-d342 @A: 04 10 02 27 | 09
#0735-d342 @A: 02 11 18 25 | 05
#0736-d342 @A: 02 20 24 09 | 03
#0737-d342 @A: 28 34 20 08 | 06
#0738-d342 @A: 14 08 28 11 | 04
#0739-d342 @A: 01 14 08 07 | 02
#0740-d342 @A: 14 19 04 08 | 11
#0741-d342 @A: 35 33 14 08 | 08
#0742-d342 @A: 30 31 08 23 | 07
#0743-d342 @A: 08 07 16 35 | 01
#0744-d342 @A: 21 08 31 07 | 10
#0745-d342 @A: 27 19 08 22 | 12
#0746-d342 @A: 08 30 21 22 | 09
#0747-d342 @A: 10 08 06 29 | 05
#0748-d342 @A: 17 08 19 29 | 03
#0749-d342 @A: 33 08 16 21 | 06
#0750-d342 @A: 15 05 10 08 | 04
#0751-d342 @A: 15 08 20 21 | 02
#0752-d342 @A: 08 25 03 09 | 11
#0753-d342 @A: 23 34 14 26 | 08
#0754-d342 @A: 05 14 13 34 | 07
#0755-d342 @A: 10 32 13 34 | 01
#0756-d342 @A: 10 27 07 34 | 10
#0757-d342 @A: 11 22 16 34 | 12
#0758-d342 @A: 13 34 30 22 | 09
#0759-d342 @A: 06 03 29 34 | 05
#0760-d342 @A: 16 13 34 04 | 03
#0761-d342 @A: 21 34 31 26 | 06
#0762-d342 @A: 31 24 34 06 | 04
#0763-d342 @A: 06 09 18 34 | 02
#0764-d342 @A: 09 19 04 34 | 11
#0765-d342 @A: 34 19 11 35 | 08
#0766-d342 @A: 14 06 23 19 | 07
#0767-d342 @A: 05 35 14 23 | 01
#0768-d342 @A: 28 32 25 14 | 10
#0769-d342 @A: 16 24 14 28 | 12
#0770-d342 @A: 21 14 26 07 | 09
#0771-d342 @A: 24 14 07 06 | 05
#0772-d342 @A: 27 29 12 14 | 03
#0773-d342 @A: 26 14 01 04 | 06
#0774-d342 @A: 17 19 14 13 | 04
#0775-d342 @A: 18 10 14 11 | 02
#0776-d342 @A: 03 21 17 14 | 11
#0777-d342 @A: 18 22 23 32 | 08
#0778-d342 @A: 23 29 20 28 | 07
#0779-d342 @A: 22 31 35 23 | 01
#0780-d342 @A: 05 23 16 30 | 10
#0781-d342 @A: 31 23 17 11 | 12
#0782-d342 @A: 21 03 24 23 | 09
#0783-d342 @A: 09 23 20 11 | 05
#0784-d342 @A: 07 09 32 12 | 03
#0785-d342 @A: 07 33 29 32 | 06
#0786-d342 @A: 12 32 18 29 | 04
#0787-d342 @A: 32 16 01 09 | 02
#0788-d342 @A: 18 31 32 26 | 11
#0789-d342 @A: 20 32 31 19 | 08
#0790-d342 @A: 10 27 32 17 | 07
#0791-d342 @A: 18 09 32 21 | 01
#0792-d342 @A: 31 04 07 28 | 10
#0793-d342 @A: 12 28 01 17 | 12
#0794-d342 @A: 27 01 28 16 | 09
#0795-d342 @A: 16 17 10 28 | 05
#0796-d342 @A: 30 13 26 28 | 03
#0797-d342 @A: 04 10 28 25 | 06
#0798-d342 @A: 28 30 21 15 | 04
#0799-d342 @A: 07 22 26 10 | 02
#0800-d342 @A: 07 12 04 16 | 11
#0801-d342 @A: 29 35 07 06 | 08
#0802-d342 @A: 27 18 26 07 | 07
#0803-d342 @A: 10 25 03 07 | 01
#0804-d342 @A: 24 35 11 07 | 10
#0805-d342 @A: 19 12 22 11 | 12
#0806-d342 @A: 22 16 20 31 | 09
#0807-d342 @A: 22 06 09 31 | 05
#0808-d342 @A: 21 26 22 01 | 03
#0809-d342 @A: 25 11 22 26 | 06
#0810-d342 @A: 11 22 30 35 | 04
#0811-d342 @A: 35 24 22 21 | 02
#0812-d342 @A: 12 26 15 30 | 11
#0813-d342 @A: 06 12 10 11 | 08
#0814-d342 @A: 19 10 27 12 | 07
#0815-d342 @A: 15 12 03 09 | 01
#0816-d342 @A: 09 12 19 30 | 10
#0817-d342 @A: 29 31 27 06 | 12
#0818-d342 @A: 29 13 04 06 | 09
#0819-d342 @A: 29 21 09 10 | 05
#0820-d342 @A: 18 06 16 31 | 03
#0821-d342 @A: 31 03 19 16 | 06
#0822-d342 @A: 01 03 20 16 | 04
#0823-d342 @A: 33 09 16 24 | 02
#0824-d342 @A: 25 10 30 31 | 11
#0825-d342 @A: 17 30 31 09 | 08
#0826-d342 @A: 04 33 31 11 | 07
#0827-d342 @A: 15 05 01 26 | 01
#0828-d342 @A: 05 20 21 26 | 10
#0829-d342 @A: 10 18 26 15 | 12
#0830-d342 @A: 21 10 35 26 | 09
#0831-d342 @A: 25 17 03 26 | 05
#0832-d342 @A: 11 26 18 17 | 03
#0833-d342 @A: 17 19 26 18 | 06
#0834-d342 @A: 03 04 27 26 | 04
#0835-d342 @A: 26 19 20 04 | 02
#0836-d342 @A: 26 11 27 24 | 11
#0837-d342 @A: 09 26 11 21 | 08
#0838-d342 @A: 27 06 13 01 | 07
#0839-d342 @A: 18 15 33 06 | 01
#0840-d342 @A: 25 19 06 21 | 10
#0841-d342 @A: 20 15 18 01 | 12
#0842-d342 @A: 17 04 25 01 | 09
#0843-d342 @A: 30 18 25 01 | 05
#0844-d342 @A: 27 01 21 25 | 03
#0845-d342 @A: 01 24 18 11 | 06
#0846-d342 @A: 01 20 11 21 | 04
#0847-d342 @A: 33 17 15 05 | 02
#0848-d342 @A: 35 05 17 11 | 11
#0849-d342 @A: 27 24 05 03 | 08
#0850-d342 @A: 21 13 15 25 | 07
#0851-d342 @A: 13 04 25 09 | 01
#0852-d342 @A: 35 24 13 27 | 10
#0853-d342 @A: 09 20 13 30 | 12
#0854-d342 @A: 19 24 18 10 | 09
#0855-d342 @A: 35 02 34 23 | 05
#0856-d342 @A: 19 14 35 02 | 03
#0857-d342 @A: 15 23 02 29 | 06
#0858-d342 @A: 32 15 02 12 | 04
#0859-d342 @A: 32 02 33 31 | 02
#0860-d342 @A: 02 05 20 28 | 11
#0861-d342 @A: 02 07 29 27 | 08
#0862-d342 @A: 06 20 07 02 | 07
#0863-d342 @A: 01 02 22 16 | 01
#0864-d342 @A: 02 26 17 22 | 10
#0865-d342 @A: 33 22 18 02 | 12
#0866-d342 @A: 09 12 02 25 | 09
#0867-d342 @A: 15 16 05 02 | 05
#0868-d342 @A: 02 35 16 13 | 03
#0869-d342 @A: 26 02 27 31 | 06
#0870-d342 @A: 02 09 03 31 | 04
#0871-d342 @A: 26 10 02 19 | 02
#0872-d342 @A: 24 15 25 02 | 11
#0873-d342 @A: 15 20 04 02 | 08
#0874-d342 @A: 02 27 33 25 | 07
#0875-d342 @A: 28 04 23 08 | 01
#0876-d342 @A: 08 09 28 07 | 10
#0877-d342 @A: 07 05 08 17 | 12
#0878-d342 @A: 31 04 08 22 | 09
#0879-d342 @A: 22 08 10 13 | 05
#0880-d342 @A: 01 26 08 12 | 03
#0881-d342 @A: 29 08 27 05 | 06
#0882-d342 @A: 16 10 08 31 | 04
#0883-d342 @A: 16 06 08 11 | 02
#0884-d342 @A: 20 16 24 08 | 11
#0885-d342 @A: 08 05 03 31 | 08
#0886-d342 @A: 26 25 08 13 | 07
#0887-d342 @A: 33 08 09 20 | 01
#0888-d342 @A: 34 09 22 14 | 10
#0889-d342 @A: 35 34 16 14 | 12
#0890-d342 @A: 04 14 11 34 | 09
#0891-d342 @A: 34 22 23 04 | 05
#0892-d342 @A: 34 01 23 21 | 03
#0893-d342 @A: 19 32 07 34 | 06
#0894-d342 @A: 32 09 29 34 | 04
#0895-d342 @A: 28 01 34 10 | 02
#0896-d342 @A: 34 13 28 18 | 11
#0897-d342 @A: 12 27 22 34 | 08
#0898-d342 @A: 22 26 34 20 | 07
#0899-d342 @A: 35 06 22 34 | 01
#0900-d342 @A: 01 12 34 30 | 10
#0901-d342 @A: 10 12 05 34 | 12
#0902-d342 @A: 34 05 30 26 | 09
#0903-d342 @A: 34 26 19 13 | 05
#0904-d342 @A: 11 01 06 34 | 03
#0905-d342 @A: 35 24 34 01 | 06
#0906-d342 @A: 03 34 17 13 | 04
#0907-d342 @A: 04 34 03 24 | 02
#0908-d342 @A: 14 17 28 23 | 11
#0909-d342 @A: 23 30 01 14 | 08
#0910-d342 @A: 14 30 32 22 | 07
#0911-d342 @A: 12 22 14 10 | 01
#0912-d342 @A: 29 22 31 14 | 10
#0913-d342 @A: 35 12 21 14 | 12
#0914-d342 @A: 06 16 14 30 | 09
#0915-d342 @A: 16 14 05 27 | 05
#0916-d342 @A: 14 31 11 35 | 03
#0917-d342 @A: 13 14 26 24 | 06
#0918-d342 @A: 14 15 03 26 | 04
#0919-d342 @A: 15 14 19 25 | 02
#0920-d342 @A: 20 17 33 14 | 11
#0921-d342 @A: 12 17 32 23 | 08
#0922-d342 @A: 13 28 10 23 | 07
#0923-d342 @A: 11 07 23 29 | 01
#0924-d342 @A: 01 07 23 04 | 10
#0925-d342 @A: 23 13 07 03 | 12
#0926-d342 @A: 27 23 29 22 | 09
#0927-d342 @A: 22 23 09 01 | 05
#0928-d342 @A: 12 09 23 29 | 03
#0929-d342 @A: 23 21 31 29 | 06
#0930-d342 @A: 35 26 23 27 | 04
#0931-d342 @A: 27 10 23 06 | 02
#0932-d342 @A: 35 01 23 17 | 11
#0933-d342 @A: 23 17 30 27 | 08
#0934-d342 @A: 18 11 23 27 | 07
#0935-d342 @A: 23 18 33 24 | 01
#0936-d342 @A: 27 20 23 04 | 10
#0937-d342 @A: 29 32 16 28 | 12
#0938-d342 @A: 11 28 06 32 | 09
#0939-d342 @A: 29 19 25 32 | 05
#0940-d342 @A: 33 32 13 16 | 03
#0941-d342 @A: 32 33 25 15 | 06
#0942-d342 @A: 27 30 32 35 | 04
#0943-d342 @A: 19 32 09 03 | 02
#0944-d342 @A: 29 07 03 28 | 11
#0945-d342 @A: 21 07 28 06 | 08
#0946-d342 @A: 07 28 33 01 | 07
#0947-d342 @A: 10 06 28 22 | 01
#0948-d342 @A: 25 13 28 12 | 10
#0949-d342 @A: 29 13 28 05 | 12
#0950-d342 @A: 26 09 28 25 | 09
#0951-d342 @A: 19 06 28 13 | 05
#0952-d342 @A: 20 28 30 06 | 03
#0953-d342 @A: 03 28 27 18 | 06
#0954-d342 @A: 28 20 33 27 | 04
#0955-d342 @A: 12 05 07 15 | 02
#0956-d342 @A: 01 26 07 30 | 11
#0957-d342 @A: 04 15 25 07 | 08
#0958-d342 @A: 35 18 30 07 | 07
#0959-d342 @A: 16 12 22 24 | 01
#0960-d342 @A: 16 21 22 05 | 10
#0961-d342 @A: 22 27 01 33 | 12
#0962-d342 @A: 09 13 22 35 | 09
#0963-d342 @A: 13 19 03 22 | 05
#0964-d342 @A: 10 22 20 33 | 03
#0965-d342 @A: 10 31 01 12 | 06
#0966-d342 @A: 06 26 12 03 | 04
#0967-d342 @A: 27 06 12 30 | 02
#0968-d342 @A: 09 12 01 05 | 11
#0969-d342 @A: 33 03 13 12 | 08
#0970-d342 @A: 30 03 10 12 | 07
#0971-d342 @A: 25 35 12 33 | 01
#0972-d342 @A: 19 12 18 35 | 10
#0973-d342 @A: 16 11 29 01 | 12
#0974-d342 @A: 29 20 16 13 | 09
#0975-d342 @A: 03 15 29 19 | 05
#0976-d342 @A: 15 20 24 29 | 03
#0977-d342 @A: 05 06 10 16 | 06
#0978-d342 @A: 16 25 13 01 | 04
#0979-d342 @A: 18 16 21 01 | 02
#0980-d342 @A: 33 15 20 16 | 11
#0981-d342 @A: 03 16 18 09 | 08
#0982-d342 @A: 06 15 19 31 | 07
#0983-d342 @A: 35 31 18 17 | 01
#0984-d342 @A: 31 25 09 21 | 10
#0985-d342 @A: 31 30 24 19 | 12
#0986-d342 @A: 21 24 26 06 | 09
#0987-d342 @A: 13 17 21 26 | 05
#0988-d342 @A: 10 04 26 24 | 03
#0989-d342 @A: 17 26 15 04 | 06
#0990-d342 @A: 24 13 25 06 | 04
#0991-d342 @A: 06 09 17 33 | 02
#0992-d342 @A: 04 35 25 06 | 11
#0993-d342 @A: 06 19 11 04 | 08
#0994-d342 @A: 30 21 06 35 | 07
#0995-d342 @A: 03 01 11 19 | 01
#0996-d342 @A: 21 10 05 03 | 10
#0997-d342 @A: 33 30 35 05 | 12
#0998-d342 @A: 24 20 05 19 | 09
#0999-d342 @A: 11 25 03 13 | 05
#1000-d342 @A: 08 02 01 10 | 03
#1001-d342 @A: 11 17 02 08 | 06
#1002-d342 @A: 02 34 03 26 | 04
#1003-d342 @A: 02 16 25 14 | 02
#1004-d342 @A: 23 12 20 02 | 11
#1005-d342 @A: 02 04 07 21 | 08
#1006-d342 @A: 27 18 16 02 | 07
#1007-d342 @A: 33 02 03 10 | 01
#1008-d342 @A: 10 21 02 24 | 10
#1009-d342 @A: 02 17 20 19 | 12
#1010-d342 @A: 24 33 30 02 | 09
#1011-d342 @A: 30 02 19 11 | 05
#1012-d342 @A: 08 34 13 24 | 03
#1013-d342 @A: 06 23 08 03 | 06
#1014-d342 @A: 30 08 32 07 | 04
#1015-d342 @A: 16 08 32 04 | 02
#1016-d342 @A: 08 28 31 17 | 11
#1017-d342 @A: 08 07 18 11 | 08
#1018-d342 @A: 12 16 17 08 | 07
#1019-d342 @A: 16 13 05 08 | 01
#1020-d342 @A: 31 08 15 26 | 10
#1021-d342 @A: 20 08 26 06 | 12
#1022-d342 @A: 26 33 08 11 | 09
#1023-d342 @A: 08 01 06 04 | 05
#1024-d342 @A: 19 24 08 06 | 03
#1025-d342 @A: 01 08 13 20 | 06
#1026-d342 @A: 17 10 08 03 | 04
#1027-d342 @A: 24 08 10 25 | 02
#1028-d342 @A: 18 08 27 25 | 11
#1029-d342 @A: 09 08 35 11 | 08
#1030-d342 @A: 34 25 17 14 | 07
#1031-d342 @A: 32 20 23 34 | 01
#1032-d342 @A: 32 22 34 33 | 10
#1033-d342 @A: 30 24 28 34 | 12
#1034-d342 @A: 07 16 01 34 | 09
#1035-d342 @A: 17 34 07 31 | 05
#1036-d342 @A: 22 19 34 06 | 03
#1037-d342 @A: 26 17 34 12 | 06
#1038-d342 @A: 26 29 11 34 | 04
#1039-d342 @A: 10 16 20 34 | 02
#1040-d342 @A: 33 01 31 34 | 11
#1041-d342 @A: 34 10 31 11 | 08
#1042-d342 @A: 01 26 34 25 | 07
#1043-d342 @A: 34 06 20 04 | 01
#1044-d342 @A: 20 15 34 27 | 10
#1045-d342 @A: 17 33 24 34 | 12
#1046-d342 @A: 27 34 11 25 | 09
#1047-d342 @A: 11 33 21 34 | 05
#1048-d342 @A: 07 23 12 14 | 03
#1049-d342 @A: 23 18 14 31 | 06
#1050-d342 @A: 28 14 06 27 | 04
#1051-d342 @A: 25 07 14 31 | 02
#1052-d342 @A: 13 14 33 22 | 11
#1053-d342 @A: 03 13 29 14 | 08
#1054-d342 @A: 29 21 04 14 | 07
#1055-d342 @A: 19 16 14 25 | 01
#1056-d342 @A: 20 14 35 06 | 10
#1057-d342 @A: 11 25 30 14 | 12
#1058-d342 @A: 15 23 05 32 | 09
#1059-d342 @A: 23 28 27 07 | 05
#1060-d342 @A: 19 28 23 27 | 03
#1061-d342 @A: 35 28 23 33 | 06
#1062-d342 @A: 07 15 16 23 | 04
#1063-d342 @A: 11 23 13 22 | 02
#1064-d342 @A: 30 23 35 12 | 11
#1065-d342 @A: 11 23 19 29 | 08
#1066-d342 @A: 15 25 27 23 | 07
#1067-d342 @A: 09 35 25 23 | 01
#1068-d342 @A: 28 20 09 32 | 10
#1069-d342 @A: 07 25 06 32 | 12
#1070-d342 @A: 32 35 16 22 | 09
#1071-d342 @A: 32 11 05 12 | 05
#1072-d342 @A: 15 31 32 13 | 03
#1073-d342 @A: 01 32 20 26 | 06
#1074-d342 @A: 33 01 06 32 | 04
#1075-d342 @A: 13 01 05 32 | 02
#1076-d342 @A: 19 10 32 35 | 11
#1077-d342 @A: 32 17 30 25 | 08
#1078-d342 @A: 10 28 18 07 | 07
#1079-d342 @A: 28 30 25 07 | 01
#1080-d342 @A: 28 12 26 20 | 10
#1081-d342 @A: 28 18 29 31 | 12
#1082-d342 @A: 31 16 21 28 | 09
#1083-d342 @A: 28 25 06 01 | 05
#1084-d342 @A: 05 27 28 15 | 03
#1085-d342 @A: 24 33 19 28 | 06
#1086-d342 @A: 11 07 06 22 | 04
#1087-d342 @A: 13 22 21 07 | 02
#1088-d342 @A: 30 07 29 31 | 11
#1089-d342 @A: 07 13 27 16 | 08
#1090-d342 @A: 25 35 26 07 | 07
#1091-d342 @A: 20 35 07 10 | 01
#1092-d342 @A: 07 11 09 25 | 10
#1093-d342 @A: 07 35 21 03 | 12
#1094-d342 @A: 12 22 05 25 | 09
#1095-d342 @A: 31 26 33 22 | 05
#1096-d342 @A: 22 13 26 27 | 03
#1097-d342 @A: 06 13 22 20 | 06
#1098-d342 @A: 10 22 05 01 | 04
#1099-d342 @A: 17 04 33 22 | 02
#1100-d342 @A: 13 29 12 35 | 11
#1101-d342 @A: 18 16 26 12 | 08
#1102-d342 @A: 06 20 31 12 | 07
#1103-d342 @A: 06 12 09 13 | 01
#1104-d342 @A: 01 27 20 12 | 10
#1105-d342 @A: 09 12 24 35 | 12
#1106-d342 @A: 09 21 30 12 | 09
#1107-d342 @A: 29 15 16 31 | 05
#1108-d342 @A: 05 31 29 10 | 03
#1109-d342 @A: 27 01 29 26 | 06
#1110-d342 @A: 33 04 29 26 | 04
#1111-d342 @A: 29 27 15 04 | 02
#1112-d342 @A: 29 25 04 03 | 11
#1113-d342 @A: 29 25 33 09 | 08
#1114-d342 @A: 09 29 20 18 | 07
#1115-d342 @A: 29 24 09 04 | 01
#1116-d342 @A: 16 09 19 26 | 10
#1117-d342 @A: 09 35 05 16 | 12
#1118-d342 @A: 09 16 30 10 | 09
#1119-d342 @A: 17 16 09 25 | 05
#1120-d342 @A: 17 16 35 21 | 03
#1121-d342 @A: 16 19 04 35 | 06
#1122-d342 @A: 21 06 31 05 | 04
#1123-d342 @A: 35 33 10 31 | 02
#1124-d342 @A: 03 31 21 15 | 11
#1125-d342 @A: 26 11 15 06 | 08
#1126-d342 @A: 26 01 35 03 | 07
#1127-d342 @A: 26 35 33 15 | 01
#1128-d342 @A: 18 26 24 03 | 10
#1129-d342 @A: 10 15 25 06 | 12
#1130-d342 @A: 17 03 06 24 | 09
#1131-d342 @A: 06 21 25 33 | 05
#1132-d342 @A: 20 11 06 25 | 03
#1133-d342 @A: 01 13 30 10 | 06
#1134-d342 @A: 01 04 10 11 | 04
#1135-d342 @A: 27 19 01 17 | 02
#1136-d342 @A: 01 11 09 27 | 11
#1137-d342 @A: 05 17 13 25 | 08
#1138-d342 @A: 05 10 20 04 | 07
#1139-d342 @A: 03 05 25 35 | 01
#1140-d342 @A: 30 18 05 27 | 10
#1141-d342 @A: 24 05 20 11 | 12
#1142-d342 @A: 18 13 33 30 | 09
#1143-d342 @A: 19 09 33 13 | 05
#1144-d342 @A: 17 33 10 19 | 03
#1145-d342 @A: 34 02 21 22 | 06
#1146-d342 @A: 34 09 02 33 | 04
#1147-d342 @A: 34 24 19 02 | 02
#1148-d342 @A: 02 33 19 22 | 11
#1149-d342 @A: 05 02 12 21 | 08
#1150-d342 @A: 02 13 12 27 | 07
#1151-d342 @A: 02 35 26 29 | 01
#1152-d342 @A: 01 02 30 29 | 10
#1153-d342 @A: 13 02 29 18 | 12
#1154-d342 @A: 02 13 06 11 | 09
#1155-d342 @A: 02 13 15 10 | 05
#1156-d342 @A: 02 17 15 03 | 03
#1157-d342 @A: 02 04 18 17 | 06
#1158-d342 @A: 04 35 09 02 | 04
#1159-d342 @A: 03 08 34 16 | 02
#1160-d342 @A: 26 34 04 08 | 11
#1161-d342 @A: 08 26 09 14 | 08
#1162-d342 @A: 10 07 23 08 | 07
#1163-d342 @A: 08 16 23 25 | 01
#1164-d342 @A: 08 10 26 32 | 10
#1165-d342 @A: 03 32 08 24 | 12
#1166-d342 @A: 26 21 28 08 | 09
#1167-d342 @A: 24 08 28 06 | 05
#1168-d342 @A: 35 28 18 08 | 03
#1169-d342 @A: 35 08 22 01 | 06
#1170-d342 @A: 05 08 22 09 | 04
#1171-d342 @A: 08 21 12 13 | 02
#1172-d342 @A: 06 05 08 30 | 11
#1173-d342 @A: 05 01 18 08 | 08
#1174-d342 @A: 08 11 15 30 | 07
#1175-d342 @A: 09 21 24 08 | 01
#1176-d342 @A: 23 34 24 10 | 10
#1177-d342 @A: 34 23 17 19 | 12
#1178-d342 @A: 32 31 16 34 | 09
#1179-d342 @A: 04 28 34 29 | 05
#1180-d342 @A: 34 28 25 16 | 03
#1181-d342 @A: 24 07 22 34 | 06
#1182-d342 @A: 06 07 26 34 | 04
#1183-d342 @A: 34 26 35 18 | 02
#1184-d342 @A: 01 19 20 34 | 11
#1185-d342 @A: 15 10 03 34 | 08
#1186-d342 @A: 10 25 34 09 | 07
#1187-d342 @A: 30 34 21 10 | 01
#1188-d342 @A: 34 15 35 25 | 10
#1189-d342 @A: 27 24 09 34 | 12
#1190-d342 @A: 03 09 11 34 | 09
#1191-d342 @A: 10 29 23 14 | 05
#1192-d342 @A: 14 33 15 23 | 03
#1193-d342 @A: 28 31 14 33 | 06
#1194-d342 @A: 07 14 18 29 | 04
#1195-d342 @A: 07 11 13 14 | 02
#1196-d342 @A: 14 22 27 21 | 11
#1197-d342 @A: 20 22 19 14 | 08
#1198-d342 @A: 31 14 12 03 | 07
#1199-d342 @A: 19 10 14 31 | 01
#1200-d342 @A: 17 14 05 26 | 10
#1201-d342 @A: 21 05 14 01 | 12
#1202-d342 @A: 13 01 35 14 | 09
#1203-d342 @A: 03 01 27 14 | 05
#1204-d342 @A: 21 15 11 14 | 03
#1205-d342 @A: 25 21 14 20 | 06
#1206-d342 @A: 21 18 30 14 | 04
#1207-d342 @A: 09 14 33 11 | 02
#1208-d342 @A: 30 07 23 21 | 11
#1209-d342 @A: 23 05 24 22 | 08
#1210-d342 @A: 23 22 21 19 | 07
#1211-d342 @A: 01 23 29 24 | 01
#1212-d342 @A: 26 01 23 16 | 10
#1213-d342 @A: 26 23 20 31 | 12
#1214-d342 @A: 20 13 18 23 | 09
#1215-d342 @A: 19 18 23 13 | 05
#1216-d342 @A: 20 17 10 23 | 03
#1217-d342 @A: 03 15 23 11 | 06
#1218-d342 @A: 19 04 23 24 | 04
#1219-d342 @A: 23 21 35 11 | 02
#1220-d342 @A: 19 32 15 12 | 11
#1221-d342 @A: 31 01 32 21 | 08
#1222-d342 @A: 15 32 04 10 | 07
#1223-d342 @A: 32 21 17 15 | 01
#1224-d342 @A: 30 18 32 03 | 10
#1225-d342 @A: 07 28 17 13 | 12
#1226-d342 @A: 31 27 28 12 | 09
#1227-d342 @A: 12 28 18 06 | 05
#1228-d342 @A: 19 18 29 28 | 03
#1229-d342 @A: 30 16 33 28 | 06
#1230-d342 @A: 17 35 03 28 | 04
#1231-d342 @A: 29 07 17 12 | 02
#1232-d342 @A: 17 26 16 07 | 11
#1233-d342 @A: 18 06 07 04 | 08
#1234-d342 @A: 03 07 19 17 | 07
#1235-d342 @A: 24 27 04 07 | 01
#1236-d342 @A: 12 31 22 21 | 10
#1237-d342 @A: 16 29 22 09 | 12
#1238-d342 @A: 17 18 22 29 | 09
#1239-d342 @A: 01 22 16 19 | 05
#1240-d342 @A: 22 30 10 15 | 03
#1241-d342 @A: 04 15 22 03 | 06
#1242-d342 @A: 30 22 04 27 | 04
#1243-d342 @A: 03 22 33 35 | 02
#1244-d342 @A: 05 12 29 24 | 11
#1245-d342 @A: 12 19 06 16 | 08
#1246-d342 @A: 12 16 05 20 | 07
#1247-d342 @A: 35 26 12 11 | 01
#1248-d342 @A: 17 12 24 30 | 10
#1249-d342 @A: 33 11 12 30 | 12
#1250-d342 @A: 12 03 20 21 | 09
#1251-d342 @A: 16 06 24 29 | 05
#1252-d342 @A: 29 03 35 31 | 03
#1253-d342 @A: 06 05 29 20 | 06
#1254-d342 @A: 16 35 15 11 | 04
#1255-d342 @A: 21 03 16 30 | 02
#1256-d342 @A: 01 26 17 31 | 11
#1257-d342 @A: 05 25 31 19 | 08
#1258-d342 @A: 35 04 21 31 | 07
#1259-d342 @A: 04 26 09 18 | 01
#1260-d342 @A: 19 26 24 35 | 10
#1261-d342 @A: 18 17 06 25 | 12
#1262-d342 @A: 06 27 11 21 | 09
#1263-d342 @A: 11 06 09 24 | 05
#1264-d342 @A: 01 05 19 04 | 03
#1265-d342 @A: 03 01 17 30 | 06
#1266-d342 @A: 01 35 25 11 | 04
#1267-d342 @A: 09 01 24 25 | 02
#1268-d342 @A: 01 24 19 25 | 11
#1269-d342 @A: 01 35 33 18 | 08
#1270-d342 @A: 01 30 35 09 | 07
#1271-d342 @A: 09 27 05 17 | 01
#1272-d342 @A: 09 05 03 30 | 10
#1273-d342 @A: 25 13 10 33 | 12
#1274-d342 @A: 09 13 10 18 | 09
#1275-d342 @A: 33 15 04 13 | 05
#1276-d342 @A: 27 13 17 18 | 03
#1277-d342 @A: 17 24 19 21 | 06
#1278-d342 @A: 03 21 19 35 | 04
#1279-d342 @A: 31 20 02 08 | 02
#1280-d342 @A: 06 08 02 09 | 11
#1281-d342 @A: 02 14 12 30 | 08
#1282-d342 @A: 02 14 10 26 | 07
#1283-d342 @A: 02 17 05 23 | 01
#1284-d342 @A: 28 01 32 02 | 10
#1285-d342 @A: 04 29 02 32 | 12
#1286-d342 @A: 02 32 17 09 | 09
#1287-d342 @A: 01 12 03 02 | 05
#1288-d342 @A: 18 02 15 21 | 03
#1289-d342 @A: 03 30 02 27 | 06
#1290-d342 @A: 34 08 32 35 | 04
#1291-d342 @A: 31 34 18 08 | 02
#1292-d342 @A: 22 08 14 25 | 11
#1293-d342 @A: 14 17 08 29 | 08
#1294-d342 @A: 14 13 30 08 | 07
#1295-d342 @A: 23 32 09 08 | 01
#1296-d342 @A: 20 08 23 22 | 10
#1297-d342 @A: 08 29 18 23 | 12
#1298-d342 @A: 11 01 23 08 | 09
#1299-d342 @A: 08 07 20 12 | 05
#1300-d342 @A: 06 08 07 15 | 03
#1301-d342 @A: 33 31 29 08 | 06
#1302-d342 @A: 25 08 15 17 | 04
#1303-d342 @A: 08 27 21 35 | 02
#1304-d342 @A: 35 08 20 03 | 11
#1305-d342 @A: 23 11 34 28 | 08
#1306-d342 @A: 27 01 32 34 | 07
#1307-d342 @A: 09 28 05 34 | 01
#1308-d342 @A: 34 20 12 09 | 10
#1309-d342 @A: 18 15 29 34 | 12
#1310-d342 @A: 34 16 06 15 | 09
#1311-d342 @A: 34 04 10 18 | 05
#1312-d342 @A: 04 34 21 15 | 03
#1313-d342 @A: 16 20 23 14 | 06
#1314-d342 @A: 29 35 14 32 | 04
#1315-d342 @A: 28 05 14 10 | 02
#1316-d342 @A: 20 13 14 28 | 11
#1317-d342 @A: 14 29 19 07 | 08
#1318-d342 @A: 14 17 01 22 | 07
#1319-d342 @A: 14 01 33 12 | 01
#1320-d342 @A: 18 14 12 05 | 10
#1321-d342 @A: 12 20 14 11 | 12
#1322-d342 @A: 31 06 26 14 | 09
#1323-d342 @A: 30 33 14 26 | 05
#1324-d342 @A: 04 24 14 35 | 03
#1325-d342 @A: 04 20 14 09 | 06
#1326-d342 @A: 14 09 19 27 | 04
#1327-d342 @A: 35 32 07 23 | 02
#1328-d342 @A: 32 13 21 23 | 11
#1329-d342 @A: 31 07 06 23 | 08
#1330-d342 @A: 23 07 19 25 | 07
#1331-d342 @A: 29 05 23 04 | 01
#1332-d342 @A: 18 23 26 06 | 10
#1333-d342 @A: 35 15 23 06 | 12
#1334-d342 @A: 23 33 17 03 | 09
#1335-d342 @A: 03 23 20 25 | 05
#1336-d342 @A: 33 20 23 21 | 03
#1337-d342 @A: 29 26 32 17 | 06
#1338-d342 @A: 32 18 16 24 | 04
#1339-d342 @A: 26 32 06 35 | 02
#1340-d342 @A: 32 10 20 03 | 11
#1341-d342 @A: 11 10 30 32 | 08
#1342-d342 @A: 35 32 18 15 | 07
#1343-d342 @A: 35 25 24 32 | 01
#1344-d342 @A: 35 32 03 11 | 10
#1345-d342 @A: 26 07 28 11 | 12
#1346-d342 @A: 28 11 19 07 | 09
#1347-d342 @A: 28 30 01 22 | 05
#1348-d342 @A: 25 33 28 22 | 03
#1349-d342 @A: 24 28 29 17 | 06
#1350-d342 @A: 05 28 16 11 | 04
#1351-d342 @A: 28 13 15 16 | 02
#1352-d342 @A: 06 26 17 28 | 11
#1353-d342 @A: 19 05 03 28 | 08
#1354-d342 @A: 27 28 21 17 | 07
#1355-d342 @A: 21 28 04 03 | 01
#1356-d342 @A: 20 28 11 03 | 10
#1357-d342 @A: 09 30 11 28 | 12
#1358-d342 @A: 22 07 35 12 | 09
#1359-d342 @A: 04 29 22 07 | 05
#1360-d342 @A: 16 22 07 33 | 03
#1361-d342 @A: 07 31 13 05 | 06
#1362-d342 @A: 35 07 15 31 | 04
#1363-d342 @A: 20 31 33 07 | 02
#1364-d342 @A: 07 17 01 27 | 11
#1365-d342 @A: 03 18 17 07 | 08
#1366-d342 @A: 21 18 20 07 | 07
#1367-d342 @A: 11 04 07 20 | 01
#1368-d342 @A: 12 22 17 06 | 10
#1369-d342 @A: 09 29 19 22 | 12
#1370-d342 @A: 06 22 16 03 | 09
#1371-d342 @A: 22 05 03 26 | 05
#1372-d342 @A: 15 05 06 22 | 03
#1373-d342 @A: 25 01 22 15 | 06
#1374-d342 @A: 11 17 20 22 | 04
#1375-d342 @A: 35 22 30 19 | 02
#1376-d342 @A: 16 12 30 29 | 11
#1377-d342 @A: 29 20 12 10 | 08
#1378-d342 @A: 15 27 33 12 | 07
#1379-d342 @A: 24 03 12 25 | 01
#1380-d342 @A: 16 29 17 05 | 10
#1381-d342 @A: 19 29 31 27 | 12
#1382-d342 @A: 21 01 13 29 | 09
#1383-d342 @A: 30 29 24 18 | 05
#1384-d342 @A: 31 16 09 26 | 03
#1385-d342 @A: 05 26 16 04 | 06
#1386-d342 @A: 18 16 33 10 | 04
#1387-d342 @A: 27 30 11 16 | 02
#1388-d342 @A: 25 31 26 04 | 11
#1389-d342 @A: 03 26 31 30 | 08
#1390-d342 @A: 01 30 31 06 | 07
#1391-d342 @A: 31 13 06 33 | 01
#1392-d342 @A: 27 31 21 10 | 10
#1393-d342 @A: 27 31 17 15 | 12
#1394-d342 @A: 11 21 31 30 | 09
#1395-d342 @A: 19 09 31 21 | 05
#1396-d342 @A: 27 10 26 20 | 03
#1397-d342 @A: 03 21 26 33 | 06
#1398-d342 @A: 21 04 10 06 | 04
#1399-d342 @A: 20 06 19 10 | 02
#1400-d342 @A: 03 06 27 25 | 11
#1401-d342 @A: 24 18 20 06 | 08
#1402-d342 @A: 33 27 04 06 | 07
#1403-d342 @A: 01 11 30 05 | 01
#1404-d342 @A: 27 18 01 10 | 10
#1405-d342 @A: 03 10 01 09 | 12
#1406-d342 @A: 09 15 04 01 | 09
#1407-d342 @A: 03 01 04 18 | 05
#1408-d342 @A: 18 30 19 01 | 03
#1409-d342 @A: 04 21 01 33 | 06
#1410-d342 @A: 33 05 13 20 | 04
#1411-d342 @A: 15 30 05 24 | 02
#1412-d342 @A: 05 21 18 19 | 11
#1413-d342 @A: 15 13 24 18 | 08
#1414-d342 @A: 13 11 24 04 | 07
#1415-d342 @A: 21 33 13 35 | 01
#1416-d342 @A: 19 30 03 27 | 10
#1417-d342 @A: 24 34 02 11 | 12
#1418-d342 @A: 22 14 02 24 | 09
#1419-d342 @A: 02 10 07 12 | 05
#1420-d342 @A: 02 35 07 01 | 03
#1421-d342 @A: 06 02 25 22 | 06
#1422-d342 @A: 12 33 02 16 | 04
#1423-d342 @A: 02 29 17 20 | 02
#1424-d342 @A: 24 31 02 13 | 11
#1425-d342 @A: 26 02 05 09 | 08
#1426-d342 @A: 35 02 21 25 | 07
#1427-d342 @A: 19 02 25 03 | 01
#1428-d342 @A: 33 20 35 02 | 10
#1429-d342 @A: 08 27 06 34 | 12
#1430-d342 @A: 32 19 05 08 | 09
#1431-d342 @A: 32 17 08 13 | 05
#1432-d342 @A: 10 28 12 08 | 03
#1433-d342 @A: 33 28 13 08 | 06
#1434-d342 @A: 08 29 24 07 | 04
#1435-d342 @A: 25 19 26 08 | 02
#1436-d342 @A: 04 08 10 33 | 11
#1437-d342 @A: 27 10 08 09 | 08
#1438-d342 @A: 18 17 09 08 | 07
#1439-d342 @A: 34 14 12 06 | 01
#1440-d342 @A: 32 34 24 05 | 10
#1441-d342 @A: 34 19 28 15 | 12
#1442-d342 @A: 12 34 24 15 | 09
#1443-d342 @A: 01 34 29 17 | 05
#1444-d342 @A: 17 11 34 30 | 03
#1445-d342 @A: 04 25 30 34 | 06
#1446-d342 @A: 20 34 33 25 | 04
#1447-d342 @A: 27 03 35 34 | 02
#1448-d342 @A: 27 14 26 32 | 11
#1449-d342 @A: 18 26 14 28 | 08
#1450-d342 @A: 16 22 04 14 | 07
#1451-d342 @A: 09 14 16 12 | 01
#1452-d342 @A: 14 17 12 13 | 10
#1453-d342 @A: 24 31 01 14 | 12
#1454-d342 @A: 14 04 15 31 | 09
#1455-d342 @A: 14 13 15 06 | 05
#1456-d342 @A: 10 06 14 03 | 03
#1457-d342 @A: 19 05 30 14 | 06
#1458-d342 @A: 24 10 14 15 | 04
#1459-d342 @A: 27 15 14 18 | 02
#1460-d342 @A: 25 03 33 14 | 11
#1461-d342 @A: 09 30 24 14 | 08
#1462-d342 @A: 28 30 23 32 | 07
#1463-d342 @A: 16 06 23 32 | 01
#1464-d342 @A: 23 28 26 22 | 10
#1465-d342 @A: 26 07 33 23 | 12
#1466-d342 @A: 25 12 23 01 | 09
#1467-d342 @A: 15 13 26 23 | 05
#1468-d342 @A: 19 15 33 23 | 03
#1469-d342 @A: 17 21 18 23 | 06
#1470-d342 @A: 04 35 23 18 | 04
#1471-d342 @A: 04 03 23 30 | 02
#1472-d342 @A: 21 32 11 22 | 11
#1473-d342 @A: 31 30 32 12 | 08
#1474-d342 @A: 32 27 13 29 | 07
#1475-d342 @A: 32 30 16 26 | 01
#1476-d342 @A: 16 03 05 32 | 10
#1477-d342 @A: 16 20 32 17 | 12
#1478-d342 @A: 16 25 32 21 | 09
#1479-d342 @A: 06 31 04 32 | 05
#1480-d342 @A: 32 26 13 11 | 03
#1481-d342 @A: 32 05 09 06 | 06
#1482-d342 @A: 32 06 33 19 | 04
#1483-d342 @A: 27 32 05 04 | 02
#1484-d342 @A: 09 15 32 30 | 11
#1485-d342 @A: 32 03 27 21 | 08
#1486-d342 @A: 20 32 24 30 | 07
#1487-d342 @A: 28 05 17 22 | 01
#1488-d342 @A: 09 29 06 28 | 10
#1489-d342 @A: 29 28 27 11 | 12
#1490-d342 @A: 28 26 33 05 | 09
#1491-d342 @A: 15 28 35 24 | 05
#1492-d342 @A: 28 17 04 09 | 03
#1493-d342 @A: 24 04 33 28 | 06
#1494-d342 @A: 28 04 35 30 | 04
#1495-d342 @A: 28 21 20 19 | 02
#1496-d342 @A: 03 07 31 22 | 11
#1497-d342 @A: 07 05 18 16 | 08
#1498-d342 @A: 26 20 13 07 | 07
#1499-d342 @A: 07 33 05 03 | 01
#1500-d342 @A: 07 10 30 24 | 10
#1501-d342 @A: 09 07 20 15 | 12
#1502-d342 @A: 29 30 22 06 | 09
#1503-d342 @A: 22 09 15 11 | 05
#1504-d342 @A: 25 17 35 22 | 03
#1505-d342 @A: 03 22 27 17 | 06
#1506-d342 @A: 35 22 20 18 | 04
#1507-d342 @A: 33 05 31 12 | 02
#1508-d342 @A: 26 13 04 12 | 11
#1509-d342 @A: 18 25 20 12 | 08
#1510-d342 @A: 03 29 16 10 | 07
#1511-d342 @A: 29 24 31 26 | 01
#1512-d342 @A: 17 04 31 29 | 10
#1513-d342 @A: 25 26 06 29 | 12
#1514-d342 @A: 06 01 29 18 | 09
#1515-d342 @A: 01 03 29 05 | 05
#1516-d342 @A: 29 09 11 05 | 03
#1517-d342 @A: 29 33 10 17 | 06
#1518-d342 @A: 01 16 04 31 | 04
#1519-d342 @A: 15 10 16 27 | 02
#1520-d342 @A: 17 15 18 16 | 11
#1521-d342 @A: 11 33 16 19 | 08
#1522-d342 @A: 03 16 35 24 | 07
#1523-d342 @A: 04 10 31 03 | 01
#1524-d342 @A: 09 15 33 31 | 10
#1525-d342 @A: 15 31 24 11 | 12
#1526-d342 @A: 27 31 35 25 | 09
#1527-d342 @A: 30 04 20 31 | 05
#1528-d342 @A: 31 27 30 33 | 03
#1529-d342 @A: 13 18 26 01 | 06
#1530-d342 @A: 26 15 27 21 | 04
#1531-d342 @A: 05 17 01 06 | 02
#1532-d342 @A: 10 15 01 35 | 11
#1533-d342 @A: 15 27 01 30 | 08
#1534-d342 @A: 33 25 04 05 | 07
#1535-d342 @A: 05 33 21 27 | 01
#1536-d342 @A: 03 13 35 15 | 10
#1537-d342 @A: 13 19 15 35 | 12
#1538-d342 @A: 24 13 17 09 | 09
#1539-d342 @A: 18 35 11 13 | 05
#1540-d342 @A: 03 09 21 13 | 03
#1541-d342 @A: 19 24 03 10 | 06
#1542-d342 @A: 19 20 11 25 | 04
#1543-d342 @A: 23 02 08 21 | 02
#1544-d342 @A: 08 02 32 22 | 11
#1545-d342 @A: 05 24 02 08 | 08
#1546-d342 @A: 02 04 34 01 | 07
#1547-d342 @A: 32 18 02 14 | 01
#1548-d342 @A: 06 33 14 02 | 10
#1549-d342 @A: 32 13 30 02 | 12
#1550-d342 @A: 13 25 02 07 | 09
#1551-d342 @A: 11 29 02 22 | 05
#1552-d342 @A: 17 12 02 31 | 03
#1553-d342 @A: 31 16 02 11 | 06
#1554-d342 @A: 20 26 02 16 | 04
#1555-d342 @A: 21 16 06 02 | 02
#1556-d342 @A: 16 02 04 24 | 11
#1557-d342 @A: 02 26 13 33 | 08
#1558-d342 @A: 03 04 02 06 | 07
#1559-d342 @A: 24 35 17 02 | 01
#1560-d342 @A: 02 18 03 35 | 10
#1561-d342 @A: 02 30 09 18 | 12
#1562-d342 @A: 34 08 25 07 | 09
#1563-d342 @A: 34 33 12 08 | 05
#1564-d342 @A: 19 34 03 08 | 03
#1565-d342 @A: 14 16 08 18 | 06
#1566-d342 @A: 14 04 08 03 | 04
#1567-d342 @A: 08 27 23 12 | 02
#1568-d342 @A: 08 06 25 31 | 11
#1569-d342 @A: 01 08 31 27 | 08
#1570-d342 @A: 08 24 35 31 | 07
#1571-d342 @A: 26 05 35 08 | 01
#1572-d342 @A: 08 06 18 13 | 10
#1573-d342 @A: 33 25 01 08 | 12
#1574-d342 @A: 04 08 35 15 | 09
#1575-d342 @A: 27 17 08 20 | 05
#1576-d342 @A: 08 04 11 27 | 03
#1577-d342 @A: 34 28 21 14 | 06
#1578-d342 @A: 30 27 34 14 | 04
#1579-d342 @A: 23 31 34 12 | 02
#1580-d342 @A: 03 34 23 05 | 11
#1581-d342 @A: 13 25 23 34 | 08
#1582-d342 @A: 28 15 34 22 | 07
#1583-d342 @A: 07 34 04 05 | 01
#1584-d342 @A: 05 34 16 33 | 10
#1585-d342 @A: 15 34 05 31 | 12
#1586-d342 @A: 19 34 25 27 | 09
#1587-d342 @A: 34 21 25 03 | 05
#1588-d342 @A: 21 18 27 34 | 03
#1589-d342 @A: 23 22 14 03 | 06
#1590-d342 @A: 23 27 14 13 | 04
#1591-d342 @A: 33 05 32 14 | 02
#1592-d342 @A: 10 14 21 32 | 11
#1593-d342 @A: 22 28 14 07 | 08
#1594-d342 @A: 19 14 28 01 | 07
#1595-d342 @A: 26 14 35 22 | 01
#1596-d342 @A: 15 22 14 20 | 10
#1597-d342 @A: 10 14 25 35 | 12
#1598-d342 @A: 14 25 15 09 | 09
#1599-d342 @A: 11 14 27 17 | 05
#1600-d342 @A: 04 33 14 18 | 03
#1601-d342 @A: 15 23 12 28 | 06
#1602-d342 @A: 16 23 35 29 | 04
#1603-d342 @A: 15 01 23 31 | 02
#1604-d342 @A: 04 13 31 23 | 11
#1605-d342 @A: 09 23 10 33 | 08
#1606-d342 @A: 09 18 15 23 | 07
#1607-d342 @A: 30 23 20 15 | 01
#1608-d342 @A: 28 03 26 32 | 10
#1609-d342 @A: 28 18 05 32 | 12
#1610-d342 @A: 32 24 28 13 | 09
#1611-d342 @A: 06 22 32 27 | 05
#1612-d342 @A: 17 31 32 05 | 03
#1613-d342 @A: 32 19 04 13 | 06
#1614-d342 @A: 24 21 32 04 | 04
#1615-d342 @A: 27 24 32 33 | 02
#1616-d342 @A: 32 03 09 33 | 11
#1617-d342 @A: 07 20 16 28 | 08
#1618-d342 @A: 05 28 07 35 | 07
#1619-d342 @A: 13 22 28 03 | 01
#1620-d342 @A: 21 18 22 28 | 10
#1621-d342 @A: 12 28 33 29 | 12
#1622-d342 @A: 16 12 28 03 | 09
#1623-d342 @A: 04 06 16 28 | 05
#1624-d342 @A: 26 28 19 30 | 03
#1625-d342 @A: 28 35 06 13 | 06
#1626-d342 @A: 01 18 09 28 | 04
#1627-d342 @A: 17 28 20 15 | 02
#1628-d342 @A: 33 03 28 15 | 11
#1629-d342 @A: 09 28 27 35 | 08
#1630-d342 @A: 01 22 07 20 | 07
#1631-d342 @A: 12 27 07 25 | 01
#1632-d342 @A: 21 11 07 12 | 10
#1633-d342 @A: 09 31 07 10 | 12
#1634-d342 @A: 07 01 03 06 | 09
#1635-d342 @A: 07 10 13 06 | 05
#1636-d342 @A: 01 07 19 15 | 03
#1637-d342 @A: 07 15 24 17 | 06
#1638-d342 @A: 07 30 19 04 | 04
#1639-d342 @A: 31 22 05 27 | 02
#1640-d342 @A: 21 15 33 22 | 11
#1641-d342 @A: 22 04 20 21 | 08
#1642-d342 @A: 22 24 33 11 | 07
#1643-d342 @A: 30 22 09 33 | 01
#1644-d342 @A: 01 29 12 04 | 10
#1645-d342 @A: 25 16 06 12 | 12
#1646-d342 @A: 12 26 05 27 | 09
#1647-d342 @A: 24 12 01 13 | 05
#1648-d342 @A: 12 13 24 19 | 03
#1649-d342 @A: 33 12 21 10 | 06
#1650-d342 @A: 12 35 15 20 | 04
#1651-d342 @A: 20 04 17 12 | 02
#1652-d342 @A: 29 24 16 19 | 11
#1653-d342 @A: 18 25 29 10 | 08
#1654-d342 @A: 30 10 29 04 | 07
#1655-d342 @A: 29 35 30 17 | 01
#1656-d342 @A: 29 11 17 21 | 10
#1657-d342 @A: 24 27 21 29 | 12
#1658-d342 @A: 33 03 29 30 | 09
#1659-d342 @A: 29 21 19 30 | 05
#1660-d342 @A: 01 16 06 35 | 03
#1661-d342 @A: 20 16 06 27 | 06
#1662-d342 @A: 13 09 11 16 | 04
#1663-d342 @A: 24 15 21 16 | 02
#1664-d342 @A: 25 18 35 16 | 11
#1665-d342 @A: 04 16 20 25 | 08
#1666-d342 @A: 27 04 16 09 | 07
#1667-d342 @A: 35 27 16 33 | 01
#1668-d342 @A: 31 19 26 11 | 10
#1669-d342 @A: 06 03 11 31 | 12
#1670-d342 @A: 31 01 05 35 | 09
#1671-d342 @A: 13 19 01 31 | 05
#1672-d342 @A: 20 31 13 21 | 03
#1673-d342 @A: 20 17 03 31 | 06
#1674-d342 @A: 30 10 26 17 | 04
#1675-d342 @A: 20 33 26 18 | 02
#1676-d342 @A: 33 24 05 06 | 11
#1677-d342 @A: 15 06 19 30 | 08
#1678-d342 @A: 11 06 04 17 | 07
#1679-d342 @A: 06 30 09 25 | 01
#1680-d342 @A: 06 27 35 18 | 10
#1681-d342 @A: 01 21 19 27 | 12
#1682-d342 @A: 09 05 15 13 | 09
#1683-d342 @A: 27 25 10 05 | 05
#1684-d342 @A: 05 04 24 17 | 03
#1685-d342 @A: 10 13 21 11 | 06
#1686-d342 @A: 19 30 25 13 | 04
#1687-d342 @A: 13 04 03 20 | 02
#1688-d342 @A: 30 24 13 03 | 11
#1689-d342 @A: 20 15 27 19 | 08
