#0001-d113 @A: 14 12 29 06 | 05
#0002-d113 @A: 29 34 12 08 | 04
#0003-d113 @A: 21 14 22 29 | 11
#0004-d113 @A: 02 29 03 28 | 09
#0005-d113 @A: 29 30 18 09 | 10
#0006-d113 @A: 30 26 02 29 | 12
#0007-d113 @A: 29 18 14 26 | 06
#0008-d113 @A: 29 19 18 15 | 03
#0009-d113 @A: 04 29 18 34 | 07
#0010-d113 @A: 35 17 29 24 | 02
#0011-d113 @A: 31 17 08 29 | 08
#0012-d113 @A: 07 29 34 26 | 01
#0013-d113 @A: 19 27 29 24 | 05
#0014-d113 @A: 25 29 35 23 | 04
#0015-d113 @A: 29 25 21 16 | 11
#0016-d113 @A: 16 29 14 09 | 09
#0017-d113 @A: 33 29 04 13 | 10
#0018-d113 @A: 22 33 10 12 | 12
#0019-d113 @A: 32 12 22 31 | 06
#0020-d113 @A: 12 20 03 34 | 03
#0021-d113 @A: 12 08 03 04 | 07
#0022-d113 @A: 03 12 05 33 | 02
#0023-d113 @A: 12 10 01 17 | 08
#0024-d113 @A: 10 14 12 32 | 01
#0025-d113 @A: 18 16 12 05 | 05
#0026-d113 @A: 20 17 23 12 | 04
#0027-d113 @A: 12 09 17 24 | 11
#0028-d113 @A: 23 25 28 12 | 09
#0029-d113 @A: 27 24 12 11 | 10
#0030-d113 @A: 12 04 24 13 | 12
#0031-d113 @A: 07 13 12 06 | 06
#0032-d113 @A: 23 12 08 14 | 03
#0033-d113 @A: 21 23 12 01 | 07
#0034-d113 @A: 07 12 21 31 | 02
#0035-d113 @A: 03 35 22 30 | 08
#0036-d113 @A: 32 01 22 30 | 01
#0037-d113 @A: 17 22 10 15 | 05
#0038-d113 @A: 07 22 27 18 | 04
#0039-d113 @A: 17 22 20 21 | 11
#0040-d113 @A: 11 22 20 32 | 09
#0041-d113 @A: 06 28 32 22 | 10
#0042-d113 @A: 24 13 22 32 | 12
#0043-d113 @A: 22 16 08 19 | 06
#0044-d113 @A: 27 22 25 24 | 03
#0045-d113 @A: 22 06 16 04 | 07
#0046-d113 @A: 22 05 21 06 | 02
#0047-d113 @A: 14 06 01 22 | 08
#0048-d113 @A: 34 22 31 04 | 01
#0049-d113 @A: 22 04 14 07 | 05
#0050-d113 @A: 10 34 18 03 | 04
#0051-d113 @A: 03 05 18 25 | 11
#0052-d113 @A: 03 07 17 27 | 09
#0053-d113 @A: 17 24 01 03 | 10
#0054-d113 @A: 20 03 27 14 | 12
#0055-d113 @A: 02 24 03 20 | 06
#0056-d113 @A: 03 19 25 06 | 03
#0057-d113 @A: 14 03 35 19 | 07
#0058-d113 @A: 23 03 19 27 | 02
#0059-d113 @A: 01 25 27 03 | 08
#0060-d113 @A: 03 35 21 16 | 01
#0061-d113 @A: 03 27 09 08 | 05
#0062-d113 @A: 04 03 09 11 | 04
#0063-d113 @A: 13 16 34 03 | 11
#0064-d113 @A: 06 03 11 07 | 09
#0065-d113 @A: 13 11 03 14 | 10
#0066-d113 @A: 18 35 30 20 | 12
#0067-d113 @A: 35 15 30 26 | 06
#0068-d113 @A: 35 30 04 32 | 03
#0069-d113 @A: 24 09 30 33 | 07
#0070-d113 @A: 07 09 30 08 | 02
#0071-d113 @A: 06 28 30 33 | 08
#0072-d113 @A: 30 13 16 02 | 01
#0073-d113 @A: 30 07 24 13 | 05
#0074-d113 @A: 14 30 13 23 | 04
#0075-d113 @A: 15 30 08 21 | 11
#0076-d113 @A: 33 30 02 21 | 09
#0077-d113 @A: 17 07 26 10 | 10
#0078-d113 @A: 25 11 10 20 | 12
#0079-d113 @A: 25 32 02 10 | 06
#0080-d113 @A: 19 10 35 01 | 03
#0081-d113 @A: 08 25 10 09 | 07
#0082-d113 @A: 15 33 11 10 | 02
#0083-d113 @A: 10 05 23 21 | 08
#0084-d113 @A: 07 10 04 05 | 01
#0085-d113 @A: 31 05 10 01 | 05
#0086-d113 @A: 16 18 17 06 | 04
#0087-d113 @A: 14 17 18 15 | 11
#0088-d113 @A: 26 18 07 20 | 09
#0089-d113 @A: 02 20 18 21 | 10
#0090-d113 @A: 32 05 18 26 | 12
#0091-d113 @A: 21 18 06 32 | 06
#0092-d113 @A: 01 18 05 19 | 03
#0093-d113 @A: 21 18 25 27 | 07
#0094-d113 @A: 11 14 33 18 | 02
#0095-d113 @A: 15 08 18 34 | 08
#0096-d113 @A: 18 15 21 05 | 01
#0097-d113 @A: 08 20 32 17 | 05
#0098-d113 @A: 24 17 20 13 | 04
#0099-d113 @A: 17 16 26 01 | 11
#0100-d113 @A: 35 17 19 06 | 09
#0101-d113 @A: 23 17 13 35 | 10
#0102-d113 @A: 28 17 04 09 | 12
#0103-d113 @A: 13 06 04 17 | 06
#0104-d113 @A: 21 17 31 34 | 03
#0105-d113 @A: 23 31 07 17 | 07
#0106-d113 @A: 01 14 17 04 | 02
#0107-d113 @A: 26 20 32 35 | 08
#0108-d113 @A: 20 19 25 02 | 01
#0109-d113 @A: 34 20 24 28 | 05
#0110-d113 @A: 20 05 23 28 | 04
#0111-d113 @A: 14 11 20 23 | 11
#0112-d113 @A: 08 20 02 31 | 09
#0113-d113 @A: 11 26 28 25 | 10
#0114-d113 @A: 13 16 26 25 | 12
#0115-d113 @A: 26 07 11 35 | 06
#0116-d113 @A: 16 21 15 26 | 03
#0117-d113 @A: 26 24 06 11 | 07
#0118-d113 @A: 26 14 08 34 | 02
#0119-d113 @A: 33 21 26 07 | 08
#0120-d113 @A: 26 01 15 07 | 01
#0121-d113 @A: 19 32 27 06 | 05
#0122-d113 @A: 16 11 32 35 | 04
#0123-d113 @A: 32 13 28 09 | 11
#0124-d113 @A: 28 15 32 09 | 09
#0125-d113 @A: 01 32 16 14 | 10
#0126-d113 @A: 24 32 02 21 | 12
#0127-d113 @A: 34 23 32 06 | 06
#0128-d113 @A: 13 08 32 15 | 03
#0129-d113 @A: 05 09 35 19 | 07
#0130-d113 @A: 19 02 09 23 | 02
#0131-d113 @A: 19 31 13 28 | 08
#0132-d113 @A: 05 19 11 13 | 01
#0133-d113 @A: 19 33 11 08 | 05
#0134-d113 @A: 09 25 01 28 | 04
#0135-d113 @A: 07 24 25 05 | 11
#0136-d113 @A: 05 25 34 06 | 09
#0137-d113 @A: 25 13 14 07 | 10
#0138-d113 @A: 35 28 09 11 | 12
#0139-d113 @A: 35 23 07 09 | 06
#0140-d113 @A: 31 21 35 09 | 03
#0141-d113 @A: 24 06 08 35 | 07
#0142-d113 @A: 24 31 35 23 | 02
#0143-d113 @A: 21 35 15 33 | 08
#0144-d113 @A: 04 07 35 02 | 01
#0145-d113 @A: 01 02 35 14 | 05
#0146-d113 @A: 11 02 07 09 | 04
#0147-d113 @A: 31 05 34 09 | 11
#0148-d113 @A: 09 15 31 34 | 09
#0149-d113 @A: 31 28 34 23 | 10
#0150-d113 @A: 11 24 27 15 | 12
#0151-d113 @A: 31 13 15 27 | 06
#0152-d113 @A: 14 08 04 27 | 03
#0153-d113 @A: 15 27 21 02 | 07
#0154-d113 @A: 11 15 04 21 | 02
#0155-d113 @A: 21 15 24 07 | 08
#0156-d113 @A: 26 29 33 12 | 01
#0157-d113 @A: 29 18 22 17 | 05
#0158-d113 @A: 20 22 31 29 | 04
#0159-d113 @A: 25 29 32 22 | 11
#0160-d113 @A: 29 07 22 05 | 09
#0161-d113 @A: 03 11 29 35 | 10
#0162-d113 @A: 29 20 30 01 | 12
#0163-d113 @A: 25 29 11 30 | 06
#0164-d113 @A: 29 17 28 33 | 03
#0165-d113 @A: 29 26 35 21 | 07
#0166-d113 @A: 34 15 29 26 | 02
#0167-d113 @A: 16 15 32 29 | 08
#0168-d113 @A: 23 19 29 13 | 01
#0169-d113 @A: 28 23 21 29 | 05
#0170-d113 @A: 11 02 29 13 | 04
#0171-d113 @A: 14 13 29 34 | 11
#0172-d113 @A: 29 14 33 23 | 09
#0173-d113 @A: 02 29 07 21 | 10
#0174-d113 @A: 30 22 24 12 | 12
#0175-d113 @A: 26 05 22 12 | 06
#0176-d113 @A: 13 25 12 22 | 03
#0177-d113 @A: 12 28 03 17 | 07
#0178-d113 @A: 03 01 16 12 | 02
#0179-d113 @A: 30 02 20 12 | 08
#0180-d113 @A: 24 10 28 12 | 01
#0181-d113 @A: 12 04 18 01 | 05
#0182-d113 @A: 12 26 13 20 | 04
#0183-d113 @A: 24 20 32 12 | 11
#0184-d113 @A: 20 12 05 09 | 09
#0185-d113 @A: 15 20 12 23 | 10
#0186-d113 @A: 04 12 14 20 | 12
#0187-d113 @A: 35 12 34 16 | 06
#0188-d113 @A: 34 35 12 15 | 03
#0189-d113 @A: 12 07 23 11 | 07
#0190-d113 @A: 12 11 33 01 | 02
#0191-d113 @A: 23 33 12 31 | 08
#0192-d113 @A: 22 03 10 04 | 01
#0193-d113 @A: 26 03 09 22 | 05
#0194-d113 @A: 16 03 27 22 | 04
#0195-d113 @A: 13 30 17 22 | 11
#0196-d113 @A: 20 22 08 30 | 09
#0197-d113 @A: 22 18 01 21 | 10
#0198-d113 @A: 20 22 28 04 | 12
#0199-d113 @A: 32 26 34 22 | 06
#0200-d113 @A: 26 28 22 01 | 03
#0201-d113 @A: 26 22 21 24 | 07
#0202-d113 @A: 32 19 22 23 | 02
#0203-d113 @A: 04 22 09 32 | 08
#0204-d113 @A: 22 32 33 27 | 01
#0205-d113 @A: 22 05 13 04 | 05
#0206-d113 @A: 21 04 08 22 | 04
#0207-d113 @A: 05 14 22 31 | 11
#0208-d113 @A: 07 22 33 31 | 09
#0209-d113 @A: 10 03 08 30 | 10
#0210-d113 @A: 03 05 24 30 | 12
#0211-d113 @A: 35 10 23 03 | 06
#0212-d113 @A: 26 03 05 28 | 03
#0213-d113 @A: 02 03 23 21 | 07
#0214-d113 @A: 19 30 18 13 | 02
#0215-d113 @A: 09 26 21 30 | 08
#0216-d113 @A: 33 19 30 32 | 01
#0217-d113 @A: 27 19 30 01 | 05
#0218-d113 @A: 19 30 21 16 | 04
#0219-d113 @A: 30 33 08 13 | 11
#0220-d113 @A: 13 18 10 27 | 09
#0221-d113 @A: 10 14 31 20 | 10
#0222-d113 @A: 10 28 25 31 | 12
#0223-d113 @A: 16 10 25 24 | 06
#0224-d113 @A: 02 15 10 25 | 03
#0225-d113 @A: 27 35 34 10 | 07
#0226-d113 @A: 10 27 07 09 | 02
#0227-d113 @A: 24 09 02 10 | 08
#0228-d113 @A: 04 10 11 02 | 01
#0229-d113 @A: 23 07 34 10 | 05
#0230-d113 @A: 02 10 13 23 | 04
#0231-d113 @A: 10 01 02 21 | 11
#0232-d113 @A: 32 07 18 09 | 09
#0233-d113 @A: 14 19 27 18 | 10
#0234-d113 @A: 24 18 19 16 | 12
#0235-d113 @A: 18 25 09 24 | 06
#0236-d113 @A: 09 18 35 06 | 03
#0237-d113 @A: 09 33 16 18 | 07
#0238-d113 @A: 16 09 15 18 | 02
#0239-d113 @A: 23 08 16 18 | 08
#0240-d113 @A: 24 18 05 04 | 01
#0241-d113 @A: 18 07 08 06 | 05
#0242-d113 @A: 14 13 18 05 | 04
#0243-d113 @A: 25 20 17 04 | 11
#0244-d113 @A: 11 20 15 17 | 09
#0245-d113 @A: 21 19 17 25 | 10
#0246-d113 @A: 35 31 17 15 | 12
#0247-d113 @A: 15 28 17 24 | 06
#0248-d113 @A: 13 05 34 17 | 03
#0249-d113 @A: 21 07 13 17 | 07
#0250-d113 @A: 05 01 08 17 | 02
#0251-d113 @A: 21 14 33 17 | 08
#0252-d113 @A: 27 05 20 32 | 01
#0253-d113 @A: 20 28 15 19 | 05
#0254-d113 @A: 13 20 28 25 | 04
#0255-d113 @A: 25 20 16 06 | 11
#0256-d113 @A: 20 28 35 31 | 09
#0257-d113 @A: 35 16 23 20 | 10
#0258-d113 @A: 20 09 27 24 | 12
#0259-d113 @A: 21 06 11 20 | 06
#0260-d113 @A: 07 08 11 20 | 03
#0261-d113 @A: 11 02 05 20 | 07
#0262-d113 @A: 19 26 34 09 | 02
#0263-d113 @A: 26 27 02 19 | 08
#0264-d113 @A: 08 35 26 16 | 01
#0265-d113 @A: 21 16 26 28 | 05
#0266-d113 @A: 13 14 26 24 | 04
#0267-d113 @A: 15 26 06 08 | 11
#0268-d113 @A: 14 26 07 06 | 09
#0269-d113 @A: 26 21 34 04 | 10
#0270-d113 @A: 33 04 08 26 | 12
#0271-d113 @A: 01 33 32 06 | 06
#0272-d113 @A: 14 34 32 21 | 03
#0273-d113 @A: 31 01 32 15 | 07
#0274-d113 @A: 16 19 28 34 | 02
#0275-d113 @A: 21 19 23 06 | 08
#0276-d113 @A: 16 09 05 25 | 01
#0277-d113 @A: 31 25 16 02 | 05
#0278-d113 @A: 28 35 13 16 | 04
#0279-d113 @A: 09 08 11 31 | 11
#0280-d113 @A: 23 05 08 09 | 09
#0281-d113 @A: 13 28 01 34 | 10
#0282-d113 @A: 23 16 27 14 | 12
#0283-d113 @A: 06 33 27 14 | 06
#0284-d113 @A: 33 02 27 23 | 03
#0285-d113 @A: 27 21 14 02 | 07
#0286-d113 @A: 23 11 16 04 | 02
#0287-d113 @A: 01 34 15 16 | 08
#0288-d113 @A: 01 23 16 31 | 01
#0289-d113 @A: 21 15 31 06 | 05
#0290-d113 @A: 12 29 01 22 | 04
#0291-d113 @A: 02 29 25 12 | 11
#0292-d113 @A: 29 08 22 28 | 09
#0293-d113 @A: 22 29 27 23 | 10
#0294-d113 @A: 22 29 15 21 | 12
#0295-d113 @A: 14 30 29 03 | 06
#0296-d113 @A: 10 29 30 23 | 03
#0297-d113 @A: 32 30 29 24 | 07
#0298-d113 @A: 29 11 26 17 | 02
#0299-d113 @A: 20 14 29 32 | 08
#0300-d113 @A: 20 19 29 28 | 01
#0301-d113 @A: 04 20 29 02 | 05
#0302-d113 @A: 29 25 34 28 | 04
#0303-d113 @A: 09 04 08 29 | 11
#0304-d113 @A: 15 29 07 28 | 09
#0305-d113 @A: 22 04 19 12 | 10
#0306-d113 @A: 07 12 28 22 | 12
#0307-d113 @A: 16 22 12 21 | 06
#0308-d113 @A: 10 11 12 35 | 03
#0309-d113 @A: 31 12 10 27 | 07
#0310-d113 @A: 12 20 18 19 | 02
#0311-d113 @A: 20 35 12 21 | 08
#0312-d113 @A: 28 26 35 12 | 01
#0313-d113 @A: 34 33 12 32 | 05
#0314-d113 @A: 11 12 05 08 | 04
#0315-d113 @A: 33 24 12 08 | 11
#0316-d113 @A: 23 12 34 13 | 09
#0317-d113 @A: 31 34 12 14 | 10
#0318-d113 @A: 30 18 22 14 | 12
#0319-d113 @A: 22 11 30 21 | 06
#0320-d113 @A: 06 22 18 10 | 03
#0321-d113 @A: 22 10 05 20 | 07
#0322-d113 @A: 22 20 09 15 | 02
#0323-d113 @A: 22 15 32 11 | 08
#0324-d113 @A: 11 02 22 19 | 01
#0325-d113 @A: 22 31 19 15 | 05
#0326-d113 @A: 25 15 22 13 | 04
#0327-d113 @A: 16 15 22 35 | 11
#0328-d113 @A: 24 02 22 23 | 09
#0329-d113 @A: 31 22 23 13 | 10
#0330-d113 @A: 03 10 31 11 | 12
#0331-d113 @A: 35 20 33 03 | 06
#0332-d113 @A: 05 16 20 03 | 03
#0333-d113 @A: 03 26 02 14 | 07
#0334-d113 @A: 31 03 32 08 | 02
#0335-d113 @A: 03 16 11 25 | 08
#0336-d113 @A: 24 03 16 09 | 01
#0337-d113 @A: 33 28 16 03 | 05
#0338-d113 @A: 27 21 34 03 | 04
#0339-d113 @A: 01 03 11 02 | 11
#0340-d113 @A: 24 03 15 34 | 09
#0341-d113 @A: 13 21 06 03 | 10
#0342-d113 @A: 06 14 03 23 | 12
#0343-d113 @A: 04 05 03 34 | 06
#0344-d113 @A: 34 14 03 01 | 03
#0345-d113 @A: 03 07 33 13 | 07
#0346-d113 @A: 03 13 01 31 | 02
#0347-d113 @A: 01 30 10 18 | 08
#0348-d113 @A: 10 13 30 20 | 01
#0349-d113 @A: 31 16 30 10 | 05
#0350-d113 @A: 18 30 02 32 | 04
#0351-d113 @A: 30 18 25 34 | 11
#0352-d113 @A: 33 05 18 30 | 09
#0353-d113 @A: 27 30 02 17 | 10
#0354-d113 @A: 30 11 19 20 | 12
#0355-d113 @A: 32 30 26 07 | 06
#0356-d113 @A: 26 11 30 08 | 03
#0357-d113 @A: 19 06 08 30 | 07
#0358-d113 @A: 14 25 30 06 | 02
#0359-d113 @A: 09 13 35 30 | 08
#0360-d113 @A: 23 06 01 30 | 01
#0361-d113 @A: 31 30 08 34 | 05
#0362-d113 @A: 01 30 08 04 | 04
#0363-d113 @A: 21 30 14 01 | 11
#0364-d113 @A: 18 17 24 10 | 09
#0365-d113 @A: 05 17 10 32 | 10
#0366-d113 @A: 26 16 10 02 | 12
#0367-d113 @A: 26 10 11 34 | 06
#0368-d113 @A: 32 10 06 35 | 03
#0369-d113 @A: 10 35 28 15 | 07
#0370-d113 @A: 15 16 08 10 | 02
#0371-d113 @A: 10 07 33 11 | 08
#0372-d113 @A: 10 23 04 31 | 01
#0373-d113 @A: 18 01 17 34 | 05
#0374-d113 @A: 35 24 18 32 | 04
#0375-d113 @A: 34 31 18 32 | 11
#0376-d113 @A: 34 18 35 07 | 09
#0377-d113 @A: 33 18 28 31 | 10
#0378-d113 @A: 18 31 02 11 | 12
#0379-d113 @A: 31 18 24 01 | 06
#0380-d113 @A: 05 26 09 17 | 03
#0381-d113 @A: 26 17 23 34 | 07
#0382-d113 @A: 33 17 09 32 | 02
#0383-d113 @A: 17 11 19 31 | 08
#0384-d113 @A: 11 17 07 25 | 01
#0385-d113 @A: 02 17 31 13 | 05
#0386-d113 @A: 05 23 17 14 | 04
#0387-d113 @A: 31 25 20 26 | 11
#0388-d113 @A: 24 20 26 16 | 09
#0389-d113 @A: 16 08 28 20 | 10
#0390-d113 @A: 14 24 07 20 | 12
#0391-d113 @A: 20 13 07 34 | 06
#0392-d113 @A: 02 23 20 07 | 03
#0393-d113 @A: 25 32 14 26 | 07
#0394-d113 @A: 16 33 32 26 | 02
#0395-d113 @A: 09 14 11 26 | 08
#0396-d113 @A: 24 33 02 26 | 01
#0397-d113 @A: 26 01 13 08 | 05
#0398-d113 @A: 19 25 24 32 | 04
#0399-d113 @A: 32 31 35 19 | 11
#0400-d113 @A: 16 08 32 09 | 09
#0401-d113 @A: 16 32 28 31 | 10
#0402-d113 @A: 32 34 11 13 | 12
#0403-d113 @A: 32 04 15 24 | 06
#0404-d113 @A: 08 32 04 34 | 03
#0405-d113 @A: 13 05 23 32 | 07
#0406-d113 @A: 14 08 32 33 | 02
#0407-d113 @A: 07 32 01 23 | 08
#0408-d113 @A: 35 27 08 19 | 01
#0409-d113 @A: 15 19 11 01 | 05
#0410-d113 @A: 13 24 19 06 | 04
#0411-d113 @A: 05 19 14 15 | 11
#0412-d113 @A: 01 19 33 02 | 09
#0413-d113 @A: 25 27 33 28 | 10
#0414-d113 @A: 25 28 16 04 | 12
#0415-d113 @A: 05 25 13 31 | 06
#0416-d113 @A: 02 23 25 14 | 03
#0417-d113 @A: 25 05 21 04 | 07
#0418-d113 @A: 21 01 25 15 | 02
#0419-d113 @A: 09 14 35 24 | 08
#0420-d113 @A: 35 07 05 28 | 01
#0421-d113 @A: 31 35 16 06 | 05
#0422-d113 @A: 11 01 35 06 | 04
#0423-d113 @A: 11 35 04 14 | 11
#0424-d113 @A: 35 34 02 24 | 09
#0425-d113 @A: 33 24 35 05 | 10
#0426-d113 @A: 05 35 06 23 | 12
#0427-d113 @A: 15 02 35 08 | 06
#0428-d113 @A: 01 11 05 09 | 03
#0429-d113 @A: 21 06 09 04 | 07
#0430-d113 @A: 31 06 09 02 | 02
#0431-d113 @A: 33 34 08 09 | 08
#0432-d113 @A: 28 13 14 21 | 01
#0433-d113 @A: 28 23 31 15 | 05
#0434-d113 @A: 16 05 27 02 | 04
#0435-d113 @A: 07 08 27 31 | 11
#0436-d113 @A: 27 23 05 31 | 09
#0437-d113 @A: 14 16 11 15 | 10
#0438-d113 @A: 07 06 16 21 | 12
#0439-d113 @A: 03 12 23 29 | 06
#0440-d113 @A: 12 07 09 29 | 03
#0441-d113 @A: 29 12 21 27 | 07
#0442-d113 @A: 35 04 22 29 | 02
#0443-d113 @A: 03 13 29 10 | 08
#0444-d113 @A: 30 29 04 19 | 01
#0445-d113 @A: 28 29 09 24 | 05
#0446-d113 @A: 31 13 24 29 | 04
#0447-d113 @A: 29 23 24 07 | 11
#0448-d113 @A: 06 29 13 08 | 09
#0449-d113 @A: 06 21 29 33 | 10
#0450-d113 @A: 03 12 07 35 | 12
#0451-d113 @A: 30 26 23 12 | 06
#0452-d113 @A: 12 13 32 30 | 03
#0453-d113 @A: 27 15 10 12 | 07
#0454-d113 @A: 26 25 07 12 | 02
#0455-d113 @A: 26 12 16 31 | 08
#0456-d113 @A: 12 01 34 26 | 01
#0457-d113 @A: 12 02 08 32 | 05
#0458-d113 @A: 19 12 25 11 | 04
#0459-d113 @A: 05 12 19 31 | 11
#0460-d113 @A: 12 14 25 16 | 09
#0461-d113 @A: 14 11 02 12 | 10
#0462-d113 @A: 24 31 02 12 | 12
#0463-d113 @A: 08 12 13 21 | 06
#0464-d113 @A: 02 07 12 05 | 03
#0465-d113 @A: 03 22 21 32 | 07
#0466-d113 @A: 03 01 22 23 | 02
#0467-d113 @A: 22 10 17 31 | 08
#0468-d113 @A: 22 24 10 35 | 01
#0469-d113 @A: 10 27 21 22 | 05
#0470-d113 @A: 14 22 13 10 | 04
#0471-d113 @A: 22 26 07 02 | 11
#0472-d113 @A: 22 23 25 16 | 09
#0473-d113 @A: 08 25 07 22 | 10
#0474-d113 @A: 07 22 35 16 | 12
#0475-d113 @A: 28 02 27 22 | 06
#0476-d113 @A: 02 14 22 33 | 03
#0477-d113 @A: 03 04 19 17 | 07
#0478-d113 @A: 25 20 03 32 | 02
#0479-d113 @A: 26 23 32 03 | 08
#0480-d113 @A: 34 26 35 03 | 01
#0481-d113 @A: 16 06 26 03 | 05
#0482-d113 @A: 03 11 28 19 | 04
#0483-d113 @A: 25 35 03 09 | 11
#0484-d113 @A: 24 31 14 03 | 09
#0485-d113 @A: 13 04 02 03 | 10
#0486-d113 @A: 30 14 17 32 | 12
#0487-d113 @A: 35 17 30 05 | 06
#0488-d113 @A: 32 20 30 23 | 03
#0489-d113 @A: 30 32 25 31 | 07
#0490-d113 @A: 19 31 30 23 | 02
#0491-d113 @A: 35 01 30 07 | 08
#0492-d113 @A: 27 15 05 30 | 01
#0493-d113 @A: 24 11 30 31 | 05
#0494-d113 @A: 02 11 30 06 | 04
#0495-d113 @A: 30 05 24 15 | 11
#0496-d113 @A: 13 21 05 30 | 09
#0497-d113 @A: 31 10 18 26 | 10
#0498-d113 @A: 10 18 09 14 | 12
#0499-d113 @A: 34 15 10 32 | 06
#0500-d113 @A: 15 09 05 10 | 03
#0501-d113 @A: 10 13 06 28 | 07
#0502-d113 @A: 23 27 08 10 | 02
#0503-d113 @A: 33 13 10 24 | 08
#0504-d113 @A: 10 04 08 06 | 01
#0505-d113 @A: 15 10 06 01 | 05
#0506-d113 @A: 13 10 34 08 | 04
#0507-d113 @A: 04 10 13 01 | 11
#0508-d113 @A: 13 07 31 10 | 09
#0509-d113 @A: 18 09 17 31 | 10
#0510-d113 @A: 28 18 05 17 | 12
#0511-d113 @A: 18 32 25 13 | 06
#0512-d113 @A: 25 18 11 35 | 03
#0513-d113 @A: 35 15 01 18 | 07
#0514-d113 @A: 24 18 27 23 | 02
#0515-d113 @A: 18 11 04 21 | 08
#0516-d113 @A: 18 34 24 13 | 01
#0517-d113 @A: 18 08 14 24 | 05
#0518-d113 @A: 33 21 24 18 | 04
#0519-d113 @A: 21 18 08 05 | 11
#0520-d113 @A: 18 23 02 05 | 09
#0521-d113 @A: 17 08 26 19 | 10
#0522-d113 @A: 25 17 35 26 | 12
#0523-d113 @A: 27 17 15 25 | 06
#0524-d113 @A: 17 34 33 35 | 03
#0525-d113 @A: 09 17 23 27 | 07
#0526-d113 @A: 09 16 17 11 | 02
#0527-d113 @A: 17 11 24 05 | 08
#0528-d113 @A: 21 23 17 08 | 01
#0529-d113 @A: 07 08 17 04 | 05
#0530-d113 @A: 20 08 25 15 | 04
#0531-d113 @A: 01 20 35 13 | 11
#0532-d113 @A: 05 33 04 20 | 09
#0533-d113 @A: 23 02 28 26 | 10
#0534-d113 @A: 06 04 27 26 | 12
#0535-d113 @A: 21 26 13 31 | 06
#0536-d113 @A: 26 08 23 31 | 03
#0537-d113 @A: 31 07 01 26 | 07
#0538-d113 @A: 07 32 25 28 | 02
#0539-d113 @A: 35 27 13 32 | 08
#0540-d113 @A: 32 28 33 02 | 01
#0541-d113 @A: 33 13 32 31 | 05
#0542-d113 @A: 31 32 02 01 | 04
#0543-d113 @A: 19 28 08 25 | 11
#0544-d113 @A: 07 19 34 06 | 09
#0545-d113 @A: 34 14 05 19 | 10
#0546-d113 @A: 34 19 01 21 | 12
#0547-d113 @A: 14 02 13 19 | 06
#0548-d113 @A: 28 35 25 06 | 03
#0549-d113 @A: 27 25 31 09 | 07
#0550-d113 @A: 15 09 24 25 | 02
#0551-d113 @A: 14 25 09 04 | 08
#0552-d113 @A: 02 25 11 24 | 01
#0553-d113 @A: 11 04 25 08 | 05
#0554-d113 @A: 06 33 15 25 | 04
#0555-d113 @A: 16 27 09 35 | 11
#0556-d113 @A: 33 28 35 04 | 09
#0557-d113 @A: 35 21 34 05 | 10
#0558-d113 @A: 31 35 05 04 | 12
#0559-d113 @A: 05 27 09 21 | 06
#0560-d113 @A: 15 02 11 09 | 03
#0561-d113 @A: 13 09 01 14 | 07
#0562-d113 @A: 08 15 14 09 | 02
#0563-d113 @A: 09 08 21 01 | 08
#0564-d113 @A: 07 27 21 11 | 01
#0565-d113 @A: 27 21 08 06 | 05
#0566-d113 @A: 04 07 27 01 | 04
#0567-d113 @A: 33 15 24 16 | 11
#0568-d113 @A: 14 24 02 16 | 09
#0569-d113 @A: 08 16 13 31 | 10
#0570-d113 @A: 14 13 33 16 | 12
#0571-d113 @A: 33 31 05 16 | 06
#0572-d113 @A: 07 16 05 15 | 03
#0573-d113 @A: 06 15 05 11 | 07
#0574-d113 @A: 20 10 29 12 | 02
#0575-d113 @A: 29 22 24 03 | 08
#0576-d113 @A: 10 29 22 34 | 01
#0577-d113 @A: 16 02 22 29 | 05
#0578-d113 @A: 05 29 09 03 | 04
#0579-d113 @A: 03 29 33 15 | 11
#0580-d113 @A: 29 30 35 34 | 09
#0581-d113 @A: 29 10 01 16 | 10
#0582-d113 @A: 29 32 18 11 | 12
#0583-d113 @A: 29 20 07 17 | 06
#0584-d113 @A: 27 14 17 29 | 03
#0585-d113 @A: 20 33 11 29 | 07
#0586-d113 @A: 13 05 29 20 | 02
#0587-d113 @A: 19 25 14 29 | 08
#0588-d113 @A: 31 29 28 07 | 01
#0589-d113 @A: 11 23 08 29 | 05
#0590-d113 @A: 34 21 24 29 | 04
#0591-d113 @A: 06 31 01 29 | 11
#0592-d113 @A: 33 34 31 29 | 09
#0593-d113 @A: 29 23 08 15 | 10
#0594-d113 @A: 02 33 05 29 | 12
#0595-d113 @A: 26 24 03 12 | 06
#0596-d113 @A: 12 06 03 32 | 03
#0597-d113 @A: 03 12 31 09 | 07
#0598-d113 @A: 12 05 27 30 | 02
#0599-d113 @A: 33 16 30 12 | 08
#0600-d113 @A: 10 12 04 21 | 01
#0601-d113 @A: 12 32 18 28 | 05
#0602-d113 @A: 12 13 18 33 | 04
#0603-d113 @A: 12 25 17 31 | 11
#0604-d113 @A: 26 06 19 12 | 09
#0605-d113 @A: 12 02 21 19 | 10
#0606-d113 @A: 09 06 33 12 | 12
#0607-d113 @A: 11 31 13 12 | 06
#0608-d113 @A: 12 05 01 06 | 03
#0609-d113 @A: 02 01 13 12 | 07
#0610-d113 @A: 03 25 22 02 | 02
#0611-d113 @A: 03 34 22 06 | 08
#0612-d113 @A: 22 05 23 30 | 01
#0613-d113 @A: 08 10 22 26 | 05
#0614-d113 @A: 16 11 22 10 | 04
#0615-d113 @A: 22 18 26 33 | 11
#0616-d113 @A: 17 28 19 22 | 09
#0617-d113 @A: 26 11 27 22 | 10
#0618-d113 @A: 35 14 22 32 | 12
#0619-d113 @A: 25 14 22 11 | 06
#0620-d113 @A: 22 34 35 28 | 03
#0621-d113 @A: 22 24 28 16 | 07
#0622-d113 @A: 27 31 22 06 | 02
#0623-d113 @A: 06 02 13 22 | 08
#0624-d113 @A: 03 24 19 10 | 01
#0625-d113 @A: 03 10 07 16 | 05
#0626-d113 @A: 35 17 31 03 | 04
#0627-d113 @A: 14 16 03 17 | 11
#0628-d113 @A: 03 08 17 11 | 09
#0629-d113 @A: 20 03 31 23 | 10
#0630-d113 @A: 03 32 34 28 | 12
#0631-d113 @A: 07 23 25 03 | 06
#0632-d113 @A: 03 23 05 11 | 03
#0633-d113 @A: 03 06 01 08 | 07
#0634-d113 @A: 03 23 34 08 | 02
#0635-d113 @A: 21 04 14 03 | 08
#0636-d113 @A: 15 30 19 10 | 01
#0637-d113 @A: 21 30 18 07 | 05
#0638-d113 @A: 26 05 20 30 | 04
#0639-d113 @A: 16 06 30 32 | 11
#0640-d113 @A: 05 19 25 30 | 09
#0641-d113 @A: 35 30 11 27 | 10
#0642-d113 @A: 23 11 09 30 | 12
#0643-d113 @A: 11 15 28 30 | 06
#0644-d113 @A: 15 30 13 16 | 03
#0645-d113 @A: 30 01 11 13 | 07
#0646-d113 @A: 17 10 06 20 | 02
#0647-d113 @A: 09 34 10 17 | 08
#0648-d113 @A: 21 10 28 17 | 01
#0649-d113 @A: 05 10 35 26 | 05
#0650-d113 @A: 26 24 10 15 | 04
#0651-d113 @A: 16 32 23 10 | 11
#0652-d113 @A: 25 14 10 34 | 09
#0653-d113 @A: 33 09 10 35 | 10
#0654-d113 @A: 10 08 33 16 | 12
#0655-d113 @A: 11 23 06 10 | 06
#0656-d113 @A: 14 01 11 10 | 03
#0657-d113 @A: 10 34 21 33 | 07
#0658-d113 @A: 11 20 09 18 | 02
#0659-d113 @A: 20 27 06 18 | 08
#0660-d113 @A: 20 04 16 18 | 01
#0661-d113 @A: 18 25 26 15 | 05
#0662-d113 @A: 23 32 18 14 | 04
#0663-d113 @A: 01 16 35 18 | 11
#0664-d113 @A: 28 18 08 27 | 09
#0665-d113 @A: 02 06 24 18 | 10
#0666-d113 @A: 20 14 17 09 | 12
#0667-d113 @A: 35 17 32 07 | 06
#0668-d113 @A: 27 34 17 28 | 03
#0669-d113 @A: 06 17 23 28 | 07
#0670-d113 @A: 02 14 08 17 | 02
#0671-d113 @A: 01 08 17 15 | 08
#0672-d113 @A: 02 05 15 17 | 01
#0673-d113 @A: 20 09 26 06 | 05
#0674-d113 @A: 16 19 20 13 | 04
#0675-d113 @A: 20 07 25 09 | 11
#0676-d113 @A: 33 07 20 16 | 09
#0677-d113 @A: 11 01 24 20 | 10
#0678-d113 @A: 06 05 20 08 | 12
#0679-d113 @A: 32 26 01 19 | 06
#0680-d113 @A: 21 32 27 26 | 03
#0681-d113 @A: 26 33 11 13 | 07
#0682-d113 @A: 23 26 11 21 | 02
#0683-d113 @A: 15 26 11 23 | 08
#0684-d113 @A: 26 33 15 13 | 01
#0685-d113 @A: 11 32 25 27 | 05
#0686-d113 @A: 32 05 11 06 | 04
#0687-d113 @A: 31 32 11 07 | 11
#0688-d113 @A: 33 07 24 32 | 09
#0689-d113 @A: 34 07 05 32 | 10
#0690-d113 @A: 04 28 19 02 | 12
#0691-d113 @A: 27 33 19 07 | 06
#0692-d113 @A: 14 19 24 33 | 03
#0693-d113 @A: 13 34 19 33 | 07
#0694-d113 @A: 04 19 01 31 | 02
#0695-d113 @A: 07 31 02 19 | 08
#0696-d113 @A: 02 19 15 01 | 01
#0697-d113 @A: 25 28 15 16 | 05
#0698-d113 @A: 04 34 25 13 | 04
#0699-d113 @A: 25 34 21 02 | 11
#0700-d113 @A: 33 08 31 25 | 09
#0701-d113 @A: 25 02 07 33 | 10
#0702-d113 @A: 13 06 35 14 | 12
#0703-d113 @A: 13 31 35 34 | 06
#0704-d113 @A: 09 28 23 16 | 03
#0705-d113 @A: 09 02 13 21 | 07
#0706-d113 @A: 04 02 09 05 | 02
#0707-d113 @A: 31 09 33 01 | 08
#0708-d113 @A: 11 24 28 33 | 01
#0709-d113 @A: 34 02 11 28 | 05
#0710-d113 @A: 28 24 14 06 | 04
#0711-d113 @A: 28 23 15 06 | 11
#0712-d113 @A: 34 21 15 28 | 09
#0713-d113 @A: 06 27 13 11 | 10
#0714-d113 @A: 11 27 23 34 | 12
#0715-d113 @A: 24 31 27 33 | 06
#0716-d113 @A: 05 01 27 33 | 03
#0717-d113 @A: 27 14 07 15 | 07
#0718-d113 @A: 11 21 16 02 | 02
#0719-d113 @A: 16 34 07 08 | 08
#0720-d113 @A: 31 04 16 07 | 01
#0721-d113 @A: 21 13 11 15 | 05
#0722-d113 @A: 30 31 29 12 | 04
#0723-d113 @A: 29 32 03 07 | 11
#0724-d113 @A: 29 30 08 05 | 09
#0725-d113 @A: 29 11 10 19 | 10
#0726-d113 @A: 29 18 35 08 | 12
#0727-d113 @A: 29 27 18 02 | 06
#0728-d113 @A: 06 18 29 05 | 03
#0729-d113 @A: 21 18 13 29 | 07
#0730-d113 @A: 26 29 09 32 | 02
#0731-d113 @A: 35 32 33 29 | 08
#0732-d113 @A: 16 29 33 19 | 01
#0733-d113 @A: 15 29 09 27 | 05
#0734-d113 @A: 07 13 01 29 | 04
#0735-d113 @A: 04 12 15 22 | 11
#0736-d113 @A: 03 12 25 10 | 09
#0737-d113 @A: 18 30 12 08 | 10
#0738-d113 @A: 12 06 16 10 | 12
#0739-d113 @A: 11 26 18 12 | 06
#0740-d113 @A: 25 32 05 12 | 03
#0741-d113 @A: 32 15 12 06 | 07
#0742-d113 @A: 25 27 04 12 | 02
#0743-d113 @A: 06 04 11 12 | 08
#0744-d113 @A: 12 06 23 02 | 01
#0745-d113 @A: 15 13 12 14 | 05
#0746-d113 @A: 01 12 07 08 | 04
#0747-d113 @A: 12 05 04 23 | 11
#0748-d113 @A: 04 02 12 33 | 09
#0749-d113 @A: 28 03 13 22 | 10
#0750-d113 @A: 30 02 22 10 | 12
#0751-d113 @A: 19 18 22 34 | 06
#0752-d113 @A: 16 22 13 18 | 03
#0753-d113 @A: 17 23 11 22 | 07
#0754-d113 @A: 05 22 19 27 | 02
#0755-d113 @A: 22 31 25 35 | 08
#0756-d113 @A: 22 27 01 35 | 01
#0757-d113 @A: 04 23 22 33 | 05
#0758-d113 @A: 07 23 22 21 | 04
#0759-d113 @A: 11 03 30 32 | 11
#0760-d113 @A: 30 27 33 03 | 09
#0761-d113 @A: 03 30 23 16 | 10
#0762-d113 @A: 18 09 23 03 | 12
#0763-d113 @A: 03 17 25 34 | 06
#0764-d113 @A: 09 14 03 32 | 03
#0765-d113 @A: 05 03 01 35 | 07
#0766-d113 @A: 03 02 06 05 | 02
#0767-d113 @A: 03 31 04 06 | 08
#0768-d113 @A: 31 34 03 02 | 01
#0769-d113 @A: 08 21 03 33 | 05
#0770-d113 @A: 15 05 31 03 | 04
#0771-d113 @A: 30 28 18 04 | 11
#0772-d113 @A: 28 30 08 17 | 09
#0773-d113 @A: 30 27 20 21 | 10
#0774-d113 @A: 24 30 20 06 | 12
#0775-d113 @A: 32 05 30 09 | 06
#0776-d113 @A: 24 30 28 25 | 03
#0777-d113 @A: 08 14 30 35 | 07
#0778-d113 @A: 14 30 09 27 | 02
#0779-d113 @A: 13 30 34 27 | 08
#0780-d113 @A: 23 30 24 34 | 01
#0781-d113 @A: 31 30 13 06 | 05
#0782-d113 @A: 05 04 30 06 | 04
#0783-d113 @A: 04 31 30 21 | 11
#0784-d113 @A: 02 07 30 14 | 09
#0785-d113 @A: 08 20 10 18 | 10
#0786-d113 @A: 10 20 15 18 | 12
#0787-d113 @A: 21 18 10 16 | 06
#0788-d113 @A: 10 23 25 17 | 03
#0789-d113 @A: 10 26 20 04 | 07
#0790-d113 @A: 10 20 34 16 | 02
#0791-d113 @A: 14 10 27 26 | 08
#0792-d113 @A: 32 09 10 31 | 01
#0793-d113 @A: 10 28 07 19 | 05
#0794-d113 @A: 19 04 27 10 | 04
#0795-d113 @A: 19 31 10 34 | 11
#0796-d113 @A: 21 10 13 19 | 09
#0797-d113 @A: 09 10 13 11 | 10
#0798-d113 @A: 23 33 10 01 | 12
#0799-d113 @A: 05 20 34 18 | 06
#0800-d113 @A: 18 26 01 27 | 03
#0801-d113 @A: 26 34 18 16 | 07
#0802-d113 @A: 32 15 18 13 | 02
#0803-d113 @A: 18 19 06 11 | 08
#0804-d113 @A: 28 35 21 18 | 01
#0805-d113 @A: 18 11 23 01 | 05
#0806-d113 @A: 13 02 08 18 | 04
#0807-d113 @A: 18 04 13 23 | 11
#0808-d113 @A: 18 33 23 07 | 09
#0809-d113 @A: 20 02 17 28 | 10
#0810-d113 @A: 16 17 20 31 | 12
#0811-d113 @A: 32 25 17 01 | 06
#0812-d113 @A: 11 28 17 32 | 03
#0813-d113 @A: 07 19 09 17 | 07
#0814-d113 @A: 17 04 34 11 | 02
#0815-d113 @A: 33 17 02 11 | 08
#0816-d113 @A: 04 17 23 24 | 01
#0817-d113 @A: 17 33 08 06 | 05
#0818-d113 @A: 33 17 01 13 | 04
#0819-d113 @A: 28 26 14 20 | 11
#0820-d113 @A: 20 01 09 32 | 09
#0821-d113 @A: 32 07 20 15 | 10
#0822-d113 @A: 01 06 20 19 | 12
#0823-d113 @A: 33 08 20 27 | 06
#0824-d113 @A: 20 11 31 34 | 03
#0825-d113 @A: 08 20 24 04 | 07
#0826-d113 @A: 02 33 20 13 | 02
#0827-d113 @A: 20 14 05 21 | 08
#0828-d113 @A: 01 15 20 33 | 01
#0829-d113 @A: 08 28 32 26 | 05
#0830-d113 @A: 26 15 32 27 | 04
#0831-d113 @A: 25 09 02 26 | 11
#0832-d113 @A: 24 34 26 25 | 09
#0833-d113 @A: 08 25 26 21 | 10
#0834-d113 @A: 07 09 26 16 | 12
#0835-d113 @A: 28 26 27 07 | 06
#0836-d113 @A: 24 05 26 23 | 03
#0837-d113 @A: 02 31 04 26 | 07
#0838-d113 @A: 35 08 32 05 | 02
#0839-d113 @A: 32 15 35 05 | 08
#0840-d113 @A: 32 09 06 24 | 01
#0841-d113 @A: 32 06 07 04 | 05
#0842-d113 @A: 32 15 33 02 | 04
#0843-d113 @A: 25 19 23 04 | 11
#0844-d113 @A: 35 11 19 34 | 09
#0845-d113 @A: 06 27 19 15 | 10
#0846-d113 @A: 04 24 19 34 | 12
#0847-d113 @A: 24 19 15 13 | 06
#0848-d113 @A: 23 07 19 08 | 03
#0849-d113 @A: 35 34 25 08 | 07
#0850-d113 @A: 23 09 15 35 | 02
#0851-d113 @A: 28 24 35 27 | 08
#0852-d113 @A: 35 11 08 21 | 01
#0853-d113 @A: 07 24 21 35 | 05
#0854-d113 @A: 21 35 06 02 | 04
#0855-d113 @A: 35 02 13 05 | 11
#0856-d113 @A: 33 08 35 02 | 09
#0857-d113 @A: 13 23 09 33 | 10
#0858-d113 @A: 15 13 04 09 | 12
#0859-d113 @A: 09 04 33 07 | 06
#0860-d113 @A: 05 11 21 28 | 03
#0861-d113 @A: 04 07 28 11 | 07
#0862-d113 @A: 23 28 24 01 | 02
#0863-d113 @A: 01 04 28 06 | 08
#0864-d113 @A: 07 28 14 23 | 01
#0865-d113 @A: 31 27 11 04 | 05
#0866-d113 @A: 07 23 06 27 | 04
#0867-d113 @A: 31 34 27 01 | 11
#0868-d113 @A: 13 31 27 14 | 09
#0869-d113 @A: 16 02 23 34 | 10
#0870-d113 @A: 01 16 04 21 | 12
#0871-d113 @A: 16 02 01 07 | 06
#0872-d113 @A: 17 12 29 05 | 03
#0873-d113 @A: 28 29 12 11 | 07
#0874-d113 @A: 04 16 29 12 | 02
#0875-d113 @A: 29 13 26 22 | 08
#0876-d113 @A: 11 22 29 09 | 01
#0877-d113 @A: 18 03 29 33 | 05
#0878-d113 @A: 29 10 24 26 | 04
#0879-d113 @A: 29 06 07 10 | 11
#0880-d113 @A: 02 29 10 14 | 09
#0881-d113 @A: 31 18 29 16 | 10
#0882-d113 @A: 27 20 16 29 | 12
#0883-d113 @A: 34 27 29 32 | 06
#0884-d113 @A: 11 05 29 04 | 03
#0885-d113 @A: 15 06 02 29 | 07
#0886-d113 @A: 34 29 04 15 | 02
#0887-d113 @A: 29 01 14 15 | 08
#0888-d113 @A: 34 12 22 17 | 01
#0889-d113 @A: 30 21 12 03 | 05
#0890-d113 @A: 12 30 19 34 | 04
#0891-d113 @A: 23 12 18 10 | 11
#0892-d113 @A: 35 12 31 18 | 09
#0893-d113 @A: 12 15 07 18 | 10
#0894-d113 @A: 19 12 17 33 | 12
#0895-d113 @A: 28 12 33 20 | 06
#0896-d113 @A: 27 08 26 12 | 03
#0897-d113 @A: 01 32 12 35 | 07
#0898-d113 @A: 12 19 24 07 | 02
#0899-d113 @A: 21 09 12 15 | 08
#0900-d113 @A: 12 13 28 27 | 01
#0901-d113 @A: 15 28 12 33 | 05
#0902-d113 @A: 16 02 15 12 | 04
#0903-d113 @A: 22 17 05 03 | 11
#0904-d113 @A: 20 03 07 22 | 09
#0905-d113 @A: 33 19 22 03 | 10
#0906-d113 @A: 10 25 22 19 | 12
#0907-d113 @A: 22 28 10 23 | 06
#0908-d113 @A: 14 17 24 22 | 03
#0909-d113 @A: 22 27 13 20 | 07
#0910-d113 @A: 01 20 22 16 | 02
#0911-d113 @A: 16 26 22 14 | 08
#0912-d113 @A: 25 22 33 01 | 01
#0913-d113 @A: 22 02 09 08 | 05
#0914-d113 @A: 08 13 11 22 | 04
#0915-d113 @A: 22 05 01 24 | 11
#0916-d113 @A: 22 23 15 34 | 09
#0917-d113 @A: 14 15 33 22 | 10
#0918-d113 @A: 02 04 01 22 | 12
#0919-d113 @A: 21 02 22 31 | 06
#0920-d113 @A: 30 07 31 03 | 03
#0921-d113 @A: 03 10 26 21 | 07
#0922-d113 @A: 03 32 01 18 | 02
#0923-d113 @A: 11 03 18 27 | 08
#0924-d113 @A: 03 23 33 17 | 01
#0925-d113 @A: 20 15 03 02 | 05
#0926-d113 @A: 25 04 26 03 | 04
#0927-d113 @A: 27 32 24 03 | 11
#0928-d113 @A: 08 03 24 25 | 09
#0929-d113 @A: 27 03 31 28 | 10
#0930-d113 @A: 24 11 03 21 | 12
#0931-d113 @A: 34 30 32 10 | 06
#0932-d113 @A: 30 09 19 10 | 03
#0933-d113 @A: 16 04 30 17 | 07
#0934-d113 @A: 20 15 30 31 | 02
#0935-d113 @A: 13 04 30 26 | 08
#0936-d113 @A: 30 09 16 01 | 01
#0937-d113 @A: 28 30 05 16 | 05
#0938-d113 @A: 21 30 06 34 | 04
#0939-d113 @A: 24 04 10 32 | 11
#0940-d113 @A: 31 24 06 10 | 09
#0941-d113 @A: 24 34 10 05 | 10
#0942-d113 @A: 17 18 27 33 | 12
#0943-d113 @A: 17 18 13 11 | 06
#0944-d113 @A: 25 18 14 20 | 03
#0945-d113 @A: 26 18 28 06 | 07
#0946-d113 @A: 19 23 28 18 | 02
#0947-d113 @A: 18 05 35 27 | 08
#0948-d113 @A: 18 08 33 01 | 01
#0949-d113 @A: 18 04 14 02 | 05
#0950-d113 @A: 14 01 18 07 | 04
#0951-d113 @A: 18 02 31 15 | 11
#0952-d113 @A: 24 26 27 17 | 09
#0953-d113 @A: 16 23 19 17 | 10
#0954-d113 @A: 17 02 35 16 | 12
#0955-d113 @A: 21 06 17 24 | 06
#0956-d113 @A: 08 24 17 34 | 03
#0957-d113 @A: 04 31 33 17 | 07
#0958-d113 @A: 26 20 21 19 | 02
#0959-d113 @A: 13 06 20 32 | 08
#0960-d113 @A: 09 19 20 04 | 01
#0961-d113 @A: 09 16 02 20 | 05
#0962-d113 @A: 20 23 24 33 | 04
#0963-d113 @A: 20 24 05 31 | 11
#0964-d113 @A: 04 20 07 21 | 09
#0965-d113 @A: 26 35 23 27 | 10
#0966-d113 @A: 09 26 24 08 | 12
#0967-d113 @A: 13 05 06 26 | 06
#0968-d113 @A: 21 26 01 06 | 03
#0969-d113 @A: 32 04 28 27 | 07
#0970-d113 @A: 23 15 16 19 | 02
#0971-d113 @A: 08 34 02 19 | 08
#0972-d113 @A: 11 06 09 25 | 01
#0973-d113 @A: 25 13 27 02 | 05
#0974-d113 @A: 33 25 11 05 | 04
#0975-d113 @A: 14 21 25 24 | 11
#0976-d113 @A: 07 25 31 34 | 09
#0977-d113 @A: 02 27 31 35 | 10
#0978-d113 @A: 34 35 06 04 | 12
#0979-d113 @A: 23 21 35 14 | 06
#0980-d113 @A: 35 01 33 21 | 03
#0981-d113 @A: 06 09 14 08 | 07
#0982-d113 @A: 09 14 23 31 | 02
#0983-d113 @A: 28 27 15 08 | 08
#0984-d113 @A: 28 24 04 21 | 01
#0985-d113 @A: 33 27 16 11 | 05
#0986-d113 @A: 11 14 27 05 | 04
#0987-d113 @A: 05 08 27 34 | 11
#0988-d113 @A: 24 16 34 31 | 09
#0989-d113 @A: 33 34 16 01 | 10
#0990-d113 @A: 16 14 34 04 | 12
#0991-d113 @A: 08 14 16 21 | 06
#0992-d113 @A: 05 23 16 07 | 03
#0993-d113 @A: 11 34 15 07 | 07
#0994-d113 @A: 15 11 08 31 | 02
#0995-d113 @A: 20 03 21 29 | 08
#0996-d113 @A: 29 16 08 03 | 01
#0997-d113 @A: 29 16 30 07 | 05
#0998-d113 @A: 29 19 07 18 | 04
#0999-d113 @A: 17 29 01 19 | 11
#1000-d113 @A: 27 25 08 29 | 09
#1001-d113 @A: 29 35 07 27 | 10
#1002-d113 @A: 05 29 27 28 | 12
#1003-d113 @A: 06 29 34 11 | 06
#1004-d113 @A: 31 21 29 11 | 03
#1005-d113 @A: 05 14 24 29 | 07
#1006-d113 @A: 34 29 23 05 | 02
#1007-d113 @A: 29 01 08 14 | 08
#1008-d113 @A: 12 20 06 22 | 01
#1009-d113 @A: 03 12 18 14 | 05
#1010-d113 @A: 03 27 12 02 | 04
#1011-d113 @A: 30 01 25 12 | 11
#1012-d113 @A: 09 26 10 12 | 09
#1013-d113 @A: 10 13 12 05 | 10
#1014-d113 @A: 17 12 18 07 | 12
#1015-d113 @A: 18 12 25 06 | 06
#1016-d113 @A: 11 15 18 12 | 03
#1017-d113 @A: 12 08 25 20 | 07
#1018-d113 @A: 12 20 31 01 | 02
#1019-d113 @A: 35 25 12 24 | 08
#1020-d113 @A: 28 08 09 12 | 01
#1021-d113 @A: 13 12 16 09 | 05
#1022-d113 @A: 16 28 02 12 | 04
#1023-d113 @A: 24 12 23 16 | 11
#1024-d113 @A: 21 24 12 05 | 09
#1025-d113 @A: 04 07 12 34 | 10
#1026-d113 @A: 22 10 09 01 | 12
#1027-d113 @A: 22 07 11 34 | 06
#1028-d113 @A: 24 22 34 33 | 03
#1029-d113 @A: 08 05 33 22 | 07
#1030-d113 @A: 22 15 08 07 | 02
#1031-d113 @A: 15 01 05 22 | 08
#1032-d113 @A: 09 03 20 13 | 01
#1033-d113 @A: 31 03 26 33 | 05
#1034-d113 @A: 04 16 03 32 | 04
#1035-d113 @A: 03 19 01 09 | 11
#1036-d113 @A: 15 11 25 03 | 09
#1037-d113 @A: 23 04 28 03 | 10
#1038-d113 @A: 03 15 01 27 | 12
#1039-d113 @A: 03 06 15 16 | 06
#1040-d113 @A: 24 03 06 33 | 03
#1041-d113 @A: 31 18 30 27 | 07
#1042-d113 @A: 14 20 30 16 | 02
#1043-d113 @A: 35 25 30 02 | 08
#1044-d113 @A: 09 02 30 28 | 01
#1045-d113 @A: 08 24 21 30 | 05
#1046-d113 @A: 24 30 04 14 | 04
#1047-d113 @A: 01 30 05 34 | 11
#1048-d113 @A: 07 34 30 33 | 09
#1049-d113 @A: 23 08 02 30 | 10
#1050-d113 @A: 17 13 10 16 | 12
#1051-d113 @A: 20 09 10 23 | 06
#1052-d113 @A: 10 11 32 21 | 03
#1053-d113 @A: 07 10 25 21 | 07
#1054-d113 @A: 35 28 02 10 | 02
#1055-d113 @A: 11 10 08 24 | 08
#1056-d113 @A: 10 06 34 01 | 01
#1057-d113 @A: 06 14 21 10 | 05
#1058-d113 @A: 08 10 07 14 | 04
#1059-d113 @A: 18 35 26 02 | 11
#1060-d113 @A: 08 19 09 18 | 09
#1061-d113 @A: 34 14 06 18 | 10
#1062-d113 @A: 17 20 26 33 | 12
#1063-d113 @A: 11 35 17 20 | 06
#1064-d113 @A: 26 17 32 06 | 03
#1065-d113 @A: 13 26 17 28 | 07
#1066-d113 @A: 17 32 34 19 | 02
#1067-d113 @A: 17 35 27 21 | 08
#1068-d113 @A: 17 11 01 21 | 01
#1069-d113 @A: 04 17 02 21 | 05
#1070-d113 @A: 20 26 14 15 | 04
#1071-d113 @A: 26 02 01 20 | 11
#1072-d113 @A: 20 31 32 04 | 09
#1073-d113 @A: 06 24 15 20 | 10
#1074-d113 @A: 23 04 06 20 | 12
#1075-d113 @A: 14 02 06 20 | 06
#1076-d113 @A: 04 01 20 34 | 03
#1077-d113 @A: 26 04 16 05 | 07
#1078-d113 @A: 04 26 11 01 | 02
#1079-d113 @A: 08 26 06 02 | 08
#1080-d113 @A: 33 06 26 23 | 01
#1081-d113 @A: 07 05 08 26 | 05
#1082-d113 @A: 32 14 19 28 | 04
#1083-d113 @A: 32 19 11 04 | 11
#1084-d113 @A: 16 32 34 25 | 09
#1085-d113 @A: 28 35 23 32 | 10
#1086-d113 @A: 28 24 05 32 | 12
#1087-d113 @A: 24 34 32 01 | 06
#1088-d113 @A: 21 01 13 32 | 03
#1089-d113 @A: 09 19 33 28 | 07
#1090-d113 @A: 11 27 19 09 | 02
#1091-d113 @A: 16 19 07 14 | 08
#1092-d113 @A: 02 19 05 24 | 01
#1093-d113 @A: 05 19 08 04 | 05
#1094-d113 @A: 14 19 01 23 | 04
#1095-d113 @A: 19 07 21 05 | 11
#1096-d113 @A: 25 15 27 34 | 09
#1097-d113 @A: 01 13 25 24 | 10
#1098-d113 @A: 14 25 08 05 | 12
#1099-d113 @A: 02 01 25 08 | 06
#1100-d113 @A: 14 25 01 31 | 03
#1101-d113 @A: 25 15 31 07 | 07
#1102-d113 @A: 06 33 35 07 | 02
#1103-d113 @A: 01 31 08 35 | 08
#1104-d113 @A: 09 33 21 11 | 01
#1105-d113 @A: 04 09 23 34 | 05
#1106-d113 @A: 01 09 34 07 | 04
#1107-d113 @A: 14 07 09 21 | 11
#1108-d113 @A: 11 28 23 13 | 09
#1109-d113 @A: 14 08 28 11 | 10
#1110-d113 @A: 33 05 28 13 | 12
#1111-d113 @A: 33 28 23 08 | 06
#1112-d113 @A: 31 28 14 02 | 03
#1113-d113 @A: 16 13 27 04 | 07
#1114-d113 @A: 16 31 27 21 | 02
#1115-d113 @A: 27 24 06 05 | 08
#1116-d113 @A: 13 06 16 23 | 01
#1117-d113 @A: 04 16 02 08 | 05
#1118-d113 @A: 14 24 31 15 | 04
#1119-d113 @A: 15 14 06 34 | 11
#1120-d113 @A: 13 05 23 15 | 09
#1121-d113 @A: 18 24 12 29 | 10
#1122-d113 @A: 29 13 35 12 | 12
#1123-d113 @A: 33 30 22 29 | 06
#1124-d113 @A: 03 31 29 25 | 03
#1125-d113 @A: 30 21 29 17 | 07
#1126-d113 @A: 29 15 30 25 | 02
#1127-d113 @A: 18 29 28 10 | 08
#1128-d113 @A: 10 29 25 05 | 01
#1129-d113 @A: 15 29 31 10 | 05
#1130-d113 @A: 25 13 17 29 | 04
#1131-d113 @A: 02 09 17 29 | 11
#1132-d113 @A: 29 17 16 34 | 09
#1133-d113 @A: 09 29 34 20 | 10
#1134-d113 @A: 01 28 29 32 | 12
#1135-d113 @A: 32 29 13 16 | 06
#1136-d113 @A: 05 31 29 32 | 03
#1137-d113 @A: 09 29 19 31 | 07
#1138-d113 @A: 28 29 35 14 | 02
#1139-d113 @A: 11 15 29 35 | 08
#1140-d113 @A: 29 16 06 28 | 01
#1141-d113 @A: 29 01 27 11 | 05
#1142-d113 @A: 02 01 34 29 | 04
#1143-d113 @A: 23 01 29 04 | 11
#1144-d113 @A: 11 22 03 12 | 09
#1145-d113 @A: 15 03 08 12 | 10
#1146-d113 @A: 30 14 12 28 | 12
#1147-d113 @A: 34 12 10 02 | 06
#1148-d113 @A: 09 21 12 18 | 03
#1149-d113 @A: 17 12 21 32 | 07
#1150-d113 @A: 06 17 12 27 | 02
#1151-d113 @A: 04 32 12 26 | 08
#1152-d113 @A: 09 11 32 12 | 01
#1153-d113 @A: 19 12 35 23 | 05
#1154-d113 @A: 12 27 16 19 | 04
#1155-d113 @A: 09 25 34 12 | 11
#1156-d113 @A: 02 35 12 09 | 09
#1157-d113 @A: 01 09 27 12 | 10
#1158-d113 @A: 12 24 14 01 | 12
#1159-d113 @A: 07 12 33 14 | 06
#1160-d113 @A: 22 26 03 15 | 03
#1161-d113 @A: 06 30 09 22 | 07
#1162-d113 @A: 30 22 31 28 | 02
#1163-d113 @A: 06 15 22 30 | 08
#1164-d113 @A: 18 22 23 35 | 01
#1165-d113 @A: 05 22 09 18 | 05
#1166-d113 @A: 22 18 28 11 | 04
#1167-d113 @A: 22 17 27 08 | 11
#1168-d113 @A: 34 25 22 20 | 09
#1169-d113 @A: 35 21 22 19 | 10
#1170-d113 @A: 13 22 35 33 | 12
#1171-d113 @A: 21 33 22 28 | 06
#1172-d113 @A: 16 15 22 27 | 03
#1173-d113 @A: 11 06 33 22 | 07
#1174-d113 @A: 14 22 23 34 | 02
#1175-d113 @A: 03 19 30 02 | 08
#1176-d113 @A: 03 30 28 01 | 01
#1177-d113 @A: 10 09 03 06 | 05
#1178-d113 @A: 14 10 03 28 | 04
#1179-d113 @A: 03 10 15 13 | 11
#1180-d113 @A: 26 18 08 03 | 09
#1181-d113 @A: 19 03 18 21 | 10
#1182-d113 @A: 03 15 18 28 | 12
#1183-d113 @A: 16 03 18 02 | 06
#1184-d113 @A: 03 04 07 18 | 03
#1185-d113 @A: 19 05 03 32 | 07
#1186-d113 @A: 16 19 31 03 | 02
#1187-d113 @A: 15 23 07 03 | 08
#1188-d113 @A: 21 03 31 05 | 01
#1189-d113 @A: 15 14 03 21 | 05
#1190-d113 @A: 10 11 28 30 | 04
#1191-d113 @A: 05 30 14 10 | 11
#1192-d113 @A: 18 30 24 26 | 09
#1193-d113 @A: 19 24 17 30 | 10
#1194-d113 @A: 26 30 31 35 | 12
#1195-d113 @A: 26 28 30 34 | 06
#1196-d113 @A: 08 25 30 16 | 03
#1197-d113 @A: 30 35 24 16 | 07
#1198-d113 @A: 30 11 07 05 | 02
#1199-d113 @A: 18 04 10 35 | 08
#1200-d113 @A: 17 10 08 35 | 01
#1201-d113 @A: 33 19 20 10 | 05
#1202-d113 @A: 10 07 35 20 | 04
#1203-d113 @A: 13 10 32 26 | 11
#1204-d113 @A: 32 27 01 10 | 09
#1205-d113 @A: 35 16 10 14 | 10
#1206-d113 @A: 27 16 28 10 | 12
#1207-d113 @A: 05 10 33 06 | 06
#1208-d113 @A: 10 02 08 05 | 03
#1209-d113 @A: 10 04 15 07 | 07
#1210-d113 @A: 26 19 18 04 | 02
#1211-d113 @A: 18 19 31 25 | 08
#1212-d113 @A: 25 07 18 16 | 01
#1213-d113 @A: 18 09 04 27 | 05
#1214-d113 @A: 18 14 16 28 | 04
#1215-d113 @A: 18 15 27 04 | 11
#1216-d113 @A: 19 17 05 20 | 09
#1217-d113 @A: 14 26 31 17 | 10
#1218-d113 @A: 27 17 31 32 | 12
#1219-d113 @A: 25 17 27 16 | 06
#1220-d113 @A: 17 33 15 09 | 03
#1221-d113 @A: 17 02 24 07 | 07
#1222-d113 @A: 32 34 02 20 | 02
#1223-d113 @A: 31 27 20 19 | 08
#1224-d113 @A: 25 23 27 20 | 01
#1225-d113 @A: 08 35 20 09 | 05
#1226-d113 @A: 28 20 21 09 | 04
#1227-d113 @A: 15 34 20 13 | 11
#1228-d113 @A: 13 08 20 14 | 09
#1229-d113 @A: 26 02 32 11 | 10
#1230-d113 @A: 19 35 13 26 | 12
#1231-d113 @A: 27 05 26 25 | 06
#1232-d113 @A: 26 35 24 01 | 03
#1233-d113 @A: 35 26 33 14 | 07
#1234-d113 @A: 05 15 28 26 | 02
#1235-d113 @A: 14 26 01 05 | 08
#1236-d113 @A: 02 32 19 16 | 01
#1237-d113 @A: 13 32 19 08 | 05
#1238-d113 @A: 21 25 32 35 | 04
#1239-d113 @A: 11 33 23 32 | 11
#1240-d113 @A: 24 32 08 23 | 09
#1241-d113 @A: 13 14 32 04 | 10
#1242-d113 @A: 32 23 21 31 | 12
#1243-d113 @A: 05 21 32 33 | 06
#1244-d113 @A: 02 05 32 14 | 03
#1245-d113 @A: 25 34 19 27 | 07
#1246-d113 @A: 09 16 06 19 | 02
#1247-d113 @A: 28 27 21 19 | 08
#1248-d113 @A: 06 05 19 28 | 01
#1249-d113 @A: 21 11 14 19 | 05
#1250-d113 @A: 08 01 19 24 | 04
#1251-d113 @A: 19 05 23 33 | 11
#1252-d113 @A: 25 14 35 27 | 09
#1253-d113 @A: 23 06 25 24 | 10
#1254-d113 @A: 06 25 04 02 | 12
#1255-d113 @A: 33 11 31 35 | 06
#1256-d113 @A: 08 24 15 35 | 03
#1257-d113 @A: 07 13 35 08 | 07
#1258-d113 @A: 24 09 21 23 | 02
#1259-d113 @A: 01 24 04 09 | 08
#1260-d113 @A: 05 14 09 33 | 01
#1261-d113 @A: 24 13 02 28 | 05
#1262-d113 @A: 06 34 08 28 | 04
#1263-d113 @A: 07 02 06 28 | 11
#1264-d113 @A: 04 13 28 08 | 09
#1265-d113 @A: 07 01 28 33 | 10
#1266-d113 @A: 04 28 15 14 | 12
#1267-d113 @A: 21 01 28 31 | 06
#1268-d113 @A: 02 11 08 27 | 03
#1269-d113 @A: 14 34 27 24 | 07
#1270-d113 @A: 01 24 27 21 | 02
#1271-d113 @A: 27 34 04 33 | 08
#1272-d113 @A: 23 13 01 27 | 01
#1273-d113 @A: 27 21 13 33 | 05
#1274-d113 @A: 05 16 11 34 | 04
#1275-d113 @A: 33 23 16 21 | 11
#1276-d113 @A: 15 02 07 13 | 09
#1277-d113 @A: 12 32 19 29 | 10
#1278-d113 @A: 12 24 15 29 | 12
#1279-d113 @A: 29 17 03 06 | 06
#1280-d113 @A: 19 29 03 34 | 03
#1281-d113 @A: 18 23 20 29 | 07
#1282-d113 @A: 01 25 18 29 | 02
#1283-d113 @A: 08 26 20 29 | 08
#1284-d113 @A: 25 20 29 24 | 01
#1285-d113 @A: 15 20 05 29 | 05
#1286-d113 @A: 16 29 26 23 | 04
#1287-d113 @A: 02 32 29 06 | 11
#1288-d113 @A: 29 04 21 32 | 09
#1289-d113 @A: 07 29 04 25 | 10
#1290-d113 @A: 29 05 16 35 | 12
#1291-d113 @A: 27 29 13 09 | 06
#1292-d113 @A: 29 01 24 33 | 03
#1293-d113 @A: 08 29 07 33 | 07
#1294-d113 @A: 21 05 29 01 | 02
#1295-d113 @A: 29 31 14 04 | 08
#1296-d113 @A: 12 02 22 18 | 01
#1297-d113 @A: 11 30 12 17 | 05
#1298-d113 @A: 12 08 19 10 | 04
#1299-d113 @A: 12 02 26 17 | 11
#1300-d113 @A: 04 17 12 35 | 09
#1301-d113 @A: 17 16 12 08 | 10
#1302-d113 @A: 27 07 12 20 | 12
#1303-d113 @A: 12 27 23 32 | 06
#1304-d113 @A: 28 12 19 01 | 03
#1305-d113 @A: 12 05 34 28 | 07
#1306-d113 @A: 25 22 26 30 | 02
#1307-d113 @A: 22 27 04 30 | 08
#1308-d113 @A: 32 22 10 07 | 01
#1309-d113 @A: 20 18 22 24 | 05
#1310-d113 @A: 35 22 02 20 | 04
#1311-d113 @A: 35 05 11 22 | 11
#1312-d113 @A: 07 22 13 09 | 09
#1313-d113 @A: 11 22 31 01 | 10
#1314-d113 @A: 08 23 06 22 | 12
#1315-d113 @A: 34 13 22 21 | 06
#1316-d113 @A: 26 03 17 30 | 03
#1317-d113 @A: 13 30 25 03 | 07
#1318-d113 @A: 09 30 03 34 | 02
#1319-d113 @A: 10 01 20 03 | 08
#1320-d113 @A: 33 32 10 03 | 01
#1321-d113 @A: 13 35 18 03 | 05
#1322-d113 @A: 21 03 17 09 | 04
#1323-d113 @A: 19 26 03 07 | 11
#1324-d113 @A: 03 25 21 28 | 09
#1325-d113 @A: 03 35 27 06 | 10
#1326-d113 @A: 04 03 24 35 | 12
#1327-d113 @A: 35 15 03 04 | 06
#1328-d113 @A: 33 02 03 09 | 03
#1329-d113 @A: 34 11 03 33 | 07
#1330-d113 @A: 08 03 05 13 | 02
#1331-d113 @A: 21 03 07 01 | 08
#1332-d113 @A: 17 30 33 10 | 01
#1333-d113 @A: 30 10 25 04 | 05
#1334-d113 @A: 30 35 21 10 | 04
#1335-d113 @A: 17 23 18 30 | 11
#1336-d113 @A: 30 15 23 18 | 09
#1337-d113 @A: 17 07 30 06 | 10
#1338-d113 @A: 34 17 15 30 | 12
#1339-d113 @A: 20 30 09 31 | 06
#1340-d113 @A: 30 20 28 07 | 03
#1341-d113 @A: 19 14 26 30 | 07
#1342-d113 @A: 30 27 26 16 | 02
#1343-d113 @A: 35 28 19 30 | 08
#1344-d113 @A: 34 30 11 14 | 01
#1345-d113 @A: 30 02 31 05 | 05
#1346-d113 @A: 32 18 19 10 | 04
#1347-d113 @A: 17 27 10 11 | 11
#1348-d113 @A: 19 26 23 10 | 09
#1349-d113 @A: 10 25 26 01 | 10
#1350-d113 @A: 10 33 28 26 | 12
#1351-d113 @A: 19 05 10 16 | 06
#1352-d113 @A: 06 25 10 27 | 03
#1353-d113 @A: 10 09 05 28 | 07
#1354-d113 @A: 10 16 09 04 | 02
#1355-d113 @A: 23 24 14 10 | 08
#1356-d113 @A: 21 26 18 17 | 01
#1357-d113 @A: 02 19 17 18 | 05
#1358-d113 @A: 18 07 24 11 | 04
#1359-d113 @A: 06 33 18 15 | 11
#1360-d113 @A: 18 33 02 34 | 09
#1361-d113 @A: 07 31 18 05 | 10
#1362-d113 @A: 31 14 18 21 | 12
#1363-d113 @A: 15 17 26 07 | 06
#1364-d113 @A: 24 25 17 33 | 03
#1365-d113 @A: 01 17 09 06 | 07
#1366-d113 @A: 27 05 17 04 | 02
#1367-d113 @A: 17 05 16 21 | 08
#1368-d113 @A: 06 31 17 05 | 01
#1369-d113 @A: 01 23 02 17 | 05
#1370-d113 @A: 26 34 27 20 | 04
#1371-d113 @A: 21 20 16 32 | 11
#1372-d113 @A: 13 04 11 20 | 09
#1373-d113 @A: 31 06 20 07 | 10
#1374-d113 @A: 01 05 07 20 | 12
#1375-d113 @A: 33 21 31 20 | 06
#1376-d113 @A: 25 19 33 26 | 03
#1377-d113 @A: 28 26 24 19 | 07
#1378-d113 @A: 16 19 26 11 | 02
#1379-d113 @A: 31 06 26 34 | 08
#1380-d113 @A: 13 34 26 02 | 01
#1381-d113 @A: 02 21 26 05 | 05
#1382-d113 @A: 25 06 08 32 | 04
#1383-d113 @A: 35 34 32 09 | 11
#1384-d113 @A: 32 14 07 27 | 09
#1385-d113 @A: 14 32 24 11 | 10
#1386-d113 @A: 11 08 32 01 | 12
#1387-d113 @A: 25 35 07 19 | 06
#1388-d113 @A: 15 25 19 04 | 03
#1389-d113 @A: 01 07 19 11 | 07
#1390-d113 @A: 04 14 19 06 | 02
#1391-d113 @A: 13 07 04 19 | 08
#1392-d113 @A: 21 33 19 04 | 01
#1393-d113 @A: 33 35 25 16 | 05
#1394-d113 @A: 01 04 35 25 | 04
#1395-d113 @A: 15 14 35 25 | 11
#1396-d113 @A: 25 11 21 13 | 09
#1397-d113 @A: 04 08 23 35 | 10
#1398-d113 @A: 28 06 27 09 | 12
#1399-d113 @A: 34 09 24 11 | 06
#1400-d113 @A: 01 09 24 15 | 03
#1401-d113 @A: 34 09 13 06 | 07
#1402-d113 @A: 28 27 01 14 | 02
#1403-d113 @A: 06 28 31 11 | 08
#1404-d113 @A: 28 21 02 08 | 01
#1405-d113 @A: 02 28 01 05 | 05
#1406-d113 @A: 27 34 16 06 | 04
#1407-d113 @A: 13 08 24 27 | 11
#1408-d113 @A: 04 27 24 02 | 09
#1409-d113 @A: 07 13 05 27 | 10
#1410-d113 @A: 24 01 06 16 | 12
#1411-d113 @A: 16 33 04 24 | 06
#1412-d113 @A: 05 16 06 14 | 03
#1413-d113 @A: 15 02 24 23 | 07
#1414-d113 @A: 15 14 34 02 | 02
#1415-d113 @A: 15 31 04 33 | 08
#1416-d113 @A: 19 29 06 22 | 01
#1417-d113 @A: 21 29 09 10 | 05
#1418-d113 @A: 29 27 10 33 | 04
#1419-d113 @A: 17 29 23 32 | 11
#1420-d113 @A: 20 35 29 06 | 09
#1421-d113 @A: 19 05 29 26 | 10
#1422-d113 @A: 27 31 26 29 | 12
#1423-d113 @A: 08 29 19 21 | 06
#1424-d113 @A: 29 35 01 09 | 03
#1425-d113 @A: 29 06 09 23 | 07
#1426-d113 @A: 29 04 06 24 | 02
#1427-d113 @A: 24 02 29 08 | 08
#1428-d113 @A: 29 23 31 02 | 01
#1429-d113 @A: 14 22 12 27 | 05
#1430-d113 @A: 30 12 04 09 | 04
#1431-d113 @A: 30 15 01 12 | 11
#1432-d113 @A: 15 19 17 12 | 09
#1433-d113 @A: 17 14 13 12 | 10
#1434-d113 @A: 15 31 26 12 | 12
#1435-d113 @A: 16 12 32 07 | 06
#1436-d113 @A: 09 12 14 19 | 03
#1437-d113 @A: 33 25 12 21 | 07
#1438-d113 @A: 35 14 12 05 | 02
#1439-d113 @A: 28 21 12 06 | 08
#1440-d113 @A: 21 34 12 11 | 01
#1441-d113 @A: 34 12 24 06 | 05
#1442-d113 @A: 06 31 12 08 | 04
#1443-d113 @A: 03 31 22 18 | 11
#1444-d113 @A: 19 07 30 22 | 09
#1445-d113 @A: 04 18 22 25 | 10
#1446-d113 @A: 15 24 22 18 | 12
#1447-d113 @A: 17 04 26 22 | 06
#1448-d113 @A: 22 02 17 32 | 03
#1449-d113 @A: 17 22 06 25 | 07
#1450-d113 @A: 22 35 09 17 | 02
#1451-d113 @A: 01 17 22 07 | 08
#1452-d113 @A: 22 33 09 20 | 01
#1453-d113 @A: 26 31 19 22 | 05
#1454-d113 @A: 22 06 26 35 | 04
#1455-d113 @A: 22 16 32 05 | 11
#1456-d113 @A: 22 19 24 09 | 09
#1457-d113 @A: 22 09 25 21 | 10
#1458-d113 @A: 28 09 14 22 | 12
#1459-d113 @A: 28 15 02 22 | 06
#1460-d113 @A: 24 08 31 22 | 03
#1461-d113 @A: 02 34 22 05 | 07
#1462-d113 @A: 06 18 03 30 | 02
#1463-d113 @A: 04 03 20 30 | 08
#1464-d113 @A: 09 30 15 03 | 01
#1465-d113 @A: 24 03 28 18 | 05
#1466-d113 @A: 32 13 17 03 | 04
#1467-d113 @A: 15 03 32 17 | 11
#1468-d113 @A: 08 03 20 19 | 09
#1469-d113 @A: 03 26 13 27 | 10
#1470-d113 @A: 02 35 32 03 | 12
#1471-d113 @A: 15 03 19 34 | 06
#1472-d113 @A: 14 33 03 25 | 03
#1473-d113 @A: 28 08 35 03 | 07
#1474-d113 @A: 34 07 03 24 | 02
#1475-d113 @A: 08 07 02 03 | 08
#1476-d113 @A: 26 06 10 30 | 01
#1477-d113 @A: 10 27 30 24 | 05
#1478-d113 @A: 11 18 30 16 | 04
#1479-d113 @A: 20 30 17 34 | 11
#1480-d113 @A: 32 30 28 21 | 09
#1481-d113 @A: 32 08 30 27 | 10
#1482-d113 @A: 33 23 35 30 | 12
#1483-d113 @A: 28 30 27 23 | 06
#1484-d113 @A: 04 11 33 30 | 03
#1485-d113 @A: 30 01 24 02 | 07
#1486-d113 @A: 02 34 04 30 | 02
#1487-d113 @A: 33 10 18 25 | 08
#1488-d113 @A: 10 18 05 11 | 01
#1489-d113 @A: 24 21 20 10 | 05
#1490-d113 @A: 20 15 21 10 | 04
#1491-d113 @A: 10 25 35 13 | 11
#1492-d113 @A: 34 28 04 10 | 09
#1493-d113 @A: 14 10 23 15 | 10
#1494-d113 @A: 18 01 28 20 | 12
#1495-d113 @A: 31 20 18 13 | 06
#1496-d113 @A: 09 13 26 18 | 03
#1497-d113 @A: 18 16 32 27 | 07
#1498-d113 @A: 35 33 19 18 | 02
#1499-d113 @A: 09 18 02 01 | 08
#1500-d113 @A: 01 06 18 13 | 01
#1501-d113 @A: 18 06 31 23 | 05
#1502-d113 @A: 18 33 06 04 | 04
#1503-d113 @A: 34 18 23 21 | 11
#1504-d113 @A: 24 16 32 17 | 09
#1505-d113 @A: 13 19 27 17 | 10
#1506-d113 @A: 28 25 17 14 | 12
#1507-d113 @A: 25 02 17 05 | 06
#1508-d113 @A: 35 28 01 17 | 03
#1509-d113 @A: 09 17 13 08 | 07
#1510-d113 @A: 07 28 17 16 | 02
#1511-d113 @A: 28 17 31 24 | 08
#1512-d113 @A: 16 15 31 17 | 01
#1513-d113 @A: 06 17 02 34 | 05
#1514-d113 @A: 17 15 23 21 | 04
#1515-d113 @A: 05 07 33 17 | 11
#1516-d113 @A: 32 19 20 07 | 09
#1517-d113 @A: 24 35 19 20 | 10
#1518-d113 @A: 19 23 20 34 | 12
#1519-d113 @A: 20 05 25 35 | 06
#1520-d113 @A: 21 01 25 20 | 03
#1521-d113 @A: 04 35 20 27 | 07
#1522-d113 @A: 15 20 35 27 | 02
#1523-d113 @A: 20 34 35 14 | 08
#1524-d113 @A: 06 20 34 33 | 01
#1525-d113 @A: 20 34 21 08 | 05
#1526-d113 @A: 20 21 23 13 | 04
#1527-d113 @A: 20 01 08 23 | 11
#1528-d113 @A: 31 24 26 32 | 09
#1529-d113 @A: 09 26 35 04 | 10
#1530-d113 @A: 27 09 33 26 | 12
#1531-d113 @A: 11 31 05 26 | 06
#1532-d113 @A: 07 24 04 26 | 03
#1533-d113 @A: 26 33 05 34 | 07
#1534-d113 @A: 26 23 07 13 | 02
#1535-d113 @A: 09 32 23 25 | 08
#1536-d113 @A: 15 23 32 25 | 01
#1537-d113 @A: 04 32 25 33 | 05
#1538-d113 @A: 32 14 31 06 | 04
#1539-d113 @A: 23 32 02 04 | 11
#1540-d113 @A: 01 16 25 19 | 09
#1541-d113 @A: 19 35 07 15 | 10
#1542-d113 @A: 19 23 11 24 | 12
#1543-d113 @A: 31 19 21 24 | 06
#1544-d113 @A: 23 11 31 25 | 03
#1545-d113 @A: 24 31 04 25 | 07
#1546-d113 @A: 13 23 25 08 | 02
#1547-d113 @A: 35 24 11 13 | 08
#1548-d113 @A: 14 35 31 07 | 01
#1549-d113 @A: 34 16 21 09 | 05
#1550-d113 @A: 24 31 07 09 | 04
#1551-d113 @A: 07 15 06 09 | 11
#1552-d113 @A: 14 09 02 34 | 09
#1553-d113 @A: 28 16 01 11 | 10
#1554-d113 @A: 24 28 07 08 | 12
#1555-d113 @A: 34 33 28 14 | 06
#1556-d113 @A: 28 07 21 34 | 03
#1557-d113 @A: 01 15 13 28 | 07
#1558-d113 @A: 05 14 04 28 | 02
#1559-d113 @A: 24 27 16 07 | 08
#1560-d113 @A: 01 16 08 27 | 01
#1561-d113 @A: 02 34 07 27 | 05
#1562-d113 @A: 27 21 23 04 | 04
#1563-d113 @A: 24 21 16 13 | 11
#1564-d113 @A: 16 33 02 06 | 09
#1565-d113 @A: 04 15 01 23 | 10
#1566-d113 @A: 29 03 26 01 | 12
#1567-d113 @A: 03 29 27 04 | 06
#1568-d113 @A: 28 13 29 30 | 03
#1569-d113 @A: 06 27 30 29 | 07
#1570-d113 @A: 04 10 29 17 | 02
#1571-d113 @A: 29 08 32 10 | 08
#1572-d113 @A: 29 10 35 31 | 01
#1573-d113 @A: 29 17 13 15 | 05
#1574-d113 @A: 06 25 29 26 | 04
#1575-d113 @A: 29 26 04 28 | 11
#1576-d113 @A: 19 02 29 35 | 09
#1577-d113 @A: 33 29 25 09 | 10
#1578-d113 @A: 24 16 29 11 | 12
#1579-d113 @A: 11 14 29 07 | 06
#1580-d113 @A: 08 35 22 12 | 03
#1581-d113 @A: 09 22 12 23 | 07
#1582-d113 @A: 13 03 19 12 | 02
#1583-d113 @A: 12 30 07 10 | 08
#1584-d113 @A: 06 35 12 30 | 01
#1585-d113 @A: 18 34 12 27 | 05
#1586-d113 @A: 11 20 12 16 | 04
#1587-d113 @A: 26 14 21 12 | 11
#1588-d113 @A: 12 05 15 25 | 09
#1589-d113 @A: 35 33 27 12 | 10
#1590-d113 @A: 28 31 12 04 | 12
#1591-d113 @A: 22 03 14 08 | 06
#1592-d113 @A: 16 22 30 34 | 03
#1593-d113 @A: 22 32 18 08 | 07
#1594-d113 @A: 22 17 33 16 | 02
#1595-d113 @A: 23 20 26 22 | 08
#1596-d113 @A: 19 22 14 20 | 01
#1597-d113 @A: 01 13 19 22 | 05
#1598-d113 @A: 22 28 25 05 | 04
#1599-d113 @A: 09 22 34 27 | 11
#1600-d113 @A: 09 31 16 22 | 09
#1601-d113 @A: 11 22 04 24 | 10
#1602-d113 @A: 06 07 24 22 | 12
#1603-d113 @A: 08 01 22 34 | 06
#1604-d113 @A: 02 03 17 10 | 03
#1605-d113 @A: 03 10 05 27 | 07
#1606-d113 @A: 03 18 17 20 | 02
#1607-d113 @A: 26 20 11 03 | 08
#1608-d113 @A: 20 03 06 28 | 01
#1609-d113 @A: 09 07 03 28 | 05
#1610-d113 @A: 24 13 23 03 | 04
#1611-d113 @A: 03 05 14 07 | 11
#1612-d113 @A: 03 04 33 01 | 09
#1613-d113 @A: 30 25 09 17 | 10
#1614-d113 @A: 30 17 31 01 | 12
#1615-d113 @A: 25 20 30 33 | 06
#1616-d113 @A: 30 01 26 33 | 03
#1617-d113 @A: 14 30 15 32 | 07
#1618-d113 @A: 07 27 25 30 | 02
#1619-d113 @A: 23 25 30 21 | 08
#1620-d113 @A: 07 04 23 30 | 01
#1621-d113 @A: 14 30 33 31 | 05
#1622-d113 @A: 30 15 33 07 | 04
#1623-d113 @A: 02 04 15 30 | 11
#1624-d113 @A: 07 10 02 18 | 09
#1625-d113 @A: 17 19 10 14 | 10
#1626-d113 @A: 10 28 20 32 | 12
#1627-d113 @A: 10 27 20 02 | 06
#1628-d113 @A: 19 02 10 06 | 03
#1629-d113 @A: 01 10 08 28 | 07
#1630-d113 @A: 01 24 07 10 | 02
#1631-d113 @A: 10 31 08 21 | 08
#1632-d113 @A: 33 10 04 14 | 01
#1633-d113 @A: 10 33 02 31 | 05
#1634-d113 @A: 32 04 17 18 | 04
#1635-d113 @A: 17 18 25 08 | 11
#1636-d113 @A: 14 17 35 18 | 09
#1637-d113 @A: 18 20 33 32 | 10
#1638-d113 @A: 23 26 25 18 | 12
#1639-d113 @A: 28 18 02 25 | 06
#1640-d113 @A: 18 09 34 28 | 03
#1641-d113 @A: 28 07 13 18 | 07
#1642-d113 @A: 11 18 34 08 | 02
#1643-d113 @A: 18 08 04 31 | 08
#1644-d113 @A: 01 27 20 17 | 01
#1645-d113 @A: 17 14 06 11 | 05
#1646-d113 @A: 06 15 04 17 | 04
#1647-d113 @A: 34 14 07 17 | 11
#1648-d113 @A: 11 20 28 27 | 09
#1649-d113 @A: 20 15 16 04 | 10
#1650-d113 @A: 01 33 14 20 | 12
#1651-d113 @A: 26 09 19 15 | 06
#1652-d113 @A: 31 28 09 26 | 03
#1653-d113 @A: 09 23 26 01 | 07
#1654-d113 @A: 26 14 23 04 | 02
#1655-d113 @A: 04 26 15 02 | 08
#1656-d113 @A: 32 09 19 21 | 01
#1657-d113 @A: 19 21 15 32 | 05
#1658-d113 @A: 32 02 09 27 | 04
#1659-d113 @A: 13 07 02 32 | 11
#1660-d113 @A: 07 21 08 32 | 09
#1661-d113 @A: 05 04 01 32 | 10
#1662-d113 @A: 19 09 13 25 | 12
#1663-d113 @A: 35 04 19 16 | 06
#1664-d113 @A: 31 19 33 06 | 03
#1665-d113 @A: 08 15 19 33 | 07
#1666-d113 @A: 31 08 19 14 | 02
#1667-d113 @A: 34 11 01 25 | 08
#1668-d113 @A: 33 13 25 06 | 01
#1669-d113 @A: 06 01 07 25 | 05
#1670-d113 @A: 25 06 21 31 | 04
#1671-d113 @A: 25 33 23 34 | 11
#1672-d113 @A: 05 25 01 23 | 09
#1673-d113 @A: 23 11 02 35 | 10
#1674-d113 @A: 35 06 15 13 | 12
#1675-d113 @A: 23 35 34 01 | 06
#1676-d113 @A: 35 21 04 13 | 03
#1677-d113 @A: 09 05 13 24 | 07
#1678-d113 @A: 07 06 05 09 | 02
#1679-d113 @A: 04 31 09 13 | 08
#1680-d113 @A: 05 28 31 08 | 01
#1681-d113 @A: 01 06 02 27 | 05
#1682-d113 @A: 23 15 33 27 | 04
#1683-d113 @A: 16 11 08 06 | 11
#1684-d113 @A: 11 07 16 13 | 09
#1685-d113 @A: 11 16 31 14 | 10
#1686-d113 @A: 08 24 16 05 | 12
#1687-d113 @A: 13 05 01 16 | 06
#1688-d113 @A: 34 33 15 05 | 03
#1689-d113 @A: 08 04 15 05 | 07
