#0001-d126 @A: 28 22 35 21 | 05
#0002-d126 @A: 29 35 21 06 | 12
#0003-d126 @A: 12 02 15 35 | 02
#0004-d126 @A: 02 35 14 22 | 10
#0005-d126 @A: 34 35 17 06 | 01
#0006-d126 @A: 35 11 05 24 | 07
#0007-d126 @A: 35 29 15 33 | 11
#0008-d126 @A: 35 29 17 08 | 06
#0009-d126 @A: 05 13 08 35 | 04
#0010-d126 @A: 35 01 23 17 | 09
#0011-d126 @A: 35 07 04 09 | 03
#0012-d126 @A: 05 31 35 10 | 08
#0013-d126 @A: 03 22 35 10 | 05
#0014-d126 @A: 14 31 35 09 | 12
#0015-d126 @A: 28 21 18 05 | 02
#0016-d126 @A: 19 24 18 02 | 10
#0017-d126 @A: 32 30 18 28 | 01
#0018-d126 @A: 28 29 18 25 | 07
#0019-d126 @A: 28 09 18 23 | 11
#0020-d126 @A: 18 22 17 28 | 06
#0021-d126 @A: 33 24 17 18 | 04
#0022-d126 @A: 18 29 27 33 | 09
#0023-d126 @A: 18 17 11 31 | 03
#0024-d126 @A: 04 18 07 33 | 08
#0025-d126 @A: 21 15 14 02 | 05
#0026-d126 @A: 17 08 21 02 | 12
#0027-d126 @A: 25 21 28 30 | 02
#0028-d126 @A: 09 21 28 08 | 10
#0029-d126 @A: 28 21 10 07 | 01
#0030-d126 @A: 21 03 34 30 | 07
#0031-d126 @A: 21 30 27 13 | 11
#0032-d126 @A: 30 19 16 21 | 06
#0033-d126 @A: 26 34 21 17 | 04
#0034-d126 @A: 10 21 24 29 | 09
#0035-d126 @A: 07 24 16 21 | 03
#0036-d126 @A: 21 04 17 20 | 08
#0037-d126 @A: 14 21 06 13 | 05
#0038-d126 @A: 06 21 27 11 | 12
#0039-d126 @A: 14 27 21 26 | 02
#0040-d126 @A: 05 19 17 21 | 10
#0041-d126 @A: 01 21 32 09 | 01
#0042-d126 @A: 25 02 13 28 | 07
#0043-d126 @A: 31 23 02 28 | 11
#0044-d126 @A: 30 02 23 03 | 06
#0045-d126 @A: 32 17 30 02 | 04
#0046-d126 @A: 24 02 11 06 | 09
#0047-d126 @A: 29 13 02 33 | 03
#0048-d126 @A: 29 02 08 01 | 08
#0049-d126 @A: 20 02 16 15 | 05
#0050-d126 @A: 08 16 13 02 | 12
#0051-d126 @A: 02 11 23 27 | 02
#0052-d126 @A: 02 07 14 27 | 10
#0053-d126 @A: 11 17 02 10 | 01
#0054-d126 @A: 16 02 19 09 | 07
#0055-d126 @A: 02 32 05 31 | 11
#0056-d126 @A: 02 16 26 05 | 06
#0057-d126 @A: 04 02 33 26 | 04
#0058-d126 @A: 28 07 17 34 | 09
#0059-d126 @A: 05 24 28 13 | 03
#0060-d126 @A: 04 28 24 11 | 08
#0061-d126 @A: 22 29 28 27 | 05
#0062-d126 @A: 15 10 23 28 | 12
#0063-d126 @A: 20 27 28 06 | 02
#0064-d126 @A: 20 08 33 28 | 10
#0065-d126 @A: 27 13 04 28 | 01
#0066-d126 @A: 03 33 28 13 | 07
#0067-d126 @A: 28 11 27 25 | 11
#0068-d126 @A: 28 23 19 25 | 06
#0069-d126 @A: 14 07 19 28 | 04
#0070-d126 @A: 09 25 28 14 | 09
#0071-d126 @A: 13 20 30 34 | 03
#0072-d126 @A: 30 19 24 10 | 08
#0073-d126 @A: 30 07 24 08 | 05
#0074-d126 @A: 27 30 07 29 | 12
#0075-d126 @A: 25 30 08 29 | 02
#0076-d126 @A: 31 30 17 29 | 10
#0077-d126 @A: 30 07 31 15 | 01
#0078-d126 @A: 30 14 05 15 | 07
#0079-d126 @A: 30 31 01 27 | 11
#0080-d126 @A: 30 27 32 10 | 06
#0081-d126 @A: 14 30 27 25 | 04
#0082-d126 @A: 16 30 07 03 | 09
#0083-d126 @A: 12 03 30 14 | 03
#0084-d126 @A: 24 34 10 15 | 08
#0085-d126 @A: 34 25 27 19 | 05
#0086-d126 @A: 06 34 12 05 | 12
#0087-d126 @A: 06 33 34 09 | 02
#0088-d126 @A: 34 16 04 25 | 10
#0089-d126 @A: 16 32 22 34 | 01
#0090-d126 @A: 34 04 10 14 | 07
#0091-d126 @A: 24 11 07 29 | 11
#0092-d126 @A: 13 24 15 33 | 06
#0093-d126 @A: 17 05 20 24 | 04
#0094-d126 @A: 08 19 31 24 | 09
#0095-d126 @A: 14 04 24 25 | 03
#0096-d126 @A: 27 17 29 03 | 08
#0097-d126 @A: 05 29 31 19 | 05
#0098-d126 @A: 29 07 12 05 | 12
#0099-d126 @A: 10 07 29 03 | 02
#0100-d126 @A: 27 15 20 01 | 10
#0101-d126 @A: 15 11 01 22 | 01
#0102-d126 @A: 17 15 04 09 | 07
#0103-d126 @A: 15 14 07 16 | 11
#0104-d126 @A: 06 04 07 15 | 06
#0105-d126 @A: 15 25 06 09 | 04
#0106-d126 @A: 06 15 32 12 | 09
#0107-d126 @A: 11 10 20 27 | 03
#0108-d126 @A: 23 20 27 16 | 08
#0109-d126 @A: 27 09 20 22 | 05
#0110-d126 @A: 16 11 19 20 | 12
#0111-d126 @A: 20 01 22 33 | 02
#0112-d126 @A: 10 13 08 19 | 10
#0113-d126 @A: 03 13 19 04 | 01
#0114-d126 @A: 04 05 25 13 | 07
#0115-d126 @A: 31 13 25 33 | 11
#0116-d126 @A: 16 32 13 33 | 06
#0117-d126 @A: 32 25 06 13 | 04
#0118-d126 @A: 23 08 06 27 | 09
#0119-d126 @A: 23 11 17 08 | 03
#0120-d126 @A: 26 05 11 07 | 08
#0121-d126 @A: 11 26 14 03 | 05
#0122-d126 @A: 10 09 11 26 | 12
#0123-d126 @A: 11 06 09 04 | 02
#0124-d126 @A: 25 11 32 09 | 10
#0125-d126 @A: 05 23 12 09 | 01
#0126-d126 @A: 10 23 03 09 | 07
#0127-d126 @A: 25 06 23 03 | 11
#0128-d126 @A: 09 04 25 23 | 06
#0129-d126 @A: 01 03 19 05 | 04
#0130-d126 @A: 09 01 04 19 | 09
#0131-d126 @A: 12 25 04 19 | 03
#0132-d126 @A: 01 25 06 19 | 08
#0133-d126 @A: 17 32 08 05 | 05
#0134-d126 @A: 12 16 08 26 | 12
#0135-d126 @A: 16 22 25 08 | 02
#0136-d126 @A: 04 12 22 08 | 10
#0137-d126 @A: 32 08 14 01 | 01
#0138-d126 @A: 25 10 01 08 | 07
#0139-d126 @A: 17 14 01 07 | 11
#0140-d126 @A: 32 31 33 17 | 06
#0141-d126 @A: 17 10 16 22 | 04
#0142-d126 @A: 18 20 35 13 | 09
#0143-d126 @A: 18 35 07 19 | 03
#0144-d126 @A: 05 21 35 02 | 08
#0145-d126 @A: 17 21 35 25 | 05
#0146-d126 @A: 35 04 27 30 | 12
#0147-d126 @A: 30 06 35 11 | 02
#0148-d126 @A: 06 08 15 35 | 10
#0149-d126 @A: 33 13 35 10 | 01
#0150-d126 @A: 08 33 35 27 | 07
#0151-d126 @A: 35 07 11 14 | 11
#0152-d126 @A: 33 23 09 35 | 06
#0153-d126 @A: 17 35 19 03 | 04
#0154-d126 @A: 16 33 07 35 | 09
#0155-d126 @A: 24 21 31 18 | 03
#0156-d126 @A: 13 18 21 09 | 08
#0157-d126 @A: 34 28 33 18 | 05
#0158-d126 @A: 18 20 28 26 | 12
#0159-d126 @A: 25 30 31 18 | 02
#0160-d126 @A: 27 18 24 06 | 10
#0161-d126 @A: 09 15 18 20 | 01
#0162-d126 @A: 18 12 20 11 | 07
#0163-d126 @A: 13 18 12 19 | 11
#0164-d126 @A: 19 16 18 27 | 06
#0165-d126 @A: 18 17 27 01 | 04
#0166-d126 @A: 22 08 18 11 | 09
#0167-d126 @A: 10 03 19 18 | 03
#0168-d126 @A: 18 10 31 07 | 08
#0169-d126 @A: 12 05 01 18 | 05
#0170-d126 @A: 06 05 25 18 | 12
#0171-d126 @A: 11 02 21 28 | 02
#0172-d126 @A: 23 03 28 21 | 10
#0173-d126 @A: 04 28 16 21 | 01
#0174-d126 @A: 33 21 30 15 | 07
#0175-d126 @A: 34 04 23 21 | 11
#0176-d126 @A: 19 34 07 21 | 06
#0177-d126 @A: 21 25 20 24 | 04
#0178-d126 @A: 20 15 31 21 | 09
#0179-d126 @A: 21 03 15 11 | 03
#0180-d126 @A: 21 09 23 20 | 08
#0181-d126 @A: 20 14 21 07 | 05
#0182-d126 @A: 05 23 13 21 | 12
#0183-d126 @A: 23 21 27 10 | 02
#0184-d126 @A: 21 17 11 14 | 10
#0185-d126 @A: 23 26 21 32 | 01
#0186-d126 @A: 03 06 08 21 | 07
#0187-d126 @A: 21 03 17 09 | 11
#0188-d126 @A: 21 22 03 07 | 06
#0189-d126 @A: 22 05 31 21 | 04
#0190-d126 @A: 20 07 28 02 | 09
#0191-d126 @A: 06 30 02 07 | 03
#0192-d126 @A: 24 02 22 16 | 08
#0193-d126 @A: 29 02 03 19 | 05
#0194-d126 @A: 04 02 29 17 | 12
#0195-d126 @A: 02 17 03 15 | 02
#0196-d126 @A: 02 15 01 25 | 10
#0197-d126 @A: 19 07 02 13 | 01
#0198-d126 @A: 16 27 32 02 | 07
#0199-d126 @A: 23 19 32 02 | 11
#0200-d126 @A: 07 16 04 02 | 06
#0201-d126 @A: 33 25 02 32 | 04
#0202-d126 @A: 32 02 14 16 | 09
#0203-d126 @A: 01 04 02 32 | 03
#0204-d126 @A: 12 30 34 28 | 08
#0205-d126 @A: 30 04 28 01 | 05
#0206-d126 @A: 24 01 20 28 | 12
#0207-d126 @A: 06 12 24 28 | 02
#0208-d126 @A: 04 20 28 23 | 10
#0209-d126 @A: 28 17 27 33 | 01
#0210-d126 @A: 04 17 19 28 | 07
#0211-d126 @A: 28 19 22 03 | 11
#0212-d126 @A: 26 14 17 28 | 06
#0213-d126 @A: 05 10 33 28 | 04
#0214-d126 @A: 24 30 13 01 | 09
#0215-d126 @A: 23 30 24 31 | 03
#0216-d126 @A: 30 08 09 13 | 08
#0217-d126 @A: 27 19 30 06 | 05
#0218-d126 @A: 14 30 19 11 | 12
#0219-d126 @A: 12 30 01 07 | 02
#0220-d126 @A: 30 31 26 33 | 10
#0221-d126 @A: 06 09 30 16 | 01
#0222-d126 @A: 01 16 14 30 | 07
#0223-d126 @A: 16 15 34 27 | 11
#0224-d126 @A: 03 19 15 34 | 06
#0225-d126 @A: 12 34 13 04 | 04
#0226-d126 @A: 25 34 03 05 | 09
#0227-d126 @A: 34 03 01 31 | 03
#0228-d126 @A: 12 26 34 03 | 08
#0229-d126 @A: 33 03 34 32 | 05
#0230-d126 @A: 14 31 33 34 | 12
#0231-d126 @A: 31 10 16 34 | 02
#0232-d126 @A: 34 04 32 06 | 10
#0233-d126 @A: 07 20 24 19 | 01
#0234-d126 @A: 27 13 24 10 | 07
#0235-d126 @A: 17 27 08 24 | 11
#0236-d126 @A: 24 27 32 07 | 06
#0237-d126 @A: 11 24 12 19 | 04
#0238-d126 @A: 26 23 24 33 | 09
#0239-d126 @A: 32 17 19 24 | 03
#0240-d126 @A: 31 25 24 03 | 08
#0241-d126 @A: 33 22 24 03 | 05
#0242-d126 @A: 16 04 24 01 | 12
#0243-d126 @A: 29 27 15 06 | 02
#0244-d126 @A: 03 29 20 26 | 10
#0245-d126 @A: 27 16 08 29 | 01
#0246-d126 @A: 29 19 16 04 | 07
#0247-d126 @A: 17 32 22 29 | 11
#0248-d126 @A: 07 04 29 25 | 06
#0249-d126 @A: 29 05 16 22 | 04
#0250-d126 @A: 05 04 06 29 | 09
#0251-d126 @A: 31 26 32 29 | 03
#0252-d126 @A: 29 01 26 33 | 08
#0253-d126 @A: 22 29 04 09 | 05
#0254-d126 @A: 06 10 29 22 | 12
#0255-d126 @A: 29 22 14 12 | 02
#0256-d126 @A: 15 17 22 20 | 10
#0257-d126 @A: 26 11 15 13 | 01
#0258-d126 @A: 15 11 33 17 | 07
#0259-d126 @A: 33 03 14 15 | 11
#0260-d126 @A: 01 09 15 16 | 06
#0261-d126 @A: 20 04 10 22 | 04
#0262-d126 @A: 19 27 33 13 | 09
#0263-d126 @A: 22 32 08 13 | 03
#0264-d126 @A: 13 17 16 14 | 08
#0265-d126 @A: 13 03 31 32 | 05
#0266-d126 @A: 03 06 22 13 | 12
#0267-d126 @A: 11 27 01 08 | 02
#0268-d126 @A: 22 27 17 11 | 10
#0269-d126 @A: 14 11 27 01 | 01
#0270-d126 @A: 27 05 14 23 | 07
#0271-d126 @A: 05 27 25 07 | 11
#0272-d126 @A: 05 27 09 06 | 06
#0273-d126 @A: 10 01 27 05 | 04
#0274-d126 @A: 12 25 27 33 | 09
#0275-d126 @A: 19 11 32 04 | 03
#0276-d126 @A: 14 11 05 33 | 08
#0277-d126 @A: 33 23 07 06 | 05
#0278-d126 @A: 23 33 01 03 | 12
#0279-d126 @A: 23 22 31 33 | 02
#0280-d126 @A: 31 06 14 23 | 10
#0281-d126 @A: 22 23 09 32 | 01
#0282-d126 @A: 16 12 19 05 | 07
#0283-d126 @A: 07 33 25 08 | 11
#0284-d126 @A: 32 04 26 08 | 06
#0285-d126 @A: 33 32 08 06 | 04
#0286-d126 @A: 31 07 17 04 | 09
#0287-d126 @A: 07 17 09 16 | 03
#0288-d126 @A: 01 07 06 17 | 08
#0289-d126 @A: 17 09 31 01 | 05
#0290-d126 @A: 10 17 09 12 | 12
#0291-d126 @A: 03 14 07 04 | 02
#0292-d126 @A: 26 07 10 14 | 10
#0293-d126 @A: 04 26 16 14 | 01
#0294-d126 @A: 27 35 18 25 | 07
#0295-d126 @A: 23 35 32 18 | 11
#0296-d126 @A: 08 18 35 10 | 06
#0297-d126 @A: 35 23 21 07 | 04
#0298-d126 @A: 35 02 33 17 | 09
#0299-d126 @A: 25 15 28 35 | 03
#0300-d126 @A: 20 05 35 28 | 08
#0301-d126 @A: 15 30 35 05 | 05
#0302-d126 @A: 30 07 35 13 | 12
#0303-d126 @A: 34 07 20 35 | 02
#0304-d126 @A: 20 35 16 24 | 10
#0305-d126 @A: 35 14 26 24 | 01
#0306-d126 @A: 13 19 35 29 | 07
#0307-d126 @A: 08 35 04 19 | 11
#0308-d126 @A: 14 19 32 35 | 06
#0309-d126 @A: 21 07 02 18 | 04
#0310-d126 @A: 18 27 21 26 | 09
#0311-d126 @A: 18 28 07 24 | 03
#0312-d126 @A: 18 16 28 15 | 08
#0313-d126 @A: 30 23 15 18 | 05
#0314-d126 @A: 18 34 07 15 | 12
#0315-d126 @A: 34 18 17 04 | 02
#0316-d126 @A: 18 07 34 14 | 10
#0317-d126 @A: 32 34 14 18 | 01
#0318-d126 @A: 24 11 18 09 | 07
#0319-d126 @A: 24 01 26 18 | 11
#0320-d126 @A: 15 29 26 18 | 06
#0321-d126 @A: 18 10 01 15 | 04
#0322-d126 @A: 33 25 18 20 | 09
#0323-d126 @A: 18 06 33 03 | 03
#0324-d126 @A: 14 01 26 18 | 08
#0325-d126 @A: 18 33 16 01 | 05
#0326-d126 @A: 18 09 16 04 | 12
#0327-d126 @A: 10 06 18 32 | 02
#0328-d126 @A: 22 02 13 21 | 10
#0329-d126 @A: 28 14 21 03 | 01
#0330-d126 @A: 15 21 34 22 | 07
#0331-d126 @A: 34 12 21 10 | 11
#0332-d126 @A: 21 26 29 08 | 06
#0333-d126 @A: 17 29 12 21 | 04
#0334-d126 @A: 21 14 25 19 | 09
#0335-d126 @A: 14 32 21 33 | 03
#0336-d126 @A: 25 09 21 12 | 08
#0337-d126 @A: 34 19 05 02 | 05
#0338-d126 @A: 24 20 26 02 | 12
#0339-d126 @A: 02 15 31 11 | 02
#0340-d126 @A: 20 01 02 23 | 10
#0341-d126 @A: 17 20 09 02 | 01
#0342-d126 @A: 06 13 02 17 | 07
#0343-d126 @A: 02 22 01 27 | 11
#0344-d126 @A: 17 14 03 02 | 06
#0345-d126 @A: 02 03 22 05 | 04
#0346-d126 @A: 04 06 02 14 | 09
#0347-d126 @A: 13 30 14 28 | 03
#0348-d126 @A: 07 19 30 28 | 08
#0349-d126 @A: 34 24 28 16 | 05
#0350-d126 @A: 15 28 05 34 | 12
#0351-d126 @A: 28 01 17 29 | 02
#0352-d126 @A: 28 09 11 20 | 10
#0353-d126 @A: 17 28 10 13 | 01
#0354-d126 @A: 33 23 28 32 | 07
#0355-d126 @A: 31 28 16 05 | 11
#0356-d126 @A: 30 15 34 06 | 06
#0357-d126 @A: 30 01 23 34 | 04
#0358-d126 @A: 17 30 34 10 | 09
#0359-d126 @A: 25 30 34 32 | 03
#0360-d126 @A: 29 15 09 30 | 08
#0361-d126 @A: 26 20 15 30 | 05
#0362-d126 @A: 15 30 22 19 | 12
#0363-d126 @A: 20 30 12 08 | 02
#0364-d126 @A: 17 13 30 04 | 10
#0365-d126 @A: 07 25 09 30 | 01
#0366-d126 @A: 30 10 03 01 | 07
#0367-d126 @A: 25 06 22 30 | 11
#0368-d126 @A: 25 24 13 34 | 06
#0369-d126 @A: 08 34 20 17 | 04
#0370-d126 @A: 17 34 05 13 | 09
#0371-d126 @A: 31 11 34 32 | 03
#0372-d126 @A: 09 25 01 34 | 08
#0373-d126 @A: 26 05 24 29 | 05
#0374-d126 @A: 26 13 08 24 | 12
#0375-d126 @A: 27 19 01 24 | 02
#0376-d126 @A: 19 06 24 05 | 10
#0377-d126 @A: 24 03 16 19 | 01
#0378-d126 @A: 07 24 01 03 | 07
#0379-d126 @A: 25 22 24 07 | 11
#0380-d126 @A: 07 24 10 12 | 06
#0381-d126 @A: 24 04 12 33 | 04
#0382-d126 @A: 32 20 13 29 | 09
#0383-d126 @A: 17 13 26 29 | 03
#0384-d126 @A: 12 13 03 29 | 08
#0385-d126 @A: 13 29 31 16 | 05
#0386-d126 @A: 14 33 29 27 | 12
#0387-d126 @A: 29 11 06 19 | 02
#0388-d126 @A: 11 09 29 08 | 10
#0389-d126 @A: 16 11 29 17 | 01
#0390-d126 @A: 08 29 05 23 | 07
#0391-d126 @A: 29 22 08 33 | 11
#0392-d126 @A: 14 31 29 26 | 06
#0393-d126 @A: 29 33 10 31 | 04
#0394-d126 @A: 09 32 29 10 | 09
#0395-d126 @A: 08 15 14 20 | 03
#0396-d126 @A: 05 15 03 07 | 08
#0397-d126 @A: 22 03 16 15 | 05
#0398-d126 @A: 06 16 15 33 | 12
#0399-d126 @A: 23 20 25 08 | 02
#0400-d126 @A: 19 04 20 05 | 10
#0401-d126 @A: 01 32 08 20 | 01
#0402-d126 @A: 20 25 05 10 | 07
#0403-d126 @A: 32 03 09 20 | 11
#0404-d126 @A: 16 20 04 26 | 06
#0405-d126 @A: 12 06 14 20 | 04
#0406-d126 @A: 13 01 17 32 | 09
#0407-d126 @A: 07 13 01 10 | 03
#0408-d126 @A: 32 13 07 12 | 08
#0409-d126 @A: 13 31 04 01 | 05
#0410-d126 @A: 13 26 25 01 | 12
#0411-d126 @A: 12 25 13 14 | 02
#0412-d126 @A: 12 23 27 19 | 10
#0413-d126 @A: 04 17 27 23 | 01
#0414-d126 @A: 25 27 17 06 | 07
#0415-d126 @A: 04 16 12 27 | 11
#0416-d126 @A: 01 25 27 16 | 06
#0417-d126 @A: 25 08 11 06 | 04
#0418-d126 @A: 11 05 32 10 | 09
#0419-d126 @A: 03 09 31 11 | 03
#0420-d126 @A: 16 04 03 11 | 08
#0421-d126 @A: 12 25 11 01 | 05
#0422-d126 @A: 19 16 23 17 | 12
#0423-d126 @A: 12 23 05 14 | 02
#0424-d126 @A: 31 26 03 23 | 10
#0425-d126 @A: 23 12 26 01 | 01
#0426-d126 @A: 03 33 19 31 | 07
#0427-d126 @A: 12 06 19 10 | 11
#0428-d126 @A: 01 17 08 16 | 06
#0429-d126 @A: 32 08 10 07 | 04
#0430-d126 @A: 33 08 10 03 | 09
#0431-d126 @A: 14 26 06 08 | 03
#0432-d126 @A: 16 04 06 08 | 08
#0433-d126 @A: 17 05 25 01 | 05
#0434-d126 @A: 14 09 22 06 | 12
#0435-d126 @A: 06 18 28 35 | 02
#0436-d126 @A: 34 24 21 35 | 10
#0437-d126 @A: 03 35 02 24 | 01
#0438-d126 @A: 10 02 29 35 | 07
#0439-d126 @A: 12 28 29 35 | 11
#0440-d126 @A: 28 07 27 35 | 06
#0441-d126 @A: 35 14 27 28 | 04
#0442-d126 @A: 35 11 28 31 | 09
#0443-d126 @A: 09 30 35 24 | 03
#0444-d126 @A: 35 32 03 30 | 08
#0445-d126 @A: 34 35 01 15 | 05
#0446-d126 @A: 35 13 32 34 | 12
#0447-d126 @A: 35 20 29 01 | 02
#0448-d126 @A: 05 35 29 27 | 10
#0449-d126 @A: 09 15 19 35 | 01
#0450-d126 @A: 15 17 16 35 | 07
#0451-d126 @A: 35 25 20 03 | 11
#0452-d126 @A: 09 27 35 32 | 06
#0453-d126 @A: 35 23 05 19 | 04
#0454-d126 @A: 35 32 05 16 | 09
#0455-d126 @A: 33 22 32 35 | 03
#0456-d126 @A: 12 09 35 16 | 08
#0457-d126 @A: 14 01 12 35 | 05
#0458-d126 @A: 18 17 21 10 | 12
#0459-d126 @A: 02 18 29 31 | 02
#0460-d126 @A: 04 08 28 18 | 10
#0461-d126 @A: 34 18 16 30 | 01
#0462-d126 @A: 18 30 03 17 | 07
#0463-d126 @A: 04 18 26 30 | 11
#0464-d126 @A: 09 18 30 10 | 06
#0465-d126 @A: 03 27 18 34 | 04
#0466-d126 @A: 22 18 26 34 | 09
#0467-d126 @A: 18 10 11 29 | 03
#0468-d126 @A: 18 27 15 32 | 08
#0469-d126 @A: 11 18 13 16 | 05
#0470-d126 @A: 18 23 13 01 | 12
#0471-d126 @A: 18 27 11 05 | 02
#0472-d126 @A: 07 18 26 06 | 10
#0473-d126 @A: 18 31 16 26 | 01
#0474-d126 @A: 10 26 33 18 | 07
#0475-d126 @A: 18 10 16 12 | 11
#0476-d126 @A: 02 12 16 21 | 06
#0477-d126 @A: 06 21 30 24 | 04
#0478-d126 @A: 23 22 21 29 | 09
#0479-d126 @A: 21 20 26 05 | 03
#0480-d126 @A: 21 17 27 16 | 08
#0481-d126 @A: 21 07 27 01 | 05
#0482-d126 @A: 21 23 33 25 | 12
#0483-d126 @A: 21 33 03 16 | 02
#0484-d126 @A: 27 28 26 02 | 10
#0485-d126 @A: 30 15 02 10 | 01
#0486-d126 @A: 19 01 02 30 | 07
#0487-d126 @A: 34 11 26 02 | 11
#0488-d126 @A: 33 02 24 07 | 06
#0489-d126 @A: 05 29 02 25 | 04
#0490-d126 @A: 02 29 25 14 | 09
#0491-d126 @A: 19 02 15 04 | 03
#0492-d126 @A: 15 08 02 26 | 08
#0493-d126 @A: 05 02 14 31 | 05
#0494-d126 @A: 02 31 33 16 | 12
#0495-d126 @A: 26 02 25 09 | 02
#0496-d126 @A: 09 12 02 22 | 10
#0497-d126 @A: 34 11 28 29 | 01
#0498-d126 @A: 25 34 20 28 | 07
#0499-d126 @A: 28 24 08 25 | 11
#0500-d126 @A: 28 08 01 23 | 06
#0501-d126 @A: 07 28 01 31 | 04
#0502-d126 @A: 28 32 04 07 | 09
#0503-d126 @A: 28 06 03 26 | 03
#0504-d126 @A: 33 06 31 28 | 08
#0505-d126 @A: 28 26 16 01 | 05
#0506-d126 @A: 22 06 28 01 | 12
#0507-d126 @A: 29 30 34 14 | 02
#0508-d126 @A: 29 13 30 22 | 10
#0509-d126 @A: 29 05 10 30 | 01
#0510-d126 @A: 30 15 04 11 | 07
#0511-d126 @A: 11 30 20 03 | 11
#0512-d126 @A: 20 09 05 30 | 06
#0513-d126 @A: 31 20 14 30 | 04
#0514-d126 @A: 30 08 31 11 | 09
#0515-d126 @A: 30 23 08 32 | 03
#0516-d126 @A: 23 30 26 07 | 08
#0517-d126 @A: 30 17 22 33 | 05
#0518-d126 @A: 30 05 06 03 | 12
#0519-d126 @A: 30 22 04 03 | 02
#0520-d126 @A: 29 34 03 08 | 10
#0521-d126 @A: 15 14 34 27 | 01
#0522-d126 @A: 23 15 34 26 | 07
#0523-d126 @A: 34 10 03 20 | 11
#0524-d126 @A: 13 33 23 34 | 06
#0525-d126 @A: 07 11 27 34 | 04
#0526-d126 @A: 11 14 34 12 | 09
#0527-d126 @A: 32 26 34 19 | 03
#0528-d126 @A: 32 34 07 05 | 08
#0529-d126 @A: 26 33 34 25 | 05
#0530-d126 @A: 25 06 34 14 | 12
#0531-d126 @A: 01 24 29 23 | 02
#0532-d126 @A: 24 29 19 25 | 10
#0533-d126 @A: 12 08 29 24 | 01
#0534-d126 @A: 23 13 32 24 | 07
#0535-d126 @A: 22 24 11 31 | 11
#0536-d126 @A: 31 05 24 33 | 06
#0537-d126 @A: 26 24 06 25 | 04
#0538-d126 @A: 12 29 20 23 | 09
#0539-d126 @A: 27 15 13 22 | 03
#0540-d126 @A: 15 13 19 05 | 08
#0541-d126 @A: 31 05 27 15 | 05
#0542-d126 @A: 27 33 15 10 | 12
#0543-d126 @A: 11 15 05 12 | 02
#0544-d126 @A: 14 15 19 04 | 10
#0545-d126 @A: 26 15 07 22 | 01
#0546-d126 @A: 26 05 01 15 | 07
#0547-d126 @A: 25 03 15 33 | 11
#0548-d126 @A: 20 31 16 03 | 06
#0549-d126 @A: 06 03 20 01 | 04
#0550-d126 @A: 16 13 23 25 | 09
#0551-d126 @A: 19 31 17 13 | 03
#0552-d126 @A: 09 25 13 19 | 08
#0553-d126 @A: 13 05 33 12 | 05
#0554-d126 @A: 05 13 06 10 | 12
#0555-d126 @A: 03 09 01 13 | 02
#0556-d126 @A: 26 22 31 13 | 10
#0557-d126 @A: 27 17 19 14 | 01
#0558-d126 @A: 27 31 14 08 | 07
#0559-d126 @A: 03 32 12 27 | 11
#0560-d126 @A: 27 01 12 06 | 06
#0561-d126 @A: 19 11 07 23 | 04
#0562-d126 @A: 06 23 11 10 | 09
#0563-d126 @A: 19 17 26 11 | 03
#0564-d126 @A: 09 22 19 11 | 08
#0565-d126 @A: 31 26 11 06 | 05
#0566-d126 @A: 16 23 31 09 | 12
#0567-d126 @A: 26 06 23 09 | 02
#0568-d126 @A: 16 33 04 23 | 10
#0569-d126 @A: 05 25 19 26 | 01
#0570-d126 @A: 09 08 26 17 | 07
#0571-d126 @A: 08 07 01 04 | 11
#0572-d126 @A: 08 25 05 09 | 06
#0573-d126 @A: 08 31 06 12 | 04
#0574-d126 @A: 17 05 22 09 | 09
#0575-d126 @A: 31 17 25 16 | 03
#0576-d126 @A: 15 22 18 35 | 08
#0577-d126 @A: 22 02 34 35 | 05
#0578-d126 @A: 22 35 30 08 | 12
#0579-d126 @A: 03 34 35 04 | 02
#0580-d126 @A: 24 29 35 32 | 10
#0581-d126 @A: 35 13 12 24 | 01
#0582-d126 @A: 24 35 08 01 | 07
#0583-d126 @A: 35 33 06 24 | 11
#0584-d126 @A: 31 23 29 35 | 06
#0585-d126 @A: 19 35 12 20 | 04
#0586-d126 @A: 27 19 35 31 | 09
#0587-d126 @A: 25 26 07 35 | 03
#0588-d126 @A: 35 09 05 03 | 08
#0589-d126 @A: 06 26 05 35 | 05
#0590-d126 @A: 35 03 26 33 | 12
#0591-d126 @A: 25 35 10 32 | 02
#0592-d126 @A: 22 30 21 18 | 10
#0593-d126 @A: 33 21 11 18 | 01
#0594-d126 @A: 02 28 10 18 | 07
#0595-d126 @A: 30 27 02 18 | 11
#0596-d126 @A: 18 11 03 28 | 06
#0597-d126 @A: 08 18 30 14 | 04
#0598-d126 @A: 24 18 32 34 | 09
#0599-d126 @A: 34 18 29 13 | 03
#0600-d126 @A: 18 31 08 34 | 08
#0601-d126 @A: 10 24 18 20 | 05
#0602-d126 @A: 08 18 29 32 | 12
#0603-d126 @A: 03 15 13 18 | 02
#0604-d126 @A: 20 03 18 14 | 10
#0605-d126 @A: 13 08 18 17 | 01
#0606-d126 @A: 13 10 25 18 | 07
#0607-d126 @A: 06 19 18 09 | 11
#0608-d126 @A: 25 17 14 18 | 06
#0609-d126 @A: 06 02 34 21 | 04
#0610-d126 @A: 21 28 27 15 | 09
#0611-d126 @A: 04 30 29 21 | 03
#0612-d126 @A: 14 05 21 34 | 08
#0613-d126 @A: 09 15 21 24 | 05
#0614-d126 @A: 24 21 33 08 | 12
#0615-d126 @A: 05 01 21 24 | 02
#0616-d126 @A: 01 29 13 21 | 10
#0617-d126 @A: 25 11 29 21 | 01
#0618-d126 @A: 21 12 15 19 | 07
#0619-d126 @A: 32 17 21 11 | 11
#0620-d126 @A: 11 22 26 21 | 06
#0621-d126 @A: 19 21 23 01 | 04
#0622-d126 @A: 23 31 21 08 | 09
#0623-d126 @A: 16 01 21 31 | 03
#0624-d126 @A: 01 22 21 14 | 08
#0625-d126 @A: 06 22 21 32 | 05
#0626-d126 @A: 25 10 21 06 | 12
#0627-d126 @A: 09 28 02 29 | 02
#0628-d126 @A: 02 20 30 22 | 10
#0629-d126 @A: 04 02 30 08 | 01
#0630-d126 @A: 02 23 34 16 | 07
#0631-d126 @A: 02 17 24 01 | 11
#0632-d126 @A: 02 20 04 13 | 06
#0633-d126 @A: 05 08 02 20 | 04
#0634-d126 @A: 01 11 13 02 | 09
#0635-d126 @A: 31 13 14 02 | 03
#0636-d126 @A: 11 33 19 02 | 08
#0637-d126 @A: 08 19 06 02 | 05
#0638-d126 @A: 22 02 07 31 | 12
#0639-d126 @A: 19 09 28 34 | 02
#0640-d126 @A: 06 08 28 34 | 10
#0641-d126 @A: 29 28 07 13 | 01
#0642-d126 @A: 28 05 03 29 | 07
#0643-d126 @A: 11 14 15 28 | 11
#0644-d126 @A: 15 28 08 17 | 06
#0645-d126 @A: 28 11 13 19 | 04
#0646-d126 @A: 22 16 11 28 | 09
#0647-d126 @A: 07 28 16 23 | 03
#0648-d126 @A: 19 08 28 16 | 08
#0649-d126 @A: 03 07 28 25 | 05
#0650-d126 @A: 28 25 05 12 | 12
#0651-d126 @A: 25 32 28 01 | 02
#0652-d126 @A: 20 17 16 30 | 10
#0653-d126 @A: 30 13 19 32 | 01
#0654-d126 @A: 13 03 30 25 | 07
#0655-d126 @A: 23 30 11 22 | 11
#0656-d126 @A: 30 08 19 17 | 06
#0657-d126 @A: 03 30 19 26 | 04
#0658-d126 @A: 16 33 08 30 | 09
#0659-d126 @A: 30 33 05 07 | 03
#0660-d126 @A: 32 16 30 31 | 08
#0661-d126 @A: 12 26 30 09 | 05
#0662-d126 @A: 16 30 10 04 | 12
#0663-d126 @A: 10 12 30 25 | 02
#0664-d126 @A: 34 24 12 31 | 10
#0665-d126 @A: 04 15 34 20 | 01
#0666-d126 @A: 34 13 15 09 | 07
#0667-d126 @A: 34 16 19 13 | 11
#0668-d126 @A: 12 34 11 17 | 06
#0669-d126 @A: 19 23 31 34 | 04
#0670-d126 @A: 08 33 19 34 | 09
#0671-d126 @A: 07 31 34 33 | 03
#0672-d126 @A: 07 12 16 34 | 08
#0673-d126 @A: 25 07 34 06 | 05
#0674-d126 @A: 25 31 34 22 | 12
#0675-d126 @A: 26 01 34 04 | 02
#0676-d126 @A: 34 12 33 22 | 10
#0677-d126 @A: 12 01 34 32 | 01
#0678-d126 @A: 22 15 29 24 | 07
#0679-d126 @A: 29 24 04 13 | 11
#0680-d126 @A: 14 32 24 15 | 06
#0681-d126 @A: 24 27 05 22 | 04
#0682-d126 @A: 23 24 07 17 | 09
#0683-d126 @A: 22 24 14 23 | 03
#0684-d126 @A: 09 24 08 04 | 08
#0685-d126 @A: 04 24 10 17 | 05
#0686-d126 @A: 31 07 24 09 | 12
#0687-d126 @A: 14 24 09 03 | 02
#0688-d126 @A: 32 01 24 31 | 10
#0689-d126 @A: 32 24 10 26 | 01
#0690-d126 @A: 13 29 15 10 | 07
#0691-d126 @A: 27 29 25 13 | 11
#0692-d126 @A: 09 13 23 29 | 06
#0693-d126 @A: 23 32 27 29 | 04
#0694-d126 @A: 23 29 11 33 | 09
#0695-d126 @A: 12 29 11 26 | 03
#0696-d126 @A: 19 29 23 10 | 08
#0697-d126 @A: 17 29 09 14 | 05
#0698-d126 @A: 10 29 26 16 | 12
#0699-d126 @A: 29 33 25 06 | 02
#0700-d126 @A: 23 13 15 14 | 10
#0701-d126 @A: 25 15 23 27 | 01
#0702-d126 @A: 17 15 32 23 | 07
#0703-d126 @A: 05 15 33 23 | 11
#0704-d126 @A: 15 25 19 16 | 06
#0705-d126 @A: 15 12 26 33 | 04
#0706-d126 @A: 08 03 20 13 | 09
#0707-d126 @A: 20 16 27 14 | 03
#0708-d126 @A: 06 07 20 32 | 08
#0709-d126 @A: 33 09 20 31 | 05
#0710-d126 @A: 32 31 20 04 | 12
#0711-d126 @A: 26 20 09 01 | 02
#0712-d126 @A: 25 20 14 22 | 10
#0713-d126 @A: 05 31 13 09 | 01
#0714-d126 @A: 04 13 09 33 | 07
#0715-d126 @A: 16 27 22 31 | 11
#0716-d126 @A: 27 06 31 32 | 06
#0717-d126 @A: 33 04 01 27 | 04
#0718-d126 @A: 11 31 25 05 | 09
#0719-d126 @A: 25 26 04 11 | 03
#0720-d126 @A: 14 05 08 07 | 08
#0721-d126 @A: 33 08 04 31 | 05
#0722-d126 @A: 08 26 06 01 | 12
#0723-d126 @A: 17 31 05 06 | 02
#0724-d126 @A: 17 26 16 03 | 10
#0725-d126 @A: 33 10 01 17 | 01
#0726-d126 @A: 25 17 32 12 | 07
#0727-d126 @A: 31 14 03 01 | 11
#0728-d126 @A: 18 34 35 05 | 06
#0729-d126 @A: 28 13 09 35 | 04
#0730-d126 @A: 25 34 08 35 | 09
#0731-d126 @A: 35 26 29 04 | 03
#0732-d126 @A: 04 29 35 14 | 08
#0733-d126 @A: 11 35 10 15 | 05
#0734-d126 @A: 13 27 01 35 | 12
#0735-d126 @A: 08 23 26 35 | 02
#0736-d126 @A: 07 12 35 08 | 10
#0737-d126 @A: 31 35 07 03 | 01
#0738-d126 @A: 10 06 35 07 | 07
#0739-d126 @A: 01 35 22 16 | 11
#0740-d126 @A: 18 21 04 15 | 06
#0741-d126 @A: 21 18 14 09 | 04
#0742-d126 @A: 15 18 02 05 | 09
#0743-d126 @A: 08 02 18 25 | 03
#0744-d126 @A: 18 14 33 02 | 08
#0745-d126 @A: 34 19 18 20 | 05
#0746-d126 @A: 16 29 18 24 | 12
#0747-d126 @A: 22 18 13 24 | 02
#0748-d126 @A: 15 12 18 31 | 10
#0749-d126 @A: 31 18 20 22 | 01
#0750-d126 @A: 31 11 18 14 | 07
#0751-d126 @A: 18 17 19 25 | 11
#0752-d126 @A: 09 26 05 18 | 06
#0753-d126 @A: 16 22 06 18 | 04
#0754-d126 @A: 02 21 15 23 | 09
#0755-d126 @A: 02 25 21 27 | 03
#0756-d126 @A: 21 23 14 29 | 08
#0757-d126 @A: 15 25 21 32 | 05
#0758-d126 @A: 13 33 21 17 | 12
#0759-d126 @A: 19 11 21 31 | 02
#0760-d126 @A: 21 19 22 10 | 10
#0761-d126 @A: 05 21 09 07 | 01
#0762-d126 @A: 31 21 32 07 | 07
#0763-d126 @A: 04 05 12 21 | 11
#0764-d126 @A: 04 05 02 28 | 06
#0765-d126 @A: 32 09 02 34 | 04
#0766-d126 @A: 07 02 29 15 | 09
#0767-d126 @A: 02 29 23 26 | 03
#0768-d126 @A: 15 32 13 02 | 08
#0769-d126 @A: 19 20 02 31 | 05
#0770-d126 @A: 13 03 27 02 | 12
#0771-d126 @A: 23 13 12 02 | 02
#0772-d126 @A: 17 23 02 05 | 10
#0773-d126 @A: 25 23 02 22 | 01
#0774-d126 @A: 10 31 08 02 | 07
#0775-d126 @A: 16 01 03 02 | 11
#0776-d126 @A: 02 09 06 03 | 06
#0777-d126 @A: 02 06 12 26 | 04
#0778-d126 @A: 10 33 02 22 | 09
#0779-d126 @A: 26 29 30 28 | 03
#0780-d126 @A: 06 28 17 30 | 08
#0781-d126 @A: 28 24 17 09 | 05
#0782-d126 @A: 14 06 29 28 | 12
#0783-d126 @A: 08 31 28 26 | 02
#0784-d126 @A: 01 05 28 09 | 10
#0785-d126 @A: 03 28 04 09 | 01
#0786-d126 @A: 22 32 28 31 | 07
#0787-d126 @A: 34 30 09 11 | 11
#0788-d126 @A: 04 30 34 07 | 06
#0789-d126 @A: 20 30 24 04 | 04
#0790-d126 @A: 19 29 30 20 | 09
#0791-d126 @A: 25 20 30 27 | 03
#0792-d126 @A: 31 06 13 30 | 08
#0793-d126 @A: 12 32 05 30 | 05
#0794-d126 @A: 30 10 31 22 | 12
#0795-d126 @A: 23 24 06 34 | 02
#0796-d126 @A: 34 04 19 24 | 10
#0797-d126 @A: 08 22 34 24 | 01
#0798-d126 @A: 32 34 29 15 | 07
#0799-d126 @A: 11 25 34 15 | 11
#0800-d126 @A: 11 20 05 34 | 06
#0801-d126 @A: 13 34 08 01 | 04
#0802-d126 @A: 34 11 23 03 | 09
#0803-d126 @A: 11 34 04 08 | 03
#0804-d126 @A: 26 34 16 09 | 08
#0805-d126 @A: 10 06 34 01 | 05
#0806-d126 @A: 15 05 08 24 | 12
#0807-d126 @A: 24 12 20 27 | 02
#0808-d126 @A: 14 27 24 08 | 10
#0809-d126 @A: 24 03 09 26 | 01
#0810-d126 @A: 03 04 06 24 | 07
#0811-d126 @A: 31 24 10 06 | 11
#0812-d126 @A: 12 24 14 33 | 06
#0813-d126 @A: 01 29 14 15 | 04
#0814-d126 @A: 20 04 29 08 | 09
#0815-d126 @A: 29 13 06 08 | 03
#0816-d126 @A: 01 11 29 31 | 08
#0817-d126 @A: 20 25 15 07 | 05
#0818-d126 @A: 20 15 05 06 | 12
#0819-d126 @A: 25 15 08 13 | 02
#0820-d126 @A: 15 08 11 16 | 10
#0821-d126 @A: 17 10 15 14 | 01
#0822-d126 @A: 01 04 15 12 | 07
#0823-d126 @A: 25 04 10 15 | 11
#0824-d126 @A: 11 06 13 20 | 06
#0825-d126 @A: 20 26 33 13 | 04
#0826-d126 @A: 07 20 17 11 | 09
#0827-d126 @A: 14 11 04 20 | 03
#0828-d126 @A: 19 20 23 26 | 08
#0829-d126 @A: 03 20 23 05 | 05
#0830-d126 @A: 09 08 20 19 | 12
#0831-d126 @A: 22 20 05 32 | 02
#0832-d126 @A: 03 22 20 12 | 10
#0833-d126 @A: 07 13 23 08 | 01
#0834-d126 @A: 09 10 22 13 | 07
#0835-d126 @A: 13 09 12 06 | 11
#0836-d126 @A: 19 09 27 17 | 06
#0837-d126 @A: 07 33 09 27 | 04
#0838-d126 @A: 32 05 27 04 | 09
#0839-d126 @A: 26 06 27 04 | 03
#0840-d126 @A: 32 16 11 23 | 08
#0841-d126 @A: 19 08 11 05 | 05
#0842-d126 @A: 11 10 33 07 | 12
#0843-d126 @A: 25 10 11 03 | 02
#0844-d126 @A: 31 11 12 16 | 10
#0845-d126 @A: 01 16 11 10 | 01
#0846-d126 @A: 01 16 06 23 | 07
#0847-d126 @A: 23 22 04 01 | 11
#0848-d126 @A: 19 07 17 12 | 06
#0849-d126 @A: 31 26 19 12 | 04
#0850-d126 @A: 22 01 19 31 | 09
#0851-d126 @A: 22 04 26 19 | 03
#0852-d126 @A: 33 19 16 22 | 08
#0853-d126 @A: 03 12 08 25 | 05
#0854-d126 @A: 09 33 08 01 | 12
#0855-d126 @A: 17 03 12 05 | 02
#0856-d126 @A: 04 03 17 01 | 10
#0857-d126 @A: 17 22 03 25 | 01
#0858-d126 @A: 31 22 12 17 | 07
#0859-d126 @A: 17 04 22 06 | 11
#0860-d126 @A: 05 14 16 25 | 06
#0861-d126 @A: 01 14 31 25 | 04
#0862-d126 @A: 09 33 14 04 | 09
#0863-d126 @A: 18 29 35 30 | 03
#0864-d126 @A: 05 35 14 18 | 08
#0865-d126 @A: 35 33 21 19 | 05
#0866-d126 @A: 13 31 02 35 | 12
#0867-d126 @A: 25 35 19 02 | 02
#0868-d126 @A: 02 35 09 08 | 10
#0869-d126 @A: 23 10 30 35 | 01
#0870-d126 @A: 08 31 20 35 | 07
#0871-d126 @A: 35 11 08 32 | 11
#0872-d126 @A: 23 16 35 03 | 06
#0873-d126 @A: 22 35 12 05 | 04
#0874-d126 @A: 06 25 35 16 | 09
#0875-d126 @A: 21 06 20 18 | 03
#0876-d126 @A: 08 18 21 01 | 08
#0877-d126 @A: 06 02 18 23 | 05
#0878-d126 @A: 33 02 09 18 | 12
#0879-d126 @A: 33 13 18 30 | 02
#0880-d126 @A: 06 30 08 18 | 10
#0881-d126 @A: 34 12 18 09 | 01
#0882-d126 @A: 18 09 01 29 | 07
#0883-d126 @A: 19 11 15 18 | 11
#0884-d126 @A: 27 23 31 18 | 06
#0885-d126 @A: 23 18 11 25 | 04
#0886-d126 @A: 33 23 18 19 | 09
#0887-d126 @A: 23 10 14 18 | 03
#0888-d126 @A: 32 07 18 16 | 08
#0889-d126 @A: 25 18 07 01 | 05
#0890-d126 @A: 03 18 05 31 | 12
#0891-d126 @A: 31 06 18 01 | 02
#0892-d126 @A: 26 12 25 18 | 10
#0893-d126 @A: 04 21 02 24 | 01
#0894-d126 @A: 29 21 28 33 | 07
#0895-d126 @A: 30 20 32 21 | 11
#0896-d126 @A: 30 05 21 11 | 06
#0897-d126 @A: 06 15 13 21 | 04
#0898-d126 @A: 16 20 21 13 | 09
#0899-d126 @A: 27 12 21 22 | 03
#0900-d126 @A: 08 11 21 12 | 08
#0901-d126 @A: 07 11 04 21 | 05
#0902-d126 @A: 33 07 26 21 | 12
#0903-d126 @A: 21 12 07 06 | 02
#0904-d126 @A: 21 04 09 26 | 10
#0905-d126 @A: 30 05 13 02 | 01
#0906-d126 @A: 02 34 20 12 | 07
#0907-d126 @A: 10 34 02 13 | 11
#0908-d126 @A: 02 07 34 08 | 06
#0909-d126 @A: 27 31 02 24 | 04
#0910-d126 @A: 02 27 29 20 | 09
#0911-d126 @A: 05 33 27 02 | 03
#0912-d126 @A: 08 03 11 02 | 08
#0913-d126 @A: 33 02 23 08 | 05
#0914-d126 @A: 02 10 03 26 | 12
#0915-d126 @A: 26 22 02 32 | 02
#0916-d126 @A: 02 10 01 14 | 10
#0917-d126 @A: 20 28 31 30 | 01
#0918-d126 @A: 23 28 13 30 | 07
#0919-d126 @A: 27 09 28 30 | 11
#0920-d126 @A: 28 11 30 10 | 06
#0921-d126 @A: 14 16 34 28 | 04
#0922-d126 @A: 24 31 14 28 | 09
#0923-d126 @A: 20 16 28 29 | 03
#0924-d126 @A: 12 22 28 15 | 08
#0925-d126 @A: 28 20 17 03 | 05
#0926-d126 @A: 23 22 28 05 | 12
#0927-d126 @A: 26 28 10 04 | 02
#0928-d126 @A: 06 04 25 28 | 10
#0929-d126 @A: 24 05 34 30 | 01
#0930-d126 @A: 30 24 03 29 | 07
#0931-d126 @A: 30 13 26 10 | 11
#0932-d126 @A: 30 11 27 26 | 06
#0933-d126 @A: 27 23 33 30 | 04
#0934-d126 @A: 19 11 25 30 | 09
#0935-d126 @A: 11 01 30 17 | 03
#0936-d126 @A: 30 23 25 05 | 08
#0937-d126 @A: 30 31 09 19 | 05
#0938-d126 @A: 12 30 03 31 | 12
#0939-d126 @A: 32 01 30 33 | 02
#0940-d126 @A: 34 15 08 12 | 10
#0941-d126 @A: 27 34 10 08 | 01
#0942-d126 @A: 08 09 23 34 | 07
#0943-d126 @A: 25 34 23 12 | 11
#0944-d126 @A: 34 19 06 22 | 06
#0945-d126 @A: 16 08 34 05 | 04
#0946-d126 @A: 09 10 34 07 | 09
#0947-d126 @A: 26 05 34 31 | 03
#0948-d126 @A: 24 19 26 15 | 08
#0949-d126 @A: 24 19 23 09 | 05
#0950-d126 @A: 19 05 24 14 | 12
#0951-d126 @A: 24 12 26 22 | 02
#0952-d126 @A: 22 24 32 04 | 10
#0953-d126 @A: 20 31 29 25 | 01
#0954-d126 @A: 19 07 29 08 | 07
#0955-d126 @A: 14 03 05 29 | 11
#0956-d126 @A: 01 29 05 32 | 06
#0957-d126 @A: 03 29 33 04 | 04
#0958-d126 @A: 31 12 29 09 | 09
#0959-d126 @A: 10 08 15 20 | 03
#0960-d126 @A: 13 15 17 07 | 08
#0961-d126 @A: 11 15 09 23 | 05
#0962-d126 @A: 06 15 19 23 | 12
#0963-d126 @A: 15 22 08 23 | 02
#0964-d126 @A: 05 22 15 25 | 10
#0965-d126 @A: 09 32 05 15 | 01
#0966-d126 @A: 04 26 15 03 | 07
#0967-d126 @A: 22 14 15 26 | 11
#0968-d126 @A: 15 25 09 14 | 06
#0969-d126 @A: 33 03 27 20 | 04
#0970-d126 @A: 33 04 11 20 | 09
#0971-d126 @A: 17 20 06 19 | 03
#0972-d126 @A: 22 06 20 26 | 08
#0973-d126 @A: 27 13 32 11 | 05
#0974-d126 @A: 23 17 13 03 | 12
#0975-d126 @A: 13 14 33 22 | 02
#0976-d126 @A: 08 19 22 27 | 10
#0977-d126 @A: 07 10 26 27 | 01
#0978-d126 @A: 26 27 12 05 | 07
#0979-d126 @A: 26 22 27 03 | 11
#0980-d126 @A: 27 03 10 06 | 06
#0981-d126 @A: 06 27 32 14 | 04
#0982-d126 @A: 10 12 14 27 | 09
#0983-d126 @A: 23 16 14 11 | 03
#0984-d126 @A: 33 16 09 11 | 08
#0985-d126 @A: 32 11 06 01 | 05
#0986-d126 @A: 07 12 23 04 | 12
#0987-d126 @A: 07 23 25 32 | 02
#0988-d126 @A: 05 04 26 23 | 10
#0989-d126 @A: 23 26 22 16 | 01
#0990-d126 @A: 22 12 23 06 | 07
#0991-d126 @A: 05 07 19 22 | 11
#0992-d126 @A: 03 19 07 06 | 06
#0993-d126 @A: 14 19 16 03 | 04
#0994-d126 @A: 19 10 01 26 | 09
#0995-d126 @A: 12 08 17 33 | 03
#0996-d126 @A: 31 16 08 07 | 08
#0997-d126 @A: 08 05 31 01 | 05
#0998-d126 @A: 26 17 05 10 | 12
#0999-d126 @A: 10 32 03 17 | 02
#1000-d126 @A: 17 16 04 32 | 10
#1001-d126 @A: 17 32 06 09 | 01
#1002-d126 @A: 07 32 14 31 | 07
#1003-d126 @A: 20 27 35 21 | 11
#1004-d126 @A: 35 11 21 09 | 06
#1005-d126 @A: 08 16 21 35 | 04
#1006-d126 @A: 35 28 02 01 | 09
#1007-d126 @A: 35 02 20 32 | 03
#1008-d126 @A: 04 23 02 35 | 08
#1009-d126 @A: 16 29 35 34 | 05
#1010-d126 @A: 31 35 34 09 | 12
#1011-d126 @A: 35 03 29 11 | 02
#1012-d126 @A: 03 35 15 27 | 10
#1013-d126 @A: 13 35 23 06 | 01
#1014-d126 @A: 27 16 35 11 | 07
#1015-d126 @A: 19 11 35 01 | 11
#1016-d126 @A: 04 17 35 11 | 06
#1017-d126 @A: 16 10 35 19 | 04
#1018-d126 @A: 04 05 35 01 | 09
#1019-d126 @A: 35 31 01 26 | 03
#1020-d126 @A: 35 09 22 26 | 08
#1021-d126 @A: 25 22 35 04 | 05
#1022-d126 @A: 09 35 01 06 | 12
#1023-d126 @A: 28 12 18 14 | 02
#1024-d126 @A: 23 24 18 05 | 10
#1025-d126 @A: 06 14 15 18 | 01
#1026-d126 @A: 27 20 18 04 | 07
#1027-d126 @A: 20 17 18 32 | 11
#1028-d126 @A: 07 05 18 08 | 06
#1029-d126 @A: 18 09 32 31 | 04
#1030-d126 @A: 25 22 18 09 | 09
#1031-d126 @A: 20 02 10 21 | 03
#1032-d126 @A: 02 01 33 21 | 08
#1033-d126 @A: 28 01 21 34 | 05
#1034-d126 @A: 27 29 21 31 | 12
#1035-d126 @A: 08 27 05 21 | 02
#1036-d126 @A: 21 06 33 05 | 10
#1037-d126 @A: 21 16 26 06 | 01
#1038-d126 @A: 12 14 04 21 | 07
#1039-d126 @A: 02 15 24 28 | 11
#1040-d126 @A: 17 02 16 28 | 06
#1041-d126 @A: 30 02 25 24 | 04
#1042-d126 @A: 02 26 30 14 | 09
#1043-d126 @A: 27 09 15 02 | 03
#1044-d126 @A: 17 02 22 19 | 08
#1045-d126 @A: 02 26 17 31 | 05
#1046-d126 @A: 12 25 02 07 | 12
#1047-d126 @A: 02 04 03 25 | 02
#1048-d126 @A: 22 30 24 28 | 10
#1049-d126 @A: 28 10 08 29 | 01
#1050-d126 @A: 32 20 15 28 | 07
#1051-d126 @A: 15 06 11 28 | 11
#1052-d126 @A: 13 20 28 22 | 06
#1053-d126 @A: 08 27 32 28 | 04
#1054-d126 @A: 28 17 05 11 | 09
#1055-d126 @A: 14 08 04 28 | 03
#1056-d126 @A: 26 25 28 17 | 08
#1057-d126 @A: 16 27 30 24 | 05
#1058-d126 @A: 14 29 10 30 | 12
#1059-d126 @A: 15 30 16 13 | 02
#1060-d126 @A: 11 30 12 13 | 10
#1061-d126 @A: 33 19 12 30 | 01
#1062-d126 @A: 03 09 30 33 | 07
#1063-d126 @A: 04 32 09 30 | 11
#1064-d126 @A: 12 06 30 04 | 06
#1065-d126 @A: 07 26 24 34 | 04
#1066-d126 @A: 01 24 34 14 | 09
#1067-d126 @A: 20 34 29 22 | 03
#1068-d126 @A: 13 07 03 34 | 08
#1069-d126 @A: 27 32 17 34 | 05
#1070-d126 @A: 19 34 01 17 | 12
#1071-d126 @A: 34 17 16 33 | 02
#1072-d126 @A: 07 22 34 01 | 10
#1073-d126 @A: 05 34 10 22 | 01
#1074-d126 @A: 34 04 10 33 | 07
#1075-d126 @A: 24 06 17 29 | 11
#1076-d126 @A: 15 04 23 24 | 06
#1077-d126 @A: 24 12 17 15 | 04
#1078-d126 @A: 20 32 24 11 | 09
#1079-d126 @A: 26 31 24 04 | 03
#1080-d126 @A: 33 09 32 24 | 08
#1081-d126 @A: 09 06 20 29 | 05
#1082-d126 @A: 29 13 14 19 | 12
#1083-d126 @A: 29 27 26 19 | 02
#1084-d126 @A: 07 26 29 09 | 10
#1085-d126 @A: 06 32 03 29 | 01
#1086-d126 @A: 26 25 22 29 | 07
#1087-d126 @A: 16 33 29 12 | 11
#1088-d126 @A: 10 01 04 29 | 06
#1089-d126 @A: 15 17 27 26 | 04
#1090-d126 @A: 15 32 19 08 | 09
#1091-d126 @A: 15 32 01 03 | 03
#1092-d126 @A: 09 22 15 33 | 08
#1093-d126 @A: 15 32 22 10 | 05
#1094-d126 @A: 13 19 01 20 | 12
#1095-d126 @A: 27 20 31 17 | 02
#1096-d126 @A: 12 01 17 20 | 10
#1097-d126 @A: 05 12 31 20 | 01
#1098-d126 @A: 20 33 16 05 | 07
#1099-d126 @A: 10 01 31 20 | 11
#1100-d126 @A: 13 17 12 27 | 06
#1101-d126 @A: 14 13 27 09 | 04
#1102-d126 @A: 13 22 23 19 | 09
#1103-d126 @A: 06 19 13 26 | 03
#1104-d126 @A: 07 33 22 13 | 08
#1105-d126 @A: 07 12 13 14 | 05
#1106-d126 @A: 03 13 26 05 | 12
#1107-d126 @A: 14 05 13 26 | 02
#1108-d126 @A: 03 16 13 10 | 10
#1109-d126 @A: 23 01 27 09 | 01
#1110-d126 @A: 27 08 26 25 | 07
#1111-d126 @A: 27 16 07 06 | 11
#1112-d126 @A: 27 22 14 03 | 06
#1113-d126 @A: 27 25 31 10 | 04
#1114-d126 @A: 01 32 27 26 | 09
#1115-d126 @A: 23 11 05 01 | 03
#1116-d126 @A: 07 06 11 22 | 08
#1117-d126 @A: 07 11 01 09 | 05
#1118-d126 @A: 01 11 26 03 | 12
#1119-d126 @A: 12 11 10 22 | 02
#1120-d126 @A: 14 07 25 23 | 10
#1121-d126 @A: 04 23 03 32 | 01
#1122-d126 @A: 25 23 31 01 | 07
#1123-d126 @A: 32 31 12 23 | 11
#1124-d126 @A: 10 33 23 12 | 06
#1125-d126 @A: 32 10 23 01 | 04
#1126-d126 @A: 25 07 31 19 | 09
#1127-d126 @A: 19 33 26 09 | 03
#1128-d126 @A: 14 26 19 12 | 08
#1129-d126 @A: 19 25 33 10 | 05
#1130-d126 @A: 17 07 08 22 | 12
#1131-d126 @A: 03 08 16 32 | 02
#1132-d126 @A: 16 14 08 22 | 10
#1133-d126 @A: 08 10 16 09 | 01
#1134-d126 @A: 03 07 17 33 | 07
#1135-d126 @A: 33 17 04 05 | 11
#1136-d126 @A: 04 17 12 26 | 06
#1137-d126 @A: 06 16 12 17 | 04
#1138-d126 @A: 06 10 14 03 | 09
#1139-d126 @A: 09 12 14 16 | 03
#1140-d126 @A: 35 17 09 18 | 08
#1141-d126 @A: 35 01 21 10 | 05
#1142-d126 @A: 26 02 35 30 | 12
#1143-d126 @A: 28 03 35 08 | 02
#1144-d126 @A: 28 35 04 33 | 10
#1145-d126 @A: 35 20 30 33 | 01
#1146-d126 @A: 35 15 07 24 | 07
#1147-d126 @A: 35 24 22 19 | 11
#1148-d126 @A: 15 35 20 23 | 06
#1149-d126 @A: 13 04 15 35 | 04
#1150-d126 @A: 14 20 17 35 | 09
#1151-d126 @A: 04 35 06 20 | 03
#1152-d126 @A: 09 10 35 20 | 08
#1153-d126 @A: 14 03 35 25 | 05
#1154-d126 @A: 18 32 19 21 | 12
#1155-d126 @A: 01 18 34 02 | 02
#1156-d126 @A: 02 20 18 03 | 10
#1157-d126 @A: 02 11 32 18 | 01
#1158-d126 @A: 18 30 24 12 | 07
#1159-d126 @A: 05 18 30 19 | 11
#1160-d126 @A: 18 24 03 08 | 06
#1161-d126 @A: 14 29 16 18 | 04
#1162-d126 @A: 18 08 20 16 | 09
#1163-d126 @A: 05 13 18 32 | 03
#1164-d126 @A: 17 18 23 26 | 08
#1165-d126 @A: 03 23 18 22 | 05
#1166-d126 @A: 19 18 26 08 | 12
#1167-d126 @A: 18 12 22 07 | 02
#1168-d126 @A: 18 10 05 04 | 10
#1169-d126 @A: 32 18 22 01 | 01
#1170-d126 @A: 02 19 26 21 | 07
#1171-d126 @A: 13 32 21 28 | 11
#1172-d126 @A: 19 06 21 28 | 06
#1173-d126 @A: 21 09 34 27 | 04
#1174-d126 @A: 01 11 20 21 | 09
#1175-d126 @A: 13 21 25 07 | 03
#1176-d126 @A: 19 25 21 08 | 08
#1177-d126 @A: 21 17 08 14 | 05
#1178-d126 @A: 21 16 05 25 | 12
#1179-d126 @A: 03 21 26 25 | 02
#1180-d126 @A: 33 22 21 04 | 10
#1181-d126 @A: 19 02 12 28 | 01
#1182-d126 @A: 02 30 31 34 | 07
#1183-d126 @A: 25 17 34 02 | 11
#1184-d126 @A: 02 10 23 24 | 06
#1185-d126 @A: 24 08 02 32 | 04
#1186-d126 @A: 06 20 33 02 | 09
#1187-d126 @A: 28 34 26 13 | 03
#1188-d126 @A: 31 27 34 28 | 08
#1189-d126 @A: 29 28 24 31 | 05
#1190-d126 @A: 19 24 28 33 | 12
#1191-d126 @A: 15 31 28 19 | 02
#1192-d126 @A: 07 28 08 11 | 10
#1193-d126 @A: 11 28 01 33 | 01
#1194-d126 @A: 12 17 23 28 | 07
#1195-d126 @A: 05 06 07 28 | 11
#1196-d126 @A: 07 22 28 09 | 06
#1197-d126 @A: 28 31 25 09 | 04
#1198-d126 @A: 33 28 25 16 | 09
#1199-d126 @A: 33 29 30 34 | 03
#1200-d126 @A: 30 24 15 32 | 08
#1201-d126 @A: 32 29 30 11 | 05
#1202-d126 @A: 23 16 30 29 | 12
#1203-d126 @A: 17 05 30 27 | 02
#1204-d126 @A: 33 30 14 17 | 10
#1205-d126 @A: 32 30 07 22 | 01
#1206-d126 @A: 29 27 34 01 | 07
#1207-d126 @A: 06 29 34 26 | 11
#1208-d126 @A: 34 20 27 26 | 06
#1209-d126 @A: 26 14 34 20 | 04
#1210-d126 @A: 34 20 16 01 | 09
#1211-d126 @A: 08 09 34 14 | 03
#1212-d126 @A: 34 01 33 05 | 08
#1213-d126 @A: 09 05 04 34 | 05
#1214-d126 @A: 22 03 09 34 | 12
#1215-d126 @A: 24 16 31 15 | 02
#1216-d126 @A: 15 06 01 24 | 10
#1217-d126 @A: 06 20 24 08 | 01
#1218-d126 @A: 07 06 13 24 | 07
#1219-d126 @A: 11 10 24 08 | 11
#1220-d126 @A: 14 24 11 06 | 06
#1221-d126 @A: 23 08 24 16 | 04
#1222-d126 @A: 17 24 06 14 | 09
#1223-d126 @A: 24 10 05 03 | 03
#1224-d126 @A: 25 24 32 05 | 08
#1225-d126 @A: 06 32 24 16 | 05
#1226-d126 @A: 24 09 22 06 | 12
#1227-d126 @A: 15 29 20 11 | 02
#1228-d126 @A: 15 01 29 19 | 10
#1229-d126 @A: 17 05 29 15 | 01
#1230-d126 @A: 11 29 05 13 | 07
#1231-d126 @A: 33 17 29 19 | 11
#1232-d126 @A: 25 29 03 01 | 06
#1233-d126 @A: 32 25 29 16 | 04
#1234-d126 @A: 01 12 29 22 | 09
#1235-d126 @A: 20 33 15 19 | 03
#1236-d126 @A: 04 27 15 08 | 08
#1237-d126 @A: 10 26 15 06 | 05
#1238-d126 @A: 12 14 15 32 | 12
#1239-d126 @A: 07 20 09 13 | 02
#1240-d126 @A: 20 27 07 08 | 10
#1241-d126 @A: 20 23 31 11 | 01
#1242-d126 @A: 26 11 08 20 | 07
#1243-d126 @A: 17 20 23 33 | 11
#1244-d126 @A: 19 20 25 22 | 06
#1245-d126 @A: 04 20 03 07 | 04
#1246-d126 @A: 20 26 07 31 | 09
#1247-d126 @A: 22 20 16 07 | 03
#1248-d126 @A: 09 05 14 20 | 08
#1249-d126 @A: 26 10 12 20 | 05
#1250-d126 @A: 20 10 32 33 | 12
#1251-d126 @A: 16 09 20 25 | 02
#1252-d126 @A: 16 12 32 20 | 10
#1253-d126 @A: 09 04 20 12 | 01
#1254-d126 @A: 20 25 04 01 | 07
#1255-d126 @A: 13 08 11 33 | 11
#1256-d126 @A: 04 13 07 26 | 06
#1257-d126 @A: 01 13 22 05 | 04
#1258-d126 @A: 31 10 12 13 | 09
#1259-d126 @A: 04 32 10 13 | 03
#1260-d126 @A: 03 23 07 27 | 08
#1261-d126 @A: 11 06 03 17 | 05
#1262-d126 @A: 07 25 11 16 | 12
#1263-d126 @A: 32 11 26 33 | 02
#1264-d126 @A: 11 25 33 14 | 10
#1265-d126 @A: 08 04 10 23 | 01
#1266-d126 @A: 05 31 23 07 | 07
#1267-d126 @A: 10 07 22 23 | 11
#1268-d126 @A: 04 23 06 31 | 06
#1269-d126 @A: 09 26 23 14 | 04
#1270-d126 @A: 01 12 19 08 | 09
#1271-d126 @A: 07 33 01 19 | 03
#1272-d126 @A: 19 14 10 31 | 08
#1273-d126 @A: 26 08 05 33 | 05
#1274-d126 @A: 05 08 06 22 | 12
#1275-d126 @A: 32 26 07 17 | 02
#1276-d126 @A: 26 01 17 22 | 10
#1277-d126 @A: 06 33 07 14 | 01
#1278-d126 @A: 04 22 14 31 | 07
#1279-d126 @A: 32 26 14 25 | 11
#1280-d126 @A: 21 26 15 35 | 06
#1281-d126 @A: 02 27 06 35 | 04
#1282-d126 @A: 01 30 25 35 | 09
#1283-d126 @A: 06 30 14 35 | 03
#1284-d126 @A: 34 12 35 27 | 08
#1285-d126 @A: 26 34 10 35 | 05
#1286-d126 @A: 17 35 31 24 | 12
#1287-d126 @A: 07 35 29 22 | 02
#1288-d126 @A: 22 11 20 35 | 10
#1289-d126 @A: 20 35 17 26 | 01
#1290-d126 @A: 23 08 14 35 | 07
#1291-d126 @A: 33 35 25 05 | 11
#1292-d126 @A: 18 02 13 26 | 06
#1293-d126 @A: 11 18 07 30 | 04
#1294-d126 @A: 23 18 29 04 | 09
#1295-d126 @A: 18 29 17 07 | 03
#1296-d126 @A: 12 06 29 18 | 08
#1297-d126 @A: 04 27 14 18 | 05
#1298-d126 @A: 18 08 23 12 | 12
#1299-d126 @A: 18 04 31 19 | 02
#1300-d126 @A: 12 32 18 33 | 10
#1301-d126 @A: 30 21 09 02 | 01
#1302-d126 @A: 31 02 03 21 | 07
#1303-d126 @A: 21 26 24 28 | 11
#1304-d126 @A: 30 21 23 12 | 06
#1305-d126 @A: 21 01 30 26 | 04
#1306-d126 @A: 21 05 29 34 | 09
#1307-d126 @A: 16 21 11 34 | 03
#1308-d126 @A: 22 21 20 08 | 08
#1309-d126 @A: 11 10 13 21 | 05
#1310-d126 @A: 21 13 04 08 | 12
#1311-d126 @A: 23 06 17 21 | 02
#1312-d126 @A: 03 32 21 05 | 10
#1313-d126 @A: 03 12 21 01 | 01
#1314-d126 @A: 21 31 10 26 | 07
#1315-d126 @A: 31 04 25 21 | 11
#1316-d126 @A: 21 06 09 31 | 06
#1317-d126 @A: 16 32 21 10 | 04
#1318-d126 @A: 21 22 01 25 | 09
#1319-d126 @A: 30 02 33 28 | 03
#1320-d126 @A: 32 28 06 02 | 08
#1321-d126 @A: 12 30 29 02 | 05
#1322-d126 @A: 34 02 29 24 | 12
#1323-d126 @A: 33 34 02 15 | 02
#1324-d126 @A: 02 19 14 34 | 10
#1325-d126 @A: 02 24 20 14 | 01
#1326-d126 @A: 11 02 20 25 | 07
#1327-d126 @A: 27 12 02 08 | 11
#1328-d126 @A: 11 02 05 09 | 06
#1329-d126 @A: 23 07 02 09 | 04
#1330-d126 @A: 12 02 08 14 | 09
#1331-d126 @A: 26 02 07 01 | 03
#1332-d126 @A: 04 09 31 02 | 08
#1333-d126 @A: 10 02 09 01 | 05
#1334-d126 @A: 12 32 10 02 | 12
#1335-d126 @A: 05 28 08 30 | 02
#1336-d126 @A: 34 04 28 22 | 10
#1337-d126 @A: 28 23 29 06 | 01
#1338-d126 @A: 28 13 01 15 | 07
#1339-d126 @A: 15 28 07 33 | 11
#1340-d126 @A: 28 14 20 01 | 06
#1341-d126 @A: 05 04 14 28 | 04
#1342-d126 @A: 31 28 10 03 | 09
#1343-d126 @A: 28 12 03 16 | 03
#1344-d126 @A: 32 28 09 16 | 08
#1345-d126 @A: 25 10 28 22 | 05
#1346-d126 @A: 28 10 12 01 | 12
#1347-d126 @A: 29 30 01 06 | 02
#1348-d126 @A: 15 30 27 12 | 10
#1349-d126 @A: 10 20 30 07 | 01
#1350-d126 @A: 03 30 27 08 | 07
#1351-d126 @A: 30 09 17 23 | 11
#1352-d126 @A: 09 24 20 34 | 06
#1353-d126 @A: 31 29 04 34 | 04
#1354-d126 @A: 31 34 17 15 | 09
#1355-d126 @A: 27 34 13 06 | 03
#1356-d126 @A: 27 34 23 05 | 08
#1357-d126 @A: 17 34 22 23 | 05
#1358-d126 @A: 16 03 34 06 | 12
#1359-d126 @A: 09 29 27 24 | 02
#1360-d126 @A: 09 16 05 24 | 10
#1361-d126 @A: 15 31 29 08 | 01
#1362-d126 @A: 29 10 12 27 | 07
#1363-d126 @A: 11 14 29 08 | 11
#1364-d126 @A: 07 16 01 29 | 06
#1365-d126 @A: 05 33 29 09 | 04
#1366-d126 @A: 23 07 15 01 | 09
#1367-d126 @A: 15 07 10 16 | 03
#1368-d126 @A: 09 15 12 07 | 08
#1369-d126 @A: 04 16 05 15 | 05
#1370-d126 @A: 15 33 32 04 | 12
#1371-d126 @A: 20 13 05 27 | 02
#1372-d126 @A: 20 13 17 25 | 10
#1373-d126 @A: 33 07 20 12 | 01
#1374-d126 @A: 06 10 16 20 | 07
#1375-d126 @A: 16 07 13 05 | 11
#1376-d126 @A: 13 09 32 26 | 06
#1377-d126 @A: 16 13 12 01 | 04
#1378-d126 @A: 04 13 14 01 | 09
#1379-d126 @A: 22 12 13 25 | 03
#1380-d126 @A: 11 27 12 09 | 08
#1381-d126 @A: 07 27 31 12 | 05
#1382-d126 @A: 27 03 04 31 | 12
#1383-d126 @A: 27 25 09 03 | 02
#1384-d126 @A: 33 26 16 27 | 10
#1385-d126 @A: 25 32 27 22 | 01
#1386-d126 @A: 11 05 33 03 | 07
#1387-d126 @A: 22 32 03 11 | 11
#1388-d126 @A: 11 33 12 06 | 06
#1389-d126 @A: 10 17 31 23 | 04
#1390-d126 @A: 04 10 19 07 | 09
#1391-d126 @A: 19 09 07 32 | 03
#1392-d126 @A: 31 32 19 10 | 08
#1393-d126 @A: 22 32 19 12 | 05
#1394-d126 @A: 01 09 19 14 | 12
#1395-d126 @A: 08 03 31 17 | 02
#1396-d126 @A: 09 06 08 07 | 10
#1397-d126 @A: 03 04 05 08 | 01
#1398-d126 @A: 12 05 10 08 | 07
#1399-d126 @A: 26 08 22 10 | 11
#1400-d126 @A: 08 09 32 12 | 06
#1401-d126 @A: 33 17 26 06 | 04
#1402-d126 @A: 33 25 09 17 | 09
#1403-d126 @A: 01 06 14 05 | 03
#1404-d126 @A: 35 21 12 18 | 08
#1405-d126 @A: 16 35 02 18 | 05
#1406-d126 @A: 26 35 18 11 | 12
#1407-d126 @A: 03 01 18 35 | 02
#1408-d126 @A: 31 35 33 18 | 10
#1409-d126 @A: 13 21 03 35 | 01
#1410-d126 @A: 35 12 17 30 | 07
#1411-d126 @A: 14 35 13 34 | 11
#1412-d126 @A: 11 35 33 34 | 06
#1413-d126 @A: 26 24 35 27 | 04
#1414-d126 @A: 29 25 35 09 | 09
#1415-d126 @A: 31 32 15 35 | 03
#1416-d126 @A: 15 35 14 31 | 08
#1417-d126 @A: 25 35 11 13 | 05
#1418-d126 @A: 26 16 13 35 | 12
#1419-d126 @A: 10 27 17 35 | 02
#1420-d126 @A: 07 35 17 05 | 10
#1421-d126 @A: 06 03 35 12 | 01
#1422-d126 @A: 16 35 04 31 | 07
#1423-d126 @A: 12 35 26 32 | 11
#1424-d126 @A: 21 29 03 18 | 06
#1425-d126 @A: 22 02 04 18 | 04
#1426-d126 @A: 31 13 18 28 | 09
#1427-d126 @A: 18 13 24 14 | 03
#1428-d126 @A: 17 15 18 06 | 08
#1429-d126 @A: 18 20 07 23 | 05
#1430-d126 @A: 27 18 07 13 | 12
#1431-d126 @A: 18 13 04 06 | 02
#1432-d126 @A: 18 27 22 10 | 10
#1433-d126 @A: 18 11 04 01 | 01
#1434-d126 @A: 16 18 17 05 | 07
#1435-d126 @A: 18 16 25 03 | 11
#1436-d126 @A: 04 18 25 32 | 06
#1437-d126 @A: 31 28 17 21 | 04
#1438-d126 @A: 30 24 21 14 | 09
#1439-d126 @A: 34 33 21 20 | 03
#1440-d126 @A: 32 34 21 08 | 08
#1441-d126 @A: 24 21 23 11 | 05
#1442-d126 @A: 07 29 21 20 | 12
#1443-d126 @A: 09 29 21 19 | 02
#1444-d126 @A: 08 07 21 15 | 10
#1445-d126 @A: 01 15 17 21 | 01
#1446-d126 @A: 05 21 15 10 | 07
#1447-d126 @A: 13 12 26 21 | 11
#1448-d126 @A: 21 04 19 27 | 06
#1449-d126 @A: 21 31 12 33 | 04
#1450-d126 @A: 21 31 14 16 | 09
#1451-d126 @A: 09 21 33 10 | 03
#1452-d126 @A: 27 34 02 04 | 08
#1453-d126 @A: 22 29 02 11 | 05
#1454-d126 @A: 10 02 19 27 | 12
#1455-d126 @A: 11 09 14 02 | 02
#1456-d126 @A: 07 05 10 02 | 10
#1457-d126 @A: 07 02 32 03 | 01
#1458-d126 @A: 06 01 02 05 | 07
#1459-d126 @A: 33 03 02 12 | 11
#1460-d126 @A: 25 02 31 06 | 06
#1461-d126 @A: 23 28 27 24 | 04
#1462-d126 @A: 28 29 19 32 | 09
#1463-d126 @A: 15 09 26 28 | 03
#1464-d126 @A: 19 28 20 10 | 08
#1465-d126 @A: 16 06 28 13 | 05
#1466-d126 @A: 28 19 27 05 | 12
#1467-d126 @A: 16 10 28 27 | 02
#1468-d126 @A: 12 11 32 28 | 10
#1469-d126 @A: 04 28 12 31 | 01
#1470-d126 @A: 22 33 28 26 | 07
#1471-d126 @A: 14 10 28 33 | 11
#1472-d126 @A: 22 32 14 28 | 06
#1473-d126 @A: 30 27 34 22 | 04
#1474-d126 @A: 33 24 11 30 | 09
#1475-d126 @A: 30 26 17 24 | 03
#1476-d126 @A: 15 01 08 30 | 08
#1477-d126 @A: 15 25 30 17 | 05
#1478-d126 @A: 06 23 30 20 | 12
#1479-d126 @A: 19 23 04 30 | 02
#1480-d126 @A: 30 22 14 07 | 10
#1481-d126 @A: 31 04 30 05 | 01
#1482-d126 @A: 22 12 30 16 | 07
#1483-d126 @A: 22 30 09 01 | 11
#1484-d126 @A: 09 14 32 30 | 06
#1485-d126 @A: 34 24 33 27 | 04
#1486-d126 @A: 01 34 11 24 | 09
#1487-d126 @A: 34 03 17 24 | 03
#1488-d126 @A: 23 34 07 29 | 08
#1489-d126 @A: 34 29 17 09 | 05
#1490-d126 @A: 29 25 34 10 | 12
#1491-d126 @A: 20 32 34 23 | 02
#1492-d126 @A: 34 31 06 20 | 10
#1493-d126 @A: 13 11 34 22 | 01
#1494-d126 @A: 15 03 24 20 | 07
#1495-d126 @A: 27 24 15 11 | 11
#1496-d126 @A: 20 22 24 23 | 06
#1497-d126 @A: 16 13 24 17 | 04
#1498-d126 @A: 27 25 24 04 | 09
#1499-d126 @A: 24 26 16 11 | 03
#1500-d126 @A: 03 12 24 23 | 08
#1501-d126 @A: 24 01 33 25 | 05
#1502-d126 @A: 22 24 10 01 | 12
#1503-d126 @A: 24 01 12 09 | 02
#1504-d126 @A: 24 09 25 10 | 10
#1505-d126 @A: 12 25 29 15 | 01
#1506-d126 @A: 32 29 20 14 | 07
#1507-d126 @A: 29 04 27 11 | 11
#1508-d126 @A: 31 29 06 07 | 06
#1509-d126 @A: 22 31 29 03 | 04
#1510-d126 @A: 12 20 15 13 | 09
#1511-d126 @A: 23 13 31 15 | 03
#1512-d126 @A: 08 03 15 09 | 08
#1513-d126 @A: 16 26 15 32 | 05
#1514-d126 @A: 13 10 20 14 | 12
#1515-d126 @A: 19 20 32 27 | 02
#1516-d126 @A: 20 05 07 01 | 10
#1517-d126 @A: 26 33 14 20 | 01
#1518-d126 @A: 20 26 25 32 | 07
#1519-d126 @A: 12 06 20 25 | 11
#1520-d126 @A: 26 13 27 23 | 06
#1521-d126 @A: 08 31 13 27 | 04
#1522-d126 @A: 07 11 31 13 | 09
#1523-d126 @A: 06 13 33 01 | 03
#1524-d126 @A: 03 11 27 19 | 08
#1525-d126 @A: 07 27 22 04 | 05
#1526-d126 @A: 09 10 27 04 | 12
#1527-d126 @A: 11 03 07 12 | 02
#1528-d126 @A: 11 04 05 22 | 10
#1529-d126 @A: 10 11 31 04 | 01
#1530-d126 @A: 14 10 22 11 | 07
#1531-d126 @A: 10 23 05 16 | 11
#1532-d126 @A: 06 23 05 32 | 06
#1533-d126 @A: 14 23 03 32 | 04
#1534-d126 @A: 26 25 10 23 | 09
#1535-d126 @A: 03 19 09 12 | 03
#1536-d126 @A: 03 19 32 25 | 08
#1537-d126 @A: 01 19 16 32 | 05
#1538-d126 @A: 19 14 16 06 | 12
#1539-d126 @A: 17 25 04 08 | 02
#1540-d126 @A: 03 07 26 08 | 10
#1541-d126 @A: 22 31 08 09 | 01
#1542-d126 @A: 25 31 08 32 | 07
#1543-d126 @A: 25 08 10 14 | 11
#1544-d126 @A: 14 12 31 17 | 06
#1545-d126 @A: 14 32 04 17 | 04
#1546-d126 @A: 09 10 14 07 | 09
#1547-d126 @A: 35 24 04 18 | 03
#1548-d126 @A: 30 35 31 21 | 08
#1549-d126 @A: 35 21 32 04 | 05
#1550-d126 @A: 21 35 10 14 | 12
#1551-d126 @A: 07 35 02 11 | 02
#1552-d126 @A: 30 28 16 35 | 10
#1553-d126 @A: 35 34 23 28 | 01
#1554-d126 @A: 28 35 10 24 | 07
#1555-d126 @A: 35 28 26 19 | 11
#1556-d126 @A: 32 17 28 35 | 06
#1557-d126 @A: 19 34 30 35 | 04
#1558-d126 @A: 24 25 23 35 | 09
#1559-d126 @A: 22 35 17 13 | 03
#1560-d126 @A: 22 27 23 35 | 08
#1561-d126 @A: 11 35 12 23 | 05
#1562-d126 @A: 35 19 32 06 | 12
#1563-d126 @A: 35 32 07 01 | 02
#1564-d126 @A: 31 35 06 22 | 10
#1565-d126 @A: 25 31 12 35 | 01
#1566-d126 @A: 35 16 33 14 | 07
#1567-d126 @A: 01 35 33 12 | 11
#1568-d126 @A: 10 04 12 35 | 06
#1569-d126 @A: 18 21 34 25 | 04
#1570-d126 @A: 16 18 23 21 | 09
#1571-d126 @A: 17 02 18 12 | 03
#1572-d126 @A: 18 12 28 27 | 08
#1573-d126 @A: 28 19 01 18 | 05
#1574-d126 @A: 01 18 30 20 | 12
#1575-d126 @A: 34 11 06 18 | 02
#1576-d126 @A: 18 10 23 34 | 10
#1577-d126 @A: 25 24 18 15 | 01
#1578-d126 @A: 20 18 29 05 | 07
#1579-d126 @A: 19 22 29 18 | 11
#1580-d126 @A: 08 33 18 15 | 06
#1581-d126 @A: 08 18 09 27 | 04
#1582-d126 @A: 19 14 22 18 | 09
#1583-d126 @A: 09 18 03 07 | 03
#1584-d126 @A: 05 33 18 22 | 08
#1585-d126 @A: 18 32 03 26 | 05
#1586-d126 @A: 03 18 04 12 | 12
#1587-d126 @A: 32 21 29 02 | 02
#1588-d126 @A: 20 12 21 28 | 10
#1589-d126 @A: 30 21 10 08 | 01
#1590-d126 @A: 21 30 17 07 | 07
#1591-d126 @A: 34 13 31 21 | 11
#1592-d126 @A: 13 19 21 24 | 06
#1593-d126 @A: 24 27 21 03 | 04
#1594-d126 @A: 22 21 24 17 | 09
#1595-d126 @A: 24 12 32 21 | 03
#1596-d126 @A: 16 29 15 21 | 08
#1597-d126 @A: 03 19 20 21 | 05
#1598-d126 @A: 27 33 32 21 | 12
#1599-d126 @A: 03 04 21 10 | 02
#1600-d126 @A: 09 22 16 21 | 10
#1601-d126 @A: 04 06 01 21 | 01
#1602-d126 @A: 02 03 34 28 | 07
#1603-d126 @A: 14 02 23 28 | 11
#1604-d126 @A: 02 08 28 22 | 06
#1605-d126 @A: 02 16 11 30 | 04
#1606-d126 @A: 02 13 09 24 | 09
#1607-d126 @A: 24 12 05 02 | 03
#1608-d126 @A: 16 02 06 29 | 08
#1609-d126 @A: 15 06 02 22 | 05
#1610-d126 @A: 27 07 17 02 | 12
#1611-d126 @A: 02 04 12 11 | 02
#1612-d126 @A: 02 12 31 01 | 10
#1613-d126 @A: 25 16 02 10 | 01
#1614-d126 @A: 06 04 10 02 | 07
#1615-d126 @A: 15 03 28 30 | 11
#1616-d126 @A: 32 10 28 34 | 06
#1617-d126 @A: 03 28 24 32 | 04
#1618-d126 @A: 04 28 15 29 | 09
#1619-d126 @A: 12 13 28 08 | 03
#1620-d126 @A: 03 01 27 28 | 08
#1621-d126 @A: 11 23 28 26 | 05
#1622-d126 @A: 26 12 28 07 | 12
#1623-d126 @A: 05 26 28 32 | 02
#1624-d126 @A: 12 28 09 33 | 10
#1625-d126 @A: 10 28 06 09 | 01
#1626-d126 @A: 08 30 26 34 | 07
#1627-d126 @A: 14 30 23 04 | 11
#1628-d126 @A: 30 05 26 22 | 06
#1629-d126 @A: 01 16 05 30 | 04
#1630-d126 @A: 16 30 25 26 | 09
#1631-d126 @A: 26 32 06 30 | 03
#1632-d126 @A: 33 25 04 30 | 08
#1633-d126 @A: 10 33 06 30 | 05
#1634-d126 @A: 34 12 19 29 | 12
#1635-d126 @A: 11 19 34 10 | 02
#1636-d126 @A: 14 17 34 23 | 10
#1637-d126 @A: 03 14 34 22 | 01
#1638-d126 @A: 24 33 29 20 | 07
#1639-d126 @A: 29 14 07 24 | 11
#1640-d126 @A: 20 13 31 24 | 06
#1641-d126 @A: 24 03 11 13 | 04
#1642-d126 @A: 17 24 25 11 | 09
#1643-d126 @A: 07 05 04 24 | 03
#1644-d126 @A: 10 33 24 16 | 08
#1645-d126 @A: 25 24 12 16 | 05
#1646-d126 @A: 14 16 10 24 | 12
#1647-d126 @A: 29 15 03 23 | 02
#1648-d126 @A: 10 17 29 20 | 10
#1649-d126 @A: 29 23 25 17 | 01
#1650-d126 @A: 07 33 29 32 | 07
#1651-d126 @A: 29 03 16 09 | 11
#1652-d126 @A: 32 29 04 12 | 06
#1653-d126 @A: 15 19 27 07 | 04
#1654-d126 @A: 32 11 15 07 | 09
#1655-d126 @A: 15 23 16 12 | 03
#1656-d126 @A: 19 10 15 17 | 08
#1657-d126 @A: 06 15 03 31 | 05
#1658-d126 @A: 15 03 10 12 | 12
#1659-d126 @A: 26 25 15 31 | 02
#1660-d126 @A: 01 31 15 33 | 10
#1661-d126 @A: 22 15 04 31 | 01
#1662-d126 @A: 15 09 10 31 | 07
#1663-d126 @A: 23 10 20 13 | 11
#1664-d126 @A: 20 19 23 14 | 06
#1665-d126 @A: 09 13 16 27 | 04
#1666-d126 @A: 23 04 13 11 | 09
#1667-d126 @A: 17 11 09 13 | 03
#1668-d126 @A: 32 13 14 11 | 08
#1669-d126 @A: 08 03 13 14 | 05
#1670-d126 @A: 16 04 13 22 | 12
#1671-d126 @A: 27 31 11 33 | 02
#1672-d126 @A: 05 27 03 16 | 10
#1673-d126 @A: 27 26 09 31 | 01
#1674-d126 @A: 33 06 27 22 | 07
#1675-d126 @A: 06 16 11 05 | 11
#1676-d126 @A: 33 25 11 22 | 06
#1677-d126 @A: 08 03 19 23 | 04
#1678-d126 @A: 23 14 01 33 | 09
#1679-d126 @A: 08 33 14 19 | 03
#1680-d126 @A: 07 19 26 16 | 08
#1681-d126 @A: 05 32 19 33 | 05
#1682-d126 @A: 09 05 19 10 | 12
#1683-d126 @A: 31 19 16 06 | 02
#1684-d126 @A: 06 04 33 19 | 10
#1685-d126 @A: 06 10 17 08 | 01
#1686-d126 @A: 03 22 08 01 | 07
#1687-d126 @A: 17 10 07 25 | 11
#1688-d126 @A: 22 17 14 05 | 06
#1689-d126 @A: 14 05 32 10 | 04
