#0001-d131 @A: 28 26 31 25 | 01
#0002-d131 @A: 28 31 10 07 | 12
#0003-d131 @A: 28 26 31 32 | 05
#0004-d131 @A: 14 31 18 24 | 07
#0005-d131 @A: 31 35 29 21 | 09
#0006-d131 @A: 35 20 17 31 | 10
#0007-d131 @A: 35 27 02 31 | 11
#0008-d131 @A: 35 34 31 16 | 04
#0009-d131 @A: 14 20 15 31 | 06
#0010-d131 @A: 31 05 30 25 | 08
#0011-d131 @A: 31 11 02 21 | 02
#0012-d131 @A: 07 16 31 15 | 03
#0013-d131 @A: 09 27 31 24 | 01
#0014-d131 @A: 17 27 31 01 | 12
#0015-d131 @A: 32 31 30 22 | 05
#0016-d131 @A: 26 31 08 06 | 07
#0017-d131 @A: 31 29 03 05 | 09
#0018-d131 @A: 23 28 09 19 | 10
#0019-d131 @A: 28 02 13 19 | 11
#0020-d131 @A: 18 28 01 35 | 04
#0021-d131 @A: 34 28 08 18 | 06
#0022-d131 @A: 14 30 28 32 | 08
#0023-d131 @A: 28 27 11 34 | 02
#0024-d131 @A: 01 28 21 33 | 03
#0025-d131 @A: 28 27 09 02 | 01
#0026-d131 @A: 28 09 32 06 | 12
#0027-d131 @A: 17 08 28 30 | 05
#0028-d131 @A: 24 26 28 08 | 07
#0029-d131 @A: 28 24 04 03 | 09
#0030-d131 @A: 10 04 28 23 | 10
#0031-d131 @A: 16 19 18 11 | 11
#0032-d131 @A: 35 19 09 29 | 04
#0033-d131 @A: 19 25 14 06 | 06
#0034-d131 @A: 04 13 14 19 | 08
#0035-d131 @A: 01 30 14 19 | 02
#0036-d131 @A: 32 19 25 26 | 03
#0037-d131 @A: 17 19 06 11 | 01
#0038-d131 @A: 10 21 22 19 | 12
#0039-d131 @A: 08 26 19 20 | 05
#0040-d131 @A: 06 19 10 20 | 07
#0041-d131 @A: 02 12 19 08 | 09
#0042-d131 @A: 32 18 22 35 | 10
#0043-d131 @A: 25 14 03 18 | 11
#0044-d131 @A: 18 05 14 11 | 04
#0045-d131 @A: 30 11 18 02 | 06
#0046-d131 @A: 29 11 26 18 | 08
#0047-d131 @A: 20 18 17 32 | 02
#0048-d131 @A: 33 18 30 06 | 03
#0049-d131 @A: 22 08 20 18 | 01
#0050-d131 @A: 10 22 18 05 | 12
#0051-d131 @A: 16 18 24 34 | 05
#0052-d131 @A: 18 23 24 29 | 07
#0053-d131 @A: 25 35 05 09 | 09
#0054-d131 @A: 32 03 35 11 | 10
#0055-d131 @A: 07 35 20 34 | 11
#0056-d131 @A: 13 33 35 15 | 04
#0057-d131 @A: 22 10 35 26 | 06
#0058-d131 @A: 27 13 16 35 | 08
#0059-d131 @A: 13 32 35 20 | 02
#0060-d131 @A: 06 35 13 10 | 03
#0061-d131 @A: 02 35 12 05 | 01
#0062-d131 @A: 12 01 29 35 | 12
#0063-d131 @A: 14 17 29 07 | 05
#0064-d131 @A: 14 09 30 29 | 07
#0065-d131 @A: 14 02 01 17 | 09
#0066-d131 @A: 10 33 22 14 | 10
#0067-d131 @A: 30 13 27 14 | 11
#0068-d131 @A: 34 14 13 29 | 04
#0069-d131 @A: 06 01 12 14 | 06
#0070-d131 @A: 11 25 33 12 | 08
#0071-d131 @A: 11 20 24 25 | 02
#0072-d131 @A: 25 05 21 01 | 03
#0073-d131 @A: 30 07 29 25 | 01
#0074-d131 @A: 27 33 25 29 | 12
#0075-d131 @A: 13 25 03 22 | 05
#0076-d131 @A: 34 26 12 25 | 07
#0077-d131 @A: 32 03 34 25 | 09
#0078-d131 @A: 34 25 10 29 | 10
#0079-d131 @A: 16 21 11 15 | 11
#0080-d131 @A: 24 21 26 11 | 04
#0081-d131 @A: 07 33 17 11 | 06
#0082-d131 @A: 13 24 11 07 | 08
#0083-d131 @A: 11 09 20 13 | 02
#0084-d131 @A: 30 33 01 11 | 03
#0085-d131 @A: 33 11 24 04 | 01
#0086-d131 @A: 05 11 06 03 | 12
#0087-d131 @A: 01 11 23 03 | 05
#0088-d131 @A: 16 10 02 11 | 07
#0089-d131 @A: 05 16 11 32 | 09
#0090-d131 @A: 30 09 16 21 | 10
#0091-d131 @A: 21 09 08 23 | 11
#0092-d131 @A: 05 17 15 21 | 04
#0093-d131 @A: 21 08 30 33 | 06
#0094-d131 @A: 16 21 26 23 | 08
#0095-d131 @A: 06 03 10 21 | 02
#0096-d131 @A: 21 03 34 01 | 03
#0097-d131 @A: 01 21 24 04 | 01
#0098-d131 @A: 34 21 29 04 | 12
#0099-d131 @A: 21 16 29 02 | 05
#0100-d131 @A: 33 26 29 07 | 07
#0101-d131 @A: 16 13 07 32 | 09
#0102-d131 @A: 24 23 01 07 | 10
#0103-d131 @A: 16 07 02 34 | 11
#0104-d131 @A: 05 01 07 16 | 04
#0105-d131 @A: 13 15 09 12 | 06
#0106-d131 @A: 03 20 24 09 | 08
#0107-d131 @A: 09 04 26 34 | 02
#0108-d131 @A: 09 03 16 02 | 03
#0109-d131 @A: 32 09 23 29 | 01
#0110-d131 @A: 16 15 22 33 | 12
#0111-d131 @A: 13 10 15 22 | 05
#0112-d131 @A: 08 13 05 15 | 07
#0113-d131 @A: 10 15 26 12 | 09
#0114-d131 @A: 04 12 29 15 | 10
#0115-d131 @A: 29 08 17 33 | 11
#0116-d131 @A: 12 17 08 22 | 04
#0117-d131 @A: 17 08 05 06 | 06
#0118-d131 @A: 08 06 03 33 | 08
#0119-d131 @A: 29 20 22 16 | 02
#0120-d131 @A: 22 01 20 10 | 03
#0121-d131 @A: 20 32 22 05 | 01
#0122-d131 @A: 22 08 26 29 | 12
#0123-d131 @A: 23 13 20 06 | 05
#0124-d131 @A: 13 06 32 04 | 07
#0125-d131 @A: 06 29 13 08 | 09
#0126-d131 @A: 12 13 03 10 | 10
#0127-d131 @A: 32 24 29 13 | 11
#0128-d131 @A: 04 02 13 12 | 04
#0129-d131 @A: 05 12 23 13 | 06
#0130-d131 @A: 27 01 23 30 | 08
#0131-d131 @A: 16 30 12 20 | 02
#0132-d131 @A: 03 30 08 10 | 03
#0133-d131 @A: 26 32 05 04 | 01
#0134-d131 @A: 08 29 04 32 | 12
#0135-d131 @A: 18 28 31 04 | 05
#0136-d131 @A: 11 25 31 19 | 07
#0137-d131 @A: 33 19 31 08 | 09
#0138-d131 @A: 31 30 08 18 | 10
#0139-d131 @A: 35 31 04 14 | 11
#0140-d131 @A: 31 26 35 09 | 04
#0141-d131 @A: 31 09 14 34 | 06
#0142-d131 @A: 23 31 32 14 | 08
#0143-d131 @A: 17 31 11 24 | 02
#0144-d131 @A: 21 31 32 16 | 03
#0145-d131 @A: 02 03 31 07 | 01
#0146-d131 @A: 31 05 06 09 | 12
#0147-d131 @A: 17 02 31 08 | 05
#0148-d131 @A: 13 16 30 31 | 07
#0149-d131 @A: 26 24 31 23 | 09
#0150-d131 @A: 01 05 31 02 | 10
#0151-d131 @A: 28 07 18 26 | 11
#0152-d131 @A: 18 16 10 28 | 04
#0153-d131 @A: 28 35 34 25 | 06
#0154-d131 @A: 27 28 10 35 | 08
#0155-d131 @A: 14 12 28 09 | 02
#0156-d131 @A: 05 14 28 03 | 03
#0157-d131 @A: 28 08 14 01 | 01
#0158-d131 @A: 02 11 28 25 | 12
#0159-d131 @A: 13 25 28 09 | 05
#0160-d131 @A: 28 07 11 05 | 07
#0161-d131 @A: 10 20 28 29 | 09
#0162-d131 @A: 18 14 19 08 | 10
#0163-d131 @A: 19 23 18 25 | 11
#0164-d131 @A: 19 07 14 34 | 04
#0165-d131 @A: 25 19 34 09 | 06
#0166-d131 @A: 30 19 24 21 | 08
#0167-d131 @A: 05 02 19 07 | 02
#0168-d131 @A: 13 09 19 06 | 03
#0169-d131 @A: 19 17 12 20 | 01
#0170-d131 @A: 19 06 30 23 | 12
#0171-d131 @A: 20 19 23 29 | 05
#0172-d131 @A: 16 01 19 06 | 07
#0173-d131 @A: 16 35 18 26 | 09
#0174-d131 @A: 29 18 25 09 | 10
#0175-d131 @A: 25 16 18 17 | 11
#0176-d131 @A: 18 27 05 25 | 04
#0177-d131 @A: 13 18 07 16 | 06
#0178-d131 @A: 15 06 18 17 | 08
#0179-d131 @A: 34 13 33 18 | 02
#0180-d131 @A: 18 03 34 04 | 03
#0181-d131 @A: 18 05 34 02 | 01
#0182-d131 @A: 02 18 12 16 | 12
#0183-d131 @A: 12 08 18 01 | 05
#0184-d131 @A: 35 21 03 11 | 07
#0185-d131 @A: 16 33 11 35 | 09
#0186-d131 @A: 09 17 23 35 | 10
#0187-d131 @A: 35 05 33 17 | 11
#0188-d131 @A: 30 35 02 17 | 04
#0189-d131 @A: 34 12 35 33 | 06
#0190-d131 @A: 20 12 35 03 | 08
#0191-d131 @A: 12 35 08 26 | 02
#0192-d131 @A: 35 06 24 23 | 03
#0193-d131 @A: 35 10 24 34 | 01
#0194-d131 @A: 04 02 35 08 | 12
#0195-d131 @A: 01 35 05 10 | 05
#0196-d131 @A: 14 17 10 25 | 07
#0197-d131 @A: 30 14 05 21 | 09
#0198-d131 @A: 07 14 15 04 | 10
#0199-d131 @A: 14 07 27 05 | 11
#0200-d131 @A: 14 20 07 03 | 04
#0201-d131 @A: 20 09 01 14 | 06
#0202-d131 @A: 23 03 14 15 | 08
#0203-d131 @A: 14 22 16 32 | 02
#0204-d131 @A: 06 14 24 13 | 03
#0205-d131 @A: 20 10 14 02 | 01
#0206-d131 @A: 26 02 14 29 | 12
#0207-d131 @A: 06 10 14 16 | 05
#0208-d131 @A: 05 10 23 14 | 07
#0209-d131 @A: 11 01 07 25 | 09
#0210-d131 @A: 11 13 16 25 | 10
#0211-d131 @A: 33 20 25 17 | 11
#0212-d131 @A: 26 23 25 29 | 04
#0213-d131 @A: 06 08 25 10 | 06
#0214-d131 @A: 04 25 03 01 | 08
#0215-d131 @A: 05 25 24 34 | 02
#0216-d131 @A: 21 08 11 17 | 03
#0217-d131 @A: 29 21 30 11 | 01
#0218-d131 @A: 11 34 15 07 | 12
#0219-d131 @A: 07 11 03 04 | 05
#0220-d131 @A: 11 17 09 29 | 07
#0221-d131 @A: 11 12 17 13 | 09
#0222-d131 @A: 02 11 04 23 | 10
#0223-d131 @A: 15 13 32 21 | 11
#0224-d131 @A: 04 21 17 30 | 04
#0225-d131 @A: 21 34 32 17 | 06
#0226-d131 @A: 21 29 01 17 | 08
#0227-d131 @A: 21 12 04 20 | 02
#0228-d131 @A: 21 26 32 06 | 03
#0229-d131 @A: 08 04 21 06 | 01
#0230-d131 @A: 08 10 16 21 | 12
#0231-d131 @A: 16 01 12 21 | 05
#0232-d131 @A: 17 07 12 09 | 07
#0233-d131 @A: 07 10 27 09 | 09
#0234-d131 @A: 26 07 17 03 | 10
#0235-d131 @A: 10 33 07 12 | 11
#0236-d131 @A: 12 20 22 07 | 04
#0237-d131 @A: 02 12 06 07 | 06
#0238-d131 @A: 29 07 24 34 | 08
#0239-d131 @A: 29 02 07 23 | 02
#0240-d131 @A: 32 17 09 04 | 03
#0241-d131 @A: 33 09 22 03 | 01
#0242-d131 @A: 22 09 30 05 | 12
#0243-d131 @A: 24 12 09 08 | 05
#0244-d131 @A: 01 23 04 09 | 07
#0245-d131 @A: 15 08 04 17 | 09
#0246-d131 @A: 34 33 30 15 | 10
#0247-d131 @A: 01 26 15 23 | 11
#0248-d131 @A: 03 01 29 15 | 04
#0249-d131 @A: 29 13 17 22 | 06
#0250-d131 @A: 22 17 23 30 | 08
#0251-d131 @A: 26 17 29 24 | 02
#0252-d131 @A: 27 13 24 33 | 03
#0253-d131 @A: 22 34 03 10 | 01
#0254-d131 @A: 12 22 29 24 | 12
#0255-d131 @A: 23 22 12 04 | 05
#0256-d131 @A: 13 20 29 27 | 07
#0257-d131 @A: 26 05 24 13 | 09
#0258-d131 @A: 13 04 29 26 | 10
#0259-d131 @A: 13 01 02 03 | 11
#0260-d131 @A: 03 06 27 30 | 04
#0261-d131 @A: 29 01 26 30 | 06
#0262-d131 @A: 12 30 32 02 | 08
#0263-d131 @A: 26 27 05 12 | 02
#0264-d131 @A: 10 27 24 12 | 03
#0265-d131 @A: 12 01 27 34 | 01
#0266-d131 @A: 04 23 29 27 | 12
#0267-d131 @A: 27 31 05 19 | 05
#0268-d131 @A: 31 33 20 18 | 07
#0269-d131 @A: 31 24 35 13 | 09
#0270-d131 @A: 31 02 06 14 | 10
#0271-d131 @A: 04 31 25 21 | 11
#0272-d131 @A: 07 31 25 12 | 04
#0273-d131 @A: 24 16 31 21 | 06
#0274-d131 @A: 13 22 26 31 | 08
#0275-d131 @A: 27 22 31 12 | 02
#0276-d131 @A: 22 06 04 31 | 03
#0277-d131 @A: 31 26 03 01 | 01
#0278-d131 @A: 16 31 05 10 | 12
#0279-d131 @A: 19 17 24 28 | 05
#0280-d131 @A: 32 11 15 28 | 07
#0281-d131 @A: 21 24 07 28 | 09
#0282-d131 @A: 29 28 33 09 | 10
#0283-d131 @A: 09 28 22 20 | 11
#0284-d131 @A: 34 05 28 09 | 04
#0285-d131 @A: 30 28 27 15 | 06
#0286-d131 @A: 28 04 20 02 | 08
#0287-d131 @A: 05 28 12 20 | 02
#0288-d131 @A: 01 26 16 28 | 03
#0289-d131 @A: 28 24 34 01 | 01
#0290-d131 @A: 24 29 05 28 | 12
#0291-d131 @A: 04 34 28 12 | 05
#0292-d131 @A: 19 01 09 18 | 07
#0293-d131 @A: 03 19 18 06 | 09
#0294-d131 @A: 19 35 04 16 | 10
#0295-d131 @A: 19 25 20 13 | 11
#0296-d131 @A: 19 25 27 24 | 04
#0297-d131 @A: 21 19 15 12 | 06
#0298-d131 @A: 21 08 19 13 | 08
#0299-d131 @A: 10 09 19 30 | 02
#0300-d131 @A: 19 15 34 27 | 03
#0301-d131 @A: 19 20 33 16 | 01
#0302-d131 @A: 19 02 20 03 | 12
#0303-d131 @A: 29 03 19 34 | 05
#0304-d131 @A: 04 32 03 19 | 07
#0305-d131 @A: 32 10 19 12 | 09
#0306-d131 @A: 05 08 29 19 | 10
#0307-d131 @A: 18 35 10 30 | 11
#0308-d131 @A: 01 07 14 18 | 04
#0309-d131 @A: 32 18 13 25 | 06
#0310-d131 @A: 09 32 11 18 | 08
#0311-d131 @A: 18 34 15 21 | 02
#0312-d131 @A: 21 18 30 12 | 03
#0313-d131 @A: 18 16 09 15 | 01
#0314-d131 @A: 26 30 09 18 | 12
#0315-d131 @A: 27 18 09 08 | 05
#0316-d131 @A: 18 02 22 13 | 07
#0317-d131 @A: 18 27 10 13 | 09
#0318-d131 @A: 32 18 27 06 | 10
#0319-d131 @A: 18 02 20 06 | 11
#0320-d131 @A: 05 29 20 18 | 04
#0321-d131 @A: 26 10 06 18 | 06
#0322-d131 @A: 23 18 06 08 | 08
#0323-d131 @A: 29 25 35 14 | 02
#0324-d131 @A: 11 10 35 14 | 03
#0325-d131 @A: 24 35 21 14 | 01
#0326-d131 @A: 35 09 14 03 | 12
#0327-d131 @A: 15 14 32 35 | 05
#0328-d131 @A: 35 12 14 16 | 07
#0329-d131 @A: 35 25 26 07 | 09
#0330-d131 @A: 01 02 35 25 | 10
#0331-d131 @A: 35 11 30 05 | 11
#0332-d131 @A: 22 34 35 02 | 04
#0333-d131 @A: 24 35 20 29 | 06
#0334-d131 @A: 26 02 35 24 | 08
#0335-d131 @A: 01 34 32 35 | 02
#0336-d131 @A: 35 05 32 08 | 03
#0337-d131 @A: 26 25 14 11 | 01
#0338-d131 @A: 33 14 34 11 | 12
#0339-d131 @A: 01 13 14 11 | 05
#0340-d131 @A: 21 04 14 22 | 07
#0341-d131 @A: 14 33 09 06 | 09
#0342-d131 @A: 13 14 02 15 | 10
#0343-d131 @A: 14 17 05 32 | 11
#0344-d131 @A: 32 20 14 10 | 04
#0345-d131 @A: 02 12 34 14 | 06
#0346-d131 @A: 14 23 01 34 | 08
#0347-d131 @A: 14 29 16 23 | 02
#0348-d131 @A: 03 11 29 25 | 03
#0349-d131 @A: 32 12 25 11 | 01
#0350-d131 @A: 17 21 12 25 | 12
#0351-d131 @A: 17 04 07 25 | 05
#0352-d131 @A: 30 08 22 25 | 07
#0353-d131 @A: 25 27 12 13 | 09
#0354-d131 @A: 34 04 25 27 | 10
#0355-d131 @A: 26 25 06 05 | 11
#0356-d131 @A: 23 16 25 02 | 04
#0357-d131 @A: 25 01 16 32 | 06
#0358-d131 @A: 11 27 29 07 | 08
#0359-d131 @A: 02 07 32 11 | 02
#0360-d131 @A: 15 11 04 27 | 03
#0361-d131 @A: 20 15 11 23 | 01
#0362-d131 @A: 08 30 16 11 | 12
#0363-d131 @A: 11 26 08 04 | 05
#0364-d131 @A: 11 05 29 04 | 07
#0365-d131 @A: 05 21 07 29 | 09
#0366-d131 @A: 33 26 21 15 | 10
#0367-d131 @A: 33 21 22 34 | 11
#0368-d131 @A: 23 21 13 33 | 04
#0369-d131 @A: 21 33 29 24 | 06
#0370-d131 @A: 22 27 05 21 | 08
#0371-d131 @A: 10 02 27 21 | 02
#0372-d131 @A: 16 20 05 21 | 03
#0373-d131 @A: 21 04 10 26 | 01
#0374-d131 @A: 23 10 01 21 | 12
#0375-d131 @A: 34 09 07 13 | 05
#0376-d131 @A: 23 09 26 07 | 07
#0377-d131 @A: 22 03 07 15 | 09
#0378-d131 @A: 16 27 07 08 | 10
#0379-d131 @A: 26 07 20 06 | 11
#0380-d131 @A: 01 20 04 07 | 04
#0381-d131 @A: 17 06 09 34 | 06
#0382-d131 @A: 33 09 04 13 | 08
#0383-d131 @A: 13 09 23 27 | 02
#0384-d131 @A: 09 10 02 26 | 03
#0385-d131 @A: 01 09 12 03 | 01
#0386-d131 @A: 02 33 17 15 | 12
#0387-d131 @A: 34 15 13 17 | 05
#0388-d131 @A: 22 15 27 06 | 07
#0389-d131 @A: 16 15 24 20 | 09
#0390-d131 @A: 08 24 02 15 | 10
#0391-d131 @A: 32 15 10 34 | 11
#0392-d131 @A: 04 16 15 10 | 04
#0393-d131 @A: 15 32 12 16 | 06
#0394-d131 @A: 06 33 17 13 | 08
#0395-d131 @A: 08 20 17 34 | 02
#0396-d131 @A: 17 26 08 23 | 03
#0397-d131 @A: 33 06 24 12 | 01
#0398-d131 @A: 05 33 10 34 | 12
#0399-d131 @A: 08 05 33 02 | 05
#0400-d131 @A: 22 01 26 04 | 07
#0401-d131 @A: 03 23 16 22 | 09
#0402-d131 @A: 12 22 03 05 | 10
#0403-d131 @A: 13 02 05 06 | 11
#0404-d131 @A: 13 16 05 29 | 04
#0405-d131 @A: 24 08 27 30 | 06
#0406-d131 @A: 16 05 27 30 | 08
#0407-d131 @A: 16 30 06 26 | 02
#0408-d131 @A: 34 30 24 26 | 03
#0409-d131 @A: 30 34 06 01 | 01
#0410-d131 @A: 05 30 10 04 | 12
#0411-d131 @A: 03 27 16 20 | 05
#0412-d131 @A: 02 24 27 20 | 07
#0413-d131 @A: 06 26 29 27 | 09
#0414-d131 @A: 24 27 06 04 | 10
#0415-d131 @A: 23 27 24 34 | 11
#0416-d131 @A: 19 29 31 28 | 04
#0417-d131 @A: 31 12 19 01 | 06
#0418-d131 @A: 23 17 31 18 | 08
#0419-d131 @A: 05 13 31 18 | 02
#0420-d131 @A: 34 27 18 31 | 03
#0421-d131 @A: 32 35 31 17 | 01
#0422-d131 @A: 17 14 31 16 | 12
#0423-d131 @A: 16 31 06 25 | 05
#0424-d131 @A: 32 31 11 24 | 07
#0425-d131 @A: 22 09 31 07 | 09
#0426-d131 @A: 03 31 09 30 | 10
#0427-d131 @A: 31 09 32 27 | 11
#0428-d131 @A: 10 31 17 22 | 04
#0429-d131 @A: 31 04 13 01 | 06
#0430-d131 @A: 32 06 31 05 | 08
#0431-d131 @A: 32 34 18 28 | 02
#0432-d131 @A: 35 11 20 28 | 03
#0433-d131 @A: 28 07 35 04 | 01
#0434-d131 @A: 29 28 35 17 | 12
#0435-d131 @A: 12 13 28 35 | 05
#0436-d131 @A: 25 22 01 28 | 07
#0437-d131 @A: 22 28 11 26 | 09
#0438-d131 @A: 13 10 21 28 | 10
#0439-d131 @A: 02 21 28 30 | 11
#0440-d131 @A: 17 09 16 28 | 04
#0441-d131 @A: 28 03 09 10 | 06
#0442-d131 @A: 28 12 15 22 | 08
#0443-d131 @A: 12 27 28 17 | 02
#0444-d131 @A: 28 23 08 13 | 03
#0445-d131 @A: 06 28 04 05 | 01
#0446-d131 @A: 32 12 24 28 | 12
#0447-d131 @A: 28 02 23 01 | 05
#0448-d131 @A: 07 32 19 18 | 07
#0449-d131 @A: 13 18 19 24 | 09
#0450-d131 @A: 12 25 19 35 | 10
#0451-d131 @A: 19 17 15 14 | 11
#0452-d131 @A: 07 08 19 11 | 04
#0453-d131 @A: 21 19 03 17 | 06
#0454-d131 @A: 23 19 07 15 | 08
#0455-d131 @A: 19 07 12 27 | 02
#0456-d131 @A: 16 15 30 19 | 03
#0457-d131 @A: 22 02 19 24 | 01
#0458-d131 @A: 19 13 30 05 | 12
#0459-d131 @A: 02 19 32 34 | 05
#0460-d131 @A: 04 08 19 10 | 07
#0461-d131 @A: 23 16 12 19 | 09
#0462-d131 @A: 34 35 14 18 | 10
#0463-d131 @A: 07 11 18 35 | 11
#0464-d131 @A: 05 18 35 15 | 04
#0465-d131 @A: 18 25 20 30 | 06
#0466-d131 @A: 08 02 18 25 | 08
#0467-d131 @A: 15 08 11 18 | 02
#0468-d131 @A: 11 17 03 18 | 03
#0469-d131 @A: 11 34 18 20 | 01
#0470-d131 @A: 22 24 21 18 | 12
#0471-d131 @A: 23 27 18 15 | 05
#0472-d131 @A: 18 20 26 01 | 07
#0473-d131 @A: 08 18 03 16 | 09
#0474-d131 @A: 05 18 24 08 | 10
#0475-d131 @A: 35 14 30 26 | 11
#0476-d131 @A: 21 25 33 35 | 04
#0477-d131 @A: 23 25 35 30 | 06
#0478-d131 @A: 25 16 10 35 | 08
#0479-d131 @A: 23 22 35 21 | 02
#0480-d131 @A: 21 13 35 02 | 03
#0481-d131 @A: 27 21 35 12 | 01
#0482-d131 @A: 01 15 35 27 | 12
#0483-d131 @A: 34 35 06 15 | 05
#0484-d131 @A: 33 35 24 22 | 07
#0485-d131 @A: 35 34 01 26 | 09
#0486-d131 @A: 34 08 29 35 | 10
#0487-d131 @A: 35 10 32 02 | 11
#0488-d131 @A: 14 02 11 07 | 04
#0489-d131 @A: 14 33 07 16 | 06
#0490-d131 @A: 08 26 14 09 | 08
#0491-d131 @A: 34 14 22 17 | 02
#0492-d131 @A: 22 20 14 24 | 03
#0493-d131 @A: 14 04 30 34 | 01
#0494-d131 @A: 12 20 29 14 | 12
#0495-d131 @A: 26 10 24 14 | 05
#0496-d131 @A: 06 14 03 29 | 07
#0497-d131 @A: 34 05 14 16 | 09
#0498-d131 @A: 11 25 05 15 | 10
#0499-d131 @A: 25 10 09 21 | 11
#0500-d131 @A: 33 25 16 30 | 04
#0501-d131 @A: 29 32 25 33 | 06
#0502-d131 @A: 26 30 04 25 | 08
#0503-d131 @A: 25 12 10 20 | 02
#0504-d131 @A: 26 08 25 16 | 03
#0505-d131 @A: 29 25 24 06 | 01
#0506-d131 @A: 10 04 25 02 | 12
#0507-d131 @A: 23 25 32 05 | 05
#0508-d131 @A: 23 09 30 11 | 07
#0509-d131 @A: 15 02 11 22 | 09
#0510-d131 @A: 32 30 11 17 | 10
#0511-d131 @A: 11 17 16 05 | 11
#0512-d131 @A: 22 11 04 30 | 04
#0513-d131 @A: 32 11 10 22 | 06
#0514-d131 @A: 27 11 32 23 | 08
#0515-d131 @A: 20 11 01 29 | 02
#0516-d131 @A: 08 24 11 06 | 03
#0517-d131 @A: 11 06 10 34 | 01
#0518-d131 @A: 34 16 29 11 | 12
#0519-d131 @A: 21 15 04 03 | 05
#0520-d131 @A: 27 34 13 21 | 07
#0521-d131 @A: 21 08 32 27 | 09
#0522-d131 @A: 06 05 21 12 | 10
#0523-d131 @A: 24 03 02 21 | 11
#0524-d131 @A: 05 17 07 22 | 04
#0525-d131 @A: 07 22 26 34 | 06
#0526-d131 @A: 04 22 29 07 | 08
#0527-d131 @A: 08 07 30 06 | 02
#0528-d131 @A: 27 32 07 01 | 03
#0529-d131 @A: 07 08 26 02 | 01
#0530-d131 @A: 10 03 16 07 | 12
#0531-d131 @A: 07 24 32 10 | 05
#0532-d131 @A: 08 34 07 10 | 07
#0533-d131 @A: 02 01 10 07 | 09
#0534-d131 @A: 24 09 34 32 | 10
#0535-d131 @A: 15 17 03 30 | 11
#0536-d131 @A: 29 15 20 32 | 04
#0537-d131 @A: 34 15 08 16 | 06
#0538-d131 @A: 12 34 15 23 | 08
#0539-d131 @A: 29 15 08 23 | 02
#0540-d131 @A: 22 17 27 16 | 03
#0541-d131 @A: 32 03 30 17 | 01
#0542-d131 @A: 23 27 17 05 | 12
#0543-d131 @A: 17 23 04 20 | 05
#0544-d131 @A: 06 17 26 04 | 07
#0545-d131 @A: 17 06 03 16 | 09
#0546-d131 @A: 33 22 04 32 | 10
#0547-d131 @A: 13 08 10 33 | 11
#0548-d131 @A: 10 33 06 02 | 04
#0549-d131 @A: 06 05 33 01 | 06
#0550-d131 @A: 03 01 16 33 | 08
#0551-d131 @A: 33 34 29 23 | 02
#0552-d131 @A: 01 33 10 32 | 03
#0553-d131 @A: 22 06 30 13 | 01
#0554-d131 @A: 01 30 16 22 | 12
#0555-d131 @A: 22 23 03 32 | 05
#0556-d131 @A: 22 05 24 01 | 07
#0557-d131 @A: 34 22 32 12 | 09
#0558-d131 @A: 16 22 12 10 | 10
#0559-d131 @A: 12 34 13 20 | 11
#0560-d131 @A: 26 06 13 12 | 04
#0561-d131 @A: 13 12 08 16 | 06
#0562-d131 @A: 01 29 23 13 | 08
#0563-d131 @A: 30 29 34 27 | 02
#0564-d131 @A: 03 30 26 12 | 03
#0565-d131 @A: 30 26 08 05 | 01
#0566-d131 @A: 04 06 30 02 | 12
#0567-d131 @A: 27 06 16 12 | 05
#0568-d131 @A: 08 32 01 20 | 07
#0569-d131 @A: 02 24 05 32 | 09
#0570-d131 @A: 15 09 31 28 | 10
#0571-d131 @A: 31 28 02 22 | 11
#0572-d131 @A: 27 31 08 28 | 04
#0573-d131 @A: 19 35 10 31 | 06
#0574-d131 @A: 19 06 31 15 | 08
#0575-d131 @A: 31 20 22 19 | 02
#0576-d131 @A: 01 21 18 31 | 03
#0577-d131 @A: 14 10 30 31 | 01
#0578-d131 @A: 20 31 25 09 | 12
#0579-d131 @A: 07 31 34 21 | 05
#0580-d131 @A: 01 07 33 31 | 07
#0581-d131 @A: 31 08 01 09 | 09
#0582-d131 @A: 30 31 26 15 | 10
#0583-d131 @A: 34 31 01 15 | 11
#0584-d131 @A: 27 06 13 31 | 04
#0585-d131 @A: 12 31 02 20 | 06
#0586-d131 @A: 31 04 34 32 | 08
#0587-d131 @A: 12 23 08 31 | 02
#0588-d131 @A: 32 31 29 12 | 03
#0589-d131 @A: 16 19 07 28 | 01
#0590-d131 @A: 30 12 19 28 | 12
#0591-d131 @A: 18 28 15 24 | 05
#0592-d131 @A: 23 28 22 18 | 07
#0593-d131 @A: 35 28 08 22 | 09
#0594-d131 @A: 07 28 14 22 | 10
#0595-d131 @A: 30 28 06 11 | 11
#0596-d131 @A: 27 21 20 28 | 04
#0597-d131 @A: 07 28 33 13 | 06
#0598-d131 @A: 13 04 17 28 | 08
#0599-d131 @A: 33 28 30 10 | 02
#0600-d131 @A: 16 28 12 33 | 03
#0601-d131 @A: 05 28 23 26 | 01
#0602-d131 @A: 05 08 10 28 | 12
#0603-d131 @A: 10 18 15 19 | 05
#0604-d131 @A: 35 02 19 15 | 07
#0605-d131 @A: 21 19 26 25 | 09
#0606-d131 @A: 10 07 25 19 | 10
#0607-d131 @A: 05 19 11 09 | 11
#0608-d131 @A: 19 13 11 15 | 04
#0609-d131 @A: 09 08 22 19 | 06
#0610-d131 @A: 19 32 23 15 | 08
#0611-d131 @A: 02 26 19 06 | 02
#0612-d131 @A: 18 04 27 35 | 03
#0613-d131 @A: 02 18 23 35 | 01
#0614-d131 @A: 18 14 33 04 | 12
#0615-d131 @A: 13 12 14 18 | 05
#0616-d131 @A: 11 33 18 23 | 07
#0617-d131 @A: 21 10 33 18 | 09
#0618-d131 @A: 27 17 18 20 | 10
#0619-d131 @A: 18 12 17 10 | 11
#0620-d131 @A: 01 18 30 03 | 04
#0621-d131 @A: 06 16 18 05 | 06
#0622-d131 @A: 05 18 04 01 | 08
#0623-d131 @A: 21 06 26 35 | 02
#0624-d131 @A: 07 35 15 12 | 03
#0625-d131 @A: 07 33 32 35 | 01
#0626-d131 @A: 35 07 13 03 | 12
#0627-d131 @A: 27 30 07 35 | 05
#0628-d131 @A: 07 10 35 29 | 07
#0629-d131 @A: 16 09 35 22 | 09
#0630-d131 @A: 01 13 35 09 | 10
#0631-d131 @A: 15 23 35 04 | 11
#0632-d131 @A: 13 35 17 26 | 04
#0633-d131 @A: 12 17 06 35 | 06
#0634-d131 @A: 05 22 35 13 | 08
#0635-d131 @A: 35 20 22 04 | 02
#0636-d131 @A: 30 35 32 16 | 03
#0637-d131 @A: 20 35 06 05 | 01
#0638-d131 @A: 20 08 10 35 | 12
#0639-d131 @A: 05 04 34 35 | 05
#0640-d131 @A: 14 21 25 34 | 07
#0641-d131 @A: 27 24 11 14 | 09
#0642-d131 @A: 21 14 01 26 | 10
#0643-d131 @A: 08 14 15 30 | 11
#0644-d131 @A: 17 27 14 26 | 04
#0645-d131 @A: 30 02 14 22 | 06
#0646-d131 @A: 13 08 03 14 | 08
#0647-d131 @A: 14 34 27 32 | 02
#0648-d131 @A: 14 04 20 06 | 03
#0649-d131 @A: 08 14 29 24 | 01
#0650-d131 @A: 29 14 04 10 | 12
#0651-d131 @A: 06 25 09 01 | 05
#0652-d131 @A: 12 09 04 25 | 07
#0653-d131 @A: 25 05 22 29 | 09
#0654-d131 @A: 20 02 26 25 | 10
#0655-d131 @A: 25 34 03 20 | 11
#0656-d131 @A: 25 01 20 08 | 04
#0657-d131 @A: 05 25 20 23 | 06
#0658-d131 @A: 20 32 11 21 | 08
#0659-d131 @A: 11 22 09 10 | 02
#0660-d131 @A: 33 03 10 11 | 03
#0661-d131 @A: 11 13 27 02 | 01
#0662-d131 @A: 11 24 02 01 | 12
#0663-d131 @A: 05 11 34 12 | 05
#0664-d131 @A: 34 29 11 32 | 07
#0665-d131 @A: 08 11 29 12 | 09
#0666-d131 @A: 29 21 22 09 | 10
#0667-d131 @A: 33 12 21 03 | 11
#0668-d131 @A: 13 21 04 16 | 04
#0669-d131 @A: 05 10 21 24 | 06
#0670-d131 @A: 01 09 07 30 | 08
#0671-d131 @A: 07 12 26 24 | 02
#0672-d131 @A: 03 06 07 23 | 03
#0673-d131 @A: 22 09 26 06 | 01
#0674-d131 @A: 09 12 30 02 | 12
#0675-d131 @A: 20 09 26 12 | 05
#0676-d131 @A: 29 08 16 09 | 07
#0677-d131 @A: 17 15 24 22 | 09
#0678-d131 @A: 13 03 27 15 | 10
#0679-d131 @A: 24 23 13 15 | 11
#0680-d131 @A: 05 32 29 15 | 04
#0681-d131 @A: 26 32 17 22 | 06
#0682-d131 @A: 17 26 02 16 | 08
#0683-d131 @A: 05 17 02 10 | 02
#0684-d131 @A: 22 33 20 13 | 03
#0685-d131 @A: 02 33 04 22 | 01
#0686-d131 @A: 34 01 33 20 | 12
#0687-d131 @A: 24 33 23 03 | 05
#0688-d131 @A: 33 03 04 29 | 07
#0689-d131 @A: 34 24 02 33 | 09
#0690-d131 @A: 04 33 12 01 | 10
#0691-d131 @A: 23 26 22 02 | 11
#0692-d131 @A: 08 20 23 30 | 04
#0693-d131 @A: 03 30 23 29 | 06
#0694-d131 @A: 24 29 04 30 | 08
#0695-d131 @A: 10 30 01 24 | 02
#0696-d131 @A: 12 34 30 08 | 03
#0697-d131 @A: 23 30 04 16 | 01
#0698-d131 @A: 02 30 29 08 | 12
#0699-d131 @A: 30 32 05 01 | 05
#0700-d131 @A: 34 16 27 26 | 07
#0701-d131 @A: 27 02 03 34 | 09
#0702-d131 @A: 05 02 29 27 | 10
#0703-d131 @A: 11 16 31 28 | 11
#0704-d131 @A: 10 31 25 18 | 04
#0705-d131 @A: 14 01 22 31 | 06
#0706-d131 @A: 25 17 31 29 | 08
#0707-d131 @A: 20 11 31 07 | 02
#0708-d131 @A: 11 12 30 31 | 03
#0709-d131 @A: 31 05 08 21 | 01
#0710-d131 @A: 31 17 07 06 | 12
#0711-d131 @A: 31 30 23 07 | 05
#0712-d131 @A: 33 10 09 31 | 07
#0713-d131 @A: 15 31 23 22 | 09
#0714-d131 @A: 17 31 30 34 | 10
#0715-d131 @A: 02 31 13 32 | 11
#0716-d131 @A: 16 08 20 31 | 04
#0717-d131 @A: 31 26 10 29 | 06
#0718-d131 @A: 23 31 29 06 | 08
#0719-d131 @A: 31 34 02 10 | 02
#0720-d131 @A: 29 18 28 27 | 03
#0721-d131 @A: 28 21 15 25 | 01
#0722-d131 @A: 25 28 17 06 | 12
#0723-d131 @A: 25 28 10 24 | 05
#0724-d131 @A: 23 28 17 11 | 07
#0725-d131 @A: 28 07 02 17 | 09
#0726-d131 @A: 30 28 34 07 | 10
#0727-d131 @A: 29 28 15 13 | 11
#0728-d131 @A: 17 28 32 16 | 04
#0729-d131 @A: 32 28 03 33 | 06
#0730-d131 @A: 24 28 13 30 | 08
#0731-d131 @A: 28 13 27 05 | 02
#0732-d131 @A: 06 20 28 08 | 03
#0733-d131 @A: 16 29 06 28 | 01
#0734-d131 @A: 04 28 01 29 | 12
#0735-d131 @A: 02 18 19 21 | 05
#0736-d131 @A: 12 19 34 18 | 07
#0737-d131 @A: 19 25 17 08 | 09
#0738-d131 @A: 22 11 33 19 | 10
#0739-d131 @A: 19 29 27 21 | 11
#0740-d131 @A: 19 22 01 17 | 04
#0741-d131 @A: 19 17 16 13 | 06
#0742-d131 @A: 24 34 19 20 | 08
#0743-d131 @A: 05 04 19 26 | 02
#0744-d131 @A: 23 19 24 04 | 03
#0745-d131 @A: 23 10 02 19 | 01
#0746-d131 @A: 14 29 18 21 | 12
#0747-d131 @A: 18 16 14 30 | 05
#0748-d131 @A: 18 11 21 25 | 07
#0749-d131 @A: 26 13 18 25 | 09
#0750-d131 @A: 30 07 24 18 | 10
#0751-d131 @A: 07 05 12 18 | 11
#0752-d131 @A: 15 30 04 18 | 04
#0753-d131 @A: 18 33 17 22 | 06
#0754-d131 @A: 02 17 04 18 | 08
#0755-d131 @A: 13 23 18 30 | 02
#0756-d131 @A: 18 24 03 27 | 03
#0757-d131 @A: 01 18 06 24 | 01
#0758-d131 @A: 03 29 18 12 | 12
#0759-d131 @A: 10 01 18 34 | 05
#0760-d131 @A: 18 12 32 01 | 07
#0761-d131 @A: 06 35 14 07 | 09
#0762-d131 @A: 22 07 35 01 | 10
#0763-d131 @A: 15 29 30 35 | 11
#0764-d131 @A: 27 32 24 35 | 04
#0765-d131 @A: 26 04 03 35 | 06
#0766-d131 @A: 03 01 35 06 | 08
#0767-d131 @A: 03 35 23 34 | 02
#0768-d131 @A: 24 35 12 04 | 03
#0769-d131 @A: 14 23 07 25 | 01
#0770-d131 @A: 20 16 25 14 | 12
#0771-d131 @A: 21 14 11 06 | 05
#0772-d131 @A: 13 14 07 10 | 07
#0773-d131 @A: 33 29 14 15 | 09
#0774-d131 @A: 16 22 14 13 | 10
#0775-d131 @A: 27 08 22 14 | 11
#0776-d131 @A: 14 34 26 20 | 04
#0777-d131 @A: 06 14 23 26 | 06
#0778-d131 @A: 12 26 04 14 | 08
#0779-d131 @A: 02 21 25 07 | 02
#0780-d131 @A: 07 16 09 25 | 03
#0781-d131 @A: 25 24 22 07 | 01
#0782-d131 @A: 07 03 27 25 | 12
#0783-d131 @A: 15 29 25 16 | 05
#0784-d131 @A: 10 13 25 23 | 07
#0785-d131 @A: 01 26 10 25 | 09
#0786-d131 @A: 10 26 11 17 | 10
#0787-d131 @A: 33 29 11 13 | 11
#0788-d131 @A: 03 13 30 11 | 04
#0789-d131 @A: 10 20 11 05 | 06
#0790-d131 @A: 10 24 29 11 | 08
#0791-d131 @A: 20 02 34 21 | 02
#0792-d131 @A: 32 03 21 24 | 03
#0793-d131 @A: 21 32 10 29 | 01
#0794-d131 @A: 08 01 21 02 | 12
#0795-d131 @A: 07 16 04 26 | 05
#0796-d131 @A: 24 03 05 07 | 07
#0797-d131 @A: 07 12 29 16 | 09
#0798-d131 @A: 15 22 09 01 | 10
#0799-d131 @A: 01 15 32 09 | 11
#0800-d131 @A: 09 17 04 22 | 04
#0801-d131 @A: 17 27 09 03 | 06
#0802-d131 @A: 33 24 30 09 | 08
#0803-d131 @A: 13 30 08 09 | 02
#0804-d131 @A: 10 13 09 05 | 03
#0805-d131 @A: 20 09 23 02 | 01
#0806-d131 @A: 09 02 05 24 | 12
#0807-d131 @A: 27 08 15 33 | 05
#0808-d131 @A: 15 33 32 02 | 07
#0809-d131 @A: 30 06 15 32 | 09
#0810-d131 @A: 02 12 15 27 | 10
#0811-d131 @A: 34 20 15 10 | 11
#0812-d131 @A: 03 33 17 34 | 04
#0813-d131 @A: 08 27 13 17 | 06
#0814-d131 @A: 20 05 26 17 | 08
#0815-d131 @A: 20 17 10 16 | 02
#0816-d131 @A: 02 06 17 29 | 03
#0817-d131 @A: 17 29 16 04 | 01
#0818-d131 @A: 29 23 12 17 | 12
#0819-d131 @A: 33 26 03 05 | 05
#0820-d131 @A: 33 05 32 34 | 07
#0821-d131 @A: 33 05 29 12 | 09
#0822-d131 @A: 04 13 27 22 | 10
#0823-d131 @A: 22 02 05 20 | 11
#0824-d131 @A: 22 01 29 34 | 04
#0825-d131 @A: 30 32 34 13 | 06
#0826-d131 @A: 12 30 29 13 | 08
#0827-d131 @A: 16 13 01 20 | 02
#0828-d131 @A: 01 02 20 30 | 03
#0829-d131 @A: 06 12 30 10 | 01
#0830-d131 @A: 03 02 30 05 | 12
#0831-d131 @A: 24 16 02 30 | 05
#0832-d131 @A: 04 32 30 10 | 07
#0833-d131 @A: 05 10 27 06 | 09
#0834-d131 @A: 03 08 27 12 | 10
#0835-d131 @A: 32 27 29 03 | 11
#0836-d131 @A: 16 02 27 04 | 04
#0837-d131 @A: 10 27 16 23 | 06
#0838-d131 @A: 27 08 23 02 | 08
#0839-d131 @A: 27 08 29 01 | 02
#0840-d131 @A: 34 23 20 32 | 03
#0841-d131 @A: 32 23 26 12 | 01
#0842-d131 @A: 23 06 32 01 | 12
#0843-d131 @A: 32 16 24 04 | 05
#0844-d131 @A: 31 03 14 19 | 07
#0845-d131 @A: 01 32 31 19 | 09
#0846-d131 @A: 06 18 11 31 | 10
#0847-d131 @A: 35 31 11 01 | 11
#0848-d131 @A: 35 05 31 07 | 04
#0849-d131 @A: 31 25 14 13 | 06
#0850-d131 @A: 31 15 25 32 | 08
#0851-d131 @A: 27 04 31 07 | 02
#0852-d131 @A: 31 15 12 17 | 03
#0853-d131 @A: 10 27 15 31 | 01
#0854-d131 @A: 31 33 30 02 | 12
#0855-d131 @A: 31 20 30 29 | 05
#0856-d131 @A: 16 04 31 03 | 07
#0857-d131 @A: 10 23 03 31 | 09
#0858-d131 @A: 31 29 04 08 | 10
#0859-d131 @A: 28 19 35 26 | 11
#0860-d131 @A: 03 11 19 28 | 04
#0861-d131 @A: 19 28 34 33 | 06
#0862-d131 @A: 19 32 28 08 | 08
#0863-d131 @A: 02 18 33 28 | 02
#0864-d131 @A: 05 30 18 28 | 03
#0865-d131 @A: 35 33 28 06 | 01
#0866-d131 @A: 20 28 14 33 | 12
#0867-d131 @A: 28 33 25 23 | 05
#0868-d131 @A: 04 32 28 21 | 07
#0869-d131 @A: 23 21 28 29 | 09
#0870-d131 @A: 03 28 07 29 | 10
#0871-d131 @A: 33 26 17 28 | 11
#0872-d131 @A: 13 06 28 01 | 04
#0873-d131 @A: 16 28 13 03 | 06
#0874-d131 @A: 18 27 30 19 | 08
#0875-d131 @A: 35 07 19 17 | 02
#0876-d131 @A: 19 23 35 13 | 03
#0877-d131 @A: 19 14 26 33 | 01
#0878-d131 @A: 21 01 11 19 | 12
#0879-d131 @A: 34 11 19 30 | 05
#0880-d131 @A: 11 26 12 19 | 07
#0881-d131 @A: 21 19 20 09 | 09
#0882-d131 @A: 15 09 04 19 | 10
#0883-d131 @A: 33 09 12 19 | 11
#0884-d131 @A: 24 19 29 15 | 04
#0885-d131 @A: 24 19 17 32 | 06
#0886-d131 @A: 30 22 03 19 | 08
#0887-d131 @A: 27 19 22 23 | 02
#0888-d131 @A: 32 19 30 27 | 03
#0889-d131 @A: 27 19 08 06 | 01
#0890-d131 @A: 05 19 06 24 | 12
#0891-d131 @A: 23 08 19 03 | 05
#0892-d131 @A: 34 10 19 16 | 07
#0893-d131 @A: 18 25 06 35 | 09
#0894-d131 @A: 21 08 18 35 | 10
#0895-d131 @A: 24 17 35 18 | 11
#0896-d131 @A: 18 09 14 10 | 04
#0897-d131 @A: 02 18 14 27 | 06
#0898-d131 @A: 18 20 23 14 | 08
#0899-d131 @A: 25 04 18 22 | 02
#0900-d131 @A: 06 13 21 18 | 03
#0901-d131 @A: 18 21 16 27 | 01
#0902-d131 @A: 22 09 18 12 | 12
#0903-d131 @A: 20 18 15 13 | 05
#0904-d131 @A: 18 03 15 32 | 07
#0905-d131 @A: 20 16 18 04 | 09
#0906-d131 @A: 14 35 22 15 | 10
#0907-d131 @A: 14 35 08 17 | 11
#0908-d131 @A: 01 14 35 33 | 04
#0909-d131 @A: 25 35 15 24 | 06
#0910-d131 @A: 11 22 35 17 | 08
#0911-d131 @A: 11 35 27 08 | 02
#0912-d131 @A: 11 06 35 02 | 03
#0913-d131 @A: 35 11 29 23 | 01
#0914-d131 @A: 01 30 21 35 | 12
#0915-d131 @A: 15 10 09 35 | 05
#0916-d131 @A: 04 17 01 35 | 07
#0917-d131 @A: 20 30 35 33 | 09
#0918-d131 @A: 24 30 03 35 | 10
#0919-d131 @A: 06 04 29 35 | 11
#0920-d131 @A: 23 16 35 05 | 04
#0921-d131 @A: 12 14 25 22 | 06
#0922-d131 @A: 08 21 07 14 | 08
#0923-d131 @A: 17 14 24 33 | 02
#0924-d131 @A: 12 27 33 14 | 03
#0925-d131 @A: 26 22 14 05 | 01
#0926-d131 @A: 04 03 14 02 | 12
#0927-d131 @A: 23 24 14 02 | 05
#0928-d131 @A: 09 08 11 25 | 07
#0929-d131 @A: 16 03 25 21 | 09
#0930-d131 @A: 32 17 07 25 | 10
#0931-d131 @A: 32 24 25 09 | 11
#0932-d131 @A: 32 22 27 25 | 04
#0933-d131 @A: 16 12 25 24 | 06
#0934-d131 @A: 11 05 13 21 | 08
#0935-d131 @A: 07 06 11 09 | 02
#0936-d131 @A: 23 11 12 07 | 03
#0937-d131 @A: 11 15 03 09 | 01
#0938-d131 @A: 11 13 08 22 | 12
#0939-d131 @A: 20 11 16 26 | 05
#0940-d131 @A: 23 11 08 10 | 07
#0941-d131 @A: 26 27 21 07 | 09
#0942-d131 @A: 06 09 21 24 | 10
#0943-d131 @A: 21 32 09 02 | 11
#0944-d131 @A: 27 21 15 24 | 04
#0945-d131 @A: 21 17 22 02 | 06
#0946-d131 @A: 13 21 22 01 | 08
#0947-d131 @A: 22 21 30 26 | 02
#0948-d131 @A: 30 21 34 10 | 03
#0949-d131 @A: 26 12 21 02 | 01
#0950-d131 @A: 21 06 34 16 | 12
#0951-d131 @A: 21 02 23 06 | 05
#0952-d131 @A: 12 21 29 10 | 07
#0953-d131 @A: 07 20 17 13 | 09
#0954-d131 @A: 20 02 33 07 | 10
#0955-d131 @A: 20 07 10 24 | 11
#0956-d131 @A: 06 16 07 24 | 04
#0957-d131 @A: 05 15 27 09 | 06
#0958-d131 @A: 34 15 24 09 | 08
#0959-d131 @A: 22 09 27 34 | 02
#0960-d131 @A: 05 09 26 01 | 03
#0961-d131 @A: 02 09 01 34 | 01
#0962-d131 @A: 02 04 09 29 | 12
#0963-d131 @A: 15 17 08 32 | 05
#0964-d131 @A: 15 22 20 30 | 07
#0965-d131 @A: 15 26 06 24 | 09
#0966-d131 @A: 05 23 15 02 | 10
#0967-d131 @A: 17 10 13 30 | 11
#0968-d131 @A: 24 30 05 17 | 04
#0969-d131 @A: 24 06 17 10 | 06
#0970-d131 @A: 17 04 05 12 | 08
#0971-d131 @A: 08 17 01 16 | 02
#0972-d131 @A: 26 20 24 33 | 03
#0973-d131 @A: 23 16 33 08 | 01
#0974-d131 @A: 22 12 02 01 | 12
#0975-d131 @A: 03 06 34 13 | 05
#0976-d131 @A: 01 03 13 32 | 07
#0977-d131 @A: 04 10 13 34 | 09
#0978-d131 @A: 13 32 12 08 | 10
#0979-d131 @A: 30 26 32 20 | 11
#0980-d131 @A: 30 10 26 23 | 04
#0981-d131 @A: 02 30 34 23 | 06
#0982-d131 @A: 01 05 12 30 | 08
#0983-d131 @A: 27 26 23 03 | 02
#0984-d131 @A: 32 27 10 26 | 03
#0985-d131 @A: 32 12 05 03 | 01
#0986-d131 @A: 21 23 31 19 | 12
#0987-d131 @A: 02 16 19 31 | 05
#0988-d131 @A: 15 08 35 31 | 07
#0989-d131 @A: 31 35 30 06 | 09
#0990-d131 @A: 14 11 31 08 | 10
#0991-d131 @A: 14 23 31 33 | 11
#0992-d131 @A: 14 31 29 27 | 04
#0993-d131 @A: 21 31 26 17 | 06
#0994-d131 @A: 22 21 03 31 | 08
#0995-d131 @A: 20 10 21 31 | 02
#0996-d131 @A: 33 31 17 04 | 03
#0997-d131 @A: 31 29 33 22 | 01
#0998-d131 @A: 34 31 08 22 | 12
#0999-d131 @A: 13 31 02 23 | 05
#1000-d131 @A: 27 26 20 31 | 07
#1001-d131 @A: 31 34 05 26 | 09
#1002-d131 @A: 04 31 10 12 | 10
#1003-d131 @A: 18 20 28 19 | 11
#1004-d131 @A: 28 19 21 06 | 04
#1005-d131 @A: 04 19 22 28 | 06
#1006-d131 @A: 35 30 28 16 | 08
#1007-d131 @A: 28 16 25 27 | 02
#1008-d131 @A: 21 22 16 28 | 03
#1009-d131 @A: 04 15 33 28 | 01
#1010-d131 @A: 15 28 26 02 | 12
#1011-d131 @A: 28 01 15 05 | 05
#1012-d131 @A: 22 28 24 27 | 07
#1013-d131 @A: 23 28 24 20 | 09
#1014-d131 @A: 28 20 34 16 | 10
#1015-d131 @A: 28 26 29 12 | 11
#1016-d131 @A: 02 08 28 03 | 04
#1017-d131 @A: 19 03 35 27 | 06
#1018-d131 @A: 16 19 21 14 | 08
#1019-d131 @A: 33 25 04 19 | 02
#1020-d131 @A: 27 10 11 19 | 03
#1021-d131 @A: 09 07 19 03 | 01
#1022-d131 @A: 19 27 09 16 | 12
#1023-d131 @A: 32 09 20 19 | 05
#1024-d131 @A: 19 20 15 05 | 07
#1025-d131 @A: 03 13 19 33 | 09
#1026-d131 @A: 27 26 19 13 | 10
#1027-d131 @A: 19 05 13 32 | 11
#1028-d131 @A: 12 06 29 19 | 04
#1029-d131 @A: 08 01 34 19 | 06
#1030-d131 @A: 35 20 18 09 | 08
#1031-d131 @A: 18 01 15 25 | 02
#1032-d131 @A: 24 18 33 25 | 03
#1033-d131 @A: 18 09 17 21 | 01
#1034-d131 @A: 07 09 04 18 | 12
#1035-d131 @A: 08 18 07 17 | 05
#1036-d131 @A: 18 15 33 12 | 07
#1037-d131 @A: 26 18 32 03 | 09
#1038-d131 @A: 04 18 02 32 | 10
#1039-d131 @A: 16 18 23 32 | 11
#1040-d131 @A: 25 03 17 35 | 04
#1041-d131 @A: 35 07 21 16 | 06
#1042-d131 @A: 09 34 35 30 | 08
#1043-d131 @A: 35 27 34 17 | 02
#1044-d131 @A: 13 04 35 30 | 03
#1045-d131 @A: 20 26 23 35 | 01
#1046-d131 @A: 29 35 05 26 | 12
#1047-d131 @A: 08 25 14 33 | 05
#1048-d131 @A: 01 27 14 25 | 07
#1049-d131 @A: 14 11 04 17 | 09
#1050-d131 @A: 22 11 03 14 | 10
#1051-d131 @A: 20 14 17 21 | 11
#1052-d131 @A: 02 14 33 21 | 04
#1053-d131 @A: 07 09 24 14 | 06
#1054-d131 @A: 30 14 07 12 | 08
#1055-d131 @A: 22 14 09 23 | 02
#1056-d131 @A: 15 14 24 01 | 03
#1057-d131 @A: 13 32 33 14 | 01
#1058-d131 @A: 08 14 06 34 | 12
#1059-d131 @A: 14 32 29 06 | 05
#1060-d131 @A: 03 34 14 24 | 07
#1061-d131 @A: 14 03 01 10 | 09
#1062-d131 @A: 02 08 14 16 | 10
#1063-d131 @A: 02 32 08 14 | 11
#1064-d131 @A: 14 05 29 01 | 04
#1065-d131 @A: 06 25 21 30 | 06
#1066-d131 @A: 02 22 25 09 | 08
#1067-d131 @A: 15 34 25 22 | 02
#1068-d131 @A: 25 17 01 30 | 03
#1069-d131 @A: 10 25 06 32 | 01
#1070-d131 @A: 23 25 01 12 | 12
#1071-d131 @A: 30 11 07 26 | 05
#1072-d131 @A: 11 15 33 06 | 07
#1073-d131 @A: 05 33 11 27 | 09
#1074-d131 @A: 33 11 23 32 | 10
#1075-d131 @A: 22 11 20 27 | 11
#1076-d131 @A: 13 11 23 26 | 04
#1077-d131 @A: 34 03 26 11 | 06
#1078-d131 @A: 04 32 11 01 | 08
#1079-d131 @A: 21 23 17 07 | 02
#1080-d131 @A: 22 06 21 07 | 03
#1081-d131 @A: 09 02 15 21 | 01
#1082-d131 @A: 21 03 05 09 | 12
#1083-d131 @A: 29 21 15 06 | 05
#1084-d131 @A: 13 21 24 17 | 07
#1085-d131 @A: 21 33 04 27 | 09
#1086-d131 @A: 21 20 13 30 | 10
#1087-d131 @A: 20 24 21 08 | 11
#1088-d131 @A: 24 12 21 34 | 04
#1089-d131 @A: 02 04 21 05 | 06
#1090-d131 @A: 07 20 09 05 | 08
#1091-d131 @A: 20 27 07 15 | 02
#1092-d131 @A: 02 13 07 30 | 03
#1093-d131 @A: 07 27 13 01 | 01
#1094-d131 @A: 05 07 04 13 | 12
#1095-d131 @A: 20 08 29 07 | 05
#1096-d131 @A: 06 01 07 29 | 07
#1097-d131 @A: 04 07 12 08 | 09
#1098-d131 @A: 20 30 17 09 | 10
#1099-d131 @A: 16 09 33 32 | 11
#1100-d131 @A: 13 16 09 26 | 04
#1101-d131 @A: 16 09 20 06 | 06
#1102-d131 @A: 04 10 20 09 | 08
#1103-d131 @A: 03 26 09 29 | 02
#1104-d131 @A: 03 34 09 08 | 03
#1105-d131 @A: 04 09 16 24 | 01
#1106-d131 @A: 01 24 29 09 | 12
#1107-d131 @A: 10 01 09 16 | 05
#1108-d131 @A: 05 29 23 09 | 07
#1109-d131 @A: 15 01 30 13 | 09
#1110-d131 @A: 26 03 15 08 | 10
#1111-d131 @A: 15 06 03 02 | 11
#1112-d131 @A: 24 15 10 03 | 04
#1113-d131 @A: 32 17 33 12 | 06
#1114-d131 @A: 04 34 24 17 | 08
#1115-d131 @A: 34 17 16 12 | 02
#1116-d131 @A: 17 10 23 34 | 03
#1117-d131 @A: 27 33 22 30 | 01
#1118-d131 @A: 26 33 34 32 | 12
#1119-d131 @A: 33 08 04 34 | 05
#1120-d131 @A: 22 20 34 23 | 07
#1121-d131 @A: 06 22 03 24 | 09
#1122-d131 @A: 22 06 32 02 | 10
#1123-d131 @A: 24 22 04 10 | 11
#1124-d131 @A: 13 34 23 16 | 04
#1125-d131 @A: 32 13 23 04 | 06
#1126-d131 @A: 13 02 29 10 | 08
#1127-d131 @A: 06 30 29 05 | 02
#1128-d131 @A: 02 27 06 01 | 03
#1129-d131 @A: 04 05 27 03 | 01
#1130-d131 @A: 27 16 24 29 | 12
#1131-d131 @A: 05 08 27 34 | 05
#1132-d131 @A: 24 20 01 32 | 07
#1133-d131 @A: 08 23 32 10 | 09
#1134-d131 @A: 01 28 30 31 | 10
#1135-d131 @A: 31 24 07 19 | 11
#1136-d131 @A: 13 31 19 34 | 04
#1137-d131 @A: 04 30 19 31 | 06
#1138-d131 @A: 15 18 31 03 | 08
#1139-d131 @A: 22 25 31 35 | 02
#1140-d131 @A: 31 12 05 14 | 03
#1141-d131 @A: 31 10 13 11 | 01
#1142-d131 @A: 21 06 33 31 | 12
#1143-d131 @A: 31 03 32 07 | 05
#1144-d131 @A: 15 31 04 24 | 07
#1145-d131 @A: 31 03 13 17 | 09
#1146-d131 @A: 31 06 03 20 | 10
#1147-d131 @A: 34 31 24 06 | 11
#1148-d131 @A: 01 31 06 10 | 04
#1149-d131 @A: 12 03 24 31 | 06
#1150-d131 @A: 01 29 16 31 | 08
#1151-d131 @A: 14 28 17 18 | 02
#1152-d131 @A: 09 24 35 28 | 03
#1153-d131 @A: 14 11 29 28 | 01
#1154-d131 @A: 06 28 14 27 | 12
#1155-d131 @A: 03 28 30 25 | 05
#1156-d131 @A: 02 32 28 25 | 07
#1157-d131 @A: 04 11 28 21 | 09
#1158-d131 @A: 11 33 28 08 | 10
#1159-d131 @A: 08 12 28 21 | 11
#1160-d131 @A: 09 28 07 08 | 04
#1161-d131 @A: 07 28 23 27 | 06
#1162-d131 @A: 20 15 28 17 | 08
#1163-d131 @A: 15 16 23 28 | 02
#1164-d131 @A: 22 28 29 30 | 03
#1165-d131 @A: 06 28 10 22 | 01
#1166-d131 @A: 20 03 28 01 | 12
#1167-d131 @A: 28 23 34 06 | 05
#1168-d131 @A: 28 16 08 04 | 07
#1169-d131 @A: 35 21 34 19 | 09
#1170-d131 @A: 06 19 35 32 | 10
#1171-d131 @A: 01 29 19 25 | 11
#1172-d131 @A: 11 02 19 29 | 04
#1173-d131 @A: 07 04 21 19 | 06
#1174-d131 @A: 06 07 19 33 | 08
#1175-d131 @A: 19 22 26 15 | 02
#1176-d131 @A: 19 33 23 17 | 03
#1177-d131 @A: 30 26 17 19 | 01
#1178-d131 @A: 19 17 10 29 | 12
#1179-d131 @A: 19 27 33 32 | 05
#1180-d131 @A: 33 24 19 10 | 07
#1181-d131 @A: 22 05 19 34 | 09
#1182-d131 @A: 03 10 19 26 | 10
#1183-d131 @A: 19 06 34 04 | 11
#1184-d131 @A: 09 11 18 24 | 04
#1185-d131 @A: 11 10 04 18 | 06
#1186-d131 @A: 18 20 21 07 | 08
#1187-d131 @A: 21 32 18 05 | 02
#1188-d131 @A: 18 05 33 09 | 03
#1189-d131 @A: 23 18 09 34 | 01
#1190-d131 @A: 17 18 29 30 | 12
#1191-d131 @A: 18 34 30 22 | 05
#1192-d131 @A: 18 27 22 26 | 07
#1193-d131 @A: 18 24 04 26 | 09
#1194-d131 @A: 12 18 23 26 | 10
#1195-d131 @A: 01 16 18 23 | 11
#1196-d131 @A: 08 18 29 10 | 04
#1197-d131 @A: 27 35 23 14 | 06
#1198-d131 @A: 35 27 25 20 | 08
#1199-d131 @A: 21 04 09 35 | 02
#1200-d131 @A: 32 23 21 35 | 03
#1201-d131 @A: 35 09 27 06 | 01
#1202-d131 @A: 27 26 35 33 | 12
#1203-d131 @A: 24 05 35 27 | 05
#1204-d131 @A: 35 10 02 03 | 07
#1205-d131 @A: 35 08 03 05 | 09
#1206-d131 @A: 23 08 35 01 | 10
#1207-d131 @A: 09 15 25 14 | 11
#1208-d131 @A: 30 14 25 24 | 04
#1209-d131 @A: 14 02 25 05 | 06
#1210-d131 @A: 21 14 13 09 | 08
#1211-d131 @A: 05 06 15 14 | 02
#1212-d131 @A: 33 03 30 14 | 03
#1213-d131 @A: 23 09 03 25 | 01
#1214-d131 @A: 23 15 17 25 | 12
#1215-d131 @A: 25 12 29 02 | 05
#1216-d131 @A: 21 20 11 33 | 07
#1217-d131 @A: 11 21 22 12 | 09
#1218-d131 @A: 03 02 11 12 | 10
#1219-d131 @A: 23 11 24 05 | 11
#1220-d131 @A: 11 12 10 01 | 04
#1221-d131 @A: 15 01 21 07 | 06
#1222-d131 @A: 13 21 07 12 | 08
#1223-d131 @A: 32 21 12 07 | 02
#1224-d131 @A: 21 09 27 01 | 03
#1225-d131 @A: 16 33 21 17 | 01
#1226-d131 @A: 23 20 21 03 | 12
#1227-d131 @A: 13 26 15 07 | 05
#1228-d131 @A: 16 07 30 17 | 07
#1229-d131 @A: 33 07 34 27 | 09
#1230-d131 @A: 10 30 07 22 | 10
#1231-d131 @A: 24 02 07 04 | 11
#1232-d131 @A: 17 26 15 09 | 04
#1233-d131 @A: 30 09 15 06 | 06
#1234-d131 @A: 02 09 17 13 | 08
#1235-d131 @A: 10 17 08 09 | 02
#1236-d131 @A: 09 32 22 13 | 03
#1237-d131 @A: 12 29 27 09 | 01
#1238-d131 @A: 03 04 06 09 | 12
#1239-d131 @A: 05 32 09 10 | 05
#1240-d131 @A: 20 33 03 15 | 07
#1241-d131 @A: 26 29 34 15 | 09
#1242-d131 @A: 26 15 05 16 | 10
#1243-d131 @A: 01 02 15 16 | 11
#1244-d131 @A: 10 17 33 27 | 04
#1245-d131 @A: 17 22 06 20 | 06
#1246-d131 @A: 17 20 01 24 | 08
#1247-d131 @A: 23 17 06 01 | 02
#1248-d131 @A: 08 03 17 24 | 03
#1249-d131 @A: 17 03 04 10 | 01
#1250-d131 @A: 12 02 17 24 | 12
#1251-d131 @A: 17 05 29 34 | 05
#1252-d131 @A: 17 02 32 23 | 07
#1253-d131 @A: 22 12 33 26 | 09
#1254-d131 @A: 30 33 26 13 | 10
#1255-d131 @A: 20 04 05 33 | 11
#1256-d131 @A: 05 24 16 33 | 04
#1257-d131 @A: 06 22 34 12 | 06
#1258-d131 @A: 32 08 22 24 | 08
#1259-d131 @A: 05 22 08 16 | 02
#1260-d131 @A: 03 13 05 20 | 03
#1261-d131 @A: 24 13 08 34 | 01
#1262-d131 @A: 01 24 12 13 | 12
#1263-d131 @A: 27 04 12 30 | 05
#1264-d131 @A: 05 30 34 20 | 07
#1265-d131 @A: 16 10 29 30 | 09
#1266-d131 @A: 12 27 23 20 | 10
#1267-d131 @A: 20 12 27 32 | 11
#1268-d131 @A: 01 20 05 27 | 04
#1269-d131 @A: 23 35 31 28 | 06
#1270-d131 @A: 14 28 31 21 | 08
#1271-d131 @A: 19 31 18 26 | 02
#1272-d131 @A: 19 17 09 31 | 03
#1273-d131 @A: 18 09 02 31 | 01
#1274-d131 @A: 16 22 18 31 | 12
#1275-d131 @A: 35 33 03 31 | 05
#1276-d131 @A: 31 23 25 27 | 07
#1277-d131 @A: 01 31 24 25 | 09
#1278-d131 @A: 04 11 09 31 | 10
#1279-d131 @A: 31 29 11 15 | 11
#1280-d131 @A: 26 31 11 33 | 04
#1281-d131 @A: 05 22 11 31 | 06
#1282-d131 @A: 03 27 11 31 | 08
#1283-d131 @A: 09 21 12 31 | 02
#1284-d131 @A: 21 13 31 15 | 03
#1285-d131 @A: 15 31 05 33 | 01
#1286-d131 @A: 12 33 31 13 | 12
#1287-d131 @A: 16 33 31 27 | 05
#1288-d131 @A: 29 02 24 31 | 07
#1289-d131 @A: 05 31 04 23 | 09
#1290-d131 @A: 27 01 19 28 | 10
#1291-d131 @A: 18 28 09 06 | 11
#1292-d131 @A: 32 28 29 35 | 04
#1293-d131 @A: 14 25 04 28 | 06
#1294-d131 @A: 28 15 34 14 | 08
#1295-d131 @A: 25 28 20 07 | 02
#1296-d131 @A: 25 20 32 28 | 03
#1297-d131 @A: 08 29 25 28 | 01
#1298-d131 @A: 15 10 28 11 | 12
#1299-d131 @A: 07 06 28 15 | 05
#1300-d131 @A: 10 28 13 32 | 07
#1301-d131 @A: 30 28 26 20 | 09
#1302-d131 @A: 34 10 26 28 | 10
#1303-d131 @A: 02 24 06 28 | 11
#1304-d131 @A: 35 19 33 18 | 04
#1305-d131 @A: 17 05 19 18 | 06
#1306-d131 @A: 19 11 24 35 | 08
#1307-d131 @A: 19 22 06 35 | 02
#1308-d131 @A: 32 19 14 11 | 03
#1309-d131 @A: 19 14 20 27 | 01
#1310-d131 @A: 25 19 03 15 | 12
#1311-d131 @A: 25 16 19 22 | 05
#1312-d131 @A: 02 30 25 19 | 07
#1313-d131 @A: 21 22 32 19 | 09
#1314-d131 @A: 13 29 07 19 | 10
#1315-d131 @A: 30 07 20 19 | 11
#1316-d131 @A: 19 01 07 26 | 04
#1317-d131 @A: 17 27 19 04 | 06
#1318-d131 @A: 10 13 01 19 | 08
#1319-d131 @A: 26 19 34 23 | 02
#1320-d131 @A: 19 04 02 01 | 03
#1321-d131 @A: 05 23 19 01 | 01
#1322-d131 @A: 35 13 29 18 | 12
#1323-d131 @A: 18 26 14 15 | 05
#1324-d131 @A: 04 21 18 23 | 07
#1325-d131 @A: 02 18 15 07 | 09
#1326-d131 @A: 07 03 18 33 | 10
#1327-d131 @A: 29 22 15 18 | 11
#1328-d131 @A: 18 01 13 17 | 04
#1329-d131 @A: 34 18 17 26 | 06
#1330-d131 @A: 26 08 18 33 | 08
#1331-d131 @A: 18 08 13 04 | 02
#1332-d131 @A: 10 18 20 03 | 03
#1333-d131 @A: 24 18 20 12 | 01
#1334-d131 @A: 25 35 11 04 | 12
#1335-d131 @A: 04 32 25 35 | 05
#1336-d131 @A: 35 15 21 20 | 07
#1337-d131 @A: 21 17 35 10 | 09
#1338-d131 @A: 35 08 07 24 | 10
#1339-d131 @A: 22 30 12 35 | 11
#1340-d131 @A: 35 16 20 02 | 04
#1341-d131 @A: 11 09 14 16 | 06
#1342-d131 @A: 15 14 12 11 | 08
#1343-d131 @A: 27 14 03 21 | 02
#1344-d131 @A: 23 21 12 14 | 03
#1345-d131 @A: 17 13 23 14 | 01
#1346-d131 @A: 30 14 17 06 | 12
#1347-d131 @A: 27 34 10 14 | 05
#1348-d131 @A: 05 24 14 04 | 07
#1349-d131 @A: 10 12 14 08 | 09
#1350-d131 @A: 11 25 23 22 | 10
#1351-d131 @A: 27 06 11 25 | 11
#1352-d131 @A: 09 27 25 30 | 04
#1353-d131 @A: 15 13 04 25 | 06
#1354-d131 @A: 25 30 15 12 | 08
#1355-d131 @A: 17 25 13 05 | 02
#1356-d131 @A: 25 33 03 02 | 03
#1357-d131 @A: 03 25 06 12 | 01
#1358-d131 @A: 23 04 25 06 | 12
#1359-d131 @A: 03 25 10 05 | 05
#1360-d131 @A: 11 15 01 17 | 07
#1361-d131 @A: 15 30 24 11 | 09
#1362-d131 @A: 20 02 11 17 | 10
#1363-d131 @A: 13 26 32 11 | 11
#1364-d131 @A: 05 11 02 26 | 04
#1365-d131 @A: 06 23 16 11 | 06
#1366-d131 @A: 24 11 16 03 | 08
#1367-d131 @A: 11 01 04 34 | 02
#1368-d131 @A: 09 33 21 07 | 03
#1369-d131 @A: 08 22 15 21 | 01
#1370-d131 @A: 21 29 26 20 | 12
#1371-d131 @A: 21 08 03 29 | 05
#1372-d131 @A: 15 07 10 17 | 07
#1373-d131 @A: 32 07 22 15 | 09
#1374-d131 @A: 04 07 30 33 | 10
#1375-d131 @A: 32 07 20 04 | 11
#1376-d131 @A: 06 05 34 07 | 04
#1377-d131 @A: 34 32 07 06 | 06
#1378-d131 @A: 06 07 10 04 | 08
#1379-d131 @A: 08 05 07 23 | 02
#1380-d131 @A: 09 20 15 08 | 03
#1381-d131 @A: 05 12 16 09 | 01
#1382-d131 @A: 27 15 17 29 | 12
#1383-d131 @A: 16 15 13 06 | 05
#1384-d131 @A: 30 10 02 15 | 07
#1385-d131 @A: 10 23 15 06 | 09
#1386-d131 @A: 12 08 15 06 | 10
#1387-d131 @A: 15 34 03 05 | 11
#1388-d131 @A: 12 16 15 03 | 04
#1389-d131 @A: 02 04 34 15 | 06
#1390-d131 @A: 01 10 15 08 | 08
#1391-d131 @A: 15 10 05 29 | 02
#1392-d131 @A: 30 33 17 12 | 03
#1393-d131 @A: 27 32 17 13 | 01
#1394-d131 @A: 03 17 29 20 | 12
#1395-d131 @A: 03 01 17 05 | 05
#1396-d131 @A: 33 02 16 13 | 07
#1397-d131 @A: 01 10 29 33 | 09
#1398-d131 @A: 32 22 29 26 | 10
#1399-d131 @A: 22 02 16 06 | 11
#1400-d131 @A: 01 06 22 08 | 04
#1401-d131 @A: 34 16 22 04 | 06
#1402-d131 @A: 22 10 02 08 | 08
#1403-d131 @A: 02 13 20 08 | 02
#1404-d131 @A: 34 27 06 20 | 03
#1405-d131 @A: 10 27 08 26 | 01
#1406-d131 @A: 31 33 28 24 | 12
#1407-d131 @A: 18 12 31 35 | 05
#1408-d131 @A: 14 31 26 07 | 07
#1409-d131 @A: 23 31 11 34 | 09
#1410-d131 @A: 31 22 24 30 | 10
#1411-d131 @A: 04 31 02 26 | 11
#1412-d131 @A: 03 32 08 31 | 04
#1413-d131 @A: 29 12 34 31 | 06
#1414-d131 @A: 19 15 28 08 | 08
#1415-d131 @A: 14 28 02 35 | 02
#1416-d131 @A: 21 35 05 28 | 03
#1417-d131 @A: 28 35 03 15 | 01
#1418-d131 @A: 28 23 14 30 | 12
#1419-d131 @A: 14 24 16 28 | 05
#1420-d131 @A: 21 28 26 09 | 07
#1421-d131 @A: 23 07 32 28 | 09
#1422-d131 @A: 09 30 04 28 | 10
#1423-d131 @A: 03 28 17 22 | 11
#1424-d131 @A: 28 34 13 22 | 04
#1425-d131 @A: 32 01 22 28 | 06
#1426-d131 @A: 28 04 26 27 | 08
#1427-d131 @A: 12 02 28 10 | 02
#1428-d131 @A: 19 18 22 07 | 03
#1429-d131 @A: 18 19 04 29 | 01
#1430-d131 @A: 23 19 11 14 | 12
#1431-d131 @A: 19 14 02 09 | 05
#1432-d131 @A: 19 26 24 09 | 07
#1433-d131 @A: 34 19 17 02 | 09
#1434-d131 @A: 29 33 30 19 | 10
#1435-d131 @A: 12 04 19 03 | 11
#1436-d131 @A: 16 19 29 32 | 04
#1437-d131 @A: 35 22 03 18 | 06
#1438-d131 @A: 32 24 18 14 | 08
#1439-d131 @A: 22 18 11 01 | 02
#1440-d131 @A: 18 27 12 11 | 03
#1441-d131 @A: 23 10 18 07 | 01
#1442-d131 @A: 03 18 13 09 | 12
#1443-d131 @A: 01 33 27 18 | 05
#1444-d131 @A: 18 16 33 29 | 07
#1445-d131 @A: 18 29 30 32 | 09
#1446-d131 @A: 02 26 18 03 | 10
#1447-d131 @A: 14 13 35 20 | 11
#1448-d131 @A: 25 08 13 35 | 04
#1449-d131 @A: 11 12 09 35 | 06
#1450-d131 @A: 34 35 11 13 | 08
#1451-d131 @A: 02 09 35 07 | 02
#1452-d131 @A: 33 35 07 23 | 03
#1453-d131 @A: 33 35 08 09 | 01
#1454-d131 @A: 16 15 17 35 | 12
#1455-d131 @A: 33 29 35 02 | 05
#1456-d131 @A: 29 27 35 22 | 07
#1457-d131 @A: 16 06 35 08 | 09
#1458-d131 @A: 32 14 21 25 | 10
#1459-d131 @A: 30 14 11 20 | 11
#1460-d131 @A: 15 10 21 14 | 04
#1461-d131 @A: 03 17 14 12 | 06
#1462-d131 @A: 14 16 03 26 | 08
#1463-d131 @A: 04 01 14 16 | 02
#1464-d131 @A: 08 23 14 04 | 03
#1465-d131 @A: 25 11 34 17 | 01
#1466-d131 @A: 27 21 25 08 | 12
#1467-d131 @A: 08 07 25 15 | 05
#1468-d131 @A: 07 05 33 25 | 07
#1469-d131 @A: 09 24 17 25 | 09
#1470-d131 @A: 10 33 25 15 | 10
#1471-d131 @A: 25 15 26 27 | 11
#1472-d131 @A: 15 25 06 20 | 04
#1473-d131 @A: 25 22 26 17 | 06
#1474-d131 @A: 27 22 10 25 | 08
#1475-d131 @A: 29 25 04 20 | 02
#1476-d131 @A: 25 03 24 26 | 03
#1477-d131 @A: 08 25 34 23 | 01
#1478-d131 @A: 05 12 25 08 | 12
#1479-d131 @A: 21 23 11 27 | 05
#1480-d131 @A: 22 16 11 07 | 07
#1481-d131 @A: 27 09 26 11 | 09
#1482-d131 @A: 22 06 29 11 | 10
#1483-d131 @A: 16 27 11 01 | 11
#1484-d131 @A: 06 11 20 12 | 04
#1485-d131 @A: 26 01 11 06 | 06
#1486-d131 @A: 02 34 08 11 | 08
#1487-d131 @A: 11 01 05 08 | 02
#1488-d131 @A: 07 30 03 21 | 03
#1489-d131 @A: 33 32 30 21 | 01
#1490-d131 @A: 21 13 26 03 | 12
#1491-d131 @A: 07 15 29 09 | 05
#1492-d131 @A: 33 24 07 15 | 07
#1493-d131 @A: 07 01 34 17 | 09
#1494-d131 @A: 07 05 32 08 | 10
#1495-d131 @A: 32 29 07 02 | 11
#1496-d131 @A: 01 09 33 17 | 04
#1497-d131 @A: 16 09 34 33 | 06
#1498-d131 @A: 23 12 09 06 | 08
#1499-d131 @A: 23 24 10 09 | 02
#1500-d131 @A: 04 05 09 08 | 03
#1501-d131 @A: 05 04 22 15 | 01
#1502-d131 @A: 27 32 15 04 | 12
#1503-d131 @A: 26 04 20 15 | 05
#1504-d131 @A: 15 01 20 12 | 07
#1505-d131 @A: 15 26 32 24 | 09
#1506-d131 @A: 24 15 12 05 | 10
#1507-d131 @A: 24 16 23 17 | 11
#1508-d131 @A: 33 23 01 22 | 04
#1509-d131 @A: 23 33 27 06 | 06
#1510-d131 @A: 06 34 33 26 | 08
#1511-d131 @A: 26 04 33 23 | 02
#1512-d131 @A: 02 01 33 26 | 03
#1513-d131 @A: 06 16 04 33 | 01
#1514-d131 @A: 03 01 27 22 | 12
#1515-d131 @A: 03 20 26 22 | 05
#1516-d131 @A: 26 22 24 16 | 07
#1517-d131 @A: 08 22 03 04 | 09
#1518-d131 @A: 02 22 03 29 | 10
#1519-d131 @A: 22 08 23 24 | 11
#1520-d131 @A: 20 10 26 13 | 04
#1521-d131 @A: 02 34 13 26 | 06
#1522-d131 @A: 01 08 26 13 | 08
#1523-d131 @A: 13 16 24 10 | 02
#1524-d131 @A: 10 20 30 27 | 03
#1525-d131 @A: 20 30 24 06 | 01
#1526-d131 @A: 16 30 34 03 | 12
#1527-d131 @A: 08 01 04 30 | 05
#1528-d131 @A: 26 01 24 27 | 07
#1529-d131 @A: 10 27 29 03 | 09
#1530-d131 @A: 27 02 32 16 | 10
#1531-d131 @A: 16 32 06 20 | 11
#1532-d131 @A: 02 26 01 32 | 04
#1533-d131 @A: 06 12 03 32 | 06
#1534-d131 @A: 34 32 08 16 | 08
#1535-d131 @A: 05 31 17 28 | 02
#1536-d131 @A: 13 20 31 28 | 03
#1537-d131 @A: 06 28 12 31 | 01
#1538-d131 @A: 34 28 31 03 | 12
#1539-d131 @A: 29 31 07 18 | 05
#1540-d131 @A: 10 18 32 31 | 07
#1541-d131 @A: 25 31 02 15 | 09
#1542-d131 @A: 31 33 25 34 | 10
#1543-d131 @A: 31 03 08 25 | 11
#1544-d131 @A: 27 21 31 30 | 04
#1545-d131 @A: 08 31 07 13 | 06
#1546-d131 @A: 13 29 31 09 | 08
#1547-d131 @A: 31 23 09 16 | 02
#1548-d131 @A: 31 33 32 20 | 03
#1549-d131 @A: 31 20 24 05 | 01
#1550-d131 @A: 31 34 04 20 | 12
#1551-d131 @A: 20 31 01 23 | 05
#1552-d131 @A: 26 16 12 31 | 07
#1553-d131 @A: 31 24 08 10 | 09
#1554-d131 @A: 19 28 10 14 | 10
#1555-d131 @A: 28 25 19 05 | 11
#1556-d131 @A: 25 12 18 28 | 04
#1557-d131 @A: 11 18 13 28 | 06
#1558-d131 @A: 18 21 03 28 | 08
#1559-d131 @A: 26 28 14 13 | 02
#1560-d131 @A: 01 11 09 28 | 03
#1561-d131 @A: 11 28 12 24 | 01
#1562-d131 @A: 34 21 28 17 | 12
#1563-d131 @A: 28 12 07 01 | 05
#1564-d131 @A: 17 28 01 10 | 07
#1565-d131 @A: 22 28 05 33 | 09
#1566-d131 @A: 33 27 28 03 | 10
#1567-d131 @A: 05 32 28 27 | 11
#1568-d131 @A: 06 03 26 28 | 04
#1569-d131 @A: 03 12 28 23 | 06
#1570-d131 @A: 02 28 34 29 | 08
#1571-d131 @A: 16 02 28 05 | 02
#1572-d131 @A: 14 05 35 19 | 03
#1573-d131 @A: 35 30 08 19 | 01
#1574-d131 @A: 01 19 35 20 | 12
#1575-d131 @A: 29 19 14 22 | 05
#1576-d131 @A: 14 12 19 24 | 07
#1577-d131 @A: 20 19 11 04 | 09
#1578-d131 @A: 21 19 33 05 | 10
#1579-d131 @A: 15 19 33 01 | 11
#1580-d131 @A: 02 33 27 19 | 04
#1581-d131 @A: 12 19 13 22 | 06
#1582-d131 @A: 26 16 29 19 | 08
#1583-d131 @A: 19 24 01 03 | 02
#1584-d131 @A: 03 19 05 16 | 03
#1585-d131 @A: 16 24 08 19 | 01
#1586-d131 @A: 05 19 10 12 | 12
#1587-d131 @A: 22 14 18 06 | 05
#1588-d131 @A: 18 07 25 34 | 07
#1589-d131 @A: 26 21 18 05 | 09
#1590-d131 @A: 18 27 07 06 | 10
#1591-d131 @A: 33 08 32 18 | 11
#1592-d131 @A: 06 18 29 34 | 04
#1593-d131 @A: 12 18 06 04 | 06
#1594-d131 @A: 18 05 23 03 | 08
#1595-d131 @A: 18 02 24 10 | 02
#1596-d131 @A: 02 29 01 18 | 03
#1597-d131 @A: 11 15 26 35 | 01
#1598-d131 @A: 12 35 32 09 | 12
#1599-d131 @A: 04 10 35 33 | 05
#1600-d131 @A: 16 35 26 32 | 07
#1601-d131 @A: 16 29 03 35 | 09
#1602-d131 @A: 01 16 35 24 | 10
#1603-d131 @A: 12 10 23 35 | 11
#1604-d131 @A: 01 14 32 21 | 04
#1605-d131 @A: 07 26 14 32 | 06
#1606-d131 @A: 05 14 09 17 | 08
#1607-d131 @A: 27 14 09 04 | 02
#1608-d131 @A: 14 03 09 32 | 03
#1609-d131 @A: 16 15 14 27 | 01
#1610-d131 @A: 33 13 14 05 | 12
#1611-d131 @A: 05 08 20 14 | 05
#1612-d131 @A: 12 14 32 04 | 07
#1613-d131 @A: 30 25 10 11 | 09
#1614-d131 @A: 22 21 25 20 | 10
#1615-d131 @A: 21 13 25 29 | 11
#1616-d131 @A: 24 21 23 25 | 04
#1617-d131 @A: 06 13 07 25 | 06
#1618-d131 @A: 09 26 25 33 | 08
#1619-d131 @A: 17 25 27 02 | 02
#1620-d131 @A: 22 06 25 33 | 03
#1621-d131 @A: 01 13 33 25 | 01
#1622-d131 @A: 30 25 34 13 | 12
#1623-d131 @A: 02 13 24 25 | 05
#1624-d131 @A: 25 30 08 32 | 07
#1625-d131 @A: 25 34 02 06 | 09
#1626-d131 @A: 04 24 08 25 | 10
#1627-d131 @A: 16 34 25 01 | 11
#1628-d131 @A: 25 04 16 05 | 04
#1629-d131 @A: 07 11 10 21 | 06
#1630-d131 @A: 09 34 11 21 | 08
#1631-d131 @A: 09 33 02 11 | 02
#1632-d131 @A: 30 17 11 27 | 03
#1633-d131 @A: 22 34 11 24 | 01
#1634-d131 @A: 13 04 06 11 | 12
#1635-d131 @A: 08 11 20 03 | 05
#1636-d131 @A: 06 08 32 11 | 07
#1637-d131 @A: 04 11 16 12 | 09
#1638-d131 @A: 21 30 23 15 | 10
#1639-d131 @A: 27 17 06 21 | 11
#1640-d131 @A: 06 01 21 20 | 04
#1641-d131 @A: 34 08 21 26 | 06
#1642-d131 @A: 21 23 34 05 | 08
#1643-d131 @A: 30 09 07 32 | 02
#1644-d131 @A: 05 30 15 07 | 03
#1645-d131 @A: 27 24 07 17 | 01
#1646-d131 @A: 08 22 07 33 | 12
#1647-d131 @A: 23 13 07 22 | 05
#1648-d131 @A: 02 07 27 22 | 07
#1649-d131 @A: 23 16 20 07 | 09
#1650-d131 @A: 05 26 07 10 | 10
#1651-d131 @A: 34 03 12 07 | 11
#1652-d131 @A: 08 07 01 03 | 04
#1653-d131 @A: 07 23 34 04 | 06
#1654-d131 @A: 33 15 23 09 | 08
#1655-d131 @A: 20 33 27 09 | 02
#1656-d131 @A: 24 09 13 22 | 03
#1657-d131 @A: 20 29 09 34 | 01
#1658-d131 @A: 32 08 09 26 | 12
#1659-d131 @A: 10 09 06 29 | 05
#1660-d131 @A: 02 08 06 09 | 07
#1661-d131 @A: 12 10 09 34 | 09
#1662-d131 @A: 20 02 15 29 | 10
#1663-d131 @A: 15 01 06 04 | 11
#1664-d131 @A: 17 12 26 01 | 04
#1665-d131 @A: 06 10 17 32 | 06
#1666-d131 @A: 23 02 17 03 | 08
#1667-d131 @A: 32 17 01 29 | 02
#1668-d131 @A: 33 23 30 05 | 03
#1669-d131 @A: 20 06 29 33 | 01
#1670-d131 @A: 23 10 20 33 | 12
#1671-d131 @A: 12 20 08 33 | 05
#1672-d131 @A: 16 33 10 26 | 07
#1673-d131 @A: 32 24 06 33 | 09
#1674-d131 @A: 33 01 24 08 | 10
#1675-d131 @A: 12 33 23 02 | 11
#1676-d131 @A: 23 22 05 06 | 04
#1677-d131 @A: 22 10 23 29 | 06
#1678-d131 @A: 20 13 04 24 | 08
#1679-d131 @A: 03 29 13 24 | 02
#1680-d131 @A: 03 13 23 04 | 03
#1681-d131 @A: 01 13 05 34 | 01
#1682-d131 @A: 26 02 30 27 | 12
#1683-d131 @A: 30 20 04 03 | 05
#1684-d131 @A: 23 12 30 24 | 07
#1685-d131 @A: 23 30 32 24 | 09
#1686-d131 @A: 08 27 20 04 | 10
#1687-d131 @A: 10 04 01 27 | 11
#1688-d131 @A: 32 20 03 02 | 04
#1689-d131 @A: 16 03 32 10 | 06
