#0001-d132 @A: 26 20 35 15 | 11
#0002-d132 @A: 15 26 09 06 | 05
#0003-d132 @A: 15 11 25 26 | 02
#0004-d132 @A: 15 31 16 28 | 07
#0005-d132 @A: 15 30 09 04 | 03
#0006-d132 @A: 31 15 04 21 | 08
#0007-d132 @A: 20 13 06 15 | 12
#0008-d132 @A: 33 22 15 06 | 04
#0009-d132 @A: 10 20 15 25 | 01
#0010-d132 @A: 20 08 15 09 | 10
#0011-d132 @A: 31 11 01 15 | 06
#0012-d132 @A: 05 22 30 15 | 09
#0013-d132 @A: 15 21 27 19 | 11
#0014-d132 @A: 11 13 15 05 | 05
#0015-d132 @A: 15 14 13 12 | 02
#0016-d132 @A: 29 33 15 02 | 07
#0017-d132 @A: 28 26 16 19 | 03
#0018-d132 @A: 27 35 04 26 | 08
#0019-d132 @A: 30 04 05 26 | 12
#0020-d132 @A: 08 17 07 26 | 04
#0021-d132 @A: 33 27 17 26 | 01
#0022-d132 @A: 07 26 11 32 | 10
#0023-d132 @A: 20 08 01 26 | 06
#0024-d132 @A: 16 26 20 34 | 09
#0025-d132 @A: 26 21 19 01 | 11
#0026-d132 @A: 18 13 26 07 | 05
#0027-d132 @A: 25 03 26 31 | 02
#0028-d132 @A: 19 25 26 09 | 07
#0029-d132 @A: 33 26 25 10 | 03
#0030-d132 @A: 19 08 34 26 | 08
#0031-d132 @A: 23 26 24 08 | 12
#0032-d132 @A: 31 26 10 29 | 04
#0033-d132 @A: 11 28 08 04 | 01
#0034-d132 @A: 02 17 18 28 | 10
#0035-d132 @A: 03 28 17 23 | 06
#0036-d132 @A: 35 03 28 32 | 09
#0037-d132 @A: 28 35 06 23 | 11
#0038-d132 @A: 01 28 35 19 | 05
#0039-d132 @A: 21 35 28 34 | 02
#0040-d132 @A: 06 28 16 30 | 07
#0041-d132 @A: 20 28 30 23 | 03
#0042-d132 @A: 28 11 20 31 | 08
#0043-d132 @A: 33 20 18 28 | 12
#0044-d132 @A: 28 18 22 19 | 04
#0045-d132 @A: 33 22 28 08 | 01
#0046-d132 @A: 28 09 27 11 | 10
#0047-d132 @A: 28 21 16 33 | 06
#0048-d132 @A: 30 18 28 05 | 09
#0049-d132 @A: 30 19 29 28 | 11
#0050-d132 @A: 19 28 23 13 | 05
#0051-d132 @A: 13 24 28 31 | 02
#0052-d132 @A: 04 06 29 35 | 07
#0053-d132 @A: 16 35 04 14 | 03
#0054-d132 @A: 24 04 35 11 | 08
#0055-d132 @A: 04 32 18 29 | 12
#0056-d132 @A: 03 11 20 04 | 04
#0057-d132 @A: 12 04 29 20 | 01
#0058-d132 @A: 13 01 04 22 | 10
#0059-d132 @A: 04 16 29 07 | 06
#0060-d132 @A: 02 11 07 04 | 09
#0061-d132 @A: 04 31 30 25 | 11
#0062-d132 @A: 10 04 29 30 | 05
#0063-d132 @A: 13 19 29 04 | 02
#0064-d132 @A: 24 04 34 31 | 07
#0065-d132 @A: 17 10 06 35 | 03
#0066-d132 @A: 17 35 30 22 | 08
#0067-d132 @A: 35 17 23 22 | 12
#0068-d132 @A: 20 06 02 17 | 04
#0069-d132 @A: 07 06 17 24 | 01
#0070-d132 @A: 06 17 22 12 | 10
#0071-d132 @A: 05 17 20 30 | 06
#0072-d132 @A: 20 13 17 11 | 09
#0073-d132 @A: 21 01 18 17 | 11
#0074-d132 @A: 10 33 01 17 | 05
#0075-d132 @A: 17 21 07 19 | 02
#0076-d132 @A: 27 22 09 17 | 07
#0077-d132 @A: 22 17 34 18 | 03
#0078-d132 @A: 25 17 16 21 | 08
#0079-d132 @A: 16 17 10 14 | 12
#0080-d132 @A: 17 13 25 09 | 04
#0081-d132 @A: 12 34 19 17 | 01
#0082-d132 @A: 17 34 03 02 | 10
#0083-d132 @A: 27 10 35 32 | 06
#0084-d132 @A: 34 35 06 11 | 09
#0085-d132 @A: 35 08 18 06 | 11
#0086-d132 @A: 11 35 20 07 | 05
#0087-d132 @A: 01 16 35 09 | 02
#0088-d132 @A: 35 21 01 24 | 07
#0089-d132 @A: 03 16 07 35 | 03
#0090-d132 @A: 35 07 14 18 | 08
#0091-d132 @A: 30 27 19 35 | 12
#0092-d132 @A: 03 11 08 35 | 04
#0093-d132 @A: 09 02 12 35 | 01
#0094-d132 @A: 02 10 35 34 | 10
#0095-d132 @A: 19 13 24 35 | 06
#0096-d132 @A: 20 10 32 07 | 09
#0097-d132 @A: 02 07 32 05 | 11
#0098-d132 @A: 32 25 27 16 | 05
#0099-d132 @A: 21 16 32 09 | 02
#0100-d132 @A: 32 11 30 02 | 07
#0101-d132 @A: 32 30 29 33 | 03
#0102-d132 @A: 32 24 11 18 | 08
#0103-d132 @A: 25 13 12 32 | 12
#0104-d132 @A: 12 05 32 33 | 04
#0105-d132 @A: 13 32 05 09 | 01
#0106-d132 @A: 06 19 20 07 | 10
#0107-d132 @A: 02 01 06 14 | 06
#0108-d132 @A: 13 06 23 01 | 09
#0109-d132 @A: 12 05 06 11 | 11
#0110-d132 @A: 05 02 06 34 | 05
#0111-d132 @A: 08 06 13 34 | 02
#0112-d132 @A: 19 23 06 33 | 07
#0113-d132 @A: 06 10 13 09 | 03
#0114-d132 @A: 01 07 20 16 | 08
#0115-d132 @A: 20 01 02 21 | 12
#0116-d132 @A: 20 23 01 24 | 04
#0117-d132 @A: 27 21 14 20 | 01
#0118-d132 @A: 25 20 08 31 | 10
#0119-d132 @A: 31 14 20 03 | 06
#0120-d132 @A: 29 13 20 14 | 09
#0121-d132 @A: 03 31 21 01 | 11
#0122-d132 @A: 09 01 29 34 | 05
#0123-d132 @A: 31 05 29 01 | 02
#0124-d132 @A: 16 07 30 02 | 07
#0125-d132 @A: 07 12 11 09 | 03
#0126-d132 @A: 13 25 05 07 | 08
#0127-d132 @A: 29 08 13 07 | 12
#0128-d132 @A: 23 22 31 27 | 04
#0129-d132 @A: 05 13 29 22 | 01
#0130-d132 @A: 30 11 27 33 | 10
#0131-d132 @A: 27 31 24 30 | 06
#0132-d132 @A: 05 31 12 27 | 09
#0133-d132 @A: 19 27 10 05 | 11
#0134-d132 @A: 12 16 11 21 | 05
#0135-d132 @A: 16 29 31 13 | 02
#0136-d132 @A: 11 18 30 14 | 07
#0137-d132 @A: 33 23 30 12 | 03
#0138-d132 @A: 30 24 03 19 | 08
#0139-d132 @A: 34 31 03 30 | 12
#0140-d132 @A: 30 14 31 02 | 04
#0141-d132 @A: 30 02 13 33 | 01
#0142-d132 @A: 30 33 34 19 | 10
#0143-d132 @A: 14 30 05 24 | 06
#0144-d132 @A: 19 21 23 11 | 09
#0145-d132 @A: 10 11 25 12 | 11
#0146-d132 @A: 19 05 09 11 | 05
#0147-d132 @A: 19 08 21 12 | 02
#0148-d132 @A: 08 14 21 33 | 07
#0149-d132 @A: 21 08 24 05 | 03
#0150-d132 @A: 05 21 23 08 | 08
#0151-d132 @A: 34 21 23 29 | 12
#0152-d132 @A: 18 12 10 23 | 04
#0153-d132 @A: 14 29 18 02 | 01
#0154-d132 @A: 18 24 02 31 | 10
#0155-d132 @A: 23 19 25 05 | 06
#0156-d132 @A: 03 23 24 02 | 09
#0157-d132 @A: 32 15 26 12 | 11
#0158-d132 @A: 04 12 28 15 | 05
#0159-d132 @A: 08 15 35 04 | 02
#0160-d132 @A: 25 15 16 04 | 07
#0161-d132 @A: 15 17 20 33 | 03
#0162-d132 @A: 25 17 27 15 | 08
#0163-d132 @A: 15 21 10 35 | 12
#0164-d132 @A: 22 13 15 32 | 04
#0165-d132 @A: 18 15 32 05 | 01
#0166-d132 @A: 27 01 15 03 | 10
#0167-d132 @A: 21 15 30 23 | 06
#0168-d132 @A: 19 15 29 12 | 09
#0169-d132 @A: 23 15 02 31 | 11
#0170-d132 @A: 13 08 33 15 | 05
#0171-d132 @A: 26 18 28 34 | 02
#0172-d132 @A: 23 04 26 19 | 07
#0173-d132 @A: 17 32 19 26 | 03
#0174-d132 @A: 29 20 26 17 | 08
#0175-d132 @A: 26 10 18 17 | 12
#0176-d132 @A: 09 35 08 26 | 04
#0177-d132 @A: 26 32 03 27 | 01
#0178-d132 @A: 18 09 32 26 | 10
#0179-d132 @A: 27 19 26 20 | 06
#0180-d132 @A: 26 09 30 20 | 09
#0181-d132 @A: 26 07 31 01 | 11
#0182-d132 @A: 01 33 02 26 | 05
#0183-d132 @A: 22 16 26 14 | 02
#0184-d132 @A: 33 26 11 22 | 07
#0185-d132 @A: 19 26 11 30 | 03
#0186-d132 @A: 08 18 26 30 | 08
#0187-d132 @A: 26 12 18 14 | 12
#0188-d132 @A: 19 26 10 12 | 04
#0189-d132 @A: 26 12 33 24 | 01
#0190-d132 @A: 24 05 26 02 | 10
#0191-d132 @A: 06 28 04 09 | 06
#0192-d132 @A: 34 04 28 07 | 09
#0193-d132 @A: 28 02 03 04 | 11
#0194-d132 @A: 17 03 30 28 | 05
#0195-d132 @A: 05 28 11 17 | 02
#0196-d132 @A: 14 28 11 35 | 07
#0197-d132 @A: 34 32 28 33 | 03
#0198-d132 @A: 18 24 28 01 | 08
#0199-d132 @A: 28 21 29 11 | 12
#0200-d132 @A: 23 28 21 18 | 04
#0201-d132 @A: 28 19 08 25 | 01
#0202-d132 @A: 33 09 12 28 | 10
#0203-d132 @A: 01 34 04 35 | 06
#0204-d132 @A: 04 22 35 12 | 09
#0205-d132 @A: 35 13 18 04 | 11
#0206-d132 @A: 12 04 11 32 | 05
#0207-d132 @A: 04 21 25 32 | 02
#0208-d132 @A: 04 09 20 18 | 07
#0209-d132 @A: 22 02 04 23 | 03
#0210-d132 @A: 04 11 13 30 | 08
#0211-d132 @A: 18 10 11 04 | 12
#0212-d132 @A: 14 03 04 24 | 04
#0213-d132 @A: 06 14 32 17 | 01
#0214-d132 @A: 31 32 17 11 | 10
#0215-d132 @A: 17 25 18 32 | 06
#0216-d132 @A: 29 06 17 21 | 09
#0217-d132 @A: 17 09 20 01 | 11
#0218-d132 @A: 08 31 17 01 | 05
#0219-d132 @A: 24 30 17 21 | 02
#0220-d132 @A: 17 24 02 25 | 07
#0221-d132 @A: 10 17 31 25 | 03
#0222-d132 @A: 02 17 09 33 | 08
#0223-d132 @A: 10 02 17 13 | 12
#0224-d132 @A: 14 19 17 29 | 04
#0225-d132 @A: 18 35 29 01 | 01
#0226-d132 @A: 34 35 08 22 | 10
#0227-d132 @A: 35 16 08 27 | 06
#0228-d132 @A: 24 27 35 02 | 09
#0229-d132 @A: 27 06 32 19 | 11
#0230-d132 @A: 20 25 30 32 | 05
#0231-d132 @A: 31 01 22 32 | 02
#0232-d132 @A: 32 01 11 03 | 07
#0233-d132 @A: 11 29 32 27 | 03
#0234-d132 @A: 32 18 30 10 | 08
#0235-d132 @A: 25 32 05 29 | 12
#0236-d132 @A: 12 31 32 09 | 04
#0237-d132 @A: 03 33 08 32 | 01
#0238-d132 @A: 23 03 10 32 | 10
#0239-d132 @A: 18 06 07 12 | 06
#0240-d132 @A: 29 27 09 06 | 09
#0241-d132 @A: 30 08 19 06 | 11
#0242-d132 @A: 06 03 29 02 | 05
#0243-d132 @A: 31 23 06 03 | 02
#0244-d132 @A: 02 24 06 13 | 07
#0245-d132 @A: 19 13 06 31 | 03
#0246-d132 @A: 31 21 20 16 | 08
#0247-d132 @A: 02 34 19 20 | 12
#0248-d132 @A: 14 08 34 20 | 04
#0249-d132 @A: 29 08 10 20 | 01
#0250-d132 @A: 19 14 20 33 | 10
#0251-d132 @A: 24 10 33 20 | 06
#0252-d132 @A: 22 01 10 27 | 09
#0253-d132 @A: 12 22 01 11 | 11
#0254-d132 @A: 01 16 31 30 | 05
#0255-d132 @A: 21 16 14 01 | 02
#0256-d132 @A: 01 12 31 13 | 07
#0257-d132 @A: 33 01 23 13 | 03
#0258-d132 @A: 22 07 31 25 | 08
#0259-d132 @A: 34 07 13 19 | 12
#0260-d132 @A: 07 09 24 29 | 04
#0261-d132 @A: 22 03 18 30 | 01
#0262-d132 @A: 18 22 23 14 | 10
#0263-d132 @A: 22 34 05 12 | 06
#0264-d132 @A: 02 34 33 22 | 09
#0265-d132 @A: 18 11 23 27 | 11
#0266-d132 @A: 05 18 29 27 | 05
#0267-d132 @A: 27 33 02 25 | 02
#0268-d132 @A: 27 31 08 02 | 07
#0269-d132 @A: 21 18 30 16 | 03
#0270-d132 @A: 25 05 10 16 | 08
#0271-d132 @A: 16 29 23 19 | 12
#0272-d132 @A: 05 24 16 13 | 04
#0273-d132 @A: 29 13 30 25 | 01
#0274-d132 @A: 12 30 31 33 | 10
#0275-d132 @A: 23 13 30 03 | 06
#0276-d132 @A: 14 11 08 25 | 09
#0277-d132 @A: 34 31 12 11 | 11
#0278-d132 @A: 14 23 03 11 | 05
#0279-d132 @A: 11 08 19 31 | 02
#0280-d132 @A: 21 12 13 18 | 07
#0281-d132 @A: 21 23 12 25 | 03
#0282-d132 @A: 24 21 25 09 | 08
#0283-d132 @A: 03 24 21 10 | 12
#0284-d132 @A: 25 03 19 18 | 04
#0285-d132 @A: 33 18 14 05 | 01
#0286-d132 @A: 26 14 15 04 | 10
#0287-d132 @A: 01 26 10 15 | 06
#0288-d132 @A: 14 21 15 28 | 09
#0289-d132 @A: 15 04 33 01 | 11
#0290-d132 @A: 11 17 08 15 | 05
#0291-d132 @A: 07 35 19 15 | 02
#0292-d132 @A: 35 15 30 34 | 07
#0293-d132 @A: 15 35 33 18 | 03
#0294-d132 @A: 32 33 15 27 | 08
#0295-d132 @A: 15 32 31 02 | 12
#0296-d132 @A: 09 20 23 15 | 04
#0297-d132 @A: 30 21 15 08 | 01
#0298-d132 @A: 25 14 19 15 | 10
#0299-d132 @A: 15 05 25 34 | 06
#0300-d132 @A: 12 03 31 15 | 09
#0301-d132 @A: 12 15 34 02 | 11
#0302-d132 @A: 15 03 34 10 | 05
#0303-d132 @A: 15 08 10 31 | 02
#0304-d132 @A: 14 29 05 15 | 07
#0305-d132 @A: 34 13 29 15 | 03
#0306-d132 @A: 02 06 28 26 | 08
#0307-d132 @A: 09 28 01 26 | 12
#0308-d132 @A: 04 18 26 33 | 04
#0309-d132 @A: 31 26 17 30 | 01
#0310-d132 @A: 07 35 24 26 | 10
#0311-d132 @A: 12 30 06 26 | 06
#0312-d132 @A: 25 20 26 18 | 09
#0313-d132 @A: 31 26 20 24 | 11
#0314-d132 @A: 26 27 01 13 | 05
#0315-d132 @A: 26 23 07 03 | 02
#0316-d132 @A: 26 22 27 25 | 07
#0317-d132 @A: 18 26 02 16 | 03
#0318-d132 @A: 26 14 25 13 | 08
#0319-d132 @A: 13 03 26 08 | 12
#0320-d132 @A: 08 33 29 26 | 04
#0321-d132 @A: 29 13 09 26 | 01
#0322-d132 @A: 32 28 04 05 | 10
#0323-d132 @A: 20 13 28 04 | 06
#0324-d132 @A: 19 04 28 24 | 09
#0325-d132 @A: 17 28 08 06 | 11
#0326-d132 @A: 28 19 20 17 | 05
#0327-d132 @A: 17 01 27 28 | 02
#0328-d132 @A: 34 17 25 28 | 07
#0329-d132 @A: 35 24 28 08 | 03
#0330-d132 @A: 03 07 28 11 | 08
#0331-d132 @A: 28 09 18 07 | 12
#0332-d132 @A: 11 16 28 02 | 04
#0333-d132 @A: 13 30 08 28 | 01
#0334-d132 @A: 28 11 29 23 | 10
#0335-d132 @A: 04 22 17 29 | 06
#0336-d132 @A: 33 04 32 07 | 09
#0337-d132 @A: 21 08 04 01 | 11
#0338-d132 @A: 22 04 27 03 | 05
#0339-d132 @A: 04 27 30 16 | 02
#0340-d132 @A: 19 04 12 27 | 07
#0341-d132 @A: 16 21 04 03 | 03
#0342-d132 @A: 09 14 04 25 | 08
#0343-d132 @A: 04 14 02 19 | 12
#0344-d132 @A: 19 09 08 04 | 04
#0345-d132 @A: 04 13 23 14 | 01
#0346-d132 @A: 17 18 05 35 | 10
#0347-d132 @A: 01 34 17 30 | 06
#0348-d132 @A: 11 16 22 17 | 09
#0349-d132 @A: 27 12 17 11 | 11
#0350-d132 @A: 17 24 03 27 | 05
#0351-d132 @A: 17 13 16 33 | 02
#0352-d132 @A: 23 09 17 21 | 07
#0353-d132 @A: 17 19 08 10 | 03
#0354-d132 @A: 34 08 09 17 | 08
#0355-d132 @A: 34 29 17 10 | 12
#0356-d132 @A: 24 17 29 13 | 04
#0357-d132 @A: 27 06 14 35 | 01
#0358-d132 @A: 25 34 35 07 | 10
#0359-d132 @A: 21 22 35 31 | 06
#0360-d132 @A: 29 22 03 35 | 09
#0361-d132 @A: 23 19 18 35 | 11
#0362-d132 @A: 03 35 25 14 | 05
#0363-d132 @A: 14 35 13 02 | 02
#0364-d132 @A: 31 23 35 13 | 07
#0365-d132 @A: 20 32 29 34 | 03
#0366-d132 @A: 32 16 12 07 | 08
#0367-d132 @A: 27 13 18 32 | 12
#0368-d132 @A: 32 18 16 33 | 04
#0369-d132 @A: 02 32 25 19 | 01
#0370-d132 @A: 14 32 03 05 | 10
#0371-d132 @A: 13 10 32 14 | 06
#0372-d132 @A: 16 20 06 25 | 09
#0373-d132 @A: 18 05 06 20 | 11
#0374-d132 @A: 21 06 01 12 | 05
#0375-d132 @A: 30 07 06 10 | 02
#0376-d132 @A: 12 10 27 06 | 07
#0377-d132 @A: 29 06 16 18 | 03
#0378-d132 @A: 30 33 03 06 | 08
#0379-d132 @A: 23 11 12 06 | 12
#0380-d132 @A: 06 31 09 21 | 04
#0381-d132 @A: 18 06 09 34 | 01
#0382-d132 @A: 33 24 06 31 | 10
#0383-d132 @A: 11 05 16 20 | 06
#0384-d132 @A: 19 20 13 25 | 09
#0385-d132 @A: 12 20 31 19 | 11
#0386-d132 @A: 02 23 20 08 | 05
#0387-d132 @A: 18 07 01 10 | 02
#0388-d132 @A: 29 27 30 01 | 07
#0389-d132 @A: 14 01 33 30 | 03
#0390-d132 @A: 08 25 01 10 | 08
#0391-d132 @A: 03 02 01 05 | 12
#0392-d132 @A: 01 29 19 03 | 04
#0393-d132 @A: 05 34 01 08 | 01
#0394-d132 @A: 02 27 18 07 | 10
#0395-d132 @A: 02 08 07 25 | 06
#0396-d132 @A: 19 33 07 25 | 09
#0397-d132 @A: 34 07 33 08 | 11
#0398-d132 @A: 09 22 16 30 | 05
#0399-d132 @A: 29 22 30 14 | 02
#0400-d132 @A: 11 03 22 09 | 07
#0401-d132 @A: 10 25 19 22 | 03
#0402-d132 @A: 12 22 03 08 | 08
#0403-d132 @A: 24 10 12 22 | 12
#0404-d132 @A: 22 24 08 29 | 04
#0405-d132 @A: 19 10 22 23 | 01
#0406-d132 @A: 21 05 27 30 | 10
#0407-d132 @A: 21 27 02 23 | 06
#0408-d132 @A: 29 27 12 25 | 09
#0409-d132 @A: 27 31 25 19 | 11
#0410-d132 @A: 12 27 13 09 | 05
#0411-d132 @A: 02 27 03 09 | 02
#0412-d132 @A: 02 14 27 10 | 07
#0413-d132 @A: 08 14 27 19 | 03
#0414-d132 @A: 27 33 24 05 | 08
#0415-d132 @A: 23 29 25 30 | 12
#0416-d132 @A: 03 13 30 09 | 04
#0417-d132 @A: 30 24 29 02 | 01
#0418-d132 @A: 30 05 31 08 | 10
#0419-d132 @A: 09 10 30 24 | 06
#0420-d132 @A: 29 21 19 25 | 09
#0421-d132 @A: 21 34 19 03 | 11
#0422-d132 @A: 21 02 31 10 | 05
#0423-d132 @A: 05 33 02 21 | 02
#0424-d132 @A: 34 29 21 24 | 07
#0425-d132 @A: 18 09 25 02 | 03
#0426-d132 @A: 05 25 18 24 | 08
#0427-d132 @A: 18 03 33 12 | 12
#0428-d132 @A: 02 25 13 23 | 04
#0429-d132 @A: 31 19 23 09 | 01
#0430-d132 @A: 26 15 19 02 | 10
#0431-d132 @A: 22 28 03 15 | 06
#0432-d132 @A: 29 15 18 28 | 09
#0433-d132 @A: 15 11 29 04 | 11
#0434-d132 @A: 15 10 23 04 | 05
#0435-d132 @A: 05 15 16 35 | 02
#0436-d132 @A: 29 15 06 30 | 07
#0437-d132 @A: 15 22 11 20 | 03
#0438-d132 @A: 15 02 20 30 | 08
#0439-d132 @A: 01 05 15 21 | 12
#0440-d132 @A: 15 03 07 29 | 04
#0441-d132 @A: 31 15 19 30 | 01
#0442-d132 @A: 24 09 12 15 | 10
#0443-d132 @A: 03 15 19 08 | 06
#0444-d132 @A: 33 24 15 19 | 09
#0445-d132 @A: 31 33 14 15 | 11
#0446-d132 @A: 29 09 10 15 | 05
#0447-d132 @A: 28 07 26 05 | 02
#0448-d132 @A: 20 32 26 22 | 07
#0449-d132 @A: 03 06 21 26 | 03
#0450-d132 @A: 06 24 08 26 | 08
#0451-d132 @A: 26 20 11 10 | 12
#0452-d132 @A: 01 24 34 26 | 04
#0453-d132 @A: 34 27 10 26 | 01
#0454-d132 @A: 26 21 08 11 | 10
#0455-d132 @A: 26 02 25 34 | 06
#0456-d132 @A: 14 03 29 26 | 09
#0457-d132 @A: 23 01 04 28 | 11
#0458-d132 @A: 29 28 35 17 | 05
#0459-d132 @A: 09 20 28 35 | 02
#0460-d132 @A: 12 22 30 28 | 07
#0461-d132 @A: 28 23 08 27 | 03
#0462-d132 @A: 25 28 09 16 | 08
#0463-d132 @A: 03 09 28 34 | 12
#0464-d132 @A: 02 28 34 08 | 04
#0465-d132 @A: 02 24 14 28 | 01
#0466-d132 @A: 05 02 28 31 | 10
#0467-d132 @A: 28 10 24 29 | 06
#0468-d132 @A: 11 17 04 33 | 09
#0469-d132 @A: 04 21 10 17 | 11
#0470-d132 @A: 18 24 06 04 | 05
#0471-d132 @A: 21 24 20 04 | 02
#0472-d132 @A: 04 07 14 01 | 07
#0473-d132 @A: 07 22 04 09 | 03
#0474-d132 @A: 04 23 33 21 | 08
#0475-d132 @A: 34 04 25 12 | 12
#0476-d132 @A: 04 08 24 25 | 04
#0477-d132 @A: 04 08 31 29 | 01
#0478-d132 @A: 09 05 04 23 | 10
#0479-d132 @A: 33 32 35 17 | 06
#0480-d132 @A: 20 17 32 16 | 09
#0481-d132 @A: 23 17 32 14 | 11
#0482-d132 @A: 06 17 30 27 | 05
#0483-d132 @A: 17 33 05 06 | 02
#0484-d132 @A: 19 27 18 17 | 07
#0485-d132 @A: 30 17 08 16 | 03
#0486-d132 @A: 17 10 12 30 | 08
#0487-d132 @A: 18 11 17 09 | 12
#0488-d132 @A: 17 03 11 10 | 04
#0489-d132 @A: 17 29 08 18 | 01
#0490-d132 @A: 05 25 17 12 | 10
#0491-d132 @A: 31 12 24 17 | 06
#0492-d132 @A: 23 19 17 34 | 09
#0493-d132 @A: 23 17 29 31 | 11
#0494-d132 @A: 08 32 35 21 | 05
#0495-d132 @A: 35 10 22 20 | 02
#0496-d132 @A: 20 34 12 35 | 07
#0497-d132 @A: 35 07 27 29 | 03
#0498-d132 @A: 22 35 16 33 | 08
#0499-d132 @A: 35 18 12 27 | 12
#0500-d132 @A: 35 16 11 23 | 04
#0501-d132 @A: 25 30 08 35 | 01
#0502-d132 @A: 12 35 08 10 | 10
#0503-d132 @A: 35 13 12 33 | 06
#0504-d132 @A: 35 05 13 08 | 09
#0505-d132 @A: 32 18 06 03 | 11
#0506-d132 @A: 20 09 32 02 | 05
#0507-d132 @A: 21 32 33 01 | 02
#0508-d132 @A: 30 03 32 16 | 07
#0509-d132 @A: 21 12 14 32 | 03
#0510-d132 @A: 32 19 14 18 | 08
#0511-d132 @A: 29 32 31 24 | 12
#0512-d132 @A: 19 06 01 22 | 04
#0513-d132 @A: 22 14 06 18 | 01
#0514-d132 @A: 14 06 16 08 | 10
#0515-d132 @A: 13 11 06 18 | 06
#0516-d132 @A: 05 09 06 03 | 09
#0517-d132 @A: 08 02 06 09 | 11
#0518-d132 @A: 34 10 24 06 | 05
#0519-d132 @A: 33 29 20 01 | 02
#0520-d132 @A: 20 31 05 07 | 07
#0521-d132 @A: 20 18 30 29 | 03
#0522-d132 @A: 20 09 29 25 | 08
#0523-d132 @A: 33 20 02 31 | 12
#0524-d132 @A: 08 20 19 24 | 04
#0525-d132 @A: 01 07 22 33 | 01
#0526-d132 @A: 01 25 29 07 | 10
#0527-d132 @A: 25 11 27 01 | 06
#0528-d132 @A: 18 19 16 01 | 09
#0529-d132 @A: 13 16 25 01 | 11
#0530-d132 @A: 19 01 30 12 | 05
#0531-d132 @A: 01 25 34 14 | 02
#0532-d132 @A: 03 09 01 08 | 07
#0533-d132 @A: 02 01 34 31 | 03
#0534-d132 @A: 12 07 27 22 | 08
#0535-d132 @A: 16 27 07 34 | 12
#0536-d132 @A: 16 07 09 19 | 04
#0537-d132 @A: 30 08 07 11 | 01
#0538-d132 @A: 07 25 10 14 | 10
#0539-d132 @A: 23 16 13 22 | 06
#0540-d132 @A: 18 11 22 02 | 09
#0541-d132 @A: 31 11 29 22 | 11
#0542-d132 @A: 22 29 12 09 | 05
#0543-d132 @A: 03 22 02 13 | 02
#0544-d132 @A: 23 29 33 22 | 07
#0545-d132 @A: 27 11 03 16 | 03
#0546-d132 @A: 33 27 19 29 | 08
#0547-d132 @A: 30 05 16 34 | 12
#0548-d132 @A: 21 29 16 05 | 04
#0549-d132 @A: 16 12 19 03 | 01
#0550-d132 @A: 16 10 19 29 | 10
#0551-d132 @A: 29 33 24 16 | 06
#0552-d132 @A: 02 34 18 30 | 09
#0553-d132 @A: 25 05 30 19 | 11
#0554-d132 @A: 08 34 29 30 | 05
#0555-d132 @A: 14 19 09 30 | 02
#0556-d132 @A: 13 12 19 11 | 07
#0557-d132 @A: 24 13 14 11 | 03
#0558-d132 @A: 24 31 23 11 | 08
#0559-d132 @A: 05 29 11 24 | 12
#0560-d132 @A: 29 09 21 18 | 04
#0561-d132 @A: 23 18 02 33 | 01
#0562-d132 @A: 18 34 24 19 | 10
#0563-d132 @A: 10 09 18 05 | 06
#0564-d132 @A: 18 34 33 31 | 09
#0565-d132 @A: 28 15 13 09 | 11
#0566-d132 @A: 23 28 34 15 | 05
#0567-d132 @A: 22 02 15 04 | 02
#0568-d132 @A: 15 35 14 17 | 07
#0569-d132 @A: 03 17 15 21 | 03
#0570-d132 @A: 22 15 35 25 | 08
#0571-d132 @A: 35 23 05 15 | 12
#0572-d132 @A: 21 32 15 29 | 04
#0573-d132 @A: 15 20 01 19 | 01
#0574-d132 @A: 13 01 15 02 | 10
#0575-d132 @A: 18 08 15 07 | 06
#0576-d132 @A: 07 31 15 34 | 09
#0577-d132 @A: 22 15 24 27 | 11
#0578-d132 @A: 15 18 16 09 | 05
#0579-d132 @A: 12 18 25 15 | 02
#0580-d132 @A: 08 15 29 25 | 07
#0581-d132 @A: 24 08 02 15 | 03
#0582-d132 @A: 10 15 05 02 | 08
#0583-d132 @A: 28 26 03 20 | 12
#0584-d132 @A: 26 21 24 28 | 04
#0585-d132 @A: 18 26 06 19 | 01
#0586-d132 @A: 20 14 26 23 | 10
#0587-d132 @A: 20 26 05 33 | 06
#0588-d132 @A: 26 21 16 10 | 09
#0589-d132 @A: 23 26 18 29 | 11
#0590-d132 @A: 29 24 25 26 | 05
#0591-d132 @A: 27 29 04 28 | 02
#0592-d132 @A: 28 33 17 07 | 07
#0593-d132 @A: 35 28 22 27 | 03
#0594-d132 @A: 01 32 10 28 | 08
#0595-d132 @A: 34 28 06 20 | 12
#0596-d132 @A: 28 20 16 29 | 04
#0597-d132 @A: 01 28 29 13 | 01
#0598-d132 @A: 16 07 24 28 | 10
#0599-d132 @A: 31 28 30 07 | 06
#0600-d132 @A: 23 25 07 28 | 09
#0601-d132 @A: 03 28 14 19 | 11
#0602-d132 @A: 09 10 19 28 | 05
#0603-d132 @A: 10 28 14 31 | 02
#0604-d132 @A: 28 10 24 23 | 07
#0605-d132 @A: 29 28 33 31 | 03
#0606-d132 @A: 04 03 32 17 | 08
#0607-d132 @A: 04 17 13 05 | 12
#0608-d132 @A: 34 22 04 32 | 04
#0609-d132 @A: 14 04 32 30 | 01
#0610-d132 @A: 04 25 20 01 | 10
#0611-d132 @A: 04 21 12 07 | 06
#0612-d132 @A: 13 04 14 27 | 09
#0613-d132 @A: 03 04 18 23 | 11
#0614-d132 @A: 12 04 13 02 | 05
#0615-d132 @A: 08 04 12 14 | 02
#0616-d132 @A: 04 24 05 12 | 07
#0617-d132 @A: 27 02 32 17 | 03
#0618-d132 @A: 17 01 07 13 | 08
#0619-d132 @A: 25 17 19 01 | 12
#0620-d132 @A: 14 25 30 17 | 04
#0621-d132 @A: 08 17 21 02 | 01
#0622-d132 @A: 32 35 23 20 | 10
#0623-d132 @A: 25 09 32 35 | 06
#0624-d132 @A: 02 35 20 18 | 09
#0625-d132 @A: 05 30 07 35 | 11
#0626-d132 @A: 35 13 22 11 | 05
#0627-d132 @A: 11 27 05 35 | 02
#0628-d132 @A: 13 27 35 34 | 07
#0629-d132 @A: 16 02 35 21 | 03
#0630-d132 @A: 12 25 35 19 | 08
#0631-d132 @A: 14 24 35 12 | 12
#0632-d132 @A: 05 35 14 31 | 04
#0633-d132 @A: 06 32 01 34 | 01
#0634-d132 @A: 20 27 32 24 | 10
#0635-d132 @A: 32 11 13 08 | 06
#0636-d132 @A: 14 32 29 09 | 09
#0637-d132 @A: 32 34 23 09 | 11
#0638-d132 @A: 09 01 06 30 | 05
#0639-d132 @A: 07 06 27 33 | 02
#0640-d132 @A: 05 06 07 21 | 07
#0641-d132 @A: 16 10 02 06 | 03
#0642-d132 @A: 21 14 06 30 | 08
#0643-d132 @A: 06 12 13 29 | 12
#0644-d132 @A: 08 33 06 10 | 04
#0645-d132 @A: 24 06 09 14 | 01
#0646-d132 @A: 20 09 07 21 | 10
#0647-d132 @A: 08 27 11 20 | 06
#0648-d132 @A: 23 19 27 20 | 09
#0649-d132 @A: 16 19 30 20 | 11
#0650-d132 @A: 20 18 14 16 | 05
#0651-d132 @A: 20 30 21 12 | 02
#0652-d132 @A: 23 20 18 31 | 07
#0653-d132 @A: 20 02 05 25 | 03
#0654-d132 @A: 09 05 20 12 | 08
#0655-d132 @A: 21 23 01 07 | 12
#0656-d132 @A: 29 01 22 21 | 04
#0657-d132 @A: 01 33 12 16 | 01
#0658-d132 @A: 11 34 01 18 | 10
#0659-d132 @A: 11 23 01 09 | 06
#0660-d132 @A: 23 01 03 19 | 09
#0661-d132 @A: 08 19 33 01 | 11
#0662-d132 @A: 13 19 09 01 | 05
#0663-d132 @A: 01 05 33 13 | 02
#0664-d132 @A: 24 11 07 22 | 07
#0665-d132 @A: 03 07 27 19 | 03
#0666-d132 @A: 31 10 27 07 | 08
#0667-d132 @A: 25 16 18 07 | 12
#0668-d132 @A: 07 18 05 11 | 04
#0669-d132 @A: 07 13 21 24 | 01
#0670-d132 @A: 03 09 07 25 | 10
#0671-d132 @A: 02 03 14 07 | 06
#0672-d132 @A: 03 05 07 24 | 09
#0673-d132 @A: 09 07 13 02 | 11
#0674-d132 @A: 08 19 23 07 | 05
#0675-d132 @A: 29 07 31 14 | 02
#0676-d132 @A: 27 13 22 16 | 07
#0677-d132 @A: 11 10 30 22 | 03
#0678-d132 @A: 23 16 27 24 | 08
#0679-d132 @A: 30 27 03 25 | 12
#0680-d132 @A: 02 34 29 27 | 04
#0681-d132 @A: 24 27 09 19 | 01
#0682-d132 @A: 23 27 05 13 | 10
#0683-d132 @A: 16 23 12 19 | 06
#0684-d132 @A: 30 34 21 09 | 09
#0685-d132 @A: 09 31 29 30 | 11
#0686-d132 @A: 25 03 11 05 | 05
#0687-d132 @A: 13 34 11 02 | 02
#0688-d132 @A: 11 08 09 10 | 07
#0689-d132 @A: 34 19 11 29 | 03
#0690-d132 @A: 18 31 21 08 | 08
#0691-d132 @A: 21 29 13 02 | 12
#0692-d132 @A: 14 21 31 34 | 04
#0693-d132 @A: 08 34 12 18 | 01
#0694-d132 @A: 13 18 02 19 | 10
#0695-d132 @A: 12 24 05 23 | 06
#0696-d132 @A: 23 33 31 14 | 09
#0697-d132 @A: 23 31 05 10 | 11
#0698-d132 @A: 13 30 26 15 | 05
#0699-d132 @A: 26 34 21 15 | 02
#0700-d132 @A: 28 05 20 15 | 07
#0701-d132 @A: 17 04 15 24 | 03
#0702-d132 @A: 04 03 15 06 | 08
#0703-d132 @A: 06 15 34 17 | 12
#0704-d132 @A: 15 31 22 17 | 04
#0705-d132 @A: 13 03 15 35 | 01
#0706-d132 @A: 12 06 16 15 | 10
#0707-d132 @A: 15 08 23 06 | 06
#0708-d132 @A: 01 09 15 22 | 09
#0709-d132 @A: 22 08 14 15 | 11
#0710-d132 @A: 30 15 12 11 | 05
#0711-d132 @A: 21 15 11 09 | 02
#0712-d132 @A: 23 13 11 15 | 07
#0713-d132 @A: 05 15 12 08 | 03
#0714-d132 @A: 03 15 05 33 | 08
#0715-d132 @A: 26 29 28 32 | 12
#0716-d132 @A: 26 08 27 28 | 04
#0717-d132 @A: 31 26 23 28 | 01
#0718-d132 @A: 04 26 20 02 | 10
#0719-d132 @A: 26 29 04 21 | 06
#0720-d132 @A: 35 13 26 17 | 09
#0721-d132 @A: 35 26 02 29 | 11
#0722-d132 @A: 26 32 13 06 | 05
#0723-d132 @A: 26 32 23 25 | 02
#0724-d132 @A: 23 26 22 06 | 07
#0725-d132 @A: 27 06 05 26 | 03
#0726-d132 @A: 16 11 26 01 | 08
#0727-d132 @A: 26 22 21 18 | 12
#0728-d132 @A: 26 29 34 22 | 04
#0729-d132 @A: 26 16 12 27 | 01
#0730-d132 @A: 24 26 18 27 | 10
#0731-d132 @A: 26 11 23 10 | 06
#0732-d132 @A: 05 26 31 11 | 09
#0733-d132 @A: 21 26 12 25 | 11
#0734-d132 @A: 08 14 02 26 | 05
#0735-d132 @A: 10 13 24 26 | 02
#0736-d132 @A: 05 26 34 13 | 07
#0737-d132 @A: 21 28 18 04 | 03
#0738-d132 @A: 28 17 31 21 | 08
#0739-d132 @A: 13 32 28 21 | 12
#0740-d132 @A: 16 28 01 03 | 04
#0741-d132 @A: 34 30 28 27 | 01
#0742-d132 @A: 27 28 14 18 | 10
#0743-d132 @A: 25 12 28 31 | 06
#0744-d132 @A: 28 19 33 02 | 09
#0745-d132 @A: 31 09 08 28 | 11
#0746-d132 @A: 01 17 04 06 | 05
#0747-d132 @A: 17 08 04 27 | 02
#0748-d132 @A: 14 04 17 18 | 07
#0749-d132 @A: 35 04 09 21 | 03
#0750-d132 @A: 32 04 20 06 | 08
#0751-d132 @A: 06 04 19 25 | 12
#0752-d132 @A: 04 29 01 24 | 04
#0753-d132 @A: 07 31 04 18 | 01
#0754-d132 @A: 04 27 11 34 | 10
#0755-d132 @A: 04 18 16 34 | 06
#0756-d132 @A: 04 05 02 29 | 09
#0757-d132 @A: 04 10 08 13 | 11
#0758-d132 @A: 04 33 08 05 | 05
#0759-d132 @A: 07 02 17 35 | 02
#0760-d132 @A: 21 17 35 12 | 07
#0761-d132 @A: 01 32 17 12 | 03
#0762-d132 @A: 17 14 20 07 | 08
#0763-d132 @A: 01 02 11 17 | 12
#0764-d132 @A: 17 23 07 24 | 04
#0765-d132 @A: 19 17 03 22 | 01
#0766-d132 @A: 18 17 33 30 | 10
#0767-d132 @A: 13 30 17 19 | 06
#0768-d132 @A: 31 33 19 17 | 09
#0769-d132 @A: 05 32 01 35 | 11
#0770-d132 @A: 19 16 35 06 | 05
#0771-d132 @A: 35 22 18 09 | 02
#0772-d132 @A: 19 35 10 18 | 07
#0773-d132 @A: 35 10 03 09 | 03
#0774-d132 @A: 34 35 24 03 | 08
#0775-d132 @A: 35 05 34 19 | 12
#0776-d132 @A: 05 35 33 09 | 04
#0777-d132 @A: 10 24 31 35 | 01
#0778-d132 @A: 10 35 05 29 | 10
#0779-d132 @A: 01 20 32 13 | 06
#0780-d132 @A: 11 32 20 33 | 09
#0781-d132 @A: 32 27 14 01 | 11
#0782-d132 @A: 16 10 32 22 | 05
#0783-d132 @A: 11 32 22 14 | 02
#0784-d132 @A: 21 22 32 24 | 07
#0785-d132 @A: 21 32 23 31 | 03
#0786-d132 @A: 03 32 10 31 | 08
#0787-d132 @A: 33 32 13 24 | 12
#0788-d132 @A: 01 10 20 06 | 04
#0789-d132 @A: 20 33 21 06 | 01
#0790-d132 @A: 02 07 22 06 | 10
#0791-d132 @A: 06 05 25 22 | 06
#0792-d132 @A: 14 03 06 11 | 09
#0793-d132 @A: 06 25 03 24 | 11
#0794-d132 @A: 25 06 29 10 | 05
#0795-d132 @A: 14 29 06 33 | 02
#0796-d132 @A: 34 01 20 22 | 07
#0797-d132 @A: 07 20 33 30 | 03
#0798-d132 @A: 20 27 16 09 | 08
#0799-d132 @A: 20 33 34 27 | 12
#0800-d132 @A: 16 20 08 33 | 04
#0801-d132 @A: 20 24 13 12 | 01
#0802-d132 @A: 34 20 24 09 | 10
#0803-d132 @A: 11 19 01 07 | 06
#0804-d132 @A: 25 30 24 01 | 09
#0805-d132 @A: 13 11 21 01 | 11
#0806-d132 @A: 12 01 08 24 | 05
#0807-d132 @A: 16 05 07 22 | 02
#0808-d132 @A: 08 22 19 07 | 07
#0809-d132 @A: 23 07 22 34 | 03
#0810-d132 @A: 07 09 16 23 | 08
#0811-d132 @A: 30 12 07 03 | 12
#0812-d132 @A: 07 14 13 33 | 04
#0813-d132 @A: 08 30 22 27 | 01
#0814-d132 @A: 22 16 31 18 | 10
#0815-d132 @A: 34 22 11 21 | 06
#0816-d132 @A: 05 08 11 22 | 09
#0817-d132 @A: 22 24 18 13 | 11
#0818-d132 @A: 34 25 22 24 | 05
#0819-d132 @A: 31 22 08 13 | 02
#0820-d132 @A: 14 09 10 22 | 07
#0821-d132 @A: 34 10 31 22 | 03
#0822-d132 @A: 16 21 27 24 | 08
#0823-d132 @A: 30 11 16 25 | 12
#0824-d132 @A: 14 13 16 30 | 04
#0825-d132 @A: 16 23 30 14 | 01
#0826-d132 @A: 08 18 16 11 | 10
#0827-d132 @A: 25 16 03 33 | 06
#0828-d132 @A: 02 09 16 34 | 09
#0829-d132 @A: 08 16 29 09 | 11
#0830-d132 @A: 05 02 30 23 | 05
#0831-d132 @A: 31 11 03 33 | 02
#0832-d132 @A: 05 34 33 11 | 07
#0833-d132 @A: 02 18 21 03 | 03
#0834-d132 @A: 09 10 33 21 | 08
#0835-d132 @A: 31 12 18 10 | 12
#0836-d132 @A: 14 03 18 08 | 04
#0837-d132 @A: 09 18 13 14 | 01
#0838-d132 @A: 33 26 28 15 | 10
#0839-d132 @A: 17 15 26 05 | 06
#0840-d132 @A: 31 18 15 26 | 09
#0841-d132 @A: 27 17 23 15 | 11
#0842-d132 @A: 27 15 35 09 | 05
#0843-d132 @A: 32 22 23 15 | 02
#0844-d132 @A: 32 15 16 19 | 07
#0845-d132 @A: 03 32 15 09 | 03
#0846-d132 @A: 01 15 06 25 | 08
#0847-d132 @A: 20 16 15 03 | 12
#0848-d132 @A: 30 10 27 15 | 04
#0849-d132 @A: 33 24 23 15 | 01
#0850-d132 @A: 28 22 26 31 | 10
#0851-d132 @A: 11 04 26 06 | 06
#0852-d132 @A: 26 08 04 22 | 09
#0853-d132 @A: 02 22 17 26 | 11
#0854-d132 @A: 32 34 30 26 | 05
#0855-d132 @A: 31 06 26 16 | 02
#0856-d132 @A: 22 03 26 01 | 07
#0857-d132 @A: 25 26 07 30 | 03
#0858-d132 @A: 29 26 07 19 | 08
#0859-d132 @A: 29 16 30 26 | 12
#0860-d132 @A: 02 16 23 26 | 04
#0861-d132 @A: 09 16 26 24 | 01
#0862-d132 @A: 03 26 12 02 | 10
#0863-d132 @A: 03 09 33 26 | 06
#0864-d132 @A: 04 28 10 22 | 09
#0865-d132 @A: 32 28 24 17 | 11
#0866-d132 @A: 28 30 09 32 | 05
#0867-d132 @A: 28 29 07 06 | 02
#0868-d132 @A: 01 28 22 05 | 07
#0869-d132 @A: 11 01 28 33 | 03
#0870-d132 @A: 01 25 21 28 | 08
#0871-d132 @A: 28 21 09 22 | 12
#0872-d132 @A: 27 25 28 24 | 04
#0873-d132 @A: 28 33 27 10 | 01
#0874-d132 @A: 13 18 28 16 | 10
#0875-d132 @A: 33 05 28 25 | 06
#0876-d132 @A: 12 19 28 05 | 09
#0877-d132 @A: 09 05 24 28 | 11
#0878-d132 @A: 25 04 07 17 | 05
#0879-d132 @A: 30 02 04 17 | 02
#0880-d132 @A: 04 30 17 23 | 07
#0881-d132 @A: 32 09 27 04 | 03
#0882-d132 @A: 23 11 04 32 | 08
#0883-d132 @A: 32 04 13 31 | 12
#0884-d132 @A: 22 06 31 04 | 04
#0885-d132 @A: 20 07 04 27 | 01
#0886-d132 @A: 31 27 01 04 | 10
#0887-d132 @A: 10 01 04 05 | 06
#0888-d132 @A: 18 02 08 04 | 09
#0889-d132 @A: 31 05 04 03 | 11
#0890-d132 @A: 04 19 10 34 | 05
#0891-d132 @A: 34 14 29 04 | 02
#0892-d132 @A: 34 04 09 05 | 07
#0893-d132 @A: 17 34 16 35 | 03
#0894-d132 @A: 25 11 17 35 | 08
#0895-d132 @A: 32 13 34 17 | 12
#0896-d132 @A: 30 07 17 09 | 04
#0897-d132 @A: 07 17 11 34 | 01
#0898-d132 @A: 17 25 33 08 | 10
#0899-d132 @A: 17 08 12 13 | 06
#0900-d132 @A: 09 12 23 17 | 09
#0901-d132 @A: 05 17 02 19 | 11
#0902-d132 @A: 24 05 17 10 | 05
#0903-d132 @A: 23 17 13 10 | 02
#0904-d132 @A: 32 06 12 35 | 07
#0905-d132 @A: 35 06 30 02 | 03
#0906-d132 @A: 06 35 25 21 | 08
#0907-d132 @A: 07 35 01 08 | 12
#0908-d132 @A: 01 02 35 25 | 04
#0909-d132 @A: 27 35 03 21 | 01
#0910-d132 @A: 23 29 35 27 | 10
#0911-d132 @A: 18 35 24 16 | 06
#0912-d132 @A: 30 29 35 12 | 09
#0913-d132 @A: 35 25 31 29 | 11
#0914-d132 @A: 14 24 23 35 | 05
#0915-d132 @A: 30 06 05 32 | 02
#0916-d132 @A: 20 31 18 32 | 07
#0917-d132 @A: 01 23 32 27 | 03
#0918-d132 @A: 16 29 01 32 | 08
#0919-d132 @A: 08 07 23 32 | 12
#0920-d132 @A: 31 30 32 21 | 04
#0921-d132 @A: 18 23 32 30 | 01
#0922-d132 @A: 08 32 02 12 | 10
#0923-d132 @A: 14 02 32 34 | 06
#0924-d132 @A: 05 32 34 24 | 09
#0925-d132 @A: 31 30 11 06 | 11
#0926-d132 @A: 08 06 31 03 | 05
#0927-d132 @A: 08 29 06 05 | 02
#0928-d132 @A: 09 06 19 33 | 07
#0929-d132 @A: 14 06 34 23 | 03
#0930-d132 @A: 22 18 08 20 | 08
#0931-d132 @A: 27 18 20 03 | 12
#0932-d132 @A: 24 02 20 16 | 04
#0933-d132 @A: 20 11 34 30 | 01
#0934-d132 @A: 20 12 25 33 | 10
#0935-d132 @A: 20 14 25 24 | 06
#0936-d132 @A: 33 20 23 10 | 09
#0937-d132 @A: 31 34 13 20 | 11
#0938-d132 @A: 09 21 01 27 | 05
#0939-d132 @A: 21 01 10 30 | 02
#0940-d132 @A: 29 14 01 11 | 07
#0941-d132 @A: 10 14 03 01 | 03
#0942-d132 @A: 01 02 19 24 | 08
#0943-d132 @A: 19 31 10 01 | 12
#0944-d132 @A: 31 14 01 24 | 04
#0945-d132 @A: 22 18 29 07 | 01
#0946-d132 @A: 14 27 30 07 | 10
#0947-d132 @A: 12 07 19 14 | 06
#0948-d132 @A: 12 10 13 07 | 09
#0949-d132 @A: 31 07 19 02 | 11
#0950-d132 @A: 23 05 33 07 | 05
#0951-d132 @A: 25 22 33 23 | 02
#0952-d132 @A: 19 22 29 02 | 07
#0953-d132 @A: 13 22 19 14 | 03
#0954-d132 @A: 22 05 24 19 | 08
#0955-d132 @A: 27 08 21 29 | 12
#0956-d132 @A: 09 25 10 27 | 04
#0957-d132 @A: 03 14 27 12 | 01
#0958-d132 @A: 33 12 27 08 | 10
#0959-d132 @A: 24 14 27 29 | 06
#0960-d132 @A: 16 24 30 12 | 09
#0961-d132 @A: 05 16 03 18 | 11
#0962-d132 @A: 05 12 14 16 | 05
#0963-d132 @A: 10 12 09 16 | 02
#0964-d132 @A: 03 13 10 16 | 07
#0965-d132 @A: 16 34 08 31 | 03
#0966-d132 @A: 16 34 24 14 | 08
#0967-d132 @A: 08 02 03 30 | 12
#0968-d132 @A: 30 34 13 24 | 04
#0969-d132 @A: 33 11 24 21 | 01
#0970-d132 @A: 33 11 18 25 | 10
#0971-d132 @A: 11 29 02 25 | 06
#0972-d132 @A: 11 02 08 33 | 09
#0973-d132 @A: 11 10 24 02 | 11
#0974-d132 @A: 19 14 11 10 | 05
#0975-d132 @A: 14 18 24 21 | 02
#0976-d132 @A: 03 13 14 21 | 07
#0977-d132 @A: 02 09 19 21 | 03
#0978-d132 @A: 24 31 21 19 | 08
#0979-d132 @A: 14 09 21 05 | 12
#0980-d132 @A: 33 13 31 21 | 04
#0981-d132 @A: 13 23 24 21 | 01
#0982-d132 @A: 12 18 24 29 | 10
#0983-d132 @A: 33 18 09 08 | 06
#0984-d132 @A: 24 18 08 10 | 09
#0985-d132 @A: 23 18 13 09 | 11
#0986-d132 @A: 23 25 34 08 | 05
#0987-d132 @A: 15 25 28 30 | 02
#0988-d132 @A: 17 15 32 30 | 07
#0989-d132 @A: 15 27 08 06 | 03
#0990-d132 @A: 11 10 15 06 | 08
#0991-d132 @A: 15 18 20 21 | 12
#0992-d132 @A: 01 18 15 14 | 04
#0993-d132 @A: 11 33 15 07 | 01
#0994-d132 @A: 18 15 07 23 | 10
#0995-d132 @A: 18 15 27 34 | 06
#0996-d132 @A: 31 27 15 13 | 09
#0997-d132 @A: 15 03 25 02 | 11
#0998-d132 @A: 25 24 13 15 | 05
#0999-d132 @A: 12 33 10 15 | 02
#1000-d132 @A: 15 14 10 24 | 07
#1001-d132 @A: 26 32 04 24 | 03
#1002-d132 @A: 01 26 04 12 | 08
#1003-d132 @A: 09 21 26 17 | 12
#1004-d132 @A: 33 23 26 17 | 04
#1005-d132 @A: 01 25 26 32 | 01
#1006-d132 @A: 32 26 16 05 | 10
#1007-d132 @A: 33 26 31 32 | 06
#1008-d132 @A: 20 21 13 26 | 09
#1009-d132 @A: 11 18 29 26 | 11
#1010-d132 @A: 11 34 26 03 | 05
#1011-d132 @A: 26 02 11 09 | 02
#1012-d132 @A: 09 34 12 26 | 07
#1013-d132 @A: 26 34 33 14 | 03
#1014-d132 @A: 31 28 35 04 | 08
#1015-d132 @A: 28 16 35 12 | 12
#1016-d132 @A: 18 28 35 25 | 04
#1017-d132 @A: 25 11 32 28 | 01
#1018-d132 @A: 20 25 28 07 | 10
#1019-d132 @A: 30 28 10 20 | 06
#1020-d132 @A: 34 01 12 28 | 09
#1021-d132 @A: 12 08 28 07 | 11
#1022-d132 @A: 23 28 05 22 | 05
#1023-d132 @A: 30 11 28 24 | 02
#1024-d132 @A: 28 30 21 02 | 07
#1025-d132 @A: 03 12 13 28 | 03
#1026-d132 @A: 29 28 09 02 | 08
#1027-d132 @A: 13 05 10 28 | 12
#1028-d132 @A: 05 04 35 25 | 04
#1029-d132 @A: 04 02 27 06 | 01
#1030-d132 @A: 34 30 06 04 | 10
#1031-d132 @A: 10 04 06 14 | 06
#1032-d132 @A: 19 04 22 20 | 09
#1033-d132 @A: 04 01 02 16 | 11
#1034-d132 @A: 03 04 01 18 | 05
#1035-d132 @A: 05 19 04 07 | 02
#1036-d132 @A: 25 18 27 04 | 07
#1037-d132 @A: 25 23 27 04 | 03
#1038-d132 @A: 11 16 04 19 | 08
#1039-d132 @A: 04 12 16 31 | 12
#1040-d132 @A: 16 04 09 33 | 04
#1041-d132 @A: 31 04 23 16 | 01
#1042-d132 @A: 03 10 12 04 | 10
#1043-d132 @A: 31 04 09 02 | 06
#1044-d132 @A: 17 06 31 18 | 09
#1045-d132 @A: 17 22 20 25 | 11
#1046-d132 @A: 20 27 10 17 | 05
#1047-d132 @A: 07 17 10 22 | 02
#1048-d132 @A: 07 31 16 17 | 07
#1049-d132 @A: 27 17 16 29 | 03
#1050-d132 @A: 24 17 16 19 | 08
#1051-d132 @A: 29 11 17 30 | 12
#1052-d132 @A: 03 17 29 25 | 04
#1053-d132 @A: 03 05 17 08 | 01
#1054-d132 @A: 35 20 03 06 | 10
#1055-d132 @A: 09 07 06 35 | 06
#1056-d132 @A: 24 22 35 06 | 09
#1057-d132 @A: 20 27 35 25 | 11
#1058-d132 @A: 07 23 02 35 | 05
#1059-d132 @A: 11 35 30 09 | 02
#1060-d132 @A: 13 35 21 30 | 07
#1061-d132 @A: 35 19 11 33 | 03
#1062-d132 @A: 03 23 33 35 | 08
#1063-d132 @A: 08 35 31 33 | 12
#1064-d132 @A: 29 19 35 09 | 04
#1065-d132 @A: 06 31 07 32 | 01
#1066-d132 @A: 06 25 32 08 | 10
#1067-d132 @A: 01 32 18 02 | 06
#1068-d132 @A: 21 18 07 32 | 09
#1069-d132 @A: 16 32 11 34 | 11
#1070-d132 @A: 32 34 25 31 | 05
#1071-d132 @A: 32 19 02 23 | 02
#1072-d132 @A: 10 29 32 02 | 07
#1073-d132 @A: 05 32 23 29 | 03
#1074-d132 @A: 25 06 20 23 | 08
#1075-d132 @A: 08 01 06 11 | 12
#1076-d132 @A: 05 01 06 24 | 04
#1077-d132 @A: 27 06 24 11 | 01
#1078-d132 @A: 06 23 16 05 | 10
#1079-d132 @A: 25 30 18 06 | 06
#1080-d132 @A: 30 06 23 10 | 09
#1081-d132 @A: 25 06 33 34 | 11
#1082-d132 @A: 19 03 06 10 | 05
#1083-d132 @A: 34 19 14 06 | 02
#1084-d132 @A: 06 23 29 09 | 07
#1085-d132 @A: 29 34 06 31 | 03
#1086-d132 @A: 08 07 03 20 | 08
#1087-d132 @A: 13 23 20 07 | 12
#1088-d132 @A: 24 03 20 29 | 04
#1089-d132 @A: 01 07 34 21 | 01
#1090-d132 @A: 05 12 07 01 | 10
#1091-d132 @A: 16 22 01 08 | 06
#1092-d132 @A: 01 22 18 25 | 09
#1093-d132 @A: 08 27 18 01 | 11
#1094-d132 @A: 10 16 01 24 | 05
#1095-d132 @A: 24 12 25 07 | 02
#1096-d132 @A: 12 07 23 31 | 07
#1097-d132 @A: 18 22 33 27 | 03
#1098-d132 @A: 22 31 12 02 | 08
#1099-d132 @A: 05 03 22 10 | 12
#1100-d132 @A: 22 24 03 31 | 04
#1101-d132 @A: 23 22 24 09 | 01
#1102-d132 @A: 10 18 27 16 | 10
#1103-d132 @A: 16 31 27 33 | 06
#1104-d132 @A: 09 30 27 18 | 09
#1105-d132 @A: 10 11 21 27 | 11
#1106-d132 @A: 12 27 34 24 | 05
#1107-d132 @A: 29 03 27 31 | 02
#1108-d132 @A: 05 27 09 08 | 07
#1109-d132 @A: 25 14 29 16 | 03
#1110-d132 @A: 34 12 16 13 | 08
#1111-d132 @A: 24 16 08 03 | 12
#1112-d132 @A: 33 16 14 02 | 04
#1113-d132 @A: 19 16 33 05 | 01
#1114-d132 @A: 10 34 33 16 | 10
#1115-d132 @A: 30 12 09 08 | 06
#1116-d132 @A: 14 12 30 34 | 09
#1117-d132 @A: 13 31 10 30 | 11
#1118-d132 @A: 08 12 29 11 | 05
#1119-d132 @A: 14 11 05 23 | 02
#1120-d132 @A: 18 05 34 21 | 07
#1121-d132 @A: 08 21 03 25 | 03
#1122-d132 @A: 12 09 21 03 | 08
#1123-d132 @A: 31 29 12 21 | 12
#1124-d132 @A: 03 33 29 21 | 04
#1125-d132 @A: 21 13 19 05 | 01
#1126-d132 @A: 18 08 25 13 | 10
#1127-d132 @A: 18 31 25 14 | 06
#1128-d132 @A: 05 18 12 02 | 09
#1129-d132 @A: 19 29 31 18 | 11
#1130-d132 @A: 28 06 15 32 | 05
#1131-d132 @A: 11 15 19 28 | 02
#1132-d132 @A: 15 10 04 32 | 07
#1133-d132 @A: 07 15 17 12 | 03
#1134-d132 @A: 13 15 17 18 | 08
#1135-d132 @A: 35 31 06 15 | 12
#1136-d132 @A: 01 24 15 32 | 04
#1137-d132 @A: 06 14 07 15 | 01
#1138-d132 @A: 15 20 24 07 | 10
#1139-d132 @A: 01 15 16 34 | 06
#1140-d132 @A: 15 07 05 09 | 09
#1141-d132 @A: 22 12 21 15 | 11
#1142-d132 @A: 11 02 27 15 | 05
#1143-d132 @A: 24 15 30 18 | 02
#1144-d132 @A: 11 18 03 15 | 07
#1145-d132 @A: 29 03 15 23 | 03
#1146-d132 @A: 31 15 05 24 | 08
#1147-d132 @A: 26 07 04 03 | 12
#1148-d132 @A: 01 35 26 30 | 04
#1149-d132 @A: 14 06 20 26 | 01
#1150-d132 @A: 01 18 05 26 | 10
#1151-d132 @A: 09 27 23 26 | 06
#1152-d132 @A: 05 08 26 25 | 09
#1153-d132 @A: 12 08 31 26 | 11
#1154-d132 @A: 09 31 14 26 | 05
#1155-d132 @A: 04 28 33 14 | 02
#1156-d132 @A: 07 35 28 13 | 07
#1157-d132 @A: 01 06 31 28 | 03
#1158-d132 @A: 11 28 22 06 | 08
#1159-d132 @A: 06 10 28 18 | 12
#1160-d132 @A: 24 28 06 12 | 04
#1161-d132 @A: 01 28 14 20 | 01
#1162-d132 @A: 22 07 28 14 | 10
#1163-d132 @A: 12 21 27 28 | 06
#1164-d132 @A: 13 19 27 28 | 09
#1165-d132 @A: 11 28 12 18 | 11
#1166-d132 @A: 21 05 28 03 | 05
#1167-d132 @A: 25 10 28 03 | 02
#1168-d132 @A: 34 31 28 19 | 07
#1169-d132 @A: 35 17 19 04 | 03
#1170-d132 @A: 01 04 32 19 | 08
#1171-d132 @A: 04 33 06 12 | 12
#1172-d132 @A: 08 04 20 30 | 04
#1173-d132 @A: 05 04 20 14 | 01
#1174-d132 @A: 04 21 27 33 | 10
#1175-d132 @A: 19 21 30 04 | 06
#1176-d132 @A: 11 31 14 04 | 09
#1177-d132 @A: 25 13 03 04 | 11
#1178-d132 @A: 10 04 02 25 | 05
#1179-d132 @A: 02 04 23 12 | 02
#1180-d132 @A: 34 33 13 04 | 07
#1181-d132 @A: 24 09 17 35 | 03
#1182-d132 @A: 07 17 29 32 | 08
#1183-d132 @A: 17 10 32 09 | 12
#1184-d132 @A: 03 06 13 17 | 04
#1185-d132 @A: 21 20 17 34 | 01
#1186-d132 @A: 12 17 20 03 | 10
#1187-d132 @A: 27 34 17 14 | 06
#1188-d132 @A: 17 03 33 14 | 09
#1189-d132 @A: 17 09 03 31 | 11
#1190-d132 @A: 02 17 29 31 | 05
#1191-d132 @A: 05 29 17 09 | 02
#1192-d132 @A: 19 35 20 32 | 07
#1193-d132 @A: 31 32 16 35 | 03
#1194-d132 @A: 01 20 31 35 | 08
#1195-d132 @A: 14 20 30 35 | 12
#1196-d132 @A: 20 29 35 21 | 04
#1197-d132 @A: 34 35 23 20 | 01
#1198-d132 @A: 35 11 10 01 | 10
#1199-d132 @A: 23 01 12 35 | 06
#1200-d132 @A: 21 18 11 35 | 09
#1201-d132 @A: 35 23 25 10 | 11
#1202-d132 @A: 25 24 35 33 | 05
#1203-d132 @A: 05 03 35 12 | 02
#1204-d132 @A: 35 29 08 14 | 07
#1205-d132 @A: 35 31 09 13 | 03
#1206-d132 @A: 34 33 35 29 | 08
#1207-d132 @A: 06 24 32 16 | 12
#1208-d132 @A: 32 06 21 10 | 04
#1209-d132 @A: 30 01 32 08 | 01
#1210-d132 @A: 32 30 22 19 | 10
#1211-d132 @A: 12 27 32 30 | 06
#1212-d132 @A: 33 14 32 25 | 09
#1213-d132 @A: 24 03 02 32 | 11
#1214-d132 @A: 19 03 13 32 | 05
#1215-d132 @A: 24 09 32 08 | 02
#1216-d132 @A: 31 19 05 32 | 07
#1217-d132 @A: 06 27 31 20 | 03
#1218-d132 @A: 07 06 11 25 | 08
#1219-d132 @A: 22 13 30 06 | 12
#1220-d132 @A: 21 27 18 06 | 04
#1221-d132 @A: 23 06 27 21 | 01
#1222-d132 @A: 11 21 02 06 | 10
#1223-d132 @A: 14 13 06 05 | 06
#1224-d132 @A: 20 05 27 01 | 09
#1225-d132 @A: 01 24 20 11 | 11
#1226-d132 @A: 34 18 20 07 | 05
#1227-d132 @A: 07 29 20 02 | 02
#1228-d132 @A: 22 20 29 27 | 07
#1229-d132 @A: 20 12 22 16 | 03
#1230-d132 @A: 14 22 02 20 | 08
#1231-d132 @A: 25 11 21 20 | 12
#1232-d132 @A: 14 20 11 09 | 04
#1233-d132 @A: 21 19 20 10 | 01
#1234-d132 @A: 10 13 20 18 | 10
#1235-d132 @A: 25 34 03 20 | 06
#1236-d132 @A: 10 20 14 12 | 09
#1237-d132 @A: 03 20 10 02 | 11
#1238-d132 @A: 01 09 18 31 | 05
#1239-d132 @A: 01 25 03 12 | 02
#1240-d132 @A: 13 24 01 03 | 07
#1241-d132 @A: 02 09 10 01 | 03
#1242-d132 @A: 14 08 01 13 | 08
#1243-d132 @A: 07 22 30 34 | 12
#1244-d132 @A: 07 14 27 23 | 04
#1245-d132 @A: 11 16 07 14 | 01
#1246-d132 @A: 07 13 03 31 | 10
#1247-d132 @A: 31 24 08 07 | 06
#1248-d132 @A: 07 05 14 34 | 09
#1249-d132 @A: 22 16 19 21 | 11
#1250-d132 @A: 16 02 22 25 | 05
#1251-d132 @A: 22 21 25 30 | 02
#1252-d132 @A: 08 02 22 10 | 07
#1253-d132 @A: 09 02 24 22 | 03
#1254-d132 @A: 22 31 19 09 | 08
#1255-d132 @A: 31 05 22 33 | 12
#1256-d132 @A: 02 19 16 27 | 04
#1257-d132 @A: 12 27 30 23 | 01
#1258-d132 @A: 34 08 25 27 | 10
#1259-d132 @A: 05 27 14 25 | 06
#1260-d132 @A: 08 24 13 27 | 09
#1261-d132 @A: 31 27 09 34 | 11
#1262-d132 @A: 02 29 12 16 | 05
#1263-d132 @A: 08 02 05 16 | 02
#1264-d132 @A: 10 23 34 16 | 07
#1265-d132 @A: 10 02 19 30 | 03
#1266-d132 @A: 08 30 14 10 | 08
#1267-d132 @A: 23 08 30 31 | 12
#1268-d132 @A: 11 24 19 25 | 04
#1269-d132 @A: 03 29 13 11 | 01
#1270-d132 @A: 09 29 33 11 | 10
#1271-d132 @A: 11 33 10 13 | 06
#1272-d132 @A: 25 21 05 31 | 09
#1273-d132 @A: 21 12 02 24 | 11
#1274-d132 @A: 05 12 10 21 | 05
#1275-d132 @A: 34 33 12 21 | 02
#1276-d132 @A: 34 08 10 21 | 07
#1277-d132 @A: 10 29 14 21 | 03
#1278-d132 @A: 10 21 14 23 | 08
#1279-d132 @A: 25 24 18 23 | 12
#1280-d132 @A: 10 18 03 29 | 04
#1281-d132 @A: 05 18 13 31 | 01
#1282-d132 @A: 08 16 15 26 | 10
#1283-d132 @A: 07 27 15 28 | 06
#1284-d132 @A: 28 15 34 24 | 09
#1285-d132 @A: 05 15 04 27 | 11
#1286-d132 @A: 04 19 18 15 | 05
#1287-d132 @A: 01 29 17 15 | 02
#1288-d132 @A: 25 07 15 32 | 07
#1289-d132 @A: 07 30 01 15 | 03
#1290-d132 @A: 15 07 10 16 | 08
#1291-d132 @A: 15 21 07 02 | 12
#1292-d132 @A: 22 15 16 29 | 04
#1293-d132 @A: 15 18 10 22 | 01
#1294-d132 @A: 22 19 34 15 | 10
#1295-d132 @A: 16 24 15 11 | 06
#1296-d132 @A: 14 11 34 15 | 09
#1297-d132 @A: 09 31 15 25 | 11
#1298-d132 @A: 19 14 23 15 | 05
#1299-d132 @A: 15 09 34 33 | 02
#1300-d132 @A: 14 28 26 30 | 07
#1301-d132 @A: 34 26 17 04 | 03
#1302-d132 @A: 26 06 17 25 | 08
#1303-d132 @A: 06 33 26 35 | 12
#1304-d132 @A: 35 25 26 16 | 04
#1305-d132 @A: 18 03 35 26 | 01
#1306-d132 @A: 07 06 26 34 | 10
#1307-d132 @A: 09 26 07 27 | 06
#1308-d132 @A: 26 10 07 02 | 09
#1309-d132 @A: 26 02 27 30 | 11
#1310-d132 @A: 31 27 21 26 | 05
#1311-d132 @A: 33 13 19 26 | 02
#1312-d132 @A: 05 26 14 10 | 07
#1313-d132 @A: 20 28 32 12 | 03
#1314-d132 @A: 25 29 22 28 | 08
#1315-d132 @A: 28 08 16 10 | 12
#1316-d132 @A: 28 10 11 34 | 04
#1317-d132 @A: 13 28 25 02 | 01
#1318-d132 @A: 10 12 02 28 | 10
#1319-d132 @A: 28 03 33 24 | 06
#1320-d132 @A: 28 23 14 02 | 09
#1321-d132 @A: 14 34 28 13 | 11
#1322-d132 @A: 35 04 10 07 | 05
#1323-d132 @A: 30 35 03 04 | 02
#1324-d132 @A: 04 23 08 35 | 07
#1325-d132 @A: 04 23 07 06 | 03
#1326-d132 @A: 20 04 23 29 | 08
#1327-d132 @A: 11 09 01 04 | 12
#1328-d132 @A: 24 04 16 22 | 04
#1329-d132 @A: 25 11 04 22 | 01
#1330-d132 @A: 24 04 10 27 | 10
#1331-d132 @A: 33 04 24 02 | 06
#1332-d132 @A: 17 22 32 08 | 09
#1333-d132 @A: 19 11 17 06 | 11
#1334-d132 @A: 16 17 05 01 | 05
#1335-d132 @A: 03 17 07 18 | 02
#1336-d132 @A: 22 05 17 14 | 07
#1337-d132 @A: 29 17 33 12 | 03
#1338-d132 @A: 24 14 08 17 | 08
#1339-d132 @A: 17 31 05 34 | 12
#1340-d132 @A: 34 24 33 17 | 04
#1341-d132 @A: 30 24 32 35 | 01
#1342-d132 @A: 35 32 29 13 | 10
#1343-d132 @A: 35 20 05 24 | 06
#1344-d132 @A: 35 31 18 30 | 09
#1345-d132 @A: 25 10 35 13 | 11
#1346-d132 @A: 35 14 34 09 | 05
#1347-d132 @A: 29 32 06 22 | 02
#1348-d132 @A: 09 32 11 06 | 07
#1349-d132 @A: 08 27 32 07 | 03
#1350-d132 @A: 03 34 32 07 | 08
#1351-d132 @A: 32 05 22 27 | 12
#1352-d132 @A: 12 22 18 32 | 04
#1353-d132 @A: 32 22 09 33 | 01
#1354-d132 @A: 32 34 19 09 | 10
#1355-d132 @A: 32 33 19 10 | 06
#1356-d132 @A: 24 30 20 06 | 09
#1357-d132 @A: 06 20 08 12 | 11
#1358-d132 @A: 18 01 33 06 | 05
#1359-d132 @A: 03 22 16 06 | 02
#1360-d132 @A: 13 25 06 27 | 07
#1361-d132 @A: 06 31 25 02 | 03
#1362-d132 @A: 19 02 06 12 | 08
#1363-d132 @A: 06 10 31 05 | 12
#1364-d132 @A: 12 18 01 20 | 04
#1365-d132 @A: 11 23 22 20 | 01
#1366-d132 @A: 33 20 22 03 | 10
#1367-d132 @A: 21 16 20 23 | 06
#1368-d132 @A: 05 20 13 03 | 09
#1369-d132 @A: 02 20 08 13 | 11
#1370-d132 @A: 19 29 20 05 | 05
#1371-d132 @A: 24 07 01 27 | 02
#1372-d132 @A: 12 01 02 27 | 07
#1373-d132 @A: 30 01 18 13 | 03
#1374-d132 @A: 01 18 23 34 | 08
#1375-d132 @A: 25 14 23 01 | 12
#1376-d132 @A: 10 01 29 12 | 04
#1377-d132 @A: 34 33 03 01 | 01
#1378-d132 @A: 11 13 27 07 | 10
#1379-d132 @A: 25 07 21 27 | 06
#1380-d132 @A: 11 31 21 07 | 09
#1381-d132 @A: 07 24 33 18 | 11
#1382-d132 @A: 10 07 09 34 | 05
#1383-d132 @A: 29 23 10 07 | 02
#1384-d132 @A: 33 07 05 29 | 07
#1385-d132 @A: 19 27 22 11 | 03
#1386-d132 @A: 27 22 31 14 | 08
#1387-d132 @A: 22 23 03 21 | 12
#1388-d132 @A: 22 33 25 13 | 04
#1389-d132 @A: 09 13 34 22 | 01
#1390-d132 @A: 10 29 33 22 | 10
#1391-d132 @A: 27 18 11 31 | 06
#1392-d132 @A: 23 27 10 03 | 09
#1393-d132 @A: 13 16 11 09 | 11
#1394-d132 @A: 08 12 25 16 | 05
#1395-d132 @A: 19 16 34 25 | 02
#1396-d132 @A: 31 02 16 03 | 07
#1397-d132 @A: 03 16 29 34 | 03
#1398-d132 @A: 33 09 30 25 | 08
#1399-d132 @A: 30 05 13 12 | 12
#1400-d132 @A: 02 05 30 09 | 04
#1401-d132 @A: 33 10 30 05 | 01
#1402-d132 @A: 34 23 02 11 | 10
#1403-d132 @A: 08 23 33 11 | 06
#1404-d132 @A: 31 24 09 11 | 09
#1405-d132 @A: 19 33 18 21 | 11
#1406-d132 @A: 18 19 12 09 | 05
#1407-d132 @A: 09 03 18 24 | 02
#1408-d132 @A: 10 33 18 02 | 07
#1409-d132 @A: 08 18 05 19 | 03
#1410-d132 @A: 33 13 18 29 | 08
#1411-d132 @A: 14 29 12 23 | 12
#1412-d132 @A: 12 34 13 23 | 04
#1413-d132 @A: 05 03 34 23 | 01
#1414-d132 @A: 24 23 29 02 | 10
#1415-d132 @A: 09 14 08 23 | 06
#1416-d132 @A: 13 29 08 23 | 09
#1417-d132 @A: 22 26 07 15 | 11
#1418-d132 @A: 27 26 15 29 | 05
#1419-d132 @A: 12 23 15 26 | 02
#1420-d132 @A: 15 28 17 10 | 07
#1421-d132 @A: 15 02 35 28 | 03
#1422-d132 @A: 15 34 04 20 | 08
#1423-d132 @A: 04 15 07 13 | 12
#1424-d132 @A: 32 35 11 15 | 04
#1425-d132 @A: 35 01 12 15 | 01
#1426-d132 @A: 34 08 15 32 | 10
#1427-d132 @A: 15 02 18 06 | 06
#1428-d132 @A: 16 15 27 14 | 09
#1429-d132 @A: 16 30 15 33 | 11
#1430-d132 @A: 25 23 15 16 | 05
#1431-d132 @A: 33 25 15 21 | 02
#1432-d132 @A: 14 26 17 01 | 07
#1433-d132 @A: 35 26 12 11 | 03
#1434-d132 @A: 21 32 26 02 | 08
#1435-d132 @A: 26 23 32 13 | 12
#1436-d132 @A: 01 06 26 29 | 04
#1437-d132 @A: 26 20 07 12 | 01
#1438-d132 @A: 26 23 05 01 | 10
#1439-d132 @A: 26 22 13 12 | 06
#1440-d132 @A: 30 33 26 21 | 09
#1441-d132 @A: 30 10 26 03 | 11
#1442-d132 @A: 23 34 30 26 | 05
#1443-d132 @A: 03 26 19 05 | 02
#1444-d132 @A: 04 01 30 28 | 07
#1445-d132 @A: 05 06 28 35 | 03
#1446-d132 @A: 28 35 33 30 | 08
#1447-d132 @A: 19 07 32 28 | 12
#1448-d132 @A: 28 02 22 32 | 04
#1449-d132 @A: 28 31 27 32 | 01
#1450-d132 @A: 28 32 14 16 | 10
#1451-d132 @A: 12 28 32 23 | 06
#1452-d132 @A: 21 28 06 19 | 09
#1453-d132 @A: 25 28 06 14 | 11
#1454-d132 @A: 22 20 24 28 | 05
#1455-d132 @A: 21 20 28 08 | 02
#1456-d132 @A: 07 02 28 01 | 07
#1457-d132 @A: 21 07 28 10 | 03
#1458-d132 @A: 34 16 22 28 | 08
#1459-d132 @A: 28 16 05 27 | 12
#1460-d132 @A: 23 16 28 18 | 04
#1461-d132 @A: 03 31 28 18 | 01
#1462-d132 @A: 08 28 03 29 | 10
#1463-d132 @A: 28 05 29 34 | 06
#1464-d132 @A: 06 08 07 04 | 09
#1465-d132 @A: 13 04 21 06 | 11
#1466-d132 @A: 20 10 16 04 | 05
#1467-d132 @A: 22 04 33 30 | 02
#1468-d132 @A: 14 04 22 21 | 07
#1469-d132 @A: 04 18 05 22 | 03
#1470-d132 @A: 04 30 18 12 | 08
#1471-d132 @A: 05 04 11 21 | 12
#1472-d132 @A: 04 34 02 21 | 04
#1473-d132 @A: 19 04 33 03 | 01
#1474-d132 @A: 24 09 04 13 | 10
#1475-d132 @A: 34 24 04 23 | 06
#1476-d132 @A: 20 08 17 35 | 09
#1477-d132 @A: 06 16 17 09 | 11
#1478-d132 @A: 17 20 24 18 | 05
#1479-d132 @A: 17 22 01 24 | 02
#1480-d132 @A: 23 17 16 01 | 07
#1481-d132 @A: 27 05 17 07 | 03
#1482-d132 @A: 22 17 33 21 | 08
#1483-d132 @A: 17 21 14 11 | 12
#1484-d132 @A: 11 17 25 23 | 04
#1485-d132 @A: 31 13 17 14 | 01
#1486-d132 @A: 07 35 22 32 | 10
#1487-d132 @A: 35 18 32 34 | 06
#1488-d132 @A: 06 35 01 13 | 09
#1489-d132 @A: 35 20 16 13 | 11
#1490-d132 @A: 33 27 35 01 | 05
#1491-d132 @A: 07 33 35 21 | 02
#1492-d132 @A: 35 30 09 23 | 07
#1493-d132 @A: 11 02 35 31 | 03
#1494-d132 @A: 19 14 35 21 | 08
#1495-d132 @A: 35 33 14 10 | 12
#1496-d132 @A: 02 06 33 32 | 04
#1497-d132 @A: 08 05 32 20 | 01
#1498-d132 @A: 32 09 07 01 | 10
#1499-d132 @A: 30 32 13 07 | 06
#1500-d132 @A: 07 14 32 24 | 09
#1501-d132 @A: 22 03 32 25 | 11
#1502-d132 @A: 16 32 13 02 | 05
#1503-d132 @A: 33 16 32 23 | 02
#1504-d132 @A: 21 11 32 19 | 07
#1505-d132 @A: 10 25 32 24 | 03
#1506-d132 @A: 32 29 12 03 | 08
#1507-d132 @A: 16 06 13 07 | 12
#1508-d132 @A: 34 27 06 22 | 04
#1509-d132 @A: 08 22 21 06 | 01
#1510-d132 @A: 06 33 16 11 | 10
#1511-d132 @A: 12 03 34 06 | 06
#1512-d132 @A: 19 06 29 24 | 09
#1513-d132 @A: 03 20 01 30 | 11
#1514-d132 @A: 22 20 31 30 | 05
#1515-d132 @A: 11 18 20 19 | 02
#1516-d132 @A: 20 09 19 03 | 07
#1517-d132 @A: 20 31 09 10 | 03
#1518-d132 @A: 05 20 10 34 | 08
#1519-d132 @A: 02 01 22 30 | 12
#1520-d132 @A: 27 01 34 19 | 04
#1521-d132 @A: 01 25 05 09 | 01
#1522-d132 @A: 01 23 31 29 | 10
#1523-d132 @A: 07 21 22 03 | 06
#1524-d132 @A: 07 21 30 29 | 09
#1525-d132 @A: 18 30 19 07 | 11
#1526-d132 @A: 07 24 34 02 | 05
#1527-d132 @A: 09 07 08 14 | 02
#1528-d132 @A: 22 02 21 27 | 07
#1529-d132 @A: 14 22 25 12 | 03
#1530-d132 @A: 22 08 23 12 | 08
#1531-d132 @A: 19 33 12 22 | 12
#1532-d132 @A: 14 22 03 34 | 04
#1533-d132 @A: 13 27 03 33 | 01
#1534-d132 @A: 33 27 09 14 | 10
#1535-d132 @A: 10 29 13 27 | 06
#1536-d132 @A: 23 27 34 33 | 09
#1537-d132 @A: 16 25 24 31 | 11
#1538-d132 @A: 23 08 16 03 | 05
#1539-d132 @A: 25 30 02 12 | 02
#1540-d132 @A: 10 25 34 30 | 07
#1541-d132 @A: 30 33 08 24 | 03
#1542-d132 @A: 13 25 11 31 | 08
#1543-d132 @A: 24 03 11 12 | 12
#1544-d132 @A: 05 02 14 11 | 04
#1545-d132 @A: 14 25 02 21 | 01
#1546-d132 @A: 09 13 21 08 | 10
#1547-d132 @A: 34 29 18 25 | 06
#1548-d132 @A: 09 23 10 02 | 09
#1549-d132 @A: 26 15 24 03 | 11
#1550-d132 @A: 15 28 01 08 | 05
#1551-d132 @A: 15 17 02 16 | 02
#1552-d132 @A: 17 15 09 19 | 07
#1553-d132 @A: 35 29 15 24 | 03
#1554-d132 @A: 20 32 14 15 | 08
#1555-d132 @A: 24 21 15 06 | 12
#1556-d132 @A: 15 05 06 19 | 04
#1557-d132 @A: 12 20 15 27 | 01
#1558-d132 @A: 20 29 15 31 | 10
#1559-d132 @A: 15 23 02 01 | 06
#1560-d132 @A: 13 16 15 21 | 09
#1561-d132 @A: 03 30 14 15 | 11
#1562-d132 @A: 15 09 14 02 | 05
#1563-d132 @A: 19 15 13 10 | 02
#1564-d132 @A: 26 28 04 25 | 07
#1565-d132 @A: 17 26 12 28 | 03
#1566-d132 @A: 35 26 28 10 | 08
#1567-d132 @A: 11 28 26 13 | 12
#1568-d132 @A: 13 04 16 26 | 04
#1569-d132 @A: 04 19 31 26 | 01
#1570-d132 @A: 04 09 26 10 | 10
#1571-d132 @A: 17 03 26 16 | 06
#1572-d132 @A: 17 11 26 24 | 09
#1573-d132 @A: 35 32 14 26 | 11
#1574-d132 @A: 19 22 35 26 | 05
#1575-d132 @A: 35 21 05 26 | 02
#1576-d132 @A: 23 21 26 35 | 07
#1577-d132 @A: 35 34 31 26 | 03
#1578-d132 @A: 26 10 32 08 | 08
#1579-d132 @A: 10 22 26 06 | 12
#1580-d132 @A: 07 33 26 16 | 04
#1581-d132 @A: 07 21 14 26 | 01
#1582-d132 @A: 26 22 30 24 | 10
#1583-d132 @A: 22 26 05 09 | 06
#1584-d132 @A: 11 27 14 26 | 09
#1585-d132 @A: 12 29 05 26 | 11
#1586-d132 @A: 02 31 13 26 | 05
#1587-d132 @A: 26 19 24 14 | 02
#1588-d132 @A: 16 04 17 28 | 07
#1589-d132 @A: 28 22 17 13 | 03
#1590-d132 @A: 17 28 14 09 | 08
#1591-d132 @A: 32 08 28 18 | 12
#1592-d132 @A: 03 06 27 28 | 04
#1593-d132 @A: 28 33 13 06 | 01
#1594-d132 @A: 27 20 28 02 | 10
#1595-d132 @A: 28 12 29 14 | 06
#1596-d132 @A: 08 28 05 14 | 09
#1597-d132 @A: 09 23 28 33 | 11
#1598-d132 @A: 17 31 20 04 | 05
#1599-d132 @A: 04 09 17 12 | 02
#1600-d132 @A: 02 35 04 32 | 07
#1601-d132 @A: 20 33 04 35 | 03
#1602-d132 @A: 04 08 32 16 | 08
#1603-d132 @A: 05 04 06 16 | 12
#1604-d132 @A: 04 07 30 24 | 04
#1605-d132 @A: 04 29 25 33 | 01
#1606-d132 @A: 03 08 04 34 | 10
#1607-d132 @A: 29 09 04 03 | 06
#1608-d132 @A: 31 04 10 33 | 09
#1609-d132 @A: 17 03 01 35 | 11
#1610-d132 @A: 35 27 31 17 | 05
#1611-d132 @A: 05 17 32 21 | 02
#1612-d132 @A: 06 17 23 02 | 07
#1613-d132 @A: 23 20 05 17 | 03
#1614-d132 @A: 21 17 27 13 | 08
#1615-d132 @A: 16 12 17 18 | 12
#1616-d132 @A: 18 08 17 23 | 04
#1617-d132 @A: 02 14 12 17 | 01
#1618-d132 @A: 01 22 14 35 | 10
#1619-d132 @A: 12 31 35 07 | 06
#1620-d132 @A: 05 02 22 35 | 09
#1621-d132 @A: 10 16 35 30 | 11
#1622-d132 @A: 29 16 35 11 | 05
#1623-d132 @A: 02 03 33 35 | 02
#1624-d132 @A: 19 31 03 35 | 07
#1625-d132 @A: 19 35 02 08 | 03
#1626-d132 @A: 06 24 23 32 | 08
#1627-d132 @A: 20 32 21 03 | 12
#1628-d132 @A: 34 21 32 27 | 04
#1629-d132 @A: 05 11 10 32 | 01
#1630-d132 @A: 12 32 19 24 | 10
#1631-d132 @A: 12 34 10 32 | 06
#1632-d132 @A: 32 19 08 29 | 09
#1633-d132 @A: 14 32 08 31 | 11
#1634-d132 @A: 22 06 09 20 | 05
#1635-d132 @A: 11 20 29 06 | 02
#1636-d132 @A: 01 03 07 06 | 07
#1637-d132 @A: 01 06 27 16 | 03
#1638-d132 @A: 16 34 21 06 | 08
#1639-d132 @A: 23 06 05 18 | 12
#1640-d132 @A: 09 06 25 12 | 04
#1641-d132 @A: 31 06 12 14 | 01
#1642-d132 @A: 13 20 22 07 | 10
#1643-d132 @A: 21 20 05 22 | 06
#1644-d132 @A: 13 30 27 20 | 09
#1645-d132 @A: 20 12 02 11 | 11
#1646-d132 @A: 12 20 03 23 | 05
#1647-d132 @A: 33 13 09 20 | 02
#1648-d132 @A: 01 22 30 23 | 07
#1649-d132 @A: 30 05 11 01 | 03
#1650-d132 @A: 01 33 25 31 | 08
#1651-d132 @A: 14 01 12 09 | 12
#1652-d132 @A: 29 08 01 02 | 04
#1653-d132 @A: 08 10 23 01 | 01
#1654-d132 @A: 19 05 14 01 | 10
#1655-d132 @A: 09 33 24 01 | 06
#1656-d132 @A: 34 01 10 13 | 09
#1657-d132 @A: 08 16 07 21 | 11
#1658-d132 @A: 30 07 11 23 | 05
#1659-d132 @A: 11 10 07 29 | 02
#1660-d132 @A: 02 12 07 33 | 07
#1661-d132 @A: 29 12 07 34 | 03
#1662-d132 @A: 10 03 07 33 | 08
#1663-d132 @A: 10 05 08 07 | 12
#1664-d132 @A: 19 10 24 07 | 04
#1665-d132 @A: 07 09 31 33 | 01
#1666-d132 @A: 22 10 21 13 | 10
#1667-d132 @A: 25 09 08 22 | 06
#1668-d132 @A: 33 22 24 14 | 09
#1669-d132 @A: 08 03 10 27 | 11
#1670-d132 @A: 27 03 05 34 | 05
#1671-d132 @A: 05 13 02 27 | 02
#1672-d132 @A: 11 31 10 16 | 07
#1673-d132 @A: 14 09 03 16 | 03
#1674-d132 @A: 19 08 16 13 | 08
#1675-d132 @A: 16 31 19 14 | 12
#1676-d132 @A: 31 16 05 09 | 04
#1677-d132 @A: 11 03 21 30 | 01
#1678-d132 @A: 29 05 03 30 | 10
#1679-d132 @A: 19 30 23 24 | 06
#1680-d132 @A: 09 25 34 11 | 09
#1681-d132 @A: 11 14 12 33 | 11
#1682-d132 @A: 03 02 19 11 | 05
#1683-d132 @A: 34 24 11 08 | 02
#1684-d132 @A: 18 10 25 21 | 07
#1685-d132 @A: 13 25 34 21 | 03
#1686-d132 @A: 13 34 18 03 | 08
#1687-d132 @A: 18 14 10 34 | 12
#1688-d132 @A: 25 23 09 03 | 04
#1689-d132 @A: 31 23 34 25 | 01
