#0001-d137 @A: 20 15 31 13 | 11
#0002-d137 @A: 09 13 04 02 | 12
#0003-d137 @A: 13 05 22 33 | 08
#0004-d137 @A: 05 22 13 17 | 01
#0005-d137 @A: 13 18 03 02 | 07
#0006-d137 @A: 31 07 02 13 | 03
#0007-d137 @A: 35 13 02 27 | 06
#0008-d137 @A: 33 25 19 13 | 05
#0009-d137 @A: 06 30 13 33 | 04
#0010-d137 @A: 28 13 27 23 | 09
#0011-d137 @A: 34 12 09 13 | 10
#0012-d137 @A: 01 13 16 06 | 02
#0013-d137 @A: 05 13 25 06 | 11
#0014-d137 @A: 12 20 22 07 | 12
#0015-d137 @A: 32 24 22 20 | 08
#0016-d137 @A: 20 22 15 10 | 01
#0017-d137 @A: 25 21 03 20 | 07
#0018-d137 @A: 20 33 02 18 | 03
#0019-d137 @A: 32 02 19 20 | 06
#0020-d137 @A: 15 20 02 30 | 05
#0021-d137 @A: 34 33 20 30 | 04
#0022-d137 @A: 06 20 15 33 | 09
#0023-d137 @A: 20 15 07 27 | 10
#0024-d137 @A: 11 31 20 35 | 02
#0025-d137 @A: 34 29 20 11 | 11
#0026-d137 @A: 12 11 20 08 | 12
#0027-d137 @A: 15 11 20 32 | 08
#0028-d137 @A: 18 20 34 12 | 01
#0029-d137 @A: 27 24 20 12 | 07
#0030-d137 @A: 14 09 23 20 | 03
#0031-d137 @A: 20 29 25 06 | 06
#0032-d137 @A: 24 11 04 22 | 05
#0033-d137 @A: 12 32 04 03 | 04
#0034-d137 @A: 03 04 14 23 | 09
#0035-d137 @A: 02 24 04 10 | 10
#0036-d137 @A: 15 04 05 07 | 02
#0037-d137 @A: 07 16 01 04 | 11
#0038-d137 @A: 04 21 28 16 | 12
#0039-d137 @A: 04 12 10 11 | 08
#0040-d137 @A: 01 11 04 23 | 01
#0041-d137 @A: 04 16 34 14 | 07
#0042-d137 @A: 15 04 08 29 | 03
#0043-d137 @A: 32 15 04 24 | 06
#0044-d137 @A: 32 04 30 19 | 05
#0045-d137 @A: 32 23 25 04 | 04
#0046-d137 @A: 25 02 22 07 | 09
#0047-d137 @A: 22 02 01 28 | 10
#0048-d137 @A: 26 17 22 02 | 02
#0049-d137 @A: 33 18 24 22 | 11
#0050-d137 @A: 22 33 25 15 | 12
#0051-d137 @A: 07 22 26 35 | 08
#0052-d137 @A: 07 14 22 27 | 01
#0053-d137 @A: 22 30 12 21 | 07
#0054-d137 @A: 12 06 22 11 | 03
#0055-d137 @A: 12 28 14 22 | 06
#0056-d137 @A: 08 22 23 15 | 05
#0057-d137 @A: 12 05 22 15 | 04
#0058-d137 @A: 22 15 17 30 | 09
#0059-d137 @A: 09 22 26 15 | 10
#0060-d137 @A: 06 22 18 14 | 02
#0061-d137 @A: 01 22 17 09 | 11
#0062-d137 @A: 18 01 22 26 | 12
#0063-d137 @A: 16 22 32 01 | 08
#0064-d137 @A: 03 02 30 11 | 01
#0065-d137 @A: 07 06 03 08 | 07
#0066-d137 @A: 03 28 21 14 | 03
#0067-d137 @A: 21 03 16 15 | 06
#0068-d137 @A: 32 08 03 11 | 05
#0069-d137 @A: 12 03 23 35 | 04
#0070-d137 @A: 03 28 34 06 | 09
#0071-d137 @A: 01 03 12 34 | 10
#0072-d137 @A: 34 16 30 03 | 02
#0073-d137 @A: 19 03 14 08 | 11
#0074-d137 @A: 03 18 01 09 | 12
#0075-d137 @A: 26 32 03 30 | 08
#0076-d137 @A: 33 21 02 17 | 01
#0077-d137 @A: 23 02 33 15 | 07
#0078-d137 @A: 19 11 02 16 | 03
#0079-d137 @A: 14 29 02 05 | 06
#0080-d137 @A: 14 10 16 02 | 05
#0081-d137 @A: 02 27 26 09 | 04
#0082-d137 @A: 25 27 06 02 | 09
#0083-d137 @A: 16 02 29 27 | 10
#0084-d137 @A: 33 35 06 11 | 02
#0085-d137 @A: 33 12 30 11 | 11
#0086-d137 @A: 11 33 19 10 | 12
#0087-d137 @A: 01 33 35 08 | 08
#0088-d137 @A: 34 23 19 33 | 01
#0089-d137 @A: 15 27 18 33 | 07
#0090-d137 @A: 33 06 23 27 | 03
#0091-d137 @A: 11 07 05 21 | 06
#0092-d137 @A: 07 30 11 35 | 05
#0093-d137 @A: 11 07 12 26 | 04
#0094-d137 @A: 07 10 15 11 | 09
#0095-d137 @A: 07 01 15 35 | 10
#0096-d137 @A: 18 15 28 07 | 02
#0097-d137 @A: 07 28 32 14 | 11
#0098-d137 @A: 34 05 07 01 | 12
#0099-d137 @A: 15 08 25 07 | 08
#0100-d137 @A: 35 26 30 21 | 01
#0101-d137 @A: 28 21 19 32 | 07
#0102-d137 @A: 34 29 21 24 | 03
#0103-d137 @A: 12 09 01 21 | 06
#0104-d137 @A: 17 09 21 26 | 05
#0105-d137 @A: 21 31 09 10 | 04
#0106-d137 @A: 05 21 31 06 | 09
#0107-d137 @A: 14 11 25 35 | 10
#0108-d137 @A: 24 11 28 09 | 02
#0109-d137 @A: 28 11 17 24 | 11
#0110-d137 @A: 11 08 18 19 | 12
#0111-d137 @A: 11 01 16 26 | 08
#0112-d137 @A: 11 16 09 27 | 01
#0113-d137 @A: 11 26 29 18 | 07
#0114-d137 @A: 27 30 35 34 | 03
#0115-d137 @A: 24 08 09 35 | 06
#0116-d137 @A: 14 30 06 35 | 05
#0117-d137 @A: 35 26 10 23 | 04
#0118-d137 @A: 31 25 18 35 | 09
#0119-d137 @A: 35 10 31 06 | 10
#0120-d137 @A: 35 05 25 17 | 02
#0121-d137 @A: 19 34 28 09 | 11
#0122-d137 @A: 09 08 14 28 | 12
#0123-d137 @A: 31 25 28 12 | 08
#0124-d137 @A: 28 19 29 05 | 01
#0125-d137 @A: 05 28 27 14 | 07
#0126-d137 @A: 26 28 05 09 | 03
#0127-d137 @A: 34 15 17 12 | 06
#0128-d137 @A: 17 09 34 19 | 05
#0129-d137 @A: 10 29 34 30 | 04
#0130-d137 @A: 32 09 29 34 | 09
#0131-d137 @A: 16 34 06 27 | 10
#0132-d137 @A: 08 25 14 18 | 02
#0133-d137 @A: 26 30 17 08 | 11
#0134-d137 @A: 08 17 05 23 | 12
#0135-d137 @A: 14 23 24 05 | 08
#0136-d137 @A: 01 24 31 10 | 01
#0137-d137 @A: 32 26 31 24 | 07
#0138-d137 @A: 32 24 16 18 | 03
#0139-d137 @A: 14 12 01 05 | 06
#0140-d137 @A: 18 14 26 12 | 05
#0141-d137 @A: 27 01 12 29 | 04
#0142-d137 @A: 10 12 18 01 | 09
#0143-d137 @A: 10 29 05 12 | 10
#0144-d137 @A: 16 17 31 12 | 02
#0145-d137 @A: 14 15 32 16 | 11
#0146-d137 @A: 15 05 09 10 | 12
#0147-d137 @A: 27 15 32 26 | 08
#0148-d137 @A: 03 13 20 32 | 01
#0149-d137 @A: 20 13 33 01 | 07
#0150-d137 @A: 04 13 27 12 | 03
#0151-d137 @A: 24 02 13 23 | 06
#0152-d137 @A: 32 15 13 33 | 05
#0153-d137 @A: 13 33 31 09 | 04
#0154-d137 @A: 13 21 09 24 | 09
#0155-d137 @A: 24 13 35 11 | 10
#0156-d137 @A: 11 13 29 09 | 02
#0157-d137 @A: 30 18 24 13 | 11
#0158-d137 @A: 13 14 29 16 | 12
#0159-d137 @A: 26 27 30 13 | 08
#0160-d137 @A: 30 13 23 05 | 01
#0161-d137 @A: 13 17 18 27 | 07
#0162-d137 @A: 25 20 33 04 | 03
#0163-d137 @A: 07 09 04 20 | 06
#0164-d137 @A: 20 04 17 31 | 05
#0165-d137 @A: 20 03 29 02 | 04
#0166-d137 @A: 28 03 20 09 | 09
#0167-d137 @A: 10 03 34 20 | 10
#0168-d137 @A: 19 06 20 03 | 02
#0169-d137 @A: 12 02 01 20 | 11
#0170-d137 @A: 17 07 28 20 | 12
#0171-d137 @A: 20 07 32 34 | 08
#0172-d137 @A: 21 01 35 20 | 01
#0173-d137 @A: 20 34 21 27 | 07
#0174-d137 @A: 20 09 15 08 | 03
#0175-d137 @A: 26 12 20 19 | 06
#0176-d137 @A: 09 30 01 20 | 05
#0177-d137 @A: 23 27 20 26 | 04
#0178-d137 @A: 20 10 29 27 | 09
#0179-d137 @A: 15 03 09 04 | 10
#0180-d137 @A: 06 03 18 04 | 02
#0181-d137 @A: 29 04 35 02 | 11
#0182-d137 @A: 02 18 04 12 | 12
#0183-d137 @A: 21 04 33 01 | 08
#0184-d137 @A: 33 14 04 12 | 01
#0185-d137 @A: 11 15 04 16 | 07
#0186-d137 @A: 04 06 08 14 | 03
#0187-d137 @A: 29 04 26 24 | 06
#0188-d137 @A: 14 29 04 09 | 05
#0189-d137 @A: 29 04 31 16 | 04
#0190-d137 @A: 24 22 30 02 | 09
#0191-d137 @A: 08 22 05 21 | 10
#0192-d137 @A: 22 16 21 19 | 02
#0193-d137 @A: 34 12 22 23 | 11
#0194-d137 @A: 25 22 29 27 | 12
#0195-d137 @A: 06 29 16 22 | 08
#0196-d137 @A: 22 23 10 29 | 01
#0197-d137 @A: 19 02 01 03 | 07
#0198-d137 @A: 03 11 33 01 | 03
#0199-d137 @A: 29 07 30 03 | 06
#0200-d137 @A: 11 17 08 03 | 05
#0201-d137 @A: 34 15 03 27 | 04
#0202-d137 @A: 27 03 05 26 | 09
#0203-d137 @A: 03 16 05 32 | 10
#0204-d137 @A: 02 24 33 16 | 02
#0205-d137 @A: 35 06 07 02 | 11
#0206-d137 @A: 08 02 07 27 | 12
#0207-d137 @A: 02 11 26 35 | 08
#0208-d137 @A: 02 06 11 08 | 01
#0209-d137 @A: 17 02 09 35 | 07
#0210-d137 @A: 02 12 28 29 | 03
#0211-d137 @A: 19 08 09 02 | 06
#0212-d137 @A: 24 02 19 29 | 05
#0213-d137 @A: 02 15 31 24 | 04
#0214-d137 @A: 25 31 14 02 | 09
#0215-d137 @A: 02 10 05 18 | 10
#0216-d137 @A: 35 07 31 33 | 02
#0217-d137 @A: 12 07 33 06 | 11
#0218-d137 @A: 07 33 19 05 | 12
#0219-d137 @A: 30 33 19 21 | 08
#0220-d137 @A: 26 33 17 35 | 01
#0221-d137 @A: 28 32 34 33 | 07
#0222-d137 @A: 01 27 16 33 | 03
#0223-d137 @A: 05 01 33 23 | 06
#0224-d137 @A: 18 31 26 33 | 05
#0225-d137 @A: 11 32 16 07 | 04
#0226-d137 @A: 26 27 07 24 | 09
#0227-d137 @A: 19 09 07 12 | 10
#0228-d137 @A: 19 21 35 06 | 02
#0229-d137 @A: 19 08 21 17 | 11
#0230-d137 @A: 01 19 21 24 | 12
#0231-d137 @A: 24 15 21 25 | 08
#0232-d137 @A: 21 05 17 10 | 01
#0233-d137 @A: 11 27 35 12 | 07
#0234-d137 @A: 28 11 12 01 | 03
#0235-d137 @A: 11 29 08 14 | 06
#0236-d137 @A: 19 30 31 11 | 05
#0237-d137 @A: 11 18 14 17 | 04
#0238-d137 @A: 17 05 11 26 | 09
#0239-d137 @A: 35 17 23 28 | 10
#0240-d137 @A: 35 17 08 06 | 02
#0241-d137 @A: 35 14 26 09 | 11
#0242-d137 @A: 27 18 35 01 | 12
#0243-d137 @A: 35 23 16 09 | 08
#0244-d137 @A: 10 28 14 17 | 01
#0245-d137 @A: 27 10 01 28 | 07
#0246-d137 @A: 32 29 28 25 | 03
#0247-d137 @A: 08 34 16 19 | 06
#0248-d137 @A: 10 08 34 31 | 05
#0249-d137 @A: 34 09 10 14 | 04
#0250-d137 @A: 10 06 18 34 | 09
#0251-d137 @A: 29 05 34 25 | 10
#0252-d137 @A: 14 08 12 24 | 02
#0253-d137 @A: 12 31 05 08 | 11
#0254-d137 @A: 08 14 31 16 | 12
#0255-d137 @A: 25 09 08 01 | 08
#0256-d137 @A: 01 05 08 06 | 01
#0257-d137 @A: 32 08 26 09 | 07
#0258-d137 @A: 10 06 24 14 | 03
#0259-d137 @A: 26 01 06 24 | 06
#0260-d137 @A: 01 10 17 24 | 05
#0261-d137 @A: 30 23 24 31 | 04
#0262-d137 @A: 24 29 30 17 | 09
#0263-d137 @A: 24 31 09 18 | 10
#0264-d137 @A: 06 31 25 24 | 02
#0265-d137 @A: 12 10 14 15 | 11
#0266-d137 @A: 06 12 23 14 | 12
#0267-d137 @A: 12 26 05 06 | 08
#0268-d137 @A: 18 19 16 15 | 01
#0269-d137 @A: 26 19 30 14 | 07
#0270-d137 @A: 27 06 09 19 | 03
#0271-d137 @A: 05 31 19 09 | 06
#0272-d137 @A: 14 29 26 15 | 05
#0273-d137 @A: 17 09 25 16 | 04
#0274-d137 @A: 10 17 18 31 | 09
#0275-d137 @A: 28 20 35 13 | 10
#0276-d137 @A: 13 10 03 21 | 02
#0277-d137 @A: 30 19 13 03 | 11
#0278-d137 @A: 21 29 07 13 | 12
#0279-d137 @A: 13 07 16 19 | 08
#0280-d137 @A: 21 06 13 17 | 01
#0281-d137 @A: 13 30 11 34 | 07
#0282-d137 @A: 13 12 31 11 | 03
#0283-d137 @A: 09 35 19 13 | 06
#0284-d137 @A: 34 13 28 16 | 05
#0285-d137 @A: 26 24 19 13 | 04
#0286-d137 @A: 31 24 27 13 | 09
#0287-d137 @A: 12 29 13 17 | 10
#0288-d137 @A: 01 30 13 31 | 02
#0289-d137 @A: 25 17 30 13 | 11
#0290-d137 @A: 13 27 10 16 | 12
#0291-d137 @A: 06 23 13 10 | 08
#0292-d137 @A: 29 04 12 20 | 01
#0293-d137 @A: 03 23 22 20 | 07
#0294-d137 @A: 10 20 02 07 | 03
#0295-d137 @A: 14 33 20 11 | 06
#0296-d137 @A: 15 20 34 16 | 05
#0297-d137 @A: 24 20 19 10 | 04
#0298-d137 @A: 26 15 24 20 | 09
#0299-d137 @A: 12 05 17 20 | 10
#0300-d137 @A: 10 01 20 16 | 02
#0301-d137 @A: 20 25 31 05 | 11
#0302-d137 @A: 18 04 22 10 | 12
#0303-d137 @A: 10 03 04 35 | 08
#0304-d137 @A: 04 32 02 07 | 01
#0305-d137 @A: 27 02 11 04 | 07
#0306-d137 @A: 04 07 34 30 | 03
#0307-d137 @A: 12 35 04 30 | 06
#0308-d137 @A: 04 10 26 28 | 05
#0309-d137 @A: 32 17 04 28 | 04
#0310-d137 @A: 04 12 08 09 | 09
#0311-d137 @A: 08 19 04 10 | 10
#0312-d137 @A: 14 04 31 01 | 02
#0313-d137 @A: 32 31 04 09 | 11
#0314-d137 @A: 26 31 04 06 | 12
#0315-d137 @A: 31 18 05 04 | 08
#0316-d137 @A: 22 03 24 09 | 01
#0317-d137 @A: 22 35 02 05 | 07
#0318-d137 @A: 33 17 22 12 | 03
#0319-d137 @A: 22 07 32 08 | 06
#0320-d137 @A: 07 29 22 19 | 05
#0321-d137 @A: 28 22 21 27 | 04
#0322-d137 @A: 26 24 21 22 | 09
#0323-d137 @A: 31 22 34 11 | 10
#0324-d137 @A: 15 14 34 22 | 02
#0325-d137 @A: 22 30 19 08 | 11
#0326-d137 @A: 27 22 26 06 | 12
#0327-d137 @A: 18 17 22 29 | 08
#0328-d137 @A: 32 06 17 22 | 01
#0329-d137 @A: 31 22 23 16 | 07
#0330-d137 @A: 02 03 07 05 | 03
#0331-d137 @A: 28 03 24 02 | 06
#0332-d137 @A: 07 16 35 03 | 05
#0333-d137 @A: 03 28 01 07 | 04
#0334-d137 @A: 21 03 35 18 | 09
#0335-d137 @A: 03 10 05 11 | 10
#0336-d137 @A: 35 03 17 16 | 02
#0337-d137 @A: 27 16 08 03 | 11
#0338-d137 @A: 18 14 24 03 | 12
#0339-d137 @A: 01 26 29 03 | 08
#0340-d137 @A: 18 03 16 26 | 01
#0341-d137 @A: 07 33 02 01 | 07
#0342-d137 @A: 14 21 02 34 | 03
#0343-d137 @A: 11 18 02 28 | 06
#0344-d137 @A: 31 28 19 02 | 05
#0345-d137 @A: 02 06 24 12 | 04
#0346-d137 @A: 02 14 01 27 | 09
#0347-d137 @A: 02 30 14 18 | 10
#0348-d137 @A: 07 25 33 28 | 02
#0349-d137 @A: 33 09 10 07 | 11
#0350-d137 @A: 21 33 05 35 | 12
#0351-d137 @A: 24 14 21 33 | 08
#0352-d137 @A: 33 12 18 28 | 01
#0353-d137 @A: 24 33 05 15 | 07
#0354-d137 @A: 33 09 14 27 | 03
#0355-d137 @A: 33 18 14 10 | 06
#0356-d137 @A: 31 30 33 05 | 05
#0357-d137 @A: 25 06 18 33 | 04
#0358-d137 @A: 07 21 26 01 | 09
#0359-d137 @A: 07 23 34 28 | 10
#0360-d137 @A: 29 14 07 34 | 02
#0361-d137 @A: 25 07 06 34 | 11
#0362-d137 @A: 07 30 18 12 | 12
#0363-d137 @A: 26 28 21 15 | 08
#0364-d137 @A: 24 21 27 08 | 01
#0365-d137 @A: 08 21 12 32 | 07
#0366-d137 @A: 21 19 14 12 | 03
#0367-d137 @A: 21 12 15 27 | 06
#0368-d137 @A: 18 05 01 21 | 05
#0369-d137 @A: 05 30 21 09 | 04
#0370-d137 @A: 25 30 16 21 | 09
#0371-d137 @A: 21 18 26 23 | 10
#0372-d137 @A: 11 28 10 35 | 02
#0373-d137 @A: 10 01 08 11 | 11
#0374-d137 @A: 30 17 11 27 | 12
#0375-d137 @A: 16 10 06 11 | 08
#0376-d137 @A: 25 17 31 11 | 01
#0377-d137 @A: 35 14 28 31 | 07
#0378-d137 @A: 34 35 17 18 | 03
#0379-d137 @A: 35 14 15 08 | 06
#0380-d137 @A: 15 35 24 27 | 05
#0381-d137 @A: 29 16 19 35 | 04
#0382-d137 @A: 35 15 10 16 | 09
#0383-d137 @A: 09 06 29 35 | 10
#0384-d137 @A: 06 23 05 35 | 02
#0385-d137 @A: 08 29 34 28 | 11
#0386-d137 @A: 06 28 24 08 | 12
#0387-d137 @A: 31 15 08 28 | 08
#0388-d137 @A: 30 28 31 16 | 01
#0389-d137 @A: 25 09 28 27 | 07
#0390-d137 @A: 24 34 19 32 | 03
#0391-d137 @A: 30 18 01 34 | 06
#0392-d137 @A: 05 34 30 26 | 05
#0393-d137 @A: 17 34 05 30 | 04
#0394-d137 @A: 23 34 32 30 | 09
#0395-d137 @A: 05 18 09 34 | 10
#0396-d137 @A: 08 19 01 12 | 02
#0397-d137 @A: 32 05 14 08 | 11
#0398-d137 @A: 08 30 09 31 | 12
#0399-d137 @A: 09 08 23 06 | 08
#0400-d137 @A: 25 08 27 17 | 01
#0401-d137 @A: 01 24 09 14 | 07
#0402-d137 @A: 16 19 10 12 | 03
#0403-d137 @A: 26 09 10 12 | 06
#0404-d137 @A: 12 17 09 23 | 05
#0405-d137 @A: 12 10 17 26 | 04
#0406-d137 @A: 23 12 25 27 | 09
#0407-d137 @A: 14 19 01 17 | 10
#0408-d137 @A: 19 16 06 14 | 02
#0409-d137 @A: 23 31 15 10 | 11
#0410-d137 @A: 17 25 18 01 | 12
#0411-d137 @A: 09 30 16 17 | 08
#0412-d137 @A: 05 09 17 06 | 01
#0413-d137 @A: 13 20 34 25 | 07
#0414-d137 @A: 13 22 04 01 | 03
#0415-d137 @A: 03 05 04 13 | 06
#0416-d137 @A: 04 13 31 08 | 05
#0417-d137 @A: 23 13 16 04 | 04
#0418-d137 @A: 13 03 23 07 | 09
#0419-d137 @A: 03 13 34 14 | 10
#0420-d137 @A: 13 08 03 09 | 02
#0421-d137 @A: 16 25 13 02 | 11
#0422-d137 @A: 27 08 33 13 | 12
#0423-d137 @A: 13 28 12 21 | 08
#0424-d137 @A: 24 13 08 10 | 01
#0425-d137 @A: 15 13 30 12 | 07
#0426-d137 @A: 10 19 13 14 | 03
#0427-d137 @A: 14 01 15 13 | 06
#0428-d137 @A: 09 30 13 14 | 05
#0429-d137 @A: 31 13 14 06 | 04
#0430-d137 @A: 32 14 23 13 | 09
#0431-d137 @A: 27 29 05 13 | 10
#0432-d137 @A: 20 02 04 05 | 02
#0433-d137 @A: 26 20 34 04 | 11
#0434-d137 @A: 20 18 24 04 | 12
#0435-d137 @A: 04 15 20 23 | 08
#0436-d137 @A: 22 20 17 27 | 01
#0437-d137 @A: 06 22 05 20 | 07
#0438-d137 @A: 20 10 31 33 | 03
#0439-d137 @A: 07 20 23 35 | 06
#0440-d137 @A: 20 18 19 35 | 05
#0441-d137 @A: 25 12 15 20 | 04
#0442-d137 @A: 32 12 20 31 | 09
#0443-d137 @A: 04 33 34 31 | 10
#0444-d137 @A: 33 29 04 19 | 02
#0445-d137 @A: 17 33 01 04 | 11
#0446-d137 @A: 33 04 10 23 | 12
#0447-d137 @A: 24 07 08 04 | 08
#0448-d137 @A: 04 29 10 07 | 01
#0449-d137 @A: 04 09 21 34 | 07
#0450-d137 @A: 04 29 27 34 | 03
#0451-d137 @A: 30 23 06 04 | 06
#0452-d137 @A: 04 05 25 16 | 05
#0453-d137 @A: 17 16 04 05 | 04
#0454-d137 @A: 22 11 03 07 | 09
#0455-d137 @A: 18 03 15 22 | 10
#0456-d137 @A: 09 02 33 22 | 02
#0457-d137 @A: 22 07 21 33 | 11
#0458-d137 @A: 28 23 33 22 | 12
#0459-d137 @A: 22 29 31 33 | 08
#0460-d137 @A: 07 09 34 22 | 01
#0461-d137 @A: 22 07 01 10 | 07
#0462-d137 @A: 34 35 21 22 | 03
#0463-d137 @A: 08 09 11 22 | 06
#0464-d137 @A: 06 28 35 22 | 05
#0465-d137 @A: 01 27 22 34 | 04
#0466-d137 @A: 22 10 26 32 | 09
#0467-d137 @A: 15 02 03 32 | 10
#0468-d137 @A: 25 33 03 35 | 02
#0469-d137 @A: 03 35 11 29 | 11
#0470-d137 @A: 17 19 06 03 | 12
#0471-d137 @A: 14 31 05 03 | 08
#0472-d137 @A: 03 16 31 01 | 01
#0473-d137 @A: 17 27 03 23 | 07
#0474-d137 @A: 02 31 33 08 | 03
#0475-d137 @A: 28 02 16 07 | 06
#0476-d137 @A: 02 12 21 35 | 05
#0477-d137 @A: 01 02 35 31 | 04
#0478-d137 @A: 12 08 02 25 | 09
#0479-d137 @A: 16 02 18 01 | 10
#0480-d137 @A: 31 18 32 02 | 02
#0481-d137 @A: 26 24 33 11 | 11
#0482-d137 @A: 23 30 35 33 | 12
#0483-d137 @A: 28 33 05 08 | 08
#0484-d137 @A: 28 33 27 24 | 01
#0485-d137 @A: 33 23 08 12 | 07
#0486-d137 @A: 19 06 08 33 | 03
#0487-d137 @A: 33 24 31 19 | 06
#0488-d137 @A: 33 14 32 25 | 05
#0489-d137 @A: 09 33 01 26 | 04
#0490-d137 @A: 01 33 32 10 | 09
#0491-d137 @A: 33 06 23 17 | 10
#0492-d137 @A: 21 07 06 28 | 02
#0493-d137 @A: 15 07 21 32 | 11
#0494-d137 @A: 07 14 35 12 | 12
#0495-d137 @A: 30 07 28 08 | 08
#0496-d137 @A: 14 15 07 24 | 01
#0497-d137 @A: 14 01 06 07 | 07
#0498-d137 @A: 07 25 05 14 | 03
#0499-d137 @A: 27 16 07 25 | 06
#0500-d137 @A: 23 17 07 18 | 05
#0501-d137 @A: 21 23 11 28 | 04
#0502-d137 @A: 21 28 01 08 | 09
#0503-d137 @A: 31 24 21 28 | 10
#0504-d137 @A: 34 10 23 21 | 02
#0505-d137 @A: 21 18 12 06 | 11
#0506-d137 @A: 21 17 30 01 | 12
#0507-d137 @A: 21 23 27 09 | 08
#0508-d137 @A: 23 05 32 21 | 01
#0509-d137 @A: 29 21 23 31 | 07
#0510-d137 @A: 35 34 11 16 | 03
#0511-d137 @A: 11 35 15 05 | 06
#0512-d137 @A: 14 12 11 34 | 05
#0513-d137 @A: 29 15 11 24 | 04
#0514-d137 @A: 29 01 31 11 | 09
#0515-d137 @A: 25 11 09 26 | 10
#0516-d137 @A: 11 29 17 10 | 02
#0517-d137 @A: 34 01 28 35 | 11
#0518-d137 @A: 35 06 12 01 | 12
#0519-d137 @A: 35 18 14 05 | 08
#0520-d137 @A: 27 35 17 26 | 01
#0521-d137 @A: 26 05 35 32 | 07
#0522-d137 @A: 18 10 35 29 | 03
#0523-d137 @A: 34 26 24 28 | 06
#0524-d137 @A: 12 23 19 28 | 05
#0525-d137 @A: 10 14 28 29 | 04
#0526-d137 @A: 09 29 30 28 | 09
#0527-d137 @A: 28 27 29 18 | 10
#0528-d137 @A: 18 28 16 10 | 02
#0529-d137 @A: 26 31 34 09 | 11
#0530-d137 @A: 24 08 29 18 | 12
#0531-d137 @A: 05 10 23 08 | 08
#0532-d137 @A: 25 31 08 29 | 01
#0533-d137 @A: 25 24 32 30 | 07
#0534-d137 @A: 12 09 25 14 | 03
#0535-d137 @A: 12 23 09 29 | 06
#0536-d137 @A: 19 01 15 29 | 05
#0537-d137 @A: 32 10 09 19 | 04
#0538-d137 @A: 16 25 19 23 | 09
#0539-d137 @A: 15 09 06 14 | 10
#0540-d137 @A: 18 15 31 14 | 02
#0541-d137 @A: 31 01 15 05 | 11
#0542-d137 @A: 14 20 13 12 | 12
#0543-d137 @A: 13 20 01 17 | 08
#0544-d137 @A: 13 17 23 04 | 01
#0545-d137 @A: 35 22 13 29 | 07
#0546-d137 @A: 25 11 03 13 | 03
#0547-d137 @A: 14 02 13 28 | 06
#0548-d137 @A: 21 33 18 13 | 05
#0549-d137 @A: 16 13 33 11 | 04
#0550-d137 @A: 28 13 29 33 | 09
#0551-d137 @A: 27 32 13 07 | 10
#0552-d137 @A: 11 18 13 15 | 02
#0553-d137 @A: 13 10 35 12 | 11
#0554-d137 @A: 08 28 13 25 | 12
#0555-d137 @A: 13 15 05 28 | 08
#0556-d137 @A: 11 06 20 04 | 01
#0557-d137 @A: 20 16 19 04 | 07
#0558-d137 @A: 21 22 20 09 | 03
#0559-d137 @A: 03 31 20 24 | 06
#0560-d137 @A: 33 07 29 20 | 05
#0561-d137 @A: 20 17 14 33 | 04
#0562-d137 @A: 05 33 26 20 | 09
#0563-d137 @A: 20 07 24 01 | 10
#0564-d137 @A: 07 30 20 19 | 02
#0565-d137 @A: 26 20 16 07 | 11
#0566-d137 @A: 15 20 21 14 | 12
#0567-d137 @A: 30 11 28 20 | 08
#0568-d137 @A: 20 28 16 24 | 01
#0569-d137 @A: 01 20 08 34 | 07
#0570-d137 @A: 08 05 20 19 | 03
#0571-d137 @A: 31 30 14 20 | 06
#0572-d137 @A: 20 26 10 25 | 05
#0573-d137 @A: 21 29 04 22 | 04
#0574-d137 @A: 16 03 33 04 | 09
#0575-d137 @A: 31 04 19 03 | 10
#0576-d137 @A: 02 14 04 15 | 02
#0577-d137 @A: 07 04 12 28 | 11
#0578-d137 @A: 11 32 28 04 | 12
#0579-d137 @A: 04 17 19 15 | 08
#0580-d137 @A: 04 15 31 30 | 01
#0581-d137 @A: 30 05 04 14 | 07
#0582-d137 @A: 18 25 04 01 | 03
#0583-d137 @A: 30 26 04 25 | 06
#0584-d137 @A: 17 04 09 18 | 05
#0585-d137 @A: 03 22 01 06 | 04
#0586-d137 @A: 06 02 22 19 | 09
#0587-d137 @A: 22 33 06 34 | 10
#0588-d137 @A: 33 22 12 01 | 02
#0589-d137 @A: 18 22 11 35 | 11
#0590-d137 @A: 28 08 16 22 | 12
#0591-d137 @A: 19 34 10 22 | 08
#0592-d137 @A: 22 27 12 08 | 01
#0593-d137 @A: 26 21 02 03 | 07
#0594-d137 @A: 03 34 07 24 | 03
#0595-d137 @A: 31 15 03 07 | 06
#0596-d137 @A: 21 05 03 34 | 05
#0597-d137 @A: 03 21 29 12 | 04
#0598-d137 @A: 11 03 15 19 | 09
#0599-d137 @A: 35 06 24 03 | 10
#0600-d137 @A: 27 28 03 30 | 02
#0601-d137 @A: 03 24 10 15 | 11
#0602-d137 @A: 03 12 18 19 | 12
#0603-d137 @A: 03 17 15 26 | 08
#0604-d137 @A: 32 03 27 09 | 01
#0605-d137 @A: 09 03 31 25 | 07
#0606-d137 @A: 18 03 27 25 | 03
#0607-d137 @A: 03 31 29 18 | 06
#0608-d137 @A: 25 05 03 23 | 05
#0609-d137 @A: 07 02 19 14 | 04
#0610-d137 @A: 18 24 21 02 | 09
#0611-d137 @A: 02 35 18 15 | 10
#0612-d137 @A: 24 02 27 34 | 02
#0613-d137 @A: 02 06 17 24 | 11
#0614-d137 @A: 12 10 27 02 | 12
#0615-d137 @A: 02 01 05 26 | 08
#0616-d137 @A: 02 30 05 06 | 01
#0617-d137 @A: 26 02 31 10 | 07
#0618-d137 @A: 32 02 26 29 | 03
#0619-d137 @A: 33 21 29 11 | 06
#0620-d137 @A: 01 29 33 14 | 05
#0621-d137 @A: 26 27 33 25 | 04
#0622-d137 @A: 31 34 21 07 | 09
#0623-d137 @A: 14 07 17 21 | 10
#0624-d137 @A: 07 35 32 19 | 02
#0625-d137 @A: 07 28 24 29 | 11
#0626-d137 @A: 23 08 19 07 | 12
#0627-d137 @A: 08 18 07 26 | 08
#0628-d137 @A: 07 18 24 19 | 01
#0629-d137 @A: 07 05 24 17 | 07
#0630-d137 @A: 06 19 31 07 | 03
#0631-d137 @A: 09 14 31 07 | 06
#0632-d137 @A: 11 21 12 16 | 05
#0633-d137 @A: 19 21 18 34 | 04
#0634-d137 @A: 12 23 24 21 | 09
#0635-d137 @A: 27 18 21 10 | 10
#0636-d137 @A: 25 32 27 21 | 02
#0637-d137 @A: 21 23 16 06 | 11
#0638-d137 @A: 16 05 10 21 | 12
#0639-d137 @A: 17 11 19 35 | 08
#0640-d137 @A: 08 11 15 27 | 01
#0641-d137 @A: 27 24 01 11 | 07
#0642-d137 @A: 18 14 11 23 | 03
#0643-d137 @A: 10 11 14 31 | 06
#0644-d137 @A: 06 11 05 09 | 05
#0645-d137 @A: 31 09 11 23 | 04
#0646-d137 @A: 27 18 11 32 | 09
#0647-d137 @A: 08 35 28 32 | 10
#0648-d137 @A: 28 12 35 16 | 02
#0649-d137 @A: 19 28 35 30 | 11
#0650-d137 @A: 35 31 12 19 | 12
#0651-d137 @A: 12 35 25 05 | 08
#0652-d137 @A: 25 23 01 35 | 01
#0653-d137 @A: 26 06 18 35 | 07
#0654-d137 @A: 26 16 35 31 | 03
#0655-d137 @A: 27 28 08 19 | 06
#0656-d137 @A: 28 14 24 19 | 05
#0657-d137 @A: 17 30 19 28 | 04
#0658-d137 @A: 23 32 01 28 | 09
#0659-d137 @A: 31 34 14 27 | 10
#0660-d137 @A: 34 10 25 27 | 02
#0661-d137 @A: 08 12 29 06 | 11
#0662-d137 @A: 25 26 08 06 | 12
#0663-d137 @A: 05 24 31 29 | 08
#0664-d137 @A: 32 14 12 30 | 01
#0665-d137 @A: 12 14 27 16 | 07
#0666-d137 @A: 30 17 18 12 | 03
#0667-d137 @A: 32 12 18 09 | 06
#0668-d137 @A: 15 26 01 23 | 05
#0669-d137 @A: 09 10 15 17 | 04
#0670-d137 @A: 10 25 15 29 | 09
#0671-d137 @A: 09 14 29 17 | 10
#0672-d137 @A: 14 17 27 32 | 02
#0673-d137 @A: 26 25 29 17 | 11
#0674-d137 @A: 17 31 32 05 | 12
#0675-d137 @A: 13 05 20 11 | 08
#0676-d137 @A: 26 04 13 11 | 01
#0677-d137 @A: 13 04 35 34 | 07
#0678-d137 @A: 06 04 29 13 | 03
#0679-d137 @A: 28 22 09 13 | 06
#0680-d137 @A: 06 24 22 13 | 05
#0681-d137 @A: 18 35 07 13 | 04
#0682-d137 @A: 13 28 06 11 | 09
#0683-d137 @A: 13 34 05 24 | 10
#0684-d137 @A: 31 34 29 13 | 02
#0685-d137 @A: 12 32 13 29 | 11
#0686-d137 @A: 32 10 30 13 | 12
#0687-d137 @A: 20 27 08 04 | 08
#0688-d137 @A: 35 20 22 30 | 01
#0689-d137 @A: 20 05 03 15 | 07
#0690-d137 @A: 16 35 20 02 | 03
#0691-d137 @A: 32 33 20 08 | 06
#0692-d137 @A: 10 20 21 32 | 05
#0693-d137 @A: 06 35 20 34 | 04
#0694-d137 @A: 20 24 14 35 | 09
#0695-d137 @A: 18 28 08 20 | 10
#0696-d137 @A: 12 28 20 10 | 02
#0697-d137 @A: 24 34 09 20 | 11
#0698-d137 @A: 19 34 31 20 | 12
#0699-d137 @A: 20 25 17 15 | 08
#0700-d137 @A: 27 01 20 05 | 01
#0701-d137 @A: 29 20 26 30 | 07
#0702-d137 @A: 27 20 32 30 | 03
#0703-d137 @A: 02 04 31 22 | 06
#0704-d137 @A: 04 34 25 22 | 05
#0705-d137 @A: 16 04 22 27 | 04
#0706-d137 @A: 04 03 27 21 | 09
#0707-d137 @A: 33 27 35 04 | 10
#0708-d137 @A: 04 07 14 18 | 02
#0709-d137 @A: 25 04 08 21 | 11
#0710-d137 @A: 21 15 10 04 | 12
#0711-d137 @A: 35 17 14 04 | 08
#0712-d137 @A: 28 15 04 27 | 01
#0713-d137 @A: 04 34 12 06 | 07
#0714-d137 @A: 01 19 04 34 | 03
#0715-d137 @A: 01 12 04 15 | 06
#0716-d137 @A: 09 04 23 26 | 05
#0717-d137 @A: 29 17 04 27 | 04
#0718-d137 @A: 18 29 23 04 | 09
#0719-d137 @A: 29 32 04 05 | 10
#0720-d137 @A: 31 04 25 10 | 02
#0721-d137 @A: 32 22 03 29 | 11
#0722-d137 @A: 21 22 14 11 | 12
#0723-d137 @A: 21 22 06 15 | 08
#0724-d137 @A: 22 25 21 17 | 01
#0725-d137 @A: 34 28 22 30 | 07
#0726-d137 @A: 29 22 34 18 | 03
#0727-d137 @A: 31 22 09 06 | 06
#0728-d137 @A: 22 25 32 09 | 05
#0729-d137 @A: 26 22 05 29 | 04
#0730-d137 @A: 03 12 02 14 | 09
#0731-d137 @A: 33 07 18 03 | 10
#0732-d137 @A: 03 21 33 08 | 02
#0733-d137 @A: 09 34 03 33 | 11
#0734-d137 @A: 07 09 03 21 | 12
#0735-d137 @A: 03 05 28 35 | 08
#0736-d137 @A: 03 23 34 18 | 01
#0737-d137 @A: 08 15 03 01 | 07
#0738-d137 @A: 19 03 24 16 | 03
#0739-d137 @A: 03 26 14 10 | 06
#0740-d137 @A: 23 27 01 03 | 05
#0741-d137 @A: 10 09 06 03 | 04
#0742-d137 @A: 27 31 03 10 | 09
#0743-d137 @A: 17 03 25 31 | 10
#0744-d137 @A: 27 21 33 02 | 02
#0745-d137 @A: 26 07 02 15 | 11
#0746-d137 @A: 02 28 05 21 | 12
#0747-d137 @A: 21 02 01 23 | 08
#0748-d137 @A: 16 02 21 32 | 01
#0749-d137 @A: 23 02 17 21 | 07
#0750-d137 @A: 34 02 11 10 | 03
#0751-d137 @A: 11 02 15 25 | 06
#0752-d137 @A: 02 17 01 11 | 05
#0753-d137 @A: 25 35 02 34 | 04
#0754-d137 @A: 02 26 12 30 | 09
#0755-d137 @A: 02 15 05 27 | 10
#0756-d137 @A: 15 17 02 27 | 02
#0757-d137 @A: 02 17 10 30 | 11
#0758-d137 @A: 02 29 18 09 | 12
#0759-d137 @A: 18 02 25 26 | 08
#0760-d137 @A: 23 11 33 07 | 01
#0761-d137 @A: 07 33 16 08 | 07
#0762-d137 @A: 30 15 33 07 | 03
#0763-d137 @A: 06 09 21 33 | 06
#0764-d137 @A: 17 33 11 34 | 05
#0765-d137 @A: 15 11 09 33 | 04
#0766-d137 @A: 10 08 33 15 | 09
#0767-d137 @A: 09 33 12 24 | 10
#0768-d137 @A: 29 33 26 12 | 02
#0769-d137 @A: 23 31 14 33 | 11
#0770-d137 @A: 32 30 33 18 | 12
#0771-d137 @A: 33 27 17 09 | 08
#0772-d137 @A: 32 33 17 25 | 01
#0773-d137 @A: 25 21 07 12 | 07
#0774-d137 @A: 24 35 07 05 | 03
#0775-d137 @A: 23 07 14 10 | 06
#0776-d137 @A: 01 29 25 07 | 05
#0777-d137 @A: 06 07 09 26 | 04
#0778-d137 @A: 17 28 12 21 | 09
#0779-d137 @A: 10 28 30 21 | 10
#0780-d137 @A: 06 21 08 34 | 02
#0781-d137 @A: 29 21 15 05 | 11
#0782-d137 @A: 21 14 30 23 | 12
#0783-d137 @A: 09 32 21 14 | 08
#0784-d137 @A: 01 21 31 27 | 01
#0785-d137 @A: 01 32 06 21 | 07
#0786-d137 @A: 01 30 11 14 | 03
#0787-d137 @A: 25 11 01 05 | 06
#0788-d137 @A: 11 29 30 16 | 05
#0789-d137 @A: 11 31 27 05 | 04
#0790-d137 @A: 11 18 31 16 | 09
#0791-d137 @A: 25 11 32 31 | 10
#0792-d137 @A: 35 08 12 18 | 02
#0793-d137 @A: 19 35 08 26 | 11
#0794-d137 @A: 30 01 35 24 | 12
#0795-d137 @A: 10 30 05 35 | 08
#0796-d137 @A: 35 05 16 27 | 01
#0797-d137 @A: 23 27 35 29 | 07
#0798-d137 @A: 28 30 24 15 | 03
#0799-d137 @A: 15 18 28 17 | 06
#0800-d137 @A: 16 28 15 29 | 05
#0801-d137 @A: 23 28 16 14 | 04
#0802-d137 @A: 31 09 28 01 | 09
#0803-d137 @A: 26 28 16 25 | 10
#0804-d137 @A: 28 29 23 06 | 02
#0805-d137 @A: 26 25 34 19 | 11
#0806-d137 @A: 32 01 31 34 | 12
#0807-d137 @A: 31 25 30 34 | 08
#0808-d137 @A: 26 34 27 18 | 01
#0809-d137 @A: 29 16 26 34 | 07
#0810-d137 @A: 10 16 32 34 | 03
#0811-d137 @A: 30 26 16 08 | 06
#0812-d137 @A: 14 25 24 29 | 05
#0813-d137 @A: 09 30 24 26 | 04
#0814-d137 @A: 29 06 30 24 | 09
#0815-d137 @A: 26 24 05 18 | 10
#0816-d137 @A: 05 06 16 24 | 02
#0817-d137 @A: 25 26 12 01 | 11
#0818-d137 @A: 30 29 12 25 | 12
#0819-d137 @A: 25 12 06 10 | 08
#0820-d137 @A: 25 12 16 32 | 01
#0821-d137 @A: 27 10 19 15 | 07
#0822-d137 @A: 10 18 26 19 | 03
#0823-d137 @A: 25 17 19 23 | 06
#0824-d137 @A: 15 14 27 30 | 05
#0825-d137 @A: 18 26 30 15 | 04
#0826-d137 @A: 09 29 27 15 | 09
#0827-d137 @A: 27 25 15 31 | 10
#0828-d137 @A: 06 14 17 30 | 02
#0829-d137 @A: 02 20 21 13 | 11
#0830-d137 @A: 07 06 20 13 | 12
#0831-d137 @A: 14 13 04 24 | 08
#0832-d137 @A: 13 23 22 21 | 01
#0833-d137 @A: 13 32 34 22 | 07
#0834-d137 @A: 03 13 33 24 | 03
#0835-d137 @A: 33 12 13 02 | 06
#0836-d137 @A: 33 13 35 14 | 05
#0837-d137 @A: 07 34 13 26 | 04
#0838-d137 @A: 13 07 12 05 | 09
#0839-d137 @A: 19 15 21 13 | 10
#0840-d137 @A: 23 11 08 13 | 02
#0841-d137 @A: 28 13 19 01 | 11
#0842-d137 @A: 26 18 28 13 | 12
#0843-d137 @A: 23 13 18 12 | 08
#0844-d137 @A: 23 01 09 13 | 01
#0845-d137 @A: 05 18 16 13 | 07
#0846-d137 @A: 10 18 13 31 | 03
#0847-d137 @A: 29 25 23 13 | 06
#0848-d137 @A: 33 16 22 20 | 05
#0849-d137 @A: 31 27 22 20 | 04
#0850-d137 @A: 20 02 11 24 | 09
#0851-d137 @A: 23 02 31 20 | 10
#0852-d137 @A: 23 16 11 20 | 02
#0853-d137 @A: 11 20 17 32 | 11
#0854-d137 @A: 29 35 20 15 | 12
#0855-d137 @A: 20 06 16 08 | 08
#0856-d137 @A: 12 09 20 06 | 01
#0857-d137 @A: 10 20 06 30 | 07
#0858-d137 @A: 31 20 06 18 | 03
#0859-d137 @A: 29 20 32 23 | 06
#0860-d137 @A: 04 06 07 22 | 05
#0861-d137 @A: 03 04 29 28 | 04
#0862-d137 @A: 04 33 30 02 | 09
#0863-d137 @A: 02 04 17 07 | 10
#0864-d137 @A: 04 33 09 28 | 02
#0865-d137 @A: 33 24 06 04 | 11
#0866-d137 @A: 07 11 04 31 | 12
#0867-d137 @A: 21 31 12 04 | 08
#0868-d137 @A: 04 34 10 05 | 01
#0869-d137 @A: 08 04 15 17 | 07
#0870-d137 @A: 04 06 05 27 | 03
#0871-d137 @A: 31 23 04 27 | 06
#0872-d137 @A: 22 17 24 03 | 05
#0873-d137 @A: 12 22 10 03 | 04
#0874-d137 @A: 02 21 22 10 | 09
#0875-d137 @A: 33 11 27 22 | 10
#0876-d137 @A: 21 22 25 01 | 02
#0877-d137 @A: 14 10 22 25 | 11
#0878-d137 @A: 32 22 30 31 | 12
#0879-d137 @A: 27 05 22 23 | 08
#0880-d137 @A: 02 16 03 06 | 01
#0881-d137 @A: 33 05 06 03 | 07
#0882-d137 @A: 09 07 03 17 | 03
#0883-d137 @A: 27 03 11 14 | 06
#0884-d137 @A: 24 08 26 03 | 05
#0885-d137 @A: 06 03 01 17 | 04
#0886-d137 @A: 33 14 02 06 | 09
#0887-d137 @A: 29 02 07 11 | 10
#0888-d137 @A: 23 02 12 07 | 02
#0889-d137 @A: 29 21 08 02 | 11
#0890-d137 @A: 02 11 05 12 | 12
#0891-d137 @A: 14 09 11 02 | 08
#0892-d137 @A: 35 02 32 24 | 01
#0893-d137 @A: 06 15 02 28 | 07
#0894-d137 @A: 16 02 09 34 | 03
#0895-d137 @A: 25 02 34 17 | 06
#0896-d137 @A: 16 02 15 08 | 05
#0897-d137 @A: 02 15 12 19 | 04
#0898-d137 @A: 18 19 27 02 | 09
#0899-d137 @A: 29 01 02 10 | 10
#0900-d137 @A: 02 23 32 27 | 02
#0901-d137 @A: 14 26 07 33 | 11
#0902-d137 @A: 34 11 33 18 | 12
#0903-d137 @A: 35 33 19 15 | 08
#0904-d137 @A: 33 09 32 35 | 01
#0905-d137 @A: 34 25 33 12 | 07
#0906-d137 @A: 15 34 33 29 | 03
#0907-d137 @A: 24 33 08 30 | 06
#0908-d137 @A: 12 15 33 16 | 05
#0909-d137 @A: 32 33 05 12 | 04
#0910-d137 @A: 09 30 33 16 | 09
#0911-d137 @A: 26 33 30 10 | 10
#0912-d137 @A: 23 18 33 09 | 02
#0913-d137 @A: 35 07 34 10 | 11
#0914-d137 @A: 07 16 12 34 | 12
#0915-d137 @A: 10 08 07 12 | 08
#0916-d137 @A: 07 23 01 30 | 01
#0917-d137 @A: 07 26 31 30 | 07
#0918-d137 @A: 09 23 07 32 | 03
#0919-d137 @A: 18 07 23 27 | 06
#0920-d137 @A: 16 07 23 05 | 05
#0921-d137 @A: 07 10 31 16 | 04
#0922-d137 @A: 11 25 10 21 | 09
#0923-d137 @A: 21 10 24 35 | 10
#0924-d137 @A: 15 30 34 21 | 02
#0925-d137 @A: 34 27 21 17 | 11
#0926-d137 @A: 21 19 31 08 | 12
#0927-d137 @A: 21 27 19 05 | 08
#0928-d137 @A: 16 01 21 29 | 01
#0929-d137 @A: 21 18 29 25 | 07
#0930-d137 @A: 28 14 11 15 | 03
#0931-d137 @A: 32 12 24 11 | 06
#0932-d137 @A: 24 05 19 11 | 05
#0933-d137 @A: 11 10 24 18 | 04
#0934-d137 @A: 11 05 14 26 | 09
#0935-d137 @A: 06 01 18 11 | 10
#0936-d137 @A: 25 11 23 06 | 02
#0937-d137 @A: 34 35 18 24 | 11
#0938-d137 @A: 15 34 09 35 | 12
#0939-d137 @A: 29 01 05 35 | 08
#0940-d137 @A: 35 32 18 23 | 01
#0941-d137 @A: 31 34 28 18 | 07
#0942-d137 @A: 01 06 25 28 | 03
#0943-d137 @A: 23 28 10 09 | 06
#0944-d137 @A: 28 06 05 18 | 05
#0945-d137 @A: 30 12 34 08 | 04
#0946-d137 @A: 23 24 32 08 | 09
#0947-d137 @A: 08 01 29 23 | 10
#0948-d137 @A: 10 09 18 08 | 02
#0949-d137 @A: 31 18 27 08 | 11
#0950-d137 @A: 18 08 23 16 | 12
#0951-d137 @A: 31 06 32 08 | 08
#0952-d137 @A: 24 27 30 16 | 01
#0953-d137 @A: 05 27 24 09 | 07
#0954-d137 @A: 24 09 32 17 | 03
#0955-d137 @A: 26 17 24 31 | 06
#0956-d137 @A: 01 16 12 30 | 05
#0957-d137 @A: 06 27 32 12 | 04
#0958-d137 @A: 32 12 23 10 | 09
#0959-d137 @A: 14 05 15 19 | 10
#0960-d137 @A: 19 29 30 18 | 02
#0961-d137 @A: 19 23 05 26 | 11
#0962-d137 @A: 10 15 18 32 | 12
#0963-d137 @A: 29 31 15 32 | 08
#0964-d137 @A: 13 20 19 23 | 01
#0965-d137 @A: 13 27 09 20 | 07
#0966-d137 @A: 13 30 28 04 | 03
#0967-d137 @A: 22 07 13 30 | 06
#0968-d137 @A: 14 22 08 13 | 05
#0969-d137 @A: 25 12 22 13 | 04
#0970-d137 @A: 33 13 17 28 | 09
#0971-d137 @A: 07 13 01 08 | 10
#0972-d137 @A: 14 05 13 21 | 02
#0973-d137 @A: 13 11 17 09 | 11
#0974-d137 @A: 24 19 17 13 | 12
#0975-d137 @A: 13 15 24 16 | 08
#0976-d137 @A: 13 16 31 32 | 01
#0977-d137 @A: 10 13 16 17 | 07
#0978-d137 @A: 28 31 20 04 | 03
#0979-d137 @A: 14 07 20 03 | 06
#0980-d137 @A: 28 02 27 20 | 05
#0981-d137 @A: 09 20 33 19 | 04
#0982-d137 @A: 05 12 20 21 | 09
#0983-d137 @A: 35 30 20 17 | 10
#0984-d137 @A: 35 27 20 25 | 02
#0985-d137 @A: 25 24 20 08 | 11
#0986-d137 @A: 20 23 30 12 | 12
#0987-d137 @A: 06 14 20 27 | 08
#0988-d137 @A: 20 01 32 25 | 01
#0989-d137 @A: 20 26 18 09 | 07
#0990-d137 @A: 23 22 35 04 | 03
#0991-d137 @A: 04 12 22 26 | 06
#0992-d137 @A: 04 22 19 15 | 05
#0993-d137 @A: 09 30 22 04 | 04
#0994-d137 @A: 11 04 03 34 | 09
#0995-d137 @A: 05 04 11 33 | 10
#0996-d137 @A: 35 25 07 04 | 02
#0997-d137 @A: 18 11 21 04 | 11
#0998-d137 @A: 26 21 04 19 | 12
#0999-d137 @A: 11 19 04 14 | 08
#1000-d137 @A: 26 17 04 34 | 01
#1001-d137 @A: 08 26 04 05 | 07
#1002-d137 @A: 04 27 24 25 | 03
#1003-d137 @A: 01 29 30 04 | 06
#1004-d137 @A: 32 06 16 04 | 05
#1005-d137 @A: 03 21 22 31 | 04
#1006-d137 @A: 32 22 14 02 | 09
#1007-d137 @A: 29 11 22 28 | 10
#1008-d137 @A: 15 22 11 30 | 02
#1009-d137 @A: 01 19 35 22 | 11
#1010-d137 @A: 22 35 31 15 | 12
#1011-d137 @A: 28 18 22 19 | 08
#1012-d137 @A: 01 31 08 22 | 01
#1013-d137 @A: 19 32 22 12 | 07
#1014-d137 @A: 22 18 31 12 | 03
#1015-d137 @A: 19 17 22 10 | 06
#1016-d137 @A: 14 22 26 16 | 05
#1017-d137 @A: 18 16 30 22 | 04
#1018-d137 @A: 10 16 22 09 | 09
#1019-d137 @A: 23 08 02 03 | 10
#1020-d137 @A: 33 03 12 31 | 02
#1021-d137 @A: 32 19 33 03 | 11
#1022-d137 @A: 15 33 03 14 | 12
#1023-d137 @A: 33 03 29 23 | 08
#1024-d137 @A: 11 21 06 03 | 01
#1025-d137 @A: 03 21 24 32 | 07
#1026-d137 @A: 30 21 03 01 | 03
#1027-d137 @A: 19 03 10 28 | 06
#1028-d137 @A: 18 03 32 28 | 05
#1029-d137 @A: 19 03 34 29 | 04
#1030-d137 @A: 18 08 05 03 | 09
#1031-d137 @A: 10 03 08 29 | 10
#1032-d137 @A: 09 03 16 14 | 02
#1033-d137 @A: 14 03 06 29 | 11
#1034-d137 @A: 03 10 01 25 | 12
#1035-d137 @A: 25 33 02 29 | 08
#1036-d137 @A: 15 09 21 02 | 01
#1037-d137 @A: 30 08 35 02 | 07
#1038-d137 @A: 12 32 02 34 | 03
#1039-d137 @A: 02 19 30 34 | 06
#1040-d137 @A: 15 01 02 34 | 05
#1041-d137 @A: 31 02 12 09 | 04
#1042-d137 @A: 02 30 31 27 | 09
#1043-d137 @A: 30 16 23 02 | 10
#1044-d137 @A: 06 02 23 18 | 02
#1045-d137 @A: 02 16 05 31 | 11
#1046-d137 @A: 25 32 02 05 | 12
#1047-d137 @A: 07 33 27 34 | 08
#1048-d137 @A: 10 33 12 21 | 01
#1049-d137 @A: 32 26 21 33 | 07
#1050-d137 @A: 33 23 21 25 | 03
#1051-d137 @A: 28 16 19 33 | 06
#1052-d137 @A: 08 10 33 17 | 05
#1053-d137 @A: 05 10 33 27 | 04
#1054-d137 @A: 33 32 16 23 | 09
#1055-d137 @A: 27 21 07 35 | 10
#1056-d137 @A: 19 10 21 07 | 02
#1057-d137 @A: 07 24 31 12 | 11
#1058-d137 @A: 15 17 07 32 | 12
#1059-d137 @A: 14 30 16 07 | 08
#1060-d137 @A: 01 27 07 09 | 01
#1061-d137 @A: 27 07 06 10 | 07
#1062-d137 @A: 05 07 31 32 | 03
#1063-d137 @A: 01 21 11 15 | 06
#1064-d137 @A: 29 21 35 17 | 05
#1065-d137 @A: 12 26 21 34 | 04
#1066-d137 @A: 15 21 31 17 | 09
#1067-d137 @A: 06 30 27 21 | 10
#1068-d137 @A: 26 11 08 28 | 02
#1069-d137 @A: 19 25 11 28 | 11
#1070-d137 @A: 19 29 11 12 | 12
#1071-d137 @A: 31 11 06 15 | 08
#1072-d137 @A: 11 23 30 10 | 01
#1073-d137 @A: 10 27 11 26 | 07
#1074-d137 @A: 29 05 11 23 | 03
#1075-d137 @A: 28 15 25 35 | 06
#1076-d137 @A: 27 26 28 35 | 05
#1077-d137 @A: 35 06 27 08 | 04
#1078-d137 @A: 24 35 26 12 | 09
#1079-d137 @A: 24 35 17 12 | 10
#1080-d137 @A: 35 19 25 24 | 02
#1081-d137 @A: 15 12 32 35 | 11
#1082-d137 @A: 35 01 17 31 | 12
#1083-d137 @A: 34 28 27 12 | 08
#1084-d137 @A: 01 18 28 14 | 01
#1085-d137 @A: 05 28 01 16 | 07
#1086-d137 @A: 16 09 06 28 | 03
#1087-d137 @A: 17 28 27 05 | 06
#1088-d137 @A: 15 05 08 34 | 05
#1089-d137 @A: 08 16 34 17 | 04
#1090-d137 @A: 25 34 32 15 | 09
#1091-d137 @A: 26 34 14 23 | 10
#1092-d137 @A: 01 29 06 34 | 02
#1093-d137 @A: 16 34 23 01 | 11
#1094-d137 @A: 23 25 09 34 | 12
#1095-d137 @A: 16 08 24 01 | 08
#1096-d137 @A: 23 08 26 31 | 01
#1097-d137 @A: 05 08 27 25 | 07
#1098-d137 @A: 23 24 15 09 | 03
#1099-d137 @A: 14 12 31 29 | 06
#1100-d137 @A: 12 27 09 30 | 05
#1101-d137 @A: 16 12 31 06 | 04
#1102-d137 @A: 09 19 30 15 | 09
#1103-d137 @A: 15 23 19 32 | 10
#1104-d137 @A: 14 32 31 19 | 02
#1105-d137 @A: 01 09 16 19 | 11
#1106-d137 @A: 19 27 30 23 | 12
#1107-d137 @A: 19 05 16 30 | 08
#1108-d137 @A: 06 29 26 19 | 01
#1109-d137 @A: 29 19 32 27 | 07
#1110-d137 @A: 29 16 19 17 | 03
#1111-d137 @A: 25 23 15 14 | 06
#1112-d137 @A: 26 15 10 06 | 05
#1113-d137 @A: 15 06 32 05 | 04
#1114-d137 @A: 06 29 17 15 | 09
#1115-d137 @A: 31 23 17 14 | 10
#1116-d137 @A: 17 01 23 29 | 02
#1117-d137 @A: 16 30 13 20 | 11
#1118-d137 @A: 04 18 19 13 | 12
#1119-d137 @A: 22 13 02 26 | 08
#1120-d137 @A: 06 03 27 13 | 01
#1121-d137 @A: 10 13 02 15 | 07
#1122-d137 @A: 17 13 32 02 | 03
#1123-d137 @A: 14 13 07 11 | 06
#1124-d137 @A: 07 25 24 13 | 05
#1125-d137 @A: 15 09 13 07 | 04
#1126-d137 @A: 21 08 30 13 | 09
#1127-d137 @A: 21 31 25 13 | 10
#1128-d137 @A: 15 35 17 13 | 02
#1129-d137 @A: 19 27 34 13 | 11
#1130-d137 @A: 14 08 13 17 | 12
#1131-d137 @A: 13 14 25 26 | 08
#1132-d137 @A: 16 13 09 26 | 01
#1133-d137 @A: 13 25 32 18 | 07
#1134-d137 @A: 04 20 32 35 | 03
#1135-d137 @A: 34 22 02 20 | 06
#1136-d137 @A: 20 26 22 28 | 05
#1137-d137 @A: 19 22 20 25 | 04
#1138-d137 @A: 11 18 20 03 | 09
#1139-d137 @A: 17 20 29 33 | 10
#1140-d137 @A: 28 07 05 20 | 02
#1141-d137 @A: 31 07 20 08 | 11
#1142-d137 @A: 20 11 26 21 | 12
#1143-d137 @A: 20 11 27 19 | 08
#1144-d137 @A: 10 35 08 20 | 01
#1145-d137 @A: 28 15 19 20 | 07
#1146-d137 @A: 28 23 20 25 | 03
#1147-d137 @A: 34 20 17 06 | 06
#1148-d137 @A: 05 34 20 23 | 05
#1149-d137 @A: 09 08 17 20 | 04
#1150-d137 @A: 17 23 20 24 | 09
#1151-d137 @A: 18 30 20 25 | 10
#1152-d137 @A: 05 16 29 20 | 02
#1153-d137 @A: 04 03 26 07 | 11
#1154-d137 @A: 03 30 04 17 | 12
#1155-d137 @A: 02 16 26 04 | 08
#1156-d137 @A: 04 33 26 15 | 01
#1157-d137 @A: 04 07 23 21 | 07
#1158-d137 @A: 09 35 11 04 | 03
#1159-d137 @A: 04 18 35 28 | 06
#1160-d137 @A: 16 35 04 08 | 05
#1161-d137 @A: 04 35 05 19 | 04
#1162-d137 @A: 26 01 35 04 | 09
#1163-d137 @A: 04 12 16 24 | 10
#1164-d137 @A: 01 04 27 32 | 02
#1165-d137 @A: 04 30 10 16 | 11
#1166-d137 @A: 10 06 17 04 | 12
#1167-d137 @A: 25 22 28 03 | 08
#1168-d137 @A: 22 18 07 05 | 01
#1169-d137 @A: 32 11 22 05 | 07
#1170-d137 @A: 10 22 28 24 | 03
#1171-d137 @A: 06 22 08 10 | 06
#1172-d137 @A: 22 19 24 27 | 05
#1173-d137 @A: 15 01 24 22 | 04
#1174-d137 @A: 14 22 24 31 | 09
#1175-d137 @A: 09 14 22 05 | 10
#1176-d137 @A: 09 29 22 01 | 02
#1177-d137 @A: 31 26 22 25 | 11
#1178-d137 @A: 10 03 02 33 | 12
#1179-d137 @A: 02 03 34 31 | 08
#1180-d137 @A: 27 12 07 03 | 01
#1181-d137 @A: 11 03 09 12 | 07
#1182-d137 @A: 03 08 25 34 | 03
#1183-d137 @A: 27 24 29 03 | 06
#1184-d137 @A: 03 09 19 26 | 05
#1185-d137 @A: 25 15 03 26 | 04
#1186-d137 @A: 03 14 32 01 | 09
#1187-d137 @A: 25 30 14 03 | 10
#1188-d137 @A: 09 03 29 05 | 02
#1189-d137 @A: 25 06 03 32 | 11
#1190-d137 @A: 03 23 31 32 | 12
#1191-d137 @A: 02 33 32 11 | 08
#1192-d137 @A: 02 34 05 33 | 01
#1193-d137 @A: 19 26 02 33 | 07
#1194-d137 @A: 02 08 10 28 | 03
#1195-d137 @A: 02 25 28 30 | 06
#1196-d137 @A: 02 29 34 23 | 05
#1197-d137 @A: 12 17 08 02 | 04
#1198-d137 @A: 32 30 02 01 | 09
#1199-d137 @A: 06 01 02 09 | 10
#1200-d137 @A: 29 06 02 31 | 02
#1201-d137 @A: 33 24 32 07 | 11
#1202-d137 @A: 33 26 35 34 | 12
#1203-d137 @A: 18 16 35 33 | 08
#1204-d137 @A: 33 28 06 10 | 01
#1205-d137 @A: 33 25 05 09 | 07
#1206-d137 @A: 32 31 33 27 | 03
#1207-d137 @A: 16 31 33 25 | 06
#1208-d137 @A: 33 10 29 16 | 05
#1209-d137 @A: 21 07 24 16 | 04
#1210-d137 @A: 34 19 15 07 | 09
#1211-d137 @A: 07 10 30 24 | 10
#1212-d137 @A: 23 06 15 07 | 02
#1213-d137 @A: 07 06 05 29 | 11
#1214-d137 @A: 21 08 11 35 | 12
#1215-d137 @A: 29 28 35 21 | 08
#1216-d137 @A: 28 25 21 34 | 01
#1217-d137 @A: 01 14 21 10 | 07
#1218-d137 @A: 21 14 27 29 | 03
#1219-d137 @A: 18 16 21 14 | 06
#1220-d137 @A: 30 32 29 21 | 05
#1221-d137 @A: 11 01 34 09 | 04
#1222-d137 @A: 15 23 11 12 | 09
#1223-d137 @A: 32 14 11 06 | 10
#1224-d137 @A: 30 11 32 09 | 02
#1225-d137 @A: 06 30 26 11 | 11
#1226-d137 @A: 35 27 31 09 | 12
#1227-d137 @A: 16 35 25 06 | 08
#1228-d137 @A: 25 10 35 32 | 01
#1229-d137 @A: 28 08 29 17 | 07
#1230-d137 @A: 12 30 06 28 | 03
#1231-d137 @A: 32 12 28 26 | 06
#1232-d137 @A: 26 28 14 06 | 05
#1233-d137 @A: 31 27 28 06 | 04
#1234-d137 @A: 05 23 31 28 | 09
#1235-d137 @A: 24 34 06 15 | 10
#1236-d137 @A: 01 34 24 17 | 02
#1237-d137 @A: 24 34 31 16 | 11
#1238-d137 @A: 01 14 25 34 | 12
#1239-d137 @A: 14 34 18 32 | 08
#1240-d137 @A: 32 34 17 29 | 01
#1241-d137 @A: 15 19 24 08 | 07
#1242-d137 @A: 26 12 08 15 | 03
#1243-d137 @A: 08 15 30 32 | 06
#1244-d137 @A: 01 08 26 14 | 05
#1245-d137 @A: 10 30 08 14 | 04
#1246-d137 @A: 19 24 12 30 | 09
#1247-d137 @A: 32 27 24 14 | 10
#1248-d137 @A: 17 14 24 25 | 02
#1249-d137 @A: 32 01 24 29 | 11
#1250-d137 @A: 09 06 24 32 | 12
#1251-d137 @A: 18 06 24 27 | 08
#1252-d137 @A: 10 05 32 24 | 01
#1253-d137 @A: 12 01 31 23 | 07
#1254-d137 @A: 30 31 12 10 | 03
#1255-d137 @A: 26 15 19 31 | 06
#1256-d137 @A: 14 23 19 29 | 05
#1257-d137 @A: 01 19 30 06 | 04
#1258-d137 @A: 32 01 05 19 | 09
#1259-d137 @A: 05 19 06 10 | 10
#1260-d137 @A: 14 16 15 17 | 02
#1261-d137 @A: 23 16 15 27 | 11
#1262-d137 @A: 06 26 17 18 | 12
#1263-d137 @A: 20 08 13 26 | 08
#1264-d137 @A: 04 15 25 13 | 01
#1265-d137 @A: 11 10 13 22 | 07
#1266-d137 @A: 13 27 22 15 | 03
#1267-d137 @A: 13 03 17 34 | 06
#1268-d137 @A: 01 11 02 13 | 05
#1269-d137 @A: 02 34 13 06 | 04
#1270-d137 @A: 02 13 32 08 | 09
#1271-d137 @A: 13 34 10 33 | 10
#1272-d137 @A: 13 10 07 28 | 02
#1273-d137 @A: 21 13 01 34 | 11
#1274-d137 @A: 06 32 13 35 | 12
#1275-d137 @A: 32 28 13 24 | 08
#1276-d137 @A: 34 13 15 23 | 01
#1277-d137 @A: 08 29 13 19 | 07
#1278-d137 @A: 13 18 14 27 | 03
#1279-d137 @A: 18 13 06 09 | 06
#1280-d137 @A: 13 26 05 31 | 05
#1281-d137 @A: 10 26 13 29 | 04
#1282-d137 @A: 04 20 14 22 | 09
#1283-d137 @A: 01 04 03 20 | 10
#1284-d137 @A: 20 03 30 08 | 02
#1285-d137 @A: 17 19 02 20 | 11
#1286-d137 @A: 12 35 33 20 | 12
#1287-d137 @A: 20 33 24 23 | 08
#1288-d137 @A: 21 06 20 24 | 01
#1289-d137 @A: 18 21 17 20 | 07
#1290-d137 @A: 21 16 20 31 | 03
#1291-d137 @A: 11 20 10 09 | 06
#1292-d137 @A: 28 01 20 29 | 05
#1293-d137 @A: 14 19 01 20 | 04
#1294-d137 @A: 26 20 32 14 | 09
#1295-d137 @A: 20 29 18 14 | 10
#1296-d137 @A: 06 01 23 20 | 02
#1297-d137 @A: 16 27 18 20 | 11
#1298-d137 @A: 20 05 32 18 | 12
#1299-d137 @A: 04 03 22 08 | 08
#1300-d137 @A: 04 32 22 33 | 01
#1301-d137 @A: 28 22 05 04 | 07
#1302-d137 @A: 33 04 08 18 | 03
#1303-d137 @A: 04 19 07 27 | 06
#1304-d137 @A: 30 08 11 04 | 05
#1305-d137 @A: 11 04 29 25 | 04
#1306-d137 @A: 06 04 15 35 | 09
#1307-d137 @A: 15 18 04 34 | 10
#1308-d137 @A: 24 19 09 04 | 02
#1309-d137 @A: 12 04 17 25 | 11
#1310-d137 @A: 27 26 04 14 | 12
#1311-d137 @A: 09 01 04 05 | 08
#1312-d137 @A: 04 25 09 06 | 01
#1313-d137 @A: 18 26 32 04 | 07
#1314-d137 @A: 14 35 03 22 | 03
#1315-d137 @A: 35 10 33 22 | 06
#1316-d137 @A: 26 08 22 33 | 05
#1317-d137 @A: 19 26 22 11 | 04
#1318-d137 @A: 16 22 11 25 | 09
#1319-d137 @A: 24 16 35 22 | 10
#1320-d137 @A: 35 22 12 09 | 02
#1321-d137 @A: 17 28 22 09 | 11
#1322-d137 @A: 34 14 22 17 | 12
#1323-d137 @A: 22 31 08 17 | 08
#1324-d137 @A: 14 29 22 30 | 01
#1325-d137 @A: 01 30 22 05 | 07
#1326-d137 @A: 18 09 22 27 | 03
#1327-d137 @A: 25 23 18 22 | 06
#1328-d137 @A: 32 06 22 23 | 05
#1329-d137 @A: 31 10 05 22 | 04
#1330-d137 @A: 22 16 17 23 | 09
#1331-d137 @A: 35 03 09 02 | 10
#1332-d137 @A: 26 28 33 03 | 02
#1333-d137 @A: 25 07 19 03 | 11
#1334-d137 @A: 21 32 17 03 | 12
#1335-d137 @A: 03 34 32 35 | 08
#1336-d137 @A: 35 03 31 08 | 01
#1337-d137 @A: 30 15 35 03 | 07
#1338-d137 @A: 25 12 03 24 | 03
#1339-d137 @A: 10 18 03 30 | 06
#1340-d137 @A: 31 06 30 03 | 05
#1341-d137 @A: 05 03 17 29 | 04
#1342-d137 @A: 35 33 28 02 | 09
#1343-d137 @A: 30 07 02 21 | 10
#1344-d137 @A: 35 19 02 10 | 02
#1345-d137 @A: 26 02 28 23 | 11
#1346-d137 @A: 17 05 14 02 | 12
#1347-d137 @A: 10 30 02 09 | 08
#1348-d137 @A: 16 33 17 07 | 01
#1349-d137 @A: 21 31 33 15 | 07
#1350-d137 @A: 01 33 28 15 | 03
#1351-d137 @A: 34 01 24 33 | 06
#1352-d137 @A: 12 27 19 33 | 05
#1353-d137 @A: 19 18 01 33 | 04
#1354-d137 @A: 31 33 19 17 | 09
#1355-d137 @A: 16 33 14 05 | 10
#1356-d137 @A: 30 33 29 27 | 02
#1357-d137 @A: 06 33 16 26 | 11
#1358-d137 @A: 32 06 33 29 | 12
#1359-d137 @A: 07 18 11 09 | 08
#1360-d137 @A: 11 17 07 29 | 01
#1361-d137 @A: 08 35 29 07 | 07
#1362-d137 @A: 09 05 07 08 | 03
#1363-d137 @A: 08 17 32 07 | 06
#1364-d137 @A: 07 12 01 17 | 05
#1365-d137 @A: 01 31 18 07 | 04
#1366-d137 @A: 32 07 30 06 | 09
#1367-d137 @A: 30 07 17 31 | 10
#1368-d137 @A: 09 29 16 07 | 02
#1369-d137 @A: 07 27 10 17 | 11
#1370-d137 @A: 31 35 32 21 | 12
#1371-d137 @A: 18 15 08 21 | 08
#1372-d137 @A: 16 08 09 21 | 01
#1373-d137 @A: 31 14 26 21 | 07
#1374-d137 @A: 06 14 21 25 | 03
#1375-d137 @A: 26 21 25 05 | 06
#1376-d137 @A: 11 01 35 32 | 05
#1377-d137 @A: 34 25 24 11 | 04
#1378-d137 @A: 23 27 34 11 | 09
#1379-d137 @A: 17 11 15 23 | 10
#1380-d137 @A: 11 29 27 06 | 02
#1381-d137 @A: 08 34 35 23 | 11
#1382-d137 @A: 34 14 19 35 | 12
#1383-d137 @A: 35 34 31 05 | 08
#1384-d137 @A: 35 14 10 27 | 01
#1385-d137 @A: 09 35 10 01 | 07
#1386-d137 @A: 32 17 35 10 | 03
#1387-d137 @A: 25 28 18 24 | 06
#1388-d137 @A: 16 28 17 06 | 05
#1389-d137 @A: 05 12 34 19 | 04
#1390-d137 @A: 05 14 34 06 | 09
#1391-d137 @A: 32 27 05 34 | 10
#1392-d137 @A: 25 34 18 16 | 02
#1393-d137 @A: 31 34 23 06 | 11
#1394-d137 @A: 10 17 34 23 | 12
#1395-d137 @A: 19 08 32 25 | 08
#1396-d137 @A: 27 08 23 14 | 01
#1397-d137 @A: 01 08 17 27 | 07
#1398-d137 @A: 30 05 29 08 | 03
#1399-d137 @A: 32 08 27 10 | 06
#1400-d137 @A: 12 15 24 18 | 05
#1401-d137 @A: 26 24 25 23 | 04
#1402-d137 @A: 29 24 16 23 | 09
#1403-d137 @A: 12 19 27 17 | 10
#1404-d137 @A: 16 12 05 09 | 02
#1405-d137 @A: 16 26 12 23 | 11
#1406-d137 @A: 25 31 19 01 | 12
#1407-d137 @A: 10 01 19 23 | 08
#1408-d137 @A: 19 29 25 09 | 01
#1409-d137 @A: 19 26 17 32 | 07
#1410-d137 @A: 31 16 19 27 | 03
#1411-d137 @A: 17 19 05 18 | 06
#1412-d137 @A: 01 30 10 15 | 05
#1413-d137 @A: 05 01 17 15 | 04
#1414-d137 @A: 25 15 30 05 | 09
#1415-d137 @A: 23 29 15 30 | 10
#1416-d137 @A: 15 31 09 16 | 02
#1417-d137 @A: 18 29 06 15 | 11
#1418-d137 @A: 20 18 13 22 | 12
#1419-d137 @A: 04 21 13 32 | 08
#1420-d137 @A: 19 31 22 13 | 01
#1421-d137 @A: 13 03 31 28 | 07
#1422-d137 @A: 23 33 13 26 | 03
#1423-d137 @A: 07 26 13 17 | 06
#1424-d137 @A: 21 27 11 13 | 05
#1425-d137 @A: 35 13 16 21 | 04
#1426-d137 @A: 32 11 13 19 | 09
#1427-d137 @A: 13 05 35 08 | 10
#1428-d137 @A: 30 25 35 13 | 02
#1429-d137 @A: 12 13 01 24 | 11
#1430-d137 @A: 32 26 01 13 | 12
#1431-d137 @A: 29 18 01 13 | 08
#1432-d137 @A: 05 13 10 01 | 01
#1433-d137 @A: 32 13 09 05 | 07
#1434-d137 @A: 13 31 17 09 | 03
#1435-d137 @A: 20 11 22 01 | 06
#1436-d137 @A: 03 20 27 33 | 05
#1437-d137 @A: 20 16 03 12 | 04
#1438-d137 @A: 20 17 10 03 | 09
#1439-d137 @A: 26 20 06 02 | 10
#1440-d137 @A: 28 33 21 20 | 02
#1441-d137 @A: 25 11 20 07 | 11
#1442-d137 @A: 08 23 21 20 | 12
#1443-d137 @A: 19 29 21 20 | 08
#1444-d137 @A: 20 06 32 28 | 01
#1445-d137 @A: 14 16 20 25 | 07
#1446-d137 @A: 09 32 20 16 | 03
#1447-d137 @A: 18 10 23 20 | 06
#1448-d137 @A: 04 02 03 25 | 05
#1449-d137 @A: 04 24 03 30 | 04
#1450-d137 @A: 28 34 02 04 | 09
#1451-d137 @A: 02 19 23 04 | 10
#1452-d137 @A: 21 35 04 14 | 02
#1453-d137 @A: 23 28 04 08 | 11
#1454-d137 @A: 06 04 19 28 | 12
#1455-d137 @A: 12 05 23 04 | 08
#1456-d137 @A: 14 10 32 04 | 01
#1457-d137 @A: 06 01 10 04 | 07
#1458-d137 @A: 30 04 18 27 | 03
#1459-d137 @A: 18 09 04 16 | 06
#1460-d137 @A: 22 02 27 03 | 05
#1461-d137 @A: 03 33 30 22 | 04
#1462-d137 @A: 11 22 02 23 | 09
#1463-d137 @A: 08 02 18 22 | 10
#1464-d137 @A: 15 29 22 02 | 02
#1465-d137 @A: 23 07 24 22 | 11
#1466-d137 @A: 32 21 22 18 | 12
#1467-d137 @A: 22 08 35 25 | 08
#1468-d137 @A: 27 22 35 32 | 01
#1469-d137 @A: 15 28 22 32 | 07
#1470-d137 @A: 08 34 24 22 | 03
#1471-d137 @A: 19 09 22 23 | 06
#1472-d137 @A: 14 23 01 22 | 05
#1473-d137 @A: 25 22 30 06 | 04
#1474-d137 @A: 33 17 03 18 | 09
#1475-d137 @A: 31 26 03 11 | 10
#1476-d137 @A: 27 03 19 35 | 02
#1477-d137 @A: 03 23 28 15 | 11
#1478-d137 @A: 01 05 24 03 | 12
#1479-d137 @A: 05 12 03 30 | 08
#1480-d137 @A: 26 23 06 03 | 01
#1481-d137 @A: 34 02 18 07 | 07
#1482-d137 @A: 09 02 24 07 | 03
#1483-d137 @A: 08 24 05 02 | 06
#1484-d137 @A: 02 14 26 24 | 05
#1485-d137 @A: 25 01 24 02 | 04
#1486-d137 @A: 02 32 06 10 | 09
#1487-d137 @A: 31 02 17 29 | 10
#1488-d137 @A: 10 25 02 23 | 02
#1489-d137 @A: 35 33 29 24 | 11
#1490-d137 @A: 33 14 34 08 | 12
#1491-d137 @A: 08 29 33 09 | 08
#1492-d137 @A: 33 30 01 25 | 01
#1493-d137 @A: 17 05 33 30 | 07
#1494-d137 @A: 08 07 21 14 | 03
#1495-d137 @A: 24 11 07 06 | 06
#1496-d137 @A: 01 07 19 11 | 05
#1497-d137 @A: 09 07 35 28 | 04
#1498-d137 @A: 28 26 19 07 | 09
#1499-d137 @A: 19 34 17 07 | 10
#1500-d137 @A: 01 07 32 12 | 02
#1501-d137 @A: 09 07 30 25 | 11
#1502-d137 @A: 27 30 07 05 | 12
#1503-d137 @A: 26 05 10 07 | 08
#1504-d137 @A: 26 07 29 23 | 01
#1505-d137 @A: 07 29 32 18 | 07
#1506-d137 @A: 25 18 10 07 | 03
#1507-d137 @A: 30 11 24 21 | 06
#1508-d137 @A: 35 23 15 21 | 05
#1509-d137 @A: 21 35 25 09 | 04
#1510-d137 @A: 18 31 30 21 | 09
#1511-d137 @A: 21 06 29 10 | 10
#1512-d137 @A: 19 11 35 23 | 02
#1513-d137 @A: 11 24 08 31 | 11
#1514-d137 @A: 12 11 25 18 | 12
#1515-d137 @A: 06 11 17 12 | 08
#1516-d137 @A: 30 25 27 11 | 01
#1517-d137 @A: 16 35 01 14 | 07
#1518-d137 @A: 14 32 29 35 | 03
#1519-d137 @A: 18 09 30 35 | 06
#1520-d137 @A: 31 29 35 30 | 05
#1521-d137 @A: 16 35 30 32 | 04
#1522-d137 @A: 25 26 35 29 | 09
#1523-d137 @A: 12 15 28 09 | 10
#1524-d137 @A: 01 26 30 28 | 02
#1525-d137 @A: 23 30 28 18 | 11
#1526-d137 @A: 28 30 32 05 | 12
#1527-d137 @A: 29 26 28 31 | 08
#1528-d137 @A: 28 16 27 32 | 01
#1529-d137 @A: 10 25 28 05 | 07
#1530-d137 @A: 31 10 32 28 | 03
#1531-d137 @A: 24 34 14 30 | 06
#1532-d137 @A: 10 26 01 34 | 05
#1533-d137 @A: 26 32 06 34 | 04
#1534-d137 @A: 24 18 08 17 | 09
#1535-d137 @A: 08 30 23 25 | 10
#1536-d137 @A: 08 16 32 29 | 02
#1537-d137 @A: 08 16 10 25 | 11
#1538-d137 @A: 25 16 24 09 | 12
#1539-d137 @A: 24 29 09 10 | 08
#1540-d137 @A: 10 16 26 24 | 01
#1541-d137 @A: 24 27 16 17 | 07
#1542-d137 @A: 23 24 10 27 | 03
#1543-d137 @A: 31 12 26 27 | 06
#1544-d137 @A: 12 05 27 18 | 05
#1545-d137 @A: 15 25 06 19 | 04
#1546-d137 @A: 14 18 19 09 | 09
#1547-d137 @A: 27 25 14 19 | 10
#1548-d137 @A: 18 32 19 06 | 02
#1549-d137 @A: 25 18 19 05 | 11
#1550-d137 @A: 16 25 01 15 | 12
#1551-d137 @A: 15 30 06 16 | 08
#1552-d137 @A: 18 15 05 23 | 01
#1553-d137 @A: 26 23 14 17 | 07
#1554-d137 @A: 17 32 01 16 | 03
#1555-d137 @A: 20 13 10 04 | 06
#1556-d137 @A: 24 13 20 29 | 05
#1557-d137 @A: 04 13 07 33 | 04
#1558-d137 @A: 13 16 03 22 | 09
#1559-d137 @A: 13 35 03 01 | 10
#1560-d137 @A: 03 13 12 26 | 02
#1561-d137 @A: 03 29 13 15 | 11
#1562-d137 @A: 19 05 13 02 | 12
#1563-d137 @A: 30 29 13 02 | 08
#1564-d137 @A: 21 26 06 13 | 01
#1565-d137 @A: 15 26 13 35 | 07
#1566-d137 @A: 35 23 31 13 | 03
#1567-d137 @A: 08 34 18 13 | 06
#1568-d137 @A: 12 08 13 16 | 05
#1569-d137 @A: 06 08 15 13 | 04
#1570-d137 @A: 06 12 19 13 | 09
#1571-d137 @A: 25 01 27 13 | 10
#1572-d137 @A: 10 09 25 13 | 02
#1573-d137 @A: 30 21 04 20 | 11
#1574-d137 @A: 08 20 29 22 | 12
#1575-d137 @A: 35 20 03 26 | 08
#1576-d137 @A: 08 02 14 20 | 01
#1577-d137 @A: 25 20 09 02 | 07
#1578-d137 @A: 20 18 21 07 | 03
#1579-d137 @A: 09 20 35 05 | 06
#1580-d137 @A: 14 34 28 20 | 05
#1581-d137 @A: 05 24 20 30 | 04
#1582-d137 @A: 18 01 20 15 | 09
#1583-d137 @A: 14 20 05 10 | 10
#1584-d137 @A: 01 31 20 26 | 02
#1585-d137 @A: 20 31 09 29 | 11
#1586-d137 @A: 16 26 17 20 | 12
#1587-d137 @A: 22 11 17 04 | 08
#1588-d137 @A: 04 02 06 21 | 01
#1589-d137 @A: 08 04 02 01 | 07
#1590-d137 @A: 21 24 05 04 | 03
#1591-d137 @A: 24 04 21 17 | 06
#1592-d137 @A: 04 24 31 35 | 05
#1593-d137 @A: 24 28 04 01 | 04
#1594-d137 @A: 25 14 28 04 | 09
#1595-d137 @A: 32 04 34 08 | 10
#1596-d137 @A: 23 34 04 24 | 02
#1597-d137 @A: 04 12 19 25 | 11
#1598-d137 @A: 09 27 10 04 | 12
#1599-d137 @A: 03 22 34 26 | 08
#1600-d137 @A: 03 22 05 19 | 01
#1601-d137 @A: 12 16 02 22 | 07
#1602-d137 @A: 14 19 33 22 | 03
#1603-d137 @A: 17 07 22 35 | 06
#1604-d137 @A: 07 22 31 28 | 05
#1605-d137 @A: 07 16 15 22 | 04
#1606-d137 @A: 05 22 16 34 | 09
#1607-d137 @A: 29 24 22 12 | 10
#1608-d137 @A: 24 05 22 25 | 02
#1609-d137 @A: 26 23 22 30 | 11
#1610-d137 @A: 30 22 27 10 | 12
#1611-d137 @A: 02 03 28 17 | 08
#1612-d137 @A: 07 10 32 03 | 01
#1613-d137 @A: 23 21 03 19 | 07
#1614-d137 @A: 16 11 28 03 | 03
#1615-d137 @A: 11 03 23 24 | 06
#1616-d137 @A: 12 03 08 28 | 05
#1617-d137 @A: 03 12 06 15 | 04
#1618-d137 @A: 03 14 12 17 | 09
#1619-d137 @A: 09 23 30 03 | 10
#1620-d137 @A: 16 03 25 29 | 02
#1621-d137 @A: 03 10 23 16 | 11
#1622-d137 @A: 21 11 31 02 | 12
#1623-d137 @A: 02 19 21 25 | 08
#1624-d137 @A: 14 23 02 35 | 01
#1625-d137 @A: 28 32 02 09 | 07
#1626-d137 @A: 02 26 08 34 | 03
#1627-d137 @A: 05 23 09 02 | 06
#1628-d137 @A: 18 02 17 16 | 05
#1629-d137 @A: 16 33 21 34 | 04
#1630-d137 @A: 11 33 28 31 | 09
#1631-d137 @A: 11 33 08 25 | 10
#1632-d137 @A: 33 28 14 30 | 02
#1633-d137 @A: 17 33 15 24 | 11
#1634-d137 @A: 33 10 24 25 | 12
#1635-d137 @A: 06 31 33 01 | 08
#1636-d137 @A: 05 18 33 29 | 01
#1637-d137 @A: 07 11 28 27 | 07
#1638-d137 @A: 08 34 11 07 | 03
#1639-d137 @A: 29 12 07 15 | 06
#1640-d137 @A: 25 07 32 26 | 05
#1641-d137 @A: 31 07 27 29 | 04
#1642-d137 @A: 07 16 18 06 | 09
#1643-d137 @A: 17 07 06 25 | 10
#1644-d137 @A: 07 31 25 23 | 02
#1645-d137 @A: 34 32 11 21 | 11
#1646-d137 @A: 11 19 09 21 | 12
#1647-d137 @A: 21 16 11 17 | 08
#1648-d137 @A: 09 18 28 21 | 01
#1649-d137 @A: 26 10 21 08 | 07
#1650-d137 @A: 09 29 21 26 | 03
#1651-d137 @A: 27 16 26 21 | 06
#1652-d137 @A: 34 28 05 11 | 05
#1653-d137 @A: 11 19 34 06 | 04
#1654-d137 @A: 34 15 26 11 | 09
#1655-d137 @A: 08 16 11 05 | 10
#1656-d137 @A: 24 11 14 16 | 02
#1657-d137 @A: 11 18 05 30 | 11
#1658-d137 @A: 32 11 23 26 | 12
#1659-d137 @A: 29 11 10 32 | 08
#1660-d137 @A: 23 28 24 35 | 01
#1661-d137 @A: 34 29 12 35 | 07
#1662-d137 @A: 28 10 15 34 | 03
#1663-d137 @A: 34 17 31 28 | 06
#1664-d137 @A: 24 12 28 05 | 05
#1665-d137 @A: 01 17 26 28 | 04
#1666-d137 @A: 28 10 25 17 | 09
#1667-d137 @A: 34 09 08 27 | 10
#1668-d137 @A: 34 12 24 10 | 02
#1669-d137 @A: 15 12 31 34 | 11
#1670-d137 @A: 30 06 09 34 | 12
#1671-d137 @A: 08 27 01 30 | 08
#1672-d137 @A: 08 32 01 18 | 01
#1673-d137 @A: 18 08 06 30 | 07
#1674-d137 @A: 29 08 27 26 | 03
#1675-d137 @A: 19 24 23 06 | 06
#1676-d137 @A: 24 23 01 18 | 05
#1677-d137 @A: 16 12 18 29 | 04
#1678-d137 @A: 18 17 12 32 | 09
#1679-d137 @A: 01 27 19 26 | 10
#1680-d137 @A: 10 25 30 19 | 02
#1681-d137 @A: 16 26 19 32 | 11
#1682-d137 @A: 19 18 31 23 | 12
#1683-d137 @A: 31 29 19 10 | 08
#1684-d137 @A: 09 01 32 15 | 01
#1685-d137 @A: 01 15 27 06 | 07
#1686-d137 @A: 15 25 18 09 | 03
#1687-d137 @A: 16 15 05 26 | 06
#1688-d137 @A: 32 30 23 17 | 05
#1689-d137 @A: 27 06 31 17 | 04
