#0001-d139 @A: 13 05 32 02 | 10
#0002-d139 @A: 09 19 07 05 | 04
#0003-d139 @A: 08 05 09 33 | 01
#0004-d139 @A: 03 10 05 06 | 06
#0005-d139 @A: 28 30 23 05 | 11
#0006-d139 @A: 26 10 05 22 | 02
#0007-d139 @A: 28 07 05 15 | 07
#0008-d139 @A: 19 18 11 05 | 12
#0009-d139 @A: 05 19 17 26 | 05
#0010-d139 @A: 32 05 21 18 | 09
#0011-d139 @A: 28 06 05 18 | 08
#0012-d139 @A: 05 20 29 15 | 03
#0013-d139 @A: 05 29 32 25 | 10
#0014-d139 @A: 05 20 34 04 | 04
#0015-d139 @A: 21 20 16 05 | 01
#0016-d139 @A: 17 35 12 05 | 06
#0017-d139 @A: 31 27 05 12 | 11
#0018-d139 @A: 12 34 05 06 | 02
#0019-d139 @A: 35 05 24 34 | 07
#0020-d139 @A: 05 25 02 34 | 12
#0021-d139 @A: 34 31 01 05 | 05
#0022-d139 @A: 03 18 13 24 | 09
#0023-d139 @A: 11 04 03 13 | 08
#0024-d139 @A: 07 22 13 25 | 03
#0025-d139 @A: 13 11 10 07 | 10
#0026-d139 @A: 19 13 33 06 | 04
#0027-d139 @A: 13 08 19 21 | 01
#0028-d139 @A: 13 18 25 10 | 06
#0029-d139 @A: 34 26 18 13 | 11
#0030-d139 @A: 15 13 31 30 | 02
#0031-d139 @A: 15 28 20 13 | 07
#0032-d139 @A: 34 14 13 33 | 12
#0033-d139 @A: 21 30 13 02 | 05
#0034-d139 @A: 08 12 13 24 | 09
#0035-d139 @A: 02 16 12 13 | 08
#0036-d139 @A: 31 02 13 25 | 03
#0037-d139 @A: 13 27 06 11 | 10
#0038-d139 @A: 03 14 16 09 | 04
#0039-d139 @A: 03 32 09 21 | 01
#0040-d139 @A: 09 29 23 30 | 06
#0041-d139 @A: 09 32 34 18 | 11
#0042-d139 @A: 29 09 14 34 | 02
#0043-d139 @A: 20 09 02 15 | 07
#0044-d139 @A: 31 04 28 09 | 12
#0045-d139 @A: 27 14 20 09 | 05
#0046-d139 @A: 28 09 17 16 | 09
#0047-d139 @A: 31 12 09 34 | 08
#0048-d139 @A: 25 09 17 08 | 03
#0049-d139 @A: 24 01 16 09 | 10
#0050-d139 @A: 02 17 09 01 | 04
#0051-d139 @A: 06 09 10 27 | 01
#0052-d139 @A: 03 23 33 35 | 06
#0053-d139 @A: 15 22 03 06 | 11
#0054-d139 @A: 30 03 31 07 | 02
#0055-d139 @A: 03 14 07 12 | 07
#0056-d139 @A: 03 21 27 18 | 12
#0057-d139 @A: 18 03 32 31 | 05
#0058-d139 @A: 29 03 11 33 | 09
#0059-d139 @A: 02 15 32 03 | 08
#0060-d139 @A: 01 30 14 03 | 03
#0061-d139 @A: 03 31 26 10 | 10
#0062-d139 @A: 22 14 23 28 | 04
#0063-d139 @A: 07 14 23 02 | 01
#0064-d139 @A: 23 18 33 28 | 06
#0065-d139 @A: 18 12 08 23 | 11
#0066-d139 @A: 06 34 29 23 | 02
#0067-d139 @A: 27 10 23 15 | 07
#0068-d139 @A: 34 23 21 33 | 12
#0069-d139 @A: 23 01 32 33 | 05
#0070-d139 @A: 10 23 28 14 | 09
#0071-d139 @A: 01 10 17 23 | 08
#0072-d139 @A: 25 11 23 02 | 03
#0073-d139 @A: 35 11 27 23 | 10
#0074-d139 @A: 18 22 08 19 | 04
#0075-d139 @A: 22 27 18 26 | 01
#0076-d139 @A: 29 27 21 22 | 06
#0077-d139 @A: 22 10 29 12 | 11
#0078-d139 @A: 22 08 04 15 | 02
#0079-d139 @A: 22 32 14 21 | 07
#0080-d139 @A: 22 21 25 17 | 12
#0081-d139 @A: 11 26 22 16 | 05
#0082-d139 @A: 33 35 19 07 | 09
#0083-d139 @A: 08 07 32 19 | 08
#0084-d139 @A: 19 28 07 16 | 03
#0085-d139 @A: 28 18 20 07 | 10
#0086-d139 @A: 18 31 24 07 | 04
#0087-d139 @A: 02 29 33 07 | 01
#0088-d139 @A: 33 14 07 25 | 06
#0089-d139 @A: 07 30 14 35 | 11
#0090-d139 @A: 35 07 20 34 | 02
#0091-d139 @A: 24 17 07 28 | 07
#0092-d139 @A: 07 31 25 35 | 12
#0093-d139 @A: 11 07 26 31 | 05
#0094-d139 @A: 02 18 30 19 | 09
#0095-d139 @A: 19 18 26 32 | 08
#0096-d139 @A: 19 18 28 10 | 03
#0097-d139 @A: 15 24 33 19 | 10
#0098-d139 @A: 30 19 27 14 | 04
#0099-d139 @A: 28 19 31 12 | 01
#0100-d139 @A: 27 19 24 11 | 06
#0101-d139 @A: 18 15 04 29 | 11
#0102-d139 @A: 32 25 04 18 | 02
#0103-d139 @A: 18 08 06 24 | 07
#0104-d139 @A: 18 17 25 34 | 12
#0105-d139 @A: 20 29 02 04 | 05
#0106-d139 @A: 04 29 32 17 | 09
#0107-d139 @A: 12 04 29 34 | 08
#0108-d139 @A: 21 08 29 02 | 03
#0109-d139 @A: 31 06 24 29 | 10
#0110-d139 @A: 10 06 16 29 | 04
#0111-d139 @A: 11 10 29 34 | 01
#0112-d139 @A: 21 28 15 30 | 06
#0113-d139 @A: 14 16 20 15 | 11
#0114-d139 @A: 06 14 35 15 | 02
#0115-d139 @A: 27 12 15 28 | 07
#0116-d139 @A: 16 24 15 28 | 12
#0117-d139 @A: 34 28 15 17 | 05
#0118-d139 @A: 24 15 11 31 | 09
#0119-d139 @A: 27 15 24 01 | 08
#0120-d139 @A: 31 01 15 06 | 03
#0121-d139 @A: 27 33 28 01 | 10
#0122-d139 @A: 11 02 16 33 | 04
#0123-d139 @A: 30 20 27 02 | 01
#0124-d139 @A: 30 21 35 16 | 06
#0125-d139 @A: 25 30 28 26 | 11
#0126-d139 @A: 26 30 01 08 | 02
#0127-d139 @A: 30 16 24 02 | 07
#0128-d139 @A: 24 11 30 26 | 12
#0129-d139 @A: 11 16 30 27 | 05
#0130-d139 @A: 30 26 27 34 | 09
#0131-d139 @A: 04 26 01 20 | 08
#0132-d139 @A: 02 24 04 08 | 03
#0133-d139 @A: 25 34 24 04 | 10
#0134-d139 @A: 20 24 01 32 | 04
#0135-d139 @A: 28 31 34 20 | 01
#0136-d139 @A: 01 20 25 12 | 06
#0137-d139 @A: 24 16 20 08 | 11
#0138-d139 @A: 34 24 11 20 | 02
#0139-d139 @A: 34 27 16 20 | 07
#0140-d139 @A: 20 17 34 01 | 12
#0141-d139 @A: 25 14 16 28 | 05
#0142-d139 @A: 14 17 35 01 | 09
#0143-d139 @A: 14 31 02 27 | 08
#0144-d139 @A: 16 21 32 02 | 03
#0145-d139 @A: 08 11 25 21 | 10
#0146-d139 @A: 35 06 21 25 | 04
#0147-d139 @A: 31 24 32 28 | 01
#0148-d139 @A: 26 27 28 32 | 06
#0149-d139 @A: 32 28 35 01 | 11
#0150-d139 @A: 06 27 32 16 | 02
#0151-d139 @A: 32 06 26 31 | 07
#0152-d139 @A: 32 02 01 34 | 12
#0153-d139 @A: 10 31 28 08 | 05
#0154-d139 @A: 11 24 10 28 | 09
#0155-d139 @A: 24 10 31 06 | 08
#0156-d139 @A: 24 27 35 10 | 03
#0157-d139 @A: 31 13 19 05 | 10
#0158-d139 @A: 05 06 29 13 | 04
#0159-d139 @A: 13 15 33 05 | 01
#0160-d139 @A: 16 05 13 04 | 06
#0161-d139 @A: 05 09 20 28 | 11
#0162-d139 @A: 23 05 27 03 | 02
#0163-d139 @A: 05 17 03 32 | 07
#0164-d139 @A: 29 05 23 35 | 12
#0165-d139 @A: 18 07 25 05 | 05
#0166-d139 @A: 30 02 11 05 | 09
#0167-d139 @A: 05 01 25 14 | 08
#0168-d139 @A: 14 11 26 05 | 03
#0169-d139 @A: 24 08 05 28 | 10
#0170-d139 @A: 10 05 25 17 | 04
#0171-d139 @A: 13 09 15 26 | 01
#0172-d139 @A: 10 02 13 09 | 06
#0173-d139 @A: 03 29 12 13 | 11
#0174-d139 @A: 34 13 32 03 | 02
#0175-d139 @A: 33 13 24 23 | 07
#0176-d139 @A: 13 34 10 23 | 12
#0177-d139 @A: 13 29 07 28 | 05
#0178-d139 @A: 10 07 28 13 | 09
#0179-d139 @A: 27 13 19 16 | 08
#0180-d139 @A: 20 13 31 18 | 03
#0181-d139 @A: 14 13 18 06 | 10
#0182-d139 @A: 02 27 13 18 | 04
#0183-d139 @A: 32 21 33 13 | 01
#0184-d139 @A: 30 24 13 20 | 06
#0185-d139 @A: 14 25 13 30 | 11
#0186-d139 @A: 04 13 27 31 | 02
#0187-d139 @A: 28 11 25 13 | 07
#0188-d139 @A: 13 17 06 12 | 12
#0189-d139 @A: 17 08 26 13 | 05
#0190-d139 @A: 17 13 34 11 | 09
#0191-d139 @A: 13 34 01 25 | 08
#0192-d139 @A: 27 03 17 09 | 03
#0193-d139 @A: 33 09 11 23 | 10
#0194-d139 @A: 20 09 34 22 | 04
#0195-d139 @A: 07 33 09 24 | 01
#0196-d139 @A: 18 25 09 29 | 06
#0197-d139 @A: 20 10 09 18 | 11
#0198-d139 @A: 09 14 15 08 | 02
#0199-d139 @A: 31 15 32 09 | 07
#0200-d139 @A: 15 28 10 09 | 12
#0201-d139 @A: 30 27 09 28 | 05
#0202-d139 @A: 35 09 17 20 | 09
#0203-d139 @A: 09 24 11 28 | 08
#0204-d139 @A: 06 12 24 09 | 03
#0205-d139 @A: 34 09 27 08 | 10
#0206-d139 @A: 32 03 07 35 | 04
#0207-d139 @A: 03 15 31 33 | 01
#0208-d139 @A: 03 10 33 24 | 06
#0209-d139 @A: 20 03 04 30 | 11
#0210-d139 @A: 02 03 20 28 | 02
#0211-d139 @A: 32 16 24 03 | 07
#0212-d139 @A: 12 01 03 28 | 12
#0213-d139 @A: 03 24 35 26 | 05
#0214-d139 @A: 03 27 02 01 | 09
#0215-d139 @A: 02 23 22 30 | 08
#0216-d139 @A: 29 07 12 23 | 03
#0217-d139 @A: 23 19 27 15 | 10
#0218-d139 @A: 11 23 19 08 | 04
#0219-d139 @A: 23 30 06 18 | 01
#0220-d139 @A: 23 29 21 32 | 06
#0221-d139 @A: 15 20 31 23 | 11
#0222-d139 @A: 04 23 14 33 | 02
#0223-d139 @A: 16 04 23 20 | 07
#0224-d139 @A: 04 23 06 25 | 12
#0225-d139 @A: 11 24 23 06 | 05
#0226-d139 @A: 22 33 06 18 | 09
#0227-d139 @A: 29 14 06 22 | 08
#0228-d139 @A: 22 25 32 15 | 03
#0229-d139 @A: 22 04 35 14 | 10
#0230-d139 @A: 04 10 14 22 | 04
#0231-d139 @A: 22 02 14 24 | 01
#0232-d139 @A: 34 14 22 17 | 06
#0233-d139 @A: 12 22 28 17 | 11
#0234-d139 @A: 22 12 16 06 | 02
#0235-d139 @A: 07 21 06 19 | 07
#0236-d139 @A: 15 16 30 07 | 12
#0237-d139 @A: 04 31 07 21 | 05
#0238-d139 @A: 17 01 07 31 | 09
#0239-d139 @A: 35 02 07 27 | 08
#0240-d139 @A: 34 27 11 07 | 03
#0241-d139 @A: 27 07 26 01 | 10
#0242-d139 @A: 19 15 29 08 | 04
#0243-d139 @A: 29 19 16 14 | 01
#0244-d139 @A: 15 26 19 21 | 06
#0245-d139 @A: 30 21 19 32 | 11
#0246-d139 @A: 20 19 10 06 | 02
#0247-d139 @A: 10 34 17 19 | 07
#0248-d139 @A: 06 02 26 19 | 12
#0249-d139 @A: 33 18 24 25 | 05
#0250-d139 @A: 20 18 32 35 | 09
#0251-d139 @A: 18 01 28 08 | 08
#0252-d139 @A: 18 02 16 28 | 03
#0253-d139 @A: 18 27 16 17 | 10
#0254-d139 @A: 01 06 26 18 | 04
#0255-d139 @A: 33 29 24 20 | 01
#0256-d139 @A: 14 20 29 26 | 06
#0257-d139 @A: 29 06 21 20 | 11
#0258-d139 @A: 10 01 32 29 | 02
#0259-d139 @A: 29 02 11 12 | 07
#0260-d139 @A: 08 24 26 29 | 12
#0261-d139 @A: 27 08 11 29 | 05
#0262-d139 @A: 15 26 28 11 | 09
#0263-d139 @A: 25 35 02 15 | 08
#0264-d139 @A: 11 34 33 28 | 03
#0265-d139 @A: 12 02 24 33 | 10
#0266-d139 @A: 01 11 33 31 | 04
#0267-d139 @A: 28 30 02 17 | 01
#0268-d139 @A: 30 31 12 11 | 06
#0269-d139 @A: 25 17 30 16 | 11
#0270-d139 @A: 30 10 11 26 | 02
#0271-d139 @A: 04 32 21 20 | 07
#0272-d139 @A: 04 21 14 12 | 12
#0273-d139 @A: 08 01 35 04 | 05
#0274-d139 @A: 02 04 11 35 | 09
#0275-d139 @A: 26 11 27 04 | 08
#0276-d139 @A: 28 20 11 35 | 03
#0277-d139 @A: 25 24 20 02 | 10
#0278-d139 @A: 17 21 10 14 | 04
#0279-d139 @A: 08 02 14 34 | 01
#0280-d139 @A: 34 06 11 14 | 06
#0281-d139 @A: 21 32 17 34 | 11
#0282-d139 @A: 21 12 35 02 | 02
#0283-d139 @A: 01 35 27 21 | 07
#0284-d139 @A: 34 08 32 12 | 12
#0285-d139 @A: 32 12 10 06 | 05
#0286-d139 @A: 35 08 32 06 | 09
#0287-d139 @A: 01 28 10 16 | 08
#0288-d139 @A: 08 24 10 27 | 03
#0289-d139 @A: 13 11 20 05 | 10
#0290-d139 @A: 13 28 05 14 | 04
#0291-d139 @A: 05 25 21 09 | 01
#0292-d139 @A: 10 01 05 09 | 06
#0293-d139 @A: 03 35 14 05 | 11
#0294-d139 @A: 28 33 05 22 | 02
#0295-d139 @A: 05 17 07 04 | 07
#0296-d139 @A: 05 21 35 07 | 12
#0297-d139 @A: 19 16 10 05 | 05
#0298-d139 @A: 29 01 05 04 | 09
#0299-d139 @A: 16 05 25 33 | 08
#0300-d139 @A: 05 01 32 30 | 03
#0301-d139 @A: 05 14 27 04 | 10
#0302-d139 @A: 28 05 32 12 | 04
#0303-d139 @A: 28 02 05 31 | 01
#0304-d139 @A: 08 34 05 26 | 06
#0305-d139 @A: 35 05 31 06 | 11
#0306-d139 @A: 09 12 23 13 | 02
#0307-d139 @A: 09 35 07 13 | 07
#0308-d139 @A: 09 13 16 30 | 12
#0309-d139 @A: 27 13 09 21 | 05
#0310-d139 @A: 13 34 23 30 | 09
#0311-d139 @A: 13 32 06 23 | 08
#0312-d139 @A: 13 11 19 07 | 03
#0313-d139 @A: 16 13 06 07 | 10
#0314-d139 @A: 15 19 01 13 | 04
#0315-d139 @A: 33 29 13 08 | 01
#0316-d139 @A: 15 04 34 13 | 06
#0317-d139 @A: 21 34 13 20 | 11
#0318-d139 @A: 20 08 13 06 | 02
#0319-d139 @A: 24 13 31 14 | 07
#0320-d139 @A: 13 25 24 16 | 12
#0321-d139 @A: 22 03 02 09 | 05
#0322-d139 @A: 26 23 09 14 | 09
#0323-d139 @A: 21 09 23 02 | 08
#0324-d139 @A: 09 07 21 11 | 03
#0325-d139 @A: 25 28 19 09 | 10
#0326-d139 @A: 35 09 18 04 | 04
#0327-d139 @A: 17 09 32 33 | 01
#0328-d139 @A: 24 09 20 21 | 06
#0329-d139 @A: 32 10 21 09 | 11
#0330-d139 @A: 09 16 26 25 | 02
#0331-d139 @A: 25 09 11 01 | 07
#0332-d139 @A: 06 21 23 03 | 12
#0333-d139 @A: 12 33 03 22 | 05
#0334-d139 @A: 20 03 22 08 | 09
#0335-d139 @A: 03 17 07 29 | 08
#0336-d139 @A: 14 03 10 07 | 03
#0337-d139 @A: 33 18 17 03 | 10
#0338-d139 @A: 26 06 29 03 | 04
#0339-d139 @A: 03 32 33 26 | 01
#0340-d139 @A: 30 03 21 34 | 06
#0341-d139 @A: 30 32 28 03 | 11
#0342-d139 @A: 03 04 01 32 | 02
#0343-d139 @A: 04 31 03 34 | 07
#0344-d139 @A: 24 23 22 15 | 12
#0345-d139 @A: 22 23 32 26 | 05
#0346-d139 @A: 16 23 07 33 | 09
#0347-d139 @A: 18 24 19 23 | 08
#0348-d139 @A: 23 27 33 29 | 03
#0349-d139 @A: 29 10 23 04 | 10
#0350-d139 @A: 15 23 06 33 | 04
#0351-d139 @A: 15 02 04 23 | 01
#0352-d139 @A: 34 04 11 23 | 06
#0353-d139 @A: 23 35 14 20 | 11
#0354-d139 @A: 34 20 23 32 | 02
#0355-d139 @A: 35 32 23 16 | 07
#0356-d139 @A: 23 16 31 01 | 12
#0357-d139 @A: 23 01 02 26 | 05
#0358-d139 @A: 07 22 30 06 | 09
#0359-d139 @A: 19 22 30 25 | 08
#0360-d139 @A: 19 14 01 22 | 03
#0361-d139 @A: 28 22 18 30 | 10
#0362-d139 @A: 01 22 18 10 | 04
#0363-d139 @A: 15 22 12 02 | 01
#0364-d139 @A: 17 08 22 02 | 06
#0365-d139 @A: 02 22 16 34 | 11
#0366-d139 @A: 27 22 17 11 | 02
#0367-d139 @A: 31 22 26 34 | 07
#0368-d139 @A: 34 22 01 35 | 12
#0369-d139 @A: 07 27 19 10 | 05
#0370-d139 @A: 18 29 07 11 | 09
#0371-d139 @A: 21 07 34 29 | 08
#0372-d139 @A: 07 08 01 15 | 03
#0373-d139 @A: 30 07 26 33 | 10
#0374-d139 @A: 34 12 07 26 | 04
#0375-d139 @A: 25 07 02 16 | 01
#0376-d139 @A: 18 17 19 15 | 06
#0377-d139 @A: 31 19 20 29 | 11
#0378-d139 @A: 21 29 12 19 | 02
#0379-d139 @A: 20 15 19 06 | 07
#0380-d139 @A: 14 28 15 19 | 12
#0381-d139 @A: 20 11 19 33 | 05
#0382-d139 @A: 21 04 01 19 | 09
#0383-d139 @A: 20 19 28 32 | 08
#0384-d139 @A: 12 14 10 19 | 03
#0385-d139 @A: 16 24 31 19 | 10
#0386-d139 @A: 18 35 33 30 | 04
#0387-d139 @A: 33 18 02 20 | 01
#0388-d139 @A: 18 17 32 14 | 06
#0389-d139 @A: 11 06 32 18 | 11
#0390-d139 @A: 18 34 12 28 | 02
#0391-d139 @A: 18 17 01 24 | 07
#0392-d139 @A: 10 33 29 20 | 12
#0393-d139 @A: 25 29 02 27 | 05
#0394-d139 @A: 08 33 21 15 | 09
#0395-d139 @A: 15 30 24 32 | 08
#0396-d139 @A: 15 21 04 16 | 03
#0397-d139 @A: 34 11 25 15 | 10
#0398-d139 @A: 06 15 10 35 | 04
#0399-d139 @A: 31 20 33 04 | 01
#0400-d139 @A: 28 12 33 25 | 06
#0401-d139 @A: 06 33 17 28 | 11
#0402-d139 @A: 33 35 12 31 | 02
#0403-d139 @A: 33 01 12 26 | 07
#0404-d139 @A: 21 26 04 35 | 12
#0405-d139 @A: 12 04 16 28 | 05
#0406-d139 @A: 08 04 25 31 | 09
#0407-d139 @A: 16 35 04 31 | 08
#0408-d139 @A: 28 20 01 06 | 03
#0409-d139 @A: 25 31 20 17 | 10
#0410-d139 @A: 06 20 11 02 | 04
#0411-d139 @A: 14 26 24 25 | 01
#0412-d139 @A: 10 16 34 14 | 06
#0413-d139 @A: 11 12 32 21 | 11
#0414-d139 @A: 27 32 25 21 | 02
#0415-d139 @A: 01 26 21 32 | 07
#0416-d139 @A: 01 17 21 08 | 12
#0417-d139 @A: 34 24 26 21 | 05
#0418-d139 @A: 26 16 27 21 | 09
#0419-d139 @A: 02 17 27 21 | 08
#0420-d139 @A: 34 11 02 21 | 03
#0421-d139 @A: 21 27 11 10 | 10
#0422-d139 @A: 28 10 32 27 | 04
#0423-d139 @A: 17 32 01 27 | 01
#0424-d139 @A: 32 31 10 11 | 06
#0425-d139 @A: 26 17 28 10 | 11
#0426-d139 @A: 10 31 16 25 | 02
#0427-d139 @A: 18 05 26 09 | 07
#0428-d139 @A: 03 34 05 29 | 12
#0429-d139 @A: 21 03 05 02 | 05
#0430-d139 @A: 31 22 30 05 | 09
#0431-d139 @A: 20 22 01 05 | 08
#0432-d139 @A: 29 05 07 27 | 03
#0433-d139 @A: 18 05 35 02 | 10
#0434-d139 @A: 15 14 34 05 | 04
#0435-d139 @A: 05 10 15 32 | 01
#0436-d139 @A: 26 15 05 31 | 06
#0437-d139 @A: 05 35 04 33 | 11
#0438-d139 @A: 12 05 16 26 | 02
#0439-d139 @A: 05 08 16 17 | 07
#0440-d139 @A: 06 01 05 08 | 12
#0441-d139 @A: 26 05 06 24 | 05
#0442-d139 @A: 34 05 11 16 | 09
#0443-d139 @A: 05 27 34 10 | 08
#0444-d139 @A: 18 13 08 09 | 03
#0445-d139 @A: 13 33 02 09 | 10
#0446-d139 @A: 32 01 09 13 | 04
#0447-d139 @A: 34 19 22 13 | 01
#0448-d139 @A: 13 29 22 20 | 06
#0449-d139 @A: 07 13 21 24 | 11
#0450-d139 @A: 10 26 13 29 | 02
#0451-d139 @A: 33 31 26 13 | 07
#0452-d139 @A: 04 12 30 13 | 12
#0453-d139 @A: 32 24 04 13 | 05
#0454-d139 @A: 20 17 13 14 | 09
#0455-d139 @A: 25 12 13 32 | 08
#0456-d139 @A: 08 02 28 13 | 03
#0457-d139 @A: 28 13 17 31 | 10
#0458-d139 @A: 13 11 24 02 | 04
#0459-d139 @A: 06 13 25 26 | 01
#0460-d139 @A: 11 13 35 31 | 06
#0461-d139 @A: 29 09 03 10 | 11
#0462-d139 @A: 09 24 03 08 | 02
#0463-d139 @A: 09 18 22 31 | 07
#0464-d139 @A: 09 22 29 17 | 12
#0465-d139 @A: 07 16 09 32 | 05
#0466-d139 @A: 09 06 18 20 | 09
#0467-d139 @A: 14 02 09 18 | 08
#0468-d139 @A: 21 28 09 29 | 03
#0469-d139 @A: 09 32 27 29 | 10
#0470-d139 @A: 33 35 28 09 | 04
#0471-d139 @A: 10 32 09 04 | 01
#0472-d139 @A: 14 21 35 09 | 06
#0473-d139 @A: 08 28 06 09 | 11
#0474-d139 @A: 09 24 25 10 | 02
#0475-d139 @A: 23 03 08 07 | 07
#0476-d139 @A: 03 23 25 32 | 12
#0477-d139 @A: 03 18 34 22 | 05
#0478-d139 @A: 15 07 03 34 | 09
#0479-d139 @A: 16 15 19 03 | 08
#0480-d139 @A: 19 11 21 03 | 03
#0481-d139 @A: 19 17 28 03 | 10
#0482-d139 @A: 02 03 30 29 | 04
#0483-d139 @A: 33 34 03 20 | 01
#0484-d139 @A: 17 30 12 03 | 06
#0485-d139 @A: 30 25 03 11 | 11
#0486-d139 @A: 10 03 08 32 | 02
#0487-d139 @A: 34 24 27 03 | 07
#0488-d139 @A: 31 01 26 03 | 12
#0489-d139 @A: 19 23 06 22 | 05
#0490-d139 @A: 20 33 23 22 | 09
#0491-d139 @A: 35 07 23 15 | 08
#0492-d139 @A: 23 19 10 24 | 03
#0493-d139 @A: 14 12 23 30 | 10
#0494-d139 @A: 14 31 32 23 | 04
#0495-d139 @A: 32 10 23 16 | 01
#0496-d139 @A: 23 28 08 35 | 06
#0497-d139 @A: 29 07 22 26 | 11
#0498-d139 @A: 21 28 19 22 | 02
#0499-d139 @A: 29 18 02 22 | 07
#0500-d139 @A: 22 11 04 18 | 12
#0501-d139 @A: 22 29 04 31 | 05
#0502-d139 @A: 22 24 01 06 | 09
#0503-d139 @A: 27 07 04 19 | 08
#0504-d139 @A: 33 07 20 17 | 03
#0505-d139 @A: 21 20 07 02 | 10
#0506-d139 @A: 10 07 21 02 | 04
#0507-d139 @A: 07 27 28 06 | 01
#0508-d139 @A: 17 07 27 12 | 06
#0509-d139 @A: 16 07 08 34 | 11
#0510-d139 @A: 28 19 04 18 | 02
#0511-d139 @A: 25 33 32 19 | 07
#0512-d139 @A: 19 14 04 34 | 12
#0513-d139 @A: 20 17 16 19 | 05
#0514-d139 @A: 19 06 34 16 | 09
#0515-d139 @A: 27 19 17 35 | 08
#0516-d139 @A: 02 35 19 01 | 03
#0517-d139 @A: 34 18 29 35 | 10
#0518-d139 @A: 18 15 16 08 | 04
#0519-d139 @A: 32 30 18 08 | 01
#0520-d139 @A: 20 21 12 18 | 06
#0521-d139 @A: 18 01 31 27 | 11
#0522-d139 @A: 17 12 29 20 | 02
#0523-d139 @A: 34 25 20 29 | 07
#0524-d139 @A: 14 29 25 35 | 12
#0525-d139 @A: 01 25 28 29 | 05
#0526-d139 @A: 26 29 31 28 | 09
#0527-d139 @A: 29 16 31 08 | 08
#0528-d139 @A: 27 29 24 17 | 03
#0529-d139 @A: 10 29 35 02 | 10
#0530-d139 @A: 20 01 33 15 | 04
#0531-d139 @A: 15 20 32 17 | 01
#0532-d139 @A: 14 21 02 15 | 06
#0533-d139 @A: 15 14 32 26 | 11
#0534-d139 @A: 15 06 28 25 | 02
#0535-d139 @A: 15 16 11 35 | 07
#0536-d139 @A: 28 04 24 33 | 12
#0537-d139 @A: 33 14 06 20 | 05
#0538-d139 @A: 08 33 20 32 | 09
#0539-d139 @A: 33 12 10 16 | 08
#0540-d139 @A: 33 24 34 01 | 03
#0541-d139 @A: 33 02 31 17 | 10
#0542-d139 @A: 30 34 04 02 | 04
#0543-d139 @A: 28 34 24 30 | 01
#0544-d139 @A: 27 30 35 25 | 06
#0545-d139 @A: 31 02 01 30 | 11
#0546-d139 @A: 35 11 06 30 | 02
#0547-d139 @A: 20 04 14 28 | 07
#0548-d139 @A: 26 32 08 04 | 12
#0549-d139 @A: 17 04 28 01 | 05
#0550-d139 @A: 12 04 25 26 | 09
#0551-d139 @A: 08 11 06 04 | 08
#0552-d139 @A: 04 26 16 24 | 03
#0553-d139 @A: 28 10 35 20 | 10
#0554-d139 @A: 11 26 12 20 | 04
#0555-d139 @A: 10 11 08 20 | 01
#0556-d139 @A: 26 20 34 06 | 06
#0557-d139 @A: 34 21 27 14 | 11
#0558-d139 @A: 28 31 14 01 | 02
#0559-d139 @A: 12 35 14 16 | 07
#0560-d139 @A: 24 08 17 14 | 12
#0561-d139 @A: 14 10 01 24 | 05
#0562-d139 @A: 11 27 25 14 | 09
#0563-d139 @A: 14 10 27 02 | 08
#0564-d139 @A: 08 31 21 12 | 03
#0565-d139 @A: 21 17 16 12 | 10
#0566-d139 @A: 06 21 24 02 | 04
#0567-d139 @A: 34 16 25 21 | 01
#0568-d139 @A: 16 31 11 21 | 06
#0569-d139 @A: 11 21 17 26 | 11
#0570-d139 @A: 06 02 32 12 | 02
#0571-d139 @A: 27 13 05 08 | 07
#0572-d139 @A: 09 30 05 15 | 12
#0573-d139 @A: 04 09 02 05 | 05
#0574-d139 @A: 05 03 28 04 | 09
#0575-d139 @A: 23 07 20 05 | 08
#0576-d139 @A: 04 23 05 24 | 03
#0577-d139 @A: 05 02 19 22 | 10
#0578-d139 @A: 15 22 17 05 | 04
#0579-d139 @A: 05 20 35 19 | 01
#0580-d139 @A: 05 17 29 18 | 06
#0581-d139 @A: 33 29 05 31 | 11
#0582-d139 @A: 29 30 08 05 | 02
#0583-d139 @A: 33 32 05 06 | 07
#0584-d139 @A: 25 04 05 30 | 12
#0585-d139 @A: 14 31 05 21 | 05
#0586-d139 @A: 16 05 35 28 | 09
#0587-d139 @A: 11 13 09 14 | 08
#0588-d139 @A: 30 22 13 03 | 03
#0589-d139 @A: 06 13 03 31 | 10
#0590-d139 @A: 23 07 13 17 | 04
#0591-d139 @A: 23 29 13 25 | 01
#0592-d139 @A: 22 28 13 04 | 06
#0593-d139 @A: 20 19 12 13 | 11
#0594-d139 @A: 12 18 13 15 | 02
#0595-d139 @A: 30 18 13 17 | 07
#0596-d139 @A: 29 26 13 32 | 12
#0597-d139 @A: 01 13 14 08 | 05
#0598-d139 @A: 13 10 32 35 | 09
#0599-d139 @A: 26 19 22 09 | 08
#0600-d139 @A: 07 09 04 25 | 03
#0601-d139 @A: 08 30 09 19 | 10
#0602-d139 @A: 04 09 19 20 | 04
#0603-d139 @A: 09 19 17 21 | 01
#0604-d139 @A: 29 04 09 08 | 06
#0605-d139 @A: 12 09 16 15 | 11
#0606-d139 @A: 09 04 32 11 | 02
#0607-d139 @A: 09 26 17 12 | 07
#0608-d139 @A: 26 09 06 11 | 12
#0609-d139 @A: 03 02 23 18 | 05
#0610-d139 @A: 10 23 20 03 | 09
#0611-d139 @A: 03 32 22 11 | 08
#0612-d139 @A: 07 03 18 19 | 03
#0613-d139 @A: 03 04 19 26 | 10
#0614-d139 @A: 15 14 24 03 | 04
#0615-d139 @A: 14 03 28 33 | 01
#0616-d139 @A: 03 20 11 14 | 06
#0617-d139 @A: 14 02 25 03 | 11
#0618-d139 @A: 28 03 08 11 | 02
#0619-d139 @A: 35 28 34 03 | 07
#0620-d139 @A: 03 16 25 12 | 12
#0621-d139 @A: 03 08 16 01 | 05
#0622-d139 @A: 23 31 19 04 | 09
#0623-d139 @A: 23 19 26 34 | 08
#0624-d139 @A: 18 31 29 23 | 03
#0625-d139 @A: 11 23 15 29 | 10
#0626-d139 @A: 33 25 26 23 | 04
#0627-d139 @A: 12 23 04 32 | 01
#0628-d139 @A: 06 12 23 20 | 06
#0629-d139 @A: 17 11 23 20 | 11
#0630-d139 @A: 06 14 23 08 | 02
#0631-d139 @A: 23 24 26 17 | 07
#0632-d139 @A: 07 22 12 19 | 12
#0633-d139 @A: 10 18 07 22 | 05
#0634-d139 @A: 07 22 33 15 | 09
#0635-d139 @A: 31 19 22 15 | 08
#0636-d139 @A: 15 22 18 14 | 03
#0637-d139 @A: 30 35 22 10 | 10
#0638-d139 @A: 22 02 20 32 | 04
#0639-d139 @A: 12 08 22 26 | 01
#0640-d139 @A: 01 22 25 31 | 06
#0641-d139 @A: 34 25 06 22 | 11
#0642-d139 @A: 22 06 02 27 | 02
#0643-d139 @A: 07 14 19 31 | 07
#0644-d139 @A: 10 30 07 29 | 12
#0645-d139 @A: 33 07 21 27 | 05
#0646-d139 @A: 28 26 07 35 | 09
#0647-d139 @A: 06 10 07 08 | 08
#0648-d139 @A: 24 01 25 07 | 03
#0649-d139 @A: 12 16 19 18 | 10
#0650-d139 @A: 34 32 19 29 | 04
#0651-d139 @A: 10 26 19 04 | 01
#0652-d139 @A: 31 19 01 32 | 06
#0653-d139 @A: 28 01 19 34 | 11
#0654-d139 @A: 19 08 31 26 | 02
#0655-d139 @A: 18 32 01 15 | 07
#0656-d139 @A: 28 18 26 24 | 12
#0657-d139 @A: 12 31 18 26 | 05
#0658-d139 @A: 11 26 08 18 | 09
#0659-d139 @A: 18 24 10 16 | 08
#0660-d139 @A: 35 11 18 25 | 03
#0661-d139 @A: 15 21 29 10 | 10
#0662-d139 @A: 30 35 29 20 | 04
#0663-d139 @A: 04 06 29 27 | 01
#0664-d139 @A: 30 14 11 15 | 06
#0665-d139 @A: 08 15 30 17 | 11
#0666-d139 @A: 25 14 15 04 | 02
#0667-d139 @A: 31 15 17 04 | 07
#0668-d139 @A: 08 34 06 15 | 12
#0669-d139 @A: 02 08 11 15 | 05
#0670-d139 @A: 02 16 15 27 | 09
#0671-d139 @A: 06 15 27 17 | 08
#0672-d139 @A: 01 11 15 17 | 03
#0673-d139 @A: 26 16 33 14 | 10
#0674-d139 @A: 28 33 34 10 | 04
#0675-d139 @A: 24 06 33 16 | 01
#0676-d139 @A: 33 06 31 25 | 06
#0677-d139 @A: 21 04 30 27 | 11
#0678-d139 @A: 12 10 30 20 | 02
#0679-d139 @A: 35 30 12 28 | 07
#0680-d139 @A: 02 28 27 04 | 12
#0681-d139 @A: 24 35 04 12 | 05
#0682-d139 @A: 17 35 04 06 | 09
#0683-d139 @A: 04 10 01 06 | 08
#0684-d139 @A: 20 31 16 12 | 03
#0685-d139 @A: 02 26 16 20 | 10
#0686-d139 @A: 20 02 16 10 | 04
#0687-d139 @A: 14 24 11 01 | 01
#0688-d139 @A: 32 06 21 28 | 06
#0689-d139 @A: 28 24 21 25 | 11
#0690-d139 @A: 27 35 32 12 | 02
#0691-d139 @A: 11 32 08 01 | 07
#0692-d139 @A: 02 11 26 32 | 12
#0693-d139 @A: 01 28 02 10 | 05
#0694-d139 @A: 10 12 05 13 | 09
#0695-d139 @A: 13 24 05 17 | 08
#0696-d139 @A: 09 24 22 05 | 03
#0697-d139 @A: 11 15 03 05 | 10
#0698-d139 @A: 05 22 21 06 | 04
#0699-d139 @A: 32 34 22 05 | 01
#0700-d139 @A: 34 05 30 07 | 06
#0701-d139 @A: 26 05 21 29 | 11
#0702-d139 @A: 12 05 33 21 | 02
#0703-d139 @A: 02 05 20 17 | 07
#0704-d139 @A: 05 32 14 08 | 12
#0705-d139 @A: 13 09 29 31 | 05
#0706-d139 @A: 13 03 19 14 | 09
#0707-d139 @A: 13 08 23 04 | 08
#0708-d139 @A: 08 13 22 32 | 03
#0709-d139 @A: 35 13 19 29 | 10
#0710-d139 @A: 32 28 18 13 | 04
#0711-d139 @A: 29 14 13 04 | 01
#0712-d139 @A: 34 24 13 29 | 06
#0713-d139 @A: 01 29 27 13 | 11
#0714-d139 @A: 01 13 10 20 | 02
#0715-d139 @A: 13 28 27 35 | 07
#0716-d139 @A: 09 03 25 34 | 12
#0717-d139 @A: 23 16 09 19 | 05
#0718-d139 @A: 22 33 30 09 | 09
#0719-d139 @A: 19 32 06 09 | 08
#0720-d139 @A: 35 09 29 11 | 03
#0721-d139 @A: 27 09 04 15 | 10
#0722-d139 @A: 15 21 09 06 | 04
#0723-d139 @A: 09 33 01 04 | 01
#0724-d139 @A: 31 33 21 09 | 06
#0725-d139 @A: 24 09 04 14 | 11
#0726-d139 @A: 14 12 32 09 | 02
#0727-d139 @A: 26 21 09 08 | 07
#0728-d139 @A: 09 12 28 02 | 12
#0729-d139 @A: 11 10 09 17 | 05
#0730-d139 @A: 09 26 01 35 | 09
#0731-d139 @A: 28 15 23 03 | 08
#0732-d139 @A: 01 22 29 03 | 03
#0733-d139 @A: 14 27 03 22 | 10
#0734-d139 @A: 04 07 03 16 | 04
#0735-d139 @A: 03 19 27 32 | 01
#0736-d139 @A: 03 06 18 04 | 06
#0737-d139 @A: 27 28 16 03 | 11
#0738-d139 @A: 31 03 35 08 | 02
#0739-d139 @A: 02 26 08 03 | 07
#0740-d139 @A: 11 16 03 06 | 12
#0741-d139 @A: 35 17 11 03 | 05
#0742-d139 @A: 11 25 03 10 | 09
#0743-d139 @A: 07 04 18 23 | 08
#0744-d139 @A: 23 19 32 02 | 03
#0745-d139 @A: 23 18 01 21 | 10
#0746-d139 @A: 02 29 16 23 | 04
#0747-d139 @A: 27 24 23 28 | 01
#0748-d139 @A: 23 08 25 34 | 06
#0749-d139 @A: 27 07 20 22 | 11
#0750-d139 @A: 29 22 28 24 | 02
#0751-d139 @A: 15 10 22 24 | 07
#0752-d139 @A: 22 34 04 33 | 12
#0753-d139 @A: 31 33 22 32 | 05
#0754-d139 @A: 08 25 22 28 | 09
#0755-d139 @A: 12 24 22 31 | 08
#0756-d139 @A: 22 24 08 34 | 03
#0757-d139 @A: 11 24 22 25 | 10
#0758-d139 @A: 17 35 31 22 | 04
#0759-d139 @A: 22 10 25 27 | 01
#0760-d139 @A: 26 22 35 06 | 06
#0761-d139 @A: 07 26 20 19 | 11
#0762-d139 @A: 21 15 32 07 | 02
#0763-d139 @A: 01 07 21 30 | 07
#0764-d139 @A: 11 30 07 32 | 12
#0765-d139 @A: 07 02 01 28 | 05
#0766-d139 @A: 07 02 31 12 | 09
#0767-d139 @A: 07 26 08 25 | 08
#0768-d139 @A: 07 08 06 02 | 03
#0769-d139 @A: 16 17 07 35 | 10
#0770-d139 @A: 17 07 34 06 | 04
#0771-d139 @A: 34 21 19 18 | 01
#0772-d139 @A: 30 34 15 19 | 06
#0773-d139 @A: 19 15 04 11 | 11
#0774-d139 @A: 12 19 08 01 | 02
#0775-d139 @A: 35 11 19 12 | 07
#0776-d139 @A: 01 27 19 06 | 12
#0777-d139 @A: 18 21 24 29 | 05
#0778-d139 @A: 18 29 10 27 | 09
#0779-d139 @A: 04 18 33 12 | 08
#0780-d139 @A: 04 18 17 20 | 03
#0781-d139 @A: 26 18 14 04 | 10
#0782-d139 @A: 10 04 21 18 | 04
#0783-d139 @A: 01 20 18 14 | 01
#0784-d139 @A: 18 25 28 27 | 06
#0785-d139 @A: 06 29 16 28 | 11
#0786-d139 @A: 12 31 25 29 | 02
#0787-d139 @A: 34 29 16 17 | 07
#0788-d139 @A: 27 31 34 29 | 12
#0789-d139 @A: 29 35 31 01 | 05
#0790-d139 @A: 12 30 33 15 | 09
#0791-d139 @A: 15 04 24 20 | 08
#0792-d139 @A: 31 04 10 15 | 03
#0793-d139 @A: 15 27 11 21 | 10
#0794-d139 @A: 12 06 15 11 | 04
#0795-d139 @A: 15 16 01 34 | 01
#0796-d139 @A: 33 21 24 30 | 06
#0797-d139 @A: 02 04 33 32 | 11
#0798-d139 @A: 21 33 11 06 | 02
#0799-d139 @A: 16 33 35 27 | 07
#0800-d139 @A: 06 30 04 32 | 12
#0801-d139 @A: 28 30 20 08 | 05
#0802-d139 @A: 30 21 24 10 | 09
#0803-d139 @A: 28 30 01 16 | 08
#0804-d139 @A: 30 34 16 12 | 03
#0805-d139 @A: 30 11 34 08 | 10
#0806-d139 @A: 30 01 24 35 | 04
#0807-d139 @A: 06 02 04 14 | 01
#0808-d139 @A: 20 32 25 14 | 06
#0809-d139 @A: 20 08 17 27 | 11
#0810-d139 @A: 14 28 32 34 | 02
#0811-d139 @A: 26 25 14 10 | 07
#0812-d139 @A: 21 28 27 31 | 12
#0813-d139 @A: 12 27 21 24 | 05
#0814-d139 @A: 26 21 31 25 | 09
#0815-d139 @A: 34 32 25 26 | 08
#0816-d139 @A: 02 10 17 31 | 03
#0817-d139 @A: 23 26 13 05 | 10
#0818-d139 @A: 35 30 05 13 | 04
#0819-d139 @A: 12 09 03 05 | 01
#0820-d139 @A: 19 01 05 23 | 06
#0821-d139 @A: 23 05 16 14 | 11
#0822-d139 @A: 04 05 26 22 | 02
#0823-d139 @A: 35 05 22 27 | 07
#0824-d139 @A: 07 05 11 33 | 12
#0825-d139 @A: 07 08 31 05 | 05
#0826-d139 @A: 05 29 28 19 | 09
#0827-d139 @A: 33 19 05 34 | 08
#0828-d139 @A: 05 06 14 19 | 03
#0829-d139 @A: 05 18 33 14 | 10
#0830-d139 @A: 16 05 31 18 | 04
#0831-d139 @A: 16 15 05 32 | 01
#0832-d139 @A: 05 35 15 08 | 06
#0833-d139 @A: 01 05 15 02 | 11
#0834-d139 @A: 05 17 30 21 | 02
#0835-d139 @A: 14 10 11 05 | 07
#0836-d139 @A: 25 05 31 24 | 12
#0837-d139 @A: 02 27 05 26 | 05
#0838-d139 @A: 35 05 11 01 | 09
#0839-d139 @A: 13 07 27 03 | 08
#0840-d139 @A: 33 13 03 16 | 03
#0841-d139 @A: 33 17 22 13 | 10
#0842-d139 @A: 22 16 31 13 | 04
#0843-d139 @A: 33 13 18 07 | 01
#0844-d139 @A: 30 13 19 26 | 06
#0845-d139 @A: 11 32 15 13 | 11
#0846-d139 @A: 10 30 13 31 | 02
#0847-d139 @A: 21 13 06 04 | 07
#0848-d139 @A: 24 04 13 10 | 12
#0849-d139 @A: 35 32 14 13 | 05
#0850-d139 @A: 14 02 13 26 | 09
#0851-d139 @A: 28 06 34 13 | 08
#0852-d139 @A: 34 13 12 27 | 03
#0853-d139 @A: 01 16 13 17 | 10
#0854-d139 @A: 19 31 09 03 | 04
#0855-d139 @A: 35 09 23 22 | 01
#0856-d139 @A: 23 09 28 01 | 06
#0857-d139 @A: 23 25 09 31 | 11
#0858-d139 @A: 17 15 07 09 | 02
#0859-d139 @A: 19 09 34 11 | 07
#0860-d139 @A: 09 10 16 30 | 12
#0861-d139 @A: 06 09 34 30 | 05
#0862-d139 @A: 09 34 21 04 | 09
#0863-d139 @A: 09 26 34 28 | 08
#0864-d139 @A: 08 35 09 16 | 03
#0865-d139 @A: 27 25 24 09 | 10
#0866-d139 @A: 09 16 02 31 | 04
#0867-d139 @A: 23 29 19 03 | 01
#0868-d139 @A: 03 31 22 21 | 06
#0869-d139 @A: 03 01 07 33 | 11
#0870-d139 @A: 03 19 06 25 | 02
#0871-d139 @A: 21 04 03 08 | 07
#0872-d139 @A: 20 17 21 03 | 12
#0873-d139 @A: 21 34 10 03 | 05
#0874-d139 @A: 03 08 12 06 | 09
#0875-d139 @A: 24 03 12 11 | 08
#0876-d139 @A: 08 25 27 03 | 03
#0877-d139 @A: 03 02 06 34 | 10
#0878-d139 @A: 27 01 03 10 | 04
#0879-d139 @A: 30 07 23 24 | 01
#0880-d139 @A: 07 25 10 23 | 06
#0881-d139 @A: 23 07 11 01 | 11
#0882-d139 @A: 23 21 19 35 | 02
#0883-d139 @A: 32 18 23 27 | 07
#0884-d139 @A: 23 17 33 08 | 12
#0885-d139 @A: 23 21 11 30 | 05
#0886-d139 @A: 25 24 12 23 | 09
#0887-d139 @A: 23 06 16 17 | 08
#0888-d139 @A: 34 02 23 17 | 03
#0889-d139 @A: 23 11 10 06 | 10
#0890-d139 @A: 07 21 16 22 | 04
#0891-d139 @A: 35 11 22 07 | 01
#0892-d139 @A: 26 15 22 20 | 06
#0893-d139 @A: 22 33 08 35 | 11
#0894-d139 @A: 22 04 16 30 | 02
#0895-d139 @A: 26 14 30 22 | 07
#0896-d139 @A: 30 08 22 21 | 12
#0897-d139 @A: 04 20 06 22 | 05
#0898-d139 @A: 12 22 34 11 | 09
#0899-d139 @A: 24 16 17 22 | 08
#0900-d139 @A: 07 17 30 19 | 03
#0901-d139 @A: 14 18 07 34 | 10
#0902-d139 @A: 35 01 18 07 | 04
#0903-d139 @A: 30 20 12 07 | 01
#0904-d139 @A: 08 04 07 20 | 06
#0905-d139 @A: 35 08 12 07 | 11
#0906-d139 @A: 06 35 24 07 | 02
#0907-d139 @A: 07 26 02 17 | 07
#0908-d139 @A: 07 10 35 26 | 12
#0909-d139 @A: 19 29 06 18 | 05
#0910-d139 @A: 14 19 35 18 | 09
#0911-d139 @A: 24 29 25 19 | 08
#0912-d139 @A: 21 19 33 16 | 03
#0913-d139 @A: 25 19 21 20 | 10
#0914-d139 @A: 02 24 19 28 | 04
#0915-d139 @A: 10 08 02 19 | 01
#0916-d139 @A: 19 31 17 34 | 06
#0917-d139 @A: 02 11 19 17 | 11
#0918-d139 @A: 25 34 19 35 | 02
#0919-d139 @A: 18 01 29 33 | 07
#0920-d139 @A: 18 15 33 11 | 12
#0921-d139 @A: 06 17 21 18 | 05
#0922-d139 @A: 12 18 02 17 | 09
#0923-d139 @A: 16 01 18 25 | 08
#0924-d139 @A: 06 18 35 16 | 03
#0925-d139 @A: 31 18 06 02 | 10
#0926-d139 @A: 17 15 29 14 | 04
#0927-d139 @A: 29 35 28 15 | 01
#0928-d139 @A: 29 21 30 31 | 06
#0929-d139 @A: 29 16 32 30 | 11
#0930-d139 @A: 30 17 01 29 | 02
#0931-d139 @A: 29 27 28 20 | 07
#0932-d139 @A: 29 11 21 14 | 12
#0933-d139 @A: 06 02 29 17 | 05
#0934-d139 @A: 15 14 27 33 | 09
#0935-d139 @A: 32 15 35 33 | 08
#0936-d139 @A: 30 04 15 01 | 03
#0937-d139 @A: 15 20 08 12 | 10
#0938-d139 @A: 15 31 02 34 | 04
#0939-d139 @A: 30 02 10 33 | 01
#0940-d139 @A: 33 11 04 10 | 06
#0941-d139 @A: 31 33 14 08 | 11
#0942-d139 @A: 10 25 32 33 | 02
#0943-d139 @A: 31 33 27 10 | 07
#0944-d139 @A: 34 26 02 33 | 12
#0945-d139 @A: 34 33 35 10 | 05
#0946-d139 @A: 14 30 32 02 | 09
#0947-d139 @A: 27 17 31 30 | 08
#0948-d139 @A: 26 17 30 06 | 03
#0949-d139 @A: 25 11 20 04 | 10
#0950-d139 @A: 16 04 32 14 | 04
#0951-d139 @A: 28 04 35 25 | 01
#0952-d139 @A: 08 12 17 04 | 06
#0953-d139 @A: 01 31 24 04 | 11
#0954-d139 @A: 17 02 25 04 | 02
#0955-d139 @A: 26 04 17 34 | 07
#0956-d139 @A: 08 26 20 35 | 12
#0957-d139 @A: 10 20 27 17 | 05
#0958-d139 @A: 27 11 20 01 | 09
#0959-d139 @A: 12 06 14 28 | 08
#0960-d139 @A: 24 28 35 14 | 03
#0961-d139 @A: 14 25 12 34 | 10
#0962-d139 @A: 08 10 14 25 | 04
#0963-d139 @A: 14 17 06 25 | 01
#0964-d139 @A: 10 21 12 28 | 06
#0965-d139 @A: 21 28 02 26 | 11
#0966-d139 @A: 06 21 16 01 | 02
#0967-d139 @A: 21 10 16 26 | 07
#0968-d139 @A: 16 32 01 12 | 12
#0969-d139 @A: 32 08 25 16 | 05
#0970-d139 @A: 34 06 24 32 | 09
#0971-d139 @A: 24 34 10 32 | 08
#0972-d139 @A: 34 11 32 35 | 03
#0973-d139 @A: 16 11 35 10 | 10
#0974-d139 @A: 23 09 06 05 | 04
#0975-d139 @A: 05 09 29 16 | 01
#0976-d139 @A: 03 05 16 22 | 06
#0977-d139 @A: 05 10 23 30 | 11
#0978-d139 @A: 23 32 11 05 | 02
#0979-d139 @A: 10 07 33 05 | 07
#0980-d139 @A: 30 05 19 16 | 12
#0981-d139 @A: 05 24 32 19 | 05
#0982-d139 @A: 05 18 20 24 | 09
#0983-d139 @A: 15 06 05 04 | 08
#0984-d139 @A: 24 21 05 15 | 03
#0985-d139 @A: 33 30 27 05 | 10
#0986-d139 @A: 12 14 20 05 | 04
#0987-d139 @A: 01 05 26 28 | 01
#0988-d139 @A: 05 02 16 06 | 06
#0989-d139 @A: 13 17 09 04 | 11
#0990-d139 @A: 20 13 25 09 | 02
#0991-d139 @A: 02 13 20 23 | 07
#0992-d139 @A: 13 31 23 21 | 12
#0993-d139 @A: 07 34 13 02 | 05
#0994-d139 @A: 19 13 10 33 | 09
#0995-d139 @A: 04 02 13 19 | 08
#0996-d139 @A: 18 13 04 01 | 03
#0997-d139 @A: 30 27 32 13 | 10
#0998-d139 @A: 35 20 04 13 | 04
#0999-d139 @A: 13 35 12 26 | 01
#1000-d139 @A: 34 16 13 35 | 06
#1001-d139 @A: 25 27 13 17 | 11
#1002-d139 @A: 09 22 10 19 | 02
#1003-d139 @A: 04 12 22 09 | 07
#1004-d139 @A: 31 09 20 07 | 12
#1005-d139 @A: 09 15 24 29 | 05
#1006-d139 @A: 30 20 09 01 | 09
#1007-d139 @A: 30 09 12 21 | 08
#1008-d139 @A: 11 16 09 20 | 03
#1009-d139 @A: 09 17 34 24 | 10
#1010-d139 @A: 24 35 31 09 | 04
#1011-d139 @A: 31 06 17 09 | 01
#1012-d139 @A: 09 34 10 31 | 06
#1013-d139 @A: 09 27 11 02 | 11
#1014-d139 @A: 34 09 35 02 | 02
#1015-d139 @A: 23 14 34 03 | 07
#1016-d139 @A: 03 23 26 11 | 12
#1017-d139 @A: 10 03 22 16 | 05
#1018-d139 @A: 03 19 20 01 | 09
#1019-d139 @A: 18 14 03 08 | 08
#1020-d139 @A: 35 03 12 18 | 03
#1021-d139 @A: 18 10 35 03 | 10
#1022-d139 @A: 29 35 03 27 | 04
#1023-d139 @A: 35 03 15 04 | 01
#1024-d139 @A: 27 30 06 03 | 06
#1025-d139 @A: 03 04 14 17 | 11
#1026-d139 @A: 12 04 03 02 | 02
#1027-d139 @A: 17 03 08 34 | 07
#1028-d139 @A: 03 01 34 11 | 12
#1029-d139 @A: 18 15 25 23 | 05
#1030-d139 @A: 29 26 23 04 | 09
#1031-d139 @A: 15 01 14 23 | 08
#1032-d139 @A: 23 17 32 30 | 03
#1033-d139 @A: 23 04 17 27 | 10
#1034-d139 @A: 23 25 20 28 | 04
#1035-d139 @A: 23 28 12 26 | 01
#1036-d139 @A: 17 12 23 01 | 06
#1037-d139 @A: 23 12 31 10 | 11
#1038-d139 @A: 08 23 01 24 | 02
#1039-d139 @A: 02 08 23 31 | 07
#1040-d139 @A: 31 23 24 34 | 12
#1041-d139 @A: 35 02 24 23 | 05
#1042-d139 @A: 16 22 32 19 | 09
#1043-d139 @A: 35 21 22 18 | 08
#1044-d139 @A: 29 22 34 30 | 03
#1045-d139 @A: 22 32 29 35 | 10
#1046-d139 @A: 22 33 02 21 | 04
#1047-d139 @A: 01 22 16 33 | 01
#1048-d139 @A: 01 30 11 22 | 06
#1049-d139 @A: 22 21 04 24 | 11
#1050-d139 @A: 22 20 11 21 | 02
#1051-d139 @A: 22 16 20 28 | 07
#1052-d139 @A: 10 20 31 22 | 12
#1053-d139 @A: 06 17 32 22 | 05
#1054-d139 @A: 32 22 10 17 | 09
#1055-d139 @A: 25 22 12 27 | 08
#1056-d139 @A: 22 10 34 08 | 03
#1057-d139 @A: 01 19 29 07 | 10
#1058-d139 @A: 07 15 02 19 | 04
#1059-d139 @A: 15 31 29 07 | 01
#1060-d139 @A: 04 35 07 29 | 06
#1061-d139 @A: 33 08 07 28 | 11
#1062-d139 @A: 04 07 32 34 | 02
#1063-d139 @A: 07 24 14 20 | 07
#1064-d139 @A: 25 17 32 07 | 12
#1065-d139 @A: 07 16 12 24 | 05
#1066-d139 @A: 01 07 12 06 | 09
#1067-d139 @A: 07 24 17 10 | 08
#1068-d139 @A: 11 07 06 25 | 03
#1069-d139 @A: 07 10 01 31 | 10
#1070-d139 @A: 31 33 18 19 | 04
#1071-d139 @A: 30 19 04 29 | 01
#1072-d139 @A: 08 19 33 04 | 06
#1073-d139 @A: 11 32 14 19 | 11
#1074-d139 @A: 24 12 17 19 | 02
#1075-d139 @A: 19 01 17 25 | 07
#1076-d139 @A: 11 06 19 31 | 12
#1077-d139 @A: 29 08 20 18 | 05
#1078-d139 @A: 18 35 24 15 | 09
#1079-d139 @A: 18 26 15 02 | 08
#1080-d139 @A: 34 01 30 18 | 03
#1081-d139 @A: 18 04 24 27 | 10
#1082-d139 @A: 31 14 18 25 | 04
#1083-d139 @A: 35 27 18 08 | 01
#1084-d139 @A: 02 24 34 18 | 06
#1085-d139 @A: 27 30 15 29 | 11
#1086-d139 @A: 29 15 06 32 | 02
#1087-d139 @A: 29 33 30 06 | 07
#1088-d139 @A: 33 21 29 35 | 12
#1089-d139 @A: 12 24 30 29 | 05
#1090-d139 @A: 21 29 25 04 | 09
#1091-d139 @A: 29 31 10 14 | 08
#1092-d139 @A: 02 29 28 34 | 03
#1093-d139 @A: 02 29 24 01 | 10
#1094-d139 @A: 16 26 01 29 | 04
#1095-d139 @A: 29 26 34 11 | 01
#1096-d139 @A: 15 04 26 33 | 06
#1097-d139 @A: 15 16 33 17 | 11
#1098-d139 @A: 15 33 10 01 | 02
#1099-d139 @A: 20 15 30 25 | 07
#1100-d139 @A: 15 25 10 30 | 12
#1101-d139 @A: 15 06 30 02 | 05
#1102-d139 @A: 12 17 25 15 | 09
#1103-d139 @A: 08 26 15 27 | 08
#1104-d139 @A: 10 17 16 15 | 03
#1105-d139 @A: 04 11 30 33 | 10
#1106-d139 @A: 14 30 33 17 | 04
#1107-d139 @A: 33 02 14 35 | 01
#1108-d139 @A: 08 33 24 11 | 06
#1109-d139 @A: 17 06 33 10 | 11
#1110-d139 @A: 30 06 21 14 | 02
#1111-d139 @A: 30 27 12 01 | 07
#1112-d139 @A: 30 16 08 06 | 12
#1113-d139 @A: 31 30 34 25 | 05
#1114-d139 @A: 04 28 26 06 | 09
#1115-d139 @A: 27 25 04 01 | 08
#1116-d139 @A: 27 04 34 35 | 03
#1117-d139 @A: 20 28 12 24 | 10
#1118-d139 @A: 08 20 31 11 | 04
#1119-d139 @A: 20 16 06 25 | 01
#1120-d139 @A: 12 08 27 14 | 06
#1121-d139 @A: 12 14 11 17 | 11
#1122-d139 @A: 16 14 31 06 | 02
#1123-d139 @A: 35 32 21 31 | 07
#1124-d139 @A: 01 25 21 02 | 12
#1125-d139 @A: 34 21 31 06 | 05
#1126-d139 @A: 31 12 32 17 | 09
#1127-d139 @A: 17 32 24 11 | 08
#1128-d139 @A: 17 32 26 16 | 03
#1129-d139 @A: 17 32 35 02 | 10
#1130-d139 @A: 25 01 06 32 | 04
#1131-d139 @A: 05 09 13 34 | 01
#1132-d139 @A: 06 05 03 07 | 06
#1133-d139 @A: 03 08 19 05 | 11
#1134-d139 @A: 05 07 14 22 | 02
#1135-d139 @A: 29 22 05 12 | 07
#1136-d139 @A: 02 07 05 24 | 12
#1137-d139 @A: 01 17 05 33 | 05
#1138-d139 @A: 05 11 21 04 | 09
#1139-d139 @A: 05 11 12 25 | 08
#1140-d139 @A: 35 25 05 26 | 03
#1141-d139 @A: 28 03 13 09 | 10
#1142-d139 @A: 13 03 35 21 | 04
#1143-d139 @A: 16 13 23 15 | 01
#1144-d139 @A: 14 27 13 23 | 06
#1145-d139 @A: 32 07 13 31 | 11
#1146-d139 @A: 29 16 13 18 | 02
#1147-d139 @A: 21 18 13 11 | 07
#1148-d139 @A: 02 29 13 15 | 12
#1149-d139 @A: 10 08 13 15 | 05
#1150-d139 @A: 06 15 13 24 | 09
#1151-d139 @A: 13 35 15 17 | 08
#1152-d139 @A: 13 16 32 20 | 03
#1153-d139 @A: 06 02 35 13 | 10
#1154-d139 @A: 03 26 07 09 | 04
#1155-d139 @A: 07 23 27 09 | 01
#1156-d139 @A: 01 22 21 09 | 06
#1157-d139 @A: 09 22 32 28 | 11
#1158-d139 @A: 16 27 22 09 | 02
#1159-d139 @A: 02 07 30 09 | 07
#1160-d139 @A: 19 35 09 15 | 12
#1161-d139 @A: 09 27 12 19 | 05
#1162-d139 @A: 20 09 33 12 | 09
#1163-d139 @A: 04 09 26 30 | 08
#1164-d139 @A: 09 14 30 31 | 03
#1165-d139 @A: 01 14 06 09 | 10
#1166-d139 @A: 11 09 12 08 | 04
#1167-d139 @A: 27 09 35 06 | 01
#1168-d139 @A: 23 22 17 03 | 06
#1169-d139 @A: 30 16 23 03 | 11
#1170-d139 @A: 03 20 24 23 | 02
#1171-d139 @A: 03 31 12 23 | 07
#1172-d139 @A: 04 03 22 25 | 12
#1173-d139 @A: 22 03 28 26 | 05
#1174-d139 @A: 02 03 07 11 | 09
#1175-d139 @A: 03 19 33 02 | 08
#1176-d139 @A: 19 30 24 03 | 03
#1177-d139 @A: 30 18 03 15 | 10
#1178-d139 @A: 29 14 03 31 | 04
#1179-d139 @A: 03 16 29 21 | 01
#1180-d139 @A: 32 29 08 03 | 06
#1181-d139 @A: 17 03 15 26 | 11
#1182-d139 @A: 03 21 25 33 | 02
#1183-d139 @A: 20 12 32 03 | 07
#1184-d139 @A: 01 03 21 24 | 12
#1185-d139 @A: 24 06 03 28 | 05
#1186-d139 @A: 25 28 31 03 | 09
#1187-d139 @A: 12 24 10 03 | 08
#1188-d139 @A: 25 01 35 03 | 03
#1189-d139 @A: 23 22 07 34 | 10
#1190-d139 @A: 08 22 23 29 | 04
#1191-d139 @A: 12 33 23 19 | 01
#1192-d139 @A: 14 23 17 19 | 06
#1193-d139 @A: 23 24 14 29 | 11
#1194-d139 @A: 16 21 23 24 | 02
#1195-d139 @A: 08 16 23 26 | 07
#1196-d139 @A: 01 23 35 06 | 12
#1197-d139 @A: 18 22 17 07 | 05
#1198-d139 @A: 32 22 07 01 | 09
#1199-d139 @A: 19 04 17 22 | 08
#1200-d139 @A: 24 22 18 32 | 03
#1201-d139 @A: 28 15 22 01 | 10
#1202-d139 @A: 24 22 33 26 | 04
#1203-d139 @A: 22 12 32 30 | 01
#1204-d139 @A: 28 22 06 11 | 06
#1205-d139 @A: 34 28 22 27 | 11
#1206-d139 @A: 22 11 31 02 | 02
#1207-d139 @A: 06 15 18 07 | 07
#1208-d139 @A: 30 07 27 18 | 12
#1209-d139 @A: 24 07 26 15 | 05
#1210-d139 @A: 33 07 06 04 | 09
#1211-d139 @A: 07 10 32 20 | 08
#1212-d139 @A: 21 07 17 14 | 03
#1213-d139 @A: 14 11 07 16 | 10
#1214-d139 @A: 28 07 25 34 | 04
#1215-d139 @A: 11 08 17 07 | 01
#1216-d139 @A: 20 19 18 27 | 06
#1217-d139 @A: 10 19 29 11 | 11
#1218-d139 @A: 14 02 19 20 | 02
#1219-d139 @A: 21 19 24 14 | 07
#1220-d139 @A: 19 25 14 08 | 12
#1221-d139 @A: 21 02 31 19 | 05
#1222-d139 @A: 26 32 10 19 | 09
#1223-d139 @A: 28 27 19 08 | 08
#1224-d139 @A: 24 19 35 08 | 03
#1225-d139 @A: 19 31 27 25 | 10
#1226-d139 @A: 33 21 26 18 | 04
#1227-d139 @A: 04 21 18 02 | 01
#1228-d139 @A: 16 04 34 18 | 06
#1229-d139 @A: 31 18 35 28 | 11
#1230-d139 @A: 16 24 11 18 | 02
#1231-d139 @A: 34 06 18 10 | 07
#1232-d139 @A: 32 33 29 28 | 12
#1233-d139 @A: 32 14 29 01 | 05
#1234-d139 @A: 17 25 29 26 | 09
#1235-d139 @A: 28 33 02 15 | 08
#1236-d139 @A: 08 31 28 15 | 03
#1237-d139 @A: 12 35 15 01 | 10
#1238-d139 @A: 15 27 31 35 | 04
#1239-d139 @A: 02 33 25 30 | 01
#1240-d139 @A: 27 33 06 12 | 06
#1241-d139 @A: 08 25 33 01 | 11
#1242-d139 @A: 33 08 06 26 | 02
#1243-d139 @A: 17 26 27 33 | 07
#1244-d139 @A: 01 02 33 06 | 12
#1245-d139 @A: 21 30 20 26 | 05
#1246-d139 @A: 30 32 26 35 | 09
#1247-d139 @A: 30 26 12 02 | 08
#1248-d139 @A: 08 02 30 35 | 03
#1249-d139 @A: 35 17 30 34 | 10
#1250-d139 @A: 10 01 30 34 | 04
#1251-d139 @A: 12 04 20 27 | 01
#1252-d139 @A: 10 04 25 20 | 06
#1253-d139 @A: 11 04 31 14 | 11
#1254-d139 @A: 16 27 08 04 | 02
#1255-d139 @A: 16 04 11 17 | 07
#1256-d139 @A: 01 06 04 34 | 12
#1257-d139 @A: 08 20 21 14 | 05
#1258-d139 @A: 34 14 16 24 | 09
#1259-d139 @A: 06 27 08 21 | 08
#1260-d139 @A: 17 24 21 31 | 03
#1261-d139 @A: 24 21 11 35 | 10
#1262-d139 @A: 08 32 27 31 | 04
#1263-d139 @A: 11 01 10 12 | 01
#1264-d139 @A: 02 25 34 10 | 06
#1265-d139 @A: 09 05 14 17 | 11
#1266-d139 @A: 05 35 32 09 | 02
#1267-d139 @A: 05 01 09 27 | 07
#1268-d139 @A: 03 20 05 31 | 12
#1269-d139 @A: 05 34 23 18 | 05
#1270-d139 @A: 05 23 31 17 | 09
#1271-d139 @A: 08 22 05 11 | 08
#1272-d139 @A: 08 05 04 18 | 03
#1273-d139 @A: 18 10 05 31 | 10
#1274-d139 @A: 05 24 11 29 | 04
#1275-d139 @A: 30 20 05 06 | 01
#1276-d139 @A: 21 05 10 20 | 06
#1277-d139 @A: 05 32 20 27 | 11
#1278-d139 @A: 05 28 21 34 | 02
#1279-d139 @A: 24 10 02 05 | 07
#1280-d139 @A: 06 25 05 27 | 12
#1281-d139 @A: 01 13 03 23 | 05
#1282-d139 @A: 02 13 03 17 | 09
#1283-d139 @A: 11 22 13 23 | 08
#1284-d139 @A: 23 13 35 18 | 03
#1285-d139 @A: 15 22 13 27 | 10
#1286-d139 @A: 12 22 14 13 | 04
#1287-d139 @A: 07 15 14 13 | 01
#1288-d139 @A: 13 07 08 30 | 06
#1289-d139 @A: 07 26 04 13 | 11
#1290-d139 @A: 27 13 20 33 | 02
#1291-d139 @A: 16 21 14 13 | 07
#1292-d139 @A: 24 01 13 28 | 12
#1293-d139 @A: 12 13 01 31 | 05
#1294-d139 @A: 25 13 35 08 | 09
#1295-d139 @A: 26 27 24 13 | 08
#1296-d139 @A: 13 10 27 16 | 03
#1297-d139 @A: 03 23 04 09 | 10
#1298-d139 @A: 11 03 18 09 | 04
#1299-d139 @A: 17 09 23 18 | 01
#1300-d139 @A: 08 20 09 23 | 06
#1301-d139 @A: 22 15 11 09 | 11
#1302-d139 @A: 25 09 14 22 | 02
#1303-d139 @A: 06 09 07 29 | 07
#1304-d139 @A: 12 09 10 07 | 12
#1305-d139 @A: 16 09 21 18 | 05
#1306-d139 @A: 09 01 12 29 | 09
#1307-d139 @A: 15 25 09 33 | 08
#1308-d139 @A: 32 09 08 02 | 03
#1309-d139 @A: 06 02 09 25 | 10
#1310-d139 @A: 31 27 09 26 | 04
#1311-d139 @A: 25 03 07 20 | 01
#1312-d139 @A: 03 19 15 10 | 06
#1313-d139 @A: 18 28 29 03 | 11
#1314-d139 @A: 15 27 03 20 | 02
#1315-d139 @A: 21 03 15 12 | 07
#1316-d139 @A: 30 03 08 33 | 12
#1317-d139 @A: 04 33 27 03 | 05
#1318-d139 @A: 06 20 03 35 | 09
#1319-d139 @A: 16 02 35 03 | 08
#1320-d139 @A: 34 26 16 03 | 03
#1321-d139 @A: 03 17 06 01 | 10
#1322-d139 @A: 23 01 22 04 | 04
#1323-d139 @A: 23 30 19 20 | 01
#1324-d139 @A: 10 23 18 26 | 06
#1325-d139 @A: 01 29 23 20 | 11
#1326-d139 @A: 23 17 28 29 | 02
#1327-d139 @A: 34 28 16 23 | 07
#1328-d139 @A: 23 11 12 16 | 12
#1329-d139 @A: 35 23 12 34 | 05
#1330-d139 @A: 31 23 26 35 | 09
#1331-d139 @A: 27 23 26 06 | 08
#1332-d139 @A: 23 27 34 01 | 03
#1333-d139 @A: 22 04 07 02 | 10
#1334-d139 @A: 22 29 19 11 | 04
#1335-d139 @A: 15 22 21 34 | 01
#1336-d139 @A: 30 17 22 20 | 06
#1337-d139 @A: 22 20 31 14 | 11
#1338-d139 @A: 22 14 08 16 | 02
#1339-d139 @A: 08 22 01 27 | 07
#1340-d139 @A: 26 22 25 02 | 12
#1341-d139 @A: 10 02 11 22 | 05
#1342-d139 @A: 34 24 19 07 | 09
#1343-d139 @A: 29 16 07 20 | 08
#1344-d139 @A: 32 27 07 14 | 03
#1345-d139 @A: 21 07 25 12 | 10
#1346-d139 @A: 27 08 24 07 | 04
#1347-d139 @A: 27 31 07 16 | 01
#1348-d139 @A: 19 33 29 17 | 06
#1349-d139 @A: 19 30 33 01 | 11
#1350-d139 @A: 04 24 19 06 | 02
#1351-d139 @A: 34 08 19 20 | 07
#1352-d139 @A: 02 19 12 25 | 12
#1353-d139 @A: 17 08 06 19 | 05
#1354-d139 @A: 27 34 19 02 | 09
#1355-d139 @A: 29 32 18 12 | 08
#1356-d139 @A: 20 34 18 15 | 03
#1357-d139 @A: 10 33 14 18 | 10
#1358-d139 @A: 25 18 30 21 | 04
#1359-d139 @A: 14 28 21 18 | 01
#1360-d139 @A: 14 18 12 24 | 06
#1361-d139 @A: 10 18 12 08 | 11
#1362-d139 @A: 25 06 12 18 | 02
#1363-d139 @A: 08 18 25 02 | 07
#1364-d139 @A: 20 29 11 32 | 12
#1365-d139 @A: 12 29 27 16 | 05
#1366-d139 @A: 35 17 29 08 | 09
#1367-d139 @A: 29 16 24 35 | 08
#1368-d139 @A: 16 29 25 11 | 03
#1369-d139 @A: 11 31 17 29 | 10
#1370-d139 @A: 06 29 11 01 | 04
#1371-d139 @A: 21 20 15 35 | 01
#1372-d139 @A: 32 15 27 34 | 06
#1373-d139 @A: 33 16 30 20 | 11
#1374-d139 @A: 20 21 28 33 | 02
#1375-d139 @A: 35 25 33 20 | 07
#1376-d139 @A: 24 14 33 32 | 12
#1377-d139 @A: 33 21 10 08 | 05
#1378-d139 @A: 17 33 34 12 | 09
#1379-d139 @A: 33 17 24 35 | 08
#1380-d139 @A: 27 33 31 24 | 03
#1381-d139 @A: 04 24 30 17 | 10
#1382-d139 @A: 27 04 10 30 | 04
#1383-d139 @A: 30 25 24 06 | 01
#1384-d139 @A: 34 08 04 28 | 06
#1385-d139 @A: 08 16 10 04 | 11
#1386-d139 @A: 04 02 16 01 | 02
#1387-d139 @A: 17 35 04 10 | 07
#1388-d139 @A: 20 28 26 17 | 12
#1389-d139 @A: 01 02 20 08 | 05
#1390-d139 @A: 20 26 31 24 | 09
#1391-d139 @A: 24 20 10 26 | 08
#1392-d139 @A: 20 35 16 01 | 03
#1393-d139 @A: 26 27 25 20 | 10
#1394-d139 @A: 06 20 31 27 | 04
#1395-d139 @A: 11 02 28 14 | 01
#1396-d139 @A: 27 06 24 14 | 06
#1397-d139 @A: 01 14 16 27 | 11
#1398-d139 @A: 31 14 26 17 | 02
#1399-d139 @A: 35 14 27 26 | 07
#1400-d139 @A: 01 14 34 26 | 12
#1401-d139 @A: 28 11 21 01 | 05
#1402-d139 @A: 26 21 06 12 | 09
#1403-d139 @A: 08 34 35 21 | 08
#1404-d139 @A: 25 21 06 10 | 03
#1405-d139 @A: 10 35 01 21 | 10
#1406-d139 @A: 10 26 06 02 | 04
#1407-d139 @A: 13 05 18 22 | 01
#1408-d139 @A: 05 30 26 03 | 06
#1409-d139 @A: 22 23 05 25 | 11
#1410-d139 @A: 23 05 08 21 | 02
#1411-d139 @A: 07 32 05 26 | 07
#1412-d139 @A: 01 16 05 07 | 12
#1413-d139 @A: 15 05 25 19 | 05
#1414-d139 @A: 18 15 27 05 | 09
#1415-d139 @A: 05 14 02 29 | 08
#1416-d139 @A: 05 32 04 31 | 03
#1417-d139 @A: 20 25 05 08 | 10
#1418-d139 @A: 25 17 05 28 | 04
#1419-d139 @A: 02 08 05 12 | 01
#1420-d139 @A: 16 27 24 05 | 06
#1421-d139 @A: 06 05 17 11 | 11
#1422-d139 @A: 09 22 06 13 | 02
#1423-d139 @A: 03 15 08 13 | 07
#1424-d139 @A: 13 17 03 10 | 12
#1425-d139 @A: 26 13 21 22 | 05
#1426-d139 @A: 25 13 18 19 | 09
#1427-d139 @A: 19 13 32 17 | 08
#1428-d139 @A: 21 17 29 13 | 03
#1429-d139 @A: 15 21 13 25 | 10
#1430-d139 @A: 33 30 13 28 | 04
#1431-d139 @A: 33 25 04 13 | 01
#1432-d139 @A: 12 33 13 11 | 06
#1433-d139 @A: 35 33 13 01 | 11
#1434-d139 @A: 06 30 13 01 | 02
#1435-d139 @A: 13 10 14 06 | 07
#1436-d139 @A: 13 16 26 28 | 12
#1437-d139 @A: 16 13 08 11 | 05
#1438-d139 @A: 26 13 11 01 | 09
#1439-d139 @A: 29 20 09 03 | 08
#1440-d139 @A: 09 15 03 01 | 03
#1441-d139 @A: 23 09 10 08 | 10
#1442-d139 @A: 07 22 09 08 | 04
#1443-d139 @A: 07 28 14 09 | 01
#1444-d139 @A: 07 01 34 09 | 06
#1445-d139 @A: 09 15 18 28 | 11
#1446-d139 @A: 09 30 24 18 | 02
#1447-d139 @A: 16 09 34 33 | 07
#1448-d139 @A: 26 09 20 32 | 12
#1449-d139 @A: 08 09 01 31 | 05
#1450-d139 @A: 24 26 02 09 | 09
#1451-d139 @A: 03 19 34 12 | 08
#1452-d139 @A: 18 20 03 16 | 03
#1453-d139 @A: 04 10 02 03 | 10
#1454-d139 @A: 14 03 21 26 | 04
#1455-d139 @A: 14 06 32 03 | 01
#1456-d139 @A: 24 17 25 03 | 06
#1457-d139 @A: 27 03 31 11 | 11
#1458-d139 @A: 23 16 18 22 | 02
#1459-d139 @A: 23 21 12 22 | 07
#1460-d139 @A: 23 07 26 21 | 12
#1461-d139 @A: 18 26 23 20 | 05
#1462-d139 @A: 23 26 15 30 | 09
#1463-d139 @A: 17 15 21 23 | 08
#1464-d139 @A: 30 33 31 23 | 03
#1465-d139 @A: 25 01 30 23 | 10
#1466-d139 @A: 27 21 23 20 | 04
#1467-d139 @A: 21 14 25 23 | 01
#1468-d139 @A: 21 10 31 23 | 06
#1469-d139 @A: 02 23 12 27 | 11
#1470-d139 @A: 16 27 25 23 | 02
#1471-d139 @A: 22 07 28 31 | 07
#1472-d139 @A: 22 33 19 27 | 12
#1473-d139 @A: 18 12 22 01 | 05
#1474-d139 @A: 29 16 15 22 | 09
#1475-d139 @A: 33 22 11 14 | 08
#1476-d139 @A: 27 04 22 32 | 03
#1477-d139 @A: 12 22 35 20 | 10
#1478-d139 @A: 06 22 31 08 | 04
#1479-d139 @A: 17 22 01 26 | 01
#1480-d139 @A: 21 18 08 07 | 06
#1481-d139 @A: 30 07 29 25 | 11
#1482-d139 @A: 29 07 32 24 | 02
#1483-d139 @A: 12 15 07 04 | 07
#1484-d139 @A: 07 12 33 32 | 12
#1485-d139 @A: 34 07 33 31 | 05
#1486-d139 @A: 01 14 04 07 | 09
#1487-d139 @A: 34 04 07 10 | 08
#1488-d139 @A: 07 26 06 14 | 03
#1489-d139 @A: 28 12 11 07 | 10
#1490-d139 @A: 27 26 29 19 | 04
#1491-d139 @A: 12 19 32 15 | 01
#1492-d139 @A: 30 21 10 19 | 06
#1493-d139 @A: 19 11 30 28 | 11
#1494-d139 @A: 30 19 35 31 | 02
#1495-d139 @A: 35 32 19 04 | 07
#1496-d139 @A: 06 19 35 28 | 12
#1497-d139 @A: 19 01 26 24 | 05
#1498-d139 @A: 26 25 19 11 | 09
#1499-d139 @A: 29 30 26 18 | 08
#1500-d139 @A: 08 18 34 33 | 03
#1501-d139 @A: 18 04 31 30 | 10
#1502-d139 @A: 18 30 16 14 | 04
#1503-d139 @A: 32 02 18 10 | 01
#1504-d139 @A: 18 11 28 17 | 06
#1505-d139 @A: 11 18 27 12 | 11
#1506-d139 @A: 31 18 17 08 | 02
#1507-d139 @A: 34 11 31 18 | 07
#1508-d139 @A: 18 11 01 02 | 12
#1509-d139 @A: 29 34 33 15 | 05
#1510-d139 @A: 01 29 21 15 | 09
#1511-d139 @A: 29 04 33 16 | 08
#1512-d139 @A: 11 04 29 28 | 03
#1513-d139 @A: 29 31 02 32 | 10
#1514-d139 @A: 12 08 29 28 | 04
#1515-d139 @A: 10 25 29 28 | 01
#1516-d139 @A: 35 12 29 06 | 06
#1517-d139 @A: 29 34 01 08 | 11
#1518-d139 @A: 04 28 15 32 | 02
#1519-d139 @A: 14 10 15 20 | 07
#1520-d139 @A: 15 12 31 14 | 12
#1521-d139 @A: 02 15 10 12 | 05
#1522-d139 @A: 08 15 25 24 | 09
#1523-d139 @A: 15 17 24 02 | 08
#1524-d139 @A: 30 32 34 33 | 03
#1525-d139 @A: 17 33 21 04 | 10
#1526-d139 @A: 14 21 33 01 | 04
#1527-d139 @A: 31 16 28 33 | 01
#1528-d139 @A: 16 08 12 33 | 06
#1529-d139 @A: 08 27 33 02 | 11
#1530-d139 @A: 33 25 34 27 | 02
#1531-d139 @A: 33 35 06 34 | 07
#1532-d139 @A: 26 33 11 35 | 12
#1533-d139 @A: 08 14 04 30 | 05
#1534-d139 @A: 32 31 20 30 | 09
#1535-d139 @A: 08 31 24 30 | 08
#1536-d139 @A: 06 08 30 10 | 03
#1537-d139 @A: 16 30 26 31 | 10
#1538-d139 @A: 17 10 12 04 | 04
#1539-d139 @A: 12 31 04 06 | 01
#1540-d139 @A: 02 12 34 20 | 06
#1541-d139 @A: 20 24 06 17 | 11
#1542-d139 @A: 02 12 01 14 | 02
#1543-d139 @A: 28 08 16 21 | 07
#1544-d139 @A: 21 17 35 28 | 12
#1545-d139 @A: 24 32 12 26 | 05
#1546-d139 @A: 25 32 35 24 | 09
#1547-d139 @A: 32 27 02 24 | 08
#1548-d139 @A: 31 34 32 16 | 03
#1549-d139 @A: 35 12 25 10 | 10
#1550-d139 @A: 13 25 03 05 | 04
#1551-d139 @A: 07 13 05 12 | 01
#1552-d139 @A: 13 05 01 21 | 06
#1553-d139 @A: 31 11 05 09 | 11
#1554-d139 @A: 05 18 01 03 | 02
#1555-d139 @A: 33 24 05 03 | 07
#1556-d139 @A: 15 05 12 23 | 12
#1557-d139 @A: 02 23 05 33 | 05
#1558-d139 @A: 05 12 04 19 | 09
#1559-d139 @A: 21 27 19 05 | 08
#1560-d139 @A: 05 18 12 30 | 03
#1561-d139 @A: 05 29 10 24 | 10
#1562-d139 @A: 33 20 26 05 | 04
#1563-d139 @A: 30 24 14 05 | 01
#1564-d139 @A: 10 28 04 05 | 06
#1565-d139 @A: 11 27 05 28 | 11
#1566-d139 @A: 24 05 12 01 | 02
#1567-d139 @A: 05 35 10 08 | 07
#1568-d139 @A: 17 05 27 34 | 12
#1569-d139 @A: 09 13 24 19 | 05
#1570-d139 @A: 03 13 26 20 | 09
#1571-d139 @A: 23 13 28 19 | 08
#1572-d139 @A: 13 10 22 21 | 03
#1573-d139 @A: 35 24 13 22 | 10
#1574-d139 @A: 01 02 22 13 | 04
#1575-d139 @A: 20 07 01 13 | 01
#1576-d139 @A: 13 11 29 30 | 06
#1577-d139 @A: 28 21 13 12 | 11
#1578-d139 @A: 31 13 34 08 | 02
#1579-d139 @A: 06 09 33 03 | 07
#1580-d139 @A: 03 35 30 09 | 12
#1581-d139 @A: 09 23 15 34 | 05
#1582-d139 @A: 24 09 32 23 | 09
#1583-d139 @A: 12 18 07 09 | 08
#1584-d139 @A: 01 19 09 18 | 03
#1585-d139 @A: 09 29 02 19 | 10
#1586-d139 @A: 09 33 14 19 | 04
#1587-d139 @A: 33 18 27 09 | 01
#1588-d139 @A: 26 09 29 33 | 06
#1589-d139 @A: 33 26 10 09 | 11
#1590-d139 @A: 30 32 25 09 | 02
#1591-d139 @A: 30 09 17 11 | 07
#1592-d139 @A: 04 06 09 16 | 12
#1593-d139 @A: 14 35 10 09 | 05
#1594-d139 @A: 25 12 35 09 | 09
#1595-d139 @A: 22 03 24 07 | 08
#1596-d139 @A: 19 35 03 22 | 03
#1597-d139 @A: 03 07 21 28 | 10
#1598-d139 @A: 18 26 25 03 | 04
#1599-d139 @A: 03 15 29 25 | 01
#1600-d139 @A: 03 29 04 24 | 06
#1601-d139 @A: 10 28 03 30 | 11
#1602-d139 @A: 03 12 27 26 | 02
#1603-d139 @A: 03 02 24 31 | 07
#1604-d139 @A: 03 16 31 17 | 12
#1605-d139 @A: 10 23 22 33 | 05
#1606-d139 @A: 22 27 23 31 | 09
#1607-d139 @A: 25 23 19 07 | 08
#1608-d139 @A: 28 07 23 32 | 03
#1609-d139 @A: 23 07 06 31 | 10
#1610-d139 @A: 23 14 18 11 | 04
#1611-d139 @A: 08 15 32 23 | 01
#1612-d139 @A: 23 30 35 04 | 06
#1613-d139 @A: 30 27 08 23 | 11
#1614-d139 @A: 23 21 28 04 | 02
#1615-d139 @A: 23 11 28 31 | 07
#1616-d139 @A: 23 02 06 28 | 12
#1617-d139 @A: 17 25 23 35 | 05
#1618-d139 @A: 02 23 10 35 | 09
#1619-d139 @A: 20 22 24 19 | 08
#1620-d139 @A: 20 18 22 25 | 03
#1621-d139 @A: 22 25 33 29 | 10
#1622-d139 @A: 30 22 35 15 | 04
#1623-d139 @A: 22 24 27 30 | 01
#1624-d139 @A: 10 22 06 28 | 06
#1625-d139 @A: 28 35 02 22 | 11
#1626-d139 @A: 16 25 22 35 | 02
#1627-d139 @A: 07 32 18 02 | 07
#1628-d139 @A: 26 07 18 16 | 12
#1629-d139 @A: 07 14 08 29 | 05
#1630-d139 @A: 07 20 11 15 | 09
#1631-d139 @A: 10 16 07 15 | 08
#1632-d139 @A: 27 15 07 25 | 03
#1633-d139 @A: 07 30 04 28 | 10
#1634-d139 @A: 24 04 07 11 | 04
#1635-d139 @A: 07 20 32 06 | 01
#1636-d139 @A: 19 26 33 28 | 06
#1637-d139 @A: 06 12 30 19 | 11
#1638-d139 @A: 16 25 19 04 | 02
#1639-d139 @A: 26 14 12 19 | 07
#1640-d139 @A: 08 02 19 16 | 12
#1641-d139 @A: 19 01 11 16 | 05
#1642-d139 @A: 19 26 35 16 | 09
#1643-d139 @A: 19 10 01 25 | 08
#1644-d139 @A: 10 35 31 19 | 03
#1645-d139 @A: 29 27 14 18 | 10
#1646-d139 @A: 18 21 15 31 | 04
#1647-d139 @A: 18 11 10 15 | 01
#1648-d139 @A: 16 18 33 32 | 06
#1649-d139 @A: 30 18 20 11 | 11
#1650-d139 @A: 10 30 17 18 | 02
#1651-d139 @A: 35 17 26 18 | 07
#1652-d139 @A: 34 27 06 18 | 12
#1653-d139 @A: 15 26 29 12 | 05
#1654-d139 @A: 33 14 29 12 | 09
#1655-d139 @A: 28 30 29 14 | 08
#1656-d139 @A: 29 08 10 17 | 03
#1657-d139 @A: 08 25 06 29 | 10
#1658-d139 @A: 35 02 26 29 | 04
#1659-d139 @A: 24 15 12 34 | 01
#1660-d139 @A: 15 25 16 31 | 06
#1661-d139 @A: 16 15 06 26 | 11
#1662-d139 @A: 25 01 15 26 | 02
#1663-d139 @A: 35 15 34 26 | 07
#1664-d139 @A: 26 15 34 10 | 12
#1665-d139 @A: 11 27 32 33 | 05
#1666-d139 @A: 33 11 25 17 | 09
#1667-d139 @A: 34 20 14 30 | 08
#1668-d139 @A: 32 14 30 10 | 03
#1669-d139 @A: 28 06 30 31 | 10
#1670-d139 @A: 25 08 12 30 | 04
#1671-d139 @A: 04 11 01 12 | 01
#1672-d139 @A: 04 31 02 26 | 06
#1673-d139 @A: 21 20 01 31 | 11
#1674-d139 @A: 34 10 20 12 | 02
#1675-d139 @A: 24 35 27 20 | 07
#1676-d139 @A: 35 31 02 20 | 12
#1677-d139 @A: 14 08 26 28 | 05
#1678-d139 @A: 27 17 14 28 | 09
#1679-d139 @A: 08 35 11 14 | 08
#1680-d139 @A: 02 16 17 14 | 03
#1681-d139 @A: 14 34 31 35 | 10
#1682-d139 @A: 21 08 32 24 | 04
#1683-d139 @A: 34 21 12 01 | 01
#1684-d139 @A: 17 08 32 28 | 06
#1685-d139 @A: 11 28 32 16 | 11
#1686-d139 @A: 25 32 28 02 | 02
#1687-d139 @A: 31 25 11 32 | 07
#1688-d139 @A: 27 26 12 10 | 12
#1689-d139 @A: 10 01 26 08 | 05
