#0001-d142 @A: 27 20 31 01 | 02
#0002-d142 @A: 20 33 18 01 | 03
#0003-d142 @A: 05 01 08 24 | 08
#0004-d142 @A: 01 17 08 09 | 04
#0005-d142 @A: 22 29 10 01 | 01
#0006-d142 @A: 26 03 01 15 | 06
#0007-d142 @A: 28 03 01 14 | 12
#0008-d142 @A: 24 23 16 01 | 05
#0009-d142 @A: 01 04 02 15 | 11
#0010-d142 @A: 33 01 28 04 | 10
#0011-d142 @A: 33 09 01 21 | 09
#0012-d142 @A: 01 22 27 18 | 07
#0013-d142 @A: 01 18 32 07 | 02
#0014-d142 @A: 14 26 35 01 | 03
#0015-d142 @A: 32 12 09 01 | 08
#0016-d142 @A: 22 23 16 01 | 04
#0017-d142 @A: 20 08 02 03 | 01
#0018-d142 @A: 20 26 04 08 | 06
#0019-d142 @A: 29 13 20 27 | 12
#0020-d142 @A: 06 20 03 24 | 05
#0021-d142 @A: 27 20 03 05 | 11
#0022-d142 @A: 20 29 23 34 | 10
#0023-d142 @A: 31 20 19 32 | 09
#0024-d142 @A: 02 20 11 33 | 07
#0025-d142 @A: 30 29 20 15 | 02
#0026-d142 @A: 16 15 20 09 | 03
#0027-d142 @A: 20 19 22 29 | 08
#0028-d142 @A: 20 32 35 14 | 04
#0029-d142 @A: 30 27 22 20 | 01
#0030-d142 @A: 08 03 22 10 | 06
#0031-d142 @A: 13 23 21 08 | 12
#0032-d142 @A: 34 08 02 24 | 05
#0033-d142 @A: 19 31 09 08 | 11
#0034-d142 @A: 08 15 17 30 | 10
#0035-d142 @A: 08 30 19 21 | 09
#0036-d142 @A: 33 04 08 23 | 07
#0037-d142 @A: 21 32 06 08 | 02
#0038-d142 @A: 08 28 32 27 | 03
#0039-d142 @A: 08 28 22 25 | 08
#0040-d142 @A: 10 14 13 17 | 04
#0041-d142 @A: 03 27 29 10 | 01
#0042-d142 @A: 10 06 07 31 | 06
#0043-d142 @A: 30 15 10 24 | 12
#0044-d142 @A: 24 04 23 10 | 05
#0045-d142 @A: 33 24 27 10 | 11
#0046-d142 @A: 30 10 25 19 | 10
#0047-d142 @A: 26 10 04 33 | 09
#0048-d142 @A: 35 10 21 06 | 07
#0049-d142 @A: 23 02 18 10 | 02
#0050-d142 @A: 07 10 09 05 | 03
#0051-d142 @A: 09 10 28 30 | 08
#0052-d142 @A: 07 10 14 30 | 04
#0053-d142 @A: 15 23 03 13 | 01
#0054-d142 @A: 24 13 26 18 | 06
#0055-d142 @A: 02 35 06 13 | 12
#0056-d142 @A: 06 25 26 13 | 05
#0057-d142 @A: 05 02 26 13 | 11
#0058-d142 @A: 16 07 13 26 | 10
#0059-d142 @A: 03 11 30 06 | 09
#0060-d142 @A: 03 23 21 11 | 07
#0061-d142 @A: 03 29 15 12 | 02
#0062-d142 @A: 04 03 05 19 | 03
#0063-d142 @A: 21 29 33 03 | 08
#0064-d142 @A: 26 03 30 29 | 04
#0065-d142 @A: 05 03 02 35 | 01
#0066-d142 @A: 03 30 27 07 | 06
#0067-d142 @A: 32 03 30 22 | 12
#0068-d142 @A: 32 12 03 27 | 05
#0069-d142 @A: 11 06 18 34 | 11
#0070-d142 @A: 21 24 34 23 | 10
#0071-d142 @A: 06 15 25 34 | 09
#0072-d142 @A: 34 30 33 17 | 07
#0073-d142 @A: 35 17 34 21 | 02
#0074-d142 @A: 19 34 07 29 | 03
#0075-d142 @A: 27 34 04 29 | 08
#0076-d142 @A: 35 34 18 25 | 04
#0077-d142 @A: 22 07 34 18 | 01
#0078-d142 @A: 35 23 05 34 | 06
#0079-d142 @A: 26 34 02 12 | 12
#0080-d142 @A: 27 16 34 07 | 05
#0081-d142 @A: 11 33 31 14 | 11
#0082-d142 @A: 31 33 24 05 | 10
#0083-d142 @A: 24 23 31 30 | 09
#0084-d142 @A: 21 31 06 18 | 07
#0085-d142 @A: 31 09 12 06 | 02
#0086-d142 @A: 06 31 26 05 | 03
#0087-d142 @A: 22 29 31 27 | 08
#0088-d142 @A: 31 23 05 27 | 04
#0089-d142 @A: 05 31 14 32 | 01
#0090-d142 @A: 31 27 28 30 | 06
#0091-d142 @A: 27 15 11 29 | 12
#0092-d142 @A: 11 23 17 30 | 05
#0093-d142 @A: 11 04 22 29 | 11
#0094-d142 @A: 11 21 33 26 | 10
#0095-d142 @A: 23 11 33 35 | 09
#0096-d142 @A: 11 09 18 07 | 07
#0097-d142 @A: 09 26 27 11 | 02
#0098-d142 @A: 29 16 24 15 | 03
#0099-d142 @A: 21 19 24 05 | 08
#0100-d142 @A: 33 24 32 06 | 04
#0101-d142 @A: 24 14 02 35 | 01
#0102-d142 @A: 32 24 09 23 | 06
#0103-d142 @A: 24 16 12 25 | 12
#0104-d142 @A: 16 15 19 30 | 05
#0105-d142 @A: 19 22 02 15 | 11
#0106-d142 @A: 15 29 33 22 | 10
#0107-d142 @A: 22 15 23 26 | 09
#0108-d142 @A: 23 15 28 07 | 07
#0109-d142 @A: 19 05 06 17 | 02
#0110-d142 @A: 17 04 26 29 | 03
#0111-d142 @A: 17 05 22 25 | 08
#0112-d142 @A: 16 17 02 26 | 04
#0113-d142 @A: 12 28 30 17 | 01
#0114-d142 @A: 02 07 22 17 | 06
#0115-d142 @A: 19 02 04 21 | 12
#0116-d142 @A: 12 19 04 22 | 05
#0117-d142 @A: 33 19 06 12 | 11
#0118-d142 @A: 22 19 06 28 | 10
#0119-d142 @A: 23 18 19 12 | 09
#0120-d142 @A: 19 02 16 09 | 07
#0121-d142 @A: 19 30 23 02 | 02
#0122-d142 @A: 06 04 25 30 | 03
#0123-d142 @A: 33 04 22 02 | 08
#0124-d142 @A: 12 09 18 04 | 04
#0125-d142 @A: 04 35 25 07 | 01
#0126-d142 @A: 23 32 04 05 | 06
#0127-d142 @A: 25 09 16 06 | 12
#0128-d142 @A: 16 06 28 26 | 05
#0129-d142 @A: 16 26 33 29 | 11
#0130-d142 @A: 32 23 30 33 | 10
#0131-d142 @A: 12 33 05 16 | 09
#0132-d142 @A: 14 29 18 26 | 07
#0133-d142 @A: 27 29 26 23 | 02
#0134-d142 @A: 25 28 16 29 | 03
#0135-d142 @A: 09 21 25 07 | 08
#0136-d142 @A: 14 23 30 21 | 04
#0137-d142 @A: 30 25 27 21 | 01
#0138-d142 @A: 26 23 01 20 | 06
#0139-d142 @A: 34 31 01 08 | 12
#0140-d142 @A: 14 08 21 01 | 05
#0141-d142 @A: 08 01 07 28 | 11
#0142-d142 @A: 03 05 10 01 | 10
#0143-d142 @A: 13 25 01 21 | 09
#0144-d142 @A: 13 26 27 01 | 07
#0145-d142 @A: 01 03 18 17 | 02
#0146-d142 @A: 27 01 05 11 | 03
#0147-d142 @A: 14 01 22 11 | 08
#0148-d142 @A: 01 15 23 29 | 04
#0149-d142 @A: 15 07 22 01 | 01
#0150-d142 @A: 01 25 29 04 | 06
#0151-d142 @A: 23 01 09 18 | 12
#0152-d142 @A: 23 02 01 32 | 05
#0153-d142 @A: 02 30 28 01 | 11
#0154-d142 @A: 17 20 08 22 | 10
#0155-d142 @A: 19 08 20 05 | 09
#0156-d142 @A: 08 20 30 06 | 07
#0157-d142 @A: 25 10 20 04 | 02
#0158-d142 @A: 06 10 32 20 | 03
#0159-d142 @A: 17 20 23 13 | 08
#0160-d142 @A: 31 17 20 16 | 04
#0161-d142 @A: 20 21 24 32 | 01
#0162-d142 @A: 18 15 20 06 | 06
#0163-d142 @A: 19 20 06 23 | 12
#0164-d142 @A: 20 02 16 33 | 05
#0165-d142 @A: 29 20 35 18 | 11
#0166-d142 @A: 30 05 23 20 | 10
#0167-d142 @A: 10 08 24 16 | 09
#0168-d142 @A: 10 08 33 05 | 07
#0169-d142 @A: 28 13 08 34 | 02
#0170-d142 @A: 14 08 31 15 | 03
#0171-d142 @A: 11 08 24 30 | 08
#0172-d142 @A: 24 08 25 14 | 04
#0173-d142 @A: 08 27 15 21 | 01
#0174-d142 @A: 32 16 17 08 | 06
#0175-d142 @A: 19 02 12 08 | 12
#0176-d142 @A: 08 29 04 12 | 05
#0177-d142 @A: 04 08 02 05 | 11
#0178-d142 @A: 21 08 35 33 | 10
#0179-d142 @A: 35 08 27 12 | 09
#0180-d142 @A: 10 03 24 07 | 07
#0181-d142 @A: 31 11 34 10 | 02
#0182-d142 @A: 10 34 24 26 | 03
#0183-d142 @A: 27 19 34 10 | 08
#0184-d142 @A: 35 31 10 12 | 04
#0185-d142 @A: 10 30 02 31 | 01
#0186-d142 @A: 10 11 28 29 | 06
#0187-d142 @A: 25 10 24 17 | 12
#0188-d142 @A: 21 22 10 15 | 05
#0189-d142 @A: 10 04 29 09 | 11
#0190-d142 @A: 23 10 29 07 | 10
#0191-d142 @A: 10 32 09 22 | 09
#0192-d142 @A: 26 10 25 14 | 07
#0193-d142 @A: 32 10 16 27 | 02
#0194-d142 @A: 10 07 28 22 | 03
#0195-d142 @A: 13 34 29 32 | 08
#0196-d142 @A: 13 27 04 31 | 04
#0197-d142 @A: 32 13 12 31 | 01
#0198-d142 @A: 13 17 18 11 | 06
#0199-d142 @A: 22 13 24 05 | 12
#0200-d142 @A: 15 17 13 02 | 05
#0201-d142 @A: 27 17 13 19 | 11
#0202-d142 @A: 35 04 13 21 | 10
#0203-d142 @A: 13 26 23 32 | 09
#0204-d142 @A: 13 22 23 14 | 07
#0205-d142 @A: 34 11 16 03 | 02
#0206-d142 @A: 32 03 24 34 | 03
#0207-d142 @A: 03 15 17 34 | 08
#0208-d142 @A: 03 11 24 22 | 04
#0209-d142 @A: 11 03 04 25 | 01
#0210-d142 @A: 03 17 21 27 | 06
#0211-d142 @A: 06 03 04 02 | 12
#0212-d142 @A: 16 03 06 27 | 05
#0213-d142 @A: 03 22 33 23 | 11
#0214-d142 @A: 18 22 14 03 | 10
#0215-d142 @A: 03 32 09 35 | 09
#0216-d142 @A: 32 03 05 25 | 07
#0217-d142 @A: 28 16 30 03 | 02
#0218-d142 @A: 28 34 31 04 | 03
#0219-d142 @A: 29 34 09 11 | 08
#0220-d142 @A: 23 27 11 34 | 04
#0221-d142 @A: 17 22 34 24 | 01
#0222-d142 @A: 02 17 04 34 | 06
#0223-d142 @A: 17 12 34 27 | 12
#0224-d142 @A: 06 34 19 35 | 05
#0225-d142 @A: 06 34 09 04 | 11
#0226-d142 @A: 30 34 21 26 | 10
#0227-d142 @A: 35 07 02 34 | 09
#0228-d142 @A: 25 28 34 12 | 07
#0229-d142 @A: 32 07 34 28 | 02
#0230-d142 @A: 11 19 22 31 | 03
#0231-d142 @A: 29 11 12 31 | 08
#0232-d142 @A: 31 11 18 16 | 04
#0233-d142 @A: 06 25 31 17 | 01
#0234-d142 @A: 32 22 31 02 | 06
#0235-d142 @A: 11 24 04 15 | 12
#0236-d142 @A: 11 18 22 05 | 05
#0237-d142 @A: 11 30 18 28 | 11
#0238-d142 @A: 29 04 24 30 | 10
#0239-d142 @A: 28 06 18 24 | 09
#0240-d142 @A: 35 30 27 24 | 07
#0241-d142 @A: 32 07 24 05 | 02
#0242-d142 @A: 24 14 27 07 | 03
#0243-d142 @A: 29 19 18 15 | 08
#0244-d142 @A: 04 33 15 30 | 04
#0245-d142 @A: 22 16 15 35 | 01
#0246-d142 @A: 25 22 15 09 | 06
#0247-d142 @A: 17 33 19 26 | 12
#0248-d142 @A: 09 06 21 17 | 05
#0249-d142 @A: 33 17 21 23 | 11
#0250-d142 @A: 17 14 22 33 | 10
#0251-d142 @A: 30 17 35 18 | 09
#0252-d142 @A: 17 07 09 30 | 07
#0253-d142 @A: 23 26 14 17 | 02
#0254-d142 @A: 17 23 28 27 | 03
#0255-d142 @A: 23 17 12 07 | 08
#0256-d142 @A: 05 14 28 17 | 04
#0257-d142 @A: 33 04 19 09 | 01
#0258-d142 @A: 19 04 29 28 | 06
#0259-d142 @A: 28 04 16 19 | 12
#0260-d142 @A: 04 06 28 35 | 05
#0261-d142 @A: 33 04 29 35 | 11
#0262-d142 @A: 05 18 35 04 | 10
#0263-d142 @A: 22 28 04 18 | 09
#0264-d142 @A: 04 30 23 12 | 07
#0265-d142 @A: 07 06 09 22 | 02
#0266-d142 @A: 06 26 30 27 | 03
#0267-d142 @A: 12 26 06 07 | 08
#0268-d142 @A: 12 32 06 02 | 04
#0269-d142 @A: 30 16 33 09 | 01
#0270-d142 @A: 33 09 14 25 | 06
#0271-d142 @A: 02 33 30 26 | 12
#0272-d142 @A: 12 33 27 14 | 05
#0273-d142 @A: 32 07 33 12 | 11
#0274-d142 @A: 14 22 29 35 | 10
#0275-d142 @A: 07 05 29 02 | 09
#0276-d142 @A: 28 26 22 29 | 07
#0277-d142 @A: 29 28 14 07 | 02
#0278-d142 @A: 23 27 18 21 | 03
#0279-d142 @A: 18 05 21 25 | 08
#0280-d142 @A: 35 14 21 28 | 04
#0281-d142 @A: 09 14 02 21 | 01
#0282-d142 @A: 30 21 32 12 | 06
#0283-d142 @A: 21 32 25 22 | 12
#0284-d142 @A: 35 01 34 20 | 05
#0285-d142 @A: 35 10 08 01 | 11
#0286-d142 @A: 18 06 08 01 | 10
#0287-d142 @A: 01 34 02 10 | 09
#0288-d142 @A: 01 10 04 18 | 07
#0289-d142 @A: 13 03 30 01 | 02
#0290-d142 @A: 11 13 01 12 | 03
#0291-d142 @A: 01 29 13 09 | 08
#0292-d142 @A: 32 01 26 31 | 04
#0293-d142 @A: 01 33 17 11 | 01
#0294-d142 @A: 11 18 01 02 | 06
#0295-d142 @A: 22 33 24 01 | 12
#0296-d142 @A: 01 17 32 06 | 05
#0297-d142 @A: 30 19 04 01 | 11
#0298-d142 @A: 21 01 19 07 | 10
#0299-d142 @A: 27 01 29 33 | 09
#0300-d142 @A: 05 01 26 09 | 07
#0301-d142 @A: 23 27 30 01 | 02
#0302-d142 @A: 20 02 21 13 | 03
#0303-d142 @A: 16 12 13 20 | 08
#0304-d142 @A: 20 31 04 22 | 04
#0305-d142 @A: 20 17 19 18 | 01
#0306-d142 @A: 12 17 33 20 | 06
#0307-d142 @A: 14 20 07 17 | 12
#0308-d142 @A: 04 19 20 35 | 05
#0309-d142 @A: 33 22 20 32 | 11
#0310-d142 @A: 05 28 16 20 | 10
#0311-d142 @A: 20 32 02 30 | 09
#0312-d142 @A: 25 20 32 07 | 07
#0313-d142 @A: 24 10 06 08 | 02
#0314-d142 @A: 13 18 07 08 | 03
#0315-d142 @A: 28 08 05 03 | 08
#0316-d142 @A: 30 04 34 08 | 04
#0317-d142 @A: 30 31 08 18 | 01
#0318-d142 @A: 23 11 19 08 | 06
#0319-d142 @A: 11 06 16 08 | 12
#0320-d142 @A: 08 33 15 09 | 05
#0321-d142 @A: 32 09 08 29 | 11
#0322-d142 @A: 35 23 02 08 | 10
#0323-d142 @A: 09 08 14 05 | 09
#0324-d142 @A: 23 08 30 28 | 07
#0325-d142 @A: 25 26 16 08 | 02
#0326-d142 @A: 31 13 24 10 | 03
#0327-d142 @A: 10 03 23 34 | 08
#0328-d142 @A: 34 10 18 29 | 04
#0329-d142 @A: 33 10 11 09 | 01
#0330-d142 @A: 10 11 27 21 | 06
#0331-d142 @A: 33 15 23 10 | 12
#0332-d142 @A: 15 29 35 10 | 05
#0333-d142 @A: 06 19 04 10 | 11
#0334-d142 @A: 10 02 14 06 | 10
#0335-d142 @A: 09 14 10 27 | 09
#0336-d142 @A: 32 05 12 10 | 07
#0337-d142 @A: 30 25 16 10 | 02
#0338-d142 @A: 13 12 34 03 | 03
#0339-d142 @A: 03 16 17 13 | 08
#0340-d142 @A: 31 13 17 35 | 04
#0341-d142 @A: 31 33 26 13 | 01
#0342-d142 @A: 21 22 13 31 | 06
#0343-d142 @A: 13 25 11 33 | 12
#0344-d142 @A: 33 24 23 13 | 05
#0345-d142 @A: 04 13 19 14 | 11
#0346-d142 @A: 13 14 06 33 | 10
#0347-d142 @A: 05 29 13 23 | 09
#0348-d142 @A: 13 18 35 32 | 07
#0349-d142 @A: 32 09 13 05 | 02
#0350-d142 @A: 24 25 03 31 | 03
#0351-d142 @A: 18 03 11 19 | 08
#0352-d142 @A: 35 03 07 11 | 04
#0353-d142 @A: 28 32 03 11 | 01
#0354-d142 @A: 30 03 17 24 | 06
#0355-d142 @A: 33 24 03 02 | 12
#0356-d142 @A: 09 04 15 03 | 05
#0357-d142 @A: 15 03 06 32 | 11
#0358-d142 @A: 15 22 35 03 | 10
#0359-d142 @A: 03 17 32 23 | 09
#0360-d142 @A: 27 06 03 33 | 07
#0361-d142 @A: 14 05 03 30 | 02
#0362-d142 @A: 02 30 12 03 | 03
#0363-d142 @A: 31 34 28 16 | 08
#0364-d142 @A: 28 19 34 11 | 04
#0365-d142 @A: 09 33 24 34 | 01
#0366-d142 @A: 34 16 12 04 | 06
#0367-d142 @A: 34 09 14 35 | 12
#0368-d142 @A: 16 09 02 34 | 05
#0369-d142 @A: 04 31 29 07 | 11
#0370-d142 @A: 31 32 04 16 | 10
#0371-d142 @A: 22 06 33 31 | 09
#0372-d142 @A: 32 33 31 35 | 07
#0373-d142 @A: 31 07 09 35 | 02
#0374-d142 @A: 31 05 02 12 | 03
#0375-d142 @A: 28 16 11 24 | 08
#0376-d142 @A: 15 11 21 07 | 04
#0377-d142 @A: 23 11 14 15 | 01
#0378-d142 @A: 16 25 11 15 | 06
#0379-d142 @A: 21 11 19 09 | 12
#0380-d142 @A: 11 35 12 18 | 05
#0381-d142 @A: 26 11 14 32 | 11
#0382-d142 @A: 28 19 15 24 | 10
#0383-d142 @A: 17 06 23 24 | 09
#0384-d142 @A: 17 24 14 29 | 07
#0385-d142 @A: 22 28 30 24 | 02
#0386-d142 @A: 14 32 24 22 | 03
#0387-d142 @A: 23 19 15 21 | 08
#0388-d142 @A: 15 14 33 02 | 04
#0389-d142 @A: 15 12 35 23 | 01
#0390-d142 @A: 15 35 02 25 | 06
#0391-d142 @A: 25 23 15 27 | 12
#0392-d142 @A: 09 28 22 17 | 05
#0393-d142 @A: 05 23 02 17 | 11
#0394-d142 @A: 17 30 26 25 | 10
#0395-d142 @A: 12 16 14 17 | 09
#0396-d142 @A: 21 33 19 22 | 07
#0397-d142 @A: 29 05 19 14 | 02
#0398-d142 @A: 05 22 19 23 | 03
#0399-d142 @A: 28 19 30 14 | 08
#0400-d142 @A: 29 04 32 14 | 04
#0401-d142 @A: 04 32 09 21 | 01
#0402-d142 @A: 25 26 04 05 | 06
#0403-d142 @A: 18 02 06 07 | 12
#0404-d142 @A: 07 30 06 35 | 05
#0405-d142 @A: 25 06 32 35 | 11
#0406-d142 @A: 09 06 26 28 | 10
#0407-d142 @A: 06 14 05 07 | 09
#0408-d142 @A: 33 28 05 07 | 07
#0409-d142 @A: 32 35 29 02 | 02
#0410-d142 @A: 25 29 27 05 | 03
#0411-d142 @A: 02 30 07 21 | 08
#0412-d142 @A: 01 13 28 10 | 04
#0413-d142 @A: 01 10 24 12 | 01
#0414-d142 @A: 16 19 13 01 | 06
#0415-d142 @A: 01 06 03 07 | 12
#0416-d142 @A: 01 30 34 11 | 05
#0417-d142 @A: 34 21 32 01 | 11
#0418-d142 @A: 25 01 31 11 | 10
#0419-d142 @A: 01 15 31 30 | 09
#0420-d142 @A: 31 21 01 23 | 07
#0421-d142 @A: 21 27 04 01 | 02
#0422-d142 @A: 22 01 26 06 | 03
#0423-d142 @A: 05 28 01 23 | 08
#0424-d142 @A: 22 05 01 02 | 04
#0425-d142 @A: 12 05 25 01 | 01
#0426-d142 @A: 01 28 12 16 | 06
#0427-d142 @A: 25 08 33 20 | 12
#0428-d142 @A: 09 20 10 15 | 05
#0429-d142 @A: 20 04 18 03 | 11
#0430-d142 @A: 29 16 20 03 | 10
#0431-d142 @A: 20 22 03 07 | 09
#0432-d142 @A: 34 20 21 27 | 07
#0433-d142 @A: 22 20 34 12 | 02
#0434-d142 @A: 20 17 31 02 | 03
#0435-d142 @A: 06 20 31 35 | 08
#0436-d142 @A: 25 20 11 29 | 04
#0437-d142 @A: 18 21 11 20 | 01
#0438-d142 @A: 16 11 20 30 | 06
#0439-d142 @A: 11 12 20 32 | 12
#0440-d142 @A: 24 19 20 25 | 05
#0441-d142 @A: 30 04 17 20 | 11
#0442-d142 @A: 20 02 07 19 | 10
#0443-d142 @A: 04 21 23 20 | 09
#0444-d142 @A: 33 29 05 20 | 07
#0445-d142 @A: 20 33 07 09 | 02
#0446-d142 @A: 35 20 21 30 | 03
#0447-d142 @A: 35 20 23 09 | 08
#0448-d142 @A: 09 32 26 20 | 04
#0449-d142 @A: 09 14 20 30 | 01
#0450-d142 @A: 20 28 26 30 | 06
#0451-d142 @A: 34 32 10 08 | 12
#0452-d142 @A: 08 10 30 12 | 05
#0453-d142 @A: 26 13 08 11 | 11
#0454-d142 @A: 25 15 03 08 | 10
#0455-d142 @A: 12 07 08 34 | 09
#0456-d142 @A: 11 08 18 15 | 07
#0457-d142 @A: 11 05 08 29 | 02
#0458-d142 @A: 15 08 28 04 | 03
#0459-d142 @A: 04 08 16 21 | 08
#0460-d142 @A: 08 12 26 23 | 04
#0461-d142 @A: 27 08 02 26 | 01
#0462-d142 @A: 13 26 03 10 | 06
#0463-d142 @A: 10 11 13 22 | 12
#0464-d142 @A: 10 21 30 13 | 05
#0465-d142 @A: 10 28 21 31 | 11
#0466-d142 @A: 18 10 26 31 | 10
#0467-d142 @A: 10 02 04 11 | 09
#0468-d142 @A: 11 14 10 35 | 07
#0469-d142 @A: 10 32 15 26 | 02
#0470-d142 @A: 12 27 10 04 | 03
#0471-d142 @A: 14 18 12 10 | 08
#0472-d142 @A: 23 25 35 10 | 04
#0473-d142 @A: 10 35 05 30 | 01
#0474-d142 @A: 05 14 22 10 | 06
#0475-d142 @A: 32 07 27 10 | 12
#0476-d142 @A: 07 10 16 28 | 05
#0477-d142 @A: 02 13 34 27 | 11
#0478-d142 @A: 29 14 13 31 | 10
#0479-d142 @A: 13 11 19 02 | 09
#0480-d142 @A: 15 13 27 06 | 07
#0481-d142 @A: 15 13 33 07 | 02
#0482-d142 @A: 13 19 35 33 | 03
#0483-d142 @A: 13 21 06 12 | 08
#0484-d142 @A: 18 30 13 06 | 04
#0485-d142 @A: 27 22 09 13 | 01
#0486-d142 @A: 23 12 13 27 | 06
#0487-d142 @A: 34 06 28 03 | 12
#0488-d142 @A: 17 02 11 03 | 05
#0489-d142 @A: 17 29 03 22 | 11
#0490-d142 @A: 03 17 14 09 | 10
#0491-d142 @A: 26 03 19 06 | 09
#0492-d142 @A: 26 18 03 35 | 07
#0493-d142 @A: 07 03 26 32 | 02
#0494-d142 @A: 17 32 34 19 | 03
#0495-d142 @A: 34 21 33 28 | 08
#0496-d142 @A: 18 28 02 34 | 04
#0497-d142 @A: 34 09 30 32 | 01
#0498-d142 @A: 25 34 02 30 | 06
#0499-d142 @A: 31 17 11 27 | 12
#0500-d142 @A: 31 06 02 15 | 05
#0501-d142 @A: 14 21 04 31 | 11
#0502-d142 @A: 27 31 07 21 | 10
#0503-d142 @A: 32 21 16 31 | 09
#0504-d142 @A: 31 05 22 09 | 07
#0505-d142 @A: 31 26 09 02 | 02
#0506-d142 @A: 26 16 31 12 | 03
#0507-d142 @A: 14 22 31 07 | 08
#0508-d142 @A: 17 07 24 11 | 04
#0509-d142 @A: 24 11 19 32 | 01
#0510-d142 @A: 35 17 04 11 | 06
#0511-d142 @A: 11 17 12 09 | 12
#0512-d142 @A: 14 11 06 21 | 05
#0513-d142 @A: 26 18 11 25 | 11
#0514-d142 @A: 11 02 23 09 | 10
#0515-d142 @A: 16 11 05 23 | 09
#0516-d142 @A: 07 30 11 05 | 07
#0517-d142 @A: 32 15 24 35 | 02
#0518-d142 @A: 35 24 33 17 | 03
#0519-d142 @A: 26 24 19 07 | 08
#0520-d142 @A: 24 25 06 21 | 04
#0521-d142 @A: 24 06 35 26 | 01
#0522-d142 @A: 24 16 33 27 | 06
#0523-d142 @A: 24 05 02 18 | 12
#0524-d142 @A: 07 24 18 30 | 05
#0525-d142 @A: 09 16 24 26 | 11
#0526-d142 @A: 23 26 28 24 | 10
#0527-d142 @A: 27 24 28 12 | 09
#0528-d142 @A: 22 24 16 14 | 07
#0529-d142 @A: 17 28 33 15 | 02
#0530-d142 @A: 16 07 17 15 | 03
#0531-d142 @A: 04 18 21 15 | 08
#0532-d142 @A: 06 33 05 15 | 04
#0533-d142 @A: 15 12 26 18 | 01
#0534-d142 @A: 26 15 35 30 | 06
#0535-d142 @A: 15 22 05 28 | 12
#0536-d142 @A: 23 17 19 29 | 05
#0537-d142 @A: 29 16 09 17 | 11
#0538-d142 @A: 16 28 17 27 | 10
#0539-d142 @A: 32 17 14 25 | 09
#0540-d142 @A: 19 18 35 14 | 07
#0541-d142 @A: 28 05 25 19 | 02
#0542-d142 @A: 21 33 05 04 | 03
#0543-d142 @A: 14 30 04 18 | 08
#0544-d142 @A: 07 23 27 04 | 04
#0545-d142 @A: 27 05 04 14 | 01
#0546-d142 @A: 33 09 06 29 | 06
#0547-d142 @A: 21 06 07 23 | 12
#0548-d142 @A: 18 25 14 06 | 05
#0549-d142 @A: 27 06 28 02 | 11
#0550-d142 @A: 18 12 21 33 | 10
#0551-d142 @A: 30 33 18 05 | 09
#0552-d142 @A: 18 33 22 25 | 07
#0553-d142 @A: 33 12 35 30 | 02
#0554-d142 @A: 07 33 14 26 | 03
#0555-d142 @A: 12 25 02 33 | 08
#0556-d142 @A: 32 28 33 14 | 04
#0557-d142 @A: 29 21 22 05 | 01
#0558-d142 @A: 29 30 23 18 | 06
#0559-d142 @A: 14 29 23 25 | 12
#0560-d142 @A: 35 09 21 12 | 05
#0561-d142 @A: 21 16 02 35 | 11
#0562-d142 @A: 01 35 20 16 | 10
#0563-d142 @A: 20 09 28 01 | 09
#0564-d142 @A: 01 23 08 03 | 07
#0565-d142 @A: 19 15 08 01 | 02
#0566-d142 @A: 08 29 30 01 | 03
#0567-d142 @A: 16 01 10 02 | 08
#0568-d142 @A: 02 29 01 03 | 04
#0569-d142 @A: 01 26 04 34 | 01
#0570-d142 @A: 04 01 24 07 | 06
#0571-d142 @A: 29 26 01 19 | 12
#0572-d142 @A: 06 28 01 21 | 05
#0573-d142 @A: 07 33 01 30 | 11
#0574-d142 @A: 14 01 18 05 | 10
#0575-d142 @A: 30 18 26 01 | 09
#0576-d142 @A: 01 32 05 35 | 07
#0577-d142 @A: 20 08 23 31 | 02
#0578-d142 @A: 20 27 24 08 | 03
#0579-d142 @A: 05 17 20 10 | 08
#0580-d142 @A: 10 20 26 22 | 04
#0581-d142 @A: 20 13 12 19 | 01
#0582-d142 @A: 20 22 13 06 | 06
#0583-d142 @A: 31 20 03 12 | 12
#0584-d142 @A: 20 03 17 26 | 05
#0585-d142 @A: 14 23 03 20 | 11
#0586-d142 @A: 20 16 34 25 | 10
#0587-d142 @A: 20 22 11 28 | 09
#0588-d142 @A: 29 26 24 20 | 07
#0589-d142 @A: 20 24 07 28 | 02
#0590-d142 @A: 23 02 15 20 | 03
#0591-d142 @A: 19 27 16 20 | 08
#0592-d142 @A: 20 29 12 06 | 04
#0593-d142 @A: 32 20 05 18 | 01
#0594-d142 @A: 18 27 20 26 | 06
#0595-d142 @A: 20 18 02 12 | 12
#0596-d142 @A: 20 18 14 28 | 05
#0597-d142 @A: 20 28 32 23 | 11
#0598-d142 @A: 20 12 25 26 | 10
#0599-d142 @A: 28 20 25 02 | 09
#0600-d142 @A: 08 10 04 13 | 07
#0601-d142 @A: 08 28 10 26 | 02
#0602-d142 @A: 03 08 24 26 | 03
#0603-d142 @A: 03 08 04 35 | 08
#0604-d142 @A: 34 08 26 15 | 04
#0605-d142 @A: 17 08 34 23 | 01
#0606-d142 @A: 08 02 31 21 | 06
#0607-d142 @A: 08 33 24 12 | 12
#0608-d142 @A: 26 08 06 14 | 05
#0609-d142 @A: 14 08 33 29 | 11
#0610-d142 @A: 08 26 22 07 | 10
#0611-d142 @A: 02 28 16 08 | 09
#0612-d142 @A: 04 03 10 30 | 07
#0613-d142 @A: 04 05 10 34 | 02
#0614-d142 @A: 30 10 34 06 | 03
#0615-d142 @A: 17 10 18 33 | 08
#0616-d142 @A: 10 23 16 17 | 04
#0617-d142 @A: 19 07 33 10 | 01
#0618-d142 @A: 28 02 10 19 | 06
#0619-d142 @A: 22 10 18 06 | 12
#0620-d142 @A: 02 21 33 10 | 05
#0621-d142 @A: 22 30 33 10 | 11
#0622-d142 @A: 16 29 12 10 | 10
#0623-d142 @A: 10 05 18 28 | 09
#0624-d142 @A: 02 31 13 03 | 07
#0625-d142 @A: 13 15 14 34 | 02
#0626-d142 @A: 34 18 21 13 | 03
#0627-d142 @A: 16 30 13 34 | 08
#0628-d142 @A: 13 15 28 16 | 04
#0629-d142 @A: 19 13 26 21 | 01
#0630-d142 @A: 09 19 28 13 | 06
#0631-d142 @A: 13 26 28 04 | 12
#0632-d142 @A: 03 16 07 11 | 05
#0633-d142 @A: 18 23 03 24 | 11
#0634-d142 @A: 03 16 23 15 | 10
#0635-d142 @A: 28 19 23 03 | 09
#0636-d142 @A: 14 19 16 03 | 07
#0637-d142 @A: 21 26 16 03 | 02
#0638-d142 @A: 25 03 12 35 | 03
#0639-d142 @A: 09 03 12 23 | 08
#0640-d142 @A: 03 05 23 26 | 04
#0641-d142 @A: 34 31 02 29 | 01
#0642-d142 @A: 30 24 19 34 | 06
#0643-d142 @A: 16 19 24 34 | 12
#0644-d142 @A: 07 34 04 33 | 05
#0645-d142 @A: 34 04 12 21 | 11
#0646-d142 @A: 34 30 29 35 | 10
#0647-d142 @A: 26 35 28 34 | 09
#0648-d142 @A: 22 02 34 09 | 07
#0649-d142 @A: 05 22 34 30 | 02
#0650-d142 @A: 34 30 14 27 | 03
#0651-d142 @A: 19 31 24 04 | 08
#0652-d142 @A: 31 28 24 32 | 04
#0653-d142 @A: 25 04 15 31 | 01
#0654-d142 @A: 14 02 31 18 | 06
#0655-d142 @A: 30 31 07 16 | 12
#0656-d142 @A: 31 14 27 16 | 05
#0657-d142 @A: 11 33 16 17 | 11
#0658-d142 @A: 07 33 06 11 | 10
#0659-d142 @A: 21 22 11 16 | 09
#0660-d142 @A: 25 05 11 23 | 07
#0661-d142 @A: 12 22 23 11 | 02
#0662-d142 @A: 22 25 11 07 | 03
#0663-d142 @A: 04 21 26 24 | 08
#0664-d142 @A: 26 14 09 24 | 04
#0665-d142 @A: 05 14 24 23 | 01
#0666-d142 @A: 24 22 23 07 | 06
#0667-d142 @A: 26 12 24 05 | 12
#0668-d142 @A: 25 27 24 26 | 05
#0669-d142 @A: 02 22 24 26 | 11
#0670-d142 @A: 06 15 07 17 | 10
#0671-d142 @A: 04 06 23 15 | 09
#0672-d142 @A: 15 18 28 35 | 07
#0673-d142 @A: 23 15 30 09 | 02
#0674-d142 @A: 05 15 32 02 | 03
#0675-d142 @A: 12 05 15 07 | 08
#0676-d142 @A: 26 07 25 15 | 04
#0677-d142 @A: 15 07 32 30 | 01
#0678-d142 @A: 17 16 22 19 | 06
#0679-d142 @A: 27 17 04 06 | 12
#0680-d142 @A: 06 30 17 14 | 05
#0681-d142 @A: 32 33 05 17 | 11
#0682-d142 @A: 25 29 02 17 | 10
#0683-d142 @A: 16 18 12 17 | 09
#0684-d142 @A: 25 27 17 07 | 07
#0685-d142 @A: 06 19 09 18 | 02
#0686-d142 @A: 35 06 23 18 | 03
#0687-d142 @A: 23 26 06 02 | 08
#0688-d142 @A: 22 05 06 16 | 04
#0689-d142 @A: 25 06 02 22 | 01
#0690-d142 @A: 28 33 29 12 | 06
#0691-d142 @A: 22 33 12 09 | 12
#0692-d142 @A: 02 05 27 33 | 05
#0693-d142 @A: 22 33 27 28 | 11
#0694-d142 @A: 21 27 14 29 | 10
#0695-d142 @A: 09 29 05 18 | 09
#0696-d142 @A: 27 29 28 18 | 07
#0697-d142 @A: 23 29 02 22 | 02
#0698-d142 @A: 12 32 29 23 | 03
#0699-d142 @A: 29 30 14 02 | 08
#0700-d142 @A: 26 09 21 18 | 04
#0701-d142 @A: 27 02 21 32 | 01
#0702-d142 @A: 28 16 35 32 | 06
#0703-d142 @A: 01 10 30 20 | 12
#0704-d142 @A: 01 11 10 07 | 05
#0705-d142 @A: 06 01 13 34 | 11
#0706-d142 @A: 13 01 22 17 | 10
#0707-d142 @A: 13 05 33 01 | 09
#0708-d142 @A: 01 03 24 35 | 07
#0709-d142 @A: 11 01 04 09 | 02
#0710-d142 @A: 25 22 19 01 | 03
#0711-d142 @A: 33 32 25 01 | 08
#0712-d142 @A: 35 18 01 21 | 04
#0713-d142 @A: 01 35 12 02 | 01
#0714-d142 @A: 01 14 12 23 | 06
#0715-d142 @A: 01 14 02 27 | 12
#0716-d142 @A: 09 08 11 20 | 05
#0717-d142 @A: 34 20 10 28 | 11
#0718-d142 @A: 13 25 20 03 | 10
#0719-d142 @A: 26 34 13 20 | 09
#0720-d142 @A: 32 03 29 20 | 07
#0721-d142 @A: 21 09 03 20 | 02
#0722-d142 @A: 20 34 19 09 | 03
#0723-d142 @A: 20 34 16 18 | 08
#0724-d142 @A: 24 33 20 04 | 04
#0725-d142 @A: 24 20 12 23 | 01
#0726-d142 @A: 21 20 25 15 | 06
#0727-d142 @A: 29 21 20 17 | 12
#0728-d142 @A: 04 20 29 02 | 05
#0729-d142 @A: 20 06 05 21 | 11
#0730-d142 @A: 20 21 14 33 | 10
#0731-d142 @A: 23 18 20 07 | 09
#0732-d142 @A: 02 26 35 20 | 07
#0733-d142 @A: 12 20 05 14 | 02
#0734-d142 @A: 10 27 08 31 | 03
#0735-d142 @A: 02 08 10 17 | 08
#0736-d142 @A: 03 13 14 08 | 04
#0737-d142 @A: 13 31 08 05 | 01
#0738-d142 @A: 22 08 34 19 | 06
#0739-d142 @A: 08 34 29 25 | 12
#0740-d142 @A: 31 33 08 17 | 05
#0741-d142 @A: 14 11 08 04 | 11
#0742-d142 @A: 22 33 08 11 | 10
#0743-d142 @A: 08 05 12 17 | 09
#0744-d142 @A: 19 18 28 08 | 07
#0745-d142 @A: 33 07 02 08 | 02
#0746-d142 @A: 08 33 14 16 | 03
#0747-d142 @A: 21 09 08 22 | 08
#0748-d142 @A: 08 07 25 30 | 04
#0749-d142 @A: 27 08 12 16 | 01
#0750-d142 @A: 16 06 13 10 | 06
#0751-d142 @A: 13 10 27 35 | 12
#0752-d142 @A: 33 35 10 34 | 05
#0753-d142 @A: 22 34 10 25 | 11
#0754-d142 @A: 05 15 10 31 | 10
#0755-d142 @A: 10 18 11 24 | 09
#0756-d142 @A: 19 22 10 24 | 07
#0757-d142 @A: 10 24 14 28 | 02
#0758-d142 @A: 04 15 14 10 | 03
#0759-d142 @A: 07 04 10 21 | 08
#0760-d142 @A: 12 10 26 09 | 04
#0761-d142 @A: 10 28 27 25 | 01
#0762-d142 @A: 11 05 13 03 | 06
#0763-d142 @A: 03 13 21 32 | 12
#0764-d142 @A: 19 23 13 34 | 05
#0765-d142 @A: 25 13 09 31 | 11
#0766-d142 @A: 15 13 25 24 | 10
#0767-d142 @A: 06 24 07 13 | 09
#0768-d142 @A: 17 21 13 07 | 07
#0769-d142 @A: 09 13 02 33 | 02
#0770-d142 @A: 14 13 18 09 | 03
#0771-d142 @A: 18 13 12 05 | 08
#0772-d142 @A: 25 35 05 13 | 04
#0773-d142 @A: 35 28 13 22 | 01
#0774-d142 @A: 14 35 13 12 | 06
#0775-d142 @A: 25 02 23 13 | 12
#0776-d142 @A: 13 28 25 14 | 05
#0777-d142 @A: 03 17 28 31 | 11
#0778-d142 @A: 19 31 03 30 | 10
#0779-d142 @A: 03 24 27 04 | 09
#0780-d142 @A: 03 07 05 17 | 07
#0781-d142 @A: 35 21 19 03 | 02
#0782-d142 @A: 06 03 22 21 | 03
#0783-d142 @A: 02 27 09 03 | 08
#0784-d142 @A: 03 07 14 12 | 04
#0785-d142 @A: 27 34 31 33 | 01
#0786-d142 @A: 05 34 11 32 | 06
#0787-d142 @A: 34 27 15 24 | 12
#0788-d142 @A: 04 34 35 15 | 05
#0789-d142 @A: 23 34 33 06 | 11
#0790-d142 @A: 02 21 34 06 | 10
#0791-d142 @A: 18 12 34 30 | 09
#0792-d142 @A: 34 16 23 26 | 07
#0793-d142 @A: 11 31 04 18 | 02
#0794-d142 @A: 28 06 31 11 | 03
#0795-d142 @A: 21 31 15 35 | 08
#0796-d142 @A: 31 07 17 19 | 04
#0797-d142 @A: 04 09 31 17 | 01
#0798-d142 @A: 30 31 21 17 | 06
#0799-d142 @A: 18 23 31 22 | 12
#0800-d142 @A: 27 31 09 32 | 05
#0801-d142 @A: 17 25 15 11 | 11
#0802-d142 @A: 26 06 11 04 | 10
#0803-d142 @A: 11 12 04 05 | 09
#0804-d142 @A: 21 25 11 02 | 07
#0805-d142 @A: 18 14 27 11 | 02
#0806-d142 @A: 32 11 27 35 | 03
#0807-d142 @A: 22 09 11 30 | 08
#0808-d142 @A: 12 30 26 11 | 04
#0809-d142 @A: 27 19 24 29 | 01
#0810-d142 @A: 14 24 30 33 | 06
#0811-d142 @A: 35 24 18 09 | 12
#0812-d142 @A: 02 24 07 25 | 05
#0813-d142 @A: 04 19 07 15 | 11
#0814-d142 @A: 21 06 26 15 | 10
#0815-d142 @A: 35 15 06 09 | 09
#0816-d142 @A: 07 14 15 35 | 07
#0817-d142 @A: 15 25 14 05 | 02
#0818-d142 @A: 27 22 12 15 | 03
#0819-d142 @A: 16 15 02 14 | 08
#0820-d142 @A: 22 17 19 30 | 04
#0821-d142 @A: 30 16 21 17 | 01
#0822-d142 @A: 17 21 28 25 | 06
#0823-d142 @A: 35 05 09 17 | 12
#0824-d142 @A: 17 14 27 35 | 05
#0825-d142 @A: 17 22 32 12 | 11
#0826-d142 @A: 02 33 29 19 | 10
#0827-d142 @A: 22 19 18 26 | 09
#0828-d142 @A: 02 05 09 19 | 07
#0829-d142 @A: 05 27 32 19 | 02
#0830-d142 @A: 19 02 32 26 | 03
#0831-d142 @A: 19 14 12 26 | 08
#0832-d142 @A: 12 30 27 19 | 04
#0833-d142 @A: 02 19 25 14 | 01
#0834-d142 @A: 04 25 33 27 | 06
#0835-d142 @A: 35 30 32 04 | 12
#0836-d142 @A: 26 04 30 22 | 05
#0837-d142 @A: 02 12 04 07 | 11
#0838-d142 @A: 30 22 23 06 | 10
#0839-d142 @A: 23 12 25 06 | 09
#0840-d142 @A: 32 16 06 23 | 07
#0841-d142 @A: 33 18 23 14 | 02
#0842-d142 @A: 33 28 35 09 | 03
#0843-d142 @A: 30 28 29 21 | 08
#0844-d142 @A: 32 07 21 29 | 04
#0845-d142 @A: 02 29 28 09 | 01
#0846-d142 @A: 05 29 28 32 | 06
#0847-d142 @A: 28 26 21 07 | 12
#0848-d142 @A: 30 12 22 16 | 05
#0849-d142 @A: 20 12 08 01 | 11
#0850-d142 @A: 05 01 04 20 | 10
#0851-d142 @A: 10 01 31 09 | 09
#0852-d142 @A: 26 10 01 21 | 07
#0853-d142 @A: 01 09 03 25 | 02
#0854-d142 @A: 19 34 12 01 | 03
#0855-d142 @A: 34 01 29 14 | 08
#0856-d142 @A: 27 09 34 01 | 04
#0857-d142 @A: 05 19 01 31 | 01
#0858-d142 @A: 31 16 01 05 | 06
#0859-d142 @A: 29 01 32 24 | 12
#0860-d142 @A: 01 21 24 30 | 05
#0861-d142 @A: 01 02 19 06 | 11
#0862-d142 @A: 04 18 16 01 | 10
#0863-d142 @A: 01 12 28 26 | 09
#0864-d142 @A: 01 32 22 28 | 07
#0865-d142 @A: 25 14 07 01 | 02
#0866-d142 @A: 10 18 08 20 | 03
#0867-d142 @A: 19 20 10 03 | 08
#0868-d142 @A: 10 23 20 11 | 04
#0869-d142 @A: 12 10 20 21 | 01
#0870-d142 @A: 13 20 18 31 | 06
#0871-d142 @A: 28 15 03 20 | 12
#0872-d142 @A: 20 15 31 07 | 05
#0873-d142 @A: 28 31 20 05 | 11
#0874-d142 @A: 15 22 24 20 | 10
#0875-d142 @A: 24 09 20 17 | 09
#0876-d142 @A: 15 20 26 14 | 07
#0877-d142 @A: 17 06 20 28 | 02
#0878-d142 @A: 35 17 20 25 | 03
#0879-d142 @A: 23 04 16 20 | 08
#0880-d142 @A: 02 20 06 09 | 04
#0881-d142 @A: 21 16 20 14 | 01
#0882-d142 @A: 20 18 09 22 | 06
#0883-d142 @A: 26 05 07 20 | 12
#0884-d142 @A: 32 13 33 08 | 05
#0885-d142 @A: 27 13 08 30 | 11
#0886-d142 @A: 12 08 03 06 | 10
#0887-d142 @A: 29 03 07 08 | 09
#0888-d142 @A: 34 06 27 08 | 07
#0889-d142 @A: 34 21 08 05 | 02
#0890-d142 @A: 08 24 21 28 | 03
#0891-d142 @A: 18 15 16 08 | 08
#0892-d142 @A: 32 04 19 08 | 04
#0893-d142 @A: 18 22 08 35 | 01
#0894-d142 @A: 18 08 12 32 | 06
#0895-d142 @A: 14 07 32 08 | 12
#0896-d142 @A: 19 05 13 10 | 05
#0897-d142 @A: 03 10 05 16 | 11
#0898-d142 @A: 16 33 34 10 | 10
#0899-d142 @A: 28 06 10 15 | 09
#0900-d142 @A: 09 10 25 18 | 07
#0901-d142 @A: 18 27 10 30 | 02
#0902-d142 @A: 30 10 26 23 | 03
#0903-d142 @A: 27 23 22 10 | 08
#0904-d142 @A: 26 05 10 27 | 04
#0905-d142 @A: 34 13 17 05 | 01
#0906-d142 @A: 13 34 33 22 | 06
#0907-d142 @A: 11 35 09 13 | 12
#0908-d142 @A: 11 13 32 16 | 05
#0909-d142 @A: 16 24 04 13 | 11
#0910-d142 @A: 13 26 29 15 | 10
#0911-d142 @A: 13 30 19 07 | 09
#0912-d142 @A: 28 13 32 02 | 07
#0913-d142 @A: 28 07 13 12 | 02
#0914-d142 @A: 03 29 05 34 | 03
#0915-d142 @A: 27 18 03 34 | 08
#0916-d142 @A: 07 31 03 33 | 04
#0917-d142 @A: 03 04 33 14 | 01
#0918-d142 @A: 04 21 03 28 | 06
#0919-d142 @A: 09 03 18 30 | 12
#0920-d142 @A: 16 03 18 02 | 05
#0921-d142 @A: 03 09 16 12 | 11
#0922-d142 @A: 23 34 12 31 | 10
#0923-d142 @A: 24 11 25 34 | 09
#0924-d142 @A: 04 24 34 14 | 07
#0925-d142 @A: 34 16 15 05 | 02
#0926-d142 @A: 33 19 34 14 | 03
#0927-d142 @A: 34 35 27 22 | 08
#0928-d142 @A: 32 12 34 35 | 04
#0929-d142 @A: 09 05 34 12 | 01
#0930-d142 @A: 34 14 02 23 | 06
#0931-d142 @A: 34 14 26 05 | 12
#0932-d142 @A: 34 05 28 27 | 05
#0933-d142 @A: 22 14 34 28 | 11
#0934-d142 @A: 17 15 23 31 | 10
#0935-d142 @A: 19 14 31 27 | 09
#0936-d142 @A: 35 27 31 18 | 07
#0937-d142 @A: 30 31 07 26 | 02
#0938-d142 @A: 22 28 12 31 | 03
#0939-d142 @A: 24 11 21 35 | 08
#0940-d142 @A: 15 12 06 11 | 04
#0941-d142 @A: 11 15 09 05 | 01
#0942-d142 @A: 11 17 29 32 | 06
#0943-d142 @A: 19 26 16 11 | 12
#0944-d142 @A: 19 11 07 12 | 05
#0945-d142 @A: 16 11 29 04 | 11
#0946-d142 @A: 22 26 35 11 | 10
#0947-d142 @A: 11 02 35 30 | 09
#0948-d142 @A: 12 11 28 02 | 07
#0949-d142 @A: 24 05 17 04 | 02
#0950-d142 @A: 17 06 24 16 | 03
#0951-d142 @A: 21 17 24 18 | 08
#0952-d142 @A: 25 29 33 24 | 04
#0953-d142 @A: 07 24 21 16 | 01
#0954-d142 @A: 15 06 29 14 | 06
#0955-d142 @A: 22 14 15 30 | 12
#0956-d142 @A: 12 25 15 30 | 05
#0957-d142 @A: 12 15 32 14 | 11
#0958-d142 @A: 29 17 18 06 | 10
#0959-d142 @A: 19 06 29 32 | 09
#0960-d142 @A: 19 21 33 16 | 07
#0961-d142 @A: 19 30 18 32 | 02
#0962-d142 @A: 19 25 27 35 | 03
#0963-d142 @A: 09 19 07 32 | 08
#0964-d142 @A: 19 25 23 32 | 04
#0965-d142 @A: 19 30 05 26 | 01
#0966-d142 @A: 06 33 18 04 | 06
#0967-d142 @A: 09 02 04 25 | 12
#0968-d142 @A: 27 32 04 22 | 05
#0969-d142 @A: 33 06 30 21 | 11
#0970-d142 @A: 35 06 12 16 | 10
#0971-d142 @A: 06 23 05 09 | 09
#0972-d142 @A: 06 02 05 30 | 07
#0973-d142 @A: 25 07 28 06 | 02
#0974-d142 @A: 33 28 26 18 | 03
#0975-d142 @A: 07 18 29 25 | 08
#0976-d142 @A: 23 28 29 35 | 04
#0977-d142 @A: 25 26 29 32 | 01
#0978-d142 @A: 30 32 29 27 | 06
#0979-d142 @A: 21 18 28 16 | 12
#0980-d142 @A: 23 12 21 16 | 05
#0981-d142 @A: 05 26 32 21 | 11
#0982-d142 @A: 02 05 21 28 | 10
#0983-d142 @A: 25 16 14 05 | 09
#0984-d142 @A: 20 17 01 15 | 07
#0985-d142 @A: 20 19 14 01 | 02
#0986-d142 @A: 06 20 25 01 | 03
#0987-d142 @A: 01 02 08 13 | 08
#0988-d142 @A: 10 01 25 15 | 04
#0989-d142 @A: 13 31 07 01 | 01
#0990-d142 @A: 15 13 35 01 | 06
#0991-d142 @A: 01 04 13 23 | 12
#0992-d142 @A: 01 21 12 03 | 05
#0993-d142 @A: 11 28 15 01 | 11
#0994-d142 @A: 11 06 01 23 | 10
#0995-d142 @A: 11 01 21 29 | 09
#0996-d142 @A: 27 24 17 01 | 07
#0997-d142 @A: 19 09 24 01 | 02
#0998-d142 @A: 21 15 01 05 | 03
#0999-d142 @A: 14 29 10 20 | 08
#1000-d142 @A: 33 20 03 35 | 04
#1001-d142 @A: 31 34 20 25 | 01
#1002-d142 @A: 05 24 11 20 | 06
#1003-d142 @A: 06 20 27 11 | 12
#1004-d142 @A: 32 20 24 16 | 05
#1005-d142 @A: 04 20 27 28 | 11
#1006-d142 @A: 33 26 20 06 | 10
#1007-d142 @A: 25 05 09 20 | 09
#1008-d142 @A: 14 20 02 22 | 07
#1009-d142 @A: 08 10 29 21 | 02
#1010-d142 @A: 13 25 17 08 | 03
#1011-d142 @A: 13 06 09 08 | 08
#1012-d142 @A: 08 29 13 22 | 04
#1013-d142 @A: 09 16 13 08 | 01
#1014-d142 @A: 09 08 34 03 | 06
#1015-d142 @A: 16 08 31 03 | 12
#1016-d142 @A: 08 33 34 18 | 05
#1017-d142 @A: 22 08 31 24 | 11
#1018-d142 @A: 06 08 31 04 | 10
#1019-d142 @A: 21 12 08 11 | 09
#1020-d142 @A: 32 08 17 24 | 07
#1021-d142 @A: 24 08 35 07 | 02
#1022-d142 @A: 21 26 08 17 | 03
#1023-d142 @A: 33 08 27 19 | 08
#1024-d142 @A: 16 19 08 05 | 04
#1025-d142 @A: 04 08 18 27 | 01
#1026-d142 @A: 25 23 18 08 | 06
#1027-d142 @A: 32 08 26 35 | 12
#1028-d142 @A: 07 05 23 08 | 05
#1029-d142 @A: 08 02 32 25 | 11
#1030-d142 @A: 18 15 13 10 | 10
#1031-d142 @A: 13 06 10 23 | 09
#1032-d142 @A: 12 10 33 13 | 07
#1033-d142 @A: 18 03 10 32 | 02
#1034-d142 @A: 12 15 10 34 | 03
#1035-d142 @A: 19 31 10 23 | 08
#1036-d142 @A: 29 25 31 10 | 04
#1037-d142 @A: 24 10 32 02 | 01
#1038-d142 @A: 10 17 04 28 | 06
#1039-d142 @A: 10 29 32 33 | 12
#1040-d142 @A: 16 09 10 21 | 05
#1041-d142 @A: 17 03 13 06 | 11
#1042-d142 @A: 03 07 13 04 | 10
#1043-d142 @A: 33 13 18 03 | 09
#1044-d142 @A: 30 13 34 31 | 07
#1045-d142 @A: 11 23 13 31 | 02
#1046-d142 @A: 28 31 13 15 | 03
#1047-d142 @A: 06 13 11 32 | 08
#1048-d142 @A: 13 28 17 24 | 04
#1049-d142 @A: 17 13 09 26 | 01
#1050-d142 @A: 29 13 04 18 | 06
#1051-d142 @A: 13 02 04 30 | 12
#1052-d142 @A: 13 16 29 27 | 05
#1053-d142 @A: 02 13 22 18 | 11
#1054-d142 @A: 35 26 07 13 | 10
#1055-d142 @A: 22 13 12 26 | 09
#1056-d142 @A: 16 14 22 13 | 07
#1057-d142 @A: 03 11 31 09 | 02
#1058-d142 @A: 15 27 03 31 | 03
#1059-d142 @A: 12 24 19 03 | 08
#1060-d142 @A: 03 17 04 12 | 04
#1061-d142 @A: 33 05 03 09 | 01
#1062-d142 @A: 02 03 18 25 | 06
#1063-d142 @A: 03 28 25 26 | 12
#1064-d142 @A: 31 22 34 15 | 05
#1065-d142 @A: 19 31 26 34 | 11
#1066-d142 @A: 05 31 34 18 | 10
#1067-d142 @A: 02 34 15 11 | 09
#1068-d142 @A: 22 21 11 34 | 07
#1069-d142 @A: 09 15 07 34 | 02
#1070-d142 @A: 30 34 15 28 | 03
#1071-d142 @A: 34 22 06 29 | 08
#1072-d142 @A: 12 14 34 06 | 04
#1073-d142 @A: 09 34 23 28 | 01
#1074-d142 @A: 34 07 23 30 | 06
#1075-d142 @A: 32 14 16 34 | 12
#1076-d142 @A: 11 02 24 31 | 05
#1077-d142 @A: 31 11 26 15 | 11
#1078-d142 @A: 29 35 31 24 | 10
#1079-d142 @A: 24 31 21 12 | 09
#1080-d142 @A: 31 12 19 15 | 07
#1081-d142 @A: 29 15 31 32 | 02
#1082-d142 @A: 31 05 17 29 | 03
#1083-d142 @A: 32 31 18 17 | 08
#1084-d142 @A: 23 31 33 29 | 04
#1085-d142 @A: 26 35 23 31 | 01
#1086-d142 @A: 31 23 07 32 | 06
#1087-d142 @A: 25 31 26 22 | 12
#1088-d142 @A: 11 06 09 24 | 05
#1089-d142 @A: 05 11 33 19 | 11
#1090-d142 @A: 19 30 29 11 | 10
#1091-d142 @A: 32 33 04 11 | 09
#1092-d142 @A: 04 21 11 30 | 07
#1093-d142 @A: 11 35 16 09 | 02
#1094-d142 @A: 05 11 02 14 | 03
#1095-d142 @A: 19 17 24 02 | 08
#1096-d142 @A: 23 19 24 35 | 04
#1097-d142 @A: 04 18 25 24 | 01
#1098-d142 @A: 24 29 06 02 | 06
#1099-d142 @A: 22 21 27 24 | 12
#1100-d142 @A: 09 24 02 30 | 05
#1101-d142 @A: 25 24 28 09 | 11
#1102-d142 @A: 14 17 21 15 | 10
#1103-d142 @A: 06 19 15 30 | 09
#1104-d142 @A: 04 27 16 15 | 07
#1105-d142 @A: 15 21 32 33 | 02
#1106-d142 @A: 09 18 27 15 | 03
#1107-d142 @A: 18 05 15 23 | 08
#1108-d142 @A: 02 27 15 07 | 04
#1109-d142 @A: 32 07 35 17 | 01
#1110-d142 @A: 27 06 21 19 | 06
#1111-d142 @A: 32 21 19 14 | 12
#1112-d142 @A: 35 19 12 05 | 05
#1113-d142 @A: 19 14 23 07 | 11
#1114-d142 @A: 07 19 16 12 | 10
#1115-d142 @A: 26 18 07 04 | 09
#1116-d142 @A: 04 02 27 35 | 07
#1117-d142 @A: 05 16 04 09 | 02
#1118-d142 @A: 04 16 26 14 | 03
#1119-d142 @A: 26 12 04 32 | 08
#1120-d142 @A: 07 06 29 27 | 04
#1121-d142 @A: 14 16 06 18 | 01
#1122-d142 @A: 25 09 27 06 | 06
#1123-d142 @A: 32 27 06 23 | 12
#1124-d142 @A: 05 32 22 06 | 05
#1125-d142 @A: 33 18 32 09 | 11
#1126-d142 @A: 33 07 35 22 | 10
#1127-d142 @A: 27 33 32 26 | 09
#1128-d142 @A: 30 33 32 16 | 07
#1129-d142 @A: 12 14 29 09 | 02
#1130-d142 @A: 29 07 22 30 | 03
#1131-d142 @A: 02 12 27 29 | 08
#1132-d142 @A: 27 21 09 28 | 04
#1133-d142 @A: 21 25 26 23 | 01
#1134-d142 @A: 14 21 22 26 | 06
#1135-d142 @A: 27 18 09 16 | 12
#1136-d142 @A: 16 23 18 25 | 05
#1137-d142 @A: 09 23 16 28 | 11
#1138-d142 @A: 16 23 28 14 | 10
#1139-d142 @A: 02 16 22 32 | 09
#1140-d142 @A: 32 13 01 20 | 07
#1141-d142 @A: 32 01 11 08 | 02
#1142-d142 @A: 03 01 27 19 | 03
#1143-d142 @A: 04 01 32 03 | 08
#1144-d142 @A: 17 34 01 25 | 04
#1145-d142 @A: 34 01 22 23 | 01
#1146-d142 @A: 34 05 01 07 | 06
#1147-d142 @A: 31 14 06 01 | 12
#1148-d142 @A: 01 35 11 19 | 05
#1149-d142 @A: 11 01 16 27 | 11
#1150-d142 @A: 01 15 06 24 | 10
#1151-d142 @A: 01 17 04 14 | 09
#1152-d142 @A: 01 02 21 17 | 07
#1153-d142 @A: 07 01 26 17 | 02
#1154-d142 @A: 01 33 19 23 | 03
#1155-d142 @A: 01 14 16 09 | 08
#1156-d142 @A: 08 35 20 13 | 04
#1157-d142 @A: 08 16 22 20 | 01
#1158-d142 @A: 20 33 31 10 | 06
#1159-d142 @A: 10 16 26 20 | 12
#1160-d142 @A: 20 34 11 17 | 05
#1161-d142 @A: 15 34 20 33 | 11
#1162-d142 @A: 30 11 31 20 | 10
#1163-d142 @A: 20 21 26 31 | 09
#1164-d142 @A: 17 20 27 32 | 07
#1165-d142 @A: 19 28 20 21 | 02
#1166-d142 @A: 27 20 35 07 | 03
#1167-d142 @A: 28 20 35 12 | 08
#1168-d142 @A: 27 25 20 14 | 04
#1169-d142 @A: 25 10 11 08 | 01
#1170-d142 @A: 08 10 19 14 | 06
#1171-d142 @A: 08 15 12 13 | 12
#1172-d142 @A: 08 03 30 33 | 05
#1173-d142 @A: 11 08 28 17 | 11
#1174-d142 @A: 06 08 17 35 | 10
#1175-d142 @A: 17 27 29 08 | 09
#1176-d142 @A: 14 18 17 08 | 07
#1177-d142 @A: 29 21 08 16 | 02
#1178-d142 @A: 25 09 08 35 | 03
#1179-d142 @A: 07 08 27 09 | 08
#1180-d142 @A: 32 23 22 08 | 04
#1181-d142 @A: 13 09 10 34 | 01
#1182-d142 @A: 10 13 25 32 | 06
#1183-d142 @A: 14 10 31 03 | 12
#1184-d142 @A: 02 03 10 15 | 05
#1185-d142 @A: 21 10 03 25 | 11
#1186-d142 @A: 11 17 26 10 | 10
#1187-d142 @A: 29 30 17 10 | 09
#1188-d142 @A: 19 10 21 18 | 07
#1189-d142 @A: 26 19 10 35 | 02
#1190-d142 @A: 04 10 22 35 | 03
#1191-d142 @A: 06 29 26 10 | 08
#1192-d142 @A: 02 35 09 10 | 04
#1193-d142 @A: 16 23 10 35 | 01
#1194-d142 @A: 07 10 12 25 | 06
#1195-d142 @A: 03 13 19 22 | 12
#1196-d142 @A: 13 34 35 24 | 05
#1197-d142 @A: 23 31 16 13 | 11
#1198-d142 @A: 28 21 13 11 | 10
#1199-d142 @A: 15 04 13 22 | 09
#1200-d142 @A: 28 13 06 29 | 07
#1201-d142 @A: 33 16 18 13 | 02
#1202-d142 @A: 18 13 28 23 | 03
#1203-d142 @A: 06 03 31 23 | 08
#1204-d142 @A: 19 15 03 14 | 04
#1205-d142 @A: 29 19 03 09 | 01
#1206-d142 @A: 19 07 25 03 | 06
#1207-d142 @A: 03 16 33 04 | 12
#1208-d142 @A: 33 03 26 12 | 05
#1209-d142 @A: 09 03 28 07 | 11
#1210-d142 @A: 27 26 14 03 | 10
#1211-d142 @A: 06 31 34 32 | 09
#1212-d142 @A: 34 05 24 06 | 07
#1213-d142 @A: 19 15 05 34 | 02
#1214-d142 @A: 19 04 18 34 | 03
#1215-d142 @A: 25 21 34 19 | 08
#1216-d142 @A: 33 32 02 34 | 04
#1217-d142 @A: 09 24 31 15 | 01
#1218-d142 @A: 18 15 31 33 | 06
#1219-d142 @A: 30 29 31 06 | 12
#1220-d142 @A: 31 33 25 21 | 05
#1221-d142 @A: 31 09 33 30 | 11
#1222-d142 @A: 31 35 22 30 | 10
#1223-d142 @A: 31 23 14 09 | 09
#1224-d142 @A: 17 14 19 11 | 07
#1225-d142 @A: 05 21 17 11 | 02
#1226-d142 @A: 35 11 29 06 | 03
#1227-d142 @A: 18 33 29 11 | 08
#1228-d142 @A: 25 11 35 28 | 04
#1229-d142 @A: 14 09 28 11 | 01
#1230-d142 @A: 11 28 07 27 | 06
#1231-d142 @A: 27 11 25 12 | 12
#1232-d142 @A: 21 24 15 02 | 05
#1233-d142 @A: 28 04 24 02 | 11
#1234-d142 @A: 09 22 29 24 | 10
#1235-d142 @A: 27 32 18 24 | 09
#1236-d142 @A: 24 32 30 26 | 07
#1237-d142 @A: 15 27 26 04 | 02
#1238-d142 @A: 02 15 18 30 | 03
#1239-d142 @A: 09 32 15 28 | 08
#1240-d142 @A: 27 28 14 15 | 04
#1241-d142 @A: 15 16 32 12 | 01
#1242-d142 @A: 25 16 04 17 | 06
#1243-d142 @A: 07 17 18 28 | 12
#1244-d142 @A: 17 26 32 28 | 05
#1245-d142 @A: 12 17 02 14 | 11
#1246-d142 @A: 12 19 09 25 | 10
#1247-d142 @A: 28 27 26 19 | 09
#1248-d142 @A: 06 04 21 29 | 07
#1249-d142 @A: 30 04 06 16 | 02
#1250-d142 @A: 14 04 23 35 | 03
#1251-d142 @A: 09 04 27 30 | 08
#1252-d142 @A: 14 04 25 22 | 04
#1253-d142 @A: 18 06 32 26 | 01
#1254-d142 @A: 30 32 28 06 | 06
#1255-d142 @A: 33 02 18 35 | 12
#1256-d142 @A: 07 27 18 33 | 05
#1257-d142 @A: 25 33 35 26 | 11
#1258-d142 @A: 33 16 22 28 | 10
#1259-d142 @A: 16 35 18 29 | 09
#1260-d142 @A: 18 29 22 32 | 07
#1261-d142 @A: 29 26 05 35 | 02
#1262-d142 @A: 09 30 25 29 | 03
#1263-d142 @A: 22 18 21 30 | 08
#1264-d142 @A: 21 32 35 23 | 04
#1265-d142 @A: 26 21 27 35 | 01
#1266-d142 @A: 05 30 21 09 | 06
#1267-d142 @A: 12 07 21 22 | 12
#1268-d142 @A: 05 16 07 18 | 05
#1269-d142 @A: 02 27 23 16 | 11
#1270-d142 @A: 16 26 27 22 | 10
#1271-d142 @A: 03 20 01 11 | 09
#1272-d142 @A: 20 02 01 24 | 07
#1273-d142 @A: 25 08 01 27 | 02
#1274-d142 @A: 01 10 06 27 | 03
#1275-d142 @A: 33 14 01 10 | 08
#1276-d142 @A: 34 01 15 18 | 04
#1277-d142 @A: 01 31 12 17 | 01
#1278-d142 @A: 01 24 11 26 | 06
#1279-d142 @A: 30 17 01 05 | 12
#1280-d142 @A: 18 25 01 28 | 05
#1281-d142 @A: 01 30 25 35 | 11
#1282-d142 @A: 01 12 07 27 | 10
#1283-d142 @A: 07 13 10 20 | 09
#1284-d142 @A: 24 13 30 20 | 07
#1285-d142 @A: 13 15 05 20 | 02
#1286-d142 @A: 04 20 13 09 | 03
#1287-d142 @A: 03 34 30 20 | 08
#1288-d142 @A: 24 14 20 31 | 04
#1289-d142 @A: 20 31 09 29 | 01
#1290-d142 @A: 20 11 15 35 | 06
#1291-d142 @A: 15 20 12 04 | 12
#1292-d142 @A: 14 04 06 20 | 05
#1293-d142 @A: 23 27 20 33 | 11
#1294-d142 @A: 23 22 25 20 | 10
#1295-d142 @A: 20 30 12 07 | 09
#1296-d142 @A: 08 03 21 18 | 07
#1297-d142 @A: 08 26 19 25 | 02
#1298-d142 @A: 23 06 29 08 | 03
#1299-d142 @A: 08 02 18 09 | 08
#1300-d142 @A: 05 18 08 26 | 04
#1301-d142 @A: 35 30 14 08 | 01
#1302-d142 @A: 28 08 09 12 | 06
#1303-d142 @A: 08 23 16 30 | 12
#1304-d142 @A: 30 08 22 02 | 05
#1305-d142 @A: 12 08 22 14 | 11
#1306-d142 @A: 10 02 13 29 | 10
#1307-d142 @A: 10 11 03 12 | 09
#1308-d142 @A: 35 17 10 03 | 07
#1309-d142 @A: 06 03 09 10 | 02
#1310-d142 @A: 31 22 10 17 | 03
#1311-d142 @A: 32 04 10 31 | 08
#1312-d142 @A: 10 19 15 11 | 04
#1313-d142 @A: 10 24 29 05 | 01
#1314-d142 @A: 15 27 10 17 | 06
#1315-d142 @A: 29 10 19 12 | 12
#1316-d142 @A: 18 10 16 19 | 05
#1317-d142 @A: 13 28 27 03 | 11
#1318-d142 @A: 21 24 13 29 | 10
#1319-d142 @A: 13 02 24 12 | 09
#1320-d142 @A: 29 25 19 13 | 07
#1321-d142 @A: 29 33 30 13 | 02
#1322-d142 @A: 30 09 13 12 | 03
#1323-d142 @A: 28 30 05 13 | 08
#1324-d142 @A: 05 13 07 27 | 04
#1325-d142 @A: 13 32 27 14 | 01
#1326-d142 @A: 13 02 16 25 | 06
#1327-d142 @A: 14 13 02 07 | 12
#1328-d142 @A: 31 03 04 26 | 05
#1329-d142 @A: 31 05 03 21 | 11
#1330-d142 @A: 15 03 11 33 | 10
#1331-d142 @A: 29 11 14 03 | 09
#1332-d142 @A: 24 28 29 03 | 07
#1333-d142 @A: 35 16 24 03 | 02
#1334-d142 @A: 21 30 15 03 | 03
#1335-d142 @A: 03 15 07 18 | 08
#1336-d142 @A: 33 03 25 17 | 04
#1337-d142 @A: 32 19 33 03 | 01
#1338-d142 @A: 29 06 03 25 | 06
#1339-d142 @A: 05 06 03 18 | 12
#1340-d142 @A: 28 12 18 03 | 05
#1341-d142 @A: 09 03 22 26 | 11
#1342-d142 @A: 30 25 23 03 | 10
#1343-d142 @A: 32 03 02 14 | 09
#1344-d142 @A: 34 31 14 17 | 07
#1345-d142 @A: 31 09 34 21 | 02
#1346-d142 @A: 34 12 33 11 | 03
#1347-d142 @A: 29 34 12 24 | 08
#1348-d142 @A: 21 34 29 15 | 04
#1349-d142 @A: 23 32 34 15 | 01
#1350-d142 @A: 09 34 18 17 | 06
#1351-d142 @A: 34 26 29 33 | 12
#1352-d142 @A: 18 26 23 34 | 05
#1353-d142 @A: 32 26 22 34 | 11
#1354-d142 @A: 31 32 21 11 | 10
#1355-d142 @A: 29 31 19 16 | 09
#1356-d142 @A: 25 31 19 18 | 07
#1357-d142 @A: 02 31 06 16 | 02
#1358-d142 @A: 33 16 35 31 | 03
#1359-d142 @A: 09 31 22 16 | 08
#1360-d142 @A: 07 25 05 31 | 04
#1361-d142 @A: 26 31 28 14 | 01
#1362-d142 @A: 31 12 14 30 | 06
#1363-d142 @A: 25 27 31 02 | 12
#1364-d142 @A: 23 24 11 29 | 05
#1365-d142 @A: 06 25 19 11 | 11
#1366-d142 @A: 26 11 23 07 | 10
#1367-d142 @A: 19 06 14 24 | 09
#1368-d142 @A: 24 35 28 05 | 07
#1369-d142 @A: 22 35 24 25 | 02
#1370-d142 @A: 09 27 24 05 | 03
#1371-d142 @A: 12 09 07 24 | 08
#1372-d142 @A: 25 05 24 30 | 04
#1373-d142 @A: 24 02 16 05 | 01
#1374-d142 @A: 12 24 25 32 | 06
#1375-d142 @A: 22 17 18 15 | 12
#1376-d142 @A: 19 15 33 25 | 05
#1377-d142 @A: 33 16 15 06 | 11
#1378-d142 @A: 25 28 29 15 | 10
#1379-d142 @A: 21 12 15 28 | 09
#1380-d142 @A: 17 33 27 09 | 07
#1381-d142 @A: 05 17 35 16 | 02
#1382-d142 @A: 19 06 16 35 | 03
#1383-d142 @A: 22 19 14 09 | 08
#1384-d142 @A: 35 16 04 26 | 04
#1385-d142 @A: 05 28 09 04 | 01
#1386-d142 @A: 07 05 22 04 | 06
#1387-d142 @A: 07 16 02 04 | 12
#1388-d142 @A: 12 27 18 06 | 05
#1389-d142 @A: 05 06 35 27 | 11
#1390-d142 @A: 05 12 28 06 | 10
#1391-d142 @A: 28 23 02 33 | 09
#1392-d142 @A: 30 33 28 25 | 07
#1393-d142 @A: 29 30 12 05 | 02
#1394-d142 @A: 05 16 32 29 | 03
#1395-d142 @A: 14 07 29 16 | 08
#1396-d142 @A: 21 07 18 14 | 04
#1397-d142 @A: 21 22 23 28 | 01
#1398-d142 @A: 27 16 25 21 | 06
#1399-d142 @A: 35 07 25 16 | 12
#1400-d142 @A: 01 07 29 20 | 05
#1401-d142 @A: 22 20 21 01 | 11
#1402-d142 @A: 22 08 01 04 | 10
#1403-d142 @A: 01 19 32 10 | 09
#1404-d142 @A: 34 33 01 03 | 07
#1405-d142 @A: 03 31 01 22 | 02
#1406-d142 @A: 28 34 24 01 | 03
#1407-d142 @A: 18 01 24 31 | 08
#1408-d142 @A: 04 35 31 01 | 04
#1409-d142 @A: 02 31 01 33 | 01
#1410-d142 @A: 31 01 28 29 | 06
#1411-d142 @A: 12 33 01 15 | 12
#1412-d142 @A: 01 15 09 14 | 05
#1413-d142 @A: 15 01 32 27 | 11
#1414-d142 @A: 19 17 28 01 | 10
#1415-d142 @A: 17 29 01 35 | 09
#1416-d142 @A: 06 29 01 16 | 07
#1417-d142 @A: 09 30 01 06 | 02
#1418-d142 @A: 25 16 01 33 | 03
#1419-d142 @A: 01 18 12 29 | 08
#1420-d142 @A: 14 34 20 08 | 04
#1421-d142 @A: 15 08 32 20 | 01
#1422-d142 @A: 20 35 10 24 | 06
#1423-d142 @A: 02 27 10 20 | 12
#1424-d142 @A: 14 20 11 13 | 05
#1425-d142 @A: 33 13 20 28 | 11
#1426-d142 @A: 34 18 20 24 | 10
#1427-d142 @A: 20 06 34 07 | 09
#1428-d142 @A: 22 20 35 05 | 07
#1429-d142 @A: 08 10 07 15 | 02
#1430-d142 @A: 23 10 08 09 | 03
#1431-d142 @A: 24 19 08 13 | 08
#1432-d142 @A: 08 27 11 03 | 04
#1433-d142 @A: 35 34 16 08 | 01
#1434-d142 @A: 08 31 11 07 | 06
#1435-d142 @A: 25 12 31 08 | 12
#1436-d142 @A: 08 15 23 24 | 05
#1437-d142 @A: 24 09 04 08 | 11
#1438-d142 @A: 22 15 08 06 | 10
#1439-d142 @A: 17 08 07 04 | 09
#1440-d142 @A: 08 25 06 05 | 07
#1441-d142 @A: 30 09 26 08 | 02
#1442-d142 @A: 05 27 22 08 | 03
#1443-d142 @A: 02 28 14 08 | 08
#1444-d142 @A: 11 10 32 30 | 04
#1445-d142 @A: 09 10 21 24 | 01
#1446-d142 @A: 10 32 21 17 | 06
#1447-d142 @A: 10 04 22 16 | 12
#1448-d142 @A: 25 06 10 33 | 05
#1449-d142 @A: 10 21 05 23 | 11
#1450-d142 @A: 18 35 07 10 | 10
#1451-d142 @A: 02 10 25 05 | 09
#1452-d142 @A: 10 26 02 07 | 07
#1453-d142 @A: 12 22 02 10 | 02
#1454-d142 @A: 09 03 13 24 | 03
#1455-d142 @A: 29 13 35 03 | 08
#1456-d142 @A: 13 11 34 04 | 04
#1457-d142 @A: 25 07 34 13 | 01
#1458-d142 @A: 32 13 15 19 | 06
#1459-d142 @A: 21 13 09 15 | 12
#1460-d142 @A: 17 04 33 13 | 05
#1461-d142 @A: 04 25 13 12 | 11
#1462-d142 @A: 13 14 05 21 | 10
#1463-d142 @A: 18 13 25 27 | 09
#1464-d142 @A: 23 35 30 13 | 07
#1465-d142 @A: 26 13 30 14 | 02
#1466-d142 @A: 34 11 26 03 | 03
#1467-d142 @A: 03 02 34 19 | 08
#1468-d142 @A: 04 03 34 22 | 04
#1469-d142 @A: 03 15 05 24 | 01
#1470-d142 @A: 03 24 21 14 | 06
#1471-d142 @A: 04 03 23 29 | 12
#1472-d142 @A: 28 35 03 30 | 05
#1473-d142 @A: 07 03 23 02 | 11
#1474-d142 @A: 27 22 03 25 | 10
#1475-d142 @A: 25 22 03 16 | 09
#1476-d142 @A: 31 07 24 34 | 07
#1477-d142 @A: 07 14 34 11 | 02
#1478-d142 @A: 17 29 34 28 | 03
#1479-d142 @A: 23 25 04 34 | 08
#1480-d142 @A: 34 33 25 05 | 04
#1481-d142 @A: 34 14 32 18 | 01
#1482-d142 @A: 27 07 34 26 | 06
#1483-d142 @A: 32 34 27 25 | 12
#1484-d142 @A: 05 11 35 31 | 05
#1485-d142 @A: 33 19 31 28 | 11
#1486-d142 @A: 02 31 04 23 | 10
#1487-d142 @A: 31 04 05 30 | 09
#1488-d142 @A: 18 31 09 28 | 07
#1489-d142 @A: 31 18 12 07 | 02
#1490-d142 @A: 28 24 33 11 | 03
#1491-d142 @A: 11 14 24 12 | 08
#1492-d142 @A: 22 17 06 11 | 04
#1493-d142 @A: 27 11 33 30 | 01
#1494-d142 @A: 18 11 32 23 | 06
#1495-d142 @A: 30 25 14 11 | 12
#1496-d142 @A: 02 11 27 22 | 05
#1497-d142 @A: 11 02 16 12 | 11
#1498-d142 @A: 24 17 15 12 | 10
#1499-d142 @A: 26 33 24 15 | 09
#1500-d142 @A: 07 15 29 24 | 07
#1501-d142 @A: 15 14 24 18 | 02
#1502-d142 @A: 24 33 19 18 | 03
#1503-d142 @A: 24 04 22 06 | 08
#1504-d142 @A: 24 07 33 21 | 04
#1505-d142 @A: 12 22 24 18 | 01
#1506-d142 @A: 26 19 15 09 | 06
#1507-d142 @A: 35 15 33 27 | 12
#1508-d142 @A: 32 25 15 18 | 05
#1509-d142 @A: 09 15 12 02 | 11
#1510-d142 @A: 05 26 16 15 | 10
#1511-d142 @A: 19 04 25 17 | 09
#1512-d142 @A: 17 04 22 21 | 07
#1513-d142 @A: 06 17 02 33 | 02
#1514-d142 @A: 17 05 27 18 | 03
#1515-d142 @A: 02 17 26 18 | 08
#1516-d142 @A: 25 17 18 12 | 04
#1517-d142 @A: 23 35 17 22 | 01
#1518-d142 @A: 09 23 17 25 | 06
#1519-d142 @A: 07 05 18 19 | 12
#1520-d142 @A: 32 19 35 22 | 05
#1521-d142 @A: 07 35 19 28 | 11
#1522-d142 @A: 09 19 27 23 | 10
#1523-d142 @A: 19 22 27 07 | 09
#1524-d142 @A: 02 04 32 18 | 07
#1525-d142 @A: 09 23 22 04 | 02
#1526-d142 @A: 07 09 14 04 | 03
#1527-d142 @A: 28 04 25 32 | 08
#1528-d142 @A: 14 04 12 28 | 04
#1529-d142 @A: 12 22 35 06 | 01
#1530-d142 @A: 23 06 28 14 | 06
#1531-d142 @A: 14 35 05 33 | 12
#1532-d142 @A: 23 26 09 33 | 05
#1533-d142 @A: 18 21 02 29 | 11
#1534-d142 @A: 29 26 12 21 | 10
#1535-d142 @A: 07 29 09 26 | 09
#1536-d142 @A: 18 21 32 28 | 07
#1537-d142 @A: 02 21 12 23 | 02
#1538-d142 @A: 22 16 18 07 | 03
#1539-d142 @A: 16 32 07 09 | 08
#1540-d142 @A: 01 08 33 26 | 04
#1541-d142 @A: 08 16 01 07 | 01
#1542-d142 @A: 10 17 01 23 | 06
#1543-d142 @A: 24 01 13 14 | 12
#1544-d142 @A: 13 01 19 18 | 05
#1545-d142 @A: 03 32 01 16 | 11
#1546-d142 @A: 16 17 34 01 | 10
#1547-d142 @A: 25 24 01 23 | 09
#1548-d142 @A: 15 21 16 01 | 07
#1549-d142 @A: 12 04 06 01 | 02
#1550-d142 @A: 33 35 01 06 | 03
#1551-d142 @A: 05 29 01 06 | 08
#1552-d142 @A: 22 09 01 35 | 04
#1553-d142 @A: 35 23 01 07 | 01
#1554-d142 @A: 28 35 01 27 | 06
#1555-d142 @A: 09 07 02 01 | 12
#1556-d142 @A: 26 01 16 30 | 05
#1557-d142 @A: 01 25 02 26 | 11
#1558-d142 @A: 12 22 01 30 | 10
#1559-d142 @A: 30 32 14 01 | 09
#1560-d142 @A: 08 28 20 29 | 07
#1561-d142 @A: 07 21 08 20 | 02
#1562-d142 @A: 34 20 32 04 | 03
#1563-d142 @A: 34 20 05 02 | 08
#1564-d142 @A: 20 26 11 19 | 04
#1565-d142 @A: 07 11 04 20 | 01
#1566-d142 @A: 27 19 20 15 | 06
#1567-d142 @A: 19 33 30 20 | 12
#1568-d142 @A: 07 06 16 20 | 05
#1569-d142 @A: 18 20 30 25 | 11
#1570-d142 @A: 09 12 27 20 | 10
#1571-d142 @A: 31 03 32 08 | 09
#1572-d142 @A: 08 03 19 17 | 07
#1573-d142 @A: 35 34 08 11 | 02
#1574-d142 @A: 08 26 31 29 | 03
#1575-d142 @A: 35 28 08 31 | 08
#1576-d142 @A: 06 02 08 11 | 04
#1577-d142 @A: 29 24 18 08 | 01
#1578-d142 @A: 15 08 29 02 | 06
#1579-d142 @A: 08 15 35 05 | 12
#1580-d142 @A: 06 19 08 07 | 05
#1581-d142 @A: 08 29 19 35 | 11
#1582-d142 @A: 21 04 25 08 | 10
#1583-d142 @A: 28 33 06 08 | 09
#1584-d142 @A: 08 27 14 23 | 07
#1585-d142 @A: 08 32 05 30 | 02
#1586-d142 @A: 03 33 10 28 | 03
#1587-d142 @A: 34 10 17 07 | 08
#1588-d142 @A: 14 10 21 34 | 04
#1589-d142 @A: 31 16 15 10 | 01
#1590-d142 @A: 10 11 06 05 | 06
#1591-d142 @A: 16 10 14 11 | 12
#1592-d142 @A: 09 10 17 19 | 05
#1593-d142 @A: 12 17 10 06 | 11
#1594-d142 @A: 32 28 35 10 | 10
#1595-d142 @A: 23 10 28 12 | 09
#1596-d142 @A: 14 32 10 23 | 07
#1597-d142 @A: 06 13 19 31 | 02
#1598-d142 @A: 13 27 24 11 | 03
#1599-d142 @A: 11 13 30 15 | 08
#1600-d142 @A: 07 29 11 13 | 04
#1601-d142 @A: 13 24 04 32 | 01
#1602-d142 @A: 12 13 29 17 | 06
#1603-d142 @A: 17 13 30 32 | 12
#1604-d142 @A: 04 05 13 06 | 05
#1605-d142 @A: 13 27 21 33 | 11
#1606-d142 @A: 05 16 13 21 | 10
#1607-d142 @A: 35 27 16 13 | 09
#1608-d142 @A: 13 07 09 23 | 07
#1609-d142 @A: 25 22 13 30 | 02
#1610-d142 @A: 32 13 22 07 | 03
#1611-d142 @A: 03 31 35 34 | 08
#1612-d142 @A: 07 21 34 03 | 04
#1613-d142 @A: 34 25 03 14 | 01
#1614-d142 @A: 29 18 31 03 | 06
#1615-d142 @A: 06 03 14 35 | 12
#1616-d142 @A: 21 02 03 26 | 05
#1617-d142 @A: 03 27 23 35 | 11
#1618-d142 @A: 03 12 05 22 | 10
#1619-d142 @A: 03 22 28 02 | 09
#1620-d142 @A: 17 06 26 34 | 07
#1621-d142 @A: 06 16 34 21 | 02
#1622-d142 @A: 29 22 34 16 | 03
#1623-d142 @A: 09 25 26 34 | 08
#1624-d142 @A: 24 26 17 31 | 04
#1625-d142 @A: 27 31 06 24 | 01
#1626-d142 @A: 16 25 24 31 | 06
#1627-d142 @A: 21 31 29 19 | 12
#1628-d142 @A: 35 02 31 19 | 05
#1629-d142 @A: 04 31 12 33 | 11
#1630-d142 @A: 14 35 25 31 | 10
#1631-d142 @A: 25 31 23 28 | 09
#1632-d142 @A: 31 26 12 27 | 07
#1633-d142 @A: 30 32 25 31 | 02
#1634-d142 @A: 31 02 07 28 | 03
#1635-d142 @A: 15 22 32 11 | 08
#1636-d142 @A: 04 11 27 19 | 04
#1637-d142 @A: 04 11 28 23 | 01
#1638-d142 @A: 11 29 26 02 | 06
#1639-d142 @A: 32 11 09 25 | 12
#1640-d142 @A: 11 05 28 26 | 05
#1641-d142 @A: 32 02 07 11 | 11
#1642-d142 @A: 12 24 35 04 | 10
#1643-d142 @A: 24 12 06 30 | 09
#1644-d142 @A: 16 30 24 18 | 07
#1645-d142 @A: 27 24 02 23 | 02
#1646-d142 @A: 17 19 15 35 | 03
#1647-d142 @A: 32 15 04 17 | 08
#1648-d142 @A: 09 15 29 17 | 04
#1649-d142 @A: 26 15 17 05 | 01
#1650-d142 @A: 04 29 05 15 | 06
#1651-d142 @A: 30 05 27 15 | 12
#1652-d142 @A: 28 26 02 15 | 05
#1653-d142 @A: 17 19 21 12 | 11
#1654-d142 @A: 23 17 18 04 | 10
#1655-d142 @A: 17 33 29 07 | 09
#1656-d142 @A: 35 12 17 26 | 07
#1657-d142 @A: 17 28 02 35 | 02
#1658-d142 @A: 32 02 09 17 | 03
#1659-d142 @A: 26 22 17 27 | 08
#1660-d142 @A: 02 27 17 30 | 04
#1661-d142 @A: 23 19 04 26 | 01
#1662-d142 @A: 23 16 19 29 | 06
#1663-d142 @A: 27 02 19 18 | 12
#1664-d142 @A: 30 19 35 09 | 05
#1665-d142 @A: 12 19 28 32 | 11
#1666-d142 @A: 32 16 25 19 | 10
#1667-d142 @A: 32 06 04 07 | 09
#1668-d142 @A: 35 09 26 04 | 07
#1669-d142 @A: 04 02 14 26 | 02
#1670-d142 @A: 28 04 07 30 | 03
#1671-d142 @A: 09 14 06 32 | 08
#1672-d142 @A: 14 27 06 22 | 04
#1673-d142 @A: 23 12 05 33 | 01
#1674-d142 @A: 33 07 25 23 | 06
#1675-d142 @A: 16 33 23 07 | 12
#1676-d142 @A: 33 26 05 22 | 05
#1677-d142 @A: 25 21 29 35 | 11
#1678-d142 @A: 23 21 09 29 | 10
#1679-d142 @A: 09 35 27 29 | 09
#1680-d142 @A: 07 29 35 12 | 07
#1681-d142 @A: 02 29 16 30 | 02
#1682-d142 @A: 22 12 29 25 | 03
#1683-d142 @A: 35 21 07 05 | 08
#1684-d142 @A: 21 02 35 22 | 04
#1685-d142 @A: 05 21 27 12 | 01
#1686-d142 @A: 14 25 21 12 | 06
#1687-d142 @A: 26 18 16 32 | 12
#1688-d142 @A: 35 30 16 14 | 05
#1689-d142 @A: 27 05 30 16 | 11
