#0001-d145 @A: 13 08 27 03 | 02
#0002-d145 @A: 25 27 23 13 | 06
#0003-d145 @A: 13 08 18 22 | 07
#0004-d145 @A: 07 15 08 13 | 11
#0005-d145 @A: 33 35 13 01 | 08
#0006-d145 @A: 25 13 01 15 | 12
#0007-d145 @A: 31 13 11 28 | 03
#0008-d145 @A: 24 16 13 11 | 04
#0009-d145 @A: 09 15 13 17 | 01
#0010-d145 @A: 26 02 20 13 | 10
#0011-d145 @A: 35 13 04 30 | 05
#0012-d145 @A: 13 22 24 14 | 09
#0013-d145 @A: 03 27 32 20 | 02
#0014-d145 @A: 19 21 27 01 | 06
#0015-d145 @A: 34 27 25 05 | 07
#0016-d145 @A: 27 28 21 05 | 11
#0017-d145 @A: 27 24 03 05 | 08
#0018-d145 @A: 33 34 21 27 | 12
#0019-d145 @A: 29 20 26 27 | 03
#0020-d145 @A: 11 21 06 27 | 04
#0021-d145 @A: 27 26 09 23 | 01
#0022-d145 @A: 09 25 20 27 | 10
#0023-d145 @A: 27 21 07 35 | 05
#0024-d145 @A: 07 27 17 31 | 09
#0025-d145 @A: 28 27 06 04 | 02
#0026-d145 @A: 30 27 31 03 | 06
#0027-d145 @A: 32 08 34 35 | 07
#0028-d145 @A: 11 18 33 08 | 11
#0029-d145 @A: 25 18 08 07 | 08
#0030-d145 @A: 08 01 14 12 | 12
#0031-d145 @A: 09 29 26 08 | 03
#0032-d145 @A: 29 14 08 19 | 04
#0033-d145 @A: 17 25 11 08 | 01
#0034-d145 @A: 08 21 28 33 | 10
#0035-d145 @A: 06 28 08 20 | 05
#0036-d145 @A: 23 04 08 19 | 09
#0037-d145 @A: 22 26 08 15 | 02
#0038-d145 @A: 02 10 21 08 | 06
#0039-d145 @A: 03 10 04 08 | 07
#0040-d145 @A: 08 22 10 35 | 11
#0041-d145 @A: 14 32 33 18 | 08
#0042-d145 @A: 31 05 07 32 | 12
#0043-d145 @A: 34 31 23 32 | 03
#0044-d145 @A: 32 12 29 19 | 04
#0045-d145 @A: 32 09 19 02 | 01
#0046-d145 @A: 32 07 21 20 | 10
#0047-d145 @A: 32 28 23 33 | 05
#0048-d145 @A: 32 24 28 02 | 09
#0049-d145 @A: 32 06 28 24 | 02
#0050-d145 @A: 24 32 26 23 | 06
#0051-d145 @A: 16 20 22 32 | 07
#0052-d145 @A: 04 19 31 32 | 11
#0053-d145 @A: 26 32 03 17 | 08
#0054-d145 @A: 22 02 32 15 | 12
#0055-d145 @A: 14 32 22 25 | 03
#0056-d145 @A: 06 31 32 12 | 04
#0057-d145 @A: 25 03 32 31 | 01
#0058-d145 @A: 18 01 12 35 | 10
#0059-d145 @A: 11 23 31 18 | 05
#0060-d145 @A: 09 31 18 16 | 09
#0061-d145 @A: 09 19 18 10 | 02
#0062-d145 @A: 07 03 18 19 | 06
#0063-d145 @A: 18 21 30 07 | 07
#0064-d145 @A: 23 18 30 26 | 11
#0065-d145 @A: 19 18 16 30 | 08
#0066-d145 @A: 02 35 18 06 | 12
#0067-d145 @A: 21 14 18 15 | 03
#0068-d145 @A: 21 10 04 18 | 04
#0069-d145 @A: 14 10 18 22 | 01
#0070-d145 @A: 01 07 09 05 | 10
#0071-d145 @A: 01 09 34 35 | 05
#0072-d145 @A: 31 02 29 01 | 09
#0073-d145 @A: 28 01 15 09 | 02
#0074-d145 @A: 03 16 01 10 | 06
#0075-d145 @A: 06 26 01 22 | 07
#0076-d145 @A: 30 12 01 02 | 11
#0077-d145 @A: 22 01 31 04 | 08
#0078-d145 @A: 33 12 05 29 | 12
#0079-d145 @A: 11 35 05 09 | 03
#0080-d145 @A: 23 05 33 02 | 04
#0081-d145 @A: 04 28 25 05 | 01
#0082-d145 @A: 16 25 14 05 | 10
#0083-d145 @A: 05 02 26 25 | 05
#0084-d145 @A: 31 35 05 06 | 09
#0085-d145 @A: 35 29 34 07 | 02
#0086-d145 @A: 21 34 29 20 | 06
#0087-d145 @A: 02 29 34 14 | 07
#0088-d145 @A: 34 10 07 11 | 11
#0089-d145 @A: 03 20 11 34 | 08
#0090-d145 @A: 34 19 28 31 | 12
#0091-d145 @A: 31 22 12 34 | 03
#0092-d145 @A: 06 12 11 29 | 04
#0093-d145 @A: 14 07 20 29 | 01
#0094-d145 @A: 04 21 29 26 | 10
#0095-d145 @A: 10 02 24 29 | 05
#0096-d145 @A: 25 12 29 02 | 09
#0097-d145 @A: 10 14 29 12 | 02
#0098-d145 @A: 29 06 22 03 | 06
#0099-d145 @A: 11 03 28 02 | 07
#0100-d145 @A: 25 16 19 11 | 11
#0101-d145 @A: 22 14 11 26 | 08
#0102-d145 @A: 21 15 04 11 | 12
#0103-d145 @A: 24 12 11 30 | 03
#0104-d145 @A: 07 02 09 33 | 04
#0105-d145 @A: 21 28 07 09 | 01
#0106-d145 @A: 06 28 35 09 | 10
#0107-d145 @A: 10 09 20 23 | 05
#0108-d145 @A: 19 12 25 09 | 09
#0109-d145 @A: 20 03 09 12 | 02
#0110-d145 @A: 09 03 25 30 | 06
#0111-d145 @A: 09 06 17 22 | 07
#0112-d145 @A: 07 24 06 33 | 11
#0113-d145 @A: 07 19 28 10 | 08
#0114-d145 @A: 07 19 25 22 | 12
#0115-d145 @A: 20 07 12 25 | 03
#0116-d145 @A: 04 07 02 24 | 04
#0117-d145 @A: 31 21 02 07 | 01
#0118-d145 @A: 21 15 07 22 | 10
#0119-d145 @A: 33 21 31 15 | 05
#0120-d145 @A: 35 10 33 12 | 09
#0121-d145 @A: 12 33 21 03 | 02
#0122-d145 @A: 16 15 19 23 | 06
#0123-d145 @A: 30 20 23 16 | 07
#0124-d145 @A: 23 21 30 12 | 11
#0125-d145 @A: 03 25 22 16 | 08
#0126-d145 @A: 20 30 12 19 | 12
#0127-d145 @A: 31 25 26 19 | 03
#0128-d145 @A: 15 03 19 17 | 04
#0129-d145 @A: 04 17 25 19 | 01
#0130-d145 @A: 20 12 15 35 | 10
#0131-d145 @A: 21 25 20 24 | 05
#0132-d145 @A: 06 26 10 21 | 09
#0133-d145 @A: 13 27 09 07 | 02
#0134-d145 @A: 19 27 13 31 | 06
#0135-d145 @A: 04 08 13 01 | 07
#0136-d145 @A: 08 21 29 13 | 11
#0137-d145 @A: 30 13 19 08 | 08
#0138-d145 @A: 32 14 01 13 | 12
#0139-d145 @A: 32 13 03 11 | 03
#0140-d145 @A: 25 13 32 09 | 04
#0141-d145 @A: 15 05 13 35 | 01
#0142-d145 @A: 14 33 34 13 | 10
#0143-d145 @A: 13 29 07 16 | 05
#0144-d145 @A: 17 24 29 13 | 09
#0145-d145 @A: 03 09 16 13 | 02
#0146-d145 @A: 19 02 07 13 | 06
#0147-d145 @A: 13 07 31 10 | 07
#0148-d145 @A: 06 13 19 23 | 11
#0149-d145 @A: 22 15 31 13 | 08
#0150-d145 @A: 12 21 24 13 | 12
#0151-d145 @A: 32 02 11 27 | 03
#0152-d145 @A: 23 11 01 27 | 04
#0153-d145 @A: 06 27 19 01 | 01
#0154-d145 @A: 07 27 05 29 | 10
#0155-d145 @A: 27 23 31 05 | 05
#0156-d145 @A: 06 26 27 05 | 09
#0157-d145 @A: 34 17 27 11 | 02
#0158-d145 @A: 16 22 29 27 | 06
#0159-d145 @A: 27 33 35 09 | 07
#0160-d145 @A: 27 07 16 03 | 11
#0161-d145 @A: 15 16 27 31 | 08
#0162-d145 @A: 12 03 27 02 | 12
#0163-d145 @A: 08 21 05 32 | 03
#0164-d145 @A: 23 08 11 32 | 04
#0165-d145 @A: 20 19 32 08 | 01
#0166-d145 @A: 23 01 08 03 | 10
#0167-d145 @A: 08 01 26 20 | 05
#0168-d145 @A: 08 05 29 02 | 09
#0169-d145 @A: 09 08 05 10 | 02
#0170-d145 @A: 11 08 30 29 | 06
#0171-d145 @A: 08 06 23 29 | 07
#0172-d145 @A: 23 08 24 09 | 11
#0173-d145 @A: 08 22 09 19 | 08
#0174-d145 @A: 33 08 14 06 | 12
#0175-d145 @A: 28 04 16 08 | 03
#0176-d145 @A: 20 23 08 21 | 04
#0177-d145 @A: 16 31 08 22 | 01
#0178-d145 @A: 15 08 24 20 | 10
#0179-d145 @A: 26 03 21 08 | 05
#0180-d145 @A: 21 04 24 08 | 09
#0181-d145 @A: 22 21 25 08 | 02
#0182-d145 @A: 03 24 08 17 | 06
#0183-d145 @A: 23 18 32 06 | 07
#0184-d145 @A: 32 11 05 10 | 11
#0185-d145 @A: 29 32 09 33 | 08
#0186-d145 @A: 06 26 32 33 | 12
#0187-d145 @A: 33 25 32 30 | 03
#0188-d145 @A: 06 32 02 04 | 04
#0189-d145 @A: 30 02 32 14 | 01
#0190-d145 @A: 31 15 32 14 | 10
#0191-d145 @A: 07 18 05 14 | 05
#0192-d145 @A: 34 09 18 12 | 09
#0193-d145 @A: 34 18 20 24 | 02
#0194-d145 @A: 06 04 34 18 | 06
#0195-d145 @A: 18 31 19 29 | 07
#0196-d145 @A: 09 18 07 22 | 11
#0197-d145 @A: 33 19 18 25 | 08
#0198-d145 @A: 18 20 28 02 | 12
#0199-d145 @A: 25 18 28 03 | 03
#0200-d145 @A: 25 30 24 18 | 04
#0201-d145 @A: 34 10 01 28 | 01
#0202-d145 @A: 31 01 09 26 | 10
#0203-d145 @A: 01 09 02 24 | 05
#0204-d145 @A: 01 20 33 02 | 09
#0205-d145 @A: 28 22 23 01 | 02
#0206-d145 @A: 20 01 12 28 | 06
#0207-d145 @A: 01 16 23 35 | 07
#0208-d145 @A: 01 17 26 24 | 11
#0209-d145 @A: 31 05 11 34 | 08
#0210-d145 @A: 05 23 26 29 | 12
#0211-d145 @A: 19 05 11 03 | 03
#0212-d145 @A: 09 04 05 21 | 04
#0213-d145 @A: 05 19 33 31 | 01
#0214-d145 @A: 15 17 05 02 | 10
#0215-d145 @A: 03 12 05 25 | 05
#0216-d145 @A: 34 16 17 29 | 09
#0217-d145 @A: 33 28 34 11 | 02
#0218-d145 @A: 14 34 16 11 | 06
#0219-d145 @A: 30 34 04 11 | 07
#0220-d145 @A: 20 30 07 34 | 11
#0221-d145 @A: 04 22 34 28 | 08
#0222-d145 @A: 19 30 23 34 | 12
#0223-d145 @A: 14 10 34 23 | 03
#0224-d145 @A: 04 17 15 34 | 04
#0225-d145 @A: 15 34 24 14 | 01
#0226-d145 @A: 30 34 03 17 | 10
#0227-d145 @A: 34 24 17 31 | 05
#0228-d145 @A: 21 29 33 11 | 09
#0229-d145 @A: 28 10 29 23 | 02
#0230-d145 @A: 19 24 28 29 | 06
#0231-d145 @A: 23 02 19 29 | 07
#0232-d145 @A: 19 06 11 09 | 11
#0233-d145 @A: 07 22 33 11 | 08
#0234-d145 @A: 30 16 17 11 | 12
#0235-d145 @A: 11 26 03 24 | 03
#0236-d145 @A: 11 17 22 02 | 04
#0237-d145 @A: 10 17 11 15 | 01
#0238-d145 @A: 11 03 10 14 | 10
#0239-d145 @A: 25 03 06 11 | 05
#0240-d145 @A: 33 26 19 09 | 09
#0241-d145 @A: 35 10 28 09 | 02
#0242-d145 @A: 19 16 24 09 | 06
#0243-d145 @A: 30 26 22 09 | 07
#0244-d145 @A: 04 30 09 15 | 11
#0245-d145 @A: 17 14 09 25 | 08
#0246-d145 @A: 28 25 07 06 | 12
#0247-d145 @A: 07 31 16 19 | 03
#0248-d145 @A: 12 07 31 26 | 04
#0249-d145 @A: 35 02 07 17 | 01
#0250-d145 @A: 07 04 12 35 | 10
#0251-d145 @A: 24 07 25 14 | 05
#0252-d145 @A: 10 06 07 22 | 09
#0253-d145 @A: 28 33 15 16 | 02
#0254-d145 @A: 12 19 33 28 | 06
#0255-d145 @A: 33 25 21 06 | 07
#0256-d145 @A: 14 16 28 20 | 11
#0257-d145 @A: 28 17 21 19 | 08
#0258-d145 @A: 22 21 28 26 | 12
#0259-d145 @A: 28 12 24 26 | 03
#0260-d145 @A: 04 06 21 23 | 04
#0261-d145 @A: 16 03 15 24 | 01
#0262-d145 @A: 04 14 16 03 | 10
#0263-d145 @A: 25 31 04 16 | 05
#0264-d145 @A: 12 30 25 16 | 09
#0265-d145 @A: 16 03 21 31 | 02
#0266-d145 @A: 14 19 31 22 | 06
#0267-d145 @A: 21 30 03 20 | 07
#0268-d145 @A: 26 35 15 06 | 11
#0269-d145 @A: 24 10 35 06 | 08
#0270-d145 @A: 29 01 13 27 | 12
#0271-d145 @A: 13 35 34 27 | 03
#0272-d145 @A: 08 33 13 09 | 04
#0273-d145 @A: 25 08 35 13 | 01
#0274-d145 @A: 08 12 13 31 | 10
#0275-d145 @A: 32 15 34 13 | 05
#0276-d145 @A: 13 05 01 16 | 09
#0277-d145 @A: 17 13 12 01 | 02
#0278-d145 @A: 13 34 03 07 | 06
#0279-d145 @A: 13 09 21 35 | 07
#0280-d145 @A: 23 07 13 21 | 11
#0281-d145 @A: 13 20 07 22 | 08
#0282-d145 @A: 31 20 33 13 | 12
#0283-d145 @A: 13 33 25 24 | 03
#0284-d145 @A: 30 10 26 13 | 04
#0285-d145 @A: 24 15 13 02 | 01
#0286-d145 @A: 31 04 13 02 | 10
#0287-d145 @A: 02 22 03 13 | 05
#0288-d145 @A: 04 13 06 24 | 09
#0289-d145 @A: 13 04 17 03 | 02
#0290-d145 @A: 13 35 03 31 | 06
#0291-d145 @A: 02 27 18 08 | 07
#0292-d145 @A: 27 06 08 24 | 11
#0293-d145 @A: 22 35 32 27 | 08
#0294-d145 @A: 18 27 05 10 | 12
#0295-d145 @A: 02 27 16 01 | 03
#0296-d145 @A: 09 31 34 27 | 04
#0297-d145 @A: 34 27 22 07 | 01
#0298-d145 @A: 34 02 27 23 | 10
#0299-d145 @A: 28 27 29 31 | 05
#0300-d145 @A: 27 06 30 29 | 09
#0301-d145 @A: 25 27 33 11 | 02
#0302-d145 @A: 21 11 27 20 | 06
#0303-d145 @A: 27 09 19 30 | 07
#0304-d145 @A: 26 33 07 27 | 11
#0305-d145 @A: 33 19 27 24 | 08
#0306-d145 @A: 14 20 27 23 | 12
#0307-d145 @A: 14 27 02 24 | 03
#0308-d145 @A: 03 15 27 35 | 04
#0309-d145 @A: 35 27 24 30 | 01
#0310-d145 @A: 17 27 22 24 | 10
#0311-d145 @A: 10 32 08 12 | 05
#0312-d145 @A: 18 16 21 08 | 09
#0313-d145 @A: 33 08 01 07 | 02
#0314-d145 @A: 23 35 05 08 | 06
#0315-d145 @A: 28 15 11 08 | 07
#0316-d145 @A: 12 08 20 11 | 11
#0317-d145 @A: 28 31 07 08 | 08
#0318-d145 @A: 33 10 25 08 | 12
#0319-d145 @A: 22 03 33 08 | 03
#0320-d145 @A: 08 25 23 14 | 04
#0321-d145 @A: 35 14 08 24 | 01
#0322-d145 @A: 31 30 08 25 | 10
#0323-d145 @A: 18 17 32 07 | 05
#0324-d145 @A: 16 03 32 18 | 09
#0325-d145 @A: 22 32 19 18 | 02
#0326-d145 @A: 32 20 25 01 | 06
#0327-d145 @A: 20 12 32 34 | 07
#0328-d145 @A: 33 11 24 32 | 11
#0329-d145 @A: 35 16 32 11 | 08
#0330-d145 @A: 16 31 33 32 | 12
#0331-d145 @A: 32 14 26 12 | 03
#0332-d145 @A: 30 32 35 26 | 04
#0333-d145 @A: 30 32 17 31 | 01
#0334-d145 @A: 05 01 18 03 | 10
#0335-d145 @A: 01 07 06 18 | 05
#0336-d145 @A: 26 05 20 18 | 09
#0337-d145 @A: 29 25 18 16 | 02
#0338-d145 @A: 18 11 28 06 | 06
#0339-d145 @A: 11 19 20 18 | 07
#0340-d145 @A: 18 11 14 24 | 11
#0341-d145 @A: 28 30 22 18 | 08
#0342-d145 @A: 16 18 15 22 | 12
#0343-d145 @A: 18 19 06 35 | 03
#0344-d145 @A: 30 18 04 02 | 04
#0345-d145 @A: 01 05 28 24 | 01
#0346-d145 @A: 17 19 01 29 | 10
#0347-d145 @A: 01 19 11 12 | 05
#0348-d145 @A: 01 04 33 12 | 09
#0349-d145 @A: 20 16 19 01 | 02
#0350-d145 @A: 12 28 05 34 | 06
#0351-d145 @A: 30 05 11 33 | 07
#0352-d145 @A: 33 05 09 14 | 11
#0353-d145 @A: 19 20 05 09 | 08
#0354-d145 @A: 30 05 07 16 | 12
#0355-d145 @A: 28 06 05 03 | 03
#0356-d145 @A: 10 05 26 04 | 04
#0357-d145 @A: 26 03 05 30 | 01
#0358-d145 @A: 05 24 35 02 | 10
#0359-d145 @A: 05 14 30 24 | 05
#0360-d145 @A: 21 10 05 24 | 09
#0361-d145 @A: 25 22 05 30 | 02
#0362-d145 @A: 03 34 33 09 | 06
#0363-d145 @A: 28 34 25 09 | 07
#0364-d145 @A: 23 22 34 09 | 11
#0365-d145 @A: 07 26 21 34 | 08
#0366-d145 @A: 34 28 20 17 | 12
#0367-d145 @A: 26 20 23 34 | 03
#0368-d145 @A: 31 15 02 34 | 04
#0369-d145 @A: 10 34 22 15 | 01
#0370-d145 @A: 34 35 03 10 | 10
#0371-d145 @A: 06 03 34 10 | 05
#0372-d145 @A: 25 30 21 34 | 09
#0373-d145 @A: 31 06 30 34 | 02
#0374-d145 @A: 34 12 03 24 | 06
#0375-d145 @A: 29 09 04 17 | 07
#0376-d145 @A: 23 20 29 17 | 11
#0377-d145 @A: 30 02 22 29 | 08
#0378-d145 @A: 29 30 15 24 | 12
#0379-d145 @A: 29 06 14 04 | 03
#0380-d145 @A: 17 30 25 29 | 04
#0381-d145 @A: 11 04 07 23 | 01
#0382-d145 @A: 26 11 07 20 | 10
#0383-d145 @A: 12 11 22 28 | 05
#0384-d145 @A: 11 23 03 30 | 09
#0385-d145 @A: 06 16 35 11 | 02
#0386-d145 @A: 04 31 24 11 | 06
#0387-d145 @A: 24 11 10 22 | 07
#0388-d145 @A: 21 17 24 11 | 11
#0389-d145 @A: 20 09 28 26 | 08
#0390-d145 @A: 09 23 06 16 | 12
#0391-d145 @A: 10 09 02 30 | 03
#0392-d145 @A: 09 35 30 14 | 04
#0393-d145 @A: 21 31 09 30 | 01
#0394-d145 @A: 09 35 17 12 | 10
#0395-d145 @A: 07 16 15 35 | 05
#0396-d145 @A: 06 26 03 07 | 09
#0397-d145 @A: 14 02 07 06 | 02
#0398-d145 @A: 04 14 07 22 | 06
#0399-d145 @A: 24 10 35 07 | 07
#0400-d145 @A: 28 03 33 24 | 11
#0401-d145 @A: 14 33 15 22 | 08
#0402-d145 @A: 22 33 10 21 | 12
#0403-d145 @A: 30 06 23 28 | 03
#0404-d145 @A: 20 21 15 28 | 04
#0405-d145 @A: 15 04 24 28 | 01
#0406-d145 @A: 22 15 25 28 | 10
#0407-d145 @A: 17 35 14 28 | 05
#0408-d145 @A: 28 17 06 10 | 09
#0409-d145 @A: 28 31 22 06 | 02
#0410-d145 @A: 24 28 25 17 | 06
#0411-d145 @A: 02 25 21 23 | 07
#0412-d145 @A: 04 24 30 23 | 11
#0413-d145 @A: 02 16 26 22 | 08
#0414-d145 @A: 26 30 16 14 | 12
#0415-d145 @A: 02 16 03 30 | 03
#0416-d145 @A: 04 16 22 12 | 04
#0417-d145 @A: 30 16 21 06 | 01
#0418-d145 @A: 19 03 20 10 | 10
#0419-d145 @A: 02 06 26 19 | 05
#0420-d145 @A: 35 21 19 30 | 09
#0421-d145 @A: 22 35 19 03 | 02
#0422-d145 @A: 20 02 35 10 | 06
#0423-d145 @A: 12 20 02 17 | 07
#0424-d145 @A: 35 20 03 14 | 11
#0425-d145 @A: 20 12 31 10 | 08
#0426-d145 @A: 20 31 22 30 | 12
#0427-d145 @A: 31 13 34 18 | 03
#0428-d145 @A: 06 33 13 18 | 04
#0429-d145 @A: 13 02 11 01 | 01
#0430-d145 @A: 21 06 13 01 | 10
#0431-d145 @A: 30 34 09 13 | 05
#0432-d145 @A: 33 11 13 15 | 09
#0433-d145 @A: 20 13 23 12 | 02
#0434-d145 @A: 23 15 30 13 | 06
#0435-d145 @A: 13 16 21 25 | 07
#0436-d145 @A: 19 13 03 26 | 11
#0437-d145 @A: 14 26 13 17 | 08
#0438-d145 @A: 13 02 25 30 | 12
#0439-d145 @A: 04 13 21 22 | 03
#0440-d145 @A: 22 01 08 27 | 04
#0441-d145 @A: 27 05 08 17 | 01
#0442-d145 @A: 34 04 08 27 | 10
#0443-d145 @A: 08 27 28 10 | 05
#0444-d145 @A: 32 27 21 23 | 09
#0445-d145 @A: 27 33 03 18 | 02
#0446-d145 @A: 31 01 24 27 | 06
#0447-d145 @A: 33 15 27 05 | 07
#0448-d145 @A: 06 34 27 07 | 11
#0449-d145 @A: 10 20 27 34 | 08
#0450-d145 @A: 12 27 14 34 | 12
#0451-d145 @A: 31 27 23 06 | 03
#0452-d145 @A: 06 16 27 22 | 04
#0453-d145 @A: 32 31 08 09 | 01
#0454-d145 @A: 32 15 04 08 | 10
#0455-d145 @A: 17 01 08 18 | 05
#0456-d145 @A: 14 08 34 18 | 09
#0457-d145 @A: 18 08 10 29 | 02
#0458-d145 @A: 09 08 18 03 | 06
#0459-d145 @A: 08 18 26 31 | 07
#0460-d145 @A: 02 05 08 06 | 11
#0461-d145 @A: 29 08 07 12 | 08
#0462-d145 @A: 11 31 02 08 | 12
#0463-d145 @A: 07 08 17 26 | 03
#0464-d145 @A: 03 08 14 07 | 04
#0465-d145 @A: 08 25 20 28 | 01
#0466-d145 @A: 08 06 10 25 | 10
#0467-d145 @A: 32 11 18 34 | 05
#0468-d145 @A: 04 05 01 32 | 09
#0469-d145 @A: 03 32 05 09 | 02
#0470-d145 @A: 33 35 32 05 | 06
#0471-d145 @A: 26 32 19 05 | 07
#0472-d145 @A: 09 32 34 06 | 11
#0473-d145 @A: 25 34 19 32 | 08
#0474-d145 @A: 07 25 32 11 | 12
#0475-d145 @A: 32 11 22 21 | 03
#0476-d145 @A: 10 19 23 32 | 04
#0477-d145 @A: 04 14 32 20 | 01
#0478-d145 @A: 21 12 02 32 | 10
#0479-d145 @A: 20 18 29 12 | 05
#0480-d145 @A: 22 18 23 02 | 09
#0481-d145 @A: 23 18 25 10 | 02
#0482-d145 @A: 14 17 20 18 | 06
#0483-d145 @A: 18 24 04 17 | 07
#0484-d145 @A: 06 29 05 01 | 11
#0485-d145 @A: 34 12 01 07 | 08
#0486-d145 @A: 33 01 30 34 | 12
#0487-d145 @A: 29 09 16 01 | 03
#0488-d145 @A: 22 01 16 11 | 04
#0489-d145 @A: 16 28 01 17 | 01
#0490-d145 @A: 01 21 15 02 | 10
#0491-d145 @A: 31 01 21 10 | 05
#0492-d145 @A: 31 30 01 35 | 09
#0493-d145 @A: 03 01 22 30 | 02
#0494-d145 @A: 05 17 34 07 | 06
#0495-d145 @A: 34 05 26 14 | 07
#0496-d145 @A: 06 12 05 34 | 11
#0497-d145 @A: 29 05 09 22 | 08
#0498-d145 @A: 15 29 05 19 | 12
#0499-d145 @A: 20 05 04 11 | 03
#0500-d145 @A: 35 05 03 07 | 04
#0501-d145 @A: 20 22 05 23 | 01
#0502-d145 @A: 20 23 05 06 | 10
#0503-d145 @A: 21 03 02 05 | 05
#0504-d145 @A: 31 04 30 05 | 09
#0505-d145 @A: 35 34 23 11 | 02
#0506-d145 @A: 21 12 34 11 | 06
#0507-d145 @A: 16 26 34 09 | 07
#0508-d145 @A: 33 02 34 22 | 11
#0509-d145 @A: 24 16 23 34 | 08
#0510-d145 @A: 34 23 06 22 | 12
#0511-d145 @A: 20 34 25 16 | 03
#0512-d145 @A: 34 17 06 35 | 04
#0513-d145 @A: 31 11 07 29 | 01
#0514-d145 @A: 20 02 29 11 | 10
#0515-d145 @A: 29 26 12 30 | 05
#0516-d145 @A: 11 31 19 09 | 09
#0517-d145 @A: 20 11 14 33 | 02
#0518-d145 @A: 28 25 26 11 | 06
#0519-d145 @A: 24 19 15 11 | 07
#0520-d145 @A: 15 31 03 11 | 11
#0521-d145 @A: 11 04 17 14 | 08
#0522-d145 @A: 11 04 35 22 | 12
#0523-d145 @A: 30 14 11 25 | 03
#0524-d145 @A: 02 16 09 35 | 04
#0525-d145 @A: 04 09 10 24 | 01
#0526-d145 @A: 09 14 24 12 | 10
#0527-d145 @A: 14 09 31 03 | 05
#0528-d145 @A: 14 15 07 02 | 09
#0529-d145 @A: 07 10 17 04 | 02
#0530-d145 @A: 30 07 35 22 | 06
#0531-d145 @A: 07 31 35 25 | 07
#0532-d145 @A: 15 33 02 30 | 11
#0533-d145 @A: 15 03 33 25 | 08
#0534-d145 @A: 31 24 35 33 | 12
#0535-d145 @A: 06 31 03 33 | 03
#0536-d145 @A: 28 21 23 31 | 04
#0537-d145 @A: 28 16 02 19 | 01
#0538-d145 @A: 03 28 12 17 | 10
#0539-d145 @A: 25 15 06 23 | 05
#0540-d145 @A: 23 22 30 14 | 09
#0541-d145 @A: 23 03 14 12 | 02
#0542-d145 @A: 30 35 23 10 | 06
#0543-d145 @A: 10 31 03 23 | 07
#0544-d145 @A: 22 23 35 12 | 11
#0545-d145 @A: 16 12 02 15 | 08
#0546-d145 @A: 30 16 10 22 | 12
#0547-d145 @A: 26 04 19 30 | 03
#0548-d145 @A: 12 19 04 02 | 04
#0549-d145 @A: 19 17 24 02 | 01
#0550-d145 @A: 04 03 19 21 | 10
#0551-d145 @A: 19 21 14 06 | 05
#0552-d145 @A: 04 35 20 26 | 09
#0553-d145 @A: 20 03 22 04 | 02
#0554-d145 @A: 12 22 14 20 | 06
#0555-d145 @A: 25 30 20 35 | 07
#0556-d145 @A: 13 10 16 08 | 11
#0557-d145 @A: 32 16 17 13 | 08
#0558-d145 @A: 20 32 13 10 | 12
#0559-d145 @A: 07 24 13 18 | 03
#0560-d145 @A: 35 10 18 13 | 04
#0561-d145 @A: 10 09 01 13 | 01
#0562-d145 @A: 01 28 21 13 | 10
#0563-d145 @A: 19 13 34 12 | 05
#0564-d145 @A: 04 34 20 13 | 09
#0565-d145 @A: 29 28 15 13 | 02
#0566-d145 @A: 19 20 29 13 | 06
#0567-d145 @A: 33 13 23 22 | 07
#0568-d145 @A: 15 20 13 16 | 11
#0569-d145 @A: 13 21 17 30 | 08
#0570-d145 @A: 11 08 35 27 | 12
#0571-d145 @A: 33 27 08 14 | 03
#0572-d145 @A: 23 30 08 27 | 04
#0573-d145 @A: 12 27 08 19 | 01
#0574-d145 @A: 31 18 32 27 | 10
#0575-d145 @A: 27 14 18 09 | 05
#0576-d145 @A: 03 18 06 27 | 09
#0577-d145 @A: 26 01 27 28 | 02
#0578-d145 @A: 14 27 22 05 | 06
#0579-d145 @A: 12 27 29 24 | 07
#0580-d145 @A: 09 11 27 24 | 11
#0581-d145 @A: 27 04 03 11 | 08
#0582-d145 @A: 23 27 12 07 | 12
#0583-d145 @A: 27 25 02 07 | 03
#0584-d145 @A: 28 02 27 33 | 04
#0585-d145 @A: 23 28 17 27 | 01
#0586-d145 @A: 16 10 27 23 | 10
#0587-d145 @A: 24 26 15 27 | 05
#0588-d145 @A: 35 27 26 10 | 09
#0589-d145 @A: 17 21 02 27 | 02
#0590-d145 @A: 30 21 22 27 | 06
#0591-d145 @A: 18 32 08 28 | 07
#0592-d145 @A: 22 32 08 07 | 11
#0593-d145 @A: 34 21 01 08 | 08
#0594-d145 @A: 05 22 08 11 | 12
#0595-d145 @A: 31 08 03 05 | 03
#0596-d145 @A: 31 29 08 34 | 04
#0597-d145 @A: 03 20 29 08 | 01
#0598-d145 @A: 11 08 19 26 | 10
#0599-d145 @A: 33 08 19 02 | 05
#0600-d145 @A: 08 12 04 30 | 09
#0601-d145 @A: 04 35 08 17 | 02
#0602-d145 @A: 08 14 21 30 | 06
#0603-d145 @A: 08 24 22 30 | 07
#0604-d145 @A: 22 06 12 08 | 11
#0605-d145 @A: 17 01 34 32 | 08
#0606-d145 @A: 23 05 32 30 | 12
#0607-d145 @A: 14 32 29 23 | 03
#0608-d145 @A: 32 09 04 16 | 04
#0609-d145 @A: 16 07 32 26 | 01
#0610-d145 @A: 19 32 30 07 | 10
#0611-d145 @A: 20 32 31 28 | 05
#0612-d145 @A: 19 16 21 32 | 09
#0613-d145 @A: 04 17 21 32 | 02
#0614-d145 @A: 18 02 19 01 | 06
#0615-d145 @A: 05 02 11 18 | 07
#0616-d145 @A: 05 18 09 17 | 11
#0617-d145 @A: 18 05 24 16 | 08
#0618-d145 @A: 30 05 06 18 | 12
#0619-d145 @A: 35 18 22 05 | 03
#0620-d145 @A: 09 21 33 18 | 04
#0621-d145 @A: 09 12 18 06 | 01
#0622-d145 @A: 24 26 22 18 | 10
#0623-d145 @A: 18 14 31 35 | 05
#0624-d145 @A: 06 31 18 10 | 09
#0625-d145 @A: 17 22 18 31 | 02
#0626-d145 @A: 33 05 22 01 | 06
#0627-d145 @A: 23 29 01 30 | 07
#0628-d145 @A: 01 06 31 29 | 11
#0629-d145 @A: 03 01 28 07 | 08
#0630-d145 @A: 01 20 35 07 | 12
#0631-d145 @A: 10 23 33 01 | 03
#0632-d145 @A: 01 26 03 12 | 04
#0633-d145 @A: 12 15 01 31 | 01
#0634-d145 @A: 01 10 14 04 | 10
#0635-d145 @A: 25 14 21 01 | 05
#0636-d145 @A: 21 30 24 01 | 09
#0637-d145 @A: 21 22 17 01 | 02
#0638-d145 @A: 22 05 19 34 | 06
#0639-d145 @A: 15 05 20 34 | 07
#0640-d145 @A: 05 11 25 29 | 11
#0641-d145 @A: 33 21 05 07 | 08
#0642-d145 @A: 15 07 05 26 | 12
#0643-d145 @A: 05 16 17 33 | 03
#0644-d145 @A: 05 23 04 16 | 04
#0645-d145 @A: 23 03 05 17 | 01
#0646-d145 @A: 22 05 02 31 | 10
#0647-d145 @A: 05 24 15 22 | 05
#0648-d145 @A: 31 05 35 10 | 09
#0649-d145 @A: 05 17 35 30 | 02
#0650-d145 @A: 34 29 11 22 | 06
#0651-d145 @A: 23 34 29 12 | 07
#0652-d145 @A: 33 26 25 34 | 11
#0653-d145 @A: 30 15 16 34 | 08
#0654-d145 @A: 31 20 35 34 | 12
#0655-d145 @A: 26 34 04 24 | 03
#0656-d145 @A: 34 17 26 22 | 04
#0657-d145 @A: 10 34 24 25 | 01
#0658-d145 @A: 30 35 12 34 | 10
#0659-d145 @A: 28 29 09 11 | 05
#0660-d145 @A: 29 03 09 23 | 09
#0661-d145 @A: 20 29 31 09 | 02
#0662-d145 @A: 29 30 28 20 | 06
#0663-d145 @A: 04 12 29 28 | 07
#0664-d145 @A: 29 14 03 28 | 11
#0665-d145 @A: 16 23 31 29 | 08
#0666-d145 @A: 29 04 16 02 | 12
#0667-d145 @A: 31 26 29 15 | 03
#0668-d145 @A: 15 29 04 22 | 04
#0669-d145 @A: 12 15 17 29 | 01
#0670-d145 @A: 14 22 17 29 | 10
#0671-d145 @A: 10 17 29 21 | 05
#0672-d145 @A: 11 19 33 35 | 09
#0673-d145 @A: 11 10 12 04 | 02
#0674-d145 @A: 09 12 16 07 | 06
#0675-d145 @A: 15 09 33 10 | 07
#0676-d145 @A: 21 09 20 16 | 11
#0677-d145 @A: 12 09 21 15 | 08
#0678-d145 @A: 09 04 35 25 | 12
#0679-d145 @A: 33 30 07 24 | 03
#0680-d145 @A: 07 21 16 14 | 04
#0681-d145 @A: 15 25 04 07 | 01
#0682-d145 @A: 25 30 07 10 | 10
#0683-d145 @A: 10 21 07 12 | 05
#0684-d145 @A: 21 24 07 03 | 09
#0685-d145 @A: 06 33 12 28 | 02
#0686-d145 @A: 33 03 23 16 | 06
#0687-d145 @A: 24 33 23 12 | 07
#0688-d145 @A: 33 16 20 24 | 11
#0689-d145 @A: 33 04 03 26 | 08
#0690-d145 @A: 03 33 14 02 | 12
#0691-d145 @A: 24 33 14 04 | 03
#0692-d145 @A: 03 10 17 33 | 04
#0693-d145 @A: 12 33 17 30 | 01
#0694-d145 @A: 12 23 02 28 | 10
#0695-d145 @A: 14 28 10 25 | 05
#0696-d145 @A: 21 28 25 12 | 09
#0697-d145 @A: 23 26 06 17 | 02
#0698-d145 @A: 10 26 16 12 | 06
#0699-d145 @A: 16 17 14 02 | 07
#0700-d145 @A: 31 02 24 16 | 11
#0701-d145 @A: 15 04 10 16 | 08
#0702-d145 @A: 14 10 24 16 | 12
#0703-d145 @A: 14 16 35 22 | 03
#0704-d145 @A: 12 35 26 19 | 04
#0705-d145 @A: 15 02 19 35 | 01
#0706-d145 @A: 10 02 19 14 | 10
#0707-d145 @A: 20 12 24 04 | 05
#0708-d145 @A: 06 14 26 31 | 09
#0709-d145 @A: 21 02 06 12 | 02
#0710-d145 @A: 15 12 06 04 | 06
#0711-d145 @A: 27 21 18 13 | 07
#0712-d145 @A: 27 20 13 24 | 11
#0713-d145 @A: 01 34 24 13 | 08
#0714-d145 @A: 01 19 13 22 | 12
#0715-d145 @A: 05 29 13 30 | 03
#0716-d145 @A: 13 04 23 29 | 04
#0717-d145 @A: 29 22 13 26 | 01
#0718-d145 @A: 11 23 13 09 | 10
#0719-d145 @A: 20 30 11 13 | 05
#0720-d145 @A: 33 07 13 12 | 09
#0721-d145 @A: 28 13 03 23 | 02
#0722-d145 @A: 25 28 19 13 | 06
#0723-d145 @A: 28 35 13 20 | 07
#0724-d145 @A: 19 35 16 13 | 11
#0725-d145 @A: 25 13 06 16 | 08
#0726-d145 @A: 14 13 21 02 | 12
#0727-d145 @A: 29 27 15 08 | 03
#0728-d145 @A: 08 24 27 07 | 04
#0729-d145 @A: 25 18 01 27 | 01
#0730-d145 @A: 20 22 18 27 | 10
#0731-d145 @A: 27 09 12 01 | 05
#0732-d145 @A: 11 27 31 12 | 09
#0733-d145 @A: 22 28 19 27 | 02
#0734-d145 @A: 20 27 04 28 | 06
#0735-d145 @A: 25 26 27 30 | 07
#0736-d145 @A: 14 25 27 15 | 11
#0737-d145 @A: 14 27 12 06 | 08
#0738-d145 @A: 16 01 30 08 | 12
#0739-d145 @A: 05 25 19 08 | 03
#0740-d145 @A: 24 34 08 11 | 04
#0741-d145 @A: 34 33 15 08 | 01
#0742-d145 @A: 15 16 08 09 | 10
#0743-d145 @A: 08 02 09 14 | 05
#0744-d145 @A: 33 16 35 08 | 09
#0745-d145 @A: 33 12 08 26 | 02
#0746-d145 @A: 08 19 16 17 | 06
#0747-d145 @A: 16 08 06 17 | 07
#0748-d145 @A: 08 02 24 26 | 11
#0749-d145 @A: 26 04 08 25 | 08
#0750-d145 @A: 30 04 08 06 | 12
#0751-d145 @A: 06 03 08 35 | 03
#0752-d145 @A: 10 32 01 18 | 04
#0753-d145 @A: 02 32 01 07 | 01
#0754-d145 @A: 01 23 15 32 | 10
#0755-d145 @A: 01 32 19 35 | 05
#0756-d145 @A: 06 14 01 32 | 09
#0757-d145 @A: 21 32 28 34 | 02
#0758-d145 @A: 22 32 29 28 | 06
#0759-d145 @A: 12 11 17 32 | 07
#0760-d145 @A: 32 26 33 20 | 11
#0761-d145 @A: 02 33 32 10 | 08
#0762-d145 @A: 25 23 32 16 | 12
#0763-d145 @A: 04 22 26 32 | 03
#0764-d145 @A: 10 15 03 32 | 04
#0765-d145 @A: 25 17 10 32 | 01
#0766-d145 @A: 07 01 23 18 | 10
#0767-d145 @A: 04 34 18 29 | 05
#0768-d145 @A: 33 34 23 18 | 09
#0769-d145 @A: 18 19 17 34 | 02
#0770-d145 @A: 25 18 34 15 | 06
#0771-d145 @A: 33 28 18 17 | 07
#0772-d145 @A: 11 21 01 05 | 11
#0773-d145 @A: 23 12 01 05 | 08
#0774-d145 @A: 19 28 04 01 | 12
#0775-d145 @A: 24 01 16 04 | 03
#0776-d145 @A: 01 15 04 03 | 04
#0777-d145 @A: 01 03 21 35 | 01
#0778-d145 @A: 17 31 05 29 | 10
#0779-d145 @A: 05 15 16 11 | 05
#0780-d145 @A: 05 09 06 14 | 09
#0781-d145 @A: 20 07 05 02 | 02
#0782-d145 @A: 06 05 24 19 | 06
#0783-d145 @A: 05 26 22 12 | 07
#0784-d145 @A: 05 24 31 26 | 11
#0785-d145 @A: 05 26 17 21 | 08
#0786-d145 @A: 05 25 10 15 | 12
#0787-d145 @A: 34 33 24 29 | 03
#0788-d145 @A: 02 19 34 11 | 04
#0789-d145 @A: 19 34 21 09 | 01
#0790-d145 @A: 02 20 34 09 | 10
#0791-d145 @A: 31 07 34 33 | 05
#0792-d145 @A: 34 19 20 33 | 09
#0793-d145 @A: 16 34 03 28 | 02
#0794-d145 @A: 34 04 35 14 | 06
#0795-d145 @A: 12 25 04 34 | 07
#0796-d145 @A: 34 10 12 17 | 11
#0797-d145 @A: 11 15 29 23 | 08
#0798-d145 @A: 17 29 11 03 | 12
#0799-d145 @A: 09 15 29 14 | 03
#0800-d145 @A: 09 25 06 29 | 04
#0801-d145 @A: 29 33 16 14 | 01
#0802-d145 @A: 33 10 29 06 | 10
#0803-d145 @A: 31 33 03 29 | 05
#0804-d145 @A: 26 29 19 16 | 09
#0805-d145 @A: 26 24 29 14 | 02
#0806-d145 @A: 29 10 15 35 | 06
#0807-d145 @A: 31 12 29 35 | 07
#0808-d145 @A: 25 31 29 24 | 11
#0809-d145 @A: 09 03 07 11 | 08
#0810-d145 @A: 11 17 23 33 | 12
#0811-d145 @A: 33 11 04 02 | 03
#0812-d145 @A: 06 14 11 22 | 04
#0813-d145 @A: 10 35 11 25 | 01
#0814-d145 @A: 12 03 35 11 | 10
#0815-d145 @A: 24 17 06 11 | 05
#0816-d145 @A: 07 09 17 20 | 09
#0817-d145 @A: 25 26 21 09 | 02
#0818-d145 @A: 24 09 02 06 | 06
#0819-d145 @A: 25 24 09 15 | 07
#0820-d145 @A: 12 04 09 31 | 11
#0821-d145 @A: 21 03 17 09 | 08
#0822-d145 @A: 07 14 33 23 | 12
#0823-d145 @A: 28 04 07 26 | 03
#0824-d145 @A: 17 07 23 30 | 04
#0825-d145 @A: 07 15 19 06 | 01
#0826-d145 @A: 06 30 20 07 | 10
#0827-d145 @A: 26 07 02 30 | 05
#0828-d145 @A: 07 15 30 31 | 09
#0829-d145 @A: 04 28 33 10 | 02
#0830-d145 @A: 17 14 33 19 | 06
#0831-d145 @A: 26 17 02 33 | 07
#0832-d145 @A: 02 33 31 12 | 11
#0833-d145 @A: 17 25 33 22 | 08
#0834-d145 @A: 16 22 28 24 | 12
#0835-d145 @A: 28 04 17 02 | 03
#0836-d145 @A: 10 02 28 06 | 04
#0837-d145 @A: 02 30 21 28 | 01
#0838-d145 @A: 35 22 28 02 | 10
#0839-d145 @A: 28 25 31 02 | 05
#0840-d145 @A: 35 28 15 30 | 09
#0841-d145 @A: 35 23 25 15 | 02
#0842-d145 @A: 22 10 23 04 | 06
#0843-d145 @A: 25 04 23 03 | 07
#0844-d145 @A: 19 03 12 16 | 11
#0845-d145 @A: 03 26 20 16 | 08
#0846-d145 @A: 12 24 16 35 | 12
#0847-d145 @A: 30 25 19 15 | 03
#0848-d145 @A: 21 12 19 14 | 04
#0849-d145 @A: 30 26 24 20 | 01
#0850-d145 @A: 20 06 12 26 | 10
#0851-d145 @A: 15 02 20 03 | 05
#0852-d145 @A: 30 15 14 20 | 09
#0853-d145 @A: 15 20 17 22 | 02
#0854-d145 @A: 24 31 20 03 | 06
#0855-d145 @A: 25 03 20 17 | 07
#0856-d145 @A: 17 14 25 06 | 11
#0857-d145 @A: 06 24 03 30 | 08
#0858-d145 @A: 28 27 13 14 | 12
#0859-d145 @A: 13 08 14 11 | 03
#0860-d145 @A: 08 13 23 26 | 04
#0861-d145 @A: 04 07 32 13 | 01
#0862-d145 @A: 13 23 18 05 | 10
#0863-d145 @A: 13 18 33 26 | 05
#0864-d145 @A: 05 13 11 12 | 09
#0865-d145 @A: 33 13 05 03 | 02
#0866-d145 @A: 16 22 13 34 | 06
#0867-d145 @A: 13 29 11 10 | 07
#0868-d145 @A: 02 33 29 13 | 11
#0869-d145 @A: 13 09 14 20 | 08
#0870-d145 @A: 09 24 13 31 | 12
#0871-d145 @A: 28 13 07 17 | 03
#0872-d145 @A: 16 13 28 12 | 04
#0873-d145 @A: 26 28 13 06 | 01
#0874-d145 @A: 13 19 23 14 | 10
#0875-d145 @A: 24 10 23 13 | 05
#0876-d145 @A: 21 26 31 13 | 09
#0877-d145 @A: 12 02 13 35 | 02
#0878-d145 @A: 17 06 13 15 | 06
#0879-d145 @A: 13 03 06 12 | 07
#0880-d145 @A: 13 31 17 25 | 11
#0881-d145 @A: 27 09 21 08 | 08
#0882-d145 @A: 27 19 18 35 | 12
#0883-d145 @A: 27 01 07 10 | 03
#0884-d145 @A: 20 15 27 01 | 04
#0885-d145 @A: 16 09 05 27 | 01
#0886-d145 @A: 34 28 24 27 | 10
#0887-d145 @A: 29 11 14 27 | 05
#0888-d145 @A: 29 03 27 21 | 09
#0889-d145 @A: 27 15 09 06 | 02
#0890-d145 @A: 03 23 19 27 | 06
#0891-d145 @A: 27 22 23 15 | 07
#0892-d145 @A: 27 03 26 22 | 11
#0893-d145 @A: 27 31 02 35 | 08
#0894-d145 @A: 17 03 14 27 | 12
#0895-d145 @A: 27 21 31 25 | 03
#0896-d145 @A: 32 08 29 25 | 04
#0897-d145 @A: 04 18 08 20 | 01
#0898-d145 @A: 08 09 25 01 | 10
#0899-d145 @A: 26 05 08 16 | 05
#0900-d145 @A: 08 20 34 22 | 09
#0901-d145 @A: 17 28 08 29 | 02
#0902-d145 @A: 30 07 09 08 | 06
#0903-d145 @A: 23 08 07 02 | 07
#0904-d145 @A: 19 03 08 28 | 11
#0905-d145 @A: 35 26 28 08 | 08
#0906-d145 @A: 02 25 15 08 | 12
#0907-d145 @A: 15 35 08 31 | 03
#0908-d145 @A: 05 15 32 18 | 04
#0909-d145 @A: 32 35 02 18 | 01
#0910-d145 @A: 01 30 32 28 | 10
#0911-d145 @A: 12 32 16 01 | 05
#0912-d145 @A: 32 26 34 10 | 09
#0913-d145 @A: 32 07 29 10 | 02
#0914-d145 @A: 07 32 09 35 | 06
#0915-d145 @A: 32 15 07 33 | 07
#0916-d145 @A: 16 28 10 32 | 11
#0917-d145 @A: 03 28 35 32 | 08
#0918-d145 @A: 04 25 02 32 | 12
#0919-d145 @A: 10 04 30 32 | 03
#0920-d145 @A: 12 04 32 03 | 04
#0921-d145 @A: 21 31 35 32 | 01
#0922-d145 @A: 24 32 12 31 | 10
#0923-d145 @A: 18 01 24 33 | 05
#0924-d145 @A: 05 25 31 18 | 09
#0925-d145 @A: 29 26 18 07 | 02
#0926-d145 @A: 21 18 28 11 | 06
#0927-d145 @A: 23 35 18 09 | 07
#0928-d145 @A: 15 12 18 33 | 11
#0929-d145 @A: 12 10 28 18 | 08
#0930-d145 @A: 19 14 04 18 | 12
#0931-d145 @A: 20 14 18 06 | 03
#0932-d145 @A: 26 15 18 17 | 04
#0933-d145 @A: 14 03 26 18 | 01
#0934-d145 @A: 25 18 26 35 | 10
#0935-d145 @A: 14 02 25 18 | 05
#0936-d145 @A: 31 10 18 02 | 09
#0937-d145 @A: 18 24 06 17 | 02
#0938-d145 @A: 12 18 03 31 | 06
#0939-d145 @A: 20 01 05 31 | 07
#0940-d145 @A: 25 17 01 05 | 11
#0941-d145 @A: 25 34 11 01 | 08
#0942-d145 @A: 01 03 11 33 | 12
#0943-d145 @A: 06 11 02 01 | 03
#0944-d145 @A: 30 09 01 20 | 04
#0945-d145 @A: 17 06 33 01 | 01
#0946-d145 @A: 14 23 26 01 | 10
#0947-d145 @A: 06 01 35 23 | 05
#0948-d145 @A: 25 04 30 01 | 09
#0949-d145 @A: 30 14 17 01 | 02
#0950-d145 @A: 17 01 35 10 | 06
#0951-d145 @A: 16 03 29 05 | 07
#0952-d145 @A: 05 29 35 04 | 11
#0953-d145 @A: 05 28 22 07 | 08
#0954-d145 @A: 21 05 22 16 | 12
#0955-d145 @A: 06 04 05 10 | 03
#0956-d145 @A: 05 14 12 35 | 04
#0957-d145 @A: 05 25 35 21 | 01
#0958-d145 @A: 21 06 17 05 | 10
#0959-d145 @A: 19 03 29 34 | 05
#0960-d145 @A: 14 19 34 07 | 09
#0961-d145 @A: 16 21 02 34 | 02
#0962-d145 @A: 06 20 21 34 | 06
#0963-d145 @A: 24 30 02 34 | 07
#0964-d145 @A: 06 24 15 34 | 11
#0965-d145 @A: 25 35 22 34 | 08
#0966-d145 @A: 11 29 19 04 | 12
#0967-d145 @A: 25 07 09 29 | 03
#0968-d145 @A: 24 29 07 23 | 04
#0969-d145 @A: 33 15 29 20 | 01
#0970-d145 @A: 35 02 21 29 | 10
#0971-d145 @A: 10 30 03 29 | 05
#0972-d145 @A: 29 22 24 35 | 09
#0973-d145 @A: 29 25 35 03 | 02
#0974-d145 @A: 22 20 11 09 | 06
#0975-d145 @A: 11 16 33 26 | 07
#0976-d145 @A: 11 19 22 23 | 11
#0977-d145 @A: 11 12 23 26 | 08
#0978-d145 @A: 20 31 11 06 | 12
#0979-d145 @A: 30 26 31 11 | 03
#0980-d145 @A: 25 02 24 11 | 04
#0981-d145 @A: 04 23 28 09 | 01
#0982-d145 @A: 09 17 19 23 | 10
#0983-d145 @A: 23 15 09 02 | 05
#0984-d145 @A: 31 17 02 09 | 09
#0985-d145 @A: 22 12 10 09 | 02
#0986-d145 @A: 07 16 20 04 | 06
#0987-d145 @A: 07 14 26 35 | 07
#0988-d145 @A: 03 02 10 07 | 11
#0989-d145 @A: 12 30 07 03 | 08
#0990-d145 @A: 24 22 31 07 | 12
#0991-d145 @A: 07 17 21 25 | 03
#0992-d145 @A: 10 33 26 24 | 04
#0993-d145 @A: 25 30 28 23 | 01
#0994-d145 @A: 28 17 15 31 | 10
#0995-d145 @A: 14 04 21 28 | 05
#0996-d145 @A: 35 31 28 04 | 09
#0997-d145 @A: 28 24 31 14 | 02
#0998-d145 @A: 28 22 10 17 | 06
#0999-d145 @A: 20 31 04 23 | 07
#1000-d145 @A: 23 03 02 24 | 11
#1001-d145 @A: 23 35 04 21 | 08
#1002-d145 @A: 14 24 21 23 | 12
#1003-d145 @A: 03 22 23 21 | 03
#1004-d145 @A: 21 16 17 12 | 04
#1005-d145 @A: 19 20 21 31 | 01
#1006-d145 @A: 35 25 19 14 | 10
#1007-d145 @A: 31 12 17 19 | 05
#1008-d145 @A: 20 21 12 26 | 09
#1009-d145 @A: 17 20 31 26 | 02
#1010-d145 @A: 14 21 20 10 | 06
#1011-d145 @A: 24 10 20 17 | 07
#1012-d145 @A: 06 35 20 25 | 11
#1013-d145 @A: 06 35 22 04 | 08
#1014-d145 @A: 15 13 27 12 | 12
#1015-d145 @A: 13 08 32 02 | 03
#1016-d145 @A: 08 17 20 13 | 04
#1017-d145 @A: 29 13 32 31 | 01
#1018-d145 @A: 26 28 32 13 | 10
#1019-d145 @A: 32 22 06 13 | 05
#1020-d145 @A: 18 11 13 17 | 09
#1021-d145 @A: 18 13 28 04 | 02
#1022-d145 @A: 13 25 05 07 | 06
#1023-d145 @A: 21 05 20 13 | 07
#1024-d145 @A: 29 34 25 13 | 11
#1025-d145 @A: 13 17 23 34 | 08
#1026-d145 @A: 35 29 14 13 | 12
#1027-d145 @A: 13 04 11 25 | 03
#1028-d145 @A: 09 04 19 13 | 04
#1029-d145 @A: 09 06 20 13 | 01
#1030-d145 @A: 33 19 13 10 | 10
#1031-d145 @A: 13 02 10 17 | 05
#1032-d145 @A: 10 03 13 12 | 09
#1033-d145 @A: 27 08 26 32 | 02
#1034-d145 @A: 16 25 08 27 | 06
#1035-d145 @A: 20 31 08 27 | 07
#1036-d145 @A: 32 27 34 16 | 11
#1037-d145 @A: 29 27 32 04 | 08
#1038-d145 @A: 19 27 17 32 | 12
#1039-d145 @A: 15 18 27 28 | 03
#1040-d145 @A: 20 16 17 27 | 04
#1041-d145 @A: 35 04 27 16 | 01
#1042-d145 @A: 06 20 27 17 | 10
#1043-d145 @A: 31 14 27 10 | 05
#1044-d145 @A: 08 01 32 24 | 09
#1045-d145 @A: 08 16 14 32 | 02
#1046-d145 @A: 19 24 08 18 | 06
#1047-d145 @A: 08 30 18 35 | 07
#1048-d145 @A: 01 11 08 10 | 11
#1049-d145 @A: 08 02 01 28 | 08
#1050-d145 @A: 20 08 05 14 | 12
#1051-d145 @A: 23 08 22 29 | 03
#1052-d145 @A: 06 08 26 09 | 04
#1053-d145 @A: 06 07 21 08 | 01
#1054-d145 @A: 22 08 02 04 | 10
#1055-d145 @A: 14 08 04 31 | 05
#1056-d145 @A: 26 18 32 09 | 09
#1057-d145 @A: 04 23 32 18 | 02
#1058-d145 @A: 20 30 18 32 | 06
#1059-d145 @A: 05 32 16 02 | 07
#1060-d145 @A: 09 34 14 32 | 11
#1061-d145 @A: 32 14 11 19 | 08
#1062-d145 @A: 02 20 23 32 | 12
#1063-d145 @A: 17 32 22 23 | 03
#1064-d145 @A: 24 21 32 15 | 04
#1065-d145 @A: 12 32 25 35 | 01
#1066-d145 @A: 01 09 18 04 | 10
#1067-d145 @A: 01 21 20 18 | 05
#1068-d145 @A: 30 18 05 34 | 09
#1069-d145 @A: 22 29 18 33 | 02
#1070-d145 @A: 18 25 09 11 | 06
#1071-d145 @A: 28 19 18 26 | 07
#1072-d145 @A: 18 20 35 16 | 11
#1073-d145 @A: 06 26 16 18 | 08
#1074-d145 @A: 26 04 12 18 | 12
#1075-d145 @A: 18 03 15 30 | 03
#1076-d145 @A: 14 12 18 30 | 04
#1077-d145 @A: 24 03 18 10 | 01
#1078-d145 @A: 05 19 14 01 | 10
#1079-d145 @A: 29 34 15 01 | 05
#1080-d145 @A: 14 01 11 09 | 09
#1081-d145 @A: 09 01 21 23 | 02
#1082-d145 @A: 19 01 03 09 | 06
#1083-d145 @A: 24 19 07 01 | 07
#1084-d145 @A: 01 14 31 07 | 11
#1085-d145 @A: 15 33 01 19 | 08
#1086-d145 @A: 23 19 01 25 | 12
#1087-d145 @A: 10 24 15 01 | 03
#1088-d145 @A: 06 01 03 15 | 04
#1089-d145 @A: 03 04 34 05 | 01
#1090-d145 @A: 20 29 24 05 | 10
#1091-d145 @A: 11 33 05 06 | 05
#1092-d145 @A: 05 17 11 28 | 09
#1093-d145 @A: 05 28 09 02 | 02
#1094-d145 @A: 09 23 05 25 | 06
#1095-d145 @A: 28 16 31 05 | 07
#1096-d145 @A: 06 05 15 22 | 11
#1097-d145 @A: 05 10 17 14 | 08
#1098-d145 @A: 10 22 05 03 | 12
#1099-d145 @A: 07 04 34 09 | 03
#1100-d145 @A: 15 28 07 34 | 04
#1101-d145 @A: 33 16 34 12 | 01
#1102-d145 @A: 06 28 34 21 | 10
#1103-d145 @A: 03 23 15 34 | 05
#1104-d145 @A: 09 29 24 21 | 09
#1105-d145 @A: 07 17 29 33 | 02
#1106-d145 @A: 23 29 33 25 | 06
#1107-d145 @A: 28 16 21 29 | 07
#1108-d145 @A: 10 29 20 16 | 11
#1109-d145 @A: 25 20 29 22 | 08
#1110-d145 @A: 29 06 24 20 | 12
#1111-d145 @A: 31 29 10 04 | 03
#1112-d145 @A: 31 30 29 14 | 04
#1113-d145 @A: 20 11 28 10 | 01
#1114-d145 @A: 11 35 24 20 | 10
#1115-d145 @A: 26 15 11 02 | 05
#1116-d145 @A: 11 02 12 14 | 09
#1117-d145 @A: 11 25 03 21 | 02
#1118-d145 @A: 07 15 19 09 | 06
#1119-d145 @A: 31 28 09 33 | 07
#1120-d145 @A: 22 09 33 24 | 11
#1121-d145 @A: 16 28 09 30 | 08
#1122-d145 @A: 12 09 26 02 | 12
#1123-d145 @A: 26 10 03 09 | 03
#1124-d145 @A: 02 25 22 09 | 04
#1125-d145 @A: 31 10 25 09 | 01
#1126-d145 @A: 24 09 30 17 | 10
#1127-d145 @A: 09 35 24 03 | 05
#1128-d145 @A: 06 21 09 03 | 09
#1129-d145 @A: 07 20 33 03 | 02
#1130-d145 @A: 22 07 10 26 | 06
#1131-d145 @A: 02 07 12 22 | 07
#1132-d145 @A: 33 23 20 35 | 11
#1133-d145 @A: 03 33 35 30 | 08
#1134-d145 @A: 02 10 15 28 | 12
#1135-d145 @A: 31 30 12 28 | 03
#1136-d145 @A: 03 26 23 35 | 04
#1137-d145 @A: 22 26 23 31 | 01
#1138-d145 @A: 23 30 31 02 | 10
#1139-d145 @A: 10 12 15 23 | 05
#1140-d145 @A: 24 14 06 23 | 09
#1141-d145 @A: 30 04 21 16 | 02
#1142-d145 @A: 16 03 35 17 | 06
#1143-d145 @A: 16 06 24 12 | 07
#1144-d145 @A: 20 26 19 22 | 11
#1145-d145 @A: 25 02 19 20 | 08
#1146-d145 @A: 20 15 04 19 | 12
#1147-d145 @A: 26 19 17 10 | 03
#1148-d145 @A: 02 31 03 19 | 04
#1149-d145 @A: 19 04 22 24 | 01
#1150-d145 @A: 03 19 14 30 | 10
#1151-d145 @A: 10 26 15 20 | 05
#1152-d145 @A: 14 20 26 25 | 09
#1153-d145 @A: 06 02 22 20 | 02
#1154-d145 @A: 04 30 17 20 | 06
#1155-d145 @A: 06 26 31 24 | 07
#1156-d145 @A: 02 31 25 06 | 11
#1157-d145 @A: 04 06 17 12 | 08
#1158-d145 @A: 13 28 24 08 | 12
#1159-d145 @A: 06 08 31 13 | 03
#1160-d145 @A: 18 32 12 13 | 04
#1161-d145 @A: 05 32 13 22 | 01
#1162-d145 @A: 32 13 33 21 | 10
#1163-d145 @A: 13 19 24 32 | 05
#1164-d145 @A: 01 13 18 30 | 09
#1165-d145 @A: 02 18 09 13 | 02
#1166-d145 @A: 16 14 18 13 | 06
#1167-d145 @A: 07 06 13 05 | 07
#1168-d145 @A: 34 26 13 11 | 11
#1169-d145 @A: 34 13 14 06 | 08
#1170-d145 @A: 11 13 21 19 | 12
#1171-d145 @A: 07 30 13 14 | 03
#1172-d145 @A: 16 13 30 31 | 04
#1173-d145 @A: 24 13 35 26 | 01
#1174-d145 @A: 03 13 14 25 | 10
#1175-d145 @A: 12 27 32 05 | 05
#1176-d145 @A: 27 32 28 25 | 09
#1177-d145 @A: 32 27 06 10 | 02
#1178-d145 @A: 27 26 18 34 | 06
#1179-d145 @A: 12 16 27 18 | 07
#1180-d145 @A: 30 27 05 01 | 11
#1181-d145 @A: 27 01 03 34 | 08
#1182-d145 @A: 01 14 27 35 | 12
#1183-d145 @A: 26 11 27 05 | 03
#1184-d145 @A: 05 20 27 35 | 04
#1185-d145 @A: 30 29 27 34 | 01
#1186-d145 @A: 10 17 27 09 | 10
#1187-d145 @A: 27 30 20 02 | 05
#1188-d145 @A: 22 02 27 10 | 09
#1189-d145 @A: 21 12 04 27 | 02
#1190-d145 @A: 08 15 18 23 | 06
#1191-d145 @A: 04 08 07 05 | 07
#1192-d145 @A: 05 30 08 28 | 11
#1193-d145 @A: 09 17 08 34 | 08
#1194-d145 @A: 08 10 19 34 | 12
#1195-d145 @A: 03 08 25 34 | 03
#1196-d145 @A: 08 24 29 16 | 04
#1197-d145 @A: 10 20 08 07 | 01
#1198-d145 @A: 33 30 20 08 | 10
#1199-d145 @A: 22 08 14 28 | 05
#1200-d145 @A: 16 12 08 23 | 09
#1201-d145 @A: 21 15 19 08 | 02
#1202-d145 @A: 08 03 15 12 | 06
#1203-d145 @A: 12 08 22 17 | 07
#1204-d145 @A: 32 25 18 21 | 11
#1205-d145 @A: 32 29 01 03 | 08
#1206-d145 @A: 26 21 32 01 | 12
#1207-d145 @A: 05 32 34 29 | 03
#1208-d145 @A: 34 22 32 30 | 04
#1209-d145 @A: 29 15 32 16 | 01
#1210-d145 @A: 35 32 29 20 | 10
#1211-d145 @A: 02 17 32 29 | 05
#1212-d145 @A: 32 11 20 15 | 09
#1213-d145 @A: 24 20 09 32 | 02
#1214-d145 @A: 32 12 22 33 | 06
#1215-d145 @A: 32 17 35 15 | 07
#1216-d145 @A: 30 25 06 32 | 11
#1217-d145 @A: 01 15 18 11 | 08
#1218-d145 @A: 16 01 18 26 | 12
#1219-d145 @A: 19 18 21 05 | 03
#1220-d145 @A: 18 34 07 02 | 04
#1221-d145 @A: 21 03 34 18 | 01
#1222-d145 @A: 23 29 18 21 | 10
#1223-d145 @A: 29 21 18 06 | 05
#1224-d145 @A: 18 11 26 10 | 09
#1225-d145 @A: 07 35 33 18 | 02
#1226-d145 @A: 28 16 18 07 | 06
#1227-d145 @A: 18 31 20 07 | 07
#1228-d145 @A: 10 07 18 15 | 11
#1229-d145 @A: 18 02 33 16 | 08
#1230-d145 @A: 30 33 18 31 | 12
#1231-d145 @A: 28 14 23 18 | 03
#1232-d145 @A: 19 23 18 12 | 04
#1233-d145 @A: 24 12 18 02 | 01
#1234-d145 @A: 04 15 31 18 | 10
#1235-d145 @A: 24 35 15 18 | 05
#1236-d145 @A: 03 35 18 04 | 09
#1237-d145 @A: 18 25 22 04 | 02
#1238-d145 @A: 12 17 18 25 | 06
#1239-d145 @A: 01 34 02 05 | 07
#1240-d145 @A: 10 29 01 05 | 11
#1241-d145 @A: 07 22 29 01 | 08
#1242-d145 @A: 33 26 01 29 | 12
#1243-d145 @A: 01 25 28 29 | 03
#1244-d145 @A: 01 04 29 20 | 04
#1245-d145 @A: 04 21 01 07 | 01
#1246-d145 @A: 10 19 01 30 | 10
#1247-d145 @A: 22 20 10 01 | 05
#1248-d145 @A: 02 01 03 25 | 09
#1249-d145 @A: 34 05 09 24 | 02
#1250-d145 @A: 10 05 33 34 | 06
#1251-d145 @A: 21 05 23 34 | 07
#1252-d145 @A: 09 05 30 12 | 11
#1253-d145 @A: 07 05 19 12 | 08
#1254-d145 @A: 28 33 26 05 | 12
#1255-d145 @A: 23 05 19 24 | 03
#1256-d145 @A: 02 05 04 14 | 04
#1257-d145 @A: 04 17 22 05 | 01
#1258-d145 @A: 34 06 19 33 | 10
#1259-d145 @A: 17 35 33 34 | 05
#1260-d145 @A: 12 26 15 34 | 09
#1261-d145 @A: 31 26 03 34 | 02
#1262-d145 @A: 04 34 21 31 | 06
#1263-d145 @A: 16 06 07 29 | 07
#1264-d145 @A: 04 29 30 07 | 11
#1265-d145 @A: 29 19 30 33 | 08
#1266-d145 @A: 16 35 30 29 | 12
#1267-d145 @A: 06 02 15 29 | 03
#1268-d145 @A: 15 25 21 29 | 04
#1269-d145 @A: 04 29 25 14 | 01
#1270-d145 @A: 09 17 26 11 | 10
#1271-d145 @A: 09 21 02 11 | 05
#1272-d145 @A: 26 11 06 30 | 09
#1273-d145 @A: 30 11 02 35 | 02
#1274-d145 @A: 11 15 12 25 | 06
#1275-d145 @A: 35 31 11 17 | 07
#1276-d145 @A: 31 11 22 25 | 11
#1277-d145 @A: 07 26 09 24 | 08
#1278-d145 @A: 07 10 09 14 | 12
#1279-d145 @A: 33 25 09 16 | 03
#1280-d145 @A: 09 20 04 33 | 04
#1281-d145 @A: 06 30 09 33 | 01
#1282-d145 @A: 09 26 15 35 | 10
#1283-d145 @A: 02 04 03 09 | 05
#1284-d145 @A: 15 03 22 09 | 09
#1285-d145 @A: 14 21 09 22 | 02
#1286-d145 @A: 07 33 28 25 | 06
#1287-d145 @A: 07 35 28 23 | 07
#1288-d145 @A: 07 03 06 17 | 11
#1289-d145 @A: 19 33 16 22 | 08
#1290-d145 @A: 20 06 16 33 | 12
#1291-d145 @A: 25 33 14 12 | 03
#1292-d145 @A: 28 10 26 31 | 04
#1293-d145 @A: 24 28 10 30 | 01
#1294-d145 @A: 21 10 28 03 | 10
#1295-d145 @A: 06 23 03 02 | 05
#1296-d145 @A: 17 14 31 23 | 09
#1297-d145 @A: 17 35 23 24 | 02
#1298-d145 @A: 21 15 26 16 | 06
#1299-d145 @A: 16 04 26 17 | 07
#1300-d145 @A: 16 31 26 35 | 11
#1301-d145 @A: 30 16 15 06 | 08
#1302-d145 @A: 35 04 10 19 | 12
#1303-d145 @A: 03 24 19 25 | 03
#1304-d145 @A: 31 20 25 15 | 04
#1305-d145 @A: 06 04 26 25 | 01
#1306-d145 @A: 06 02 17 30 | 10
#1307-d145 @A: 15 21 06 31 | 05
#1308-d145 @A: 35 30 14 06 | 09
#1309-d145 @A: 13 11 22 27 | 02
#1310-d145 @A: 27 26 13 16 | 06
#1311-d145 @A: 34 05 08 13 | 07
#1312-d145 @A: 13 35 32 23 | 11
#1313-d145 @A: 07 13 26 01 | 08
#1314-d145 @A: 10 28 05 13 | 12
#1315-d145 @A: 19 05 17 13 | 03
#1316-d145 @A: 13 04 05 24 | 04
#1317-d145 @A: 13 35 29 06 | 01
#1318-d145 @A: 11 13 07 35 | 10
#1319-d145 @A: 11 04 13 06 | 05
#1320-d145 @A: 23 16 13 02 | 09
#1321-d145 @A: 13 26 25 12 | 02
#1322-d145 @A: 25 10 22 13 | 06
#1323-d145 @A: 22 30 12 13 | 07
#1324-d145 @A: 09 27 15 32 | 11
#1325-d145 @A: 17 29 27 18 | 08
#1326-d145 @A: 18 11 27 30 | 12
#1327-d145 @A: 34 27 15 19 | 03
#1328-d145 @A: 33 10 27 29 | 04
#1329-d145 @A: 35 27 23 29 | 01
#1330-d145 @A: 27 03 09 28 | 10
#1331-d145 @A: 35 27 33 06 | 05
#1332-d145 @A: 26 27 31 04 | 09
#1333-d145 @A: 27 21 26 14 | 02
#1334-d145 @A: 26 27 17 12 | 06
#1335-d145 @A: 03 25 10 27 | 07
#1336-d145 @A: 32 06 11 08 | 11
#1337-d145 @A: 32 17 33 08 | 08
#1338-d145 @A: 32 08 03 30 | 12
#1339-d145 @A: 09 12 08 28 | 03
#1340-d145 @A: 35 09 20 08 | 04
#1341-d145 @A: 23 08 31 33 | 01
#1342-d145 @A: 20 19 08 06 | 10
#1343-d145 @A: 30 10 08 15 | 05
#1344-d145 @A: 25 24 08 12 | 09
#1345-d145 @A: 21 08 31 17 | 02
#1346-d145 @A: 32 09 22 01 | 06
#1347-d145 @A: 20 32 05 17 | 07
#1348-d145 @A: 24 32 25 05 | 11
#1349-d145 @A: 32 33 34 04 | 08
#1350-d145 @A: 02 34 32 03 | 12
#1351-d145 @A: 32 09 11 30 | 03
#1352-d145 @A: 09 28 17 32 | 04
#1353-d145 @A: 21 10 09 32 | 01
#1354-d145 @A: 19 32 06 03 | 10
#1355-d145 @A: 31 32 26 02 | 05
#1356-d145 @A: 26 32 25 15 | 09
#1357-d145 @A: 14 32 17 24 | 02
#1358-d145 @A: 21 03 32 14 | 06
#1359-d145 @A: 03 32 24 22 | 07
#1360-d145 @A: 14 18 01 29 | 11
#1361-d145 @A: 18 31 28 01 | 08
#1362-d145 @A: 35 18 28 34 | 12
#1363-d145 @A: 11 16 18 04 | 03
#1364-d145 @A: 17 18 16 23 | 04
#1365-d145 @A: 01 35 26 05 | 01
#1366-d145 @A: 20 11 17 01 | 10
#1367-d145 @A: 11 01 04 26 | 05
#1368-d145 @A: 09 33 17 01 | 09
#1369-d145 @A: 01 33 16 21 | 02
#1370-d145 @A: 06 28 16 01 | 06
#1371-d145 @A: 23 20 01 24 | 07
#1372-d145 @A: 10 01 06 20 | 11
#1373-d145 @A: 26 01 10 02 | 08
#1374-d145 @A: 01 15 26 30 | 12
#1375-d145 @A: 26 22 25 01 | 03
#1376-d145 @A: 03 01 31 17 | 04
#1377-d145 @A: 35 34 16 05 | 01
#1378-d145 @A: 09 15 31 05 | 10
#1379-d145 @A: 23 05 15 28 | 05
#1380-d145 @A: 12 20 16 05 | 09
#1381-d145 @A: 02 19 30 05 | 02
#1382-d145 @A: 15 09 11 34 | 06
#1383-d145 @A: 34 25 23 07 | 07
#1384-d145 @A: 34 06 02 16 | 11
#1385-d145 @A: 17 34 25 02 | 08
#1386-d145 @A: 22 14 34 03 | 12
#1387-d145 @A: 21 34 14 17 | 03
#1388-d145 @A: 30 34 31 10 | 04
#1389-d145 @A: 02 07 29 28 | 01
#1390-d145 @A: 28 33 35 29 | 10
#1391-d145 @A: 28 19 06 29 | 05
#1392-d145 @A: 22 29 12 03 | 09
#1393-d145 @A: 24 28 23 11 | 02
#1394-d145 @A: 11 16 31 20 | 06
#1395-d145 @A: 21 11 35 26 | 07
#1396-d145 @A: 35 11 15 14 | 11
#1397-d145 @A: 10 11 21 30 | 08
#1398-d145 @A: 33 09 30 23 | 12
#1399-d145 @A: 26 04 14 09 | 03
#1400-d145 @A: 09 22 35 31 | 04
#1401-d145 @A: 33 10 16 07 | 01
#1402-d145 @A: 23 22 07 16 | 10
#1403-d145 @A: 07 23 26 19 | 05
#1404-d145 @A: 24 17 07 16 | 09
#1405-d145 @A: 07 26 03 25 | 02
#1406-d145 @A: 15 24 12 07 | 06
#1407-d145 @A: 04 03 07 31 | 07
#1408-d145 @A: 12 17 14 07 | 11
#1409-d145 @A: 07 12 06 35 | 08
#1410-d145 @A: 22 03 07 17 | 12
#1411-d145 @A: 23 33 15 26 | 03
#1412-d145 @A: 04 33 06 19 | 04
#1413-d145 @A: 26 14 33 31 | 01
#1414-d145 @A: 33 26 35 22 | 10
#1415-d145 @A: 15 22 06 33 | 05
#1416-d145 @A: 17 33 15 24 | 09
#1417-d145 @A: 33 35 14 21 | 02
#1418-d145 @A: 28 04 03 30 | 06
#1419-d145 @A: 21 28 24 35 | 07
#1420-d145 @A: 04 26 23 02 | 11
#1421-d145 @A: 21 10 26 23 | 08
#1422-d145 @A: 14 35 02 23 | 12
#1423-d145 @A: 04 23 14 15 | 03
#1424-d145 @A: 24 31 15 23 | 04
#1425-d145 @A: 23 06 10 12 | 01
#1426-d145 @A: 19 06 10 16 | 10
#1427-d145 @A: 25 16 26 24 | 05
#1428-d145 @A: 16 10 25 02 | 09
#1429-d145 @A: 14 16 12 31 | 02
#1430-d145 @A: 35 21 10 16 | 06
#1431-d145 @A: 26 24 19 21 | 07
#1432-d145 @A: 19 22 21 02 | 11
#1433-d145 @A: 22 19 15 12 | 08
#1434-d145 @A: 19 30 22 17 | 12
#1435-d145 @A: 19 17 31 06 | 03
#1436-d145 @A: 02 20 22 24 | 04
#1437-d145 @A: 35 22 20 21 | 01
#1438-d145 @A: 32 30 27 13 | 10
#1439-d145 @A: 27 13 05 02 | 05
#1440-d145 @A: 13 27 10 04 | 09
#1441-d145 @A: 19 15 18 13 | 02
#1442-d145 @A: 05 31 14 13 | 06
#1443-d145 @A: 02 34 28 13 | 07
#1444-d145 @A: 12 09 29 13 | 11
#1445-d145 @A: 13 28 30 33 | 08
#1446-d145 @A: 10 15 14 13 | 12
#1447-d145 @A: 10 06 30 13 | 03
#1448-d145 @A: 24 03 13 30 | 04
#1449-d145 @A: 24 27 10 32 | 01
#1450-d145 @A: 18 27 04 07 | 10
#1451-d145 @A: 18 24 27 23 | 05
#1452-d145 @A: 19 27 04 05 | 09
#1453-d145 @A: 27 29 02 09 | 02
#1454-d145 @A: 25 19 27 29 | 06
#1455-d145 @A: 20 19 27 07 | 07
#1456-d145 @A: 30 27 33 16 | 11
#1457-d145 @A: 27 12 33 20 | 08
#1458-d145 @A: 33 22 27 31 | 12
#1459-d145 @A: 35 27 12 28 | 03
#1460-d145 @A: 19 14 27 16 | 04
#1461-d145 @A: 16 27 24 21 | 01
#1462-d145 @A: 19 26 02 27 | 10
#1463-d145 @A: 04 02 15 27 | 05
#1464-d145 @A: 15 27 21 10 | 09
#1465-d145 @A: 25 04 27 24 | 02
#1466-d145 @A: 30 12 27 10 | 06
#1467-d145 @A: 25 17 35 27 | 07
#1468-d145 @A: 22 12 27 25 | 11
#1469-d145 @A: 06 15 08 18 | 08
#1470-d145 @A: 01 15 08 05 | 12
#1471-d145 @A: 08 01 29 35 | 03
#1472-d145 @A: 08 33 05 24 | 04
#1473-d145 @A: 16 08 34 07 | 01
#1474-d145 @A: 34 08 02 12 | 10
#1475-d145 @A: 23 17 08 10 | 05
#1476-d145 @A: 17 02 08 30 | 09
#1477-d145 @A: 08 15 17 14 | 02
#1478-d145 @A: 08 24 31 10 | 06
#1479-d145 @A: 12 21 08 35 | 07
#1480-d145 @A: 32 16 06 05 | 11
#1481-d145 @A: 32 21 30 29 | 08
#1482-d145 @A: 29 06 32 17 | 12
#1483-d145 @A: 28 32 11 04 | 03
#1484-d145 @A: 04 06 32 07 | 04
#1485-d145 @A: 33 03 32 19 | 01
#1486-d145 @A: 15 32 19 28 | 10
#1487-d145 @A: 32 06 15 20 | 05
#1488-d145 @A: 24 35 04 32 | 09
#1489-d145 @A: 35 32 14 10 | 02
#1490-d145 @A: 32 21 35 06 | 06
#1491-d145 @A: 01 22 34 18 | 07
#1492-d145 @A: 29 28 05 18 | 11
#1493-d145 @A: 16 10 34 18 | 08
#1494-d145 @A: 18 11 35 29 | 12
#1495-d145 @A: 29 18 15 02 | 03
#1496-d145 @A: 07 11 18 12 | 04
#1497-d145 @A: 18 03 23 20 | 01
#1498-d145 @A: 26 21 18 02 | 10
#1499-d145 @A: 17 18 03 02 | 05
#1500-d145 @A: 06 18 25 22 | 09
#1501-d145 @A: 04 01 34 23 | 02
#1502-d145 @A: 26 34 19 01 | 06
#1503-d145 @A: 34 01 20 14 | 07
#1504-d145 @A: 24 01 29 11 | 11
#1505-d145 @A: 01 21 29 12 | 08
#1506-d145 @A: 25 16 07 01 | 12
#1507-d145 @A: 17 01 15 07 | 03
#1508-d145 @A: 33 28 01 14 | 04
#1509-d145 @A: 02 35 04 01 | 01
#1510-d145 @A: 01 22 14 02 | 10
#1511-d145 @A: 14 01 24 03 | 05
#1512-d145 @A: 06 01 30 12 | 09
#1513-d145 @A: 12 22 01 24 | 02
#1514-d145 @A: 14 05 29 21 | 06
#1515-d145 @A: 05 07 24 11 | 07
#1516-d145 @A: 23 11 14 05 | 11
#1517-d145 @A: 12 15 04 05 | 08
#1518-d145 @A: 03 14 05 15 | 12
#1519-d145 @A: 15 05 21 30 | 03
#1520-d145 @A: 17 05 24 12 | 04
#1521-d145 @A: 26 34 28 29 | 01
#1522-d145 @A: 06 26 34 29 | 10
#1523-d145 @A: 16 19 34 04 | 05
#1524-d145 @A: 02 26 35 34 | 09
#1525-d145 @A: 21 35 34 15 | 02
#1526-d145 @A: 25 31 34 14 | 06
#1527-d145 @A: 24 21 22 34 | 07
#1528-d145 @A: 16 11 12 29 | 11
#1529-d145 @A: 07 15 29 03 | 08
#1530-d145 @A: 26 02 29 03 | 12
#1531-d145 @A: 25 29 10 26 | 03
#1532-d145 @A: 22 29 21 31 | 04
#1533-d145 @A: 10 11 09 16 | 01
#1534-d145 @A: 19 17 07 11 | 10
#1535-d145 @A: 10 33 11 31 | 05
#1536-d145 @A: 11 20 25 23 | 09
#1537-d145 @A: 11 22 15 30 | 02
#1538-d145 @A: 31 14 21 11 | 06
#1539-d145 @A: 23 31 07 09 | 07
#1540-d145 @A: 06 07 31 09 | 11
#1541-d145 @A: 16 23 09 14 | 08
#1542-d145 @A: 07 19 04 33 | 12
#1543-d145 @A: 28 07 20 24 | 03
#1544-d145 @A: 15 07 23 20 | 04
#1545-d145 @A: 06 33 02 23 | 01
#1546-d145 @A: 26 30 33 21 | 10
#1547-d145 @A: 35 33 02 25 | 05
#1548-d145 @A: 21 33 25 04 | 09
#1549-d145 @A: 28 23 26 16 | 02
#1550-d145 @A: 23 28 19 20 | 06
#1551-d145 @A: 15 28 03 26 | 07
#1552-d145 @A: 15 14 06 28 | 11
#1553-d145 @A: 23 21 15 17 | 08
#1554-d145 @A: 17 23 04 12 | 12
#1555-d145 @A: 25 24 23 22 | 03
#1556-d145 @A: 17 15 16 25 | 04
#1557-d145 @A: 14 20 19 24 | 01
#1558-d145 @A: 19 20 17 35 | 10
#1559-d145 @A: 19 26 15 14 | 05
#1560-d145 @A: 10 21 19 25 | 09
#1561-d145 @A: 06 30 19 22 | 02
#1562-d145 @A: 31 24 30 19 | 06
#1563-d145 @A: 25 19 12 06 | 07
#1564-d145 @A: 20 21 02 04 | 11
#1565-d145 @A: 14 20 02 31 | 08
#1566-d145 @A: 20 04 06 03 | 12
#1567-d145 @A: 13 33 27 17 | 03
#1568-d145 @A: 06 02 13 27 | 04
#1569-d145 @A: 03 13 29 18 | 01
#1570-d145 @A: 13 18 25 20 | 10
#1571-d145 @A: 23 01 31 13 | 05
#1572-d145 @A: 03 01 20 13 | 09
#1573-d145 @A: 26 13 05 09 | 02
#1574-d145 @A: 10 13 34 21 | 06
#1575-d145 @A: 28 13 09 22 | 07
#1576-d145 @A: 13 04 16 33 | 11
#1577-d145 @A: 26 15 13 04 | 08
#1578-d145 @A: 15 13 21 03 | 12
#1579-d145 @A: 12 13 14 04 | 03
#1580-d145 @A: 13 35 22 17 | 04
#1581-d145 @A: 01 32 27 33 | 01
#1582-d145 @A: 27 07 32 14 | 10
#1583-d145 @A: 17 27 01 04 | 05
#1584-d145 @A: 05 27 06 25 | 09
#1585-d145 @A: 11 27 07 15 | 02
#1586-d145 @A: 11 28 16 27 | 06
#1587-d145 @A: 27 11 19 10 | 07
#1588-d145 @A: 09 04 22 27 | 11
#1589-d145 @A: 30 28 27 07 | 08
#1590-d145 @A: 27 33 23 04 | 12
#1591-d145 @A: 30 15 27 17 | 03
#1592-d145 @A: 04 14 27 30 | 04
#1593-d145 @A: 12 18 08 05 | 01
#1594-d145 @A: 08 06 34 01 | 10
#1595-d145 @A: 19 01 31 08 | 05
#1596-d145 @A: 23 34 08 28 | 09
#1597-d145 @A: 08 26 30 34 | 02
#1598-d145 @A: 08 33 29 04 | 06
#1599-d145 @A: 04 08 11 09 | 07
#1600-d145 @A: 07 21 08 11 | 11
#1601-d145 @A: 08 11 03 16 | 08
#1602-d145 @A: 07 08 35 19 | 12
#1603-d145 @A: 08 02 16 20 | 03
#1604-d145 @A: 08 10 26 14 | 04
#1605-d145 @A: 02 08 03 35 | 01
#1606-d145 @A: 18 29 24 32 | 10
#1607-d145 @A: 32 31 11 01 | 05
#1608-d145 @A: 28 05 14 32 | 09
#1609-d145 @A: 32 24 07 34 | 02
#1610-d145 @A: 32 26 29 11 | 06
#1611-d145 @A: 09 12 32 23 | 07
#1612-d145 @A: 12 28 32 07 | 11
#1613-d145 @A: 32 23 03 07 | 08
#1614-d145 @A: 30 24 32 16 | 12
#1615-d145 @A: 15 12 30 32 | 03
#1616-d145 @A: 31 10 22 32 | 04
#1617-d145 @A: 04 18 05 33 | 01
#1618-d145 @A: 09 29 18 30 | 10
#1619-d145 @A: 11 18 22 03 | 05
#1620-d145 @A: 18 09 24 28 | 09
#1621-d145 @A: 09 15 20 18 | 02
#1622-d145 @A: 20 18 33 10 | 06
#1623-d145 @A: 10 17 18 30 | 07
#1624-d145 @A: 18 21 17 35 | 11
#1625-d145 @A: 21 22 12 18 | 08
#1626-d145 @A: 18 24 21 31 | 12
#1627-d145 @A: 16 34 31 01 | 03
#1628-d145 @A: 30 01 11 07 | 04
#1629-d145 @A: 01 28 11 35 | 01
#1630-d145 @A: 01 09 04 06 | 10
#1631-d145 @A: 25 33 01 31 | 05
#1632-d145 @A: 23 02 01 17 | 09
#1633-d145 @A: 14 16 01 15 | 02
#1634-d145 @A: 35 01 15 22 | 06
#1635-d145 @A: 10 12 25 01 | 07
#1636-d145 @A: 01 24 35 25 | 11
#1637-d145 @A: 01 06 25 24 | 08
#1638-d145 @A: 07 23 10 05 | 12
#1639-d145 @A: 33 20 05 25 | 03
#1640-d145 @A: 19 05 35 28 | 04
#1641-d145 @A: 28 03 05 20 | 01
#1642-d145 @A: 10 16 19 05 | 10
#1643-d145 @A: 20 10 05 30 | 05
#1644-d145 @A: 02 12 10 05 | 09
#1645-d145 @A: 31 21 05 12 | 02
#1646-d145 @A: 10 29 09 34 | 06
#1647-d145 @A: 34 11 06 25 | 07
#1648-d145 @A: 14 28 34 30 | 11
#1649-d145 @A: 35 24 34 19 | 08
#1650-d145 @A: 02 34 04 10 | 12
#1651-d145 @A: 35 09 29 19 | 03
#1652-d145 @A: 29 21 07 19 | 04
#1653-d145 @A: 19 22 29 10 | 01
#1654-d145 @A: 35 26 29 17 | 10
#1655-d145 @A: 04 29 24 03 | 05
#1656-d145 @A: 33 09 11 12 | 09
#1657-d145 @A: 11 14 07 28 | 02
#1658-d145 @A: 23 06 07 11 | 06
#1659-d145 @A: 11 07 02 16 | 07
#1660-d145 @A: 11 28 19 30 | 11
#1661-d145 @A: 21 16 11 23 | 08
#1662-d145 @A: 11 02 10 23 | 12
#1663-d145 @A: 15 06 11 10 | 03
#1664-d145 @A: 19 14 28 09 | 04
#1665-d145 @A: 09 16 17 22 | 01
#1666-d145 @A: 14 06 10 09 | 10
#1667-d145 @A: 33 22 20 28 | 05
#1668-d145 @A: 33 21 23 19 | 09
#1669-d145 @A: 20 17 21 33 | 02
#1670-d145 @A: 24 02 21 33 | 06
#1671-d145 @A: 15 33 04 35 | 07
#1672-d145 @A: 22 33 04 30 | 11
#1673-d145 @A: 31 17 04 33 | 08
#1674-d145 @A: 33 10 30 14 | 12
#1675-d145 @A: 25 35 28 16 | 03
#1676-d145 @A: 28 26 02 14 | 04
#1677-d145 @A: 26 17 28 30 | 01
#1678-d145 @A: 15 14 12 28 | 10
#1679-d145 @A: 03 31 22 28 | 05
#1680-d145 @A: 19 31 35 23 | 09
#1681-d145 @A: 17 25 23 26 | 02
#1682-d145 @A: 23 12 31 25 | 06
#1683-d145 @A: 31 16 06 04 | 07
#1684-d145 @A: 06 03 16 14 | 11
#1685-d145 @A: 10 17 31 16 | 08
#1686-d145 @A: 15 31 19 10 | 12
#1687-d145 @A: 19 12 10 24 | 03
#1688-d145 @A: 25 20 10 04 | 04
#1689-d145 @A: 22 06 24 21 | 01
