#0001-d146 @A: 13 08 31 06 | 01
#0002-d146 @A: 13 25 08 01 | 11
#0003-d146 @A: 08 07 15 27 | 09
#0004-d146 @A: 08 33 11 31 | 06
#0005-d146 @A: 10 15 08 05 | 04
#0006-d146 @A: 27 10 08 21 | 05
#0007-d146 @A: 32 08 02 25 | 03
#0008-d146 @A: 28 26 18 08 | 10
#0009-d146 @A: 02 20 08 31 | 08
#0010-d146 @A: 30 08 20 09 | 07
#0011-d146 @A: 21 05 04 08 | 12
#0012-d146 @A: 07 19 22 13 | 02
#0013-d146 @A: 07 14 20 13 | 01
#0014-d146 @A: 23 31 33 13 | 11
#0015-d146 @A: 26 23 19 13 | 09
#0016-d146 @A: 23 24 18 13 | 06
#0017-d146 @A: 34 33 13 25 | 04
#0018-d146 @A: 14 25 03 13 | 05
#0019-d146 @A: 35 10 13 17 | 03
#0020-d146 @A: 09 13 01 22 | 10
#0021-d146 @A: 31 29 12 13 | 08
#0022-d146 @A: 05 14 13 19 | 07
#0023-d146 @A: 19 15 13 25 | 12
#0024-d146 @A: 04 25 13 29 | 02
#0025-d146 @A: 30 25 13 11 | 01
#0026-d146 @A: 30 24 35 13 | 11
#0027-d146 @A: 17 13 28 35 | 09
#0028-d146 @A: 07 16 34 01 | 06
#0029-d146 @A: 33 28 10 07 | 04
#0030-d146 @A: 10 07 31 19 | 05
#0031-d146 @A: 12 32 21 07 | 03
#0032-d146 @A: 29 07 06 12 | 10
#0033-d146 @A: 28 31 17 07 | 08
#0034-d146 @A: 02 07 18 28 | 07
#0035-d146 @A: 07 17 09 14 | 12
#0036-d146 @A: 34 07 29 30 | 02
#0037-d146 @A: 19 29 05 07 | 01
#0038-d146 @A: 04 09 29 07 | 11
#0039-d146 @A: 04 28 07 20 | 09
#0040-d146 @A: 07 27 25 34 | 06
#0041-d146 @A: 05 20 34 07 | 04
#0042-d146 @A: 24 07 11 28 | 05
#0043-d146 @A: 29 23 16 26 | 03
#0044-d146 @A: 23 04 16 14 | 10
#0045-d146 @A: 24 16 23 15 | 08
#0046-d146 @A: 23 14 22 17 | 07
#0047-d146 @A: 22 21 20 23 | 12
#0048-d146 @A: 32 21 23 05 | 02
#0049-d146 @A: 30 14 23 18 | 01
#0050-d146 @A: 04 25 23 01 | 11
#0051-d146 @A: 18 19 23 28 | 09
#0052-d146 @A: 23 25 29 30 | 06
#0053-d146 @A: 23 29 11 20 | 04
#0054-d146 @A: 23 19 35 20 | 05
#0055-d146 @A: 17 24 21 23 | 03
#0056-d146 @A: 09 23 35 11 | 10
#0057-d146 @A: 25 23 35 28 | 08
#0058-d146 @A: 16 05 10 33 | 07
#0059-d146 @A: 15 29 33 16 | 12
#0060-d146 @A: 03 28 20 16 | 02
#0061-d146 @A: 09 19 16 10 | 01
#0062-d146 @A: 16 02 28 32 | 11
#0063-d146 @A: 21 26 31 16 | 09
#0064-d146 @A: 02 01 29 16 | 06
#0065-d146 @A: 17 16 06 18 | 04
#0066-d146 @A: 16 29 24 17 | 05
#0067-d146 @A: 25 04 19 16 | 03
#0068-d146 @A: 28 25 16 27 | 10
#0069-d146 @A: 06 05 16 25 | 08
#0070-d146 @A: 06 16 35 09 | 07
#0071-d146 @A: 03 21 32 33 | 12
#0072-d146 @A: 33 31 32 24 | 02
#0073-d146 @A: 33 01 26 24 | 01
#0074-d146 @A: 12 33 09 15 | 11
#0075-d146 @A: 27 35 09 33 | 09
#0076-d146 @A: 35 34 05 33 | 06
#0077-d146 @A: 25 03 32 10 | 04
#0078-d146 @A: 12 06 03 10 | 05
#0079-d146 @A: 32 34 03 12 | 03
#0080-d146 @A: 18 03 26 01 | 10
#0081-d146 @A: 03 26 25 19 | 08
#0082-d146 @A: 24 28 03 02 | 07
#0083-d146 @A: 06 03 24 14 | 12
#0084-d146 @A: 15 27 01 03 | 02
#0085-d146 @A: 30 21 24 03 | 01
#0086-d146 @A: 04 35 19 03 | 11
#0087-d146 @A: 03 19 28 05 | 09
#0088-d146 @A: 25 04 03 20 | 06
#0089-d146 @A: 10 26 22 27 | 04
#0090-d146 @A: 22 10 11 12 | 05
#0091-d146 @A: 15 10 06 22 | 03
#0092-d146 @A: 09 29 10 31 | 10
#0093-d146 @A: 10 01 14 20 | 08
#0094-d146 @A: 10 15 20 19 | 07
#0095-d146 @A: 06 04 10 19 | 12
#0096-d146 @A: 11 10 17 04 | 02
#0097-d146 @A: 12 25 32 22 | 01
#0098-d146 @A: 26 19 22 17 | 11
#0099-d146 @A: 22 15 28 12 | 09
#0100-d146 @A: 22 15 21 02 | 06
#0101-d146 @A: 18 14 06 22 | 04
#0102-d146 @A: 22 18 05 09 | 05
#0103-d146 @A: 29 22 20 35 | 03
#0104-d146 @A: 21 11 22 30 | 10
#0105-d146 @A: 30 35 09 22 | 08
#0106-d146 @A: 06 20 22 09 | 07
#0107-d146 @A: 26 15 27 32 | 12
#0108-d146 @A: 14 12 32 04 | 02
#0109-d146 @A: 32 12 14 28 | 01
#0110-d146 @A: 18 17 31 32 | 11
#0111-d146 @A: 28 20 29 32 | 09
#0112-d146 @A: 30 32 09 34 | 06
#0113-d146 @A: 06 27 32 19 | 04
#0114-d146 @A: 05 27 34 32 | 05
#0115-d146 @A: 24 09 21 32 | 03
#0116-d146 @A: 15 26 09 31 | 10
#0117-d146 @A: 26 14 02 04 | 08
#0118-d146 @A: 26 11 02 28 | 07
#0119-d146 @A: 26 24 25 17 | 12
#0120-d146 @A: 26 09 24 20 | 02
#0121-d146 @A: 11 35 26 06 | 01
#0122-d146 @A: 12 04 15 18 | 11
#0123-d146 @A: 19 12 15 11 | 09
#0124-d146 @A: 12 06 27 04 | 06
#0125-d146 @A: 05 20 12 11 | 04
#0126-d146 @A: 31 34 04 17 | 05
#0127-d146 @A: 25 14 21 02 | 03
#0128-d146 @A: 09 02 15 11 | 10
#0129-d146 @A: 02 18 21 19 | 08
#0130-d146 @A: 29 02 17 30 | 07
#0131-d146 @A: 20 30 02 21 | 12
#0132-d146 @A: 02 25 06 19 | 02
#0133-d146 @A: 11 17 06 02 | 01
#0134-d146 @A: 05 25 02 28 | 11
#0135-d146 @A: 15 19 27 04 | 09
#0136-d146 @A: 04 15 25 09 | 06
#0137-d146 @A: 28 20 21 15 | 04
#0138-d146 @A: 35 34 11 15 | 05
#0139-d146 @A: 25 24 15 21 | 03
#0140-d146 @A: 24 18 27 01 | 10
#0141-d146 @A: 20 01 18 35 | 08
#0142-d146 @A: 06 27 29 01 | 07
#0143-d146 @A: 11 35 01 29 | 12
#0144-d146 @A: 04 06 09 01 | 02
#0145-d146 @A: 01 17 24 20 | 01
#0146-d146 @A: 24 01 05 11 | 11
#0147-d146 @A: 24 18 30 19 | 09
#0148-d146 @A: 05 18 20 25 | 06
#0149-d146 @A: 28 25 30 09 | 04
#0150-d146 @A: 08 22 33 13 | 05
#0151-d146 @A: 13 08 10 11 | 03
#0152-d146 @A: 14 08 07 29 | 10
#0153-d146 @A: 08 34 23 01 | 08
#0154-d146 @A: 16 20 08 33 | 07
#0155-d146 @A: 27 26 33 08 | 12
#0156-d146 @A: 08 18 21 03 | 02
#0157-d146 @A: 12 06 08 02 | 01
#0158-d146 @A: 08 15 19 18 | 11
#0159-d146 @A: 09 15 21 08 | 09
#0160-d146 @A: 28 09 15 08 | 06
#0161-d146 @A: 08 11 29 34 | 04
#0162-d146 @A: 27 08 30 06 | 05
#0163-d146 @A: 06 08 04 24 | 03
#0164-d146 @A: 27 08 24 35 | 10
#0165-d146 @A: 20 08 21 06 | 08
#0166-d146 @A: 35 08 34 21 | 07
#0167-d146 @A: 13 07 29 23 | 12
#0168-d146 @A: 13 07 27 02 | 02
#0169-d146 @A: 13 07 01 35 | 01
#0170-d146 @A: 13 06 22 16 | 11
#0171-d146 @A: 13 11 17 33 | 09
#0172-d146 @A: 15 03 26 13 | 06
#0173-d146 @A: 06 32 10 13 | 04
#0174-d146 @A: 31 22 27 13 | 05
#0175-d146 @A: 26 09 18 13 | 03
#0176-d146 @A: 12 30 09 13 | 10
#0177-d146 @A: 13 31 02 30 | 08
#0178-d146 @A: 13 04 31 14 | 07
#0179-d146 @A: 27 13 15 14 | 12
#0180-d146 @A: 21 13 27 19 | 02
#0181-d146 @A: 27 20 35 13 | 01
#0182-d146 @A: 07 26 23 25 | 11
#0183-d146 @A: 16 10 17 07 | 09
#0184-d146 @A: 18 16 04 07 | 06
#0185-d146 @A: 16 19 07 28 | 04
#0186-d146 @A: 02 03 07 20 | 05
#0187-d146 @A: 29 03 15 07 | 03
#0188-d146 @A: 09 32 06 07 | 10
#0189-d146 @A: 26 07 34 14 | 08
#0190-d146 @A: 07 05 26 01 | 07
#0191-d146 @A: 11 26 07 18 | 12
#0192-d146 @A: 31 07 15 11 | 02
#0193-d146 @A: 34 07 18 19 | 01
#0194-d146 @A: 19 07 27 20 | 11
#0195-d146 @A: 07 35 09 34 | 09
#0196-d146 @A: 16 23 14 28 | 06
#0197-d146 @A: 33 18 09 23 | 04
#0198-d146 @A: 14 20 23 03 | 05
#0199-d146 @A: 23 14 25 10 | 03
#0200-d146 @A: 10 23 09 01 | 10
#0201-d146 @A: 32 23 22 29 | 08
#0202-d146 @A: 28 06 22 23 | 07
#0203-d146 @A: 23 32 31 34 | 12
#0204-d146 @A: 18 23 32 19 | 02
#0205-d146 @A: 30 23 26 01 | 01
#0206-d146 @A: 26 21 23 27 | 11
#0207-d146 @A: 12 18 21 23 | 09
#0208-d146 @A: 04 12 28 23 | 06
#0209-d146 @A: 23 02 14 31 | 04
#0210-d146 @A: 15 23 25 31 | 05
#0211-d146 @A: 31 23 24 01 | 03
#0212-d146 @A: 23 02 15 27 | 10
#0213-d146 @A: 01 02 23 19 | 08
#0214-d146 @A: 23 29 05 04 | 07
#0215-d146 @A: 19 24 23 27 | 12
#0216-d146 @A: 27 05 23 25 | 02
#0217-d146 @A: 23 20 25 06 | 01
#0218-d146 @A: 21 28 23 11 | 11
#0219-d146 @A: 24 34 05 23 | 09
#0220-d146 @A: 03 16 01 21 | 06
#0221-d146 @A: 10 12 30 16 | 04
#0222-d146 @A: 01 22 16 25 | 05
#0223-d146 @A: 19 16 30 22 | 03
#0224-d146 @A: 05 24 16 32 | 10
#0225-d146 @A: 16 26 25 15 | 08
#0226-d146 @A: 19 26 16 18 | 07
#0227-d146 @A: 35 26 16 28 | 12
#0228-d146 @A: 16 19 29 06 | 02
#0229-d146 @A: 19 11 34 16 | 01
#0230-d146 @A: 04 16 21 27 | 11
#0231-d146 @A: 22 10 19 33 | 09
#0232-d146 @A: 33 05 32 15 | 06
#0233-d146 @A: 01 33 35 32 | 04
#0234-d146 @A: 34 12 33 01 | 05
#0235-d146 @A: 28 33 06 31 | 03
#0236-d146 @A: 17 29 33 14 | 10
#0237-d146 @A: 11 33 14 28 | 08
#0238-d146 @A: 33 06 29 34 | 07
#0239-d146 @A: 33 09 17 21 | 12
#0240-d146 @A: 35 28 10 03 | 02
#0241-d146 @A: 32 09 22 03 | 01
#0242-d146 @A: 22 05 26 03 | 11
#0243-d146 @A: 32 17 14 03 | 09
#0244-d146 @A: 02 30 03 26 | 06
#0245-d146 @A: 19 12 03 29 | 04
#0246-d146 @A: 34 29 25 03 | 05
#0247-d146 @A: 03 27 06 17 | 03
#0248-d146 @A: 14 10 35 22 | 10
#0249-d146 @A: 32 10 11 14 | 08
#0250-d146 @A: 21 10 32 35 | 07
#0251-d146 @A: 17 02 20 10 | 12
#0252-d146 @A: 10 01 04 15 | 02
#0253-d146 @A: 19 34 10 17 | 01
#0254-d146 @A: 02 22 32 26 | 11
#0255-d146 @A: 34 22 14 12 | 09
#0256-d146 @A: 19 22 30 28 | 06
#0257-d146 @A: 34 09 25 22 | 04
#0258-d146 @A: 12 02 32 17 | 05
#0259-d146 @A: 32 06 14 31 | 03
#0260-d146 @A: 06 15 20 32 | 10
#0261-d146 @A: 32 24 29 34 | 08
#0262-d146 @A: 24 25 32 19 | 07
#0263-d146 @A: 21 26 02 12 | 12
#0264-d146 @A: 12 35 26 15 | 02
#0265-d146 @A: 20 14 26 31 | 01
#0266-d146 @A: 02 18 29 26 | 11
#0267-d146 @A: 17 26 14 15 | 09
#0268-d146 @A: 14 26 06 01 | 06
#0269-d146 @A: 21 18 26 15 | 04
#0270-d146 @A: 35 26 29 30 | 05
#0271-d146 @A: 04 26 11 09 | 03
#0272-d146 @A: 06 34 26 20 | 10
#0273-d146 @A: 18 12 19 14 | 08
#0274-d146 @A: 01 12 15 25 | 07
#0275-d146 @A: 28 24 29 12 | 12
#0276-d146 @A: 28 17 12 30 | 02
#0277-d146 @A: 31 17 06 01 | 01
#0278-d146 @A: 29 31 05 11 | 11
#0279-d146 @A: 30 25 31 35 | 09
#0280-d146 @A: 30 02 04 06 | 06
#0281-d146 @A: 27 28 02 30 | 04
#0282-d146 @A: 25 09 30 02 | 05
#0283-d146 @A: 02 27 06 05 | 03
#0284-d146 @A: 24 06 15 11 | 10
#0285-d146 @A: 35 34 28 15 | 08
#0286-d146 @A: 25 18 21 01 | 07
#0287-d146 @A: 01 29 17 19 | 12
#0288-d146 @A: 01 20 04 29 | 02
#0289-d146 @A: 25 24 30 01 | 01
#0290-d146 @A: 20 34 01 25 | 11
#0291-d146 @A: 01 35 28 09 | 09
#0292-d146 @A: 29 09 17 18 | 06
#0293-d146 @A: 18 34 29 20 | 04
#0294-d146 @A: 19 35 11 18 | 05
#0295-d146 @A: 18 28 24 04 | 03
#0296-d146 @A: 06 27 34 18 | 10
#0297-d146 @A: 28 25 08 07 | 08
#0298-d146 @A: 23 08 19 10 | 07
#0299-d146 @A: 23 08 24 32 | 12
#0300-d146 @A: 18 08 27 23 | 02
#0301-d146 @A: 08 16 32 06 | 01
#0302-d146 @A: 29 08 31 16 | 11
#0303-d146 @A: 16 08 15 17 | 09
#0304-d146 @A: 08 12 03 09 | 06
#0305-d146 @A: 19 03 11 08 | 04
#0306-d146 @A: 08 14 32 26 | 05
#0307-d146 @A: 19 32 08 31 | 03
#0308-d146 @A: 02 05 08 26 | 10
#0309-d146 @A: 26 04 01 08 | 08
#0310-d146 @A: 06 26 08 19 | 07
#0311-d146 @A: 11 26 08 21 | 12
#0312-d146 @A: 31 12 35 08 | 02
#0313-d146 @A: 24 14 02 08 | 01
#0314-d146 @A: 29 35 08 09 | 11
#0315-d146 @A: 30 24 08 05 | 09
#0316-d146 @A: 28 04 34 08 | 06
#0317-d146 @A: 13 33 05 07 | 04
#0318-d146 @A: 26 13 21 07 | 05
#0319-d146 @A: 28 07 34 13 | 03
#0320-d146 @A: 10 23 15 13 | 10
#0321-d146 @A: 35 15 13 16 | 08
#0322-d146 @A: 29 28 03 13 | 07
#0323-d146 @A: 13 10 19 01 | 12
#0324-d146 @A: 13 05 22 15 | 02
#0325-d146 @A: 20 26 13 01 | 01
#0326-d146 @A: 26 05 13 04 | 11
#0327-d146 @A: 13 06 19 20 | 09
#0328-d146 @A: 34 05 06 13 | 06
#0329-d146 @A: 35 09 13 05 | 04
#0330-d146 @A: 06 07 31 23 | 05
#0331-d146 @A: 23 15 17 07 | 03
#0332-d146 @A: 23 27 35 07 | 10
#0333-d146 @A: 16 32 07 31 | 08
#0334-d146 @A: 22 07 32 20 | 07
#0335-d146 @A: 02 19 07 32 | 12
#0336-d146 @A: 30 07 26 17 | 02
#0337-d146 @A: 27 24 07 04 | 01
#0338-d146 @A: 21 11 35 07 | 11
#0339-d146 @A: 09 23 31 20 | 09
#0340-d146 @A: 24 09 23 25 | 06
#0341-d146 @A: 33 34 31 16 | 04
#0342-d146 @A: 09 16 03 25 | 05
#0343-d146 @A: 16 26 09 32 | 03
#0344-d146 @A: 26 16 14 11 | 10
#0345-d146 @A: 02 12 16 15 | 08
#0346-d146 @A: 16 27 02 35 | 07
#0347-d146 @A: 05 19 15 16 | 12
#0348-d146 @A: 01 11 28 16 | 02
#0349-d146 @A: 16 05 09 04 | 01
#0350-d146 @A: 16 17 05 27 | 11
#0351-d146 @A: 17 11 16 25 | 09
#0352-d146 @A: 33 10 15 25 | 06
#0353-d146 @A: 22 33 04 18 | 04
#0354-d146 @A: 33 06 26 31 | 05
#0355-d146 @A: 33 19 12 06 | 03
#0356-d146 @A: 04 02 33 01 | 10
#0357-d146 @A: 29 05 28 33 | 08
#0358-d146 @A: 29 33 35 24 | 07
#0359-d146 @A: 04 11 33 30 | 12
#0360-d146 @A: 30 17 05 33 | 02
#0361-d146 @A: 24 19 04 33 | 01
#0362-d146 @A: 03 19 18 10 | 11
#0363-d146 @A: 26 32 11 03 | 09
#0364-d146 @A: 24 03 32 01 | 06
#0365-d146 @A: 03 12 11 24 | 04
#0366-d146 @A: 31 18 09 03 | 05
#0367-d146 @A: 04 02 03 09 | 03
#0368-d146 @A: 14 04 03 15 | 10
#0369-d146 @A: 03 28 18 14 | 08
#0370-d146 @A: 15 21 03 05 | 07
#0371-d146 @A: 20 03 29 24 | 12
#0372-d146 @A: 17 19 03 24 | 02
#0373-d146 @A: 21 03 06 28 | 01
#0374-d146 @A: 32 10 02 31 | 11
#0375-d146 @A: 32 10 09 28 | 09
#0376-d146 @A: 11 10 31 06 | 06
#0377-d146 @A: 10 02 04 05 | 04
#0378-d146 @A: 10 30 06 09 | 05
#0379-d146 @A: 35 10 27 06 | 03
#0380-d146 @A: 05 34 10 21 | 10
#0381-d146 @A: 31 21 22 32 | 08
#0382-d146 @A: 27 05 01 22 | 07
#0383-d146 @A: 22 17 29 34 | 12
#0384-d146 @A: 11 22 06 29 | 02
#0385-d146 @A: 05 22 30 20 | 01
#0386-d146 @A: 20 27 24 22 | 11
#0387-d146 @A: 35 22 11 25 | 09
#0388-d146 @A: 26 25 32 01 | 06
#0389-d146 @A: 27 25 32 31 | 04
#0390-d146 @A: 18 32 15 25 | 05
#0391-d146 @A: 32 24 11 35 | 03
#0392-d146 @A: 12 34 29 26 | 10
#0393-d146 @A: 15 26 02 20 | 08
#0394-d146 @A: 01 35 26 09 | 07
#0395-d146 @A: 19 26 21 35 | 12
#0396-d146 @A: 17 26 05 21 | 02
#0397-d146 @A: 35 05 27 26 | 01
#0398-d146 @A: 12 29 20 30 | 11
#0399-d146 @A: 25 21 30 12 | 09
#0400-d146 @A: 29 17 31 25 | 06
#0401-d146 @A: 19 31 20 30 | 04
#0402-d146 @A: 31 35 06 20 | 05
#0403-d146 @A: 31 05 06 09 | 03
#0404-d146 @A: 02 14 01 18 | 10
#0405-d146 @A: 09 02 14 20 | 08
#0406-d146 @A: 29 02 34 35 | 07
#0407-d146 @A: 04 24 02 20 | 12
#0408-d146 @A: 34 21 02 11 | 02
#0409-d146 @A: 18 25 14 04 | 01
#0410-d146 @A: 24 30 28 14 | 11
#0411-d146 @A: 04 34 14 20 | 09
#0412-d146 @A: 06 17 25 14 | 06
#0413-d146 @A: 05 09 34 14 | 04
#0414-d146 @A: 24 30 20 15 | 05
#0415-d146 @A: 06 15 09 19 | 03
#0416-d146 @A: 04 17 24 15 | 10
#0417-d146 @A: 28 17 24 15 | 08
#0418-d146 @A: 34 04 35 18 | 07
#0419-d146 @A: 04 09 29 28 | 12
#0420-d146 @A: 21 13 08 16 | 02
#0421-d146 @A: 13 30 08 03 | 01
#0422-d146 @A: 15 08 29 13 | 11
#0423-d146 @A: 08 31 07 26 | 09
#0424-d146 @A: 35 23 08 16 | 06
#0425-d146 @A: 16 10 25 08 | 04
#0426-d146 @A: 08 18 09 16 | 05
#0427-d146 @A: 29 08 33 12 | 03
#0428-d146 @A: 03 34 04 08 | 10
#0429-d146 @A: 31 10 17 08 | 08
#0430-d146 @A: 32 22 27 08 | 07
#0431-d146 @A: 22 34 06 08 | 12
#0432-d146 @A: 32 04 08 28 | 02
#0433-d146 @A: 24 15 26 08 | 01
#0434-d146 @A: 18 17 26 08 | 11
#0435-d146 @A: 01 08 12 30 | 09
#0436-d146 @A: 12 08 05 18 | 06
#0437-d146 @A: 12 20 08 17 | 04
#0438-d146 @A: 14 08 18 35 | 05
#0439-d146 @A: 01 08 11 15 | 03
#0440-d146 @A: 25 08 21 29 | 10
#0441-d146 @A: 25 05 08 19 | 08
#0442-d146 @A: 24 08 09 17 | 07
#0443-d146 @A: 08 28 35 24 | 12
#0444-d146 @A: 13 07 03 06 | 02
#0445-d146 @A: 17 31 07 13 | 01
#0446-d146 @A: 33 10 13 24 | 11
#0447-d146 @A: 33 14 32 13 | 09
#0448-d146 @A: 01 33 21 13 | 06
#0449-d146 @A: 03 09 10 13 | 04
#0450-d146 @A: 03 24 13 34 | 05
#0451-d146 @A: 30 26 22 13 | 03
#0452-d146 @A: 01 02 13 05 | 10
#0453-d146 @A: 24 14 01 13 | 08
#0454-d146 @A: 15 13 04 11 | 07
#0455-d146 @A: 15 05 13 28 | 12
#0456-d146 @A: 15 13 34 21 | 02
#0457-d146 @A: 20 13 18 30 | 01
#0458-d146 @A: 18 13 28 06 | 11
#0459-d146 @A: 09 13 24 27 | 09
#0460-d146 @A: 01 07 23 18 | 06
#0461-d146 @A: 24 20 07 23 | 04
#0462-d146 @A: 22 27 07 16 | 05
#0463-d146 @A: 03 07 26 27 | 03
#0464-d146 @A: 03 28 30 07 | 10
#0465-d146 @A: 07 22 12 35 | 08
#0466-d146 @A: 12 07 21 28 | 07
#0467-d146 @A: 11 02 07 29 | 12
#0468-d146 @A: 07 15 06 28 | 02
#0469-d146 @A: 07 30 11 24 | 01
#0470-d146 @A: 24 35 19 07 | 11
#0471-d146 @A: 20 35 07 04 | 09
#0472-d146 @A: 06 07 11 04 | 06
#0473-d146 @A: 07 35 05 28 | 04
#0474-d146 @A: 06 23 33 10 | 05
#0475-d146 @A: 33 02 23 20 | 03
#0476-d146 @A: 17 23 28 33 | 10
#0477-d146 @A: 03 10 23 22 | 08
#0478-d146 @A: 23 17 10 26 | 07
#0479-d146 @A: 26 23 32 20 | 12
#0480-d146 @A: 23 12 32 09 | 02
#0481-d146 @A: 23 19 31 12 | 01
#0482-d146 @A: 02 18 25 23 | 11
#0483-d146 @A: 23 24 02 11 | 09
#0484-d146 @A: 11 16 10 02 | 06
#0485-d146 @A: 16 10 01 06 | 04
#0486-d146 @A: 16 09 15 22 | 05
#0487-d146 @A: 32 16 25 14 | 03
#0488-d146 @A: 31 16 27 18 | 10
#0489-d146 @A: 09 24 02 16 | 08
#0490-d146 @A: 11 18 16 15 | 07
#0491-d146 @A: 29 15 28 16 | 12
#0492-d146 @A: 27 25 16 30 | 02
#0493-d146 @A: 16 11 28 30 | 01
#0494-d146 @A: 16 34 35 30 | 11
#0495-d146 @A: 24 16 20 19 | 09
#0496-d146 @A: 16 28 06 34 | 06
#0497-d146 @A: 33 03 22 28 | 04
#0498-d146 @A: 10 33 01 29 | 05
#0499-d146 @A: 33 22 15 26 | 03
#0500-d146 @A: 33 26 17 32 | 10
#0501-d146 @A: 20 32 12 33 | 08
#0502-d146 @A: 28 33 04 26 | 07
#0503-d146 @A: 33 12 11 18 | 12
#0504-d146 @A: 33 12 25 17 | 02
#0505-d146 @A: 33 25 05 04 | 01
#0506-d146 @A: 27 25 33 21 | 11
#0507-d146 @A: 10 27 31 03 | 09
#0508-d146 @A: 19 01 22 03 | 06
#0509-d146 @A: 15 03 12 20 | 04
#0510-d146 @A: 11 03 01 02 | 05
#0511-d146 @A: 03 24 18 02 | 03
#0512-d146 @A: 28 03 01 34 | 10
#0513-d146 @A: 32 19 10 26 | 08
#0514-d146 @A: 27 10 32 12 | 07
#0515-d146 @A: 17 15 10 32 | 12
#0516-d146 @A: 10 31 30 05 | 02
#0517-d146 @A: 18 10 14 29 | 01
#0518-d146 @A: 28 10 14 05 | 11
#0519-d146 @A: 30 29 11 10 | 09
#0520-d146 @A: 10 29 05 06 | 06
#0521-d146 @A: 09 04 35 10 | 04
#0522-d146 @A: 22 18 32 30 | 05
#0523-d146 @A: 32 22 06 24 | 03
#0524-d146 @A: 18 25 22 26 | 10
#0525-d146 @A: 06 12 22 31 | 08
#0526-d146 @A: 02 22 30 12 | 07
#0527-d146 @A: 27 22 29 09 | 12
#0528-d146 @A: 22 27 21 06 | 02
#0529-d146 @A: 22 24 28 05 | 01
#0530-d146 @A: 30 21 32 26 | 11
#0531-d146 @A: 11 29 32 21 | 09
#0532-d146 @A: 20 32 11 30 | 06
#0533-d146 @A: 26 12 31 30 | 04
#0534-d146 @A: 26 01 31 29 | 05
#0535-d146 @A: 15 26 14 28 | 03
#0536-d146 @A: 26 05 20 29 | 10
#0537-d146 @A: 35 26 17 34 | 08
#0538-d146 @A: 12 31 15 27 | 07
#0539-d146 @A: 15 12 05 14 | 12
#0540-d146 @A: 09 05 12 01 | 02
#0541-d146 @A: 35 12 29 25 | 01
#0542-d146 @A: 24 34 21 12 | 11
#0543-d146 @A: 09 21 06 12 | 09
#0544-d146 @A: 28 31 35 02 | 06
#0545-d146 @A: 31 21 20 29 | 04
#0546-d146 @A: 34 19 06 31 | 05
#0547-d146 @A: 21 11 17 31 | 03
#0548-d146 @A: 27 31 24 06 | 10
#0549-d146 @A: 31 24 35 21 | 08
#0550-d146 @A: 14 02 20 28 | 07
#0551-d146 @A: 24 29 19 02 | 12
#0552-d146 @A: 02 30 05 11 | 02
#0553-d146 @A: 14 01 25 11 | 01
#0554-d146 @A: 04 30 14 29 | 11
#0555-d146 @A: 14 28 06 29 | 09
#0556-d146 @A: 21 17 34 14 | 06
#0557-d146 @A: 28 15 27 01 | 04
#0558-d146 @A: 21 29 19 15 | 05
#0559-d146 @A: 15 29 17 20 | 03
#0560-d146 @A: 30 01 29 28 | 10
#0561-d146 @A: 27 17 01 30 | 08
#0562-d146 @A: 01 17 11 09 | 07
#0563-d146 @A: 21 18 30 04 | 12
#0564-d146 @A: 19 28 25 21 | 02
#0565-d146 @A: 28 17 09 06 | 01
#0566-d146 @A: 08 13 24 07 | 11
#0567-d146 @A: 23 08 20 13 | 09
#0568-d146 @A: 08 29 02 23 | 06
#0569-d146 @A: 08 16 12 34 | 04
#0570-d146 @A: 16 08 31 28 | 05
#0571-d146 @A: 22 20 03 08 | 03
#0572-d146 @A: 22 35 08 26 | 10
#0573-d146 @A: 15 34 08 32 | 08
#0574-d146 @A: 20 08 32 18 | 07
#0575-d146 @A: 34 25 26 08 | 12
#0576-d146 @A: 02 15 08 35 | 02
#0577-d146 @A: 08 01 14 17 | 01
#0578-d146 @A: 08 29 17 06 | 11
#0579-d146 @A: 08 30 35 11 | 09
#0580-d146 @A: 08 17 27 19 | 06
#0581-d146 @A: 20 08 04 11 | 04
#0582-d146 @A: 24 34 20 08 | 05
#0583-d146 @A: 30 16 07 13 | 03
#0584-d146 @A: 13 07 11 32 | 10
#0585-d146 @A: 09 23 02 13 | 08
#0586-d146 @A: 16 13 26 17 | 07
#0587-d146 @A: 12 13 04 16 | 12
#0588-d146 @A: 28 24 16 13 | 02
#0589-d146 @A: 13 20 03 33 | 01
#0590-d146 @A: 31 10 13 21 | 11
#0591-d146 @A: 13 22 11 14 | 09
#0592-d146 @A: 22 28 20 13 | 06
#0593-d146 @A: 35 34 13 22 | 04
#0594-d146 @A: 09 32 13 31 | 05
#0595-d146 @A: 32 15 02 13 | 03
#0596-d146 @A: 24 13 04 32 | 10
#0597-d146 @A: 13 28 32 21 | 08
#0598-d146 @A: 12 11 13 21 | 07
#0599-d146 @A: 25 12 13 06 | 12
#0600-d146 @A: 13 15 01 17 | 02
#0601-d146 @A: 13 34 19 29 | 01
#0602-d146 @A: 05 13 27 30 | 11
#0603-d146 @A: 06 21 13 30 | 09
#0604-d146 @A: 33 06 16 07 | 06
#0605-d146 @A: 12 07 33 31 | 04
#0606-d146 @A: 07 02 33 30 | 05
#0607-d146 @A: 01 33 25 07 | 03
#0608-d146 @A: 18 07 05 10 | 10
#0609-d146 @A: 07 02 35 26 | 08
#0610-d146 @A: 15 26 19 07 | 07
#0611-d146 @A: 01 24 07 02 | 12
#0612-d146 @A: 07 01 19 21 | 02
#0613-d146 @A: 07 21 24 29 | 01
#0614-d146 @A: 19 09 30 07 | 11
#0615-d146 @A: 07 06 24 34 | 09
#0616-d146 @A: 05 33 23 26 | 06
#0617-d146 @A: 29 21 33 23 | 04
#0618-d146 @A: 34 03 09 23 | 05
#0619-d146 @A: 30 22 23 06 | 03
#0620-d146 @A: 02 23 32 04 | 10
#0621-d146 @A: 06 23 26 02 | 08
#0622-d146 @A: 23 35 12 02 | 07
#0623-d146 @A: 15 12 23 29 | 12
#0624-d146 @A: 04 34 23 11 | 02
#0625-d146 @A: 06 23 17 34 | 01
#0626-d146 @A: 31 04 16 03 | 11
#0627-d146 @A: 05 11 03 16 | 09
#0628-d146 @A: 10 16 24 21 | 06
#0629-d146 @A: 16 11 32 22 | 04
#0630-d146 @A: 01 18 32 16 | 05
#0631-d146 @A: 12 16 31 11 | 03
#0632-d146 @A: 12 25 16 18 | 10
#0633-d146 @A: 19 31 16 35 | 08
#0634-d146 @A: 06 15 16 14 | 07
#0635-d146 @A: 30 16 20 04 | 12
#0636-d146 @A: 16 30 24 06 | 02
#0637-d146 @A: 26 33 20 18 | 01
#0638-d146 @A: 30 09 24 33 | 11
#0639-d146 @A: 06 05 21 33 | 09
#0640-d146 @A: 09 28 33 34 | 06
#0641-d146 @A: 15 11 03 10 | 04
#0642-d146 @A: 31 22 03 35 | 05
#0643-d146 @A: 03 14 22 29 | 03
#0644-d146 @A: 04 22 03 11 | 10
#0645-d146 @A: 30 03 12 18 | 08
#0646-d146 @A: 29 03 02 31 | 07
#0647-d146 @A: 01 34 03 14 | 12
#0648-d146 @A: 21 03 29 06 | 02
#0649-d146 @A: 03 05 20 09 | 01
#0650-d146 @A: 34 31 10 22 | 11
#0651-d146 @A: 10 29 22 02 | 09
#0652-d146 @A: 21 12 10 29 | 06
#0653-d146 @A: 15 10 14 34 | 04
#0654-d146 @A: 10 04 30 27 | 05
#0655-d146 @A: 17 24 05 10 | 03
#0656-d146 @A: 21 06 17 10 | 10
#0657-d146 @A: 10 35 24 34 | 08
#0658-d146 @A: 22 28 09 26 | 07
#0659-d146 @A: 20 22 04 12 | 12
#0660-d146 @A: 31 22 27 28 | 02
#0661-d146 @A: 02 22 28 01 | 01
#0662-d146 @A: 22 30 14 01 | 11
#0663-d146 @A: 15 18 27 22 | 09
#0664-d146 @A: 27 22 04 25 | 06
#0665-d146 @A: 17 22 35 27 | 04
#0666-d146 @A: 35 31 32 26 | 05
#0667-d146 @A: 32 21 25 17 | 03
#0668-d146 @A: 21 34 06 32 | 10
#0669-d146 @A: 12 14 25 26 | 08
#0670-d146 @A: 01 19 12 26 | 07
#0671-d146 @A: 02 25 31 26 | 12
#0672-d146 @A: 11 15 26 30 | 02
#0673-d146 @A: 26 17 29 04 | 01
#0674-d146 @A: 24 26 30 04 | 11
#0675-d146 @A: 27 20 30 26 | 09
#0676-d146 @A: 34 26 30 28 | 06
#0677-d146 @A: 25 09 27 26 | 04
#0678-d146 @A: 21 20 26 25 | 05
#0679-d146 @A: 26 25 05 11 | 03
#0680-d146 @A: 02 31 12 09 | 10
#0681-d146 @A: 12 31 01 04 | 08
#0682-d146 @A: 27 29 05 12 | 07
#0683-d146 @A: 19 25 12 20 | 12
#0684-d146 @A: 31 34 24 02 | 02
#0685-d146 @A: 06 31 18 21 | 01
#0686-d146 @A: 34 27 31 29 | 11
#0687-d146 @A: 31 34 30 21 | 09
#0688-d146 @A: 31 05 19 28 | 06
#0689-d146 @A: 31 19 09 24 | 04
#0690-d146 @A: 25 34 31 11 | 05
#0691-d146 @A: 21 29 05 02 | 03
#0692-d146 @A: 14 20 25 30 | 10
#0693-d146 @A: 04 24 09 14 | 08
#0694-d146 @A: 06 15 04 29 | 07
#0695-d146 @A: 15 29 11 25 | 12
#0696-d146 @A: 15 30 17 06 | 02
#0697-d146 @A: 15 35 04 05 | 01
#0698-d146 @A: 05 17 15 11 | 11
#0699-d146 @A: 15 24 09 05 | 09
#0700-d146 @A: 30 01 19 11 | 06
#0701-d146 @A: 30 01 06 34 | 04
#0702-d146 @A: 17 01 35 21 | 05
#0703-d146 @A: 01 27 35 34 | 03
#0704-d146 @A: 01 20 06 05 | 10
#0705-d146 @A: 18 06 25 29 | 08
#0706-d146 @A: 18 05 34 30 | 07
#0707-d146 @A: 21 18 27 17 | 12
#0708-d146 @A: 09 18 21 34 | 02
#0709-d146 @A: 29 21 27 28 | 01
#0710-d146 @A: 34 29 28 25 | 11
#0711-d146 @A: 28 20 17 11 | 09
#0712-d146 @A: 34 27 11 28 | 06
#0713-d146 @A: 07 11 09 08 | 04
#0714-d146 @A: 06 15 08 23 | 05
#0715-d146 @A: 08 28 21 33 | 03
#0716-d146 @A: 22 08 30 31 | 10
#0717-d146 @A: 22 08 01 18 | 08
#0718-d146 @A: 11 22 17 08 | 07
#0719-d146 @A: 27 31 01 08 | 12
#0720-d146 @A: 31 08 25 18 | 02
#0721-d146 @A: 29 08 02 28 | 01
#0722-d146 @A: 21 24 19 08 | 11
#0723-d146 @A: 17 35 04 08 | 09
#0724-d146 @A: 09 27 08 05 | 06
#0725-d146 @A: 34 12 07 13 | 04
#0726-d146 @A: 13 11 23 05 | 05
#0727-d146 @A: 34 16 14 13 | 03
#0728-d146 @A: 03 13 21 02 | 10
#0729-d146 @A: 13 09 03 28 | 08
#0730-d146 @A: 13 24 02 26 | 07
#0731-d146 @A: 24 13 15 12 | 12
#0732-d146 @A: 01 31 34 13 | 02
#0733-d146 @A: 18 35 13 31 | 01
#0734-d146 @A: 13 28 11 31 | 11
#0735-d146 @A: 05 13 25 31 | 09
#0736-d146 @A: 11 27 29 13 | 06
#0737-d146 @A: 19 30 13 04 | 04
#0738-d146 @A: 20 07 33 15 | 05
#0739-d146 @A: 07 33 29 18 | 03
#0740-d146 @A: 22 30 03 07 | 10
#0741-d146 @A: 15 12 10 07 | 08
#0742-d146 @A: 29 32 01 07 | 07
#0743-d146 @A: 07 02 12 25 | 12
#0744-d146 @A: 25 14 31 07 | 02
#0745-d146 @A: 15 04 02 07 | 01
#0746-d146 @A: 07 34 11 17 | 11
#0747-d146 @A: 20 09 07 25 | 09
#0748-d146 @A: 06 05 07 35 | 06
#0749-d146 @A: 25 06 07 21 | 04
#0750-d146 @A: 32 10 23 16 | 05
#0751-d146 @A: 17 16 23 31 | 03
#0752-d146 @A: 23 28 10 26 | 10
#0753-d146 @A: 18 35 10 23 | 08
#0754-d146 @A: 05 20 10 23 | 07
#0755-d146 @A: 18 26 23 34 | 12
#0756-d146 @A: 28 29 23 31 | 02
#0757-d146 @A: 02 30 23 34 | 01
#0758-d146 @A: 04 27 23 20 | 11
#0759-d146 @A: 06 04 21 23 | 09
#0760-d146 @A: 23 17 27 11 | 06
#0761-d146 @A: 16 33 32 19 | 04
#0762-d146 @A: 30 16 33 01 | 05
#0763-d146 @A: 03 12 16 17 | 03
#0764-d146 @A: 16 21 02 32 | 10
#0765-d146 @A: 20 16 12 21 | 08
#0766-d146 @A: 06 02 31 16 | 07
#0767-d146 @A: 01 35 14 16 | 12
#0768-d146 @A: 16 17 04 01 | 02
#0769-d146 @A: 21 29 16 30 | 01
#0770-d146 @A: 25 24 35 16 | 11
#0771-d146 @A: 33 26 12 03 | 09
#0772-d146 @A: 25 33 03 18 | 06
#0773-d146 @A: 33 26 10 11 | 04
#0774-d146 @A: 14 33 10 04 | 05
#0775-d146 @A: 33 11 15 14 | 03
#0776-d146 @A: 15 33 19 17 | 10
#0777-d146 @A: 05 18 27 33 | 08
#0778-d146 @A: 11 33 06 27 | 07
#0779-d146 @A: 06 25 33 24 | 12
#0780-d146 @A: 03 22 15 24 | 02
#0781-d146 @A: 26 21 04 03 | 01
#0782-d146 @A: 03 01 35 12 | 11
#0783-d146 @A: 03 31 15 06 | 09
#0784-d146 @A: 02 03 25 15 | 06
#0785-d146 @A: 03 18 05 14 | 04
#0786-d146 @A: 03 27 09 19 | 05
#0787-d146 @A: 21 20 03 19 | 03
#0788-d146 @A: 03 27 28 04 | 10
#0789-d146 @A: 17 34 20 03 | 08
#0790-d146 @A: 10 26 31 24 | 07
#0791-d146 @A: 09 02 26 10 | 12
#0792-d146 @A: 29 10 15 26 | 02
#0793-d146 @A: 18 30 10 26 | 01
#0794-d146 @A: 12 01 17 10 | 11
#0795-d146 @A: 12 18 10 20 | 09
#0796-d146 @A: 28 02 10 21 | 06
#0797-d146 @A: 10 20 28 25 | 04
#0798-d146 @A: 22 31 14 09 | 05
#0799-d146 @A: 02 22 35 04 | 03
#0800-d146 @A: 24 29 22 30 | 10
#0801-d146 @A: 19 22 05 04 | 08
#0802-d146 @A: 22 19 21 09 | 07
#0803-d146 @A: 24 35 05 22 | 12
#0804-d146 @A: 12 32 06 01 | 02
#0805-d146 @A: 32 18 34 11 | 01
#0806-d146 @A: 28 19 27 32 | 11
#0807-d146 @A: 27 17 24 32 | 09
#0808-d146 @A: 12 26 18 06 | 06
#0809-d146 @A: 26 12 25 28 | 04
#0810-d146 @A: 14 19 26 30 | 05
#0811-d146 @A: 35 26 24 18 | 03
#0812-d146 @A: 05 26 09 30 | 10
#0813-d146 @A: 21 28 24 26 | 08
#0814-d146 @A: 12 01 27 02 | 07
#0815-d146 @A: 29 24 09 12 | 12
#0816-d146 @A: 05 12 25 34 | 02
#0817-d146 @A: 19 31 11 04 | 01
#0818-d146 @A: 31 27 05 21 | 11
#0819-d146 @A: 18 17 02 15 | 09
#0820-d146 @A: 27 02 19 30 | 06
#0821-d146 @A: 19 02 09 05 | 04
#0822-d146 @A: 14 15 20 18 | 05
#0823-d146 @A: 28 04 14 21 | 03
#0824-d146 @A: 14 11 20 27 | 10
#0825-d146 @A: 20 21 35 14 | 08
#0826-d146 @A: 05 24 21 14 | 07
#0827-d146 @A: 29 15 05 30 | 12
#0828-d146 @A: 04 15 20 21 | 02
#0829-d146 @A: 06 25 27 15 | 01
#0830-d146 @A: 05 01 29 18 | 11
#0831-d146 @A: 11 06 01 18 | 09
#0832-d146 @A: 01 27 25 19 | 06
#0833-d146 @A: 01 19 20 09 | 04
#0834-d146 @A: 01 05 35 19 | 05
#0835-d146 @A: 34 04 05 01 | 03
#0836-d146 @A: 28 05 30 18 | 10
#0837-d146 @A: 09 25 18 19 | 08
#0838-d146 @A: 27 09 18 04 | 07
#0839-d146 @A: 18 11 28 09 | 12
#0840-d146 @A: 35 19 04 28 | 02
#0841-d146 @A: 34 24 28 20 | 01
#0842-d146 @A: 08 07 33 04 | 11
#0843-d146 @A: 22 08 21 07 | 09
#0844-d146 @A: 19 07 08 12 | 06
#0845-d146 @A: 06 18 08 07 | 04
#0846-d146 @A: 08 14 11 23 | 05
#0847-d146 @A: 28 23 08 05 | 03
#0848-d146 @A: 19 01 16 08 | 10
#0849-d146 @A: 33 15 08 03 | 08
#0850-d146 @A: 10 08 09 22 | 07
#0851-d146 @A: 10 06 14 08 | 12
#0852-d146 @A: 28 10 08 17 | 02
#0853-d146 @A: 04 09 08 32 | 01
#0854-d146 @A: 14 21 12 08 | 11
#0855-d146 @A: 09 01 08 02 | 09
#0856-d146 @A: 11 08 18 02 | 06
#0857-d146 @A: 14 15 08 30 | 04
#0858-d146 @A: 29 19 04 08 | 05
#0859-d146 @A: 30 08 34 19 | 03
#0860-d146 @A: 06 08 19 28 | 10
#0861-d146 @A: 09 13 33 16 | 08
#0862-d146 @A: 11 16 13 01 | 07
#0863-d146 @A: 04 06 33 13 | 12
#0864-d146 @A: 10 28 12 13 | 02
#0865-d146 @A: 25 22 13 02 | 01
#0866-d146 @A: 21 22 13 24 | 11
#0867-d146 @A: 27 32 13 01 | 09
#0868-d146 @A: 13 32 21 18 | 06
#0869-d146 @A: 25 13 32 35 | 04
#0870-d146 @A: 02 13 04 28 | 05
#0871-d146 @A: 18 13 06 15 | 03
#0872-d146 @A: 20 13 29 09 | 10
#0873-d146 @A: 20 34 13 11 | 08
#0874-d146 @A: 05 20 21 13 | 07
#0875-d146 @A: 25 13 24 20 | 12
#0876-d146 @A: 09 22 23 07 | 02
#0877-d146 @A: 23 07 28 32 | 01
#0878-d146 @A: 23 05 07 12 | 11
#0879-d146 @A: 29 07 16 25 | 09
#0880-d146 @A: 07 33 27 32 | 06
#0881-d146 @A: 33 09 26 07 | 04
#0882-d146 @A: 20 10 07 29 | 05
#0883-d146 @A: 22 02 06 07 | 03
#0884-d146 @A: 22 14 28 07 | 10
#0885-d146 @A: 22 18 07 24 | 08
#0886-d146 @A: 32 24 07 15 | 07
#0887-d146 @A: 12 01 07 11 | 12
#0888-d146 @A: 15 01 07 06 | 02
#0889-d146 @A: 29 27 17 07 | 01
#0890-d146 @A: 07 27 21 30 | 11
#0891-d146 @A: 25 11 19 07 | 09
#0892-d146 @A: 25 04 17 07 | 06
#0893-d146 @A: 23 27 16 33 | 04
#0894-d146 @A: 20 16 18 23 | 05
#0895-d146 @A: 23 01 32 17 | 03
#0896-d146 @A: 27 01 23 14 | 10
#0897-d146 @A: 04 23 09 30 | 08
#0898-d146 @A: 12 16 26 05 | 07
#0899-d146 @A: 27 06 16 20 | 12
#0900-d146 @A: 03 22 33 27 | 02
#0901-d146 @A: 10 32 09 33 | 01
#0902-d146 @A: 33 02 27 10 | 11
#0903-d146 @A: 33 22 09 02 | 09
#0904-d146 @A: 22 14 20 33 | 06
#0905-d146 @A: 33 25 28 22 | 04
#0906-d146 @A: 02 33 32 11 | 05
#0907-d146 @A: 30 34 26 33 | 03
#0908-d146 @A: 04 12 33 21 | 10
#0909-d146 @A: 14 33 02 05 | 08
#0910-d146 @A: 01 27 33 20 | 07
#0911-d146 @A: 21 33 30 19 | 12
#0912-d146 @A: 33 30 35 20 | 02
#0913-d146 @A: 34 09 33 11 | 01
#0914-d146 @A: 02 10 03 35 | 11
#0915-d146 @A: 14 10 03 21 | 09
#0916-d146 @A: 18 22 03 34 | 06
#0917-d146 @A: 03 17 31 26 | 04
#0918-d146 @A: 09 14 03 26 | 05
#0919-d146 @A: 20 03 26 35 | 03
#0920-d146 @A: 21 12 31 03 | 10
#0921-d146 @A: 01 03 31 25 | 08
#0922-d146 @A: 05 35 03 29 | 07
#0923-d146 @A: 04 03 17 30 | 12
#0924-d146 @A: 03 24 27 05 | 02
#0925-d146 @A: 28 25 11 03 | 01
#0926-d146 @A: 22 17 30 10 | 11
#0927-d146 @A: 20 32 10 04 | 09
#0928-d146 @A: 12 10 25 31 | 06
#0929-d146 @A: 10 01 31 28 | 04
#0930-d146 @A: 24 14 10 19 | 05
#0931-d146 @A: 35 19 29 10 | 03
#0932-d146 @A: 25 04 21 10 | 10
#0933-d146 @A: 24 10 28 27 | 08
#0934-d146 @A: 10 06 20 24 | 07
#0935-d146 @A: 10 05 35 25 | 12
#0936-d146 @A: 32 04 22 01 | 02
#0937-d146 @A: 20 22 02 18 | 01
#0938-d146 @A: 17 22 02 24 | 11
#0939-d146 @A: 22 01 15 29 | 09
#0940-d146 @A: 34 28 18 22 | 06
#0941-d146 @A: 25 29 22 19 | 04
#0942-d146 @A: 04 21 22 29 | 05
#0943-d146 @A: 26 32 18 05 | 03
#0944-d146 @A: 32 11 01 31 | 10
#0945-d146 @A: 18 14 32 09 | 08
#0946-d146 @A: 17 29 32 05 | 07
#0947-d146 @A: 28 06 34 32 | 12
#0948-d146 @A: 26 25 35 04 | 02
#0949-d146 @A: 31 14 17 12 | 01
#0950-d146 @A: 24 12 31 18 | 11
#0951-d146 @A: 31 12 34 28 | 09
#0952-d146 @A: 12 17 35 06 | 06
#0953-d146 @A: 12 35 24 20 | 04
#0954-d146 @A: 12 05 24 06 | 05
#0955-d146 @A: 19 02 15 31 | 03
#0956-d146 @A: 14 30 28 31 | 10
#0957-d146 @A: 01 15 31 05 | 08
#0958-d146 @A: 31 24 29 04 | 07
#0959-d146 @A: 17 09 31 35 | 12
#0960-d146 @A: 06 20 29 02 | 02
#0961-d146 @A: 17 19 02 35 | 01
#0962-d146 @A: 02 04 11 25 | 11
#0963-d146 @A: 20 27 02 34 | 09
#0964-d146 @A: 01 15 14 19 | 06
#0965-d146 @A: 21 29 14 27 | 04
#0966-d146 @A: 14 29 24 11 | 05
#0967-d146 @A: 30 14 24 34 | 03
#0968-d146 @A: 14 19 09 11 | 10
#0969-d146 @A: 35 04 14 06 | 08
#0970-d146 @A: 34 14 17 28 | 07
#0971-d146 @A: 27 35 14 28 | 12
#0972-d146 @A: 27 15 17 34 | 02
#0973-d146 @A: 18 09 30 01 | 01
#0974-d146 @A: 27 11 04 01 | 11
#0975-d146 @A: 01 05 25 17 | 09
#0976-d146 @A: 01 06 25 35 | 06
#0977-d146 @A: 06 18 30 35 | 04
#0978-d146 @A: 27 35 25 18 | 05
#0979-d146 @A: 21 20 24 18 | 03
#0980-d146 @A: 24 06 18 09 | 10
#0981-d146 @A: 04 13 27 08 | 08
#0982-d146 @A: 07 08 17 32 | 07
#0983-d146 @A: 33 23 17 08 | 12
#0984-d146 @A: 34 33 08 10 | 02
#0985-d146 @A: 35 32 08 03 | 01
#0986-d146 @A: 08 14 22 04 | 11
#0987-d146 @A: 08 11 22 28 | 09
#0988-d146 @A: 12 08 27 25 | 06
#0989-d146 @A: 31 34 09 08 | 04
#0990-d146 @A: 27 14 34 08 | 05
#0991-d146 @A: 08 15 20 25 | 03
#0992-d146 @A: 08 30 21 17 | 10
#0993-d146 @A: 20 28 27 08 | 08
#0994-d146 @A: 20 16 13 32 | 07
#0995-d146 @A: 13 05 16 18 | 12
#0996-d146 @A: 35 33 26 13 | 02
#0997-d146 @A: 14 13 30 10 | 01
#0998-d146 @A: 27 18 10 13 | 11
#0999-d146 @A: 17 32 13 22 | 09
#1000-d146 @A: 26 13 11 31 | 06
#1001-d146 @A: 26 29 13 14 | 04
#1002-d146 @A: 12 35 13 14 | 05
#1003-d146 @A: 01 13 18 12 | 03
#1004-d146 @A: 14 06 13 02 | 10
#1005-d146 @A: 02 07 16 23 | 08
#1006-d146 @A: 34 33 23 07 | 07
#1007-d146 @A: 23 03 07 21 | 12
#1008-d146 @A: 07 19 04 23 | 02
#1009-d146 @A: 03 05 32 07 | 01
#1010-d146 @A: 10 34 32 07 | 11
#1011-d146 @A: 35 07 32 18 | 09
#1012-d146 @A: 07 27 12 18 | 06
#1013-d146 @A: 07 31 30 01 | 04
#1014-d146 @A: 11 07 27 05 | 05
#1015-d146 @A: 27 09 28 07 | 03
#1016-d146 @A: 01 16 23 05 | 10
#1017-d146 @A: 19 14 33 23 | 08
#1018-d146 @A: 23 33 35 15 | 07
#1019-d146 @A: 23 21 02 10 | 12
#1020-d146 @A: 26 11 12 23 | 02
#1021-d146 @A: 23 19 30 05 | 01
#1022-d146 @A: 30 35 21 23 | 11
#1023-d146 @A: 23 06 19 11 | 09
#1024-d146 @A: 24 35 23 04 | 06
#1025-d146 @A: 03 16 30 32 | 04
#1026-d146 @A: 26 16 06 03 | 05
#1027-d146 @A: 32 12 16 35 | 03
#1028-d146 @A: 15 04 32 16 | 10
#1029-d146 @A: 16 02 34 26 | 08
#1030-d146 @A: 27 26 16 01 | 07
#1031-d146 @A: 16 04 06 34 | 12
#1032-d146 @A: 16 05 35 21 | 02
#1033-d146 @A: 29 03 11 33 | 01
#1034-d146 @A: 30 32 28 33 | 11
#1035-d146 @A: 21 33 14 26 | 09
#1036-d146 @A: 31 19 33 01 | 06
#1037-d146 @A: 20 09 33 04 | 04
#1038-d146 @A: 24 33 17 34 | 05
#1039-d146 @A: 20 21 33 34 | 03
#1040-d146 @A: 33 20 28 35 | 10
#1041-d146 @A: 24 03 10 04 | 08
#1042-d146 @A: 03 31 32 20 | 07
#1043-d146 @A: 32 28 31 03 | 12
#1044-d146 @A: 03 02 19 14 | 02
#1045-d146 @A: 01 20 03 30 | 01
#1046-d146 @A: 29 30 03 09 | 11
#1047-d146 @A: 03 30 11 34 | 09
#1048-d146 @A: 03 34 21 27 | 06
#1049-d146 @A: 24 18 10 32 | 04
#1050-d146 @A: 26 10 01 21 | 05
#1051-d146 @A: 28 10 15 30 | 03
#1052-d146 @A: 01 10 34 11 | 10
#1053-d146 @A: 04 10 34 29 | 08
#1054-d146 @A: 27 19 05 10 | 07
#1055-d146 @A: 24 11 10 27 | 12
#1056-d146 @A: 20 11 35 10 | 02
#1057-d146 @A: 05 10 11 09 | 01
#1058-d146 @A: 02 22 01 34 | 11
#1059-d146 @A: 11 24 22 09 | 09
#1060-d146 @A: 12 32 18 29 | 06
#1061-d146 @A: 34 14 02 32 | 04
#1062-d146 @A: 02 05 32 35 | 05
#1063-d146 @A: 14 32 27 30 | 03
#1064-d146 @A: 28 15 32 11 | 10
#1065-d146 @A: 11 19 17 32 | 08
#1066-d146 @A: 04 32 34 25 | 07
#1067-d146 @A: 05 32 25 09 | 12
#1068-d146 @A: 28 26 20 31 | 02
#1069-d146 @A: 18 26 14 27 | 01
#1070-d146 @A: 20 26 04 19 | 11
#1071-d146 @A: 34 19 09 26 | 09
#1072-d146 @A: 26 27 28 17 | 06
#1073-d146 @A: 11 26 17 20 | 04
#1074-d146 @A: 28 05 06 26 | 05
#1075-d146 @A: 31 12 20 34 | 03
#1076-d146 @A: 12 05 27 28 | 10
#1077-d146 @A: 35 11 28 12 | 08
#1078-d146 @A: 31 35 34 14 | 07
#1079-d146 @A: 25 31 06 04 | 12
#1080-d146 @A: 31 24 28 25 | 02
#1081-d146 @A: 14 02 30 35 | 01
#1082-d146 @A: 34 02 05 15 | 11
#1083-d146 @A: 34 19 04 02 | 09
#1084-d146 @A: 09 21 30 14 | 06
#1085-d146 @A: 05 27 04 14 | 04
#1086-d146 @A: 20 19 15 28 | 05
#1087-d146 @A: 17 34 18 01 | 03
#1088-d146 @A: 21 01 04 24 | 10
#1089-d146 @A: 01 09 34 24 | 08
#1090-d146 @A: 06 28 25 01 | 07
#1091-d146 @A: 27 29 18 19 | 12
#1092-d146 @A: 17 25 18 30 | 02
#1093-d146 @A: 21 34 28 05 | 01
#1094-d146 @A: 13 19 08 35 | 11
#1095-d146 @A: 25 08 35 07 | 09
#1096-d146 @A: 08 04 12 23 | 06
#1097-d146 @A: 08 21 31 23 | 04
#1098-d146 @A: 25 33 14 08 | 05
#1099-d146 @A: 18 08 33 24 | 03
#1100-d146 @A: 08 26 03 29 | 10
#1101-d146 @A: 24 08 31 03 | 08
#1102-d146 @A: 08 20 26 10 | 07
#1103-d146 @A: 08 15 12 22 | 12
#1104-d146 @A: 05 29 22 08 | 02
#1105-d146 @A: 01 08 24 29 | 01
#1106-d146 @A: 13 30 32 23 | 11
#1107-d146 @A: 21 13 14 23 | 09
#1108-d146 @A: 03 27 16 13 | 06
#1109-d146 @A: 29 02 33 13 | 04
#1110-d146 @A: 17 03 13 05 | 05
#1111-d146 @A: 26 25 13 10 | 03
#1112-d146 @A: 34 13 10 02 | 10
#1113-d146 @A: 32 26 34 13 | 08
#1114-d146 @A: 01 30 29 13 | 07
#1115-d146 @A: 29 21 17 13 | 12
#1116-d146 @A: 13 09 17 19 | 02
#1117-d146 @A: 09 34 04 13 | 01
#1118-d146 @A: 07 12 16 09 | 11
#1119-d146 @A: 16 15 07 21 | 09
#1120-d146 @A: 11 07 20 16 | 06
#1121-d146 @A: 17 33 07 35 | 04
#1122-d146 @A: 17 07 18 03 | 05
#1123-d146 @A: 25 24 03 07 | 03
#1124-d146 @A: 07 25 22 10 | 10
#1125-d146 @A: 26 07 10 06 | 08
#1126-d146 @A: 10 02 14 07 | 07
#1127-d146 @A: 07 27 10 01 | 12
#1128-d146 @A: 10 35 30 07 | 02
#1129-d146 @A: 07 22 31 04 | 01
#1130-d146 @A: 21 02 07 31 | 11
#1131-d146 @A: 02 05 07 17 | 09
#1132-d146 @A: 09 07 05 21 | 06
#1133-d146 @A: 03 23 25 12 | 04
#1134-d146 @A: 02 03 17 23 | 05
#1135-d146 @A: 28 23 03 15 | 03
#1136-d146 @A: 01 23 03 29 | 10
#1137-d146 @A: 10 23 12 34 | 08
#1138-d146 @A: 15 23 32 11 | 07
#1139-d146 @A: 01 12 20 23 | 12
#1140-d146 @A: 34 23 14 29 | 02
#1141-d146 @A: 23 05 14 06 | 01
#1142-d146 @A: 20 15 34 23 | 11
#1143-d146 @A: 23 17 30 20 | 09
#1144-d146 @A: 09 23 05 17 | 06
#1145-d146 @A: 33 03 16 24 | 04
#1146-d146 @A: 33 14 12 16 | 05
#1147-d146 @A: 33 28 16 12 | 03
#1148-d146 @A: 04 22 10 16 | 10
#1149-d146 @A: 05 02 16 20 | 08
#1150-d146 @A: 05 16 14 30 | 07
#1151-d146 @A: 09 27 14 16 | 12
#1152-d146 @A: 16 17 35 20 | 02
#1153-d146 @A: 16 09 34 20 | 01
#1154-d146 @A: 01 33 06 22 | 11
#1155-d146 @A: 21 33 35 22 | 09
#1156-d146 @A: 02 33 26 19 | 06
#1157-d146 @A: 02 12 33 24 | 04
#1158-d146 @A: 31 35 33 04 | 05
#1159-d146 @A: 02 18 35 33 | 03
#1160-d146 @A: 14 33 01 09 | 10
#1161-d146 @A: 04 34 15 33 | 08
#1162-d146 @A: 33 19 34 27 | 07
#1163-d146 @A: 06 17 20 33 | 12
#1164-d146 @A: 11 20 25 33 | 02
#1165-d146 @A: 03 29 10 17 | 01
#1166-d146 @A: 21 17 22 03 | 11
#1167-d146 @A: 22 06 25 03 | 09
#1168-d146 @A: 32 18 04 03 | 06
#1169-d146 @A: 12 03 05 02 | 04
#1170-d146 @A: 03 18 27 20 | 05
#1171-d146 @A: 03 35 27 30 | 03
#1172-d146 @A: 04 03 05 06 | 10
#1173-d146 @A: 11 03 35 17 | 08
#1174-d146 @A: 10 22 28 29 | 07
#1175-d146 @A: 10 30 32 01 | 12
#1176-d146 @A: 10 24 15 02 | 02
#1177-d146 @A: 27 17 10 14 | 01
#1178-d146 @A: 21 15 10 30 | 11
#1179-d146 @A: 10 20 27 25 | 09
#1180-d146 @A: 28 11 10 06 | 06
#1181-d146 @A: 22 09 12 26 | 04
#1182-d146 @A: 04 06 22 26 | 05
#1183-d146 @A: 22 19 24 12 | 03
#1184-d146 @A: 02 11 22 31 | 10
#1185-d146 @A: 30 27 22 34 | 08
#1186-d146 @A: 21 22 25 05 | 07
#1187-d146 @A: 26 32 24 12 | 12
#1188-d146 @A: 29 06 32 26 | 02
#1189-d146 @A: 31 29 15 32 | 01
#1190-d146 @A: 01 02 20 32 | 11
#1191-d146 @A: 14 35 32 29 | 09
#1192-d146 @A: 01 34 19 32 | 06
#1193-d146 @A: 25 28 18 32 | 04
#1194-d146 @A: 17 30 32 35 | 05
#1195-d146 @A: 05 06 30 32 | 03
#1196-d146 @A: 04 21 32 19 | 10
#1197-d146 @A: 32 35 19 09 | 08
#1198-d146 @A: 27 26 17 12 | 07
#1199-d146 @A: 26 11 19 29 | 12
#1200-d146 @A: 17 09 06 26 | 02
#1201-d146 @A: 14 11 12 02 | 01
#1202-d146 @A: 12 02 34 18 | 11
#1203-d146 @A: 04 02 29 12 | 09
#1204-d146 @A: 28 12 02 09 | 06
#1205-d146 @A: 29 14 01 12 | 04
#1206-d146 @A: 14 12 20 06 | 05
#1207-d146 @A: 09 12 25 11 | 03
#1208-d146 @A: 31 14 24 15 | 10
#1209-d146 @A: 28 15 31 18 | 08
#1210-d146 @A: 31 28 04 01 | 07
#1211-d146 @A: 05 17 31 19 | 12
#1212-d146 @A: 31 04 20 05 | 02
#1213-d146 @A: 21 09 04 31 | 01
#1214-d146 @A: 31 11 27 35 | 11
#1215-d146 @A: 15 14 29 02 | 09
#1216-d146 @A: 25 17 02 34 | 06
#1217-d146 @A: 02 25 35 20 | 04
#1218-d146 @A: 06 02 09 34 | 05
#1219-d146 @A: 25 14 29 05 | 03
#1220-d146 @A: 17 30 14 11 | 10
#1221-d146 @A: 14 04 21 11 | 08
#1222-d146 @A: 24 29 15 18 | 07
#1223-d146 @A: 35 30 19 15 | 12
#1224-d146 @A: 27 15 30 09 | 02
#1225-d146 @A: 15 35 25 17 | 01
#1226-d146 @A: 27 15 21 11 | 11
#1227-d146 @A: 17 28 21 01 | 09
#1228-d146 @A: 05 01 28 20 | 06
#1229-d146 @A: 27 11 30 18 | 04
#1230-d146 @A: 11 21 05 18 | 05
#1231-d146 @A: 34 18 25 24 | 03
#1232-d146 @A: 28 29 25 17 | 10
#1233-d146 @A: 28 05 11 04 | 08
#1234-d146 @A: 08 12 26 13 | 07
#1235-d146 @A: 08 16 05 07 | 12
#1236-d146 @A: 08 24 22 16 | 02
#1237-d146 @A: 04 16 08 02 | 01
#1238-d146 @A: 08 30 32 33 | 11
#1239-d146 @A: 02 33 08 21 | 09
#1240-d146 @A: 08 33 01 05 | 06
#1241-d146 @A: 09 19 33 08 | 04
#1242-d146 @A: 35 08 06 33 | 05
#1243-d146 @A: 01 03 06 08 | 03
#1244-d146 @A: 02 08 22 19 | 10
#1245-d146 @A: 08 31 04 15 | 08
#1246-d146 @A: 20 27 08 29 | 07
#1247-d146 @A: 34 17 08 05 | 12
#1248-d146 @A: 08 05 20 35 | 02
#1249-d146 @A: 13 04 07 10 | 01
#1250-d146 @A: 09 07 13 15 | 11
#1251-d146 @A: 16 13 23 25 | 09
#1252-d146 @A: 13 03 35 23 | 06
#1253-d146 @A: 13 04 23 22 | 04
#1254-d146 @A: 17 23 13 12 | 05
#1255-d146 @A: 16 10 13 29 | 03
#1256-d146 @A: 12 27 13 33 | 10
#1257-d146 @A: 13 30 33 15 | 08
#1258-d146 @A: 33 13 18 19 | 07
#1259-d146 @A: 13 29 18 22 | 12
#1260-d146 @A: 13 26 19 28 | 02
#1261-d146 @A: 13 12 02 20 | 01
#1262-d146 @A: 02 35 11 13 | 11
#1263-d146 @A: 25 13 14 28 | 09
#1264-d146 @A: 11 19 24 13 | 06
#1265-d146 @A: 17 13 25 27 | 04
#1266-d146 @A: 09 25 21 13 | 05
#1267-d146 @A: 10 07 21 33 | 03
#1268-d146 @A: 07 22 11 33 | 10
#1269-d146 @A: 07 33 24 14 | 08
#1270-d146 @A: 03 31 34 07 | 07
#1271-d146 @A: 12 24 07 17 | 12
#1272-d146 @A: 20 18 07 31 | 02
#1273-d146 @A: 31 29 07 35 | 01
#1274-d146 @A: 07 27 09 31 | 11
#1275-d146 @A: 35 15 07 14 | 09
#1276-d146 @A: 30 07 15 18 | 06
#1277-d146 @A: 05 25 07 15 | 04
#1278-d146 @A: 01 18 07 28 | 05
#1279-d146 @A: 23 19 03 16 | 03
#1280-d146 @A: 25 32 23 33 | 10
#1281-d146 @A: 03 27 23 32 | 08
#1282-d146 @A: 03 23 11 31 | 07
#1283-d146 @A: 04 23 10 31 | 12
#1284-d146 @A: 24 10 30 23 | 02
#1285-d146 @A: 23 26 22 31 | 01
#1286-d146 @A: 15 23 22 19 | 11
#1287-d146 @A: 11 23 22 18 | 09
#1288-d146 @A: 30 23 27 31 | 06
#1289-d146 @A: 23 35 05 31 | 04
#1290-d146 @A: 23 09 19 29 | 05
#1291-d146 @A: 23 27 09 06 | 03
#1292-d146 @A: 22 16 17 33 | 10
#1293-d146 @A: 16 26 04 33 | 08
#1294-d146 @A: 21 18 33 16 | 07
#1295-d146 @A: 33 35 16 11 | 12
#1296-d146 @A: 10 03 20 16 | 02
#1297-d146 @A: 03 29 16 18 | 01
#1298-d146 @A: 16 04 28 10 | 11
#1299-d146 @A: 27 16 32 29 | 09
#1300-d146 @A: 16 25 20 31 | 06
#1301-d146 @A: 17 16 14 02 | 04
#1302-d146 @A: 24 14 16 18 | 05
#1303-d146 @A: 14 20 16 29 | 03
#1304-d146 @A: 20 15 16 01 | 10
#1305-d146 @A: 16 04 35 29 | 08
#1306-d146 @A: 16 05 29 34 | 07
#1307-d146 @A: 09 16 05 28 | 12
#1308-d146 @A: 33 31 05 03 | 02
#1309-d146 @A: 03 02 33 34 | 01
#1310-d146 @A: 35 33 03 14 | 11
#1311-d146 @A: 33 03 06 09 | 09
#1312-d146 @A: 10 35 33 12 | 06
#1313-d146 @A: 17 18 33 10 | 04
#1314-d146 @A: 32 34 22 33 | 05
#1315-d146 @A: 33 22 31 29 | 03
#1316-d146 @A: 31 09 25 33 | 10
#1317-d146 @A: 15 33 18 01 | 08
#1318-d146 @A: 27 28 18 33 | 07
#1319-d146 @A: 29 19 33 20 | 12
#1320-d146 @A: 33 29 09 05 | 02
#1321-d146 @A: 17 33 27 04 | 01
#1322-d146 @A: 33 05 24 20 | 11
#1323-d146 @A: 05 10 01 03 | 09
#1324-d146 @A: 02 06 03 32 | 06
#1325-d146 @A: 03 32 19 15 | 04
#1326-d146 @A: 04 03 27 29 | 05
#1327-d146 @A: 30 19 03 06 | 03
#1328-d146 @A: 21 03 09 11 | 10
#1329-d146 @A: 35 09 03 24 | 08
#1330-d146 @A: 25 03 21 35 | 07
#1331-d146 @A: 26 10 14 05 | 12
#1332-d146 @A: 15 31 35 10 | 02
#1333-d146 @A: 25 02 10 01 | 01
#1334-d146 @A: 18 25 11 10 | 11
#1335-d146 @A: 10 21 18 28 | 09
#1336-d146 @A: 25 09 17 10 | 06
#1337-d146 @A: 22 19 32 14 | 04
#1338-d146 @A: 35 28 22 32 | 05
#1339-d146 @A: 11 22 01 26 | 03
#1340-d146 @A: 31 24 25 22 | 10
#1341-d146 @A: 14 02 22 27 | 08
#1342-d146 @A: 25 22 15 14 | 07
#1343-d146 @A: 22 15 11 20 | 12
#1344-d146 @A: 27 22 11 19 | 02
#1345-d146 @A: 22 06 35 19 | 01
#1346-d146 @A: 34 11 22 05 | 11
#1347-d146 @A: 30 32 12 15 | 09
#1348-d146 @A: 24 32 30 02 | 06
#1349-d146 @A: 09 15 32 01 | 04
#1350-d146 @A: 04 32 11 05 | 05
#1351-d146 @A: 32 09 17 20 | 03
#1352-d146 @A: 06 25 11 32 | 10
#1353-d146 @A: 28 24 09 32 | 08
#1354-d146 @A: 26 31 18 04 | 07
#1355-d146 @A: 27 31 26 19 | 12
#1356-d146 @A: 31 34 26 05 | 02
#1357-d146 @A: 01 26 02 17 | 01
#1358-d146 @A: 26 02 27 11 | 11
#1359-d146 @A: 06 30 26 25 | 09
#1360-d146 @A: 26 27 04 34 | 06
#1361-d146 @A: 21 26 24 06 | 04
#1362-d146 @A: 21 12 15 17 | 05
#1363-d146 @A: 12 17 29 11 | 03
#1364-d146 @A: 24 27 12 30 | 10
#1365-d146 @A: 05 35 30 12 | 08
#1366-d146 @A: 19 09 12 04 | 07
#1367-d146 @A: 24 04 12 25 | 12
#1368-d146 @A: 12 27 20 09 | 02
#1369-d146 @A: 09 31 11 30 | 01
#1370-d146 @A: 20 31 24 11 | 11
#1371-d146 @A: 28 21 09 31 | 09
#1372-d146 @A: 24 02 05 25 | 06
#1373-d146 @A: 35 02 24 06 | 04
#1374-d146 @A: 06 09 14 29 | 05
#1375-d146 @A: 35 19 27 14 | 03
#1376-d146 @A: 14 05 20 17 | 10
#1377-d146 @A: 35 29 27 15 | 08
#1378-d146 @A: 25 30 34 15 | 07
#1379-d146 @A: 25 04 15 28 | 12
#1380-d146 @A: 15 27 20 05 | 02
#1381-d146 @A: 09 20 35 15 | 01
#1382-d146 @A: 29 01 21 34 | 11
#1383-d146 @A: 29 25 09 01 | 09
#1384-d146 @A: 35 04 01 30 | 06
#1385-d146 @A: 06 24 19 01 | 04
#1386-d146 @A: 18 11 29 04 | 05
#1387-d146 @A: 19 20 17 18 | 03
#1388-d146 @A: 06 19 18 05 | 10
#1389-d146 @A: 04 05 24 18 | 08
#1390-d146 @A: 06 28 30 20 | 07
#1391-d146 @A: 28 06 04 35 | 12
#1392-d146 @A: 13 32 08 05 | 02
#1393-d146 @A: 13 14 09 08 | 01
#1394-d146 @A: 08 13 30 28 | 11
#1395-d146 @A: 08 07 30 23 | 09
#1396-d146 @A: 10 03 08 07 | 06
#1397-d146 @A: 03 05 08 23 | 04
#1398-d146 @A: 26 08 23 09 | 05
#1399-d146 @A: 30 08 26 16 | 03
#1400-d146 @A: 08 11 27 16 | 10
#1401-d146 @A: 28 08 12 03 | 08
#1402-d146 @A: 24 12 08 10 | 07
#1403-d146 @A: 08 12 32 11 | 12
#1404-d146 @A: 32 21 01 08 | 02
#1405-d146 @A: 08 28 01 14 | 01
#1406-d146 @A: 29 30 18 08 | 11
#1407-d146 @A: 08 04 25 30 | 09
#1408-d146 @A: 08 25 09 06 | 06
#1409-d146 @A: 13 18 07 25 | 04
#1410-d146 @A: 34 13 23 27 | 05
#1411-d146 @A: 16 31 13 24 | 03
#1412-d146 @A: 01 33 13 28 | 10
#1413-d146 @A: 12 03 22 13 | 08
#1414-d146 @A: 19 13 31 03 | 07
#1415-d146 @A: 11 13 03 18 | 12
#1416-d146 @A: 13 22 10 20 | 02
#1417-d146 @A: 12 13 05 10 | 01
#1418-d146 @A: 19 13 12 32 | 11
#1419-d146 @A: 05 24 13 29 | 09
#1420-d146 @A: 13 35 29 06 | 06
#1421-d146 @A: 17 13 34 30 | 04
#1422-d146 @A: 14 32 07 23 | 05
#1423-d146 @A: 07 19 14 16 | 03
#1424-d146 @A: 07 12 03 04 | 10
#1425-d146 @A: 14 03 07 11 | 08
#1426-d146 @A: 09 01 03 07 | 07
#1427-d146 @A: 10 07 24 09 | 12
#1428-d146 @A: 26 22 29 07 | 02
#1429-d146 @A: 07 14 05 22 | 01
#1430-d146 @A: 22 17 01 07 | 11
#1431-d146 @A: 32 26 04 07 | 09
#1432-d146 @A: 25 32 30 07 | 06
#1433-d146 @A: 26 20 12 07 | 04
#1434-d146 @A: 26 29 28 07 | 05
#1435-d146 @A: 09 07 18 02 | 03
#1436-d146 @A: 01 04 07 14 | 10
#1437-d146 @A: 30 20 06 07 | 08
#1438-d146 @A: 19 17 07 06 | 07
#1439-d146 @A: 34 21 07 04 | 12
#1440-d146 @A: 20 21 17 07 | 02
#1441-d146 @A: 30 16 23 11 | 01
#1442-d146 @A: 09 23 21 16 | 11
#1443-d146 @A: 22 33 24 23 | 09
#1444-d146 @A: 23 12 33 30 | 06
#1445-d146 @A: 03 15 23 30 | 04
#1446-d146 @A: 12 27 23 22 | 05
#1447-d146 @A: 23 06 35 32 | 03
#1448-d146 @A: 23 04 15 26 | 10
#1449-d146 @A: 14 23 12 24 | 08
#1450-d146 @A: 29 31 18 23 | 07
#1451-d146 @A: 09 15 23 14 | 12
#1452-d146 @A: 21 23 01 15 | 02
#1453-d146 @A: 18 23 04 17 | 01
#1454-d146 @A: 23 17 29 35 | 11
#1455-d146 @A: 28 23 30 04 | 09
#1456-d146 @A: 23 19 25 17 | 06
#1457-d146 @A: 23 09 28 20 | 04
#1458-d146 @A: 25 11 21 23 | 05
#1459-d146 @A: 35 25 23 34 | 03
#1460-d146 @A: 16 02 22 03 | 10
#1461-d146 @A: 10 31 16 14 | 08
#1462-d146 @A: 15 16 10 27 | 07
#1463-d146 @A: 16 10 18 34 | 12
#1464-d146 @A: 20 26 22 16 | 02
#1465-d146 @A: 22 12 29 16 | 01
#1466-d146 @A: 22 16 21 14 | 11
#1467-d146 @A: 21 16 28 22 | 09
#1468-d146 @A: 17 16 34 32 | 06
#1469-d146 @A: 01 16 12 24 | 04
#1470-d146 @A: 12 27 19 16 | 05
#1471-d146 @A: 16 15 30 31 | 03
#1472-d146 @A: 09 31 01 16 | 10
#1473-d146 @A: 18 16 30 02 | 08
#1474-d146 @A: 29 11 09 16 | 07
#1475-d146 @A: 30 17 09 16 | 12
#1476-d146 @A: 16 04 11 24 | 02
#1477-d146 @A: 06 16 21 11 | 01
#1478-d146 @A: 03 30 33 10 | 11
#1479-d146 @A: 03 17 01 33 | 09
#1480-d146 @A: 33 31 20 10 | 06
#1481-d146 @A: 33 02 31 17 | 04
#1482-d146 @A: 31 15 33 21 | 05
#1483-d146 @A: 31 33 30 18 | 03
#1484-d146 @A: 02 06 33 15 | 10
#1485-d146 @A: 34 14 33 18 | 08
#1486-d146 @A: 15 33 24 27 | 07
#1487-d146 @A: 33 27 29 30 | 12
#1488-d146 @A: 11 33 05 19 | 02
#1489-d146 @A: 35 33 25 19 | 01
#1490-d146 @A: 28 24 33 19 | 11
#1491-d146 @A: 03 30 31 14 | 09
#1492-d146 @A: 17 15 03 09 | 06
#1493-d146 @A: 06 03 20 11 | 04
#1494-d146 @A: 06 03 35 34 | 05
#1495-d146 @A: 32 22 10 05 | 03
#1496-d146 @A: 10 18 22 21 | 10
#1497-d146 @A: 10 01 31 18 | 08
#1498-d146 @A: 18 15 10 09 | 07
#1499-d146 @A: 25 29 24 10 | 12
#1500-d146 @A: 10 19 30 25 | 02
#1501-d146 @A: 10 09 21 20 | 01
#1502-d146 @A: 24 26 22 14 | 11
#1503-d146 @A: 34 21 26 22 | 09
#1504-d146 @A: 22 15 31 17 | 06
#1505-d146 @A: 18 22 31 19 | 04
#1506-d146 @A: 30 22 15 04 | 05
#1507-d146 @A: 34 19 22 20 | 03
#1508-d146 @A: 34 24 04 22 | 10
#1509-d146 @A: 20 25 22 17 | 08
#1510-d146 @A: 05 22 17 06 | 07
#1511-d146 @A: 28 01 32 26 | 12
#1512-d146 @A: 12 05 32 31 | 02
#1513-d146 @A: 30 31 04 32 | 01
#1514-d146 @A: 18 02 32 27 | 11
#1515-d146 @A: 14 15 32 21 | 09
#1516-d146 @A: 32 25 29 20 | 06
#1517-d146 @A: 20 32 05 19 | 04
#1518-d146 @A: 04 32 27 35 | 05
#1519-d146 @A: 17 05 28 32 | 03
#1520-d146 @A: 15 05 26 06 | 10
#1521-d146 @A: 11 34 24 26 | 08
#1522-d146 @A: 06 12 34 15 | 07
#1523-d146 @A: 12 19 28 01 | 12
#1524-d146 @A: 09 12 35 18 | 02
#1525-d146 @A: 17 30 19 12 | 01
#1526-d146 @A: 11 12 30 06 | 11
#1527-d146 @A: 19 05 12 21 | 09
#1528-d146 @A: 12 04 05 17 | 06
#1529-d146 @A: 12 27 34 11 | 04
#1530-d146 @A: 27 12 35 21 | 05
#1531-d146 @A: 05 31 02 18 | 03
#1532-d146 @A: 04 27 02 31 | 10
#1533-d146 @A: 14 21 01 31 | 08
#1534-d146 @A: 34 31 15 18 | 07
#1535-d146 @A: 06 31 29 30 | 12
#1536-d146 @A: 17 24 31 30 | 02
#1537-d146 @A: 19 25 21 31 | 01
#1538-d146 @A: 21 02 06 01 | 11
#1539-d146 @A: 19 28 02 17 | 09
#1540-d146 @A: 02 11 20 19 | 06
#1541-d146 @A: 17 21 02 04 | 04
#1542-d146 @A: 09 21 02 35 | 05
#1543-d146 @A: 19 04 14 17 | 03
#1544-d146 @A: 19 14 34 25 | 10
#1545-d146 @A: 14 21 06 19 | 08
#1546-d146 @A: 17 24 35 14 | 07
#1547-d146 @A: 27 25 14 24 | 12
#1548-d146 @A: 05 30 21 01 | 02
#1549-d146 @A: 35 21 29 18 | 01
#1550-d146 @A: 29 35 18 28 | 11
#1551-d146 @A: 06 20 04 18 | 09
#1552-d146 @A: 18 17 05 35 | 06
#1553-d146 @A: 29 28 11 19 | 04
#1554-d146 @A: 13 17 02 08 | 05
#1555-d146 @A: 34 18 13 08 | 03
#1556-d146 @A: 08 02 07 34 | 10
#1557-d146 @A: 01 08 07 20 | 08
#1558-d146 @A: 22 23 08 25 | 07
#1559-d146 @A: 14 16 08 03 | 12
#1560-d146 @A: 02 08 03 27 | 02
#1561-d146 @A: 03 25 08 17 | 01
#1562-d146 @A: 32 10 29 08 | 11
#1563-d146 @A: 30 10 08 02 | 09
#1564-d146 @A: 10 35 01 08 | 06
#1565-d146 @A: 08 10 04 18 | 04
#1566-d146 @A: 31 08 14 05 | 05
#1567-d146 @A: 08 20 19 14 | 03
#1568-d146 @A: 06 05 08 11 | 10
#1569-d146 @A: 08 11 25 24 | 08
#1570-d146 @A: 01 06 23 13 | 07
#1571-d146 @A: 27 13 28 23 | 12
#1572-d146 @A: 13 02 19 16 | 02
#1573-d146 @A: 32 29 03 13 | 01
#1574-d146 @A: 01 03 13 04 | 11
#1575-d146 @A: 27 13 06 26 | 09
#1576-d146 @A: 15 13 20 31 | 06
#1577-d146 @A: 18 13 04 02 | 04
#1578-d146 @A: 17 14 18 13 | 05
#1579-d146 @A: 13 17 20 04 | 03
#1580-d146 @A: 04 35 21 13 | 10
#1581-d146 @A: 06 17 13 24 | 08
#1582-d146 @A: 11 06 13 09 | 07
#1583-d146 @A: 11 23 07 10 | 12
#1584-d146 @A: 03 35 07 16 | 02
#1585-d146 @A: 16 26 07 24 | 01
#1586-d146 @A: 03 33 07 19 | 11
#1587-d146 @A: 34 15 22 07 | 09
#1588-d146 @A: 12 07 14 30 | 06
#1589-d146 @A: 31 24 07 05 | 04
#1590-d146 @A: 18 21 14 07 | 05
#1591-d146 @A: 27 06 14 07 | 03
#1592-d146 @A: 04 05 07 30 | 10
#1593-d146 @A: 23 34 22 16 | 08
#1594-d146 @A: 16 12 23 06 | 07
#1595-d146 @A: 23 03 33 04 | 12
#1596-d146 @A: 11 33 01 23 | 02
#1597-d146 @A: 03 23 24 26 | 01
#1598-d146 @A: 06 23 18 03 | 11
#1599-d146 @A: 10 23 29 27 | 09
#1600-d146 @A: 02 23 05 22 | 06
#1601-d146 @A: 22 23 01 35 | 04
#1602-d146 @A: 14 23 35 26 | 05
#1603-d146 @A: 23 02 28 34 | 03
#1604-d146 @A: 05 15 23 18 | 10
#1605-d146 @A: 01 24 23 28 | 08
#1606-d146 @A: 06 24 23 29 | 07
#1607-d146 @A: 34 23 21 19 | 12
#1608-d146 @A: 25 02 16 33 | 02
#1609-d146 @A: 16 15 03 34 | 01
#1610-d146 @A: 35 16 26 10 | 11
#1611-d146 @A: 05 16 31 22 | 09
#1612-d146 @A: 18 22 35 16 | 06
#1613-d146 @A: 28 18 16 17 | 04
#1614-d146 @A: 19 17 21 16 | 05
#1615-d146 @A: 24 16 27 34 | 03
#1616-d146 @A: 25 16 21 34 | 10
#1617-d146 @A: 05 22 12 33 | 08
#1618-d146 @A: 22 30 25 33 | 07
#1619-d146 @A: 18 32 33 06 | 12
#1620-d146 @A: 29 04 32 33 | 02
#1621-d146 @A: 25 26 33 29 | 01
#1622-d146 @A: 31 27 33 14 | 11
#1623-d146 @A: 02 15 28 33 | 09
#1624-d146 @A: 14 30 06 33 | 06
#1625-d146 @A: 24 33 11 21 | 04
#1626-d146 @A: 03 26 10 34 | 05
#1627-d146 @A: 17 28 26 03 | 03
#1628-d146 @A: 27 03 14 12 | 10
#1629-d146 @A: 03 18 15 35 | 08
#1630-d146 @A: 03 30 05 25 | 07
#1631-d146 @A: 05 34 03 19 | 12
#1632-d146 @A: 27 11 03 25 | 02
#1633-d146 @A: 10 24 01 22 | 01
#1634-d146 @A: 26 04 10 12 | 11
#1635-d146 @A: 10 12 19 02 | 09
#1636-d146 @A: 09 10 14 12 | 06
#1637-d146 @A: 02 06 18 10 | 04
#1638-d146 @A: 20 34 30 10 | 05
#1639-d146 @A: 21 11 10 19 | 03
#1640-d146 @A: 19 10 34 28 | 10
#1641-d146 @A: 34 09 10 27 | 08
#1642-d146 @A: 10 25 34 06 | 07
#1643-d146 @A: 32 22 15 35 | 12
#1644-d146 @A: 01 22 21 12 | 02
#1645-d146 @A: 22 18 12 17 | 01
#1646-d146 @A: 20 22 01 31 | 11
#1647-d146 @A: 22 09 04 17 | 09
#1648-d146 @A: 04 17 28 22 | 06
#1649-d146 @A: 32 09 29 02 | 04
#1650-d146 @A: 01 32 05 14 | 05
#1651-d146 @A: 32 14 24 20 | 03
#1652-d146 @A: 32 30 19 29 | 10
#1653-d146 @A: 06 17 32 04 | 08
#1654-d146 @A: 32 21 27 20 | 07
#1655-d146 @A: 11 32 27 09 | 12
#1656-d146 @A: 35 20 32 34 | 02
#1657-d146 @A: 15 26 01 34 | 01
#1658-d146 @A: 29 24 26 27 | 11
#1659-d146 @A: 26 21 09 29 | 09
#1660-d146 @A: 05 24 19 26 | 06
#1661-d146 @A: 20 18 12 28 | 04
#1662-d146 @A: 30 04 12 34 | 05
#1663-d146 @A: 35 12 34 19 | 03
#1664-d146 @A: 12 11 35 04 | 10
#1665-d146 @A: 09 12 17 34 | 08
#1666-d146 @A: 28 06 24 12 | 07
#1667-d146 @A: 35 02 01 31 | 12
#1668-d146 @A: 31 14 18 11 | 02
#1669-d146 @A: 19 14 29 31 | 01
#1670-d146 @A: 27 17 20 31 | 11
#1671-d146 @A: 02 15 01 30 | 09
#1672-d146 @A: 25 29 02 27 | 06
#1673-d146 @A: 17 09 02 27 | 04
#1674-d146 @A: 28 02 27 06 | 05
#1675-d146 @A: 21 27 24 02 | 03
#1676-d146 @A: 28 19 09 14 | 10
#1677-d146 @A: 11 05 14 35 | 08
#1678-d146 @A: 14 11 06 34 | 07
#1679-d146 @A: 09 35 14 25 | 12
#1680-d146 @A: 01 24 35 15 | 02
#1681-d146 @A: 09 29 15 34 | 01
#1682-d146 @A: 19 15 34 24 | 11
#1683-d146 @A: 35 21 15 06 | 09
#1684-d146 @A: 04 01 19 18 | 06
#1685-d146 @A: 01 21 27 09 | 04
#1686-d146 @A: 11 21 20 01 | 05
#1687-d146 @A: 18 17 11 24 | 03
#1688-d146 @A: 20 18 11 09 | 10
#1689-d146 @A: 30 21 35 28 | 08
