#0001-d157 @A: 19 17 20 13 | 02
#0002-d157 @A: 16 20 09 02 | 03
#0003-d157 @A: 16 07 20 33 | 09
#0004-d157 @A: 03 20 16 19 | 07
#0005-d157 @A: 30 33 26 20 | 04
#0006-d157 @A: 35 20 09 31 | 01
#0007-d157 @A: 24 11 09 20 | 06
#0008-d157 @A: 33 32 22 20 | 11
#0009-d157 @A: 02 20 08 33 | 10
#0010-d157 @A: 33 20 31 27 | 05
#0011-d157 @A: 22 03 01 20 | 12
#0012-d157 @A: 04 20 27 07 | 08
#0013-d157 @A: 20 34 35 29 | 02
#0014-d157 @A: 14 20 35 11 | 03
#0015-d157 @A: 23 20 17 07 | 09
#0016-d157 @A: 16 26 13 11 | 07
#0017-d157 @A: 30 13 09 10 | 04
#0018-d157 @A: 30 34 13 26 | 01
#0019-d157 @A: 30 08 12 13 | 06
#0020-d157 @A: 12 13 09 35 | 11
#0021-d157 @A: 23 21 09 13 | 10
#0022-d157 @A: 06 26 13 33 | 05
#0023-d157 @A: 13 05 01 18 | 12
#0024-d157 @A: 02 13 04 34 | 08
#0025-d157 @A: 29 23 13 05 | 02
#0026-d157 @A: 22 17 27 13 | 03
#0027-d157 @A: 12 05 13 19 | 09
#0028-d157 @A: 13 21 26 07 | 07
#0029-d157 @A: 31 26 13 12 | 04
#0030-d157 @A: 17 16 33 22 | 01
#0031-d157 @A: 19 33 31 16 | 06
#0032-d157 @A: 35 10 04 16 | 11
#0033-d157 @A: 16 19 05 04 | 10
#0034-d157 @A: 05 16 17 27 | 05
#0035-d157 @A: 16 27 18 19 | 12
#0036-d157 @A: 29 14 16 27 | 08
#0037-d157 @A: 24 29 12 16 | 02
#0038-d157 @A: 08 24 27 16 | 03
#0039-d157 @A: 16 28 25 27 | 09
#0040-d157 @A: 02 16 06 32 | 07
#0041-d157 @A: 02 21 25 16 | 04
#0042-d157 @A: 27 09 21 30 | 01
#0043-d157 @A: 35 31 30 33 | 06
#0044-d157 @A: 33 10 30 23 | 11
#0045-d157 @A: 33 18 30 03 | 10
#0046-d157 @A: 34 04 30 25 | 05
#0047-d157 @A: 18 05 04 30 | 12
#0048-d157 @A: 35 05 30 02 | 08
#0049-d157 @A: 30 05 23 07 | 02
#0050-d157 @A: 23 30 26 08 | 03
#0051-d157 @A: 08 14 22 30 | 09
#0052-d157 @A: 08 11 30 31 | 07
#0053-d157 @A: 26 30 14 21 | 04
#0054-d157 @A: 31 01 33 09 | 01
#0055-d157 @A: 01 09 02 06 | 06
#0056-d157 @A: 09 25 26 23 | 11
#0057-d157 @A: 05 03 09 08 | 10
#0058-d157 @A: 19 09 12 29 | 05
#0059-d157 @A: 08 21 29 09 | 12
#0060-d157 @A: 02 12 10 09 | 08
#0061-d157 @A: 04 33 21 11 | 02
#0062-d157 @A: 10 04 29 33 | 03
#0063-d157 @A: 33 34 35 02 | 09
#0064-d157 @A: 11 03 35 33 | 07
#0065-d157 @A: 33 14 10 35 | 04
#0066-d157 @A: 15 35 33 18 | 01
#0067-d157 @A: 34 21 33 23 | 06
#0068-d157 @A: 33 06 05 23 | 11
#0069-d157 @A: 11 07 15 33 | 10
#0070-d157 @A: 10 17 33 11 | 05
#0071-d157 @A: 29 31 32 33 | 12
#0072-d157 @A: 33 14 26 02 | 08
#0073-d157 @A: 24 01 15 04 | 02
#0074-d157 @A: 11 23 01 21 | 03
#0075-d157 @A: 23 29 01 28 | 09
#0076-d157 @A: 28 19 01 05 | 07
#0077-d157 @A: 14 01 17 03 | 04
#0078-d157 @A: 14 02 01 10 | 01
#0079-d157 @A: 15 25 01 12 | 06
#0080-d157 @A: 15 10 18 01 | 11
#0081-d157 @A: 02 35 23 04 | 10
#0082-d157 @A: 18 22 08 04 | 05
#0083-d157 @A: 08 04 27 11 | 12
#0084-d157 @A: 08 25 04 06 | 08
#0085-d157 @A: 14 04 06 03 | 02
#0086-d157 @A: 04 28 15 03 | 03
#0087-d157 @A: 04 14 32 07 | 09
#0088-d157 @A: 32 06 04 31 | 07
#0089-d157 @A: 06 22 08 35 | 04
#0090-d157 @A: 35 18 22 25 | 01
#0091-d157 @A: 32 17 03 35 | 06
#0092-d157 @A: 12 28 15 35 | 11
#0093-d157 @A: 18 17 28 35 | 10
#0094-d157 @A: 02 12 35 26 | 05
#0095-d157 @A: 15 02 31 35 | 12
#0096-d157 @A: 23 22 24 08 | 08
#0097-d157 @A: 02 23 27 22 | 02
#0098-d157 @A: 23 08 21 05 | 03
#0099-d157 @A: 27 23 29 10 | 09
#0100-d157 @A: 26 23 24 02 | 07
#0101-d157 @A: 23 18 10 26 | 04
#0102-d157 @A: 25 23 12 18 | 01
#0103-d157 @A: 25 22 03 34 | 06
#0104-d157 @A: 22 19 24 29 | 11
#0105-d157 @A: 27 32 19 22 | 10
#0106-d157 @A: 15 27 31 22 | 05
#0107-d157 @A: 21 06 22 26 | 12
#0108-d157 @A: 22 21 31 17 | 08
#0109-d157 @A: 34 11 19 26 | 02
#0110-d157 @A: 19 02 29 34 | 03
#0111-d157 @A: 25 12 29 34 | 09
#0112-d157 @A: 07 26 02 34 | 07
#0113-d157 @A: 06 32 34 25 | 04
#0114-d157 @A: 11 12 27 18 | 01
#0115-d157 @A: 11 02 07 21 | 06
#0116-d157 @A: 15 18 11 31 | 11
#0117-d157 @A: 18 12 05 08 | 10
#0118-d157 @A: 24 14 05 32 | 05
#0119-d157 @A: 26 06 12 05 | 12
#0120-d157 @A: 27 07 19 10 | 08
#0121-d157 @A: 07 19 14 03 | 02
#0122-d157 @A: 14 06 19 26 | 03
#0123-d157 @A: 28 19 26 07 | 09
#0124-d157 @A: 24 19 28 17 | 07
#0125-d157 @A: 07 31 19 17 | 04
#0126-d157 @A: 25 26 19 24 | 01
#0127-d157 @A: 32 26 29 25 | 06
#0128-d157 @A: 03 02 27 08 | 11
#0129-d157 @A: 08 10 27 18 | 10
#0130-d157 @A: 12 07 08 17 | 05
#0131-d157 @A: 18 26 08 24 | 12
#0132-d157 @A: 08 32 15 25 | 08
#0133-d157 @A: 07 27 06 03 | 02
#0134-d157 @A: 17 26 03 27 | 03
#0135-d157 @A: 17 24 26 12 | 09
#0136-d157 @A: 02 24 25 18 | 07
#0137-d157 @A: 24 14 20 13 | 04
#0138-d157 @A: 21 20 08 16 | 01
#0139-d157 @A: 30 22 17 20 | 06
#0140-d157 @A: 20 19 30 06 | 11
#0141-d157 @A: 29 12 20 30 | 10
#0142-d157 @A: 15 20 33 12 | 05
#0143-d157 @A: 11 31 01 20 | 12
#0144-d157 @A: 06 20 28 01 | 08
#0145-d157 @A: 04 05 20 14 | 02
#0146-d157 @A: 27 20 22 26 | 03
#0147-d157 @A: 32 10 34 20 | 09
#0148-d157 @A: 14 18 20 26 | 07
#0149-d157 @A: 18 07 20 02 | 04
#0150-d157 @A: 13 25 34 16 | 01
#0151-d157 @A: 29 13 16 17 | 06
#0152-d157 @A: 16 13 10 27 | 11
#0153-d157 @A: 14 30 23 13 | 10
#0154-d157 @A: 13 24 08 33 | 05
#0155-d157 @A: 22 13 29 01 | 12
#0156-d157 @A: 07 08 13 01 | 08
#0157-d157 @A: 24 03 13 01 | 02
#0158-d157 @A: 13 18 27 23 | 03
#0159-d157 @A: 13 19 22 03 | 09
#0160-d157 @A: 27 13 24 12 | 07
#0161-d157 @A: 13 17 26 28 | 04
#0162-d157 @A: 21 15 32 13 | 01
#0163-d157 @A: 16 30 15 32 | 06
#0164-d157 @A: 19 09 16 28 | 11
#0165-d157 @A: 18 16 33 04 | 10
#0166-d157 @A: 34 06 16 08 | 05
#0167-d157 @A: 12 03 34 16 | 12
#0168-d157 @A: 24 18 34 16 | 08
#0169-d157 @A: 16 11 05 18 | 02
#0170-d157 @A: 16 11 27 21 | 03
#0171-d157 @A: 16 15 19 29 | 09
#0172-d157 @A: 18 14 32 16 | 07
#0173-d157 @A: 06 28 10 16 | 04
#0174-d157 @A: 21 15 16 07 | 01
#0175-d157 @A: 24 07 21 16 | 06
#0176-d157 @A: 16 21 10 17 | 11
#0177-d157 @A: 14 30 01 29 | 10
#0178-d157 @A: 19 15 30 22 | 05
#0179-d157 @A: 34 05 30 15 | 12
#0180-d157 @A: 21 11 30 17 | 08
#0181-d157 @A: 27 10 30 05 | 02
#0182-d157 @A: 02 30 03 07 | 03
#0183-d157 @A: 31 30 32 28 | 09
#0184-d157 @A: 33 09 02 04 | 07
#0185-d157 @A: 09 26 01 34 | 04
#0186-d157 @A: 01 08 09 18 | 01
#0187-d157 @A: 25 05 22 09 | 06
#0188-d157 @A: 19 22 06 09 | 11
#0189-d157 @A: 22 08 32 09 | 10
#0190-d157 @A: 32 28 34 09 | 05
#0191-d157 @A: 09 29 06 27 | 12
#0192-d157 @A: 26 07 09 08 | 08
#0193-d157 @A: 32 07 09 18 | 02
#0194-d157 @A: 12 09 25 24 | 03
#0195-d157 @A: 09 31 10 15 | 09
#0196-d157 @A: 04 14 01 33 | 07
#0197-d157 @A: 33 10 01 27 | 04
#0198-d157 @A: 25 33 35 23 | 01
#0199-d157 @A: 26 11 33 05 | 06
#0200-d157 @A: 08 33 07 05 | 11
#0201-d157 @A: 33 21 08 32 | 10
#0202-d157 @A: 33 03 14 32 | 05
#0203-d157 @A: 14 21 15 33 | 12
#0204-d157 @A: 02 28 33 06 | 08
#0205-d157 @A: 33 26 32 07 | 02
#0206-d157 @A: 25 01 23 34 | 03
#0207-d157 @A: 01 19 23 26 | 09
#0208-d157 @A: 01 03 18 12 | 07
#0209-d157 @A: 24 01 02 28 | 04
#0210-d157 @A: 01 12 26 32 | 01
#0211-d157 @A: 35 04 05 03 | 06
#0212-d157 @A: 21 04 07 23 | 11
#0213-d157 @A: 04 15 23 18 | 10
#0214-d157 @A: 11 24 08 04 | 05
#0215-d157 @A: 03 10 04 31 | 12
#0216-d157 @A: 26 04 06 07 | 08
#0217-d157 @A: 18 12 26 04 | 02
#0218-d157 @A: 17 21 18 04 | 03
#0219-d157 @A: 32 35 05 19 | 09
#0220-d157 @A: 15 21 03 35 | 07
#0221-d157 @A: 07 25 35 31 | 04
#0222-d157 @A: 10 26 21 35 | 01
#0223-d157 @A: 12 03 23 22 | 06
#0224-d157 @A: 05 26 23 34 | 11
#0225-d157 @A: 23 34 24 19 | 10
#0226-d157 @A: 15 23 02 05 | 05
#0227-d157 @A: 29 17 08 23 | 12
#0228-d157 @A: 14 21 23 06 | 08
#0229-d157 @A: 23 17 26 21 | 02
#0230-d157 @A: 02 23 25 32 | 03
#0231-d157 @A: 23 17 18 31 | 09
#0232-d157 @A: 34 10 24 22 | 07
#0233-d157 @A: 05 11 22 10 | 04
#0234-d157 @A: 27 05 22 03 | 01
#0235-d157 @A: 06 28 03 22 | 06
#0236-d157 @A: 22 24 25 14 | 11
#0237-d157 @A: 07 28 21 22 | 10
#0238-d157 @A: 22 12 18 31 | 05
#0239-d157 @A: 34 03 08 19 | 12
#0240-d157 @A: 34 28 26 14 | 08
#0241-d157 @A: 34 14 15 02 | 02
#0242-d157 @A: 24 15 34 06 | 03
#0243-d157 @A: 28 19 11 03 | 09
#0244-d157 @A: 06 28 07 11 | 07
#0245-d157 @A: 18 11 02 32 | 04
#0246-d157 @A: 31 24 11 10 | 01
#0247-d157 @A: 05 24 19 21 | 06
#0248-d157 @A: 06 05 29 17 | 11
#0249-d157 @A: 29 02 05 25 | 10
#0250-d157 @A: 03 02 05 18 | 05
#0251-d157 @A: 18 05 25 06 | 12
#0252-d157 @A: 17 05 12 25 | 08
#0253-d157 @A: 15 31 05 12 | 02
#0254-d157 @A: 14 17 19 18 | 03
#0255-d157 @A: 31 24 19 14 | 09
#0256-d157 @A: 07 18 24 19 | 07
#0257-d157 @A: 21 15 19 18 | 04
#0258-d157 @A: 18 03 29 28 | 01
#0259-d157 @A: 29 03 17 25 | 06
#0260-d157 @A: 14 15 28 29 | 11
#0261-d157 @A: 29 02 21 32 | 10
#0262-d157 @A: 17 29 31 02 | 05
#0263-d157 @A: 08 21 03 07 | 12
#0264-d157 @A: 08 32 28 10 | 08
#0265-d157 @A: 27 03 28 32 | 02
#0266-d157 @A: 14 27 31 28 | 03
#0267-d157 @A: 25 32 06 24 | 09
#0268-d157 @A: 25 31 24 21 | 07
#0269-d157 @A: 20 16 24 10 | 04
#0270-d157 @A: 30 02 20 24 | 01
#0271-d157 @A: 09 33 21 20 | 06
#0272-d157 @A: 09 23 20 12 | 11
#0273-d157 @A: 25 04 33 20 | 10
#0274-d157 @A: 14 20 23 33 | 05
#0275-d157 @A: 33 20 34 03 | 12
#0276-d157 @A: 28 20 17 33 | 08
#0277-d157 @A: 35 21 20 01 | 02
#0278-d157 @A: 20 32 01 05 | 03
#0279-d157 @A: 17 04 20 35 | 09
#0280-d157 @A: 35 15 20 22 | 07
#0281-d157 @A: 20 23 11 28 | 04
#0282-d157 @A: 20 19 31 05 | 01
#0283-d157 @A: 10 29 21 20 | 06
#0284-d157 @A: 20 03 17 15 | 11
#0285-d157 @A: 28 20 10 02 | 10
#0286-d157 @A: 20 12 17 10 | 05
#0287-d157 @A: 02 30 06 13 | 12
#0288-d157 @A: 06 09 08 13 | 08
#0289-d157 @A: 13 06 27 01 | 02
#0290-d157 @A: 13 31 01 25 | 03
#0291-d157 @A: 05 35 13 10 | 09
#0292-d157 @A: 35 06 13 19 | 07
#0293-d157 @A: 13 35 24 21 | 04
#0294-d157 @A: 13 22 02 07 | 01
#0295-d157 @A: 15 34 19 13 | 06
#0296-d157 @A: 11 21 29 13 | 11
#0297-d157 @A: 24 19 13 10 | 10
#0298-d157 @A: 32 13 28 18 | 05
#0299-d157 @A: 13 12 21 28 | 12
#0300-d157 @A: 12 02 25 13 | 08
#0301-d157 @A: 13 17 18 10 | 02
#0302-d157 @A: 30 02 34 16 | 03
#0303-d157 @A: 34 15 16 35 | 09
#0304-d157 @A: 11 35 07 16 | 07
#0305-d157 @A: 35 02 19 16 | 04
#0306-d157 @A: 11 16 32 17 | 01
#0307-d157 @A: 08 31 05 16 | 06
#0308-d157 @A: 03 05 06 16 | 11
#0309-d157 @A: 19 08 07 16 | 10
#0310-d157 @A: 12 32 16 19 | 05
#0311-d157 @A: 14 25 03 16 | 12
#0312-d157 @A: 15 12 16 02 | 08
#0313-d157 @A: 31 30 09 29 | 02
#0314-d157 @A: 30 33 04 12 | 03
#0315-d157 @A: 33 30 27 17 | 09
#0316-d157 @A: 30 06 35 27 | 07
#0317-d157 @A: 30 35 12 14 | 04
#0318-d157 @A: 30 15 23 12 | 01
#0319-d157 @A: 27 22 30 25 | 06
#0320-d157 @A: 18 32 30 22 | 11
#0321-d157 @A: 34 30 19 31 | 10
#0322-d157 @A: 30 28 03 17 | 05
#0323-d157 @A: 21 06 30 03 | 12
#0324-d157 @A: 14 07 30 24 | 08
#0325-d157 @A: 30 32 26 06 | 02
#0326-d157 @A: 17 09 10 01 | 03
#0327-d157 @A: 09 04 15 22 | 09
#0328-d157 @A: 28 09 11 15 | 07
#0329-d157 @A: 26 09 19 05 | 04
#0330-d157 @A: 05 09 27 14 | 01
#0331-d157 @A: 19 09 15 08 | 06
#0332-d157 @A: 09 19 21 03 | 11
#0333-d157 @A: 09 31 03 26 | 10
#0334-d157 @A: 14 09 32 10 | 05
#0335-d157 @A: 06 09 07 31 | 12
#0336-d157 @A: 26 06 10 09 | 08
#0337-d157 @A: 32 31 25 09 | 02
#0338-d157 @A: 23 18 33 01 | 03
#0339-d157 @A: 03 08 33 04 | 09
#0340-d157 @A: 24 14 23 33 | 07
#0341-d157 @A: 19 33 05 02 | 04
#0342-d157 @A: 27 29 08 33 | 01
#0343-d157 @A: 28 31 24 33 | 06
#0344-d157 @A: 33 21 10 06 | 11
#0345-d157 @A: 06 18 33 31 | 10
#0346-d157 @A: 24 25 17 33 | 05
#0347-d157 @A: 01 28 04 27 | 12
#0348-d157 @A: 01 17 35 23 | 08
#0349-d157 @A: 34 14 27 01 | 02
#0350-d157 @A: 11 14 01 19 | 03
#0351-d157 @A: 19 01 07 29 | 09
#0352-d157 @A: 27 01 19 24 | 07
#0353-d157 @A: 24 25 01 08 | 04
#0354-d157 @A: 31 01 03 21 | 01
#0355-d157 @A: 28 25 02 01 | 06
#0356-d157 @A: 12 06 21 01 | 11
#0357-d157 @A: 19 04 15 35 | 10
#0358-d157 @A: 05 11 23 04 | 05
#0359-d157 @A: 04 08 23 14 | 12
#0360-d157 @A: 22 11 04 31 | 08
#0361-d157 @A: 17 05 04 22 | 02
#0362-d157 @A: 04 34 11 10 | 03
#0363-d157 @A: 24 29 14 04 | 09
#0364-d157 @A: 24 18 27 04 | 07
#0365-d157 @A: 02 04 03 12 | 04
#0366-d157 @A: 28 12 07 04 | 01
#0367-d157 @A: 15 04 06 21 | 06
#0368-d157 @A: 21 10 04 24 | 11
#0369-d157 @A: 02 25 18 04 | 10
#0370-d157 @A: 28 35 19 23 | 05
#0371-d157 @A: 23 15 35 24 | 12
#0372-d157 @A: 31 34 28 35 | 08
#0373-d157 @A: 29 06 21 35 | 02
#0374-d157 @A: 35 14 06 18 | 03
#0375-d157 @A: 32 23 05 27 | 09
#0376-d157 @A: 23 21 29 12 | 07
#0377-d157 @A: 27 06 23 25 | 04
#0378-d157 @A: 24 25 12 23 | 01
#0379-d157 @A: 31 23 24 17 | 06
#0380-d157 @A: 03 22 08 11 | 11
#0381-d157 @A: 19 05 07 22 | 10
#0382-d157 @A: 29 22 19 26 | 05
#0383-d157 @A: 12 08 19 22 | 12
#0384-d157 @A: 14 15 03 22 | 08
#0385-d157 @A: 02 21 22 03 | 02
#0386-d157 @A: 10 32 22 17 | 03
#0387-d157 @A: 34 24 11 25 | 09
#0388-d157 @A: 32 08 34 05 | 07
#0389-d157 @A: 24 08 34 28 | 04
#0390-d157 @A: 14 34 10 18 | 01
#0391-d157 @A: 12 11 08 26 | 06
#0392-d157 @A: 03 32 25 11 | 11
#0393-d157 @A: 14 28 11 21 | 10
#0394-d157 @A: 11 31 28 17 | 05
#0395-d157 @A: 06 18 11 26 | 12
#0396-d157 @A: 18 28 05 27 | 08
#0397-d157 @A: 31 03 28 05 | 02
#0398-d157 @A: 05 25 21 32 | 03
#0399-d157 @A: 19 12 24 03 | 09
#0400-d157 @A: 19 12 28 18 | 07
#0401-d157 @A: 03 29 07 12 | 04
#0402-d157 @A: 26 29 03 21 | 01
#0403-d157 @A: 29 21 24 28 | 06
#0404-d157 @A: 15 26 10 29 | 11
#0405-d157 @A: 14 08 17 27 | 10
#0406-d157 @A: 08 07 27 28 | 05
#0407-d157 @A: 17 28 08 21 | 12
#0408-d157 @A: 26 17 06 08 | 08
#0409-d157 @A: 10 26 08 02 | 02
#0410-d157 @A: 15 26 18 08 | 03
#0411-d157 @A: 08 32 17 18 | 09
#0412-d157 @A: 08 21 25 10 | 07
#0413-d157 @A: 06 14 32 27 | 04
#0414-d157 @A: 25 27 14 02 | 01
#0415-d157 @A: 06 21 17 27 | 06
#0416-d157 @A: 09 18 20 13 | 11
#0417-d157 @A: 20 06 13 04 | 10
#0418-d157 @A: 13 11 20 12 | 05
#0419-d157 @A: 01 07 25 20 | 12
#0420-d157 @A: 26 10 01 20 | 08
#0421-d157 @A: 20 29 04 02 | 02
#0422-d157 @A: 27 08 35 20 | 03
#0423-d157 @A: 20 35 06 26 | 09
#0424-d157 @A: 34 23 06 20 | 07
#0425-d157 @A: 23 20 24 07 | 04
#0426-d157 @A: 20 27 22 24 | 01
#0427-d157 @A: 20 11 34 15 | 06
#0428-d157 @A: 05 34 12 20 | 11
#0429-d157 @A: 34 19 20 18 | 10
#0430-d157 @A: 29 19 20 14 | 05
#0431-d157 @A: 20 31 03 08 | 12
#0432-d157 @A: 26 03 12 20 | 08
#0433-d157 @A: 14 10 20 07 | 02
#0434-d157 @A: 24 20 28 12 | 03
#0435-d157 @A: 20 21 25 31 | 09
#0436-d157 @A: 20 10 06 31 | 07
#0437-d157 @A: 13 33 02 16 | 04
#0438-d157 @A: 09 01 13 32 | 01
#0439-d157 @A: 03 04 09 13 | 06
#0440-d157 @A: 22 13 15 33 | 11
#0441-d157 @A: 34 13 32 33 | 10
#0442-d157 @A: 35 01 13 34 | 05
#0443-d157 @A: 01 13 19 10 | 12
#0444-d157 @A: 26 15 04 13 | 08
#0445-d157 @A: 31 35 13 18 | 02
#0446-d157 @A: 32 08 13 23 | 03
#0447-d157 @A: 34 14 17 13 | 09
#0448-d157 @A: 03 13 10 07 | 07
#0449-d157 @A: 03 13 18 26 | 04
#0450-d157 @A: 03 17 13 21 | 01
#0451-d157 @A: 25 17 13 07 | 06
#0452-d157 @A: 06 12 17 13 | 11
#0453-d157 @A: 35 30 16 17 | 10
#0454-d157 @A: 30 22 10 16 | 05
#0455-d157 @A: 16 09 11 23 | 12
#0456-d157 @A: 16 06 35 33 | 08
#0457-d157 @A: 22 01 16 32 | 02
#0458-d157 @A: 17 16 31 04 | 03
#0459-d157 @A: 16 21 23 35 | 09
#0460-d157 @A: 16 25 35 29 | 07
#0461-d157 @A: 35 27 16 31 | 04
#0462-d157 @A: 23 34 16 18 | 01
#0463-d157 @A: 16 21 22 34 | 06
#0464-d157 @A: 16 31 34 26 | 11
#0465-d157 @A: 10 16 11 19 | 10
#0466-d157 @A: 16 03 18 31 | 05
#0467-d157 @A: 31 07 16 32 | 12
#0468-d157 @A: 16 24 06 31 | 08
#0469-d157 @A: 24 33 26 30 | 02
#0470-d157 @A: 30 35 04 01 | 03
#0471-d157 @A: 21 30 19 01 | 09
#0472-d157 @A: 23 25 30 11 | 07
#0473-d157 @A: 12 30 05 22 | 04
#0474-d157 @A: 08 30 34 21 | 01
#0475-d157 @A: 30 05 25 14 | 06
#0476-d157 @A: 03 19 25 30 | 11
#0477-d157 @A: 24 27 30 28 | 10
#0478-d157 @A: 26 17 02 30 | 05
#0479-d157 @A: 24 18 30 06 | 12
#0480-d157 @A: 22 09 33 07 | 08
#0481-d157 @A: 27 18 33 09 | 02
#0482-d157 @A: 01 09 24 21 | 03
#0483-d157 @A: 17 28 04 09 | 09
#0484-d157 @A: 17 31 09 05 | 07
#0485-d157 @A: 31 27 09 19 | 04
#0486-d157 @A: 14 02 09 19 | 01
#0487-d157 @A: 24 08 09 06 | 06
#0488-d157 @A: 27 09 26 12 | 11
#0489-d157 @A: 09 18 03 14 | 10
#0490-d157 @A: 03 17 09 06 | 05
#0491-d157 @A: 25 09 21 17 | 12
#0492-d157 @A: 15 09 02 18 | 08
#0493-d157 @A: 21 19 33 35 | 02
#0494-d157 @A: 05 27 33 15 | 03
#0495-d157 @A: 33 07 29 25 | 09
#0496-d157 @A: 17 32 15 33 | 07
#0497-d157 @A: 35 01 03 19 | 04
#0498-d157 @A: 15 22 01 21 | 01
#0499-d157 @A: 34 11 01 18 | 06
#0500-d157 @A: 29 05 01 10 | 11
#0501-d157 @A: 02 19 01 27 | 10
#0502-d157 @A: 27 29 01 15 | 05
#0503-d157 @A: 21 08 01 14 | 12
#0504-d157 @A: 25 01 14 06 | 08
#0505-d157 @A: 21 10 07 01 | 02
#0506-d157 @A: 17 06 18 01 | 03
#0507-d157 @A: 06 34 35 04 | 09
#0508-d157 @A: 26 04 35 14 | 07
#0509-d157 @A: 22 04 07 34 | 04
#0510-d157 @A: 34 26 04 08 | 01
#0511-d157 @A: 05 31 29 04 | 06
#0512-d157 @A: 21 14 04 25 | 11
#0513-d157 @A: 32 12 04 15 | 10
#0514-d157 @A: 10 02 15 04 | 05
#0515-d157 @A: 23 08 07 35 | 12
#0516-d157 @A: 22 35 31 19 | 08
#0517-d157 @A: 28 22 26 35 | 02
#0518-d157 @A: 35 14 34 05 | 03
#0519-d157 @A: 35 34 29 24 | 09
#0520-d157 @A: 15 35 05 07 | 07
#0521-d157 @A: 18 14 23 22 | 04
#0522-d157 @A: 11 02 34 23 | 01
#0523-d157 @A: 23 08 02 19 | 06
#0524-d157 @A: 03 19 15 23 | 11
#0525-d157 @A: 02 12 14 23 | 10
#0526-d157 @A: 02 17 23 10 | 05
#0527-d157 @A: 22 06 24 05 | 12
#0528-d157 @A: 27 29 22 18 | 08
#0529-d157 @A: 07 22 26 03 | 02
#0530-d157 @A: 31 03 32 22 | 03
#0531-d157 @A: 14 22 32 21 | 09
#0532-d157 @A: 12 22 10 14 | 07
#0533-d157 @A: 22 02 31 28 | 04
#0534-d157 @A: 07 06 22 17 | 01
#0535-d157 @A: 22 26 10 31 | 06
#0536-d157 @A: 22 02 12 24 | 11
#0537-d157 @A: 34 25 05 27 | 10
#0538-d157 @A: 07 34 12 32 | 05
#0539-d157 @A: 34 15 12 26 | 12
#0540-d157 @A: 32 21 34 17 | 08
#0541-d157 @A: 29 02 11 08 | 02
#0542-d157 @A: 06 11 03 02 | 03
#0543-d157 @A: 11 26 07 25 | 09
#0544-d157 @A: 05 15 25 03 | 07
#0545-d157 @A: 14 07 05 12 | 04
#0546-d157 @A: 26 10 05 25 | 01
#0547-d157 @A: 31 05 18 32 | 06
#0548-d157 @A: 10 31 05 02 | 11
#0549-d157 @A: 21 19 26 02 | 10
#0550-d157 @A: 19 06 21 32 | 05
#0551-d157 @A: 15 19 06 02 | 12
#0552-d157 @A: 08 32 24 29 | 08
#0553-d157 @A: 29 07 32 28 | 02
#0554-d157 @A: 07 31 26 29 | 03
#0555-d157 @A: 10 24 07 29 | 09
#0556-d157 @A: 24 21 29 18 | 07
#0557-d157 @A: 27 25 26 08 | 04
#0558-d157 @A: 12 24 10 08 | 01
#0559-d157 @A: 03 27 10 12 | 06
#0560-d157 @A: 27 02 24 14 | 11
#0561-d157 @A: 27 07 02 31 | 10
#0562-d157 @A: 06 27 24 17 | 05
#0563-d157 @A: 07 06 24 02 | 12
#0564-d157 @A: 13 27 25 20 | 08
#0565-d157 @A: 35 20 18 16 | 02
#0566-d157 @A: 16 17 20 06 | 03
#0567-d157 @A: 28 08 20 09 | 09
#0568-d157 @A: 20 34 01 24 | 07
#0569-d157 @A: 01 20 18 27 | 04
#0570-d157 @A: 20 04 34 31 | 01
#0571-d157 @A: 35 24 06 20 | 06
#0572-d157 @A: 20 23 19 22 | 11
#0573-d157 @A: 21 27 20 23 | 10
#0574-d157 @A: 20 06 22 18 | 05
#0575-d157 @A: 32 20 21 03 | 12
#0576-d157 @A: 02 20 17 32 | 08
#0577-d157 @A: 20 15 24 31 | 02
#0578-d157 @A: 07 16 13 04 | 03
#0579-d157 @A: 13 18 22 16 | 09
#0580-d157 @A: 01 13 33 21 | 07
#0581-d157 @A: 28 08 04 13 | 04
#0582-d157 @A: 24 28 22 13 | 01
#0583-d157 @A: 34 18 06 13 | 06
#0584-d157 @A: 26 13 19 27 | 11
#0585-d157 @A: 13 29 12 27 | 10
#0586-d157 @A: 13 07 28 14 | 05
#0587-d157 @A: 14 25 13 26 | 12
#0588-d157 @A: 18 15 13 07 | 08
#0589-d157 @A: 13 26 10 32 | 02
#0590-d157 @A: 21 02 13 18 | 03
#0591-d157 @A: 16 30 01 18 | 09
#0592-d157 @A: 23 30 19 16 | 07
#0593-d157 @A: 29 18 09 16 | 04
#0594-d157 @A: 01 23 02 16 | 01
#0595-d157 @A: 25 16 01 11 | 06
#0596-d157 @A: 23 16 04 25 | 11
#0597-d157 @A: 04 16 28 11 | 10
#0598-d157 @A: 08 04 16 32 | 05
#0599-d157 @A: 23 08 16 03 | 12
#0600-d157 @A: 16 22 06 27 | 08
#0601-d157 @A: 03 24 16 22 | 02
#0602-d157 @A: 02 05 16 26 | 03
#0603-d157 @A: 12 26 16 28 | 09
#0604-d157 @A: 32 10 25 16 | 07
#0605-d157 @A: 15 06 18 16 | 04
#0606-d157 @A: 11 09 30 26 | 01
#0607-d157 @A: 01 30 11 06 | 06
#0608-d157 @A: 30 17 01 25 | 11
#0609-d157 @A: 11 05 30 19 | 10
#0610-d157 @A: 19 30 29 17 | 05
#0611-d157 @A: 03 30 14 10 | 12
#0612-d157 @A: 14 07 17 30 | 08
#0613-d157 @A: 15 21 28 30 | 02
#0614-d157 @A: 28 12 30 06 | 03
#0615-d157 @A: 15 06 17 30 | 09
#0616-d157 @A: 01 23 09 14 | 07
#0617-d157 @A: 25 04 27 09 | 04
#0618-d157 @A: 35 09 18 19 | 01
#0619-d157 @A: 34 09 11 06 | 06
#0620-d157 @A: 05 29 34 09 | 11
#0621-d157 @A: 09 31 34 08 | 10
#0622-d157 @A: 24 29 09 03 | 05
#0623-d157 @A: 24 09 26 27 | 12
#0624-d157 @A: 07 21 14 09 | 08
#0625-d157 @A: 09 15 14 25 | 02
#0626-d157 @A: 28 18 26 09 | 03
#0627-d157 @A: 21 28 09 31 | 09
#0628-d157 @A: 07 09 25 12 | 07
#0629-d157 @A: 09 02 32 26 | 04
#0630-d157 @A: 09 15 17 12 | 01
#0631-d157 @A: 22 33 34 01 | 06
#0632-d157 @A: 01 33 12 17 | 11
#0633-d157 @A: 17 23 04 33 | 10
#0634-d157 @A: 04 33 34 15 | 05
#0635-d157 @A: 33 05 32 04 | 12
#0636-d157 @A: 26 33 27 04 | 08
#0637-d157 @A: 33 34 25 08 | 02
#0638-d157 @A: 33 06 27 34 | 03
#0639-d157 @A: 19 11 32 33 | 09
#0640-d157 @A: 11 18 29 33 | 07
#0641-d157 @A: 33 32 25 28 | 04
#0642-d157 @A: 25 21 18 33 | 01
#0643-d157 @A: 15 21 24 33 | 06
#0644-d157 @A: 15 33 02 25 | 11
#0645-d157 @A: 15 01 04 05 | 10
#0646-d157 @A: 28 08 01 35 | 05
#0647-d157 @A: 01 23 06 22 | 12
#0648-d157 @A: 32 01 34 19 | 08
#0649-d157 @A: 01 03 34 28 | 02
#0650-d157 @A: 31 24 01 05 | 03
#0651-d157 @A: 21 32 27 01 | 09
#0652-d157 @A: 15 14 01 32 | 07
#0653-d157 @A: 24 01 07 32 | 04
#0654-d157 @A: 02 01 32 31 | 01
#0655-d157 @A: 19 23 04 06 | 06
#0656-d157 @A: 24 04 23 17 | 11
#0657-d157 @A: 04 29 14 18 | 10
#0658-d157 @A: 10 32 04 21 | 05
#0659-d157 @A: 31 32 04 24 | 12
#0660-d157 @A: 17 02 04 06 | 08
#0661-d157 @A: 22 23 35 05 | 02
#0662-d157 @A: 34 35 23 10 | 03
#0663-d157 @A: 12 23 35 31 | 09
#0664-d157 @A: 35 12 11 34 | 07
#0665-d157 @A: 08 18 35 34 | 04
#0666-d157 @A: 35 21 34 07 | 01
#0667-d157 @A: 35 06 11 05 | 06
#0668-d157 @A: 21 35 05 27 | 11
#0669-d157 @A: 27 29 32 35 | 10
#0670-d157 @A: 06 32 28 35 | 05
#0671-d157 @A: 06 17 35 31 | 12
#0672-d157 @A: 03 23 27 34 | 08
#0673-d157 @A: 11 08 23 06 | 02
#0674-d157 @A: 11 14 23 07 | 03
#0675-d157 @A: 26 06 28 23 | 09
#0676-d157 @A: 26 07 23 12 | 07
#0677-d157 @A: 10 07 25 23 | 04
#0678-d157 @A: 26 23 32 31 | 01
#0679-d157 @A: 34 22 05 18 | 06
#0680-d157 @A: 07 32 25 22 | 11
#0681-d157 @A: 31 34 11 27 | 10
#0682-d157 @A: 17 34 02 08 | 05
#0683-d157 @A: 14 34 03 21 | 12
#0684-d157 @A: 14 34 12 06 | 08
#0685-d157 @A: 02 34 06 21 | 02
#0686-d157 @A: 27 02 11 05 | 03
#0687-d157 @A: 29 31 19 11 | 09
#0688-d157 @A: 24 11 14 19 | 07
#0689-d157 @A: 31 07 03 11 | 04
#0690-d157 @A: 12 32 31 11 | 01
#0691-d157 @A: 27 29 26 05 | 06
#0692-d157 @A: 03 05 10 32 | 11
#0693-d157 @A: 05 28 15 26 | 10
#0694-d157 @A: 10 15 05 21 | 05
#0695-d157 @A: 19 32 10 31 | 12
#0696-d157 @A: 18 31 19 02 | 08
#0697-d157 @A: 14 29 02 03 | 02
#0698-d157 @A: 14 32 29 17 | 03
#0699-d157 @A: 14 24 08 03 | 09
#0700-d157 @A: 15 07 14 08 | 07
#0701-d157 @A: 26 08 14 32 | 04
#0702-d157 @A: 08 02 21 12 | 01
#0703-d157 @A: 03 15 27 24 | 06
#0704-d157 @A: 07 27 21 12 | 11
#0705-d157 @A: 06 02 18 27 | 10
#0706-d157 @A: 06 03 28 24 | 05
#0707-d157 @A: 24 10 25 03 | 12
#0708-d157 @A: 10 18 24 28 | 08
#0709-d157 @A: 20 01 04 16 | 02
#0710-d157 @A: 30 28 20 04 | 03
#0711-d157 @A: 30 20 05 03 | 09
#0712-d157 @A: 20 09 04 10 | 07
#0713-d157 @A: 09 34 25 20 | 04
#0714-d157 @A: 09 20 17 27 | 01
#0715-d157 @A: 06 20 11 33 | 06
#0716-d157 @A: 15 01 20 23 | 11
#0717-d157 @A: 34 17 01 20 | 10
#0718-d157 @A: 19 35 20 07 | 05
#0719-d157 @A: 25 29 20 23 | 12
#0720-d157 @A: 23 08 20 18 | 08
#0721-d157 @A: 34 14 08 20 | 02
#0722-d157 @A: 26 34 21 20 | 03
#0723-d157 @A: 20 25 11 17 | 09
#0724-d157 @A: 28 29 27 20 | 07
#0725-d157 @A: 31 20 18 28 | 04
#0726-d157 @A: 20 07 21 06 | 01
#0727-d157 @A: 25 20 18 15 | 06
#0728-d157 @A: 13 30 35 07 | 11
#0729-d157 @A: 30 25 13 32 | 10
#0730-d157 @A: 13 17 09 33 | 05
#0731-d157 @A: 33 12 13 07 | 12
#0732-d157 @A: 10 25 33 13 | 08
#0733-d157 @A: 13 34 04 24 | 02
#0734-d157 @A: 23 28 13 34 | 03
#0735-d157 @A: 05 13 22 31 | 09
#0736-d157 @A: 03 13 34 11 | 07
#0737-d157 @A: 27 34 13 08 | 04
#0738-d157 @A: 15 11 27 13 | 01
#0739-d157 @A: 06 31 28 13 | 06
#0740-d157 @A: 16 30 05 09 | 11
#0741-d157 @A: 33 16 10 08 | 10
#0742-d157 @A: 16 35 01 14 | 05
#0743-d157 @A: 06 01 16 19 | 12
#0744-d157 @A: 16 04 27 02 | 08
#0745-d157 @A: 35 16 03 22 | 02
#0746-d157 @A: 08 35 16 26 | 03
#0747-d157 @A: 16 15 05 22 | 09
#0748-d157 @A: 19 16 22 25 | 07
#0749-d157 @A: 29 05 07 16 | 04
#0750-d157 @A: 29 08 16 12 | 01
#0751-d157 @A: 07 03 16 17 | 06
#0752-d157 @A: 17 32 16 24 | 11
#0753-d157 @A: 15 24 02 16 | 10
#0754-d157 @A: 10 16 12 18 | 05
#0755-d157 @A: 09 30 12 34 | 12
#0756-d157 @A: 09 14 06 30 | 08
#0757-d157 @A: 01 26 05 30 | 02
#0758-d157 @A: 23 30 28 27 | 03
#0759-d157 @A: 22 07 29 30 | 09
#0760-d157 @A: 29 27 30 02 | 07
#0761-d157 @A: 10 30 28 26 | 04
#0762-d157 @A: 30 21 32 07 | 01
#0763-d157 @A: 10 17 30 31 | 06
#0764-d157 @A: 26 33 09 35 | 11
#0765-d157 @A: 33 24 09 34 | 10
#0766-d157 @A: 09 01 22 12 | 05
#0767-d157 @A: 04 09 05 06 | 12
#0768-d157 @A: 19 23 10 09 | 08
#0769-d157 @A: 09 23 07 29 | 02
#0770-d157 @A: 22 15 24 09 | 03
#0771-d157 @A: 25 18 10 09 | 09
#0772-d157 @A: 06 33 01 03 | 07
#0773-d157 @A: 33 22 04 06 | 04
#0774-d157 @A: 33 35 24 10 | 01
#0775-d157 @A: 33 02 29 23 | 06
#0776-d157 @A: 08 33 23 15 | 11
#0777-d157 @A: 07 18 33 34 | 10
#0778-d157 @A: 24 33 05 29 | 05
#0779-d157 @A: 08 19 33 17 | 12
#0780-d157 @A: 03 26 19 33 | 08
#0781-d157 @A: 33 24 03 02 | 02
#0782-d157 @A: 15 10 33 28 | 03
#0783-d157 @A: 25 33 31 26 | 09
#0784-d157 @A: 06 17 33 25 | 07
#0785-d157 @A: 01 31 04 07 | 04
#0786-d157 @A: 01 35 29 31 | 01
#0787-d157 @A: 35 27 01 25 | 06
#0788-d157 @A: 01 05 34 02 | 11
#0789-d157 @A: 21 34 29 01 | 10
#0790-d157 @A: 01 17 27 11 | 05
#0791-d157 @A: 08 01 25 19 | 12
#0792-d157 @A: 31 01 12 19 | 08
#0793-d157 @A: 02 15 01 03 | 02
#0794-d157 @A: 14 01 26 07 | 03
#0795-d157 @A: 07 15 01 28 | 09
#0796-d157 @A: 31 01 15 17 | 07
#0797-d157 @A: 04 05 10 08 | 04
#0798-d157 @A: 28 31 19 04 | 01
#0799-d157 @A: 04 26 32 19 | 06
#0800-d157 @A: 04 07 03 25 | 11
#0801-d157 @A: 26 28 25 04 | 10
#0802-d157 @A: 18 07 10 04 | 05
#0803-d157 @A: 25 32 04 17 | 12
#0804-d157 @A: 27 35 23 14 | 08
#0805-d157 @A: 29 18 35 05 | 02
#0806-d157 @A: 28 03 10 35 | 03
#0807-d157 @A: 26 03 25 35 | 09
#0808-d157 @A: 07 35 28 02 | 07
#0809-d157 @A: 26 07 17 35 | 04
#0810-d157 @A: 15 26 32 35 | 01
#0811-d157 @A: 35 18 10 02 | 06
#0812-d157 @A: 22 31 23 34 | 11
#0813-d157 @A: 07 34 19 23 | 10
#0814-d157 @A: 23 05 25 19 | 05
#0815-d157 @A: 31 23 19 21 | 12
#0816-d157 @A: 06 23 24 29 | 08
#0817-d157 @A: 24 27 23 10 | 02
#0818-d157 @A: 23 21 03 10 | 03
#0819-d157 @A: 24 23 03 21 | 09
#0820-d157 @A: 28 10 23 31 | 07
#0821-d157 @A: 32 07 23 15 | 04
#0822-d157 @A: 02 06 23 07 | 01
#0823-d157 @A: 23 06 10 12 | 06
#0824-d157 @A: 14 11 22 34 | 11
#0825-d157 @A: 11 22 25 02 | 10
#0826-d157 @A: 05 32 22 06 | 05
#0827-d157 @A: 22 19 14 28 | 12
#0828-d157 @A: 10 18 21 22 | 08
#0829-d157 @A: 11 32 34 29 | 02
#0830-d157 @A: 24 03 34 31 | 03
#0831-d157 @A: 32 31 14 34 | 09
#0832-d157 @A: 07 34 31 10 | 07
#0833-d157 @A: 02 32 34 24 | 04
#0834-d157 @A: 02 10 34 25 | 01
#0835-d157 @A: 31 11 25 05 | 06
#0836-d157 @A: 15 05 24 11 | 11
#0837-d157 @A: 08 19 11 18 | 10
#0838-d157 @A: 29 05 19 03 | 05
#0839-d157 @A: 19 08 27 05 | 12
#0840-d157 @A: 21 14 05 18 | 08
#0841-d157 @A: 24 05 10 02 | 02
#0842-d157 @A: 19 17 28 06 | 03
#0843-d157 @A: 31 27 29 03 | 09
#0844-d157 @A: 29 12 14 26 | 07
#0845-d157 @A: 10 29 25 14 | 04
#0846-d157 @A: 03 12 08 32 | 01
#0847-d157 @A: 28 14 08 06 | 06
#0848-d157 @A: 25 08 14 12 | 11
#0849-d157 @A: 28 27 15 06 | 10
#0850-d157 @A: 27 07 24 31 | 05
#0851-d157 @A: 23 16 26 20 | 12
#0852-d157 @A: 20 15 10 16 | 08
#0853-d157 @A: 09 20 15 30 | 02
#0854-d157 @A: 25 30 20 08 | 03
#0855-d157 @A: 20 03 11 09 | 09
#0856-d157 @A: 09 07 20 05 | 07
#0857-d157 @A: 20 26 09 29 | 04
#0858-d157 @A: 33 20 10 19 | 01
#0859-d157 @A: 12 01 20 08 | 06
#0860-d157 @A: 20 23 32 35 | 11
#0861-d157 @A: 05 20 35 28 | 10
#0862-d157 @A: 20 28 21 19 | 05
#0863-d157 @A: 14 20 28 25 | 12
#0864-d157 @A: 20 32 26 28 | 08
#0865-d157 @A: 16 13 12 01 | 02
#0866-d157 @A: 13 16 06 23 | 03
#0867-d157 @A: 24 25 16 13 | 09
#0868-d157 @A: 13 31 30 27 | 07
#0869-d157 @A: 13 09 24 31 | 04
#0870-d157 @A: 04 27 13 32 | 01
#0871-d157 @A: 25 22 13 23 | 06
#0872-d157 @A: 15 13 23 10 | 11
#0873-d157 @A: 21 22 13 08 | 10
#0874-d157 @A: 05 13 14 11 | 05
#0875-d157 @A: 19 07 13 11 | 12
#0876-d157 @A: 11 13 25 08 | 08
#0877-d157 @A: 10 02 11 13 | 02
#0878-d157 @A: 29 02 13 24 | 03
#0879-d157 @A: 28 03 13 25 | 09
#0880-d157 @A: 13 31 14 15 | 07
#0881-d157 @A: 27 09 16 07 | 04
#0882-d157 @A: 16 14 05 33 | 01
#0883-d157 @A: 34 01 07 16 | 06
#0884-d157 @A: 23 16 28 05 | 11
#0885-d157 @A: 29 23 16 31 | 10
#0886-d157 @A: 16 15 03 11 | 05
#0887-d157 @A: 32 03 16 26 | 12
#0888-d157 @A: 16 06 12 07 | 08
#0889-d157 @A: 25 17 16 15 | 02
#0890-d157 @A: 15 30 29 33 | 03
#0891-d157 @A: 30 03 08 01 | 09
#0892-d157 @A: 30 04 17 08 | 07
#0893-d157 @A: 32 34 30 35 | 04
#0894-d157 @A: 30 08 15 35 | 01
#0895-d157 @A: 29 06 30 23 | 06
#0896-d157 @A: 34 11 30 28 | 11
#0897-d157 @A: 05 30 06 31 | 10
#0898-d157 @A: 15 26 30 03 | 05
#0899-d157 @A: 30 10 12 21 | 12
#0900-d157 @A: 02 25 31 30 | 08
#0901-d157 @A: 09 10 05 33 | 02
#0902-d157 @A: 19 04 11 09 | 03
#0903-d157 @A: 32 29 09 04 | 09
#0904-d157 @A: 23 06 09 35 | 07
#0905-d157 @A: 35 09 10 08 | 04
#0906-d157 @A: 09 34 21 18 | 01
#0907-d157 @A: 11 29 09 14 | 06
#0908-d157 @A: 09 14 26 17 | 11
#0909-d157 @A: 17 24 02 09 | 10
#0910-d157 @A: 01 25 33 05 | 05
#0911-d157 @A: 29 35 33 22 | 12
#0912-d157 @A: 33 17 35 05 | 08
#0913-d157 @A: 33 18 22 19 | 02
#0914-d157 @A: 17 33 29 34 | 03
#0915-d157 @A: 33 26 10 34 | 09
#0916-d157 @A: 12 24 11 33 | 07
#0917-d157 @A: 19 25 33 27 | 04
#0918-d157 @A: 03 17 02 33 | 01
#0919-d157 @A: 04 01 12 34 | 06
#0920-d157 @A: 15 11 35 01 | 11
#0921-d157 @A: 01 06 35 07 | 10
#0922-d157 @A: 08 31 01 23 | 05
#0923-d157 @A: 02 01 18 29 | 12
#0924-d157 @A: 04 32 35 22 | 08
#0925-d157 @A: 35 24 04 03 | 02
#0926-d157 @A: 28 05 34 04 | 03
#0927-d157 @A: 15 29 11 04 | 09
#0928-d157 @A: 04 02 05 07 | 07
#0929-d157 @A: 19 04 29 25 | 04
#0930-d157 @A: 35 12 07 22 | 01
#0931-d157 @A: 35 14 19 08 | 06
#0932-d157 @A: 35 24 27 25 | 11
#0933-d157 @A: 14 03 35 31 | 10
#0934-d157 @A: 07 03 18 35 | 05
#0935-d157 @A: 15 14 35 17 | 12
#0936-d157 @A: 35 17 21 12 | 08
#0937-d157 @A: 25 35 02 06 | 02
#0938-d157 @A: 23 29 22 32 | 03
#0939-d157 @A: 23 14 19 32 | 09
#0940-d157 @A: 28 23 07 18 | 07
#0941-d157 @A: 32 34 26 22 | 04
#0942-d157 @A: 11 22 28 32 | 01
#0943-d157 @A: 22 26 08 05 | 06
#0944-d157 @A: 29 12 02 22 | 11
#0945-d157 @A: 17 14 22 02 | 10
#0946-d157 @A: 22 25 28 17 | 05
#0947-d157 @A: 24 22 32 26 | 12
#0948-d157 @A: 22 21 25 12 | 08
#0949-d157 @A: 31 22 25 06 | 02
#0950-d157 @A: 07 03 34 05 | 03
#0951-d157 @A: 25 07 34 14 | 09
#0952-d157 @A: 25 28 34 15 | 07
#0953-d157 @A: 12 34 31 24 | 04
#0954-d157 @A: 19 06 27 11 | 01
#0955-d157 @A: 27 11 25 29 | 06
#0956-d157 @A: 07 11 08 24 | 11
#0957-d157 @A: 03 11 26 10 | 10
#0958-d157 @A: 21 11 18 03 | 05
#0959-d157 @A: 11 02 26 28 | 12
#0960-d157 @A: 11 18 28 10 | 08
#0961-d157 @A: 21 26 11 32 | 02
#0962-d157 @A: 06 10 11 25 | 03
#0963-d157 @A: 11 12 02 17 | 09
#0964-d157 @A: 02 12 05 32 | 07
#0965-d157 @A: 07 32 02 19 | 04
#0966-d157 @A: 12 32 29 10 | 01
#0967-d157 @A: 12 06 08 27 | 06
#0968-d157 @A: 18 25 03 08 | 11
#0969-d157 @A: 18 02 14 08 | 10
#0970-d157 @A: 31 08 12 28 | 05
#0971-d157 @A: 07 25 02 08 | 12
#0972-d157 @A: 17 08 15 24 | 08
#0973-d157 @A: 12 10 15 08 | 02
#0974-d157 @A: 27 26 14 10 | 03
#0975-d157 @A: 12 14 27 15 | 09
#0976-d157 @A: 07 15 25 27 | 07
#0977-d157 @A: 02 15 26 27 | 04
#0978-d157 @A: 27 32 15 10 | 01
#0979-d157 @A: 24 15 28 07 | 06
#0980-d157 @A: 20 01 14 13 | 11
#0981-d157 @A: 02 20 23 13 | 10
#0982-d157 @A: 16 20 28 34 | 05
#0983-d157 @A: 32 30 27 20 | 12
#0984-d157 @A: 33 24 18 20 | 08
#0985-d157 @A: 22 20 05 02 | 02
#0986-d157 @A: 22 29 31 20 | 03
#0987-d157 @A: 07 08 20 22 | 09
#0988-d157 @A: 20 10 25 22 | 07
#0989-d157 @A: 27 34 20 02 | 04
#0990-d157 @A: 19 11 20 02 | 01
#0991-d157 @A: 10 11 20 27 | 06
#0992-d157 @A: 05 27 20 06 | 11
#0993-d157 @A: 20 29 24 17 | 10
#0994-d157 @A: 15 14 06 20 | 05
#0995-d157 @A: 13 03 16 30 | 12
#0996-d157 @A: 35 28 16 13 | 08
#0997-d157 @A: 17 13 30 05 | 02
#0998-d157 @A: 29 15 09 13 | 03
#0999-d157 @A: 13 33 04 31 | 09
#1000-d157 @A: 29 14 13 33 | 07
#1001-d157 @A: 28 33 13 27 | 04
#1002-d157 @A: 01 17 04 13 | 01
#1003-d157 @A: 13 23 24 18 | 06
#1004-d157 @A: 32 13 22 12 | 11
#1005-d157 @A: 05 13 21 34 | 10
#1006-d157 @A: 32 29 19 13 | 05
#1007-d157 @A: 33 16 25 30 | 12
#1008-d157 @A: 23 24 16 30 | 08
#1009-d157 @A: 09 16 35 32 | 02
#1010-d157 @A: 03 29 16 01 | 03
#1011-d157 @A: 17 01 16 08 | 09
#1012-d157 @A: 04 34 16 29 | 07
#1013-d157 @A: 14 16 15 04 | 04
#1014-d157 @A: 32 27 34 16 | 01
#1015-d157 @A: 24 16 27 05 | 06
#1016-d157 @A: 08 18 28 16 | 11
#1017-d157 @A: 14 12 21 16 | 10
#1018-d157 @A: 16 28 31 15 | 05
#1019-d157 @A: 25 18 07 16 | 12
#1020-d157 @A: 30 07 09 19 | 08
#1021-d157 @A: 18 17 30 09 | 02
#1022-d157 @A: 27 30 04 15 | 03
#1023-d157 @A: 32 03 30 04 | 09
#1024-d157 @A: 30 35 26 19 | 07
#1025-d157 @A: 21 22 23 30 | 04
#1026-d157 @A: 34 30 23 17 | 01
#1027-d157 @A: 30 08 24 31 | 06
#1028-d157 @A: 25 18 30 28 | 11
#1029-d157 @A: 07 06 30 25 | 10
#1030-d157 @A: 31 30 15 07 | 05
#1031-d157 @A: 24 17 21 30 | 12
#1032-d157 @A: 15 10 30 25 | 08
#1033-d157 @A: 25 09 11 33 | 02
#1034-d157 @A: 09 15 06 33 | 03
#1035-d157 @A: 09 29 01 25 | 09
#1036-d157 @A: 09 07 35 04 | 07
#1037-d157 @A: 27 15 35 09 | 04
#1038-d157 @A: 18 24 09 35 | 01
#1039-d157 @A: 02 09 22 34 | 06
#1040-d157 @A: 11 05 09 12 | 11
#1041-d157 @A: 32 05 15 09 | 10
#1042-d157 @A: 03 09 15 07 | 05
#1043-d157 @A: 25 03 09 02 | 12
#1044-d157 @A: 12 09 32 21 | 08
#1045-d157 @A: 08 31 22 33 | 02
#1046-d157 @A: 22 33 03 10 | 03
#1047-d157 @A: 07 24 22 33 | 09
#1048-d157 @A: 08 33 11 28 | 07
#1049-d157 @A: 27 14 11 33 | 04
#1050-d157 @A: 33 28 26 29 | 01
#1051-d157 @A: 32 02 27 33 | 06
#1052-d157 @A: 14 17 33 31 | 11
#1053-d157 @A: 07 28 33 31 | 10
#1054-d157 @A: 33 10 02 07 | 05
#1055-d157 @A: 18 12 02 33 | 12
#1056-d157 @A: 31 12 33 10 | 08
#1057-d157 @A: 01 10 23 04 | 02
#1058-d157 @A: 02 22 01 35 | 03
#1059-d157 @A: 08 11 10 01 | 09
#1060-d157 @A: 01 25 03 10 | 07
#1061-d157 @A: 28 12 01 14 | 04
#1062-d157 @A: 01 26 28 31 | 01
#1063-d157 @A: 01 26 06 15 | 06
#1064-d157 @A: 31 08 35 04 | 11
#1065-d157 @A: 04 26 23 29 | 10
#1066-d157 @A: 04 18 24 05 | 05
#1067-d157 @A: 04 17 14 12 | 12
#1068-d157 @A: 17 10 04 26 | 08
#1069-d157 @A: 06 12 04 24 | 02
#1070-d157 @A: 29 35 15 23 | 03
#1071-d157 @A: 35 22 10 27 | 09
#1072-d157 @A: 17 19 35 11 | 07
#1073-d157 @A: 11 35 27 28 | 04
#1074-d157 @A: 35 05 08 24 | 01
#1075-d157 @A: 29 10 19 35 | 06
#1076-d157 @A: 25 21 28 35 | 11
#1077-d157 @A: 35 07 26 24 | 10
#1078-d157 @A: 15 23 22 11 | 05
#1079-d157 @A: 22 23 10 08 | 12
#1080-d157 @A: 29 03 23 11 | 08
#1081-d157 @A: 05 03 17 23 | 02
#1082-d157 @A: 29 18 19 23 | 03
#1083-d157 @A: 23 18 06 03 | 09
#1084-d157 @A: 08 28 34 22 | 07
#1085-d157 @A: 11 27 07 22 | 04
#1086-d157 @A: 22 21 11 24 | 01
#1087-d157 @A: 10 22 15 07 | 06
#1088-d157 @A: 25 15 22 26 | 11
#1089-d157 @A: 05 11 34 17 | 10
#1090-d157 @A: 27 34 28 19 | 05
#1091-d157 @A: 29 34 07 27 | 12
#1092-d157 @A: 21 27 24 34 | 08
#1093-d157 @A: 18 34 32 15 | 02
#1094-d157 @A: 21 31 15 34 | 03
#1095-d157 @A: 25 07 28 05 | 09
#1096-d157 @A: 18 03 19 32 | 07
#1097-d157 @A: 02 03 19 10 | 04
#1098-d157 @A: 25 28 19 10 | 01
#1099-d157 @A: 07 06 19 18 | 06
#1100-d157 @A: 19 25 18 26 | 11
#1101-d157 @A: 24 19 32 15 | 10
#1102-d157 @A: 24 29 31 26 | 05
#1103-d157 @A: 15 21 17 29 | 12
#1104-d157 @A: 08 32 31 27 | 08
#1105-d157 @A: 03 06 08 15 | 02
#1106-d157 @A: 08 26 31 21 | 03
#1107-d157 @A: 27 18 21 31 | 09
#1108-d157 @A: 17 27 25 18 | 07
#1109-d157 @A: 15 07 24 12 | 04
#1110-d157 @A: 35 13 33 20 | 01
#1111-d157 @A: 32 20 13 07 | 06
#1112-d157 @A: 22 20 16 11 | 11
#1113-d157 @A: 20 16 27 12 | 10
#1114-d157 @A: 01 30 20 02 | 05
#1115-d157 @A: 34 30 20 07 | 12
#1116-d157 @A: 20 01 29 33 | 08
#1117-d157 @A: 20 35 12 25 | 02
#1118-d157 @A: 08 20 24 19 | 03
#1119-d157 @A: 25 20 19 32 | 09
#1120-d157 @A: 18 17 29 20 | 07
#1121-d157 @A: 14 20 03 27 | 04
#1122-d157 @A: 20 14 32 12 | 01
#1123-d157 @A: 31 26 17 20 | 06
#1124-d157 @A: 05 32 16 13 | 11
#1125-d157 @A: 21 16 19 13 | 10
#1126-d157 @A: 15 08 16 13 | 05
#1127-d157 @A: 13 33 30 11 | 12
#1128-d157 @A: 13 26 22 09 | 08
#1129-d157 @A: 09 13 34 07 | 02
#1130-d157 @A: 13 01 03 23 | 03
#1131-d157 @A: 01 13 17 24 | 09
#1132-d157 @A: 21 13 04 35 | 07
#1133-d157 @A: 04 13 18 11 | 04
#1134-d157 @A: 04 05 13 25 | 01
#1135-d157 @A: 35 29 02 13 | 06
#1136-d157 @A: 13 25 15 35 | 11
#1137-d157 @A: 02 08 05 13 | 10
#1138-d157 @A: 13 19 28 02 | 05
#1139-d157 @A: 10 13 28 29 | 12
#1140-d157 @A: 14 10 06 13 | 08
#1141-d157 @A: 26 13 24 15 | 02
#1142-d157 @A: 13 10 31 21 | 03
#1143-d157 @A: 27 08 30 16 | 09
#1144-d157 @A: 16 30 07 28 | 07
#1145-d157 @A: 26 04 09 16 | 04
#1146-d157 @A: 16 09 03 10 | 01
#1147-d157 @A: 28 24 16 09 | 06
#1148-d157 @A: 06 21 09 16 | 11
#1149-d157 @A: 16 04 24 33 | 10
#1150-d157 @A: 16 29 21 33 | 05
#1151-d157 @A: 15 33 16 26 | 12
#1152-d157 @A: 15 16 27 23 | 08
#1153-d157 @A: 14 10 23 16 | 02
#1154-d157 @A: 08 16 11 14 | 03
#1155-d157 @A: 02 16 28 03 | 09
#1156-d157 @A: 06 31 16 14 | 07
#1157-d157 @A: 16 21 32 28 | 04
#1158-d157 @A: 10 26 16 07 | 01
#1159-d157 @A: 06 16 26 25 | 06
#1160-d157 @A: 32 33 09 30 | 11
#1161-d157 @A: 01 30 09 28 | 10
#1162-d157 @A: 30 02 33 22 | 05
#1163-d157 @A: 05 21 30 33 | 12
#1164-d157 @A: 04 22 24 30 | 08
#1165-d157 @A: 04 30 10 19 | 02
#1166-d157 @A: 30 29 35 28 | 03
#1167-d157 @A: 23 18 30 02 | 09
#1168-d157 @A: 34 30 29 03 | 07
#1169-d157 @A: 34 24 30 07 | 04
#1170-d157 @A: 05 29 32 30 | 01
#1171-d157 @A: 02 30 14 28 | 06
#1172-d157 @A: 12 07 18 30 | 11
#1173-d157 @A: 26 18 31 30 | 10
#1174-d157 @A: 09 19 33 34 | 05
#1175-d157 @A: 04 09 21 01 | 12
#1176-d157 @A: 09 31 18 04 | 08
#1177-d157 @A: 35 11 02 09 | 02
#1178-d157 @A: 29 17 09 35 | 03
#1179-d157 @A: 09 14 35 28 | 09
#1180-d157 @A: 27 23 09 08 | 07
#1181-d157 @A: 23 03 09 32 | 04
#1182-d157 @A: 09 10 22 29 | 01
#1183-d157 @A: 11 09 17 08 | 06
#1184-d157 @A: 09 11 27 32 | 11
#1185-d157 @A: 21 15 09 26 | 10
#1186-d157 @A: 09 12 18 06 | 05
#1187-d157 @A: 26 33 08 01 | 12
#1188-d157 @A: 33 07 35 27 | 08
#1189-d157 @A: 27 23 12 33 | 02
#1190-d157 @A: 11 12 22 33 | 03
#1191-d157 @A: 05 34 33 31 | 09
#1192-d157 @A: 12 34 28 33 | 07
#1193-d157 @A: 27 32 24 33 | 04
#1194-d157 @A: 03 21 28 33 | 01
#1195-d157 @A: 03 12 25 33 | 06
#1196-d157 @A: 03 31 33 15 | 11
#1197-d157 @A: 14 33 07 06 | 10
#1198-d157 @A: 27 23 07 01 | 05
#1199-d157 @A: 22 01 10 28 | 12
#1200-d157 @A: 15 08 01 34 | 08
#1201-d157 @A: 34 06 31 01 | 02
#1202-d157 @A: 05 01 08 06 | 03
#1203-d157 @A: 17 01 29 26 | 09
#1204-d157 @A: 24 10 01 06 | 07
#1205-d157 @A: 22 19 02 04 | 04
#1206-d157 @A: 22 04 29 03 | 01
#1207-d157 @A: 04 22 27 14 | 06
#1208-d157 @A: 34 04 27 21 | 11
#1209-d157 @A: 11 03 17 04 | 10
#1210-d157 @A: 27 12 05 04 | 05
#1211-d157 @A: 04 07 17 15 | 12
#1212-d157 @A: 31 04 25 15 | 08
#1213-d157 @A: 12 10 04 25 | 02
#1214-d157 @A: 23 11 18 35 | 03
#1215-d157 @A: 29 26 35 11 | 09
#1216-d157 @A: 12 06 03 35 | 07
#1217-d157 @A: 14 28 35 24 | 04
#1218-d157 @A: 10 07 32 35 | 01
#1219-d157 @A: 23 12 34 08 | 06
#1220-d157 @A: 23 32 11 10 | 11
#1221-d157 @A: 23 03 28 14 | 10
#1222-d157 @A: 23 28 02 21 | 05
#1223-d157 @A: 31 23 15 06 | 12
#1224-d157 @A: 29 22 34 15 | 08
#1225-d157 @A: 08 29 25 22 | 02
#1226-d157 @A: 32 15 22 02 | 03
#1227-d157 @A: 06 22 10 02 | 09
#1228-d157 @A: 21 11 34 25 | 07
#1229-d157 @A: 19 05 34 06 | 04
#1230-d157 @A: 19 34 12 21 | 01
#1231-d157 @A: 34 18 29 26 | 06
#1232-d157 @A: 27 34 17 15 | 11
#1233-d157 @A: 34 03 32 02 | 10
#1234-d157 @A: 03 17 34 31 | 05
#1235-d157 @A: 28 34 10 21 | 12
#1236-d157 @A: 05 29 28 11 | 08
#1237-d157 @A: 08 15 11 05 | 02
#1238-d157 @A: 11 14 18 25 | 03
#1239-d157 @A: 11 26 15 17 | 09
#1240-d157 @A: 15 32 06 11 | 07
#1241-d157 @A: 11 21 31 06 | 04
#1242-d157 @A: 19 10 05 18 | 01
#1243-d157 @A: 03 05 14 26 | 06
#1244-d157 @A: 05 14 32 28 | 11
#1245-d157 @A: 07 26 05 18 | 10
#1246-d157 @A: 12 24 05 32 | 05
#1247-d157 @A: 29 27 21 19 | 12
#1248-d157 @A: 17 02 19 25 | 08
#1249-d157 @A: 19 10 15 17 | 02
#1250-d157 @A: 15 08 29 31 | 03
#1251-d157 @A: 07 02 15 29 | 09
#1252-d157 @A: 06 02 29 26 | 07
#1253-d157 @A: 18 10 31 29 | 04
#1254-d157 @A: 21 27 15 08 | 01
#1255-d157 @A: 26 03 08 28 | 06
#1256-d157 @A: 08 14 10 31 | 11
#1257-d157 @A: 02 15 28 08 | 10
#1258-d157 @A: 31 08 17 25 | 05
#1259-d157 @A: 07 32 17 27 | 12
#1260-d157 @A: 03 24 10 26 | 08
#1261-d157 @A: 24 21 06 26 | 02
#1262-d157 @A: 03 29 13 20 | 03
#1263-d157 @A: 13 08 10 20 | 09
#1264-d157 @A: 13 20 28 15 | 07
#1265-d157 @A: 18 11 20 30 | 04
#1266-d157 @A: 03 23 20 04 | 01
#1267-d157 @A: 08 04 15 20 | 06
#1268-d157 @A: 04 24 20 26 | 11
#1269-d157 @A: 02 35 20 03 | 10
#1270-d157 @A: 05 20 23 10 | 05
#1271-d157 @A: 20 28 12 22 | 12
#1272-d157 @A: 20 05 03 24 | 08
#1273-d157 @A: 20 08 06 29 | 02
#1274-d157 @A: 03 18 10 20 | 03
#1275-d157 @A: 31 20 02 14 | 09
#1276-d157 @A: 31 07 12 20 | 07
#1277-d157 @A: 15 32 20 31 | 04
#1278-d157 @A: 02 12 06 20 | 01
#1279-d157 @A: 30 15 01 13 | 06
#1280-d157 @A: 22 28 13 30 | 11
#1281-d157 @A: 13 19 18 30 | 10
#1282-d157 @A: 13 30 24 32 | 05
#1283-d157 @A: 05 13 09 28 | 12
#1284-d157 @A: 13 02 27 09 | 08
#1285-d157 @A: 13 18 08 33 | 02
#1286-d157 @A: 01 28 13 11 | 03
#1287-d157 @A: 08 35 17 13 | 09
#1288-d157 @A: 27 03 13 35 | 07
#1289-d157 @A: 13 23 11 17 | 04
#1290-d157 @A: 13 06 11 24 | 01
#1291-d157 @A: 21 27 14 13 | 06
#1292-d157 @A: 13 03 06 32 | 11
#1293-d157 @A: 17 31 13 32 | 10
#1294-d157 @A: 15 13 17 02 | 05
#1295-d157 @A: 16 30 06 04 | 12
#1296-d157 @A: 26 16 30 29 | 08
#1297-d157 @A: 16 31 21 30 | 02
#1298-d157 @A: 16 09 33 12 | 03
#1299-d157 @A: 09 01 16 15 | 09
#1300-d157 @A: 09 22 16 31 | 07
#1301-d157 @A: 34 17 16 09 | 04
#1302-d157 @A: 33 16 23 32 | 01
#1303-d157 @A: 01 16 05 21 | 06
#1304-d157 @A: 22 12 16 04 | 11
#1305-d157 @A: 12 05 35 16 | 10
#1306-d157 @A: 10 05 16 34 | 05
#1307-d157 @A: 16 19 14 34 | 12
#1308-d157 @A: 28 17 16 14 | 08
#1309-d157 @A: 07 02 14 16 | 02
#1310-d157 @A: 26 21 16 18 | 03
#1311-d157 @A: 35 09 25 30 | 09
#1312-d157 @A: 14 34 33 30 | 07
#1313-d157 @A: 23 30 32 01 | 04
#1314-d157 @A: 22 31 01 30 | 01
#1315-d157 @A: 30 04 26 22 | 06
#1316-d157 @A: 24 03 11 30 | 11
#1317-d157 @A: 14 32 30 11 | 10
#1318-d157 @A: 24 25 05 30 | 05
#1319-d157 @A: 29 21 30 25 | 12
#1320-d157 @A: 30 10 08 07 | 08
#1321-d157 @A: 10 32 30 02 | 02
#1322-d157 @A: 30 06 18 10 | 03
#1323-d157 @A: 14 33 08 09 | 09
#1324-d157 @A: 01 09 07 11 | 07
#1325-d157 @A: 01 27 09 03 | 04
#1326-d157 @A: 09 04 14 34 | 01
#1327-d157 @A: 23 22 09 17 | 06
#1328-d157 @A: 24 05 09 23 | 11
#1329-d157 @A: 22 11 09 18 | 10
#1330-d157 @A: 11 09 10 21 | 05
#1331-d157 @A: 28 09 12 03 | 12
#1332-d157 @A: 09 14 24 06 | 08
#1333-d157 @A: 28 09 10 07 | 02
#1334-d157 @A: 11 33 02 01 | 03
#1335-d157 @A: 04 19 07 33 | 09
#1336-d157 @A: 33 03 23 07 | 07
#1337-d157 @A: 29 19 33 06 | 04
#1338-d157 @A: 33 14 12 19 | 01
#1339-d157 @A: 18 28 14 33 | 06
#1340-d157 @A: 33 21 31 02 | 11
#1341-d157 @A: 04 01 11 32 | 10
#1342-d157 @A: 29 06 04 01 | 05
#1343-d157 @A: 35 10 01 12 | 12
#1344-d157 @A: 17 07 01 05 | 08
#1345-d157 @A: 25 01 32 18 | 02
#1346-d157 @A: 24 12 18 01 | 03
#1347-d157 @A: 25 35 04 11 | 09
#1348-d157 @A: 23 31 27 04 | 07
#1349-d157 @A: 04 11 14 02 | 04
#1350-d157 @A: 04 26 21 05 | 01
#1351-d157 @A: 27 03 04 19 | 06
#1352-d157 @A: 02 19 04 24 | 11
#1353-d157 @A: 08 07 04 29 | 10
#1354-d157 @A: 27 29 17 04 | 05
#1355-d157 @A: 18 28 06 04 | 12
#1356-d157 @A: 21 31 12 04 | 08
#1357-d157 @A: 19 35 25 34 | 02
#1358-d157 @A: 31 10 35 11 | 03
#1359-d157 @A: 05 35 25 08 | 09
#1360-d157 @A: 19 27 12 35 | 07
#1361-d157 @A: 14 35 29 07 | 04
#1362-d157 @A: 35 02 24 31 | 01
#1363-d157 @A: 23 29 34 14 | 06
#1364-d157 @A: 12 19 11 23 | 11
#1365-d157 @A: 14 25 23 17 | 10
#1366-d157 @A: 32 21 23 18 | 05
#1367-d157 @A: 23 06 17 32 | 12
#1368-d157 @A: 21 25 23 15 | 08
#1369-d157 @A: 05 29 21 22 | 02
#1370-d157 @A: 18 26 22 02 | 03
#1371-d157 @A: 15 12 06 22 | 09
#1372-d157 @A: 15 06 07 34 | 07
#1373-d157 @A: 34 02 31 12 | 04
#1374-d157 @A: 18 25 31 34 | 01
#1375-d157 @A: 25 15 19 11 | 06
#1376-d157 @A: 14 11 31 26 | 11
#1377-d157 @A: 17 14 11 06 | 10
#1378-d157 @A: 11 24 28 02 | 05
#1379-d157 @A: 25 11 12 28 | 12
#1380-d157 @A: 05 14 06 02 | 08
#1381-d157 @A: 05 21 31 07 | 02
#1382-d157 @A: 07 05 06 10 | 03
#1383-d157 @A: 32 26 17 05 | 09
#1384-d157 @A: 18 15 05 17 | 07
#1385-d157 @A: 19 29 28 08 | 04
#1386-d157 @A: 10 08 19 06 | 01
#1387-d157 @A: 19 31 03 06 | 06
#1388-d157 @A: 12 19 17 03 | 11
#1389-d157 @A: 15 19 32 28 | 10
#1390-d157 @A: 07 21 25 19 | 05
#1391-d157 @A: 29 15 03 32 | 12
#1392-d157 @A: 29 31 21 14 | 08
#1393-d157 @A: 29 31 28 25 | 02
#1394-d157 @A: 12 17 29 28 | 03
#1395-d157 @A: 18 07 29 21 | 09
#1396-d157 @A: 32 06 29 18 | 07
#1397-d157 @A: 06 15 25 29 | 04
#1398-d157 @A: 31 06 29 12 | 01
#1399-d157 @A: 29 12 18 15 | 06
#1400-d157 @A: 06 07 32 08 | 11
#1401-d157 @A: 31 06 08 02 | 10
#1402-d157 @A: 27 18 03 15 | 05
#1403-d157 @A: 02 21 27 10 | 12
#1404-d157 @A: 31 27 10 25 | 08
#1405-d157 @A: 16 31 13 20 | 02
#1406-d157 @A: 22 34 20 13 | 03
#1407-d157 @A: 16 05 20 25 | 09
#1408-d157 @A: 20 32 29 16 | 07
#1409-d157 @A: 20 30 10 35 | 04
#1410-d157 @A: 31 20 23 30 | 01
#1411-d157 @A: 09 20 01 19 | 06
#1412-d157 @A: 09 22 14 20 | 11
#1413-d157 @A: 09 06 32 20 | 10
#1414-d157 @A: 21 20 22 04 | 05
#1415-d157 @A: 11 20 05 21 | 12
#1416-d157 @A: 11 29 07 20 | 08
#1417-d157 @A: 20 32 08 11 | 02
#1418-d157 @A: 20 19 08 26 | 03
#1419-d157 @A: 15 20 19 27 | 09
#1420-d157 @A: 07 28 20 03 | 07
#1421-d157 @A: 15 07 26 20 | 04
#1422-d157 @A: 21 32 20 24 | 01
#1423-d157 @A: 04 30 13 29 | 06
#1424-d157 @A: 19 25 09 13 | 11
#1425-d157 @A: 26 01 02 13 | 10
#1426-d157 @A: 23 04 12 13 | 05
#1427-d157 @A: 26 13 35 23 | 12
#1428-d157 @A: 13 11 22 06 | 08
#1429-d157 @A: 29 31 13 34 | 02
#1430-d157 @A: 34 13 10 12 | 03
#1431-d157 @A: 15 13 05 06 | 09
#1432-d157 @A: 13 31 19 08 | 07
#1433-d157 @A: 29 13 07 06 | 04
#1434-d157 @A: 18 29 25 13 | 01
#1435-d157 @A: 13 08 14 03 | 06
#1436-d157 @A: 03 12 13 15 | 11
#1437-d157 @A: 32 14 02 13 | 10
#1438-d157 @A: 30 16 12 11 | 05
#1439-d157 @A: 25 16 09 08 | 12
#1440-d157 @A: 28 33 16 01 | 08
#1441-d157 @A: 34 16 33 11 | 02
#1442-d157 @A: 01 24 16 14 | 03
#1443-d157 @A: 07 23 22 16 | 09
#1444-d157 @A: 08 02 22 16 | 07
#1445-d157 @A: 11 16 24 26 | 04
#1446-d157 @A: 02 18 17 16 | 01
#1447-d157 @A: 16 12 31 25 | 06
#1448-d157 @A: 23 04 09 30 | 11
#1449-d157 @A: 09 22 03 30 | 10
#1450-d157 @A: 30 33 01 07 | 05
#1451-d157 @A: 19 30 33 28 | 12
#1452-d157 @A: 30 33 06 08 | 08
#1453-d157 @A: 30 34 01 10 | 02
#1454-d157 @A: 24 01 29 30 | 03
#1455-d157 @A: 30 23 35 03 | 09
#1456-d157 @A: 30 22 35 11 | 07
#1457-d157 @A: 30 12 35 24 | 04
#1458-d157 @A: 30 10 11 29 | 01
#1459-d157 @A: 30 11 03 27 | 06
#1460-d157 @A: 15 02 30 11 | 11
#1461-d157 @A: 02 30 19 12 | 10
#1462-d157 @A: 26 27 07 30 | 05
#1463-d157 @A: 12 03 30 31 | 12
#1464-d157 @A: 15 30 18 14 | 08
#1465-d157 @A: 26 12 30 25 | 02
#1466-d157 @A: 32 17 30 12 | 03
#1467-d157 @A: 08 04 12 09 | 09
#1468-d157 @A: 07 04 24 09 | 07
#1469-d157 @A: 09 22 21 35 | 04
#1470-d157 @A: 05 23 18 09 | 01
#1471-d157 @A: 22 09 27 28 | 06
#1472-d157 @A: 05 21 02 09 | 11
#1473-d157 @A: 28 09 29 02 | 10
#1474-d157 @A: 31 12 09 14 | 05
#1475-d157 @A: 35 33 01 32 | 12
#1476-d157 @A: 33 04 28 35 | 08
#1477-d157 @A: 08 33 35 12 | 02
#1478-d157 @A: 22 26 33 23 | 03
#1479-d157 @A: 23 31 11 33 | 09
#1480-d157 @A: 33 28 22 05 | 07
#1481-d157 @A: 33 14 25 22 | 04
#1482-d157 @A: 29 05 33 12 | 01
#1483-d157 @A: 26 33 21 12 | 06
#1484-d157 @A: 06 12 33 32 | 11
#1485-d157 @A: 33 10 32 18 | 10
#1486-d157 @A: 01 25 04 22 | 05
#1487-d157 @A: 08 01 02 04 | 12
#1488-d157 @A: 18 35 01 26 | 08
#1489-d157 @A: 26 22 11 01 | 02
#1490-d157 @A: 14 05 22 01 | 03
#1491-d157 @A: 01 19 22 17 | 09
#1492-d157 @A: 27 22 01 08 | 07
#1493-d157 @A: 03 01 11 05 | 04
#1494-d157 @A: 05 01 31 27 | 01
#1495-d157 @A: 26 25 21 01 | 06
#1496-d157 @A: 01 06 32 10 | 11
#1497-d157 @A: 18 04 35 27 | 10
#1498-d157 @A: 34 18 04 03 | 05
#1499-d157 @A: 28 29 21 04 | 12
#1500-d157 @A: 04 06 27 10 | 08
#1501-d157 @A: 10 04 28 14 | 02
#1502-d157 @A: 28 32 04 02 | 03
#1503-d157 @A: 35 17 24 22 | 09
#1504-d157 @A: 21 08 35 11 | 07
#1505-d157 @A: 05 31 35 26 | 04
#1506-d157 @A: 35 27 17 02 | 01
#1507-d157 @A: 35 02 21 14 | 06
#1508-d157 @A: 35 15 06 10 | 11
#1509-d157 @A: 17 35 25 10 | 10
#1510-d157 @A: 05 31 23 14 | 05
#1511-d157 @A: 23 17 27 19 | 12
#1512-d157 @A: 03 02 26 23 | 08
#1513-d157 @A: 23 25 03 31 | 02
#1514-d157 @A: 15 14 26 23 | 03
#1515-d157 @A: 23 24 32 28 | 09
#1516-d157 @A: 34 19 22 10 | 07
#1517-d157 @A: 22 29 11 17 | 04
#1518-d157 @A: 06 22 14 29 | 01
#1519-d157 @A: 15 08 17 22 | 06
#1520-d157 @A: 18 03 22 17 | 11
#1521-d157 @A: 07 31 14 22 | 10
#1522-d157 @A: 15 18 28 22 | 05
#1523-d157 @A: 17 22 26 12 | 12
#1524-d157 @A: 18 22 31 24 | 08
#1525-d157 @A: 08 34 11 07 | 02
#1526-d157 @A: 10 29 34 08 | 03
#1527-d157 @A: 29 06 28 34 | 09
#1528-d157 @A: 15 03 10 34 | 07
#1529-d157 @A: 17 28 34 07 | 04
#1530-d157 @A: 11 05 32 07 | 01
#1531-d157 @A: 24 29 11 27 | 06
#1532-d157 @A: 08 14 05 29 | 11
#1533-d157 @A: 05 12 03 21 | 10
#1534-d157 @A: 17 14 05 10 | 05
#1535-d157 @A: 05 28 24 26 | 12
#1536-d157 @A: 14 19 31 25 | 08
#1537-d157 @A: 15 26 19 31 | 02
#1538-d157 @A: 26 12 19 10 | 03
#1539-d157 @A: 10 29 03 06 | 09
#1540-d157 @A: 15 24 29 25 | 07
#1541-d157 @A: 21 24 02 08 | 04
#1542-d157 @A: 21 25 03 27 | 01
#1543-d157 @A: 32 12 25 27 | 06
#1544-d157 @A: 20 13 30 21 | 11
#1545-d157 @A: 13 26 05 20 | 10
#1546-d157 @A: 16 20 30 14 | 05
#1547-d157 @A: 33 20 05 18 | 12
#1548-d157 @A: 11 26 20 04 | 08
#1549-d157 @A: 20 12 19 04 | 02
#1550-d157 @A: 20 32 04 18 | 03
#1551-d157 @A: 15 29 05 20 | 09
#1552-d157 @A: 17 08 05 20 | 07
#1553-d157 @A: 25 20 03 06 | 04
#1554-d157 @A: 20 21 14 17 | 01
#1555-d157 @A: 25 24 20 07 | 06
#1556-d157 @A: 25 02 20 26 | 11
#1557-d157 @A: 02 20 15 21 | 10
#1558-d157 @A: 18 20 12 21 | 05
#1559-d157 @A: 14 16 13 09 | 12
#1560-d157 @A: 09 13 11 31 | 08
#1561-d157 @A: 13 33 19 23 | 02
#1562-d157 @A: 33 05 13 03 | 03
#1563-d157 @A: 22 13 10 04 | 09
#1564-d157 @A: 14 19 04 13 | 07
#1565-d157 @A: 14 22 13 35 | 04
#1566-d157 @A: 35 13 32 11 | 01
#1567-d157 @A: 07 31 23 13 | 06
#1568-d157 @A: 07 05 13 27 | 11
#1569-d157 @A: 05 07 24 13 | 10
#1570-d157 @A: 08 13 29 26 | 05
#1571-d157 @A: 13 02 31 03 | 12
#1572-d157 @A: 13 12 18 14 | 08
#1573-d157 @A: 25 21 06 13 | 02
#1574-d157 @A: 03 16 33 27 | 03
#1575-d157 @A: 27 16 01 26 | 09
#1576-d157 @A: 10 01 16 31 | 07
#1577-d157 @A: 21 16 04 03 | 04
#1578-d157 @A: 24 19 35 16 | 01
#1579-d157 @A: 16 17 23 12 | 06
#1580-d157 @A: 16 29 28 22 | 11
#1581-d157 @A: 14 22 16 26 | 10
#1582-d157 @A: 16 06 29 11 | 05
#1583-d157 @A: 16 31 02 11 | 12
#1584-d157 @A: 16 26 17 19 | 08
#1585-d157 @A: 10 29 02 16 | 02
#1586-d157 @A: 09 30 19 24 | 03
#1587-d157 @A: 30 08 09 02 | 09
#1588-d157 @A: 12 01 27 30 | 07
#1589-d157 @A: 30 11 07 04 | 04
#1590-d157 @A: 30 31 14 04 | 01
#1591-d157 @A: 30 02 21 04 | 06
#1592-d157 @A: 18 21 30 35 | 11
#1593-d157 @A: 30 34 22 06 | 10
#1594-d157 @A: 30 27 34 18 | 05
#1595-d157 @A: 28 05 30 08 | 12
#1596-d157 @A: 19 32 08 30 | 08
#1597-d157 @A: 14 19 27 30 | 02
#1598-d157 @A: 18 30 29 08 | 03
#1599-d157 @A: 10 15 30 24 | 09
#1600-d157 @A: 09 33 23 28 | 07
#1601-d157 @A: 09 29 03 33 | 04
#1602-d157 @A: 01 05 35 09 | 01
#1603-d157 @A: 09 03 34 35 | 06
#1604-d157 @A: 09 15 34 23 | 11
#1605-d157 @A: 02 23 09 31 | 10
#1606-d157 @A: 09 27 10 34 | 05
#1607-d157 @A: 32 19 17 09 | 12
#1608-d157 @A: 25 06 09 28 | 08
#1609-d157 @A: 09 07 02 17 | 02
#1610-d157 @A: 32 10 24 09 | 03
#1611-d157 @A: 01 24 35 33 | 09
#1612-d157 @A: 15 19 33 01 | 07
#1613-d157 @A: 33 27 21 22 | 04
#1614-d157 @A: 24 19 33 06 | 01
#1615-d157 @A: 17 07 21 33 | 06
#1616-d157 @A: 26 17 18 33 | 11
#1617-d157 @A: 01 18 04 19 | 10
#1618-d157 @A: 01 04 03 26 | 05
#1619-d157 @A: 11 23 24 01 | 12
#1620-d157 @A: 05 01 12 23 | 08
#1621-d157 @A: 01 07 22 18 | 02
#1622-d157 @A: 24 22 26 01 | 03
#1623-d157 @A: 01 11 12 29 | 09
#1624-d157 @A: 08 29 01 32 | 07
#1625-d157 @A: 07 32 01 03 | 04
#1626-d157 @A: 01 18 14 31 | 01
#1627-d157 @A: 17 32 28 01 | 06
#1628-d157 @A: 28 01 21 18 | 11
#1629-d157 @A: 01 07 02 12 | 10
#1630-d157 @A: 01 21 02 17 | 05
#1631-d157 @A: 12 35 04 29 | 12
#1632-d157 @A: 28 22 04 23 | 08
#1633-d157 @A: 23 34 04 32 | 02
#1634-d157 @A: 34 04 17 19 | 03
#1635-d157 @A: 06 11 12 04 | 09
#1636-d157 @A: 04 08 21 19 | 07
#1637-d157 @A: 04 24 28 25 | 04
#1638-d157 @A: 04 31 26 02 | 01
#1639-d157 @A: 35 22 17 34 | 06
#1640-d157 @A: 27 26 35 34 | 11
#1641-d157 @A: 35 11 24 32 | 10
#1642-d157 @A: 08 29 35 03 | 05
#1643-d157 @A: 32 08 02 35 | 12
#1644-d157 @A: 14 35 32 25 | 08
#1645-d157 @A: 35 32 21 31 | 02
#1646-d157 @A: 18 32 12 35 | 03
#1647-d157 @A: 27 23 11 26 | 09
#1648-d157 @A: 08 23 28 25 | 07
#1649-d157 @A: 32 23 28 12 | 04
#1650-d157 @A: 15 28 17 23 | 01
#1651-d157 @A: 34 12 27 22 | 06
#1652-d157 @A: 22 21 11 19 | 11
#1653-d157 @A: 17 24 34 05 | 10
#1654-d157 @A: 34 06 26 03 | 05
#1655-d157 @A: 24 34 26 14 | 12
#1656-d157 @A: 34 02 18 28 | 08
#1657-d157 @A: 25 26 17 34 | 02
#1658-d157 @A: 34 06 10 17 | 03
#1659-d157 @A: 18 17 12 34 | 09
#1660-d157 @A: 03 12 11 14 | 07
#1661-d157 @A: 14 11 10 15 | 04
#1662-d157 @A: 17 07 11 18 | 01
#1663-d157 @A: 12 07 11 10 | 06
#1664-d157 @A: 15 12 21 11 | 11
#1665-d157 @A: 11 17 18 24 | 10
#1666-d157 @A: 19 05 15 14 | 05
#1667-d157 @A: 21 17 05 19 | 12
#1668-d157 @A: 28 06 21 05 | 08
#1669-d157 @A: 05 02 17 28 | 02
#1670-d157 @A: 12 05 10 28 | 03
#1671-d157 @A: 14 19 10 21 | 09
#1672-d157 @A: 12 19 07 15 | 07
#1673-d157 @A: 19 12 06 25 | 04
#1674-d157 @A: 29 07 17 10 | 01
#1675-d157 @A: 08 17 10 03 | 06
#1676-d157 @A: 31 18 07 08 | 11
#1677-d157 @A: 08 06 18 21 | 10
#1678-d157 @A: 18 14 07 27 | 05
#1679-d157 @A: 21 28 26 27 | 12
#1680-d157 @A: 02 27 28 12 | 08
#1681-d157 @A: 10 27 17 28 | 02
#1682-d157 @A: 26 18 32 27 | 03
#1683-d157 @A: 31 27 26 06 | 09
#1684-d157 @A: 17 12 31 27 | 07
#1685-d157 @A: 03 17 24 07 | 04
#1686-d157 @A: 18 32 24 03 | 01
#1687-d157 @A: 21 14 12 24 | 06
#1688-d157 @A: 24 18 15 14 | 11
#1689-d157 @A: 17 10 24 14 | 10
