#0001-d158 @A: 12 07 26 03 | 11
#0002-d158 @A: 24 26 19 12 | 04
#0003-d158 @A: 12 08 27 29 | 01
#0004-d158 @A: 01 12 05 07 | 03
#0005-d158 @A: 15 25 12 01 | 08
#0006-d158 @A: 28 15 12 21 | 12
#0007-d158 @A: 32 12 09 15 | 02
#0008-d158 @A: 35 31 12 11 | 10
#0009-d158 @A: 12 22 20 34 | 06
#0010-d158 @A: 24 02 17 12 | 05
#0011-d158 @A: 33 13 12 25 | 07
#0012-d158 @A: 02 12 27 04 | 09
#0013-d158 @A: 04 32 35 12 | 11
#0014-d158 @A: 03 12 34 01 | 04
#0015-d158 @A: 21 16 12 03 | 01
#0016-d158 @A: 26 28 08 01 | 03
#0017-d158 @A: 26 25 07 09 | 08
#0018-d158 @A: 26 29 02 23 | 12
#0019-d158 @A: 26 05 06 20 | 02
#0020-d158 @A: 26 32 22 33 | 10
#0021-d158 @A: 26 25 02 17 | 06
#0022-d158 @A: 09 17 11 26 | 05
#0023-d158 @A: 26 24 17 28 | 07
#0024-d158 @A: 05 26 11 33 | 09
#0025-d158 @A: 33 26 24 04 | 11
#0026-d158 @A: 32 26 35 01 | 04
#0027-d158 @A: 08 07 17 23 | 01
#0028-d158 @A: 08 10 16 07 | 03
#0029-d158 @A: 31 29 08 04 | 08
#0030-d158 @A: 08 05 19 15 | 12
#0031-d158 @A: 23 31 28 08 | 02
#0032-d158 @A: 28 09 08 17 | 10
#0033-d158 @A: 27 33 25 08 | 06
#0034-d158 @A: 08 11 20 33 | 05
#0035-d158 @A: 08 19 11 16 | 07
#0036-d158 @A: 30 08 10 19 | 09
#0037-d158 @A: 33 35 08 28 | 11
#0038-d158 @A: 02 30 32 08 | 04
#0039-d158 @A: 07 29 11 16 | 01
#0040-d158 @A: 04 10 07 29 | 03
#0041-d158 @A: 07 29 35 24 | 08
#0042-d158 @A: 22 06 07 31 | 12
#0043-d158 @A: 28 06 04 07 | 02
#0044-d158 @A: 31 07 23 14 | 10
#0045-d158 @A: 22 07 21 03 | 06
#0046-d158 @A: 17 02 10 07 | 05
#0047-d158 @A: 20 17 07 24 | 07
#0048-d158 @A: 24 11 19 07 | 09
#0049-d158 @A: 28 07 23 10 | 11
#0050-d158 @A: 07 18 10 01 | 04
#0051-d158 @A: 07 33 34 35 | 01
#0052-d158 @A: 07 13 18 34 | 03
#0053-d158 @A: 09 14 04 07 | 08
#0054-d158 @A: 17 09 29 15 | 12
#0055-d158 @A: 06 33 21 29 | 02
#0056-d158 @A: 10 29 31 23 | 10
#0057-d158 @A: 22 14 33 29 | 06
#0058-d158 @A: 28 02 25 29 | 05
#0059-d158 @A: 05 25 29 09 | 07
#0060-d158 @A: 19 33 29 28 | 09
#0061-d158 @A: 03 29 28 27 | 11
#0062-d158 @A: 23 18 27 29 | 04
#0063-d158 @A: 27 29 30 21 | 01
#0064-d158 @A: 15 06 21 17 | 03
#0065-d158 @A: 15 11 06 25 | 08
#0066-d158 @A: 04 33 15 06 | 12
#0067-d158 @A: 31 15 25 20 | 02
#0068-d158 @A: 31 15 13 23 | 10
#0069-d158 @A: 17 15 24 27 | 06
#0070-d158 @A: 14 19 25 15 | 05
#0071-d158 @A: 02 15 18 25 | 07
#0072-d158 @A: 32 15 24 11 | 09
#0073-d158 @A: 23 15 18 16 | 11
#0074-d158 @A: 09 24 04 15 | 04
#0075-d158 @A: 19 34 15 27 | 01
#0076-d158 @A: 15 09 01 02 | 03
#0077-d158 @A: 15 09 30 14 | 08
#0078-d158 @A: 32 13 03 15 | 12
#0079-d158 @A: 15 21 02 03 | 02
#0080-d158 @A: 30 28 31 06 | 10
#0081-d158 @A: 06 33 31 27 | 06
#0082-d158 @A: 22 33 09 06 | 05
#0083-d158 @A: 09 06 19 11 | 07
#0084-d158 @A: 14 33 06 10 | 09
#0085-d158 @A: 33 06 23 02 | 11
#0086-d158 @A: 06 33 18 03 | 04
#0087-d158 @A: 06 19 21 16 | 01
#0088-d158 @A: 20 06 01 14 | 03
#0089-d158 @A: 01 06 02 21 | 08
#0090-d158 @A: 31 10 11 14 | 12
#0091-d158 @A: 31 24 13 33 | 02
#0092-d158 @A: 02 31 20 33 | 10
#0093-d158 @A: 21 05 31 34 | 06
#0094-d158 @A: 16 19 31 27 | 05
#0095-d158 @A: 19 14 31 35 | 07
#0096-d158 @A: 31 18 32 16 | 09
#0097-d158 @A: 02 09 31 04 | 11
#0098-d158 @A: 31 16 30 01 | 04
#0099-d158 @A: 31 16 35 03 | 01
#0100-d158 @A: 22 17 21 10 | 03
#0101-d158 @A: 25 22 11 32 | 08
#0102-d158 @A: 22 16 10 11 | 12
#0103-d158 @A: 22 11 02 23 | 02
#0104-d158 @A: 22 02 28 33 | 10
#0105-d158 @A: 22 23 05 16 | 06
#0106-d158 @A: 13 22 24 18 | 05
#0107-d158 @A: 16 04 22 27 | 07
#0108-d158 @A: 22 16 32 03 | 09
#0109-d158 @A: 34 17 25 33 | 11
#0110-d158 @A: 11 04 17 28 | 04
#0111-d158 @A: 17 04 18 30 | 01
#0112-d158 @A: 14 17 04 21 | 03
#0113-d158 @A: 11 23 25 14 | 08
#0114-d158 @A: 20 25 34 28 | 12
#0115-d158 @A: 25 13 18 35 | 02
#0116-d158 @A: 14 25 13 30 | 10
#0117-d158 @A: 35 25 04 14 | 06
#0118-d158 @A: 28 11 01 33 | 05
#0119-d158 @A: 30 18 27 11 | 07
#0120-d158 @A: 30 02 23 10 | 09
#0121-d158 @A: 13 34 33 10 | 11
#0122-d158 @A: 10 05 16 21 | 04
#0123-d158 @A: 32 18 20 10 | 01
#0124-d158 @A: 14 10 21 09 | 03
#0125-d158 @A: 01 30 20 10 | 08
#0126-d158 @A: 24 28 19 23 | 12
#0127-d158 @A: 28 21 23 14 | 02
#0128-d158 @A: 18 04 28 19 | 10
#0129-d158 @A: 01 14 28 19 | 06
#0130-d158 @A: 27 18 20 28 | 05
#0131-d158 @A: 09 28 02 13 | 07
#0132-d158 @A: 04 30 09 28 | 09
#0133-d158 @A: 13 23 03 02 | 11
#0134-d158 @A: 03 20 01 23 | 04
#0135-d158 @A: 09 13 24 01 | 01
#0136-d158 @A: 05 27 33 19 | 03
#0137-d158 @A: 33 13 19 03 | 08
#0138-d158 @A: 33 18 01 04 | 12
#0139-d158 @A: 35 33 02 32 | 02
#0140-d158 @A: 19 05 32 04 | 10
#0141-d158 @A: 14 04 05 18 | 06
#0142-d158 @A: 05 14 35 02 | 05
#0143-d158 @A: 19 34 13 32 | 07
#0144-d158 @A: 21 30 34 18 | 09
#0145-d158 @A: 12 15 26 22 | 11
#0146-d158 @A: 31 06 08 12 | 04
#0147-d158 @A: 19 08 23 12 | 01
#0148-d158 @A: 12 13 28 29 | 03
#0149-d158 @A: 15 12 31 02 | 08
#0150-d158 @A: 11 15 19 12 | 12
#0151-d158 @A: 21 05 06 12 | 02
#0152-d158 @A: 31 30 12 33 | 10
#0153-d158 @A: 17 25 23 12 | 06
#0154-d158 @A: 23 28 12 35 | 05
#0155-d158 @A: 14 12 24 03 | 07
#0156-d158 @A: 12 18 21 04 | 09
#0157-d158 @A: 35 12 21 09 | 11
#0158-d158 @A: 01 12 35 30 | 04
#0159-d158 @A: 12 21 30 02 | 01
#0160-d158 @A: 26 10 15 07 | 03
#0161-d158 @A: 07 24 26 31 | 08
#0162-d158 @A: 20 15 26 04 | 12
#0163-d158 @A: 26 28 02 31 | 02
#0164-d158 @A: 26 22 24 27 | 10
#0165-d158 @A: 26 22 34 03 | 06
#0166-d158 @A: 32 11 26 18 | 05
#0167-d158 @A: 18 10 28 26 | 07
#0168-d158 @A: 33 26 35 23 | 09
#0169-d158 @A: 26 23 09 27 | 11
#0170-d158 @A: 14 09 26 24 | 04
#0171-d158 @A: 20 13 24 26 | 01
#0172-d158 @A: 27 24 34 26 | 03
#0173-d158 @A: 01 26 19 20 | 08
#0174-d158 @A: 26 13 18 09 | 12
#0175-d158 @A: 26 14 20 18 | 02
#0176-d158 @A: 08 34 07 17 | 10
#0177-d158 @A: 09 31 08 10 | 06
#0178-d158 @A: 22 08 27 23 | 05
#0179-d158 @A: 25 03 11 08 | 07
#0180-d158 @A: 08 01 11 05 | 09
#0181-d158 @A: 27 10 35 08 | 11
#0182-d158 @A: 05 32 08 28 | 04
#0183-d158 @A: 27 08 28 04 | 01
#0184-d158 @A: 19 08 01 04 | 03
#0185-d158 @A: 08 32 01 34 | 08
#0186-d158 @A: 07 17 29 31 | 12
#0187-d158 @A: 29 07 25 19 | 02
#0188-d158 @A: 25 31 04 07 | 10
#0189-d158 @A: 31 07 34 25 | 06
#0190-d158 @A: 32 31 33 07 | 05
#0191-d158 @A: 07 22 01 11 | 07
#0192-d158 @A: 22 07 18 16 | 09
#0193-d158 @A: 28 07 16 25 | 11
#0194-d158 @A: 23 07 30 25 | 04
#0195-d158 @A: 07 35 11 23 | 01
#0196-d158 @A: 07 11 05 21 | 03
#0197-d158 @A: 34 07 02 28 | 08
#0198-d158 @A: 07 24 27 05 | 12
#0199-d158 @A: 07 03 24 02 | 02
#0200-d158 @A: 30 35 13 07 | 10
#0201-d158 @A: 16 07 03 14 | 06
#0202-d158 @A: 29 02 10 15 | 05
#0203-d158 @A: 25 30 29 31 | 07
#0204-d158 @A: 09 31 32 29 | 09
#0205-d158 @A: 29 21 28 17 | 11
#0206-d158 @A: 29 17 28 34 | 04
#0207-d158 @A: 11 25 27 29 | 01
#0208-d158 @A: 01 23 32 29 | 03
#0209-d158 @A: 27 02 19 29 | 08
#0210-d158 @A: 15 19 31 33 | 12
#0211-d158 @A: 22 15 19 10 | 02
#0212-d158 @A: 18 14 15 22 | 10
#0213-d158 @A: 15 23 33 32 | 06
#0214-d158 @A: 16 35 15 14 | 05
#0215-d158 @A: 06 16 11 31 | 07
#0216-d158 @A: 27 06 22 25 | 09
#0217-d158 @A: 20 17 25 06 | 11
#0218-d158 @A: 06 17 11 02 | 04
#0219-d158 @A: 13 17 05 06 | 01
#0220-d158 @A: 11 30 06 33 | 03
#0221-d158 @A: 06 20 33 28 | 08
#0222-d158 @A: 06 23 16 35 | 12
#0223-d158 @A: 13 11 31 25 | 02
#0224-d158 @A: 04 31 11 33 | 10
#0225-d158 @A: 10 33 31 05 | 06
#0226-d158 @A: 33 34 10 31 | 05
#0227-d158 @A: 32 19 10 31 | 07
#0228-d158 @A: 04 28 31 03 | 09
#0229-d158 @A: 24 02 31 23 | 11
#0230-d158 @A: 23 27 31 34 | 04
#0231-d158 @A: 20 04 13 31 | 01
#0232-d158 @A: 32 20 31 27 | 03
#0233-d158 @A: 17 24 30 22 | 08
#0234-d158 @A: 33 17 22 13 | 12
#0235-d158 @A: 17 22 05 18 | 02
#0236-d158 @A: 09 10 22 05 | 10
#0237-d158 @A: 18 33 22 23 | 06
#0238-d158 @A: 14 01 13 22 | 05
#0239-d158 @A: 35 11 17 25 | 07
#0240-d158 @A: 33 20 17 10 | 09
#0241-d158 @A: 23 17 18 01 | 11
#0242-d158 @A: 17 09 33 02 | 04
#0243-d158 @A: 17 16 09 01 | 01
#0244-d158 @A: 09 35 14 17 | 03
#0245-d158 @A: 17 03 02 30 | 08
#0246-d158 @A: 21 17 16 02 | 12
#0247-d158 @A: 11 30 24 25 | 02
#0248-d158 @A: 20 01 28 25 | 10
#0249-d158 @A: 25 04 23 24 | 06
#0250-d158 @A: 03 01 18 25 | 05
#0251-d158 @A: 18 14 25 16 | 07
#0252-d158 @A: 25 01 14 32 | 09
#0253-d158 @A: 21 25 03 14 | 11
#0254-d158 @A: 02 20 35 25 | 04
#0255-d158 @A: 24 11 10 01 | 01
#0256-d158 @A: 05 09 23 11 | 03
#0257-d158 @A: 24 05 13 11 | 08
#0258-d158 @A: 19 11 35 32 | 12
#0259-d158 @A: 18 04 09 11 | 02
#0260-d158 @A: 02 11 13 18 | 10
#0261-d158 @A: 11 02 04 32 | 06
#0262-d158 @A: 11 27 34 01 | 05
#0263-d158 @A: 32 35 09 10 | 07
#0264-d158 @A: 18 33 28 24 | 09
#0265-d158 @A: 09 04 28 34 | 11
#0266-d158 @A: 03 09 28 20 | 04
#0267-d158 @A: 21 28 02 20 | 01
#0268-d158 @A: 28 35 27 14 | 03
#0269-d158 @A: 21 19 23 01 | 08
#0270-d158 @A: 23 13 20 21 | 12
#0271-d158 @A: 13 34 24 14 | 02
#0272-d158 @A: 01 24 04 02 | 10
#0273-d158 @A: 21 05 33 14 | 06
#0274-d158 @A: 19 20 30 33 | 05
#0275-d158 @A: 30 27 33 09 | 07
#0276-d158 @A: 32 16 13 33 | 09
#0277-d158 @A: 16 13 05 03 | 11
#0278-d158 @A: 14 27 03 05 | 04
#0279-d158 @A: 02 01 20 34 | 01
#0280-d158 @A: 28 07 12 19 | 03
#0281-d158 @A: 12 15 03 29 | 08
#0282-d158 @A: 29 12 34 10 | 12
#0283-d158 @A: 10 20 15 12 | 02
#0284-d158 @A: 30 06 17 12 | 10
#0285-d158 @A: 34 12 11 06 | 06
#0286-d158 @A: 14 06 12 04 | 05
#0287-d158 @A: 01 31 12 21 | 07
#0288-d158 @A: 12 22 13 23 | 09
#0289-d158 @A: 12 10 17 09 | 11
#0290-d158 @A: 12 34 05 25 | 04
#0291-d158 @A: 09 25 16 12 | 01
#0292-d158 @A: 23 03 09 12 | 03
#0293-d158 @A: 12 18 14 13 | 08
#0294-d158 @A: 20 30 12 18 | 12
#0295-d158 @A: 12 27 14 09 | 02
#0296-d158 @A: 08 25 26 21 | 10
#0297-d158 @A: 26 10 08 04 | 06
#0298-d158 @A: 33 07 26 16 | 05
#0299-d158 @A: 15 13 16 26 | 07
#0300-d158 @A: 21 06 28 26 | 09
#0301-d158 @A: 06 26 35 02 | 11
#0302-d158 @A: 23 20 26 22 | 04
#0303-d158 @A: 25 19 23 26 | 01
#0304-d158 @A: 16 26 01 25 | 03
#0305-d158 @A: 26 04 23 05 | 08
#0306-d158 @A: 01 04 26 14 | 12
#0307-d158 @A: 26 34 04 30 | 02
#0308-d158 @A: 04 16 26 35 | 10
#0309-d158 @A: 30 03 01 26 | 06
#0310-d158 @A: 03 27 21 26 | 05
#0311-d158 @A: 14 35 03 26 | 07
#0312-d158 @A: 18 15 28 08 | 09
#0313-d158 @A: 33 15 08 14 | 11
#0314-d158 @A: 15 30 04 08 | 04
#0315-d158 @A: 24 19 08 06 | 01
#0316-d158 @A: 24 08 31 11 | 03
#0317-d158 @A: 23 25 02 08 | 08
#0318-d158 @A: 24 10 20 08 | 12
#0319-d158 @A: 21 05 23 08 | 02
#0320-d158 @A: 08 27 19 09 | 10
#0321-d158 @A: 32 13 08 19 | 06
#0322-d158 @A: 35 34 08 20 | 05
#0323-d158 @A: 16 14 21 08 | 07
#0324-d158 @A: 23 07 34 29 | 09
#0325-d158 @A: 15 17 14 07 | 11
#0326-d158 @A: 23 09 15 07 | 04
#0327-d158 @A: 07 06 11 14 | 01
#0328-d158 @A: 31 01 07 19 | 03
#0329-d158 @A: 33 18 25 07 | 08
#0330-d158 @A: 07 11 30 28 | 12
#0331-d158 @A: 19 07 10 05 | 02
#0332-d158 @A: 10 19 34 07 | 10
#0333-d158 @A: 16 35 07 19 | 06
#0334-d158 @A: 16 07 21 13 | 05
#0335-d158 @A: 07 30 20 32 | 07
#0336-d158 @A: 35 02 27 07 | 09
#0337-d158 @A: 29 22 15 04 | 11
#0338-d158 @A: 23 15 29 11 | 04
#0339-d158 @A: 06 13 29 10 | 01
#0340-d158 @A: 31 16 29 33 | 03
#0341-d158 @A: 22 29 20 17 | 08
#0342-d158 @A: 17 29 05 33 | 12
#0343-d158 @A: 11 21 03 29 | 02
#0344-d158 @A: 29 28 18 05 | 10
#0345-d158 @A: 05 20 29 24 | 06
#0346-d158 @A: 05 29 04 34 | 05
#0347-d158 @A: 09 29 13 14 | 07
#0348-d158 @A: 04 14 29 20 | 09
#0349-d158 @A: 32 03 29 02 | 11
#0350-d158 @A: 17 31 15 32 | 04
#0351-d158 @A: 15 03 10 31 | 01
#0352-d158 @A: 34 14 15 22 | 03
#0353-d158 @A: 16 17 05 15 | 08
#0354-d158 @A: 34 15 17 18 | 12
#0355-d158 @A: 15 14 11 04 | 02
#0356-d158 @A: 21 15 24 10 | 10
#0357-d158 @A: 23 15 20 24 | 06
#0358-d158 @A: 15 16 19 02 | 05
#0359-d158 @A: 02 05 22 06 | 07
#0360-d158 @A: 17 10 06 34 | 09
#0361-d158 @A: 33 17 06 35 | 11
#0362-d158 @A: 06 28 25 18 | 04
#0363-d158 @A: 11 23 06 01 | 01
#0364-d158 @A: 24 06 33 01 | 03
#0365-d158 @A: 04 24 06 32 | 08
#0366-d158 @A: 32 19 18 06 | 12
#0367-d158 @A: 16 03 06 20 | 02
#0368-d158 @A: 20 14 06 34 | 10
#0369-d158 @A: 02 30 16 06 | 06
#0370-d158 @A: 21 34 06 16 | 05
#0371-d158 @A: 21 05 31 22 | 07
#0372-d158 @A: 22 31 19 34 | 09
#0373-d158 @A: 31 17 18 33 | 11
#0374-d158 @A: 33 23 03 31 | 04
#0375-d158 @A: 32 02 01 31 | 01
#0376-d158 @A: 17 14 22 11 | 03
#0377-d158 @A: 34 17 22 30 | 08
#0378-d158 @A: 22 25 04 09 | 12
#0379-d158 @A: 25 21 22 02 | 02
#0380-d158 @A: 14 24 22 23 | 10
#0381-d158 @A: 27 01 22 33 | 06
#0382-d158 @A: 22 19 16 20 | 05
#0383-d158 @A: 22 18 30 32 | 07
#0384-d158 @A: 21 22 09 32 | 09
#0385-d158 @A: 11 23 34 17 | 11
#0386-d158 @A: 17 33 32 24 | 04
#0387-d158 @A: 24 14 05 17 | 01
#0388-d158 @A: 34 32 35 17 | 03
#0389-d158 @A: 11 05 25 16 | 08
#0390-d158 @A: 24 34 23 25 | 12
#0391-d158 @A: 25 19 18 30 | 02
#0392-d158 @A: 03 25 20 04 | 10
#0393-d158 @A: 25 35 21 34 | 06
#0394-d158 @A: 10 33 13 11 | 05
#0395-d158 @A: 02 10 03 11 | 07
#0396-d158 @A: 20 28 11 23 | 09
#0397-d158 @A: 35 01 18 11 | 11
#0398-d158 @A: 11 18 16 20 | 04
#0399-d158 @A: 11 03 32 01 | 01
#0400-d158 @A: 30 10 33 28 | 03
#0401-d158 @A: 02 21 10 18 | 08
#0402-d158 @A: 18 30 10 14 | 12
#0403-d158 @A: 32 10 13 21 | 02
#0404-d158 @A: 10 20 04 21 | 10
#0405-d158 @A: 10 03 20 35 | 06
#0406-d158 @A: 16 10 27 32 | 05
#0407-d158 @A: 23 30 18 28 | 07
#0408-d158 @A: 28 20 13 14 | 09
#0409-d158 @A: 14 28 04 02 | 11
#0410-d158 @A: 14 30 28 03 | 04
#0411-d158 @A: 14 33 20 23 | 01
#0412-d158 @A: 09 21 23 16 | 03
#0413-d158 @A: 02 04 23 21 | 08
#0414-d158 @A: 27 35 23 21 | 12
#0415-d158 @A: 05 24 19 35 | 02
#0416-d158 @A: 09 21 24 19 | 10
#0417-d158 @A: 24 16 18 04 | 06
#0418-d158 @A: 24 04 35 13 | 05
#0419-d158 @A: 05 09 33 13 | 07
#0420-d158 @A: 34 19 18 33 | 09
#0421-d158 @A: 21 33 19 02 | 11
#0422-d158 @A: 33 04 34 21 | 04
#0423-d158 @A: 16 34 14 33 | 01
#0424-d158 @A: 32 13 01 05 | 03
#0425-d158 @A: 05 04 21 01 | 08
#0426-d158 @A: 03 32 05 20 | 12
#0427-d158 @A: 32 05 35 16 | 02
#0428-d158 @A: 02 34 14 19 | 10
#0429-d158 @A: 29 21 26 12 | 06
#0430-d158 @A: 17 08 12 04 | 05
#0431-d158 @A: 20 32 08 12 | 07
#0432-d158 @A: 35 07 12 17 | 09
#0433-d158 @A: 19 12 29 10 | 11
#0434-d158 @A: 17 15 18 12 | 04
#0435-d158 @A: 06 11 12 32 | 01
#0436-d158 @A: 17 12 11 20 | 03
#0437-d158 @A: 14 28 12 17 | 08
#0438-d158 @A: 10 03 12 28 | 12
#0439-d158 @A: 12 24 28 30 | 02
#0440-d158 @A: 33 12 23 34 | 10
#0441-d158 @A: 26 07 21 23 | 06
#0442-d158 @A: 29 16 22 26 | 05
#0443-d158 @A: 20 29 33 26 | 07
#0444-d158 @A: 30 26 15 25 | 09
#0445-d158 @A: 26 33 15 21 | 11
#0446-d158 @A: 32 06 26 31 | 04
#0447-d158 @A: 33 26 31 09 | 01
#0448-d158 @A: 01 33 26 17 | 03
#0449-d158 @A: 17 21 26 34 | 08
#0450-d158 @A: 13 26 25 27 | 12
#0451-d158 @A: 26 21 20 11 | 02
#0452-d158 @A: 02 03 26 20 | 10
#0453-d158 @A: 27 26 02 16 | 06
#0454-d158 @A: 25 14 07 08 | 05
#0455-d158 @A: 08 01 07 30 | 07
#0456-d158 @A: 11 08 32 29 | 09
#0457-d158 @A: 23 08 09 29 | 11
#0458-d158 @A: 21 15 31 08 | 04
#0459-d158 @A: 06 08 11 13 | 01
#0460-d158 @A: 02 08 31 17 | 03
#0461-d158 @A: 33 08 01 31 | 08
#0462-d158 @A: 30 31 08 18 | 12
#0463-d158 @A: 08 14 17 18 | 02
#0464-d158 @A: 05 20 25 08 | 10
#0465-d158 @A: 08 18 10 33 | 06
#0466-d158 @A: 08 05 28 34 | 05
#0467-d158 @A: 23 08 13 33 | 07
#0468-d158 @A: 08 13 03 34 | 09
#0469-d158 @A: 03 21 04 08 | 11
#0470-d158 @A: 27 30 16 08 | 04
#0471-d158 @A: 16 35 08 02 | 01
#0472-d158 @A: 05 07 29 03 | 03
#0473-d158 @A: 15 31 07 16 | 08
#0474-d158 @A: 07 22 35 15 | 12
#0475-d158 @A: 22 07 19 17 | 02
#0476-d158 @A: 03 07 17 25 | 10
#0477-d158 @A: 01 07 33 23 | 06
#0478-d158 @A: 19 07 02 23 | 05
#0479-d158 @A: 21 18 30 07 | 07
#0480-d158 @A: 25 15 29 13 | 09
#0481-d158 @A: 24 19 29 15 | 11
#0482-d158 @A: 06 16 29 25 | 04
#0483-d158 @A: 29 31 02 05 | 01
#0484-d158 @A: 31 35 29 21 | 03
#0485-d158 @A: 29 28 04 23 | 08
#0486-d158 @A: 24 16 23 29 | 12
#0487-d158 @A: 29 16 19 09 | 02
#0488-d158 @A: 29 02 20 09 | 10
#0489-d158 @A: 20 35 13 29 | 06
#0490-d158 @A: 01 34 29 14 | 05
#0491-d158 @A: 20 06 19 15 | 07
#0492-d158 @A: 30 15 11 31 | 09
#0493-d158 @A: 22 15 24 25 | 11
#0494-d158 @A: 05 15 22 13 | 04
#0495-d158 @A: 21 11 15 13 | 01
#0496-d158 @A: 14 15 10 32 | 03
#0497-d158 @A: 23 04 15 19 | 08
#0498-d158 @A: 15 33 05 24 | 12
#0499-d158 @A: 35 15 01 24 | 02
#0500-d158 @A: 19 09 03 15 | 10
#0501-d158 @A: 15 20 09 27 | 06
#0502-d158 @A: 24 31 06 20 | 05
#0503-d158 @A: 34 06 04 25 | 07
#0504-d158 @A: 24 06 16 10 | 09
#0505-d158 @A: 27 23 06 05 | 11
#0506-d158 @A: 23 06 34 05 | 04
#0507-d158 @A: 06 33 34 02 | 01
#0508-d158 @A: 13 01 19 06 | 03
#0509-d158 @A: 13 03 06 14 | 08
#0510-d158 @A: 35 32 06 30 | 12
#0511-d158 @A: 10 31 22 02 | 02
#0512-d158 @A: 17 11 01 31 | 10
#0513-d158 @A: 31 17 10 28 | 06
#0514-d158 @A: 28 13 31 27 | 05
#0515-d158 @A: 18 14 09 31 | 07
#0516-d158 @A: 13 31 16 09 | 09
#0517-d158 @A: 31 04 27 35 | 11
#0518-d158 @A: 32 21 31 03 | 04
#0519-d158 @A: 31 16 14 02 | 01
#0520-d158 @A: 25 35 22 23 | 03
#0521-d158 @A: 22 20 33 25 | 08
#0522-d158 @A: 18 11 28 22 | 12
#0523-d158 @A: 34 10 01 22 | 02
#0524-d158 @A: 01 23 22 28 | 10
#0525-d158 @A: 13 19 21 22 | 06
#0526-d158 @A: 18 21 22 20 | 05
#0527-d158 @A: 22 13 32 04 | 07
#0528-d158 @A: 22 35 13 02 | 09
#0529-d158 @A: 27 34 35 22 | 11
#0530-d158 @A: 19 10 24 17 | 04
#0531-d158 @A: 04 10 17 05 | 01
#0532-d158 @A: 10 17 01 14 | 03
#0533-d158 @A: 17 03 33 28 | 08
#0534-d158 @A: 18 17 35 28 | 12
#0535-d158 @A: 19 23 17 30 | 02
#0536-d158 @A: 20 17 19 21 | 10
#0537-d158 @A: 27 17 16 18 | 06
#0538-d158 @A: 17 35 20 30 | 05
#0539-d158 @A: 28 21 11 25 | 07
#0540-d158 @A: 25 11 33 09 | 09
#0541-d158 @A: 28 05 25 19 | 11
#0542-d158 @A: 19 25 13 04 | 04
#0543-d158 @A: 25 30 01 27 | 01
#0544-d158 @A: 11 28 32 10 | 03
#0545-d158 @A: 35 10 05 11 | 08
#0546-d158 @A: 27 23 11 24 | 12
#0547-d158 @A: 30 05 11 32 | 02
#0548-d158 @A: 16 30 11 04 | 10
#0549-d158 @A: 20 14 32 11 | 06
#0550-d158 @A: 11 02 14 27 | 05
#0551-d158 @A: 10 24 05 02 | 07
#0552-d158 @A: 04 19 10 14 | 09
#0553-d158 @A: 27 09 34 10 | 11
#0554-d158 @A: 01 28 09 18 | 04
#0555-d158 @A: 18 28 14 32 | 01
#0556-d158 @A: 03 02 28 01 | 03
#0557-d158 @A: 28 16 27 01 | 08
#0558-d158 @A: 24 33 23 09 | 12
#0559-d158 @A: 19 35 20 23 | 02
#0560-d158 @A: 23 04 13 09 | 10
#0561-d158 @A: 23 04 02 34 | 06
#0562-d158 @A: 09 30 24 18 | 05
#0563-d158 @A: 24 20 27 04 | 07
#0564-d158 @A: 04 30 24 14 | 09
#0565-d158 @A: 35 24 20 16 | 11
#0566-d158 @A: 18 20 33 09 | 04
#0567-d158 @A: 33 18 27 21 | 01
#0568-d158 @A: 09 33 01 14 | 03
#0569-d158 @A: 03 27 16 33 | 08
#0570-d158 @A: 16 14 33 30 | 12
#0571-d158 @A: 19 16 05 14 | 02
#0572-d158 @A: 05 20 01 18 | 10
#0573-d158 @A: 04 09 03 05 | 06
#0574-d158 @A: 32 14 34 18 | 05
#0575-d158 @A: 27 17 26 12 | 07
#0576-d158 @A: 11 25 12 26 | 09
#0577-d158 @A: 14 12 26 33 | 11
#0578-d158 @A: 12 30 26 09 | 04
#0579-d158 @A: 08 13 15 12 | 01
#0580-d158 @A: 07 12 24 16 | 03
#0581-d158 @A: 30 15 12 16 | 08
#0582-d158 @A: 13 31 12 05 | 12
#0583-d158 @A: 34 31 04 12 | 02
#0584-d158 @A: 22 05 12 33 | 10
#0585-d158 @A: 12 22 02 16 | 06
#0586-d158 @A: 17 12 33 21 | 05
#0587-d158 @A: 05 12 03 17 | 07
#0588-d158 @A: 32 17 13 12 | 09
#0589-d158 @A: 10 12 01 33 | 11
#0590-d158 @A: 34 12 24 32 | 04
#0591-d158 @A: 19 35 12 33 | 01
#0592-d158 @A: 19 21 14 12 | 03
#0593-d158 @A: 20 13 03 12 | 08
#0594-d158 @A: 07 26 08 19 | 12
#0595-d158 @A: 26 11 02 08 | 02
#0596-d158 @A: 15 06 03 26 | 10
#0597-d158 @A: 01 15 26 11 | 06
#0598-d158 @A: 13 06 26 33 | 05
#0599-d158 @A: 31 05 26 01 | 07
#0600-d158 @A: 17 26 10 32 | 09
#0601-d158 @A: 05 26 17 21 | 11
#0602-d158 @A: 05 13 26 28 | 04
#0603-d158 @A: 20 28 26 30 | 01
#0604-d158 @A: 26 01 24 23 | 03
#0605-d158 @A: 16 05 26 24 | 08
#0606-d158 @A: 21 02 26 24 | 12
#0607-d158 @A: 18 33 26 19 | 02
#0608-d158 @A: 26 05 03 18 | 10
#0609-d158 @A: 19 04 26 21 | 06
#0610-d158 @A: 18 26 21 16 | 05
#0611-d158 @A: 14 32 26 21 | 07
#0612-d158 @A: 10 08 17 29 | 09
#0613-d158 @A: 08 25 29 35 | 11
#0614-d158 @A: 24 21 29 08 | 04
#0615-d158 @A: 14 08 19 29 | 01
#0616-d158 @A: 08 15 10 11 | 03
#0617-d158 @A: 08 02 10 06 | 08
#0618-d158 @A: 33 06 08 32 | 12
#0619-d158 @A: 35 31 32 08 | 02
#0620-d158 @A: 08 17 21 11 | 10
#0621-d158 @A: 23 24 30 08 | 06
#0622-d158 @A: 16 23 08 01 | 05
#0623-d158 @A: 09 08 21 33 | 07
#0624-d158 @A: 08 27 18 13 | 09
#0625-d158 @A: 01 18 08 21 | 11
#0626-d158 @A: 14 08 13 04 | 04
#0627-d158 @A: 08 14 03 32 | 01
#0628-d158 @A: 06 07 20 10 | 03
#0629-d158 @A: 10 07 25 22 | 08
#0630-d158 @A: 05 20 22 07 | 12
#0631-d158 @A: 11 17 32 07 | 02
#0632-d158 @A: 07 25 11 20 | 10
#0633-d158 @A: 07 21 01 25 | 06
#0634-d158 @A: 07 33 35 10 | 05
#0635-d158 @A: 18 04 07 03 | 07
#0636-d158 @A: 07 32 27 04 | 09
#0637-d158 @A: 21 35 07 04 | 11
#0638-d158 @A: 14 01 07 27 | 04
#0639-d158 @A: 07 03 32 34 | 01
#0640-d158 @A: 07 14 30 34 | 03
#0641-d158 @A: 34 29 11 15 | 08
#0642-d158 @A: 29 22 13 31 | 12
#0643-d158 @A: 22 24 29 32 | 02
#0644-d158 @A: 11 29 05 14 | 10
#0645-d158 @A: 29 01 09 11 | 06
#0646-d158 @A: 32 29 10 33 | 05
#0647-d158 @A: 03 29 13 18 | 07
#0648-d158 @A: 21 16 29 20 | 09
#0649-d158 @A: 02 15 22 17 | 11
#0650-d158 @A: 27 22 11 15 | 04
#0651-d158 @A: 11 20 15 05 | 01
#0652-d158 @A: 15 10 09 33 | 03
#0653-d158 @A: 15 01 05 27 | 08
#0654-d158 @A: 15 04 27 18 | 12
#0655-d158 @A: 15 16 03 04 | 02
#0656-d158 @A: 20 03 15 14 | 10
#0657-d158 @A: 15 35 20 21 | 06
#0658-d158 @A: 06 31 01 10 | 05
#0659-d158 @A: 17 23 04 06 | 07
#0660-d158 @A: 28 06 11 27 | 09
#0661-d158 @A: 06 28 35 05 | 11
#0662-d158 @A: 23 24 13 06 | 04
#0663-d158 @A: 06 14 30 21 | 01
#0664-d158 @A: 31 20 11 22 | 03
#0665-d158 @A: 16 22 31 24 | 08
#0666-d158 @A: 34 09 31 02 | 12
#0667-d158 @A: 31 16 21 04 | 02
#0668-d158 @A: 20 34 16 31 | 10
#0669-d158 @A: 14 27 30 31 | 06
#0670-d158 @A: 13 22 16 25 | 05
#0671-d158 @A: 22 25 34 32 | 07
#0672-d158 @A: 04 10 22 24 | 09
#0673-d158 @A: 24 22 28 21 | 11
#0674-d158 @A: 05 22 34 02 | 04
#0675-d158 @A: 22 09 30 16 | 01
#0676-d158 @A: 35 01 22 03 | 03
#0677-d158 @A: 16 01 22 21 | 08
#0678-d158 @A: 22 20 35 32 | 12
#0679-d158 @A: 25 24 01 17 | 02
#0680-d158 @A: 02 35 19 17 | 10
#0681-d158 @A: 17 34 01 09 | 06
#0682-d158 @A: 30 32 09 17 | 05
#0683-d158 @A: 17 32 01 20 | 07
#0684-d158 @A: 25 34 04 01 | 09
#0685-d158 @A: 02 25 03 16 | 11
#0686-d158 @A: 27 14 25 20 | 04
#0687-d158 @A: 11 34 10 02 | 01
#0688-d158 @A: 28 11 13 19 | 03
#0689-d158 @A: 33 19 11 23 | 08
#0690-d158 @A: 14 33 24 11 | 12
#0691-d158 @A: 30 35 11 03 | 02
#0692-d158 @A: 10 18 23 34 | 10
#0693-d158 @A: 01 19 02 10 | 06
#0694-d158 @A: 24 28 20 32 | 05
#0695-d158 @A: 24 28 02 27 | 07
#0696-d158 @A: 27 34 28 14 | 09
#0697-d158 @A: 33 34 01 24 | 11
#0698-d158 @A: 03 35 24 18 | 04
#0699-d158 @A: 18 24 14 02 | 01
#0700-d158 @A: 30 13 27 24 | 03
#0701-d158 @A: 24 13 14 32 | 08
#0702-d158 @A: 18 13 33 30 | 12
#0703-d158 @A: 02 16 33 18 | 02
#0704-d158 @A: 04 33 32 20 | 10
#0705-d158 @A: 14 04 27 33 | 06
#0706-d158 @A: 32 30 34 33 | 05
#0707-d158 @A: 21 19 30 05 | 07
#0708-d158 @A: 05 09 20 30 | 09
#0709-d158 @A: 30 02 05 13 | 11
#0710-d158 @A: 35 20 05 04 | 04
#0711-d158 @A: 27 21 20 05 | 01
#0712-d158 @A: 34 20 05 32 | 03
#0713-d158 @A: 13 34 27 20 | 08
#0714-d158 @A: 02 12 05 26 | 12
#0715-d158 @A: 08 14 12 34 | 02
#0716-d158 @A: 09 07 12 31 | 10
#0717-d158 @A: 21 10 07 12 | 06
#0718-d158 @A: 12 31 25 03 | 05
#0719-d158 @A: 28 31 12 18 | 07
#0720-d158 @A: 33 11 18 12 | 09
#0721-d158 @A: 33 28 12 32 | 11
#0722-d158 @A: 20 28 12 05 | 04
#0723-d158 @A: 13 19 09 12 | 01
#0724-d158 @A: 19 20 12 02 | 03
#0725-d158 @A: 27 16 12 20 | 08
#0726-d158 @A: 16 14 32 12 | 12
#0727-d158 @A: 31 26 13 08 | 02
#0728-d158 @A: 08 26 34 02 | 10
#0729-d158 @A: 18 17 07 26 | 06
#0730-d158 @A: 26 28 07 32 | 05
#0731-d158 @A: 35 07 26 05 | 07
#0732-d158 @A: 01 26 29 06 | 09
#0733-d158 @A: 13 29 11 26 | 11
#0734-d158 @A: 18 24 15 26 | 04
#0735-d158 @A: 06 11 22 26 | 01
#0736-d158 @A: 06 19 26 17 | 03
#0737-d158 @A: 26 31 17 16 | 08
#0738-d158 @A: 22 04 26 17 | 12
#0739-d158 @A: 25 35 28 26 | 02
#0740-d158 @A: 26 28 03 11 | 10
#0741-d158 @A: 26 24 10 03 | 06
#0742-d158 @A: 28 34 13 26 | 05
#0743-d158 @A: 09 04 26 32 | 07
#0744-d158 @A: 28 08 29 07 | 09
#0745-d158 @A: 13 08 07 09 | 11
#0746-d158 @A: 08 34 09 29 | 04
#0747-d158 @A: 09 08 06 15 | 01
#0748-d158 @A: 06 03 08 28 | 03
#0749-d158 @A: 30 08 11 22 | 08
#0750-d158 @A: 34 08 23 22 | 12
#0751-d158 @A: 09 08 24 25 | 02
#0752-d158 @A: 08 25 04 18 | 10
#0753-d158 @A: 05 10 03 08 | 06
#0754-d158 @A: 08 20 19 28 | 05
#0755-d158 @A: 08 20 18 35 | 07
#0756-d158 @A: 08 13 03 30 | 09
#0757-d158 @A: 06 09 07 29 | 11
#0758-d158 @A: 07 29 20 18 | 04
#0759-d158 @A: 15 07 25 27 | 01
#0760-d158 @A: 20 15 33 07 | 03
#0761-d158 @A: 05 16 07 06 | 08
#0762-d158 @A: 11 07 31 02 | 12
#0763-d158 @A: 07 22 30 33 | 02
#0764-d158 @A: 11 13 07 34 | 10
#0765-d158 @A: 27 10 07 30 | 06
#0766-d158 @A: 16 07 27 23 | 05
#0767-d158 @A: 07 19 14 18 | 07
#0768-d158 @A: 19 27 13 07 | 09
#0769-d158 @A: 07 19 04 30 | 11
#0770-d158 @A: 19 07 20 03 | 04
#0771-d158 @A: 35 09 07 01 | 01
#0772-d158 @A: 07 16 02 04 | 03
#0773-d158 @A: 30 14 02 07 | 08
#0774-d158 @A: 21 29 15 05 | 12
#0775-d158 @A: 31 03 29 06 | 02
#0776-d158 @A: 06 29 28 22 | 10
#0777-d158 @A: 20 28 29 31 | 06
#0778-d158 @A: 29 34 13 31 | 05
#0779-d158 @A: 20 25 29 23 | 07
#0780-d158 @A: 01 29 28 30 | 09
#0781-d158 @A: 29 27 04 01 | 11
#0782-d158 @A: 16 14 29 27 | 04
#0783-d158 @A: 06 31 18 15 | 01
#0784-d158 @A: 02 06 28 15 | 03
#0785-d158 @A: 03 23 15 22 | 08
#0786-d158 @A: 15 30 21 22 | 12
#0787-d158 @A: 19 17 13 15 | 02
#0788-d158 @A: 15 23 25 21 | 10
#0789-d158 @A: 15 34 16 10 | 06
#0790-d158 @A: 01 15 33 03 | 05
#0791-d158 @A: 19 15 32 27 | 07
#0792-d158 @A: 35 15 19 30 | 09
#0793-d158 @A: 13 35 06 31 | 11
#0794-d158 @A: 23 06 28 09 | 04
#0795-d158 @A: 06 24 05 30 | 01
#0796-d158 @A: 30 06 19 27 | 03
#0797-d158 @A: 02 06 19 14 | 08
#0798-d158 @A: 16 18 09 06 | 12
#0799-d158 @A: 04 09 35 06 | 02
#0800-d158 @A: 25 31 10 35 | 10
#0801-d158 @A: 30 31 24 10 | 06
#0802-d158 @A: 35 28 31 24 | 05
#0803-d158 @A: 23 31 05 19 | 07
#0804-d158 @A: 34 35 31 01 | 09
#0805-d158 @A: 22 20 28 10 | 11
#0806-d158 @A: 22 03 05 28 | 04
#0807-d158 @A: 28 04 22 35 | 01
#0808-d158 @A: 04 22 19 02 | 03
#0809-d158 @A: 22 09 13 27 | 08
#0810-d158 @A: 01 09 20 22 | 12
#0811-d158 @A: 27 17 11 10 | 02
#0812-d158 @A: 04 19 17 27 | 10
#0813-d158 @A: 03 19 14 17 | 06
#0814-d158 @A: 18 03 20 17 | 05
#0815-d158 @A: 30 17 01 13 | 07
#0816-d158 @A: 03 04 17 32 | 09
#0817-d158 @A: 17 34 16 02 | 11
#0818-d158 @A: 27 25 02 10 | 04
#0819-d158 @A: 27 25 03 19 | 01
#0820-d158 @A: 13 01 02 25 | 03
#0821-d158 @A: 30 16 25 20 | 08
#0822-d158 @A: 16 25 34 27 | 12
#0823-d158 @A: 35 16 21 25 | 02
#0824-d158 @A: 11 09 20 24 | 10
#0825-d158 @A: 27 32 33 11 | 06
#0826-d158 @A: 04 20 19 11 | 05
#0827-d158 @A: 11 09 02 30 | 07
#0828-d158 @A: 11 16 27 35 | 09
#0829-d158 @A: 09 19 23 10 | 11
#0830-d158 @A: 05 04 28 24 | 04
#0831-d158 @A: 28 13 03 35 | 01
#0832-d158 @A: 01 32 28 04 | 03
#0833-d158 @A: 05 14 23 13 | 08
#0834-d158 @A: 13 18 23 19 | 12
#0835-d158 @A: 35 14 23 01 | 02
#0836-d158 @A: 24 18 27 19 | 10
#0837-d158 @A: 01 30 19 24 | 06
#0838-d158 @A: 34 21 24 03 | 05
#0839-d158 @A: 33 05 35 01 | 07
#0840-d158 @A: 33 16 05 20 | 09
#0841-d158 @A: 33 13 27 02 | 11
#0842-d158 @A: 30 02 33 01 | 04
#0843-d158 @A: 27 09 16 05 | 01
#0844-d158 @A: 34 04 14 19 | 03
#0845-d158 @A: 03 34 20 04 | 08
#0846-d158 @A: 02 34 03 35 | 12
#0847-d158 @A: 26 16 12 10 | 02
#0848-d158 @A: 12 08 11 09 | 10
#0849-d158 @A: 16 12 08 05 | 06
#0850-d158 @A: 14 08 12 30 | 05
#0851-d158 @A: 29 07 30 12 | 07
#0852-d158 @A: 32 12 05 29 | 09
#0853-d158 @A: 06 15 12 24 | 11
#0854-d158 @A: 12 28 06 01 | 04
#0855-d158 @A: 28 12 27 25 | 01
#0856-d158 @A: 25 24 35 12 | 03
#0857-d158 @A: 12 21 11 23 | 08
#0858-d158 @A: 27 12 05 11 | 12
#0859-d158 @A: 12 01 14 11 | 02
#0860-d158 @A: 02 10 12 32 | 10
#0861-d158 @A: 04 12 33 23 | 06
#0862-d158 @A: 09 18 12 02 | 05
#0863-d158 @A: 01 04 12 09 | 07
#0864-d158 @A: 12 27 13 21 | 09
#0865-d158 @A: 34 13 12 02 | 11
#0866-d158 @A: 13 16 12 35 | 04
#0867-d158 @A: 20 35 14 12 | 01
#0868-d158 @A: 15 32 29 26 | 03
#0869-d158 @A: 26 19 29 31 | 08
#0870-d158 @A: 03 26 17 29 | 12
#0871-d158 @A: 35 26 10 29 | 02
#0872-d158 @A: 33 26 34 15 | 10
#0873-d158 @A: 15 26 09 05 | 06
#0874-d158 @A: 06 25 26 24 | 05
#0875-d158 @A: 31 14 26 25 | 07
#0876-d158 @A: 26 27 31 11 | 09
#0877-d158 @A: 23 18 26 31 | 11
#0878-d158 @A: 31 04 26 30 | 04
#0879-d158 @A: 28 14 22 26 | 01
#0880-d158 @A: 05 26 19 22 | 03
#0881-d158 @A: 30 17 26 14 | 08
#0882-d158 @A: 26 10 05 30 | 12
#0883-d158 @A: 35 19 26 27 | 02
#0884-d158 @A: 30 26 35 18 | 10
#0885-d158 @A: 20 08 07 31 | 06
#0886-d158 @A: 33 08 05 07 | 05
#0887-d158 @A: 35 03 07 08 | 07
#0888-d158 @A: 33 02 29 08 | 09
#0889-d158 @A: 29 20 08 03 | 11
#0890-d158 @A: 08 20 15 22 | 04
#0891-d158 @A: 22 08 18 06 | 01
#0892-d158 @A: 08 04 06 05 | 03
#0893-d158 @A: 08 14 06 35 | 08
#0894-d158 @A: 25 08 16 31 | 12
#0895-d158 @A: 24 08 28 13 | 02
#0896-d158 @A: 14 01 08 02 | 10
#0897-d158 @A: 02 22 07 29 | 06
#0898-d158 @A: 13 23 29 07 | 05
#0899-d158 @A: 32 07 21 29 | 07
#0900-d158 @A: 06 07 15 13 | 09
#0901-d158 @A: 15 24 07 30 | 11
#0902-d158 @A: 35 07 31 18 | 04
#0903-d158 @A: 28 27 22 07 | 01
#0904-d158 @A: 17 07 13 28 | 03
#0905-d158 @A: 30 16 17 07 | 08
#0906-d158 @A: 07 35 28 20 | 12
#0907-d158 @A: 23 32 07 24 | 02
#0908-d158 @A: 07 09 27 18 | 10
#0909-d158 @A: 16 32 01 07 | 06
#0910-d158 @A: 06 29 35 15 | 05
#0911-d158 @A: 27 31 29 15 | 07
#0912-d158 @A: 29 18 33 15 | 09
#0913-d158 @A: 30 15 29 20 | 11
#0914-d158 @A: 03 29 06 34 | 04
#0915-d158 @A: 29 24 01 31 | 01
#0916-d158 @A: 19 22 11 29 | 03
#0917-d158 @A: 11 17 30 29 | 08
#0918-d158 @A: 10 29 09 30 | 12
#0919-d158 @A: 10 03 14 29 | 02
#0920-d158 @A: 32 29 35 28 | 10
#0921-d158 @A: 04 13 33 29 | 06
#0922-d158 @A: 18 32 04 29 | 05
#0923-d158 @A: 14 01 18 29 | 07
#0924-d158 @A: 02 29 30 18 | 09
#0925-d158 @A: 29 21 09 04 | 11
#0926-d158 @A: 16 03 29 01 | 04
#0927-d158 @A: 29 34 16 02 | 01
#0928-d158 @A: 14 02 21 29 | 03
#0929-d158 @A: 29 14 35 30 | 08
#0930-d158 @A: 32 15 06 16 | 12
#0931-d158 @A: 31 15 22 09 | 02
#0932-d158 @A: 31 04 15 05 | 10
#0933-d158 @A: 16 15 33 22 | 06
#0934-d158 @A: 15 11 28 35 | 05
#0935-d158 @A: 11 09 16 15 | 07
#0936-d158 @A: 33 15 28 13 | 09
#0937-d158 @A: 18 20 13 15 | 11
#0938-d158 @A: 18 32 15 35 | 04
#0939-d158 @A: 15 13 14 27 | 01
#0940-d158 @A: 35 15 02 04 | 03
#0941-d158 @A: 30 32 15 01 | 08
#0942-d158 @A: 03 15 27 35 | 12
#0943-d158 @A: 22 32 17 06 | 02
#0944-d158 @A: 25 06 04 10 | 10
#0945-d158 @A: 14 09 25 06 | 06
#0946-d158 @A: 10 11 21 06 | 05
#0947-d158 @A: 06 05 32 10 | 07
#0948-d158 @A: 18 14 27 06 | 09
#0949-d158 @A: 35 18 21 06 | 11
#0950-d158 @A: 04 02 06 03 | 04
#0951-d158 @A: 25 09 31 17 | 01
#0952-d158 @A: 17 24 31 04 | 03
#0953-d158 @A: 05 31 25 18 | 08
#0954-d158 @A: 20 10 31 16 | 12
#0955-d158 @A: 31 05 24 32 | 02
#0956-d158 @A: 18 24 21 31 | 10
#0957-d158 @A: 01 27 31 09 | 06
#0958-d158 @A: 32 14 31 04 | 05
#0959-d158 @A: 22 19 24 33 | 07
#0960-d158 @A: 05 22 24 01 | 09
#0961-d158 @A: 04 14 03 22 | 11
#0962-d158 @A: 16 17 19 25 | 04
#0963-d158 @A: 13 17 10 18 | 01
#0964-d158 @A: 09 17 13 21 | 03
#0965-d158 @A: 11 25 10 18 | 08
#0966-d158 @A: 14 28 25 10 | 12
#0967-d158 @A: 25 10 19 33 | 02
#0968-d158 @A: 25 33 16 23 | 10
#0969-d158 @A: 27 16 25 24 | 06
#0970-d158 @A: 30 02 04 25 | 05
#0971-d158 @A: 11 23 03 16 | 07
#0972-d158 @A: 11 03 05 34 | 09
#0973-d158 @A: 18 14 21 11 | 11
#0974-d158 @A: 27 20 11 03 | 04
#0975-d158 @A: 02 11 35 21 | 01
#0976-d158 @A: 11 16 21 32 | 03
#0977-d158 @A: 05 10 27 28 | 08
#0978-d158 @A: 10 18 09 03 | 12
#0979-d158 @A: 21 10 27 01 | 02
#0980-d158 @A: 30 03 16 10 | 10
#0981-d158 @A: 02 14 20 10 | 06
#0982-d158 @A: 01 18 28 34 | 05
#0983-d158 @A: 28 21 18 03 | 07
#0984-d158 @A: 32 28 09 27 | 09
#0985-d158 @A: 35 30 28 16 | 11
#0986-d158 @A: 19 23 34 16 | 04
#0987-d158 @A: 18 23 34 35 | 01
#0988-d158 @A: 16 13 30 23 | 03
#0989-d158 @A: 32 35 23 13 | 08
#0990-d158 @A: 23 21 34 13 | 12
#0991-d158 @A: 20 23 27 30 | 02
#0992-d158 @A: 14 32 30 23 | 10
#0993-d158 @A: 30 35 33 24 | 06
#0994-d158 @A: 24 03 01 27 | 05
#0995-d158 @A: 09 04 19 33 | 07
#0996-d158 @A: 35 33 18 14 | 09
#0997-d158 @A: 32 21 33 01 | 11
#0998-d158 @A: 34 33 03 27 | 04
#0999-d158 @A: 27 35 20 33 | 01
#1000-d158 @A: 21 05 02 32 | 03
#1001-d158 @A: 20 34 09 19 | 08
#1002-d158 @A: 01 26 12 13 | 12
#1003-d158 @A: 07 12 18 08 | 02
#1004-d158 @A: 33 08 12 03 | 10
#1005-d158 @A: 07 12 14 22 | 06
#1006-d158 @A: 13 12 11 07 | 05
#1007-d158 @A: 35 06 10 12 | 07
#1008-d158 @A: 12 16 06 33 | 09
#1009-d158 @A: 06 09 20 12 | 11
#1010-d158 @A: 10 31 12 04 | 04
#1011-d158 @A: 28 09 22 12 | 01
#1012-d158 @A: 04 25 05 12 | 03
#1013-d158 @A: 12 24 13 10 | 08
#1014-d158 @A: 23 18 24 12 | 12
#1015-d158 @A: 23 12 30 05 | 02
#1016-d158 @A: 12 24 33 20 | 10
#1017-d158 @A: 12 04 30 13 | 06
#1018-d158 @A: 14 26 29 07 | 05
#1019-d158 @A: 29 28 09 26 | 07
#1020-d158 @A: 26 02 14 15 | 09
#1021-d158 @A: 31 26 34 11 | 11
#1022-d158 @A: 28 33 26 27 | 04
#1023-d158 @A: 30 13 26 21 | 01
#1024-d158 @A: 08 15 07 02 | 03
#1025-d158 @A: 03 08 15 24 | 08
#1026-d158 @A: 25 08 06 01 | 12
#1027-d158 @A: 22 08 14 31 | 02
#1028-d158 @A: 17 08 33 19 | 10
#1029-d158 @A: 25 08 30 28 | 06
#1030-d158 @A: 34 25 19 08 | 05
#1031-d158 @A: 10 01 08 32 | 07
#1032-d158 @A: 16 08 33 24 | 09
#1033-d158 @A: 18 05 08 24 | 11
#1034-d158 @A: 03 08 01 09 | 04
#1035-d158 @A: 09 20 08 14 | 01
#1036-d158 @A: 20 08 27 01 | 03
#1037-d158 @A: 08 03 27 02 | 08
#1038-d158 @A: 07 25 06 35 | 12
#1039-d158 @A: 07 21 28 31 | 02
#1040-d158 @A: 30 05 07 31 | 10
#1041-d158 @A: 24 07 14 10 | 06
#1042-d158 @A: 07 14 33 13 | 05
#1043-d158 @A: 32 09 19 07 | 07
#1044-d158 @A: 06 02 29 24 | 09
#1045-d158 @A: 03 25 22 29 | 11
#1046-d158 @A: 27 29 10 22 | 04
#1047-d158 @A: 21 29 22 34 | 01
#1048-d158 @A: 17 32 25 29 | 03
#1049-d158 @A: 19 17 01 29 | 08
#1050-d158 @A: 29 21 10 25 | 12
#1051-d158 @A: 29 03 24 33 | 02
#1052-d158 @A: 04 05 29 16 | 10
#1053-d158 @A: 18 19 29 21 | 06
#1054-d158 @A: 35 29 04 19 | 05
#1055-d158 @A: 29 20 18 34 | 07
#1056-d158 @A: 29 09 35 03 | 09
#1057-d158 @A: 27 32 34 29 | 11
#1058-d158 @A: 06 15 01 22 | 04
#1059-d158 @A: 17 28 20 15 | 01
#1060-d158 @A: 15 33 17 30 | 03
#1061-d158 @A: 25 05 03 15 | 08
#1062-d158 @A: 01 10 15 23 | 12
#1063-d158 @A: 15 28 23 27 | 02
#1064-d158 @A: 24 16 28 15 | 10
#1065-d158 @A: 09 18 15 21 | 06
#1066-d158 @A: 01 16 20 15 | 05
#1067-d158 @A: 02 30 27 15 | 07
#1068-d158 @A: 32 15 02 34 | 09
#1069-d158 @A: 14 17 06 31 | 11
#1070-d158 @A: 09 31 05 06 | 04
#1071-d158 @A: 34 30 06 31 | 01
#1072-d158 @A: 13 20 22 06 | 03
#1073-d158 @A: 06 22 14 16 | 08
#1074-d158 @A: 28 06 16 17 | 12
#1075-d158 @A: 19 06 10 28 | 02
#1076-d158 @A: 06 03 19 35 | 10
#1077-d158 @A: 30 04 20 06 | 06
#1078-d158 @A: 20 32 21 06 | 05
#1079-d158 @A: 28 31 22 19 | 07
#1080-d158 @A: 35 05 31 17 | 09
#1081-d158 @A: 21 17 30 31 | 11
#1082-d158 @A: 31 09 11 28 | 04
#1083-d158 @A: 32 31 23 11 | 01
#1084-d158 @A: 09 31 35 23 | 03
#1085-d158 @A: 14 31 05 20 | 08
#1086-d158 @A: 18 13 01 31 | 12
#1087-d158 @A: 14 31 21 13 | 02
#1088-d158 @A: 27 02 21 31 | 10
#1089-d158 @A: 09 14 22 19 | 06
#1090-d158 @A: 02 22 18 01 | 05
#1091-d158 @A: 09 22 02 03 | 07
#1092-d158 @A: 02 22 20 27 | 09
#1093-d158 @A: 17 33 25 14 | 11
#1094-d158 @A: 13 17 11 23 | 04
#1095-d158 @A: 18 17 24 11 | 01
#1096-d158 @A: 05 01 17 28 | 03
#1097-d158 @A: 17 19 32 28 | 08
#1098-d158 @A: 28 30 27 17 | 12
#1099-d158 @A: 23 17 33 27 | 02
#1100-d158 @A: 05 17 02 20 | 10
#1101-d158 @A: 18 17 19 09 | 06
#1102-d158 @A: 13 20 27 17 | 05
#1103-d158 @A: 02 19 11 25 | 07
#1104-d158 @A: 01 25 11 04 | 09
#1105-d158 @A: 10 24 25 32 | 11
#1106-d158 @A: 09 23 25 18 | 04
#1107-d158 @A: 32 25 30 33 | 01
#1108-d158 @A: 05 35 30 25 | 03
#1109-d158 @A: 27 18 32 25 | 08
#1110-d158 @A: 24 02 16 11 | 12
#1111-d158 @A: 30 19 14 11 | 02
#1112-d158 @A: 16 13 11 01 | 10
#1113-d158 @A: 20 13 30 11 | 06
#1114-d158 @A: 11 34 30 20 | 05
#1115-d158 @A: 23 20 10 05 | 07
#1116-d158 @A: 10 05 24 34 | 09
#1117-d158 @A: 13 35 10 19 | 11
#1118-d158 @A: 02 10 16 09 | 04
#1119-d158 @A: 10 04 02 13 | 01
#1120-d158 @A: 14 10 35 34 | 03
#1121-d158 @A: 23 28 05 33 | 08
#1122-d158 @A: 28 21 33 16 | 12
#1123-d158 @A: 35 28 09 19 | 02
#1124-d158 @A: 19 28 27 21 | 10
#1125-d158 @A: 32 28 30 21 | 06
#1126-d158 @A: 23 14 27 19 | 05
#1127-d158 @A: 18 35 23 02 | 07
#1128-d158 @A: 09 23 14 02 | 09
#1129-d158 @A: 13 23 27 01 | 11
#1130-d158 @A: 30 04 23 35 | 04
#1131-d158 @A: 04 24 34 35 | 01
#1132-d158 @A: 32 27 24 35 | 03
#1133-d158 @A: 02 30 34 24 | 08
#1134-d158 @A: 04 21 30 33 | 12
#1135-d158 @A: 33 21 03 20 | 02
#1136-d158 @A: 05 27 13 35 | 10
#1137-d158 @A: 05 34 13 35 | 06
#1138-d158 @A: 13 30 34 09 | 05
#1139-d158 @A: 12 20 26 31 | 07
#1140-d158 @A: 28 12 04 26 | 09
#1141-d158 @A: 32 12 26 23 | 11
#1142-d158 @A: 18 12 34 26 | 04
#1143-d158 @A: 23 06 29 12 | 01
#1144-d158 @A: 14 31 12 29 | 03
#1145-d158 @A: 25 06 12 19 | 08
#1146-d158 @A: 13 06 02 12 | 12
#1147-d158 @A: 31 23 16 12 | 02
#1148-d158 @A: 01 22 12 17 | 10
#1149-d158 @A: 22 12 25 30 | 06
#1150-d158 @A: 11 22 12 24 | 05
#1151-d158 @A: 12 27 19 22 | 07
#1152-d158 @A: 12 13 34 17 | 09
#1153-d158 @A: 10 05 14 12 | 11
#1154-d158 @A: 12 34 19 28 | 04
#1155-d158 @A: 01 12 19 03 | 01
#1156-d158 @A: 03 30 27 12 | 03
#1157-d158 @A: 08 09 26 22 | 08
#1158-d158 @A: 17 26 20 08 | 12
#1159-d158 @A: 05 08 26 14 | 02
#1160-d158 @A: 26 27 07 20 | 10
#1161-d158 @A: 04 29 25 26 | 06
#1162-d158 @A: 31 15 35 26 | 05
#1163-d158 @A: 06 26 32 34 | 07
#1164-d158 @A: 10 21 26 31 | 09
#1165-d158 @A: 13 35 17 26 | 11
#1166-d158 @A: 26 25 33 03 | 04
#1167-d158 @A: 26 25 34 09 | 01
#1168-d158 @A: 35 26 24 11 | 03
#1169-d158 @A: 26 14 16 11 | 08
#1170-d158 @A: 10 14 27 26 | 12
#1171-d158 @A: 05 34 16 26 | 02
#1172-d158 @A: 09 02 19 26 | 10
#1173-d158 @A: 09 03 26 16 | 06
#1174-d158 @A: 09 20 26 35 | 05
#1175-d158 @A: 07 08 21 06 | 07
#1176-d158 @A: 08 27 11 07 | 09
#1177-d158 @A: 24 08 04 07 | 11
#1178-d158 @A: 16 15 08 29 | 04
#1179-d158 @A: 05 08 29 13 | 01
#1180-d158 @A: 32 25 15 08 | 03
#1181-d158 @A: 13 08 10 22 | 08
#1182-d158 @A: 08 11 14 28 | 12
#1183-d158 @A: 11 08 35 04 | 02
#1184-d158 @A: 08 16 24 34 | 10
#1185-d158 @A: 18 08 02 19 | 06
#1186-d158 @A: 19 21 35 08 | 05
#1187-d158 @A: 13 35 08 01 | 07
#1188-d158 @A: 16 08 20 13 | 09
#1189-d158 @A: 13 08 02 21 | 11
#1190-d158 @A: 08 20 21 30 | 04
#1191-d158 @A: 08 34 30 27 | 01
#1192-d158 @A: 06 34 07 24 | 03
#1193-d158 @A: 16 22 07 34 | 08
#1194-d158 @A: 02 05 07 25 | 12
#1195-d158 @A: 03 07 10 32 | 02
#1196-d158 @A: 07 24 33 21 | 10
#1197-d158 @A: 09 34 07 05 | 06
#1198-d158 @A: 13 07 05 04 | 05
#1199-d158 @A: 18 07 13 32 | 07
#1200-d158 @A: 09 07 03 30 | 09
#1201-d158 @A: 20 09 16 07 | 11
#1202-d158 @A: 07 02 20 13 | 04
#1203-d158 @A: 04 01 20 07 | 01
#1204-d158 @A: 29 18 06 17 | 03
#1205-d158 @A: 29 11 04 06 | 08
#1206-d158 @A: 27 20 29 06 | 12
#1207-d158 @A: 21 23 29 22 | 02
#1208-d158 @A: 29 13 24 17 | 10
#1209-d158 @A: 28 10 29 16 | 06
#1210-d158 @A: 33 30 29 23 | 05
#1211-d158 @A: 05 23 35 29 | 07
#1212-d158 @A: 29 01 21 13 | 09
#1213-d158 @A: 16 13 02 29 | 11
#1214-d158 @A: 29 03 04 30 | 04
#1215-d158 @A: 29 02 35 01 | 01
#1216-d158 @A: 14 06 05 15 | 03
#1217-d158 @A: 15 33 35 25 | 08
#1218-d158 @A: 13 10 15 30 | 12
#1219-d158 @A: 18 15 30 03 | 02
#1220-d158 @A: 21 32 15 04 | 10
#1221-d158 @A: 15 01 21 14 | 06
#1222-d158 @A: 20 32 02 15 | 05
#1223-d158 @A: 30 22 10 06 | 07
#1224-d158 @A: 22 19 23 06 | 09
#1225-d158 @A: 04 22 21 06 | 11
#1226-d158 @A: 24 09 17 06 | 04
#1227-d158 @A: 11 35 20 06 | 01
#1228-d158 @A: 14 06 28 24 | 03
#1229-d158 @A: 34 06 35 28 | 08
#1230-d158 @A: 06 30 01 18 | 12
#1231-d158 @A: 30 06 13 09 | 02
#1232-d158 @A: 09 21 06 03 | 10
#1233-d158 @A: 32 06 27 03 | 06
#1234-d158 @A: 23 25 31 27 | 05
#1235-d158 @A: 25 31 19 24 | 07
#1236-d158 @A: 21 34 31 28 | 09
#1237-d158 @A: 04 31 23 01 | 11
#1238-d158 @A: 18 24 31 34 | 04
#1239-d158 @A: 13 32 30 31 | 01
#1240-d158 @A: 14 31 01 03 | 03
#1241-d158 @A: 20 30 31 03 | 08
#1242-d158 @A: 23 17 09 22 | 12
#1243-d158 @A: 03 19 22 30 | 02
#1244-d158 @A: 09 18 34 22 | 10
#1245-d158 @A: 13 34 04 22 | 06
#1246-d158 @A: 17 25 05 27 | 05
#1247-d158 @A: 25 21 18 17 | 07
#1248-d158 @A: 17 02 23 28 | 09
#1249-d158 @A: 35 03 17 23 | 11
#1250-d158 @A: 20 17 24 34 | 04
#1251-d158 @A: 13 02 14 17 | 01
#1252-d158 @A: 17 04 34 27 | 03
#1253-d158 @A: 16 14 20 17 | 08
#1254-d158 @A: 32 35 21 17 | 12
#1255-d158 @A: 25 11 14 34 | 02
#1256-d158 @A: 01 10 09 25 | 10
#1257-d158 @A: 04 28 33 25 | 06
#1258-d158 @A: 25 01 05 23 | 05
#1259-d158 @A: 02 32 09 25 | 07
#1260-d158 @A: 04 25 21 27 | 09
#1261-d158 @A: 25 16 04 32 | 11
#1262-d158 @A: 04 23 10 11 | 04
#1263-d158 @A: 18 03 11 19 | 01
#1264-d158 @A: 11 14 35 13 | 03
#1265-d158 @A: 10 09 24 28 | 08
#1266-d158 @A: 10 33 23 21 | 12
#1267-d158 @A: 10 03 19 21 | 02
#1268-d158 @A: 03 28 23 34 | 10
#1269-d158 @A: 05 28 21 09 | 06
#1270-d158 @A: 04 21 28 13 | 05
#1271-d158 @A: 21 35 01 28 | 07
#1272-d158 @A: 28 16 02 32 | 09
#1273-d158 @A: 23 05 03 24 | 11
#1274-d158 @A: 09 32 23 34 | 04
#1275-d158 @A: 30 23 03 21 | 01
#1276-d158 @A: 24 03 04 19 | 03
#1277-d158 @A: 09 32 16 24 | 08
#1278-d158 @A: 14 24 21 35 | 12
#1279-d158 @A: 33 32 03 09 | 02
#1280-d158 @A: 21 33 13 35 | 10
#1281-d158 @A: 02 05 03 19 | 06
#1282-d158 @A: 05 30 19 34 | 05
#1283-d158 @A: 01 05 02 16 | 07
#1284-d158 @A: 21 01 34 19 | 09
#1285-d158 @A: 16 18 03 34 | 11
#1286-d158 @A: 09 34 21 14 | 04
#1287-d158 @A: 08 35 26 12 | 01
#1288-d158 @A: 27 07 12 34 | 03
#1289-d158 @A: 22 35 12 29 | 08
#1290-d158 @A: 17 12 16 29 | 12
#1291-d158 @A: 24 29 12 04 | 02
#1292-d158 @A: 15 12 14 23 | 10
#1293-d158 @A: 24 27 12 31 | 06
#1294-d158 @A: 21 20 25 12 | 05
#1295-d158 @A: 16 28 12 11 | 07
#1296-d158 @A: 12 10 27 23 | 09
#1297-d158 @A: 05 24 09 12 | 11
#1298-d158 @A: 24 12 32 21 | 04
#1299-d158 @A: 12 05 19 18 | 01
#1300-d158 @A: 12 27 18 35 | 03
#1301-d158 @A: 34 16 12 09 | 08
#1302-d158 @A: 32 01 12 27 | 12
#1303-d158 @A: 12 34 30 35 | 02
#1304-d158 @A: 29 18 26 08 | 10
#1305-d158 @A: 15 08 27 26 | 06
#1306-d158 @A: 07 04 11 26 | 05
#1307-d158 @A: 02 07 01 26 | 07
#1308-d158 @A: 29 27 26 05 | 09
#1309-d158 @A: 29 26 34 35 | 11
#1310-d158 @A: 26 23 06 14 | 04
#1311-d158 @A: 31 03 22 26 | 01
#1312-d158 @A: 01 26 22 10 | 03
#1313-d158 @A: 22 26 35 21 | 08
#1314-d158 @A: 20 26 10 25 | 12
#1315-d158 @A: 30 11 26 23 | 02
#1316-d158 @A: 26 14 23 34 | 10
#1317-d158 @A: 19 32 26 03 | 06
#1318-d158 @A: 18 26 01 27 | 05
#1319-d158 @A: 15 01 17 08 | 07
#1320-d158 @A: 23 20 08 06 | 09
#1321-d158 @A: 08 31 19 03 | 11
#1322-d158 @A: 33 04 22 08 | 04
#1323-d158 @A: 24 35 08 17 | 01
#1324-d158 @A: 05 17 08 30 | 03
#1325-d158 @A: 04 34 10 08 | 08
#1326-d158 @A: 08 05 33 34 | 12
#1327-d158 @A: 35 30 08 09 | 02
#1328-d158 @A: 18 07 11 15 | 10
#1329-d158 @A: 24 07 06 18 | 06
#1330-d158 @A: 13 07 10 31 | 05
#1331-d158 @A: 31 07 27 03 | 07
#1332-d158 @A: 07 09 17 05 | 09
#1333-d158 @A: 27 17 21 07 | 11
#1334-d158 @A: 10 11 09 07 | 04
#1335-d158 @A: 03 11 07 33 | 01
#1336-d158 @A: 28 01 24 07 | 03
#1337-d158 @A: 28 09 33 07 | 08
#1338-d158 @A: 21 07 02 09 | 12
#1339-d158 @A: 14 20 07 21 | 02
#1340-d158 @A: 35 14 32 07 | 10
#1341-d158 @A: 06 05 19 29 | 06
#1342-d158 @A: 35 29 27 17 | 05
#1343-d158 @A: 29 24 14 25 | 07
#1344-d158 @A: 29 28 11 24 | 09
#1345-d158 @A: 33 11 35 29 | 11
#1346-d158 @A: 29 18 24 10 | 04
#1347-d158 @A: 10 29 01 05 | 01
#1348-d158 @A: 24 34 29 19 | 03
#1349-d158 @A: 24 27 29 09 | 08
#1350-d158 @A: 19 32 29 20 | 12
#1351-d158 @A: 35 16 18 29 | 02
#1352-d158 @A: 13 29 27 32 | 10
#1353-d158 @A: 28 22 15 32 | 06
#1354-d158 @A: 28 34 24 15 | 05
#1355-d158 @A: 28 30 15 05 | 07
#1356-d158 @A: 15 23 05 02 | 09
#1357-d158 @A: 15 34 20 23 | 11
#1358-d158 @A: 15 01 34 05 | 04
#1359-d158 @A: 09 35 15 13 | 01
#1360-d158 @A: 15 30 03 34 | 03
#1361-d158 @A: 21 31 23 06 | 08
#1362-d158 @A: 17 03 06 10 | 12
#1363-d158 @A: 23 25 32 06 | 02
#1364-d158 @A: 06 13 04 18 | 10
#1365-d158 @A: 02 20 18 06 | 06
#1366-d158 @A: 34 06 13 01 | 05
#1367-d158 @A: 16 06 13 27 | 07
#1368-d158 @A: 06 35 27 01 | 09
#1369-d158 @A: 22 31 23 30 | 11
#1370-d158 @A: 18 31 22 04 | 04
#1371-d158 @A: 31 28 25 32 | 01
#1372-d158 @A: 31 21 25 33 | 03
#1373-d158 @A: 31 11 21 19 | 08
#1374-d158 @A: 05 16 28 31 | 12
#1375-d158 @A: 31 19 20 18 | 02
#1376-d158 @A: 19 09 31 30 | 10
#1377-d158 @A: 35 31 20 01 | 06
#1378-d158 @A: 30 31 35 02 | 05
#1379-d158 @A: 24 11 22 34 | 07
#1380-d158 @A: 28 34 33 22 | 09
#1381-d158 @A: 03 22 24 20 | 11
#1382-d158 @A: 27 05 22 32 | 04
#1383-d158 @A: 30 25 17 10 | 01
#1384-d158 @A: 24 16 03 17 | 03
#1385-d158 @A: 17 32 18 02 | 08
#1386-d158 @A: 17 09 27 03 | 12
#1387-d158 @A: 17 35 01 04 | 02
#1388-d158 @A: 02 27 17 01 | 10
#1389-d158 @A: 14 17 32 27 | 06
#1390-d158 @A: 03 25 34 10 | 05
#1391-d158 @A: 24 21 05 25 | 07
#1392-d158 @A: 24 25 20 18 | 09
#1393-d158 @A: 25 35 19 01 | 11
#1394-d158 @A: 03 25 35 32 | 04
#1395-d158 @A: 11 04 34 18 | 01
#1396-d158 @A: 27 09 21 11 | 03
#1397-d158 @A: 11 16 34 35 | 08
#1398-d158 @A: 35 02 28 10 | 12
#1399-d158 @A: 33 04 16 10 | 02
#1400-d158 @A: 10 16 19 18 | 10
#1401-d158 @A: 27 19 20 10 | 06
#1402-d158 @A: 10 04 01 03 | 05
#1403-d158 @A: 03 19 28 16 | 07
#1404-d158 @A: 32 23 18 21 | 09
#1405-d158 @A: 16 23 02 20 | 11
#1406-d158 @A: 19 24 16 13 | 04
#1407-d158 @A: 19 14 20 24 | 01
#1408-d158 @A: 19 32 24 02 | 03
#1409-d158 @A: 04 05 02 33 | 08
#1410-d158 @A: 33 01 16 19 | 12
#1411-d158 @A: 04 35 03 33 | 02
#1412-d158 @A: 05 21 13 18 | 10
#1413-d158 @A: 05 02 27 18 | 06
#1414-d158 @A: 27 05 30 04 | 05
#1415-d158 @A: 05 21 03 35 | 07
#1416-d158 @A: 12 26 06 18 | 09
#1417-d158 @A: 12 25 08 10 | 11
#1418-d158 @A: 12 07 04 15 | 04
#1419-d158 @A: 09 29 12 33 | 01
#1420-d158 @A: 12 29 20 01 | 03
#1421-d158 @A: 15 12 34 21 | 08
#1422-d158 @A: 06 22 03 12 | 12
#1423-d158 @A: 12 31 17 19 | 02
#1424-d158 @A: 20 22 04 12 | 10
#1425-d158 @A: 30 10 11 12 | 06
#1426-d158 @A: 23 01 02 12 | 05
#1427-d158 @A: 16 01 18 12 | 07
#1428-d158 @A: 12 03 35 02 | 09
#1429-d158 @A: 08 16 06 26 | 11
#1430-d158 @A: 26 23 03 08 | 04
#1431-d158 @A: 32 26 08 24 | 01
#1432-d158 @A: 13 26 22 07 | 03
#1433-d158 @A: 30 29 26 24 | 08
#1434-d158 @A: 17 26 23 15 | 12
#1435-d158 @A: 26 19 34 06 | 02
#1436-d158 @A: 02 22 26 30 | 10
#1437-d158 @A: 32 26 05 25 | 06
#1438-d158 @A: 26 19 11 10 | 05
#1439-d158 @A: 26 23 13 10 | 07
#1440-d158 @A: 26 34 20 10 | 09
#1441-d158 @A: 28 23 26 16 | 11
#1442-d158 @A: 02 26 18 04 | 04
#1443-d158 @A: 03 26 13 04 | 01
#1444-d158 @A: 13 02 32 26 | 03
#1445-d158 @A: 26 27 30 32 | 08
#1446-d158 @A: 01 29 22 08 | 12
#1447-d158 @A: 15 08 35 23 | 02
#1448-d158 @A: 17 06 08 27 | 10
#1449-d158 @A: 08 17 03 22 | 06
#1450-d158 @A: 22 28 08 16 | 05
#1451-d158 @A: 02 22 24 08 | 07
#1452-d158 @A: 22 35 05 08 | 09
#1453-d158 @A: 17 25 08 13 | 11
#1454-d158 @A: 11 08 18 23 | 04
#1455-d158 @A: 21 11 34 08 | 01
#1456-d158 @A: 21 10 28 08 | 03
#1457-d158 @A: 23 04 32 08 | 08
#1458-d158 @A: 27 08 14 24 | 12
#1459-d158 @A: 32 21 08 27 | 02
#1460-d158 @A: 15 01 29 07 | 10
#1461-d158 @A: 07 33 29 27 | 06
#1462-d158 @A: 06 07 03 23 | 05
#1463-d158 @A: 07 06 19 33 | 07
#1464-d158 @A: 07 23 22 04 | 09
#1465-d158 @A: 22 07 24 09 | 11
#1466-d158 @A: 25 13 24 07 | 04
#1467-d158 @A: 07 05 23 18 | 01
#1468-d158 @A: 03 01 13 07 | 03
#1469-d158 @A: 07 21 20 34 | 08
#1470-d158 @A: 11 31 29 18 | 12
#1471-d158 @A: 22 05 29 30 | 02
#1472-d158 @A: 17 29 14 23 | 10
#1473-d158 @A: 29 25 33 01 | 06
#1474-d158 @A: 34 29 25 30 | 05
#1475-d158 @A: 29 23 03 19 | 07
#1476-d158 @A: 33 20 29 34 | 09
#1477-d158 @A: 16 30 32 29 | 11
#1478-d158 @A: 06 15 27 10 | 04
#1479-d158 @A: 15 23 06 30 | 01
#1480-d158 @A: 31 28 15 01 | 03
#1481-d158 @A: 31 14 24 15 | 08
#1482-d158 @A: 17 04 25 15 | 12
#1483-d158 @A: 17 35 15 10 | 02
#1484-d158 @A: 13 15 34 25 | 10
#1485-d158 @A: 33 02 15 11 | 06
#1486-d158 @A: 05 18 10 15 | 05
#1487-d158 @A: 35 09 15 34 | 07
#1488-d158 @A: 16 27 15 21 | 09
#1489-d158 @A: 33 25 06 05 | 11
#1490-d158 @A: 28 13 32 06 | 04
#1491-d158 @A: 01 05 06 03 | 01
#1492-d158 @A: 32 09 01 06 | 03
#1493-d158 @A: 06 02 27 09 | 08
#1494-d158 @A: 04 01 16 06 | 12
#1495-d158 @A: 31 23 20 17 | 02
#1496-d158 @A: 03 13 31 17 | 10
#1497-d158 @A: 31 17 34 32 | 06
#1498-d158 @A: 31 27 18 10 | 05
#1499-d158 @A: 24 31 09 03 | 07
#1500-d158 @A: 17 22 28 25 | 09
#1501-d158 @A: 17 16 35 22 | 11
#1502-d158 @A: 22 25 14 05 | 04
#1503-d158 @A: 33 11 22 21 | 01
#1504-d158 @A: 11 04 22 05 | 03
#1505-d158 @A: 09 22 35 11 | 08
#1506-d158 @A: 22 13 11 03 | 12
#1507-d158 @A: 32 10 23 22 | 02
#1508-d158 @A: 35 22 18 19 | 10
#1509-d158 @A: 19 32 22 01 | 06
#1510-d158 @A: 03 27 22 18 | 05
#1511-d158 @A: 22 14 30 20 | 07
#1512-d158 @A: 27 22 35 30 | 09
#1513-d158 @A: 16 17 11 33 | 11
#1514-d158 @A: 11 05 19 17 | 04
#1515-d158 @A: 17 21 24 23 | 01
#1516-d158 @A: 34 17 19 03 | 03
#1517-d158 @A: 16 17 04 13 | 08
#1518-d158 @A: 03 23 10 25 | 12
#1519-d158 @A: 23 13 25 28 | 02
#1520-d158 @A: 25 03 28 24 | 10
#1521-d158 @A: 02 34 18 25 | 06
#1522-d158 @A: 03 09 25 13 | 05
#1523-d158 @A: 25 27 35 09 | 07
#1524-d158 @A: 02 05 28 11 | 09
#1525-d158 @A: 11 24 21 04 | 11
#1526-d158 @A: 11 19 27 01 | 04
#1527-d158 @A: 13 09 11 32 | 01
#1528-d158 @A: 21 01 11 30 | 03
#1529-d158 @A: 10 13 28 01 | 08
#1530-d158 @A: 30 10 34 28 | 12
#1531-d158 @A: 23 35 10 24 | 02
#1532-d158 @A: 24 27 10 33 | 10
#1533-d158 @A: 10 18 04 35 | 06
#1534-d158 @A: 27 10 04 09 | 05
#1535-d158 @A: 03 27 10 13 | 07
#1536-d158 @A: 04 10 32 30 | 09
#1537-d158 @A: 01 16 10 35 | 11
#1538-d158 @A: 34 21 32 10 | 04
#1539-d158 @A: 16 28 09 14 | 01
#1540-d158 @A: 04 16 28 20 | 03
#1541-d158 @A: 23 32 16 19 | 08
#1542-d158 @A: 18 20 04 23 | 12
#1543-d158 @A: 23 03 14 18 | 02
#1544-d158 @A: 09 01 30 23 | 10
#1545-d158 @A: 04 27 03 23 | 06
#1546-d158 @A: 23 30 34 01 | 05
#1547-d158 @A: 32 27 02 23 | 07
#1548-d158 @A: 20 24 21 01 | 09
#1549-d158 @A: 24 14 16 01 | 11
#1550-d158 @A: 30 32 03 24 | 04
#1551-d158 @A: 20 30 02 24 | 01
#1552-d158 @A: 30 05 03 33 | 03
#1553-d158 @A: 33 32 14 19 | 08
#1554-d158 @A: 33 35 09 16 | 12
#1555-d158 @A: 33 20 13 01 | 02
#1556-d158 @A: 14 02 03 33 | 10
#1557-d158 @A: 05 19 13 20 | 06
#1558-d158 @A: 09 18 05 35 | 05
#1559-d158 @A: 27 34 18 05 | 07
#1560-d158 @A: 05 18 16 30 | 09
#1561-d158 @A: 05 32 09 14 | 11
#1562-d158 @A: 30 05 14 01 | 04
#1563-d158 @A: 34 27 21 02 | 01
#1564-d158 @A: 21 22 08 12 | 03
#1565-d158 @A: 08 12 02 28 | 08
#1566-d158 @A: 24 08 12 01 | 12
#1567-d158 @A: 06 27 12 07 | 02
#1568-d158 @A: 12 07 25 32 | 10
#1569-d158 @A: 07 12 23 20 | 06
#1570-d158 @A: 02 07 33 12 | 05
#1571-d158 @A: 25 12 29 18 | 07
#1572-d158 @A: 11 02 29 12 | 09
#1573-d158 @A: 33 27 12 15 | 11
#1574-d158 @A: 05 12 35 15 | 04
#1575-d158 @A: 32 22 12 31 | 01
#1576-d158 @A: 12 10 18 22 | 03
#1577-d158 @A: 25 14 12 02 | 08
#1578-d158 @A: 11 04 12 03 | 12
#1579-d158 @A: 12 16 19 04 | 02
#1580-d158 @A: 12 32 30 19 | 10
#1581-d158 @A: 03 18 12 32 | 06
#1582-d158 @A: 30 08 33 26 | 05
#1583-d158 @A: 26 30 06 07 | 07
#1584-d158 @A: 01 34 07 26 | 09
#1585-d158 @A: 19 28 15 26 | 11
#1586-d158 @A: 06 26 09 10 | 04
#1587-d158 @A: 27 06 26 04 | 01
#1588-d158 @A: 22 18 25 26 | 03
#1589-d158 @A: 33 26 10 02 | 08
#1590-d158 @A: 19 26 14 13 | 12
#1591-d158 @A: 30 16 26 19 | 02
#1592-d158 @A: 01 09 21 26 | 10
#1593-d158 @A: 26 32 20 16 | 06
#1594-d158 @A: 22 08 32 07 | 05
#1595-d158 @A: 29 06 30 08 | 07
#1596-d158 @A: 15 34 08 31 | 09
#1597-d158 @A: 06 08 18 34 | 11
#1598-d158 @A: 08 31 27 05 | 04
#1599-d158 @A: 08 19 25 22 | 01
#1600-d158 @A: 08 32 16 17 | 03
#1601-d158 @A: 10 14 08 23 | 08
#1602-d158 @A: 02 05 09 08 | 12
#1603-d158 @A: 09 08 18 32 | 02
#1604-d158 @A: 03 08 18 16 | 10
#1605-d158 @A: 04 09 08 16 | 06
#1606-d158 @A: 02 08 04 20 | 05
#1607-d158 @A: 28 15 07 03 | 07
#1608-d158 @A: 15 05 07 32 | 09
#1609-d158 @A: 19 15 07 21 | 11
#1610-d158 @A: 34 07 15 04 | 04
#1611-d158 @A: 01 06 17 07 | 01
#1612-d158 @A: 06 07 32 02 | 03
#1613-d158 @A: 33 17 04 07 | 08
#1614-d158 @A: 14 07 28 05 | 12
#1615-d158 @A: 07 02 18 28 | 02
#1616-d158 @A: 28 14 15 29 | 10
#1617-d158 @A: 06 29 14 32 | 06
#1618-d158 @A: 09 22 18 29 | 05
#1619-d158 @A: 04 17 29 02 | 07
#1620-d158 @A: 11 10 20 29 | 09
#1621-d158 @A: 13 19 30 29 | 11
#1622-d158 @A: 22 15 34 06 | 04
#1623-d158 @A: 03 11 15 17 | 01
#1624-d158 @A: 15 16 10 25 | 03
#1625-d158 @A: 25 28 09 15 | 08
#1626-d158 @A: 04 15 10 28 | 12
#1627-d158 @A: 13 24 15 02 | 02
#1628-d158 @A: 19 01 18 15 | 10
#1629-d158 @A: 01 13 04 15 | 06
#1630-d158 @A: 02 31 06 25 | 05
#1631-d158 @A: 06 31 04 19 | 07
#1632-d158 @A: 35 22 06 24 | 09
#1633-d158 @A: 13 25 06 21 | 11
#1634-d158 @A: 30 03 06 25 | 04
#1635-d158 @A: 06 11 24 03 | 01
#1636-d158 @A: 05 06 18 11 | 03
#1637-d158 @A: 06 10 23 18 | 08
#1638-d158 @A: 21 27 24 06 | 12
#1639-d158 @A: 34 09 06 27 | 02
#1640-d158 @A: 22 17 31 27 | 10
#1641-d158 @A: 31 01 22 25 | 06
#1642-d158 @A: 31 33 35 22 | 05
#1643-d158 @A: 11 05 03 31 | 07
#1644-d158 @A: 14 33 31 28 | 09
#1645-d158 @A: 31 19 02 13 | 11
#1646-d158 @A: 03 18 02 31 | 04
#1647-d158 @A: 31 20 09 21 | 01
#1648-d158 @A: 03 14 34 31 | 03
#1649-d158 @A: 33 10 22 03 | 08
#1650-d158 @A: 10 35 14 22 | 12
#1651-d158 @A: 30 13 28 22 | 02
#1652-d158 @A: 30 22 01 04 | 10
#1653-d158 @A: 21 22 27 14 | 06
#1654-d158 @A: 32 14 22 02 | 05
#1655-d158 @A: 16 23 17 10 | 07
#1656-d158 @A: 32 05 17 23 | 09
#1657-d158 @A: 14 17 05 34 | 11
#1658-d158 @A: 20 04 09 17 | 04
#1659-d158 @A: 17 03 01 21 | 01
#1660-d158 @A: 05 13 10 25 | 03
#1661-d158 @A: 25 24 02 33 | 08
#1662-d158 @A: 20 09 19 25 | 12
#1663-d158 @A: 32 19 25 21 | 02
#1664-d158 @A: 25 21 30 09 | 10
#1665-d158 @A: 13 20 25 32 | 06
#1666-d158 @A: 34 11 32 28 | 05
#1667-d158 @A: 34 11 09 33 | 07
#1668-d158 @A: 35 19 34 11 | 09
#1669-d158 @A: 09 03 11 14 | 11
#1670-d158 @A: 13 04 11 27 | 04
#1671-d158 @A: 02 11 01 20 | 01
#1672-d158 @A: 10 20 09 13 | 03
#1673-d158 @A: 14 13 10 16 | 08
#1674-d158 @A: 35 10 30 21 | 12
#1675-d158 @A: 23 32 28 03 | 02
#1676-d158 @A: 30 28 02 19 | 10
#1677-d158 @A: 16 13 18 28 | 06
#1678-d158 @A: 28 16 01 34 | 05
#1679-d158 @A: 09 32 20 23 | 07
#1680-d158 @A: 04 16 23 14 | 09
#1681-d158 @A: 01 24 18 32 | 11
#1682-d158 @A: 09 03 34 24 | 04
#1683-d158 @A: 35 24 09 02 | 01
#1684-d158 @A: 13 03 24 21 | 03
#1685-d158 @A: 16 24 30 21 | 08
#1686-d158 @A: 18 33 32 05 | 12
#1687-d158 @A: 09 05 01 19 | 02
#1688-d158 @A: 34 30 16 13 | 10
#1689-d158 @A: 32 04 34 16 | 06
