#0001-d159 @A: 30 19 33 13 | 10
#0002-d159 @A: 22 33 19 12 | 12
#0003-d159 @A: 17 13 22 33 | 04
#0004-d159 @A: 01 33 13 26 | 05
#0005-d159 @A: 20 33 13 05 | 08
#0006-d159 @A: 33 13 06 18 | 07
#0007-d159 @A: 33 08 07 12 | 09
#0008-d159 @A: 33 26 12 10 | 03
#0009-d159 @A: 28 33 31 35 | 06
#0010-d159 @A: 33 08 31 18 | 11
#0011-d159 @A: 33 04 01 05 | 02
#0012-d159 @A: 06 28 33 22 | 01
#0013-d159 @A: 11 33 34 23 | 10
#0014-d159 @A: 16 26 33 04 | 12
#0015-d159 @A: 34 33 20 06 | 04
#0016-d159 @A: 27 33 16 06 | 05
#0017-d159 @A: 35 19 13 15 | 08
#0018-d159 @A: 19 32 07 13 | 07
#0019-d159 @A: 22 01 17 19 | 09
#0020-d159 @A: 19 20 17 34 | 03
#0021-d159 @A: 21 19 03 18 | 06
#0022-d159 @A: 04 19 10 25 | 11
#0023-d159 @A: 12 09 07 19 | 02
#0024-d159 @A: 03 19 14 32 | 01
#0025-d159 @A: 26 19 07 02 | 10
#0026-d159 @A: 20 19 22 16 | 12
#0027-d159 @A: 22 19 27 30 | 04
#0028-d159 @A: 19 20 26 10 | 05
#0029-d159 @A: 30 26 19 11 | 08
#0030-d159 @A: 17 13 27 20 | 07
#0031-d159 @A: 13 31 25 03 | 09
#0032-d159 @A: 25 13 09 22 | 03
#0033-d159 @A: 22 34 13 12 | 06
#0034-d159 @A: 02 06 13 35 | 11
#0035-d159 @A: 13 31 14 15 | 02
#0036-d159 @A: 30 01 05 13 | 01
#0037-d159 @A: 13 28 01 11 | 10
#0038-d159 @A: 05 13 16 10 | 12
#0039-d159 @A: 13 34 16 27 | 04
#0040-d159 @A: 04 27 13 28 | 05
#0041-d159 @A: 11 21 29 17 | 08
#0042-d159 @A: 30 17 25 31 | 07
#0043-d159 @A: 24 12 06 17 | 09
#0044-d159 @A: 35 14 17 15 | 03
#0045-d159 @A: 32 17 29 03 | 06
#0046-d159 @A: 32 17 27 24 | 11
#0047-d159 @A: 29 24 17 30 | 02
#0048-d159 @A: 24 14 17 09 | 01
#0049-d159 @A: 17 05 14 10 | 10
#0050-d159 @A: 15 26 17 08 | 12
#0051-d159 @A: 02 10 17 22 | 04
#0052-d159 @A: 04 07 17 23 | 05
#0053-d159 @A: 15 17 07 11 | 08
#0054-d159 @A: 17 10 20 16 | 07
#0055-d159 @A: 06 17 10 11 | 09
#0056-d159 @A: 07 18 21 12 | 03
#0057-d159 @A: 08 01 21 18 | 06
#0058-d159 @A: 21 18 20 32 | 11
#0059-d159 @A: 06 21 29 07 | 02
#0060-d159 @A: 02 23 21 11 | 01
#0061-d159 @A: 03 34 22 21 | 10
#0062-d159 @A: 21 11 22 30 | 12
#0063-d159 @A: 20 21 26 16 | 04
#0064-d159 @A: 21 06 27 26 | 05
#0065-d159 @A: 25 20 12 31 | 08
#0066-d159 @A: 15 35 25 24 | 07
#0067-d159 @A: 32 09 25 23 | 09
#0068-d159 @A: 32 24 07 25 | 03
#0069-d159 @A: 25 18 30 32 | 06
#0070-d159 @A: 09 25 26 14 | 11
#0071-d159 @A: 14 18 23 25 | 02
#0072-d159 @A: 25 15 18 09 | 01
#0073-d159 @A: 30 05 25 20 | 10
#0074-d159 @A: 25 30 22 28 | 12
#0075-d159 @A: 15 28 06 25 | 04
#0076-d159 @A: 35 27 09 12 | 05
#0077-d159 @A: 12 01 32 03 | 08
#0078-d159 @A: 28 12 08 14 | 07
#0079-d159 @A: 12 30 08 09 | 09
#0080-d159 @A: 12 04 22 03 | 03
#0081-d159 @A: 06 15 12 10 | 06
#0082-d159 @A: 12 34 10 03 | 11
#0083-d159 @A: 06 01 35 15 | 02
#0084-d159 @A: 22 35 14 16 | 01
#0085-d159 @A: 35 05 24 04 | 10
#0086-d159 @A: 08 35 24 02 | 12
#0087-d159 @A: 11 28 35 22 | 04
#0088-d159 @A: 35 07 06 28 | 05
#0089-d159 @A: 23 30 29 31 | 08
#0090-d159 @A: 31 06 14 18 | 07
#0091-d159 @A: 31 20 14 34 | 09
#0092-d159 @A: 10 30 14 31 | 03
#0093-d159 @A: 08 05 20 31 | 06
#0094-d159 @A: 02 20 31 28 | 11
#0095-d159 @A: 20 04 22 31 | 02
#0096-d159 @A: 23 20 31 03 | 01
#0097-d159 @A: 04 30 31 15 | 10
#0098-d159 @A: 29 05 22 01 | 12
#0099-d159 @A: 05 02 14 01 | 04
#0100-d159 @A: 22 14 15 01 | 05
#0101-d159 @A: 09 04 01 24 | 08
#0102-d159 @A: 24 18 01 16 | 07
#0103-d159 @A: 14 10 09 32 | 09
#0104-d159 @A: 18 11 24 32 | 03
#0105-d159 @A: 24 32 08 20 | 06
#0106-d159 @A: 07 27 32 23 | 11
#0107-d159 @A: 15 10 27 32 | 02
#0108-d159 @A: 32 26 34 20 | 01
#0109-d159 @A: 32 03 06 26 | 10
#0110-d159 @A: 06 04 11 32 | 12
#0111-d159 @A: 10 03 16 32 | 04
#0112-d159 @A: 30 32 07 34 | 05
#0113-d159 @A: 16 28 29 18 | 08
#0114-d159 @A: 02 29 34 30 | 07
#0115-d159 @A: 27 07 20 29 | 09
#0116-d159 @A: 10 14 07 23 | 03
#0117-d159 @A: 34 28 07 14 | 06
#0118-d159 @A: 09 05 02 24 | 11
#0119-d159 @A: 20 09 10 02 | 02
#0120-d159 @A: 28 09 22 10 | 01
#0121-d159 @A: 09 28 11 04 | 10
#0122-d159 @A: 06 05 08 24 | 12
#0123-d159 @A: 34 11 24 02 | 04
#0124-d159 @A: 24 22 26 03 | 05
#0125-d159 @A: 23 34 28 24 | 08
#0126-d159 @A: 27 30 05 18 | 07
#0127-d159 @A: 22 05 16 02 | 09
#0128-d159 @A: 20 05 28 22 | 03
#0129-d159 @A: 04 05 22 10 | 06
#0130-d159 @A: 11 05 07 27 | 11
#0131-d159 @A: 08 18 07 10 | 02
#0132-d159 @A: 03 28 18 26 | 01
#0133-d159 @A: 20 28 18 07 | 10
#0134-d159 @A: 03 08 02 15 | 12
#0135-d159 @A: 08 26 28 02 | 04
#0136-d159 @A: 03 20 22 08 | 05
#0137-d159 @A: 16 08 10 06 | 08
#0138-d159 @A: 34 10 02 04 | 07
#0139-d159 @A: 34 27 11 15 | 09
#0140-d159 @A: 26 06 34 03 | 03
#0141-d159 @A: 16 04 07 34 | 06
#0142-d159 @A: 11 13 33 08 | 11
#0143-d159 @A: 11 33 01 21 | 02
#0144-d159 @A: 21 23 33 18 | 01
#0145-d159 @A: 03 20 33 21 | 10
#0146-d159 @A: 35 01 02 33 | 12
#0147-d159 @A: 33 06 35 32 | 04
#0148-d159 @A: 02 16 31 33 | 05
#0149-d159 @A: 29 03 33 01 | 08
#0150-d159 @A: 01 23 33 14 | 07
#0151-d159 @A: 33 01 07 18 | 09
#0152-d159 @A: 33 15 01 34 | 03
#0153-d159 @A: 32 34 33 08 | 06
#0154-d159 @A: 22 29 18 33 | 11
#0155-d159 @A: 30 24 33 09 | 02
#0156-d159 @A: 22 26 33 07 | 01
#0157-d159 @A: 33 20 22 11 | 10
#0158-d159 @A: 13 19 31 23 | 12
#0159-d159 @A: 17 19 25 14 | 04
#0160-d159 @A: 20 17 19 04 | 05
#0161-d159 @A: 02 19 21 35 | 08
#0162-d159 @A: 21 19 23 09 | 07
#0163-d159 @A: 19 24 01 25 | 09
#0164-d159 @A: 29 12 19 31 | 03
#0165-d159 @A: 19 08 31 02 | 06
#0166-d159 @A: 32 01 19 04 | 11
#0167-d159 @A: 23 19 34 32 | 02
#0168-d159 @A: 19 09 29 06 | 01
#0169-d159 @A: 15 09 08 19 | 10
#0170-d159 @A: 10 05 23 19 | 12
#0171-d159 @A: 11 02 19 27 | 04
#0172-d159 @A: 19 06 23 11 | 05
#0173-d159 @A: 04 25 13 17 | 08
#0174-d159 @A: 31 17 28 13 | 07
#0175-d159 @A: 21 04 18 13 | 09
#0176-d159 @A: 12 26 08 13 | 03
#0177-d159 @A: 27 31 13 29 | 06
#0178-d159 @A: 16 13 31 24 | 11
#0179-d159 @A: 32 01 15 13 | 02
#0180-d159 @A: 23 05 32 13 | 01
#0181-d159 @A: 32 13 34 02 | 10
#0182-d159 @A: 03 29 13 18 | 12
#0183-d159 @A: 13 05 14 03 | 04
#0184-d159 @A: 22 13 05 08 | 05
#0185-d159 @A: 13 15 06 34 | 08
#0186-d159 @A: 03 11 13 15 | 07
#0187-d159 @A: 28 07 16 13 | 09
#0188-d159 @A: 24 25 17 23 | 03
#0189-d159 @A: 17 05 22 12 | 06
#0190-d159 @A: 17 12 28 04 | 11
#0191-d159 @A: 07 17 01 16 | 02
#0192-d159 @A: 29 09 27 17 | 01
#0193-d159 @A: 29 07 08 17 | 10
#0194-d159 @A: 14 02 34 17 | 12
#0195-d159 @A: 02 17 15 16 | 04
#0196-d159 @A: 17 22 15 28 | 05
#0197-d159 @A: 28 17 03 27 | 08
#0198-d159 @A: 17 27 34 10 | 07
#0199-d159 @A: 25 21 35 16 | 09
#0200-d159 @A: 23 25 21 01 | 03
#0201-d159 @A: 21 05 04 12 | 06
#0202-d159 @A: 35 05 20 21 | 11
#0203-d159 @A: 14 21 16 31 | 02
#0204-d159 @A: 01 21 34 09 | 01
#0205-d159 @A: 29 14 21 03 | 10
#0206-d159 @A: 21 06 15 22 | 12
#0207-d159 @A: 07 15 20 21 | 04
#0208-d159 @A: 10 20 34 21 | 05
#0209-d159 @A: 25 08 15 31 | 08
#0210-d159 @A: 01 14 25 30 | 07
#0211-d159 @A: 32 14 25 11 | 09
#0212-d159 @A: 25 11 23 29 | 03
#0213-d159 @A: 10 14 28 25 | 06
#0214-d159 @A: 24 25 08 04 | 11
#0215-d159 @A: 02 11 04 25 | 02
#0216-d159 @A: 30 15 23 25 | 01
#0217-d159 @A: 16 15 25 10 | 10
#0218-d159 @A: 07 30 25 03 | 12
#0219-d159 @A: 29 35 11 12 | 04
#0220-d159 @A: 12 24 07 35 | 05
#0221-d159 @A: 01 08 15 12 | 08
#0222-d159 @A: 12 22 15 26 | 07
#0223-d159 @A: 12 11 26 20 | 09
#0224-d159 @A: 22 31 26 35 | 03
#0225-d159 @A: 30 35 32 14 | 06
#0226-d159 @A: 32 35 07 18 | 11
#0227-d159 @A: 35 11 03 14 | 02
#0228-d159 @A: 24 26 35 20 | 01
#0229-d159 @A: 30 02 35 10 | 10
#0230-d159 @A: 03 15 26 35 | 12
#0231-d159 @A: 26 07 11 35 | 04
#0232-d159 @A: 35 11 27 20 | 05
#0233-d159 @A: 20 34 35 30 | 08
#0234-d159 @A: 35 16 28 03 | 07
#0235-d159 @A: 07 35 04 16 | 09
#0236-d159 @A: 10 29 31 01 | 03
#0237-d159 @A: 01 31 08 22 | 06
#0238-d159 @A: 09 05 07 31 | 11
#0239-d159 @A: 31 16 18 20 | 02
#0240-d159 @A: 31 27 06 02 | 01
#0241-d159 @A: 31 10 26 06 | 10
#0242-d159 @A: 30 29 32 01 | 12
#0243-d159 @A: 29 26 09 01 | 04
#0244-d159 @A: 01 18 06 09 | 05
#0245-d159 @A: 22 20 01 24 | 08
#0246-d159 @A: 28 18 05 01 | 07
#0247-d159 @A: 01 34 03 05 | 09
#0248-d159 @A: 22 01 27 26 | 03
#0249-d159 @A: 30 01 20 26 | 06
#0250-d159 @A: 22 14 29 32 | 11
#0251-d159 @A: 29 07 32 09 | 02
#0252-d159 @A: 15 08 14 32 | 01
#0253-d159 @A: 23 32 14 20 | 10
#0254-d159 @A: 06 14 34 32 | 12
#0255-d159 @A: 34 32 09 03 | 04
#0256-d159 @A: 04 08 29 09 | 05
#0257-d159 @A: 29 06 24 11 | 08
#0258-d159 @A: 23 18 34 29 | 07
#0259-d159 @A: 29 02 06 22 | 09
#0260-d159 @A: 11 29 30 34 | 03
#0261-d159 @A: 15 02 14 30 | 06
#0262-d159 @A: 14 16 20 07 | 11
#0263-d159 @A: 10 14 03 04 | 02
#0264-d159 @A: 05 22 18 09 | 01
#0265-d159 @A: 09 02 22 26 | 10
#0266-d159 @A: 09 23 27 26 | 12
#0267-d159 @A: 23 28 09 16 | 04
#0268-d159 @A: 26 28 20 09 | 05
#0269-d159 @A: 24 23 26 15 | 08
#0270-d159 @A: 26 10 11 24 | 07
#0271-d159 @A: 03 27 24 16 | 09
#0272-d159 @A: 05 15 07 06 | 03
#0273-d159 @A: 07 03 20 05 | 06
#0274-d159 @A: 05 06 27 28 | 11
#0275-d159 @A: 18 16 22 07 | 02
#0276-d159 @A: 23 18 11 30 | 01
#0277-d159 @A: 28 08 06 03 | 10
#0278-d159 @A: 28 34 03 08 | 12
#0279-d159 @A: 03 02 23 34 | 04
#0280-d159 @A: 33 03 17 24 | 05
#0281-d159 @A: 17 20 08 33 | 08
#0282-d159 @A: 33 21 35 10 | 07
#0283-d159 @A: 21 33 31 30 | 09
#0284-d159 @A: 33 04 29 21 | 03
#0285-d159 @A: 35 33 25 04 | 06
#0286-d159 @A: 33 12 32 02 | 11
#0287-d159 @A: 12 33 28 29 | 02
#0288-d159 @A: 14 31 22 33 | 01
#0289-d159 @A: 32 23 33 11 | 10
#0290-d159 @A: 10 33 04 32 | 12
#0291-d159 @A: 08 33 27 24 | 04
#0292-d159 @A: 33 02 07 10 | 05
#0293-d159 @A: 07 33 30 23 | 08
#0294-d159 @A: 28 33 16 20 | 07
#0295-d159 @A: 17 31 19 15 | 09
#0296-d159 @A: 17 23 32 19 | 03
#0297-d159 @A: 24 19 17 07 | 06
#0298-d159 @A: 28 19 25 21 | 11
#0299-d159 @A: 19 04 21 24 | 02
#0300-d159 @A: 25 19 35 30 | 01
#0301-d159 @A: 09 19 25 02 | 10
#0302-d159 @A: 19 07 25 18 | 12
#0303-d159 @A: 19 11 15 25 | 04
#0304-d159 @A: 02 19 01 12 | 05
#0305-d159 @A: 35 01 19 11 | 08
#0306-d159 @A: 19 22 35 24 | 07
#0307-d159 @A: 16 31 05 19 | 09
#0308-d159 @A: 01 14 19 28 | 03
#0309-d159 @A: 20 18 01 19 | 06
#0310-d159 @A: 15 32 16 19 | 11
#0311-d159 @A: 14 22 09 19 | 02
#0312-d159 @A: 07 05 19 04 | 01
#0313-d159 @A: 23 22 15 19 | 10
#0314-d159 @A: 28 29 13 21 | 12
#0315-d159 @A: 21 13 06 03 | 04
#0316-d159 @A: 28 13 32 25 | 05
#0317-d159 @A: 13 14 04 12 | 08
#0318-d159 @A: 24 12 13 03 | 07
#0319-d159 @A: 23 13 35 14 | 09
#0320-d159 @A: 08 35 16 13 | 03
#0321-d159 @A: 31 11 09 13 | 06
#0322-d159 @A: 30 29 13 26 | 11
#0323-d159 @A: 14 13 24 10 | 02
#0324-d159 @A: 08 06 14 13 | 01
#0325-d159 @A: 18 30 13 09 | 10
#0326-d159 @A: 28 09 13 08 | 12
#0327-d159 @A: 04 02 13 22 | 04
#0328-d159 @A: 26 06 07 13 | 05
#0329-d159 @A: 34 20 28 13 | 08
#0330-d159 @A: 03 13 34 30 | 07
#0331-d159 @A: 35 17 21 01 | 09
#0332-d159 @A: 21 24 34 17 | 03
#0333-d159 @A: 17 27 05 25 | 06
#0334-d159 @A: 17 09 26 12 | 11
#0335-d159 @A: 05 17 12 34 | 02
#0336-d159 @A: 18 02 17 12 | 01
#0337-d159 @A: 35 32 26 17 | 10
#0338-d159 @A: 31 17 32 14 | 12
#0339-d159 @A: 11 22 31 17 | 04
#0340-d159 @A: 17 05 15 32 | 05
#0341-d159 @A: 17 28 14 06 | 08
#0342-d159 @A: 16 17 11 24 | 07
#0343-d159 @A: 17 23 06 27 | 09
#0344-d159 @A: 32 25 21 15 | 03
#0345-d159 @A: 01 12 22 21 | 06
#0346-d159 @A: 12 21 11 32 | 11
#0347-d159 @A: 02 31 21 29 | 02
#0348-d159 @A: 07 21 34 31 | 01
#0349-d159 @A: 30 21 29 18 | 10
#0350-d159 @A: 21 24 09 26 | 12
#0351-d159 @A: 18 02 09 21 | 04
#0352-d159 @A: 27 02 15 21 | 05
#0353-d159 @A: 26 30 02 21 | 08
#0354-d159 @A: 28 04 06 21 | 07
#0355-d159 @A: 21 16 11 10 | 09
#0356-d159 @A: 12 09 25 04 | 03
#0357-d159 @A: 25 11 12 28 | 06
#0358-d159 @A: 14 25 31 02 | 11
#0359-d159 @A: 01 02 25 15 | 02
#0360-d159 @A: 25 14 11 34 | 01
#0361-d159 @A: 25 09 05 34 | 10
#0362-d159 @A: 03 34 25 24 | 12
#0363-d159 @A: 20 25 18 06 | 04
#0364-d159 @A: 27 25 30 02 | 05
#0365-d159 @A: 03 20 11 25 | 08
#0366-d159 @A: 27 25 16 04 | 07
#0367-d159 @A: 16 07 11 25 | 09
#0368-d159 @A: 31 16 12 32 | 03
#0369-d159 @A: 12 32 26 14 | 06
#0370-d159 @A: 27 32 06 12 | 11
#0371-d159 @A: 14 12 24 22 | 02
#0372-d159 @A: 09 12 03 18 | 01
#0373-d159 @A: 16 08 12 24 | 10
#0374-d159 @A: 22 12 06 18 | 12
#0375-d159 @A: 30 06 02 12 | 04
#0376-d159 @A: 11 07 12 02 | 05
#0377-d159 @A: 27 12 15 23 | 08
#0378-d159 @A: 12 20 04 07 | 07
#0379-d159 @A: 12 06 11 03 | 09
#0380-d159 @A: 01 35 16 31 | 03
#0381-d159 @A: 26 01 05 35 | 06
#0382-d159 @A: 35 08 01 30 | 11
#0383-d159 @A: 28 24 29 35 | 02
#0384-d159 @A: 08 10 03 35 | 01
#0385-d159 @A: 15 22 35 20 | 10
#0386-d159 @A: 11 32 31 15 | 12
#0387-d159 @A: 31 24 04 29 | 04
#0388-d159 @A: 18 05 31 02 | 05
#0389-d159 @A: 16 06 31 22 | 08
#0390-d159 @A: 26 31 20 27 | 07
#0391-d159 @A: 27 10 03 31 | 09
#0392-d159 @A: 07 31 16 10 | 03
#0393-d159 @A: 07 32 01 22 | 06
#0394-d159 @A: 01 29 24 15 | 11
#0395-d159 @A: 01 06 03 22 | 02
#0396-d159 @A: 04 28 01 22 | 01
#0397-d159 @A: 20 01 07 06 | 10
#0398-d159 @A: 01 06 04 27 | 12
#0399-d159 @A: 16 11 32 05 | 04
#0400-d159 @A: 30 08 32 27 | 05
#0401-d159 @A: 10 32 11 22 | 08
#0402-d159 @A: 28 32 03 15 | 07
#0403-d159 @A: 32 10 20 28 | 09
#0404-d159 @A: 04 30 03 32 | 03
#0405-d159 @A: 15 14 18 29 | 06
#0406-d159 @A: 23 04 27 29 | 11
#0407-d159 @A: 16 30 11 29 | 02
#0408-d159 @A: 23 14 05 09 | 01
#0409-d159 @A: 14 16 09 08 | 10
#0410-d159 @A: 14 20 15 09 | 12
#0411-d159 @A: 14 34 22 24 | 04
#0412-d159 @A: 04 24 27 14 | 05
#0413-d159 @A: 02 03 16 14 | 08
#0414-d159 @A: 22 23 20 09 | 07
#0415-d159 @A: 06 10 09 27 | 09
#0416-d159 @A: 09 16 30 10 | 03
#0417-d159 @A: 28 09 27 07 | 06
#0418-d159 @A: 23 05 24 18 | 11
#0419-d159 @A: 02 11 28 24 | 02
#0420-d159 @A: 34 24 22 30 | 01
#0421-d159 @A: 23 24 10 04 | 10
#0422-d159 @A: 15 03 24 07 | 12
#0423-d159 @A: 05 27 02 20 | 04
#0424-d159 @A: 10 05 02 03 | 05
#0425-d159 @A: 23 05 30 04 | 08
#0426-d159 @A: 05 34 10 15 | 07
#0427-d159 @A: 18 04 22 11 | 09
#0428-d159 @A: 04 18 15 16 | 03
#0429-d159 @A: 30 15 18 07 | 06
#0430-d159 @A: 26 10 22 08 | 11
#0431-d159 @A: 15 27 04 08 | 02
#0432-d159 @A: 16 03 07 08 | 01
#0433-d159 @A: 22 11 34 06 | 10
#0434-d159 @A: 23 10 34 07 | 12
#0435-d159 @A: 12 13 33 35 | 04
#0436-d159 @A: 27 21 17 33 | 05
#0437-d159 @A: 25 33 17 26 | 08
#0438-d159 @A: 17 04 18 33 | 07
#0439-d159 @A: 08 21 28 33 | 09
#0440-d159 @A: 25 01 22 33 | 03
#0441-d159 @A: 33 08 25 30 | 06
#0442-d159 @A: 33 11 12 18 | 11
#0443-d159 @A: 05 33 35 16 | 02
#0444-d159 @A: 33 31 05 29 | 01
#0445-d159 @A: 32 33 15 18 | 10
#0446-d159 @A: 33 09 11 29 | 12
#0447-d159 @A: 33 09 27 05 | 04
#0448-d159 @A: 05 33 24 22 | 05
#0449-d159 @A: 18 24 26 33 | 08
#0450-d159 @A: 03 18 05 33 | 07
#0451-d159 @A: 33 23 08 05 | 09
#0452-d159 @A: 04 15 34 33 | 03
#0453-d159 @A: 33 30 26 28 | 06
#0454-d159 @A: 33 30 20 27 | 11
#0455-d159 @A: 11 06 07 33 | 02
#0456-d159 @A: 03 01 19 13 | 01
#0457-d159 @A: 19 04 13 29 | 10
#0458-d159 @A: 19 18 27 13 | 12
#0459-d159 @A: 10 17 19 21 | 04
#0460-d159 @A: 12 16 26 19 | 05
#0461-d159 @A: 32 22 19 31 | 08
#0462-d159 @A: 23 29 01 19 | 07
#0463-d159 @A: 01 10 19 27 | 09
#0464-d159 @A: 01 19 34 07 | 03
#0465-d159 @A: 02 24 19 32 | 06
#0466-d159 @A: 19 11 20 32 | 11
#0467-d159 @A: 19 08 18 29 | 02
#0468-d159 @A: 15 19 14 24 | 01
#0469-d159 @A: 05 19 06 14 | 10
#0470-d159 @A: 16 19 14 10 | 12
#0471-d159 @A: 19 26 18 05 | 04
#0472-d159 @A: 18 19 22 02 | 05
#0473-d159 @A: 10 19 02 15 | 08
#0474-d159 @A: 03 19 28 11 | 07
#0475-d159 @A: 30 06 17 13 | 09
#0476-d159 @A: 11 13 21 25 | 03
#0477-d159 @A: 08 13 21 15 | 06
#0478-d159 @A: 23 21 13 34 | 11
#0479-d159 @A: 13 08 25 02 | 02
#0480-d159 @A: 15 13 29 12 | 01
#0481-d159 @A: 12 05 13 02 | 10
#0482-d159 @A: 01 04 35 13 | 12
#0483-d159 @A: 31 34 13 24 | 04
#0484-d159 @A: 13 29 10 09 | 05
#0485-d159 @A: 34 13 08 09 | 08
#0486-d159 @A: 09 02 03 13 | 07
#0487-d159 @A: 24 08 13 07 | 09
#0488-d159 @A: 22 06 13 11 | 03
#0489-d159 @A: 17 23 12 21 | 06
#0490-d159 @A: 02 32 21 17 | 11
#0491-d159 @A: 22 03 21 17 | 02
#0492-d159 @A: 12 11 08 17 | 01
#0493-d159 @A: 17 04 29 35 | 10
#0494-d159 @A: 05 23 31 17 | 12
#0495-d159 @A: 31 03 17 08 | 04
#0496-d159 @A: 11 17 09 32 | 05
#0497-d159 @A: 28 05 17 24 | 08
#0498-d159 @A: 15 18 10 17 | 07
#0499-d159 @A: 28 17 16 26 | 09
#0500-d159 @A: 26 11 04 17 | 03
#0501-d159 @A: 05 21 02 25 | 06
#0502-d159 @A: 22 25 18 21 | 11
#0503-d159 @A: 35 27 21 32 | 02
#0504-d159 @A: 31 10 21 18 | 01
#0505-d159 @A: 32 21 10 05 | 10
#0506-d159 @A: 28 25 35 01 | 12
#0507-d159 @A: 20 24 25 14 | 04
#0508-d159 @A: 24 09 25 16 | 05
#0509-d159 @A: 22 02 20 25 | 08
#0510-d159 @A: 28 25 02 16 | 07
#0511-d159 @A: 16 25 23 03 | 09
#0512-d159 @A: 25 11 06 26 | 03
#0513-d159 @A: 25 06 04 07 | 06
#0514-d159 @A: 25 10 30 11 | 11
#0515-d159 @A: 26 12 02 35 | 02
#0516-d159 @A: 27 35 34 12 | 01
#0517-d159 @A: 12 04 08 31 | 10
#0518-d159 @A: 14 06 12 01 | 12
#0519-d159 @A: 12 11 09 01 | 04
#0520-d159 @A: 28 32 12 24 | 05
#0521-d159 @A: 12 07 32 15 | 08
#0522-d159 @A: 09 05 12 10 | 07
#0523-d159 @A: 34 12 09 30 | 09
#0524-d159 @A: 05 18 12 20 | 03
#0525-d159 @A: 02 04 10 12 | 06
#0526-d159 @A: 04 16 23 12 | 11
#0527-d159 @A: 28 27 30 12 | 02
#0528-d159 @A: 31 35 09 02 | 01
#0529-d159 @A: 09 14 35 01 | 10
#0530-d159 @A: 34 01 35 28 | 12
#0531-d159 @A: 05 23 35 06 | 04
#0532-d159 @A: 20 35 03 30 | 05
#0533-d159 @A: 18 07 31 29 | 08
#0534-d159 @A: 24 14 31 28 | 07
#0535-d159 @A: 26 30 09 31 | 09
#0536-d159 @A: 11 01 02 32 | 03
#0537-d159 @A: 11 05 01 06 | 06
#0538-d159 @A: 01 34 08 10 | 11
#0539-d159 @A: 22 11 01 16 | 02
#0540-d159 @A: 23 20 34 01 | 01
#0541-d159 @A: 11 01 10 03 | 10
#0542-d159 @A: 29 32 23 18 | 12
#0543-d159 @A: 14 32 02 18 | 04
#0544-d159 @A: 18 26 32 09 | 05
#0545-d159 @A: 32 22 02 27 | 08
#0546-d159 @A: 32 15 06 23 | 07
#0547-d159 @A: 26 07 16 32 | 09
#0548-d159 @A: 28 32 26 11 | 03
#0549-d159 @A: 30 28 32 06 | 06
#0550-d159 @A: 16 11 32 34 | 11
#0551-d159 @A: 30 32 11 07 | 02
#0552-d159 @A: 08 30 14 29 | 01
#0553-d159 @A: 24 03 29 09 | 10
#0554-d159 @A: 02 29 09 15 | 12
#0555-d159 @A: 10 23 06 29 | 04
#0556-d159 @A: 20 15 29 11 | 05
#0557-d159 @A: 29 26 27 11 | 08
#0558-d159 @A: 16 29 10 04 | 07
#0559-d159 @A: 07 24 14 18 | 09
#0560-d159 @A: 22 02 14 11 | 03
#0561-d159 @A: 14 10 02 26 | 06
#0562-d159 @A: 14 30 26 22 | 11
#0563-d159 @A: 15 14 16 06 | 02
#0564-d159 @A: 07 28 15 14 | 01
#0565-d159 @A: 26 14 07 03 | 10
#0566-d159 @A: 14 20 30 11 | 12
#0567-d159 @A: 28 06 24 09 | 04
#0568-d159 @A: 06 11 02 09 | 05
#0569-d159 @A: 02 22 15 24 | 08
#0570-d159 @A: 15 11 27 24 | 07
#0571-d159 @A: 30 27 24 26 | 09
#0572-d159 @A: 04 24 03 11 | 03
#0573-d159 @A: 15 27 05 16 | 06
#0574-d159 @A: 15 05 28 10 | 11
#0575-d159 @A: 27 08 18 06 | 02
#0576-d159 @A: 02 18 11 20 | 01
#0577-d159 @A: 18 06 23 28 | 10
#0578-d159 @A: 18 30 28 04 | 12
#0579-d159 @A: 07 15 22 08 | 04
#0580-d159 @A: 08 15 34 30 | 05
#0581-d159 @A: 34 22 07 27 | 08
#0582-d159 @A: 16 34 15 03 | 07
#0583-d159 @A: 33 31 19 25 | 09
#0584-d159 @A: 33 19 22 34 | 03
#0585-d159 @A: 19 33 15 20 | 06
#0586-d159 @A: 23 13 33 29 | 11
#0587-d159 @A: 13 27 10 33 | 02
#0588-d159 @A: 33 29 17 15 | 01
#0589-d159 @A: 09 17 02 33 | 10
#0590-d159 @A: 33 23 25 28 | 12
#0591-d159 @A: 12 33 06 31 | 04
#0592-d159 @A: 28 33 15 01 | 05
#0593-d159 @A: 33 29 10 20 | 08
#0594-d159 @A: 03 33 10 30 | 07
#0595-d159 @A: 35 19 05 17 | 09
#0596-d159 @A: 21 19 11 31 | 03
#0597-d159 @A: 10 19 24 12 | 06
#0598-d159 @A: 12 04 19 30 | 11
#0599-d159 @A: 35 26 27 19 | 02
#0600-d159 @A: 19 26 01 31 | 01
#0601-d159 @A: 09 31 10 19 | 10
#0602-d159 @A: 03 19 24 31 | 12
#0603-d159 @A: 07 30 19 31 | 04
#0604-d159 @A: 19 01 08 07 | 05
#0605-d159 @A: 19 05 30 29 | 08
#0606-d159 @A: 07 03 29 19 | 07
#0607-d159 @A: 10 29 19 11 | 09
#0608-d159 @A: 24 11 09 19 | 03
#0609-d159 @A: 06 02 28 19 | 06
#0610-d159 @A: 16 30 19 02 | 11
#0611-d159 @A: 06 27 20 19 | 02
#0612-d159 @A: 20 19 28 30 | 01
#0613-d159 @A: 16 19 27 28 | 10
#0614-d159 @A: 17 13 24 01 | 12
#0615-d159 @A: 16 13 17 29 | 04
#0616-d159 @A: 13 23 15 17 | 05
#0617-d159 @A: 23 12 25 13 | 08
#0618-d159 @A: 13 06 09 12 | 07
#0619-d159 @A: 35 13 32 11 | 09
#0620-d159 @A: 13 20 35 18 | 03
#0621-d159 @A: 02 13 18 01 | 06
#0622-d159 @A: 13 14 09 07 | 11
#0623-d159 @A: 14 13 16 30 | 02
#0624-d159 @A: 13 28 23 22 | 01
#0625-d159 @A: 06 20 13 23 | 10
#0626-d159 @A: 23 10 13 03 | 12
#0627-d159 @A: 13 15 06 27 | 04
#0628-d159 @A: 04 10 20 13 | 05
#0629-d159 @A: 17 08 28 25 | 08
#0630-d159 @A: 10 24 35 17 | 07
#0631-d159 @A: 17 28 29 01 | 09
#0632-d159 @A: 01 17 09 15 | 03
#0633-d159 @A: 17 23 14 29 | 06
#0634-d159 @A: 09 18 23 17 | 11
#0635-d159 @A: 34 09 17 04 | 02
#0636-d159 @A: 04 24 17 02 | 01
#0637-d159 @A: 06 17 05 04 | 10
#0638-d159 @A: 26 02 17 27 | 12
#0639-d159 @A: 17 03 20 26 | 04
#0640-d159 @A: 12 21 25 30 | 05
#0641-d159 @A: 21 15 12 14 | 08
#0642-d159 @A: 31 21 15 35 | 07
#0643-d159 @A: 14 21 24 35 | 09
#0644-d159 @A: 21 32 06 31 | 03
#0645-d159 @A: 29 01 21 27 | 06
#0646-d159 @A: 21 16 01 30 | 11
#0647-d159 @A: 21 28 22 26 | 02
#0648-d159 @A: 21 03 30 15 | 01
#0649-d159 @A: 15 16 28 21 | 10
#0650-d159 @A: 26 25 12 18 | 12
#0651-d159 @A: 03 25 12 02 | 04
#0652-d159 @A: 25 24 06 31 | 05
#0653-d159 @A: 11 01 08 25 | 08
#0654-d159 @A: 25 05 29 28 | 07
#0655-d159 @A: 24 25 11 22 | 09
#0656-d159 @A: 34 02 25 16 | 03
#0657-d159 @A: 06 30 16 25 | 06
#0658-d159 @A: 14 35 12 20 | 11
#0659-d159 @A: 23 31 12 18 | 02
#0660-d159 @A: 29 01 04 12 | 01
#0661-d159 @A: 12 18 30 01 | 10
#0662-d159 @A: 22 32 12 09 | 12
#0663-d159 @A: 12 20 29 24 | 04
#0664-d159 @A: 29 12 02 23 | 05
#0665-d159 @A: 05 07 16 12 | 08
#0666-d159 @A: 20 08 12 06 | 07
#0667-d159 @A: 35 14 29 10 | 09
#0668-d159 @A: 07 35 02 29 | 03
#0669-d159 @A: 02 14 28 35 | 06
#0670-d159 @A: 08 11 09 35 | 11
#0671-d159 @A: 28 29 32 31 | 02
#0672-d159 @A: 24 30 31 32 | 01
#0673-d159 @A: 24 11 31 08 | 10
#0674-d159 @A: 15 20 31 10 | 12
#0675-d159 @A: 30 06 31 20 | 04
#0676-d159 @A: 32 01 27 14 | 05
#0677-d159 @A: 05 01 32 20 | 08
#0678-d159 @A: 24 01 34 29 | 07
#0679-d159 @A: 18 14 01 03 | 09
#0680-d159 @A: 01 23 16 06 | 03
#0681-d159 @A: 15 26 01 11 | 06
#0682-d159 @A: 07 11 01 04 | 11
#0683-d159 @A: 20 32 02 30 | 02
#0684-d159 @A: 22 32 20 06 | 01
#0685-d159 @A: 16 32 23 30 | 10
#0686-d159 @A: 32 04 20 15 | 12
#0687-d159 @A: 20 29 14 05 | 04
#0688-d159 @A: 30 10 15 29 | 05
#0689-d159 @A: 34 20 16 29 | 08
#0690-d159 @A: 11 29 28 07 | 07
#0691-d159 @A: 27 34 14 09 | 09
#0692-d159 @A: 11 14 18 26 | 03
#0693-d159 @A: 06 23 14 22 | 06
#0694-d159 @A: 22 24 09 27 | 11
#0695-d159 @A: 10 23 09 11 | 02
#0696-d159 @A: 06 20 09 04 | 01
#0697-d159 @A: 24 30 02 03 | 10
#0698-d159 @A: 06 24 22 10 | 12
#0699-d159 @A: 07 23 05 02 | 04
#0700-d159 @A: 27 05 23 22 | 05
#0701-d159 @A: 11 03 05 30 | 08
#0702-d159 @A: 18 08 28 22 | 07
#0703-d159 @A: 18 20 26 22 | 09
#0704-d159 @A: 10 30 22 18 | 03
#0705-d159 @A: 18 16 23 27 | 06
#0706-d159 @A: 16 10 26 18 | 11
#0707-d159 @A: 20 18 27 04 | 02
#0708-d159 @A: 08 16 22 34 | 01
#0709-d159 @A: 26 07 08 20 | 10
#0710-d159 @A: 28 08 07 04 | 12
#0711-d159 @A: 34 28 15 02 | 04
#0712-d159 @A: 33 16 01 19 | 05
#0713-d159 @A: 02 33 24 13 | 08
#0714-d159 @A: 10 33 13 34 | 07
#0715-d159 @A: 07 17 14 33 | 09
#0716-d159 @A: 11 05 17 33 | 03
#0717-d159 @A: 34 17 16 33 | 06
#0718-d159 @A: 09 33 25 07 | 11
#0719-d159 @A: 27 33 11 25 | 02
#0720-d159 @A: 35 08 33 15 | 01
#0721-d159 @A: 33 26 03 31 | 10
#0722-d159 @A: 24 33 16 14 | 12
#0723-d159 @A: 33 34 05 28 | 04
#0724-d159 @A: 19 24 13 06 | 05
#0725-d159 @A: 28 17 09 19 | 08
#0726-d159 @A: 20 19 21 12 | 07
#0727-d159 @A: 21 19 06 01 | 09
#0728-d159 @A: 19 21 30 14 | 03
#0729-d159 @A: 28 19 12 34 | 06
#0730-d159 @A: 19 31 06 34 | 11
#0731-d159 @A: 29 24 27 19 | 02
#0732-d159 @A: 05 20 24 19 | 01
#0733-d159 @A: 19 30 18 24 | 10
#0734-d159 @A: 08 11 05 19 | 12
#0735-d159 @A: 06 08 19 22 | 04
#0736-d159 @A: 06 19 26 15 | 05
#0737-d159 @A: 06 19 04 03 | 08
#0738-d159 @A: 21 12 27 13 | 07
#0739-d159 @A: 05 21 13 07 | 09
#0740-d159 @A: 26 27 13 25 | 03
#0741-d159 @A: 31 13 05 04 | 06
#0742-d159 @A: 13 29 01 07 | 11
#0743-d159 @A: 09 01 13 23 | 02
#0744-d159 @A: 13 08 27 01 | 01
#0745-d159 @A: 28 14 13 20 | 10
#0746-d159 @A: 09 26 13 16 | 12
#0747-d159 @A: 23 13 11 26 | 04
#0748-d159 @A: 17 14 21 26 | 05
#0749-d159 @A: 35 11 17 25 | 08
#0750-d159 @A: 35 08 27 17 | 07
#0751-d159 @A: 02 01 17 31 | 09
#0752-d159 @A: 20 31 17 29 | 03
#0753-d159 @A: 24 31 17 26 | 06
#0754-d159 @A: 01 05 03 17 | 11
#0755-d159 @A: 17 22 18 32 | 02
#0756-d159 @A: 05 17 02 29 | 01
#0757-d159 @A: 02 14 08 17 | 10
#0758-d159 @A: 04 22 17 09 | 12
#0759-d159 @A: 17 16 22 23 | 04
#0760-d159 @A: 17 11 23 03 | 05
#0761-d159 @A: 10 30 28 17 | 08
#0762-d159 @A: 26 25 31 21 | 07
#0763-d159 @A: 07 08 21 25 | 09
#0764-d159 @A: 22 23 21 31 | 03
#0765-d159 @A: 23 21 20 29 | 06
#0766-d159 @A: 09 06 21 16 | 11
#0767-d159 @A: 16 24 21 22 | 02
#0768-d159 @A: 08 21 05 03 | 01
#0769-d159 @A: 16 21 05 23 | 10
#0770-d159 @A: 26 21 34 08 | 12
#0771-d159 @A: 22 21 07 02 | 04
#0772-d159 @A: 29 32 12 25 | 05
#0773-d159 @A: 25 16 12 14 | 08
#0774-d159 @A: 25 27 24 12 | 07
#0775-d159 @A: 25 03 24 05 | 09
#0776-d159 @A: 03 25 22 15 | 03
#0777-d159 @A: 16 22 25 26 | 06
#0778-d159 @A: 25 28 07 26 | 11
#0779-d159 @A: 03 25 28 04 | 02
#0780-d159 @A: 08 23 12 35 | 01
#0781-d159 @A: 31 28 12 01 | 10
#0782-d159 @A: 14 12 31 27 | 12
#0783-d159 @A: 05 24 15 12 | 04
#0784-d159 @A: 05 08 27 12 | 05
#0785-d159 @A: 04 34 12 18 | 08
#0786-d159 @A: 02 20 12 15 | 07
#0787-d159 @A: 27 16 02 12 | 09
#0788-d159 @A: 03 26 27 12 | 03
#0789-d159 @A: 23 35 32 01 | 06
#0790-d159 @A: 01 24 35 03 | 11
#0791-d159 @A: 28 09 35 32 | 02
#0792-d159 @A: 35 16 24 32 | 01
#0793-d159 @A: 22 35 08 32 | 10
#0794-d159 @A: 29 06 35 08 | 12
#0795-d159 @A: 09 30 05 35 | 04
#0796-d159 @A: 35 09 10 18 | 05
#0797-d159 @A: 16 20 35 23 | 08
#0798-d159 @A: 34 35 10 06 | 07
#0799-d159 @A: 11 29 31 14 | 09
#0800-d159 @A: 09 14 03 31 | 03
#0801-d159 @A: 31 34 18 09 | 06
#0802-d159 @A: 31 15 22 05 | 11
#0803-d159 @A: 26 31 02 04 | 02
#0804-d159 @A: 22 31 07 03 | 01
#0805-d159 @A: 31 26 34 15 | 10
#0806-d159 @A: 30 03 28 31 | 12
#0807-d159 @A: 18 01 11 29 | 04
#0808-d159 @A: 10 20 14 01 | 05
#0809-d159 @A: 07 01 05 24 | 08
#0810-d159 @A: 01 07 15 23 | 07
#0811-d159 @A: 20 16 04 01 | 09
#0812-d159 @A: 01 16 10 28 | 03
#0813-d159 @A: 10 34 29 32 | 06
#0814-d159 @A: 24 06 32 14 | 11
#0815-d159 @A: 32 28 05 14 | 02
#0816-d159 @A: 02 07 28 32 | 01
#0817-d159 @A: 28 32 23 04 | 10
#0818-d159 @A: 32 30 10 26 | 12
#0819-d159 @A: 32 10 06 07 | 04
#0820-d159 @A: 14 04 06 29 | 05
#0821-d159 @A: 29 07 23 16 | 08
#0822-d159 @A: 03 06 29 16 | 07
#0823-d159 @A: 30 05 14 24 | 09
#0824-d159 @A: 04 02 14 20 | 03
#0825-d159 @A: 06 07 14 02 | 06
#0826-d159 @A: 04 22 14 07 | 11
#0827-d159 @A: 22 14 10 27 | 02
#0828-d159 @A: 14 16 23 34 | 01
#0829-d159 @A: 10 14 15 11 | 10
#0830-d159 @A: 14 03 27 20 | 12
#0831-d159 @A: 09 07 06 22 | 04
#0832-d159 @A: 03 15 10 09 | 05
#0833-d159 @A: 08 15 24 10 | 08
#0834-d159 @A: 20 23 27 24 | 07
#0835-d159 @A: 24 11 23 07 | 09
#0836-d159 @A: 24 06 26 16 | 03
#0837-d159 @A: 04 28 16 24 | 06
#0838-d159 @A: 20 06 16 05 | 11
#0839-d159 @A: 10 07 30 05 | 02
#0840-d159 @A: 23 18 10 20 | 01
#0841-d159 @A: 30 18 26 06 | 10
#0842-d159 @A: 16 11 18 06 | 12
#0843-d159 @A: 23 11 16 08 | 04
#0844-d159 @A: 20 04 08 11 | 05
#0845-d159 @A: 02 34 26 10 | 08
#0846-d159 @A: 04 30 06 34 | 07
#0847-d159 @A: 33 19 17 06 | 09
#0848-d159 @A: 33 02 19 05 | 03
#0849-d159 @A: 33 21 16 13 | 06
#0850-d159 @A: 30 01 17 33 | 11
#0851-d159 @A: 21 02 33 14 | 02
#0852-d159 @A: 33 24 10 25 | 01
#0853-d159 @A: 09 33 22 35 | 10
#0854-d159 @A: 32 33 24 01 | 12
#0855-d159 @A: 33 05 15 14 | 04
#0856-d159 @A: 20 18 33 14 | 05
#0857-d159 @A: 09 33 02 34 | 08
#0858-d159 @A: 33 24 04 20 | 07
#0859-d159 @A: 28 02 33 27 | 09
#0860-d159 @A: 10 16 23 33 | 03
#0861-d159 @A: 13 19 22 21 | 06
#0862-d159 @A: 16 25 19 13 | 11
#0863-d159 @A: 11 12 19 13 | 02
#0864-d159 @A: 13 26 14 19 | 01
#0865-d159 @A: 30 19 17 08 | 10
#0866-d159 @A: 21 26 19 32 | 12
#0867-d159 @A: 19 21 16 08 | 04
#0868-d159 @A: 19 29 25 20 | 05
#0869-d159 @A: 08 03 12 19 | 08
#0870-d159 @A: 04 27 19 31 | 07
#0871-d159 @A: 32 19 08 28 | 09
#0872-d159 @A: 18 14 19 04 | 03
#0873-d159 @A: 19 34 15 09 | 06
#0874-d159 @A: 19 26 28 23 | 11
#0875-d159 @A: 28 07 19 10 | 02
#0876-d159 @A: 13 14 17 11 | 01
#0877-d159 @A: 21 13 30 32 | 10
#0878-d159 @A: 16 01 12 13 | 12
#0879-d159 @A: 32 12 13 20 | 04
#0880-d159 @A: 10 35 13 31 | 05
#0881-d159 @A: 35 13 29 05 | 08
#0882-d159 @A: 26 18 13 31 | 07
#0883-d159 @A: 22 01 10 13 | 09
#0884-d159 @A: 29 13 32 06 | 03
#0885-d159 @A: 20 13 08 29 | 06
#0886-d159 @A: 34 29 07 13 | 11
#0887-d159 @A: 28 13 24 26 | 02
#0888-d159 @A: 23 04 13 08 | 01
#0889-d159 @A: 22 16 15 13 | 10
#0890-d159 @A: 06 13 10 28 | 12
#0891-d159 @A: 30 17 21 05 | 04
#0892-d159 @A: 21 06 17 08 | 05
#0893-d159 @A: 17 21 07 28 | 08
#0894-d159 @A: 25 16 17 32 | 07
#0895-d159 @A: 25 17 29 22 | 09
#0896-d159 @A: 25 02 17 07 | 03
#0897-d159 @A: 12 30 17 32 | 06
#0898-d159 @A: 12 17 29 10 | 11
#0899-d159 @A: 27 14 16 17 | 02
#0900-d159 @A: 05 09 20 17 | 01
#0901-d159 @A: 17 22 08 24 | 10
#0902-d159 @A: 17 03 10 07 | 12
#0903-d159 @A: 35 21 12 06 | 04
#0904-d159 @A: 16 03 12 21 | 05
#0905-d159 @A: 28 12 21 10 | 08
#0906-d159 @A: 08 22 21 09 | 07
#0907-d159 @A: 21 30 09 28 | 09
#0908-d159 @A: 20 21 28 24 | 03
#0909-d159 @A: 21 26 08 11 | 06
#0910-d159 @A: 02 21 28 03 | 11
#0911-d159 @A: 11 21 15 04 | 02
#0912-d159 @A: 20 11 21 06 | 01
#0913-d159 @A: 21 04 10 07 | 10
#0914-d159 @A: 03 32 25 35 | 12
#0915-d159 @A: 26 25 08 35 | 04
#0916-d159 @A: 25 27 07 31 | 05
#0917-d159 @A: 01 25 32 26 | 08
#0918-d159 @A: 06 25 01 29 | 07
#0919-d159 @A: 22 01 25 34 | 09
#0920-d159 @A: 25 22 32 04 | 03
#0921-d159 @A: 07 15 29 25 | 06
#0922-d159 @A: 24 26 02 25 | 11
#0923-d159 @A: 06 02 23 25 | 02
#0924-d159 @A: 15 25 26 20 | 01
#0925-d159 @A: 34 28 25 04 | 10
#0926-d159 @A: 12 10 35 01 | 12
#0927-d159 @A: 32 35 12 04 | 04
#0928-d159 @A: 12 05 30 31 | 05
#0929-d159 @A: 11 10 31 12 | 08
#0930-d159 @A: 23 05 01 12 | 07
#0931-d159 @A: 29 06 12 05 | 09
#0932-d159 @A: 29 12 27 18 | 03
#0933-d159 @A: 12 09 28 15 | 06
#0934-d159 @A: 12 08 24 34 | 11
#0935-d159 @A: 15 12 34 20 | 02
#0936-d159 @A: 26 06 12 04 | 01
#0937-d159 @A: 12 34 07 11 | 10
#0938-d159 @A: 14 31 04 35 | 12
#0939-d159 @A: 31 05 11 35 | 04
#0940-d159 @A: 35 22 01 18 | 05
#0941-d159 @A: 27 35 07 01 | 08
#0942-d159 @A: 16 24 34 35 | 07
#0943-d159 @A: 18 35 04 03 | 09
#0944-d159 @A: 35 08 07 34 | 03
#0945-d159 @A: 23 15 35 11 | 06
#0946-d159 @A: 05 27 31 01 | 11
#0947-d159 @A: 15 01 31 18 | 02
#0948-d159 @A: 31 27 34 01 | 01
#0949-d159 @A: 31 07 15 02 | 10
#0950-d159 @A: 16 01 32 08 | 12
#0951-d159 @A: 08 01 29 02 | 04
#0952-d159 @A: 11 14 24 01 | 05
#0953-d159 @A: 01 28 09 02 | 08
#0954-d159 @A: 16 01 27 09 | 07
#0955-d159 @A: 24 01 06 30 | 09
#0956-d159 @A: 01 04 03 08 | 03
#0957-d159 @A: 01 10 15 04 | 06
#0958-d159 @A: 32 27 29 05 | 11
#0959-d159 @A: 26 20 29 32 | 02
#0960-d159 @A: 24 26 32 05 | 01
#0961-d159 @A: 23 24 22 32 | 10
#0962-d159 @A: 03 11 27 32 | 12
#0963-d159 @A: 24 26 14 29 | 04
#0964-d159 @A: 08 28 27 29 | 05
#0965-d159 @A: 03 29 02 26 | 08
#0966-d159 @A: 23 29 28 15 | 07
#0967-d159 @A: 27 03 15 29 | 09
#0968-d159 @A: 28 29 06 20 | 03
#0969-d159 @A: 29 03 20 04 | 06
#0970-d159 @A: 34 03 27 29 | 11
#0971-d159 @A: 09 24 08 18 | 02
#0972-d159 @A: 09 03 05 28 | 01
#0973-d159 @A: 09 04 27 02 | 10
#0974-d159 @A: 23 15 09 04 | 12
#0975-d159 @A: 06 09 30 15 | 04
#0976-d159 @A: 03 10 18 24 | 05
#0977-d159 @A: 02 10 16 24 | 08
#0978-d159 @A: 24 28 22 07 | 07
#0979-d159 @A: 06 05 26 02 | 09
#0980-d159 @A: 28 02 05 04 | 03
#0981-d159 @A: 05 23 28 11 | 06
#0982-d159 @A: 05 10 11 20 | 11
#0983-d159 @A: 30 28 16 05 | 02
#0984-d159 @A: 34 27 04 05 | 01
#0985-d159 @A: 23 18 15 08 | 10
#0986-d159 @A: 18 23 26 02 | 12
#0987-d159 @A: 03 06 07 18 | 04
#0988-d159 @A: 08 02 11 10 | 05
#0989-d159 @A: 23 27 08 03 | 08
#0990-d159 @A: 23 10 28 08 | 07
#0991-d159 @A: 19 23 27 33 | 09
#0992-d159 @A: 13 33 25 15 | 03
#0993-d159 @A: 09 33 13 04 | 06
#0994-d159 @A: 28 13 03 33 | 11
#0995-d159 @A: 23 17 33 35 | 02
#0996-d159 @A: 33 24 21 12 | 01
#0997-d159 @A: 32 22 33 21 | 10
#0998-d159 @A: 33 32 20 25 | 12
#0999-d159 @A: 14 33 12 30 | 04
#1000-d159 @A: 15 12 04 33 | 05
#1001-d159 @A: 33 35 18 27 | 08
#1002-d159 @A: 27 33 31 32 | 07
#1003-d159 @A: 15 31 33 24 | 09
#1004-d159 @A: 33 11 31 04 | 03
#1005-d159 @A: 05 30 32 33 | 06
#1006-d159 @A: 33 32 07 03 | 11
#1007-d159 @A: 33 02 15 23 | 02
#1008-d159 @A: 22 23 04 33 | 01
#1009-d159 @A: 16 22 33 30 | 10
#1010-d159 @A: 15 33 30 11 | 12
#1011-d159 @A: 27 12 19 17 | 04
#1012-d159 @A: 05 25 19 22 | 05
#1013-d159 @A: 19 34 25 18 | 08
#1014-d159 @A: 18 15 19 12 | 07
#1015-d159 @A: 19 14 35 07 | 09
#1016-d159 @A: 03 15 19 05 | 03
#1017-d159 @A: 11 07 22 19 | 06
#1018-d159 @A: 15 19 28 04 | 11
#1019-d159 @A: 30 19 06 10 | 02
#1020-d159 @A: 35 13 22 27 | 01
#1021-d159 @A: 13 06 31 01 | 10
#1022-d159 @A: 31 32 02 13 | 12
#1023-d159 @A: 32 04 24 13 | 04
#1024-d159 @A: 18 32 16 13 | 05
#1025-d159 @A: 13 22 24 29 | 08
#1026-d159 @A: 29 13 11 02 | 07
#1027-d159 @A: 26 13 14 34 | 09
#1028-d159 @A: 13 11 24 20 | 03
#1029-d159 @A: 13 02 26 20 | 06
#1030-d159 @A: 22 20 13 07 | 11
#1031-d159 @A: 27 13 23 30 | 02
#1032-d159 @A: 07 04 15 13 | 01
#1033-d159 @A: 13 04 11 30 | 10
#1034-d159 @A: 18 28 17 35 | 12
#1035-d159 @A: 17 34 11 31 | 04
#1036-d159 @A: 23 20 30 17 | 05
#1037-d159 @A: 17 15 20 06 | 08
#1038-d159 @A: 17 20 11 28 | 07
#1039-d159 @A: 06 17 28 34 | 09
#1040-d159 @A: 21 09 12 31 | 03
#1041-d159 @A: 35 15 34 21 | 06
#1042-d159 @A: 01 28 32 21 | 11
#1043-d159 @A: 32 21 23 08 | 02
#1044-d159 @A: 10 08 29 21 | 01
#1045-d159 @A: 08 20 14 21 | 10
#1046-d159 @A: 16 21 02 04 | 12
#1047-d159 @A: 10 21 20 22 | 04
#1048-d159 @A: 06 30 21 23 | 05
#1049-d159 @A: 21 04 03 23 | 08
#1050-d159 @A: 35 14 06 25 | 07
#1051-d159 @A: 25 02 18 35 | 09
#1052-d159 @A: 16 25 31 29 | 03
#1053-d159 @A: 09 25 31 28 | 06
#1054-d159 @A: 25 09 01 03 | 11
#1055-d159 @A: 14 07 05 25 | 02
#1056-d159 @A: 11 09 25 05 | 01
#1057-d159 @A: 08 25 27 09 | 10
#1058-d159 @A: 24 25 18 28 | 12
#1059-d159 @A: 20 34 25 08 | 04
#1060-d159 @A: 10 27 23 25 | 05
#1061-d159 @A: 26 12 01 24 | 08
#1062-d159 @A: 10 12 23 32 | 07
#1063-d159 @A: 07 29 12 14 | 09
#1064-d159 @A: 29 12 30 03 | 03
#1065-d159 @A: 10 14 12 18 | 06
#1066-d159 @A: 05 26 28 12 | 11
#1067-d159 @A: 02 28 22 12 | 02
#1068-d159 @A: 22 20 12 27 | 01
#1069-d159 @A: 20 23 12 28 | 10
#1070-d159 @A: 31 35 03 29 | 12
#1071-d159 @A: 35 30 18 31 | 04
#1072-d159 @A: 29 32 35 15 | 05
#1073-d159 @A: 05 35 15 18 | 08
#1074-d159 @A: 35 04 23 34 | 07
#1075-d159 @A: 15 07 10 35 | 09
#1076-d159 @A: 20 04 28 35 | 03
#1077-d159 @A: 35 03 34 11 | 06
#1078-d159 @A: 16 35 27 10 | 11
#1079-d159 @A: 30 31 11 01 | 02
#1080-d159 @A: 32 04 31 07 | 01
#1081-d159 @A: 10 05 24 31 | 10
#1082-d159 @A: 34 04 08 31 | 12
#1083-d159 @A: 31 11 03 02 | 04
#1084-d159 @A: 22 28 31 27 | 05
#1085-d159 @A: 30 34 16 31 | 08
#1086-d159 @A: 09 08 01 20 | 07
#1087-d159 @A: 02 26 16 01 | 09
#1088-d159 @A: 23 01 10 30 | 03
#1089-d159 @A: 01 03 30 27 | 06
#1090-d159 @A: 04 34 11 01 | 11
#1091-d159 @A: 30 34 01 28 | 02
#1092-d159 @A: 02 09 08 32 | 01
#1093-d159 @A: 07 32 08 05 | 10
#1094-d159 @A: 06 16 02 32 | 12
#1095-d159 @A: 30 22 32 15 | 04
#1096-d159 @A: 18 09 20 29 | 05
#1097-d159 @A: 05 16 29 24 | 08
#1098-d159 @A: 15 29 08 05 | 07
#1099-d159 @A: 10 03 29 28 | 09
#1100-d159 @A: 08 14 03 24 | 03
#1101-d159 @A: 16 14 18 05 | 06
#1102-d159 @A: 14 18 34 15 | 11
#1103-d159 @A: 14 23 16 26 | 02
#1104-d159 @A: 14 28 27 26 | 01
#1105-d159 @A: 03 06 14 30 | 10
#1106-d159 @A: 06 14 27 11 | 12
#1107-d159 @A: 16 11 14 28 | 04
#1108-d159 @A: 06 34 24 09 | 05
#1109-d159 @A: 09 04 16 05 | 08
#1110-d159 @A: 22 03 16 09 | 07
#1111-d159 @A: 23 09 06 03 | 09
#1112-d159 @A: 24 20 07 02 | 03
#1113-d159 @A: 24 15 34 07 | 06
#1114-d159 @A: 20 34 27 24 | 11
#1115-d159 @A: 28 27 24 10 | 02
#1116-d159 @A: 05 02 11 15 | 01
#1117-d159 @A: 06 34 05 23 | 10
#1118-d159 @A: 03 16 26 05 | 12
#1119-d159 @A: 18 10 02 28 | 04
#1120-d159 @A: 11 10 27 18 | 05
#1121-d159 @A: 08 16 04 22 | 08
#1122-d159 @A: 22 11 27 08 | 07
#1123-d159 @A: 26 23 06 08 | 09
#1124-d159 @A: 08 27 26 16 | 03
#1125-d159 @A: 30 07 08 06 | 06
#1126-d159 @A: 28 08 30 11 | 11
#1127-d159 @A: 19 33 21 07 | 02
#1128-d159 @A: 19 35 33 03 | 01
#1129-d159 @A: 14 19 33 11 | 10
#1130-d159 @A: 28 19 24 33 | 12
#1131-d159 @A: 07 13 31 33 | 04
#1132-d159 @A: 32 14 13 33 | 05
#1133-d159 @A: 12 17 33 16 | 08
#1134-d159 @A: 10 17 31 33 | 07
#1135-d159 @A: 33 25 05 12 | 09
#1136-d159 @A: 07 33 25 34 | 03
#1137-d159 @A: 07 29 24 33 | 06
#1138-d159 @A: 26 29 33 06 | 11
#1139-d159 @A: 03 08 09 33 | 02
#1140-d159 @A: 33 07 05 28 | 01
#1141-d159 @A: 33 02 22 08 | 10
#1142-d159 @A: 06 02 33 20 | 12
#1143-d159 @A: 04 02 33 03 | 04
#1144-d159 @A: 23 33 20 26 | 05
#1145-d159 @A: 33 15 26 27 | 08
#1146-d159 @A: 19 17 11 18 | 07
#1147-d159 @A: 27 21 19 05 | 09
#1148-d159 @A: 08 25 19 23 | 03
#1149-d159 @A: 19 18 28 31 | 06
#1150-d159 @A: 02 19 14 29 | 11
#1151-d159 @A: 06 19 07 16 | 02
#1152-d159 @A: 10 13 32 17 | 01
#1153-d159 @A: 14 13 29 25 | 10
#1154-d159 @A: 13 30 24 25 | 12
#1155-d159 @A: 12 22 31 13 | 04
#1156-d159 @A: 13 32 26 22 | 05
#1157-d159 @A: 05 09 15 13 | 08
#1158-d159 @A: 11 34 13 05 | 07
#1159-d159 @A: 08 13 34 18 | 09
#1160-d159 @A: 16 23 02 13 | 03
#1161-d159 @A: 10 26 13 15 | 06
#1162-d159 @A: 20 13 30 15 | 11
#1163-d159 @A: 03 13 16 20 | 02
#1164-d159 @A: 17 20 21 25 | 01
#1165-d159 @A: 03 25 17 18 | 10
#1166-d159 @A: 26 25 34 17 | 12
#1167-d159 @A: 17 08 23 01 | 04
#1168-d159 @A: 29 18 17 06 | 05
#1169-d159 @A: 30 11 17 02 | 08
#1170-d159 @A: 15 17 30 27 | 07
#1171-d159 @A: 03 34 07 17 | 09
#1172-d159 @A: 16 04 17 30 | 03
#1173-d159 @A: 14 04 25 21 | 06
#1174-d159 @A: 03 21 25 27 | 11
#1175-d159 @A: 21 26 29 12 | 02
#1176-d159 @A: 18 35 21 11 | 01
#1177-d159 @A: 35 21 04 08 | 10
#1178-d159 @A: 24 21 07 31 | 12
#1179-d159 @A: 08 21 31 27 | 04
#1180-d159 @A: 21 09 07 01 | 05
#1181-d159 @A: 21 01 04 26 | 08
#1182-d159 @A: 07 14 21 32 | 07
#1183-d159 @A: 21 14 22 05 | 09
#1184-d159 @A: 14 18 21 28 | 03
#1185-d159 @A: 21 05 02 34 | 06
#1186-d159 @A: 18 21 26 15 | 11
#1187-d159 @A: 21 34 11 04 | 02
#1188-d159 @A: 25 12 35 22 | 01
#1189-d159 @A: 12 10 08 25 | 10
#1190-d159 @A: 25 27 29 35 | 12
#1191-d159 @A: 05 35 25 10 | 04
#1192-d159 @A: 10 34 25 31 | 05
#1193-d159 @A: 18 25 04 29 | 08
#1194-d159 @A: 07 22 23 25 | 07
#1195-d159 @A: 03 05 12 35 | 09
#1196-d159 @A: 12 30 35 15 | 03
#1197-d159 @A: 14 34 12 01 | 06
#1198-d159 @A: 24 23 12 09 | 11
#1199-d159 @A: 22 07 12 30 | 02
#1200-d159 @A: 26 23 12 30 | 01
#1201-d159 @A: 16 12 15 11 | 10
#1202-d159 @A: 16 12 30 20 | 12
#1203-d159 @A: 12 06 28 16 | 04
#1204-d159 @A: 28 12 03 07 | 05
#1205-d159 @A: 27 12 07 10 | 08
#1206-d159 @A: 32 31 35 20 | 07
#1207-d159 @A: 24 31 35 27 | 09
#1208-d159 @A: 35 18 29 26 | 03
#1209-d159 @A: 16 09 35 15 | 06
#1210-d159 @A: 35 34 09 07 | 11
#1211-d159 @A: 05 07 35 22 | 02
#1212-d159 @A: 35 05 34 22 | 01
#1213-d159 @A: 15 04 02 35 | 10
#1214-d159 @A: 26 04 23 35 | 12
#1215-d159 @A: 27 06 35 03 | 04
#1216-d159 @A: 11 10 04 35 | 05
#1217-d159 @A: 01 31 32 09 | 08
#1218-d159 @A: 18 03 31 32 | 07
#1219-d159 @A: 31 26 32 23 | 09
#1220-d159 @A: 29 31 15 06 | 03
#1221-d159 @A: 18 04 31 09 | 06
#1222-d159 @A: 24 31 18 22 | 11
#1223-d159 @A: 31 23 06 04 | 02
#1224-d159 @A: 27 23 31 11 | 01
#1225-d159 @A: 11 31 26 16 | 10
#1226-d159 @A: 34 18 32 01 | 12
#1227-d159 @A: 14 29 16 01 | 04
#1228-d159 @A: 02 01 10 06 | 05
#1229-d159 @A: 04 01 30 02 | 08
#1230-d159 @A: 03 26 01 23 | 07
#1231-d159 @A: 28 01 27 23 | 09
#1232-d159 @A: 26 28 06 01 | 03
#1233-d159 @A: 32 04 29 02 | 06
#1234-d159 @A: 05 06 32 09 | 11
#1235-d159 @A: 20 32 03 09 | 02
#1236-d159 @A: 05 34 32 24 | 01
#1237-d159 @A: 05 32 18 04 | 10
#1238-d159 @A: 04 22 32 34 | 12
#1239-d159 @A: 16 32 20 27 | 04
#1240-d159 @A: 24 29 02 18 | 05
#1241-d159 @A: 26 29 34 22 | 08
#1242-d159 @A: 29 22 16 27 | 07
#1243-d159 @A: 03 14 15 23 | 09
#1244-d159 @A: 05 08 26 09 | 03
#1245-d159 @A: 11 30 09 27 | 06
#1246-d159 @A: 23 24 03 28 | 11
#1247-d159 @A: 30 28 24 15 | 02
#1248-d159 @A: 06 03 20 24 | 01
#1249-d159 @A: 27 03 04 05 | 10
#1250-d159 @A: 18 03 22 23 | 12
#1251-d159 @A: 15 11 18 28 | 04
#1252-d159 @A: 06 04 18 10 | 05
#1253-d159 @A: 07 02 27 08 | 08
#1254-d159 @A: 23 30 22 08 | 07
#1255-d159 @A: 20 08 15 28 | 09
#1256-d159 @A: 08 20 10 27 | 03
#1257-d159 @A: 10 28 34 22 | 06
#1258-d159 @A: 34 11 26 28 | 11
#1259-d159 @A: 03 34 04 20 | 02
#1260-d159 @A: 06 25 21 33 | 01
#1261-d159 @A: 21 15 09 33 | 10
#1262-d159 @A: 02 33 25 29 | 12
#1263-d159 @A: 25 16 18 33 | 04
#1264-d159 @A: 01 27 33 12 | 05
#1265-d159 @A: 29 12 33 34 | 08
#1266-d159 @A: 09 33 20 12 | 07
#1267-d159 @A: 26 14 33 35 | 09
#1268-d159 @A: 11 33 24 35 | 03
#1269-d159 @A: 01 33 10 09 | 06
#1270-d159 @A: 08 32 33 26 | 11
#1271-d159 @A: 16 33 08 29 | 02
#1272-d159 @A: 14 09 06 33 | 01
#1273-d159 @A: 28 14 04 33 | 10
#1274-d159 @A: 18 33 24 34 | 12
#1275-d159 @A: 33 24 06 23 | 04
#1276-d159 @A: 33 02 11 26 | 05
#1277-d159 @A: 10 33 15 22 | 08
#1278-d159 @A: 04 30 06 33 | 07
#1279-d159 @A: 20 19 09 13 | 09
#1280-d159 @A: 10 13 08 19 | 03
#1281-d159 @A: 19 30 21 34 | 06
#1282-d159 @A: 03 25 19 26 | 11
#1283-d159 @A: 12 28 19 35 | 02
#1284-d159 @A: 19 12 23 14 | 01
#1285-d159 @A: 29 34 19 35 | 10
#1286-d159 @A: 09 32 30 19 | 12
#1287-d159 @A: 03 34 19 14 | 04
#1288-d159 @A: 18 09 16 19 | 05
#1289-d159 @A: 19 24 16 23 | 08
#1290-d159 @A: 19 02 03 20 | 07
#1291-d159 @A: 17 21 13 09 | 09
#1292-d159 @A: 17 05 13 26 | 03
#1293-d159 @A: 21 26 13 35 | 06
#1294-d159 @A: 21 20 31 13 | 11
#1295-d159 @A: 13 21 10 02 | 02
#1296-d159 @A: 13 07 35 25 | 01
#1297-d159 @A: 12 28 13 18 | 10
#1298-d159 @A: 13 10 30 12 | 12
#1299-d159 @A: 13 08 31 30 | 04
#1300-d159 @A: 03 13 08 32 | 05
#1301-d159 @A: 24 18 15 13 | 08
#1302-d159 @A: 23 07 13 18 | 07
#1303-d159 @A: 02 15 13 28 | 09
#1304-d159 @A: 30 13 22 03 | 03
#1305-d159 @A: 04 03 26 13 | 06
#1306-d159 @A: 13 11 16 27 | 11
#1307-d159 @A: 17 21 04 31 | 02
#1308-d159 @A: 25 17 09 06 | 01
#1309-d159 @A: 12 01 17 20 | 10
#1310-d159 @A: 17 14 03 12 | 12
#1311-d159 @A: 35 17 22 30 | 04
#1312-d159 @A: 06 35 17 16 | 05
#1313-d159 @A: 16 17 31 09 | 08
#1314-d159 @A: 06 32 01 17 | 07
#1315-d159 @A: 27 01 17 11 | 09
#1316-d159 @A: 20 07 17 32 | 03
#1317-d159 @A: 17 34 29 15 | 06
#1318-d159 @A: 09 17 03 30 | 11
#1319-d159 @A: 20 17 24 18 | 02
#1320-d159 @A: 34 30 18 17 | 01
#1321-d159 @A: 17 26 22 06 | 10
#1322-d159 @A: 27 07 22 17 | 12
#1323-d159 @A: 17 27 04 10 | 04
#1324-d159 @A: 09 21 10 25 | 05
#1325-d159 @A: 06 34 21 12 | 08
#1326-d159 @A: 11 09 14 21 | 07
#1327-d159 @A: 24 21 05 11 | 09
#1328-d159 @A: 30 08 21 24 | 03
#1329-d159 @A: 21 06 05 18 | 06
#1330-d159 @A: 21 10 15 23 | 11
#1331-d159 @A: 21 07 11 03 | 02
#1332-d159 @A: 16 21 27 07 | 01
#1333-d159 @A: 28 21 27 11 | 10
#1334-d159 @A: 25 35 20 09 | 12
#1335-d159 @A: 05 31 25 32 | 04
#1336-d159 @A: 25 01 16 05 | 05
#1337-d159 @A: 25 18 27 01 | 08
#1338-d159 @A: 32 08 06 25 | 07
#1339-d159 @A: 25 32 15 34 | 09
#1340-d159 @A: 30 25 29 09 | 03
#1341-d159 @A: 05 04 15 25 | 06
#1342-d159 @A: 34 30 25 23 | 11
#1343-d159 @A: 25 06 03 10 | 02
#1344-d159 @A: 14 12 02 09 | 01
#1345-d159 @A: 24 11 30 12 | 10
#1346-d159 @A: 23 12 22 11 | 12
#1347-d159 @A: 12 23 06 07 | 04
#1348-d159 @A: 10 20 12 03 | 05
#1349-d159 @A: 20 29 35 01 | 08
#1350-d159 @A: 05 35 27 14 | 07
#1351-d159 @A: 35 08 14 18 | 09
#1352-d159 @A: 23 30 24 35 | 03
#1353-d159 @A: 28 08 05 35 | 06
#1354-d159 @A: 23 35 22 10 | 11
#1355-d159 @A: 30 35 26 16 | 02
#1356-d159 @A: 20 35 10 06 | 01
#1357-d159 @A: 06 35 11 30 | 10
#1358-d159 @A: 30 04 35 27 | 12
#1359-d159 @A: 01 31 14 07 | 04
#1360-d159 @A: 22 29 09 31 | 05
#1361-d159 @A: 29 34 31 05 | 08
#1362-d159 @A: 31 09 20 24 | 07
#1363-d159 @A: 08 09 31 06 | 09
#1364-d159 @A: 15 27 09 31 | 03
#1365-d159 @A: 08 31 28 16 | 06
#1366-d159 @A: 31 22 30 02 | 11
#1367-d159 @A: 31 22 23 34 | 02
#1368-d159 @A: 16 31 23 15 | 01
#1369-d159 @A: 04 31 10 28 | 10
#1370-d159 @A: 08 26 14 01 | 12
#1371-d159 @A: 22 09 01 30 | 04
#1372-d159 @A: 18 01 04 23 | 05
#1373-d159 @A: 23 01 22 02 | 08
#1374-d159 @A: 01 02 03 07 | 07
#1375-d159 @A: 23 11 20 01 | 09
#1376-d159 @A: 15 01 27 20 | 03
#1377-d159 @A: 34 26 16 01 | 06
#1378-d159 @A: 11 29 32 08 | 11
#1379-d159 @A: 23 02 03 32 | 02
#1380-d159 @A: 14 34 29 04 | 01
#1381-d159 @A: 03 23 29 05 | 10
#1382-d159 @A: 29 02 28 30 | 12
#1383-d159 @A: 30 29 07 04 | 04
#1384-d159 @A: 14 08 07 11 | 05
#1385-d159 @A: 23 30 28 14 | 08
#1386-d159 @A: 20 14 26 06 | 07
#1387-d159 @A: 10 24 07 09 | 09
#1388-d159 @A: 23 34 26 09 | 03
#1389-d159 @A: 07 09 26 15 | 06
#1390-d159 @A: 04 10 26 09 | 11
#1391-d159 @A: 16 11 09 20 | 02
#1392-d159 @A: 15 24 06 04 | 01
#1393-d159 @A: 24 30 20 10 | 10
#1394-d159 @A: 06 07 27 24 | 12
#1395-d159 @A: 15 05 23 20 | 04
#1396-d159 @A: 27 05 26 10 | 05
#1397-d159 @A: 02 08 16 18 | 08
#1398-d159 @A: 26 04 18 08 | 07
#1399-d159 @A: 18 02 15 06 | 09
#1400-d159 @A: 03 16 30 18 | 03
#1401-d159 @A: 34 27 28 18 | 06
#1402-d159 @A: 23 20 02 08 | 11
#1403-d159 @A: 02 06 08 04 | 02
#1404-d159 @A: 30 10 04 08 | 01
#1405-d159 @A: 19 33 09 26 | 10
#1406-d159 @A: 19 33 18 10 | 12
#1407-d159 @A: 08 04 19 33 | 04
#1408-d159 @A: 12 33 23 03 | 05
#1409-d159 @A: 20 33 07 35 | 08
#1410-d159 @A: 33 09 23 31 | 07
#1411-d159 @A: 27 33 14 29 | 09
#1412-d159 @A: 03 33 06 15 | 03
#1413-d159 @A: 11 03 33 16 | 06
#1414-d159 @A: 27 07 33 04 | 11
#1415-d159 @A: 30 33 27 34 | 02
#1416-d159 @A: 11 33 10 28 | 01
#1417-d159 @A: 19 28 05 13 | 10
#1418-d159 @A: 26 19 17 29 | 12
#1419-d159 @A: 15 21 19 29 | 04
#1420-d159 @A: 25 32 27 19 | 05
#1421-d159 @A: 12 05 32 19 | 08
#1422-d159 @A: 12 34 02 19 | 07
#1423-d159 @A: 06 35 19 31 | 09
#1424-d159 @A: 23 35 18 19 | 03
#1425-d159 @A: 31 14 19 20 | 06
#1426-d159 @A: 30 01 15 19 | 11
#1427-d159 @A: 19 06 32 18 | 02
#1428-d159 @A: 19 09 27 03 | 01
#1429-d159 @A: 19 24 08 26 | 10
#1430-d159 @A: 34 24 10 19 | 12
#1431-d159 @A: 23 19 02 04 | 04
#1432-d159 @A: 19 26 22 04 | 05
#1433-d159 @A: 22 19 10 03 | 08
#1434-d159 @A: 19 23 20 07 | 07
#1435-d159 @A: 16 11 19 04 | 09
#1436-d159 @A: 07 12 13 17 | 03
#1437-d159 @A: 34 17 01 13 | 06
#1438-d159 @A: 24 23 21 13 | 11
#1439-d159 @A: 35 34 25 13 | 02
#1440-d159 @A: 13 25 06 05 | 01
#1441-d159 @A: 25 13 18 10 | 10
#1442-d159 @A: 09 35 24 13 | 12
#1443-d159 @A: 13 22 18 14 | 04
#1444-d159 @A: 13 02 27 14 | 05
#1445-d159 @A: 05 11 13 18 | 08
#1446-d159 @A: 07 13 11 10 | 07
#1447-d159 @A: 17 15 24 21 | 09
#1448-d159 @A: 17 07 09 35 | 03
#1449-d159 @A: 04 14 01 17 | 06
#1450-d159 @A: 16 17 05 08 | 11
#1451-d159 @A: 08 23 34 17 | 02
#1452-d159 @A: 23 28 02 17 | 01
#1453-d159 @A: 06 17 02 03 | 10
#1454-d159 @A: 17 10 23 26 | 12
#1455-d159 @A: 15 04 17 03 | 04
#1456-d159 @A: 25 24 29 21 | 05
#1457-d159 @A: 29 21 34 25 | 08
#1458-d159 @A: 35 21 23 28 | 07
#1459-d159 @A: 31 21 05 28 | 09
#1460-d159 @A: 21 01 24 10 | 03
#1461-d159 @A: 01 21 15 05 | 06
#1462-d159 @A: 02 20 01 21 | 11
#1463-d159 @A: 09 05 21 29 | 02
#1464-d159 @A: 21 27 23 14 | 01
#1465-d159 @A: 14 06 21 10 | 10
#1466-d159 @A: 27 20 21 09 | 12
#1467-d159 @A: 06 02 24 21 | 04
#1468-d159 @A: 18 03 34 21 | 05
#1469-d159 @A: 04 22 21 27 | 08
#1470-d159 @A: 07 26 23 21 | 07
#1471-d159 @A: 20 04 21 30 | 09
#1472-d159 @A: 07 25 01 12 | 03
#1473-d159 @A: 25 04 31 01 | 06
#1474-d159 @A: 31 18 11 25 | 11
#1475-d159 @A: 31 25 10 22 | 02
#1476-d159 @A: 25 02 10 32 | 01
#1477-d159 @A: 14 25 27 15 | 10
#1478-d159 @A: 05 25 26 23 | 12
#1479-d159 @A: 20 23 04 25 | 04
#1480-d159 @A: 30 26 25 04 | 05
#1481-d159 @A: 28 20 27 25 | 08
#1482-d159 @A: 20 07 25 10 | 07
#1483-d159 @A: 18 35 16 12 | 09
#1484-d159 @A: 08 12 32 18 | 03
#1485-d159 @A: 24 04 18 12 | 06
#1486-d159 @A: 14 35 18 34 | 11
#1487-d159 @A: 35 06 09 26 | 02
#1488-d159 @A: 03 35 02 22 | 01
#1489-d159 @A: 35 27 23 02 | 10
#1490-d159 @A: 23 07 35 03 | 12
#1491-d159 @A: 15 28 35 27 | 04
#1492-d159 @A: 35 28 10 26 | 05
#1493-d159 @A: 31 28 34 32 | 08
#1494-d159 @A: 14 05 31 26 | 07
#1495-d159 @A: 31 23 14 08 | 09
#1496-d159 @A: 03 05 31 06 | 03
#1497-d159 @A: 10 02 31 23 | 06
#1498-d159 @A: 31 28 26 15 | 11
#1499-d159 @A: 20 31 11 07 | 02
#1500-d159 @A: 06 11 31 28 | 01
#1501-d159 @A: 27 16 31 30 | 10
#1502-d159 @A: 18 32 10 01 | 12
#1503-d159 @A: 28 01 24 08 | 04
#1504-d159 @A: 06 01 34 02 | 05
#1505-d159 @A: 01 15 16 03 | 08
#1506-d159 @A: 28 20 03 01 | 07
#1507-d159 @A: 30 01 28 07 | 09
#1508-d159 @A: 32 29 10 24 | 03
#1509-d159 @A: 14 32 16 04 | 06
#1510-d159 @A: 02 32 26 15 | 11
#1511-d159 @A: 28 16 32 22 | 02
#1512-d159 @A: 14 09 29 28 | 01
#1513-d159 @A: 07 26 05 29 | 10
#1514-d159 @A: 08 06 34 29 | 12
#1515-d159 @A: 02 16 29 20 | 04
#1516-d159 @A: 29 15 22 04 | 05
#1517-d159 @A: 22 29 03 11 | 08
#1518-d159 @A: 15 26 16 29 | 07
#1519-d159 @A: 26 04 28 29 | 09
#1520-d159 @A: 29 06 30 27 | 03
#1521-d159 @A: 04 30 09 14 | 06
#1522-d159 @A: 02 14 24 23 | 11
#1523-d159 @A: 14 22 28 03 | 02
#1524-d159 @A: 04 11 23 14 | 01
#1525-d159 @A: 14 34 30 10 | 10
#1526-d159 @A: 08 09 23 07 | 12
#1527-d159 @A: 23 02 09 30 | 04
#1528-d159 @A: 09 02 07 16 | 05
#1529-d159 @A: 11 15 22 09 | 08
#1530-d159 @A: 22 09 34 20 | 07
#1531-d159 @A: 09 26 03 11 | 09
#1532-d159 @A: 04 07 03 09 | 03
#1533-d159 @A: 22 24 04 30 | 06
#1534-d159 @A: 26 24 04 07 | 11
#1535-d159 @A: 02 30 05 08 | 02
#1536-d159 @A: 05 11 26 22 | 01
#1537-d159 @A: 04 20 05 26 | 10
#1538-d159 @A: 34 06 07 05 | 12
#1539-d159 @A: 20 30 08 18 | 04
#1540-d159 @A: 02 18 34 22 | 05
#1541-d159 @A: 18 20 03 15 | 08
#1542-d159 @A: 18 26 07 27 | 07
#1543-d159 @A: 34 06 16 18 | 09
#1544-d159 @A: 08 02 34 27 | 03
#1545-d159 @A: 08 30 03 26 | 06
#1546-d159 @A: 29 32 33 19 | 11
#1547-d159 @A: 33 32 17 28 | 02
#1548-d159 @A: 21 34 33 14 | 01
#1549-d159 @A: 33 21 26 05 | 10
#1550-d159 @A: 25 33 03 14 | 12
#1551-d159 @A: 30 35 29 33 | 04
#1552-d159 @A: 34 33 26 35 | 05
#1553-d159 @A: 33 31 01 20 | 08
#1554-d159 @A: 33 34 03 31 | 07
#1555-d159 @A: 33 08 06 01 | 09
#1556-d159 @A: 32 09 16 33 | 03
#1557-d159 @A: 08 14 10 33 | 06
#1558-d159 @A: 18 28 09 33 | 11
#1559-d159 @A: 10 33 06 05 | 02
#1560-d159 @A: 02 30 18 33 | 01
#1561-d159 @A: 03 33 22 27 | 10
#1562-d159 @A: 33 15 16 07 | 12
#1563-d159 @A: 19 17 13 02 | 04
#1564-d159 @A: 19 34 04 13 | 05
#1565-d159 @A: 16 17 03 19 | 08
#1566-d159 @A: 25 12 19 06 | 07
#1567-d159 @A: 10 35 32 19 | 09
#1568-d159 @A: 19 16 29 35 | 03
#1569-d159 @A: 04 09 35 19 | 06
#1570-d159 @A: 08 19 35 20 | 11
#1571-d159 @A: 09 01 19 05 | 02
#1572-d159 @A: 22 19 29 28 | 01
#1573-d159 @A: 27 19 08 14 | 10
#1574-d159 @A: 05 16 34 19 | 12
#1575-d159 @A: 34 11 08 19 | 04
#1576-d159 @A: 19 03 23 30 | 05
#1577-d159 @A: 27 19 15 07 | 08
#1578-d159 @A: 27 26 34 19 | 07
#1579-d159 @A: 13 17 35 03 | 09
#1580-d159 @A: 08 18 17 13 | 03
#1581-d159 @A: 01 14 13 21 | 06
#1582-d159 @A: 20 01 25 13 | 11
#1583-d159 @A: 30 35 13 28 | 02
#1584-d159 @A: 09 32 13 27 | 01
#1585-d159 @A: 13 27 05 24 | 10
#1586-d159 @A: 02 30 07 13 | 12
#1587-d159 @A: 16 06 13 04 | 04
#1588-d159 @A: 07 03 13 27 | 05
#1589-d159 @A: 21 18 17 16 | 08
#1590-d159 @A: 17 25 15 12 | 07
#1591-d159 @A: 25 01 17 10 | 09
#1592-d159 @A: 12 17 31 35 | 03
#1593-d159 @A: 34 35 32 17 | 06
#1594-d159 @A: 20 17 35 02 | 11
#1595-d159 @A: 27 17 31 18 | 02
#1596-d159 @A: 07 31 06 17 | 01
#1597-d159 @A: 01 17 18 26 | 10
#1598-d159 @A: 08 32 17 04 | 12
#1599-d159 @A: 14 17 30 18 | 04
#1600-d159 @A: 14 22 17 20 | 05
#1601-d159 @A: 09 10 08 17 | 08
#1602-d159 @A: 05 07 18 17 | 07
#1603-d159 @A: 17 15 22 34 | 09
#1604-d159 @A: 07 17 30 26 | 03
#1605-d159 @A: 02 12 08 21 | 06
#1606-d159 @A: 21 29 22 35 | 11
#1607-d159 @A: 35 21 09 03 | 02
#1608-d159 @A: 30 07 21 35 | 01
#1609-d159 @A: 21 03 01 31 | 10
#1610-d159 @A: 32 21 29 16 | 12
#1611-d159 @A: 04 09 32 21 | 04
#1612-d159 @A: 21 24 32 03 | 05
#1613-d159 @A: 34 32 21 27 | 08
#1614-d159 @A: 24 21 27 18 | 07
#1615-d159 @A: 10 03 21 26 | 09
#1616-d159 @A: 28 16 21 34 | 03
#1617-d159 @A: 10 27 21 30 | 06
#1618-d159 @A: 12 31 25 34 | 11
#1619-d159 @A: 25 31 35 23 | 02
#1620-d159 @A: 08 03 25 29 | 01
#1621-d159 @A: 10 25 29 26 | 10
#1622-d159 @A: 22 14 25 08 | 12
#1623-d159 @A: 05 08 18 25 | 04
#1624-d159 @A: 16 20 08 25 | 05
#1625-d159 @A: 25 27 06 22 | 08
#1626-d159 @A: 06 27 25 34 | 07
#1627-d159 @A: 12 31 24 02 | 09
#1628-d159 @A: 31 03 15 12 | 03
#1629-d159 @A: 07 26 12 31 | 06
#1630-d159 @A: 12 34 26 32 | 11
#1631-d159 @A: 12 29 09 16 | 02
#1632-d159 @A: 29 12 08 22 | 01
#1633-d159 @A: 11 14 05 12 | 10
#1634-d159 @A: 22 10 12 16 | 12
#1635-d159 @A: 16 23 34 12 | 04
#1636-d159 @A: 04 11 27 12 | 05
#1637-d159 @A: 07 08 35 31 | 08
#1638-d159 @A: 31 35 34 02 | 07
#1639-d159 @A: 35 05 02 32 | 09
#1640-d159 @A: 23 09 35 29 | 03
#1641-d159 @A: 35 06 18 24 | 06
#1642-d159 @A: 11 16 35 02 | 11
#1643-d159 @A: 22 06 04 35 | 02
#1644-d159 @A: 01 31 24 23 | 01
#1645-d159 @A: 32 31 08 10 | 10
#1646-d159 @A: 26 29 08 31 | 12
#1647-d159 @A: 31 23 07 28 | 04
#1648-d159 @A: 03 04 31 16 | 05
#1649-d159 @A: 27 02 24 01 | 08
#1650-d159 @A: 01 10 05 08 | 07
#1651-d159 @A: 26 01 10 07 | 09
#1652-d159 @A: 32 24 09 15 | 03
#1653-d159 @A: 05 22 32 03 | 06
#1654-d159 @A: 32 27 28 18 | 11
#1655-d159 @A: 26 32 27 04 | 02
#1656-d159 @A: 34 09 28 29 | 01
#1657-d159 @A: 23 24 08 29 | 10
#1658-d159 @A: 29 05 10 18 | 12
#1659-d159 @A: 11 05 04 29 | 04
#1660-d159 @A: 02 27 10 29 | 05
#1661-d159 @A: 26 23 22 29 | 08
#1662-d159 @A: 29 20 22 30 | 07
#1663-d159 @A: 29 07 22 10 | 09
#1664-d159 @A: 18 14 27 09 | 03
#1665-d159 @A: 04 05 08 14 | 06
#1666-d159 @A: 34 05 14 08 | 11
#1667-d159 @A: 26 14 04 15 | 02
#1668-d159 @A: 30 14 27 07 | 01
#1669-d159 @A: 09 07 11 18 | 10
#1670-d159 @A: 20 09 11 34 | 12
#1671-d159 @A: 09 20 07 30 | 04
#1672-d159 @A: 10 34 09 16 | 05
#1673-d159 @A: 20 16 15 24 | 08
#1674-d159 @A: 34 04 26 24 | 07
#1675-d159 @A: 16 30 24 07 | 09
#1676-d159 @A: 34 20 05 18 | 03
#1677-d159 @A: 06 05 22 30 | 06
#1678-d159 @A: 26 15 05 30 | 11
#1679-d159 @A: 05 34 26 30 | 02
#1680-d159 @A: 03 11 18 08 | 01
#1681-d159 @A: 02 18 03 27 | 10
#1682-d159 @A: 04 02 18 07 | 12
#1683-d159 @A: 27 22 18 15 | 04
#1684-d159 @A: 18 07 34 26 | 05
#1685-d159 @A: 10 18 34 11 | 08
#1686-d159 @A: 08 15 11 06 | 07
#1687-d159 @A: 16 15 08 30 | 09
#1688-d159 @A: 34 20 07 02 | 03
#1689-d159 @A: 27 15 34 23 | 06
