#0001-d160 @A: 20 14 24 09 | 08
#0002-d160 @A: 14 20 04 01 | 02
#0003-d160 @A: 20 14 21 25 | 01
#0004-d160 @A: 09 21 14 19 | 10
#0005-d160 @A: 14 25 11 09 | 04
#0006-d160 @A: 28 14 02 16 | 12
#0007-d160 @A: 28 18 14 22 | 03
#0008-d160 @A: 34 25 14 04 | 06
#0009-d160 @A: 14 34 29 35 | 11
#0010-d160 @A: 34 14 31 22 | 09
#0011-d160 @A: 25 14 10 16 | 07
#0012-d160 @A: 08 26 33 14 | 05
#0013-d160 @A: 02 14 26 13 | 08
#0014-d160 @A: 07 14 18 01 | 02
#0015-d160 @A: 33 30 14 07 | 01
#0016-d160 @A: 14 19 11 02 | 10
#0017-d160 @A: 25 22 14 19 | 04
#0018-d160 @A: 23 27 03 14 | 12
#0019-d160 @A: 27 12 13 14 | 03
#0020-d160 @A: 12 14 08 25 | 06
#0021-d160 @A: 24 14 06 10 | 11
#0022-d160 @A: 09 27 20 28 | 09
#0023-d160 @A: 20 18 09 29 | 07
#0024-d160 @A: 01 20 11 34 | 05
#0025-d160 @A: 26 20 18 15 | 08
#0026-d160 @A: 29 26 31 20 | 02
#0027-d160 @A: 20 06 26 27 | 01
#0028-d160 @A: 18 20 21 12 | 10
#0029-d160 @A: 31 22 20 18 | 04
#0030-d160 @A: 19 01 29 20 | 12
#0031-d160 @A: 20 31 21 03 | 03
#0032-d160 @A: 27 20 17 23 | 06
#0033-d160 @A: 20 29 15 03 | 11
#0034-d160 @A: 08 09 26 35 | 09
#0035-d160 @A: 09 31 15 26 | 07
#0036-d160 @A: 25 09 18 19 | 05
#0037-d160 @A: 18 27 08 09 | 08
#0038-d160 @A: 09 19 35 10 | 02
#0039-d160 @A: 09 32 13 21 | 01
#0040-d160 @A: 01 09 05 29 | 10
#0041-d160 @A: 05 12 17 09 | 04
#0042-d160 @A: 24 09 17 29 | 12
#0043-d160 @A: 12 08 02 09 | 03
#0044-d160 @A: 24 06 23 09 | 06
#0045-d160 @A: 31 23 28 16 | 11
#0046-d160 @A: 30 13 28 26 | 09
#0047-d160 @A: 18 11 10 28 | 07
#0048-d160 @A: 28 08 19 04 | 05
#0049-d160 @A: 30 04 28 15 | 08
#0050-d160 @A: 12 30 28 11 | 02
#0051-d160 @A: 01 25 28 32 | 01
#0052-d160 @A: 06 11 22 28 | 10
#0053-d160 @A: 28 29 02 11 | 04
#0054-d160 @A: 28 01 29 27 | 12
#0055-d160 @A: 02 28 10 27 | 03
#0056-d160 @A: 08 27 28 23 | 06
#0057-d160 @A: 13 12 28 23 | 11
#0058-d160 @A: 24 01 03 28 | 09
#0059-d160 @A: 03 13 28 10 | 07
#0060-d160 @A: 18 34 33 29 | 05
#0061-d160 @A: 07 34 33 15 | 08
#0062-d160 @A: 22 05 33 34 | 02
#0063-d160 @A: 12 30 34 08 | 01
#0064-d160 @A: 08 01 35 34 | 10
#0065-d160 @A: 34 24 15 35 | 04
#0066-d160 @A: 15 34 32 17 | 12
#0067-d160 @A: 34 06 27 07 | 03
#0068-d160 @A: 34 17 03 24 | 06
#0069-d160 @A: 18 16 19 23 | 11
#0070-d160 @A: 16 18 35 17 | 09
#0071-d160 @A: 16 18 29 32 | 07
#0072-d160 @A: 18 13 16 07 | 05
#0073-d160 @A: 30 12 29 16 | 08
#0074-d160 @A: 15 29 08 16 | 02
#0075-d160 @A: 08 16 06 10 | 01
#0076-d160 @A: 27 26 02 18 | 10
#0077-d160 @A: 26 03 33 11 | 04
#0078-d160 @A: 32 19 15 26 | 12
#0079-d160 @A: 26 29 10 22 | 03
#0080-d160 @A: 17 12 26 03 | 06
#0081-d160 @A: 10 33 32 18 | 11
#0082-d160 @A: 18 33 05 02 | 09
#0083-d160 @A: 06 04 18 15 | 07
#0084-d160 @A: 31 35 13 18 | 05
#0085-d160 @A: 18 07 12 05 | 08
#0086-d160 @A: 22 29 25 18 | 02
#0087-d160 @A: 19 31 33 23 | 01
#0088-d160 @A: 33 19 02 22 | 10
#0089-d160 @A: 02 21 07 33 | 04
#0090-d160 @A: 33 11 25 32 | 12
#0091-d160 @A: 15 11 01 33 | 03
#0092-d160 @A: 12 22 15 33 | 06
#0093-d160 @A: 13 03 15 33 | 11
#0094-d160 @A: 04 05 19 12 | 09
#0095-d160 @A: 05 04 21 29 | 07
#0096-d160 @A: 31 04 32 01 | 05
#0097-d160 @A: 04 27 32 10 | 08
#0098-d160 @A: 27 02 04 01 | 02
#0099-d160 @A: 24 04 27 03 | 01
#0100-d160 @A: 29 12 22 04 | 10
#0101-d160 @A: 17 04 02 24 | 04
#0102-d160 @A: 25 19 01 07 | 12
#0103-d160 @A: 17 08 05 19 | 03
#0104-d160 @A: 15 13 17 19 | 06
#0105-d160 @A: 19 25 01 06 | 11
#0106-d160 @A: 03 21 30 06 | 09
#0107-d160 @A: 13 07 30 31 | 07
#0108-d160 @A: 27 24 30 15 | 05
#0109-d160 @A: 30 05 12 13 | 08
#0110-d160 @A: 10 08 24 30 | 02
#0111-d160 @A: 15 12 25 30 | 01
#0112-d160 @A: 06 21 01 22 | 10
#0113-d160 @A: 07 32 35 27 | 04
#0114-d160 @A: 02 05 35 27 | 12
#0115-d160 @A: 27 13 17 35 | 03
#0116-d160 @A: 06 22 02 35 | 06
#0117-d160 @A: 32 31 13 23 | 11
#0118-d160 @A: 27 25 15 32 | 09
#0119-d160 @A: 32 08 13 05 | 07
#0120-d160 @A: 32 02 06 03 | 05
#0121-d160 @A: 10 31 24 07 | 08
#0122-d160 @A: 25 07 27 29 | 02
#0123-d160 @A: 27 07 08 02 | 01
#0124-d160 @A: 22 17 29 07 | 10
#0125-d160 @A: 03 24 22 07 | 04
#0126-d160 @A: 22 25 07 15 | 12
#0127-d160 @A: 17 03 07 02 | 03
#0128-d160 @A: 12 07 23 17 | 06
#0129-d160 @A: 07 23 25 24 | 11
#0130-d160 @A: 25 22 24 31 | 09
#0131-d160 @A: 11 24 05 22 | 07
#0132-d160 @A: 03 20 11 14 | 05
#0133-d160 @A: 24 28 14 04 | 08
#0134-d160 @A: 26 32 14 34 | 02
#0135-d160 @A: 14 21 34 06 | 01
#0136-d160 @A: 04 14 16 05 | 10
#0137-d160 @A: 30 16 27 14 | 04
#0138-d160 @A: 35 26 14 17 | 12
#0139-d160 @A: 29 18 11 14 | 03
#0140-d160 @A: 14 06 18 02 | 06
#0141-d160 @A: 17 04 14 33 | 11
#0142-d160 @A: 14 21 33 05 | 09
#0143-d160 @A: 29 33 14 32 | 07
#0144-d160 @A: 14 27 33 01 | 05
#0145-d160 @A: 04 06 29 14 | 08
#0146-d160 @A: 32 12 14 30 | 02
#0147-d160 @A: 17 13 30 14 | 01
#0148-d160 @A: 02 14 31 32 | 10
#0149-d160 @A: 27 24 31 14 | 04
#0150-d160 @A: 05 14 27 11 | 12
#0151-d160 @A: 28 11 20 24 | 03
#0152-d160 @A: 20 16 12 31 | 06
#0153-d160 @A: 16 23 20 02 | 11
#0154-d160 @A: 21 22 20 26 | 09
#0155-d160 @A: 23 20 26 11 | 07
#0156-d160 @A: 18 20 25 04 | 05
#0157-d160 @A: 35 18 20 03 | 08
#0158-d160 @A: 01 07 33 20 | 02
#0159-d160 @A: 04 19 20 03 | 01
#0160-d160 @A: 20 11 12 04 | 10
#0161-d160 @A: 19 20 24 35 | 04
#0162-d160 @A: 24 20 30 07 | 12
#0163-d160 @A: 08 20 07 21 | 03
#0164-d160 @A: 32 20 25 35 | 06
#0165-d160 @A: 31 20 35 01 | 11
#0166-d160 @A: 32 07 20 17 | 09
#0167-d160 @A: 15 08 27 20 | 07
#0168-d160 @A: 20 13 24 08 | 05
#0169-d160 @A: 31 09 03 34 | 08
#0170-d160 @A: 06 05 26 09 | 02
#0171-d160 @A: 18 09 21 22 | 01
#0172-d160 @A: 18 09 24 15 | 10
#0173-d160 @A: 09 33 10 30 | 04
#0174-d160 @A: 30 09 12 04 | 12
#0175-d160 @A: 22 07 19 09 | 03
#0176-d160 @A: 09 24 01 21 | 06
#0177-d160 @A: 12 31 09 22 | 11
#0178-d160 @A: 08 05 25 09 | 09
#0179-d160 @A: 24 05 23 09 | 07
#0180-d160 @A: 15 06 17 09 | 05
#0181-d160 @A: 28 24 34 07 | 08
#0182-d160 @A: 06 28 18 19 | 02
#0183-d160 @A: 28 23 33 11 | 01
#0184-d160 @A: 35 28 19 25 | 10
#0185-d160 @A: 28 31 17 32 | 04
#0186-d160 @A: 24 25 27 28 | 12
#0187-d160 @A: 28 22 25 23 | 03
#0188-d160 @A: 15 28 01 02 | 06
#0189-d160 @A: 24 02 28 12 | 11
#0190-d160 @A: 13 10 28 06 | 09
#0191-d160 @A: 16 34 10 23 | 07
#0192-d160 @A: 34 18 32 21 | 05
#0193-d160 @A: 34 04 23 33 | 08
#0194-d160 @A: 21 01 34 33 | 02
#0195-d160 @A: 04 34 07 29 | 01
#0196-d160 @A: 12 27 05 34 | 10
#0197-d160 @A: 34 08 05 29 | 04
#0198-d160 @A: 24 25 34 05 | 12
#0199-d160 @A: 17 13 34 06 | 03
#0200-d160 @A: 15 34 08 03 | 06
#0201-d160 @A: 33 18 16 22 | 11
#0202-d160 @A: 33 01 16 30 | 09
#0203-d160 @A: 16 24 19 31 | 07
#0204-d160 @A: 16 30 35 24 | 05
#0205-d160 @A: 21 15 16 13 | 08
#0206-d160 @A: 25 05 16 32 | 02
#0207-d160 @A: 07 11 16 31 | 01
#0208-d160 @A: 03 07 29 16 | 10
#0209-d160 @A: 22 06 16 24 | 04
#0210-d160 @A: 16 17 23 25 | 12
#0211-d160 @A: 25 16 24 13 | 03
#0212-d160 @A: 21 17 18 26 | 06
#0213-d160 @A: 11 18 26 22 | 11
#0214-d160 @A: 26 33 19 01 | 09
#0215-d160 @A: 04 26 24 31 | 07
#0216-d160 @A: 26 02 19 21 | 05
#0217-d160 @A: 26 19 31 11 | 08
#0218-d160 @A: 10 26 19 08 | 02
#0219-d160 @A: 26 30 12 21 | 01
#0220-d160 @A: 26 31 23 35 | 10
#0221-d160 @A: 11 24 35 26 | 04
#0222-d160 @A: 01 26 11 32 | 12
#0223-d160 @A: 26 17 29 27 | 03
#0224-d160 @A: 01 26 10 27 | 06
#0225-d160 @A: 22 26 25 05 | 11
#0226-d160 @A: 23 26 03 05 | 09
#0227-d160 @A: 33 12 11 18 | 07
#0228-d160 @A: 10 18 21 07 | 05
#0229-d160 @A: 22 10 27 18 | 08
#0230-d160 @A: 02 18 23 29 | 02
#0231-d160 @A: 13 06 08 18 | 01
#0232-d160 @A: 35 04 33 19 | 10
#0233-d160 @A: 04 30 33 13 | 04
#0234-d160 @A: 33 30 31 12 | 12
#0235-d160 @A: 21 33 11 22 | 03
#0236-d160 @A: 21 24 33 13 | 06
#0237-d160 @A: 07 33 13 32 | 11
#0238-d160 @A: 11 03 06 33 | 09
#0239-d160 @A: 33 05 10 15 | 07
#0240-d160 @A: 33 23 03 01 | 05
#0241-d160 @A: 33 13 23 10 | 08
#0242-d160 @A: 17 07 19 04 | 02
#0243-d160 @A: 19 11 04 01 | 01
#0244-d160 @A: 04 31 25 30 | 10
#0245-d160 @A: 23 21 04 31 | 04
#0246-d160 @A: 23 22 04 02 | 12
#0247-d160 @A: 04 24 13 22 | 03
#0248-d160 @A: 10 04 24 23 | 06
#0249-d160 @A: 32 13 19 30 | 11
#0250-d160 @A: 19 03 27 30 | 09
#0251-d160 @A: 19 03 31 07 | 07
#0252-d160 @A: 15 01 05 19 | 05
#0253-d160 @A: 19 22 10 12 | 08
#0254-d160 @A: 03 17 29 19 | 02
#0255-d160 @A: 25 23 19 10 | 01
#0256-d160 @A: 07 21 32 24 | 10
#0257-d160 @A: 32 03 21 10 | 04
#0258-d160 @A: 21 02 31 25 | 12
#0259-d160 @A: 29 12 15 21 | 03
#0260-d160 @A: 10 17 21 23 | 06
#0261-d160 @A: 32 11 31 35 | 11
#0262-d160 @A: 24 27 35 22 | 09
#0263-d160 @A: 29 35 05 25 | 07
#0264-d160 @A: 02 35 17 15 | 05
#0265-d160 @A: 27 05 29 32 | 08
#0266-d160 @A: 02 22 32 29 | 02
#0267-d160 @A: 23 32 15 22 | 01
#0268-d160 @A: 22 32 13 03 | 10
#0269-d160 @A: 07 05 13 03 | 04
#0270-d160 @A: 29 02 07 24 | 12
#0271-d160 @A: 02 24 07 06 | 03
#0272-d160 @A: 02 31 11 03 | 06
#0273-d160 @A: 24 05 31 13 | 11
#0274-d160 @A: 01 02 13 31 | 09
#0275-d160 @A: 11 05 13 02 | 07
#0276-d160 @A: 24 11 06 29 | 05
#0277-d160 @A: 22 13 12 06 | 08
#0278-d160 @A: 14 34 01 09 | 02
#0279-d160 @A: 14 09 16 29 | 01
#0280-d160 @A: 33 09 12 14 | 10
#0281-d160 @A: 09 14 08 31 | 04
#0282-d160 @A: 28 14 34 10 | 12
#0283-d160 @A: 07 28 25 14 | 03
#0284-d160 @A: 22 14 16 15 | 06
#0285-d160 @A: 18 17 14 12 | 11
#0286-d160 @A: 32 11 14 10 | 09
#0287-d160 @A: 03 22 05 14 | 07
#0288-d160 @A: 05 14 10 23 | 05
#0289-d160 @A: 23 14 29 08 | 08
#0290-d160 @A: 24 29 14 25 | 02
#0291-d160 @A: 09 26 25 20 | 01
#0292-d160 @A: 30 02 20 28 | 10
#0293-d160 @A: 06 34 24 20 | 04
#0294-d160 @A: 20 26 01 02 | 12
#0295-d160 @A: 20 33 27 11 | 03
#0296-d160 @A: 03 20 33 10 | 06
#0297-d160 @A: 23 21 20 19 | 11
#0298-d160 @A: 32 20 31 24 | 09
#0299-d160 @A: 20 01 22 32 | 07
#0300-d160 @A: 20 05 31 27 | 05
#0301-d160 @A: 20 27 29 13 | 08
#0302-d160 @A: 20 02 29 08 | 02
#0303-d160 @A: 12 01 08 20 | 01
#0304-d160 @A: 09 30 01 28 | 10
#0305-d160 @A: 28 08 24 09 | 04
#0306-d160 @A: 09 16 30 21 | 12
#0307-d160 @A: 26 30 09 29 | 03
#0308-d160 @A: 04 09 22 35 | 06
#0309-d160 @A: 35 12 09 21 | 11
#0310-d160 @A: 02 21 06 09 | 09
#0311-d160 @A: 15 21 09 17 | 07
#0312-d160 @A: 15 11 35 09 | 05
#0313-d160 @A: 22 15 05 09 | 08
#0314-d160 @A: 22 24 09 10 | 02
#0315-d160 @A: 17 13 09 03 | 01
#0316-d160 @A: 10 03 15 09 | 10
#0317-d160 @A: 31 34 01 28 | 04
#0318-d160 @A: 33 28 32 02 | 12
#0319-d160 @A: 28 05 33 25 | 03
#0320-d160 @A: 08 33 28 12 | 06
#0321-d160 @A: 35 28 04 29 | 11
#0322-d160 @A: 29 28 10 24 | 09
#0323-d160 @A: 25 03 28 02 | 07
#0324-d160 @A: 05 04 34 26 | 05
#0325-d160 @A: 33 34 19 08 | 08
#0326-d160 @A: 34 15 19 04 | 02
#0327-d160 @A: 10 04 30 34 | 01
#0328-d160 @A: 34 06 10 19 | 10
#0329-d160 @A: 34 13 30 11 | 04
#0330-d160 @A: 21 25 35 34 | 12
#0331-d160 @A: 34 22 29 13 | 03
#0332-d160 @A: 22 23 34 03 | 06
#0333-d160 @A: 13 34 10 24 | 11
#0334-d160 @A: 16 11 26 13 | 09
#0335-d160 @A: 07 19 16 33 | 07
#0336-d160 @A: 35 15 33 16 | 05
#0337-d160 @A: 33 16 13 05 | 08
#0338-d160 @A: 23 16 32 07 | 02
#0339-d160 @A: 02 16 22 07 | 01
#0340-d160 @A: 16 01 13 29 | 10
#0341-d160 @A: 16 25 08 02 | 04
#0342-d160 @A: 26 29 23 33 | 12
#0343-d160 @A: 12 26 02 33 | 03
#0344-d160 @A: 26 21 08 04 | 06
#0345-d160 @A: 02 04 32 26 | 11
#0346-d160 @A: 19 26 05 35 | 09
#0347-d160 @A: 11 26 15 21 | 07
#0348-d160 @A: 07 26 32 29 | 05
#0349-d160 @A: 26 10 11 07 | 08
#0350-d160 @A: 06 26 03 31 | 02
#0351-d160 @A: 24 05 12 26 | 01
#0352-d160 @A: 26 08 12 22 | 10
#0353-d160 @A: 26 29 01 25 | 04
#0354-d160 @A: 24 04 11 18 | 12
#0355-d160 @A: 18 12 11 06 | 03
#0356-d160 @A: 23 18 27 05 | 06
#0357-d160 @A: 18 06 17 24 | 11
#0358-d160 @A: 29 30 33 08 | 09
#0359-d160 @A: 07 12 35 33 | 07
#0360-d160 @A: 33 24 02 35 | 05
#0361-d160 @A: 27 03 02 33 | 08
#0362-d160 @A: 05 33 22 06 | 02
#0363-d160 @A: 29 33 22 01 | 01
#0364-d160 @A: 25 15 33 08 | 10
#0365-d160 @A: 01 21 04 30 | 04
#0366-d160 @A: 22 17 06 04 | 12
#0367-d160 @A: 04 01 03 17 | 03
#0368-d160 @A: 19 07 02 32 | 06
#0369-d160 @A: 06 32 19 07 | 11
#0370-d160 @A: 19 23 05 07 | 09
#0371-d160 @A: 19 05 29 24 | 07
#0372-d160 @A: 15 19 03 22 | 05
#0373-d160 @A: 19 02 15 25 | 08
#0374-d160 @A: 35 29 27 30 | 02
#0375-d160 @A: 32 30 27 31 | 01
#0376-d160 @A: 10 05 30 01 | 10
#0377-d160 @A: 32 12 21 31 | 04
#0378-d160 @A: 27 29 21 24 | 12
#0379-d160 @A: 22 13 21 12 | 03
#0380-d160 @A: 01 21 12 17 | 06
#0381-d160 @A: 24 17 21 25 | 11
#0382-d160 @A: 35 07 05 31 | 09
#0383-d160 @A: 12 11 22 35 | 07
#0384-d160 @A: 25 27 08 35 | 05
#0385-d160 @A: 05 22 35 17 | 08
#0386-d160 @A: 02 35 25 23 | 02
#0387-d160 @A: 35 15 03 25 | 01
#0388-d160 @A: 27 17 32 12 | 10
#0389-d160 @A: 05 02 32 23 | 04
#0390-d160 @A: 10 32 02 24 | 12
#0391-d160 @A: 23 10 01 32 | 03
#0392-d160 @A: 06 31 17 07 | 06
#0393-d160 @A: 08 29 07 12 | 11
#0394-d160 @A: 07 29 15 13 | 09
#0395-d160 @A: 03 07 06 10 | 07
#0396-d160 @A: 22 31 11 29 | 05
#0397-d160 @A: 31 11 24 17 | 08
#0398-d160 @A: 01 22 10 31 | 02
#0399-d160 @A: 27 23 29 11 | 01
#0400-d160 @A: 12 10 27 11 | 10
#0401-d160 @A: 08 29 11 25 | 04
#0402-d160 @A: 12 23 01 11 | 12
#0403-d160 @A: 29 01 06 23 | 03
#0404-d160 @A: 04 09 02 14 | 06
#0405-d160 @A: 09 07 14 17 | 11
#0406-d160 @A: 27 14 28 35 | 09
#0407-d160 @A: 23 32 14 28 | 07
#0408-d160 @A: 34 19 05 14 | 05
#0409-d160 @A: 27 34 21 14 | 08
#0410-d160 @A: 16 23 21 14 | 02
#0411-d160 @A: 12 35 14 16 | 01
#0412-d160 @A: 01 16 31 14 | 10
#0413-d160 @A: 06 12 16 14 | 04
#0414-d160 @A: 18 21 14 02 | 12
#0415-d160 @A: 14 25 18 32 | 03
#0416-d160 @A: 04 14 35 13 | 06
#0417-d160 @A: 31 12 14 04 | 11
#0418-d160 @A: 15 04 29 14 | 09
#0419-d160 @A: 14 25 35 30 | 07
#0420-d160 @A: 31 14 05 30 | 05
#0421-d160 @A: 17 32 14 03 | 08
#0422-d160 @A: 14 05 29 13 | 02
#0423-d160 @A: 10 14 03 12 | 01
#0424-d160 @A: 34 24 20 21 | 10
#0425-d160 @A: 19 18 20 13 | 04
#0426-d160 @A: 17 33 20 21 | 12
#0427-d160 @A: 32 20 33 23 | 03
#0428-d160 @A: 04 31 17 20 | 06
#0429-d160 @A: 20 15 19 11 | 11
#0430-d160 @A: 35 20 23 10 | 09
#0431-d160 @A: 24 27 01 20 | 07
#0432-d160 @A: 25 05 12 20 | 05
#0433-d160 @A: 20 17 22 12 | 08
#0434-d160 @A: 30 15 34 09 | 02
#0435-d160 @A: 07 09 12 34 | 01
#0436-d160 @A: 16 09 04 17 | 10
#0437-d160 @A: 15 19 09 16 | 04
#0438-d160 @A: 23 09 26 32 | 12
#0439-d160 @A: 09 19 27 33 | 03
#0440-d160 @A: 33 09 25 35 | 06
#0441-d160 @A: 33 01 09 32 | 11
#0442-d160 @A: 33 03 07 09 | 09
#0443-d160 @A: 09 24 33 11 | 07
#0444-d160 @A: 27 21 09 10 | 05
#0445-d160 @A: 17 27 02 09 | 08
#0446-d160 @A: 27 09 12 24 | 02
#0447-d160 @A: 29 09 13 02 | 01
#0448-d160 @A: 01 15 12 09 | 10
#0449-d160 @A: 25 28 30 34 | 04
#0450-d160 @A: 02 28 21 34 | 12
#0451-d160 @A: 34 28 15 12 | 03
#0452-d160 @A: 16 18 28 25 | 06
#0453-d160 @A: 28 16 04 13 | 11
#0454-d160 @A: 30 28 05 16 | 09
#0455-d160 @A: 26 05 07 28 | 07
#0456-d160 @A: 15 03 28 26 | 05
#0457-d160 @A: 27 17 18 28 | 08
#0458-d160 @A: 28 04 31 02 | 02
#0459-d160 @A: 03 11 19 28 | 01
#0460-d160 @A: 21 22 30 28 | 10
#0461-d160 @A: 30 27 07 28 | 04
#0462-d160 @A: 32 35 21 28 | 12
#0463-d160 @A: 15 17 25 28 | 03
#0464-d160 @A: 13 24 28 15 | 06
#0465-d160 @A: 07 27 16 34 | 11
#0466-d160 @A: 08 06 26 34 | 09
#0467-d160 @A: 19 07 13 34 | 07
#0468-d160 @A: 31 34 27 35 | 05
#0469-d160 @A: 02 34 24 27 | 08
#0470-d160 @A: 29 34 24 23 | 02
#0471-d160 @A: 25 34 17 08 | 01
#0472-d160 @A: 17 26 33 16 | 10
#0473-d160 @A: 04 33 03 16 | 04
#0474-d160 @A: 04 16 30 08 | 12
#0475-d160 @A: 16 04 06 05 | 03
#0476-d160 @A: 16 19 22 35 | 06
#0477-d160 @A: 03 05 19 16 | 11
#0478-d160 @A: 21 16 06 25 | 09
#0479-d160 @A: 32 16 35 01 | 07
#0480-d160 @A: 16 11 17 06 | 05
#0481-d160 @A: 16 12 22 05 | 08
#0482-d160 @A: 16 22 29 24 | 02
#0483-d160 @A: 16 22 10 13 | 01
#0484-d160 @A: 10 16 03 01 | 10
#0485-d160 @A: 25 16 01 12 | 04
#0486-d160 @A: 26 07 24 33 | 12
#0487-d160 @A: 26 07 22 04 | 03
#0488-d160 @A: 35 21 27 26 | 06
#0489-d160 @A: 21 32 05 26 | 11
#0490-d160 @A: 07 35 26 13 | 09
#0491-d160 @A: 35 06 26 24 | 07
#0492-d160 @A: 26 25 24 32 | 05
#0493-d160 @A: 17 07 26 31 | 08
#0494-d160 @A: 02 26 29 05 | 02
#0495-d160 @A: 26 01 13 05 | 01
#0496-d160 @A: 17 22 15 26 | 10
#0497-d160 @A: 26 02 10 23 | 04
#0498-d160 @A: 15 26 12 23 | 12
#0499-d160 @A: 26 15 10 24 | 03
#0500-d160 @A: 26 12 06 25 | 06
#0501-d160 @A: 18 23 04 32 | 11
#0502-d160 @A: 23 25 18 21 | 09
#0503-d160 @A: 32 18 11 27 | 07
#0504-d160 @A: 32 01 18 06 | 05
#0505-d160 @A: 22 18 08 07 | 08
#0506-d160 @A: 18 03 22 02 | 02
#0507-d160 @A: 18 22 23 12 | 01
#0508-d160 @A: 23 17 24 18 | 10
#0509-d160 @A: 15 08 12 18 | 04
#0510-d160 @A: 18 12 01 03 | 12
#0511-d160 @A: 12 33 21 04 | 03
#0512-d160 @A: 33 30 05 35 | 06
#0513-d160 @A: 33 30 03 32 | 11
#0514-d160 @A: 33 17 35 32 | 09
#0515-d160 @A: 17 11 07 33 | 07
#0516-d160 @A: 22 33 23 17 | 05
#0517-d160 @A: 29 02 06 33 | 08
#0518-d160 @A: 33 17 29 13 | 02
#0519-d160 @A: 35 32 04 03 | 01
#0520-d160 @A: 08 27 04 06 | 10
#0521-d160 @A: 04 01 22 08 | 04
#0522-d160 @A: 15 04 23 17 | 12
#0523-d160 @A: 31 22 19 30 | 03
#0524-d160 @A: 06 23 19 35 | 06
#0525-d160 @A: 17 19 24 27 | 11
#0526-d160 @A: 08 22 29 19 | 09
#0527-d160 @A: 10 03 19 02 | 07
#0528-d160 @A: 19 24 13 02 | 05
#0529-d160 @A: 21 24 30 11 | 08
#0530-d160 @A: 32 23 35 30 | 02
#0531-d160 @A: 06 30 35 15 | 01
#0532-d160 @A: 07 30 02 12 | 10
#0533-d160 @A: 23 05 30 25 | 04
#0534-d160 @A: 10 02 30 25 | 12
#0535-d160 @A: 11 21 01 35 | 03
#0536-d160 @A: 21 08 12 27 | 06
#0537-d160 @A: 25 21 03 22 | 11
#0538-d160 @A: 02 23 12 21 | 09
#0539-d160 @A: 35 22 03 29 | 07
#0540-d160 @A: 24 13 35 01 | 05
#0541-d160 @A: 32 05 24 06 | 08
#0542-d160 @A: 22 32 15 06 | 02
#0543-d160 @A: 24 32 15 29 | 01
#0544-d160 @A: 12 24 32 01 | 10
#0545-d160 @A: 27 12 07 22 | 04
#0546-d160 @A: 29 07 01 10 | 12
#0547-d160 @A: 12 07 10 25 | 03
#0548-d160 @A: 13 31 12 11 | 06
#0549-d160 @A: 27 12 31 03 | 11
#0550-d160 @A: 15 08 22 31 | 09
#0551-d160 @A: 24 31 08 02 | 07
#0552-d160 @A: 06 31 13 25 | 05
#0553-d160 @A: 25 11 27 13 | 08
#0554-d160 @A: 05 29 11 12 | 02
#0555-d160 @A: 05 06 01 11 | 01
#0556-d160 @A: 11 10 25 05 | 10
#0557-d160 @A: 23 11 22 10 | 04
#0558-d160 @A: 10 11 02 01 | 12
#0559-d160 @A: 05 15 06 13 | 03
#0560-d160 @A: 29 06 22 10 | 06
#0561-d160 @A: 13 10 09 14 | 11
#0562-d160 @A: 06 14 13 09 | 09
#0563-d160 @A: 16 14 32 13 | 07
#0564-d160 @A: 11 24 16 14 | 05
#0565-d160 @A: 26 24 21 14 | 08
#0566-d160 @A: 15 18 33 14 | 02
#0567-d160 @A: 35 05 18 14 | 01
#0568-d160 @A: 14 31 10 18 | 10
#0569-d160 @A: 06 23 14 33 | 04
#0570-d160 @A: 14 04 30 23 | 12
#0571-d160 @A: 32 21 01 14 | 03
#0572-d160 @A: 14 21 03 15 | 06
#0573-d160 @A: 07 32 05 14 | 11
#0574-d160 @A: 03 01 14 02 | 09
#0575-d160 @A: 14 08 10 01 | 07
#0576-d160 @A: 01 16 09 20 | 05
#0577-d160 @A: 20 16 21 28 | 08
#0578-d160 @A: 05 28 20 04 | 02
#0579-d160 @A: 12 28 32 20 | 01
#0580-d160 @A: 17 20 34 26 | 10
#0581-d160 @A: 20 10 02 18 | 04
#0582-d160 @A: 33 35 20 13 | 12
#0583-d160 @A: 35 29 06 20 | 03
#0584-d160 @A: 20 07 13 22 | 06
#0585-d160 @A: 07 20 03 12 | 11
#0586-d160 @A: 20 08 25 22 | 09
#0587-d160 @A: 06 10 02 20 | 07
#0588-d160 @A: 23 20 08 03 | 05
#0589-d160 @A: 20 23 15 25 | 08
#0590-d160 @A: 28 09 18 23 | 02
#0591-d160 @A: 21 28 09 25 | 01
#0592-d160 @A: 28 29 22 09 | 10
#0593-d160 @A: 28 17 09 10 | 04
#0594-d160 @A: 09 34 17 33 | 12
#0595-d160 @A: 34 22 06 09 | 03
#0596-d160 @A: 09 08 07 16 | 06
#0597-d160 @A: 03 09 18 04 | 11
#0598-d160 @A: 17 09 18 31 | 09
#0599-d160 @A: 33 08 09 04 | 07
#0600-d160 @A: 09 27 04 31 | 05
#0601-d160 @A: 03 32 09 19 | 08
#0602-d160 @A: 09 25 27 30 | 02
#0603-d160 @A: 07 29 09 35 | 01
#0604-d160 @A: 32 09 31 29 | 10
#0605-d160 @A: 07 06 25 09 | 04
#0606-d160 @A: 09 08 22 17 | 12
#0607-d160 @A: 12 28 27 16 | 03
#0608-d160 @A: 28 18 02 19 | 06
#0609-d160 @A: 18 13 32 28 | 11
#0610-d160 @A: 18 28 24 05 | 09
#0611-d160 @A: 03 28 21 04 | 07
#0612-d160 @A: 07 04 23 28 | 05
#0613-d160 @A: 11 21 27 28 | 08
#0614-d160 @A: 21 17 28 05 | 02
#0615-d160 @A: 28 22 31 35 | 01
#0616-d160 @A: 03 35 06 28 | 10
#0617-d160 @A: 28 03 32 27 | 04
#0618-d160 @A: 29 12 25 28 | 12
#0619-d160 @A: 28 17 23 02 | 03
#0620-d160 @A: 06 15 28 08 | 06
#0621-d160 @A: 18 26 34 08 | 11
#0622-d160 @A: 26 34 25 19 | 09
#0623-d160 @A: 23 18 34 35 | 07
#0624-d160 @A: 06 34 29 18 | 05
#0625-d160 @A: 27 33 30 34 | 08
#0626-d160 @A: 34 19 21 12 | 02
#0627-d160 @A: 30 31 24 34 | 01
#0628-d160 @A: 10 21 34 22 | 10
#0629-d160 @A: 11 05 35 34 | 04
#0630-d160 @A: 08 32 34 27 | 12
#0631-d160 @A: 13 25 34 01 | 03
#0632-d160 @A: 06 33 16 26 | 06
#0633-d160 @A: 23 26 16 27 | 11
#0634-d160 @A: 04 16 18 15 | 09
#0635-d160 @A: 21 16 18 08 | 07
#0636-d160 @A: 11 18 16 02 | 05
#0637-d160 @A: 32 33 16 08 | 08
#0638-d160 @A: 16 06 13 33 | 02
#0639-d160 @A: 10 04 16 31 | 01
#0640-d160 @A: 03 16 30 31 | 10
#0641-d160 @A: 30 23 11 16 | 04
#0642-d160 @A: 16 11 05 21 | 12
#0643-d160 @A: 16 29 31 35 | 03
#0644-d160 @A: 11 35 10 16 | 06
#0645-d160 @A: 17 01 11 16 | 11
#0646-d160 @A: 22 16 01 23 | 09
#0647-d160 @A: 12 17 13 16 | 07
#0648-d160 @A: 32 26 33 27 | 05
#0649-d160 @A: 22 26 33 31 | 08
#0650-d160 @A: 33 26 13 25 | 02
#0651-d160 @A: 19 26 23 04 | 01
#0652-d160 @A: 22 19 13 26 | 10
#0653-d160 @A: 26 13 21 31 | 04
#0654-d160 @A: 11 06 32 26 | 12
#0655-d160 @A: 26 27 08 24 | 03
#0656-d160 @A: 26 05 17 10 | 06
#0657-d160 @A: 01 26 03 22 | 11
#0658-d160 @A: 12 26 10 13 | 09
#0659-d160 @A: 18 33 01 04 | 07
#0660-d160 @A: 35 18 27 33 | 05
#0661-d160 @A: 18 21 35 04 | 08
#0662-d160 @A: 12 18 10 04 | 02
#0663-d160 @A: 11 18 31 21 | 01
#0664-d160 @A: 27 18 15 21 | 10
#0665-d160 @A: 02 08 35 18 | 04
#0666-d160 @A: 29 17 18 05 | 12
#0667-d160 @A: 22 06 18 03 | 03
#0668-d160 @A: 17 25 10 18 | 06
#0669-d160 @A: 03 10 18 24 | 11
#0670-d160 @A: 15 30 19 33 | 09
#0671-d160 @A: 19 24 33 32 | 07
#0672-d160 @A: 10 29 33 35 | 05
#0673-d160 @A: 31 27 33 07 | 08
#0674-d160 @A: 24 29 33 03 | 02
#0675-d160 @A: 24 04 30 19 | 01
#0676-d160 @A: 31 04 19 13 | 10
#0677-d160 @A: 29 04 32 30 | 04
#0678-d160 @A: 08 04 32 24 | 12
#0679-d160 @A: 23 07 04 06 | 03
#0680-d160 @A: 04 25 22 17 | 06
#0681-d160 @A: 23 29 01 04 | 11
#0682-d160 @A: 15 24 04 12 | 09
#0683-d160 @A: 19 30 05 21 | 07
#0684-d160 @A: 23 27 22 19 | 05
#0685-d160 @A: 02 19 06 17 | 08
#0686-d160 @A: 35 15 30 21 | 02
#0687-d160 @A: 31 35 30 17 | 01
#0688-d160 @A: 32 01 07 30 | 10
#0689-d160 @A: 32 25 08 30 | 04
#0690-d160 @A: 11 30 29 07 | 12
#0691-d160 @A: 30 31 15 01 | 03
#0692-d160 @A: 05 08 27 30 | 06
#0693-d160 @A: 01 30 17 27 | 11
#0694-d160 @A: 24 27 06 30 | 09
#0695-d160 @A: 05 30 02 06 | 07
#0696-d160 @A: 12 30 22 01 | 05
#0697-d160 @A: 22 30 03 10 | 08
#0698-d160 @A: 10 30 29 23 | 02
#0699-d160 @A: 23 30 15 13 | 01
#0700-d160 @A: 31 06 29 21 | 10
#0701-d160 @A: 21 02 13 27 | 04
#0702-d160 @A: 17 03 27 21 | 12
#0703-d160 @A: 03 13 23 21 | 03
#0704-d160 @A: 06 21 15 12 | 06
#0705-d160 @A: 08 06 32 35 | 11
#0706-d160 @A: 12 01 35 27 | 09
#0707-d160 @A: 25 22 35 13 | 07
#0708-d160 @A: 06 17 25 35 | 05
#0709-d160 @A: 35 08 10 13 | 08
#0710-d160 @A: 35 13 06 01 | 02
#0711-d160 @A: 35 25 24 10 | 01
#0712-d160 @A: 32 13 11 29 | 10
#0713-d160 @A: 03 32 24 05 | 04
#0714-d160 @A: 01 08 02 32 | 12
#0715-d160 @A: 08 12 10 32 | 03
#0716-d160 @A: 13 10 15 32 | 06
#0717-d160 @A: 13 07 02 10 | 11
#0718-d160 @A: 08 27 11 03 | 09
#0719-d160 @A: 11 27 06 10 | 07
#0720-d160 @A: 13 01 11 08 | 05
#0721-d160 @A: 24 11 03 13 | 08
#0722-d160 @A: 10 12 06 05 | 02
#0723-d160 @A: 06 12 01 03 | 01
#0724-d160 @A: 20 35 14 02 | 10
#0725-d160 @A: 27 14 07 20 | 04
#0726-d160 @A: 28 14 33 13 | 12
#0727-d160 @A: 30 29 28 14 | 03
#0728-d160 @A: 14 28 31 03 | 06
#0729-d160 @A: 17 14 11 28 | 11
#0730-d160 @A: 07 14 02 34 | 09
#0731-d160 @A: 30 15 26 14 | 07
#0732-d160 @A: 14 23 26 22 | 05
#0733-d160 @A: 14 19 08 18 | 08
#0734-d160 @A: 14 19 04 32 | 02
#0735-d160 @A: 04 08 11 14 | 01
#0736-d160 @A: 10 21 30 14 | 10
#0737-d160 @A: 32 35 24 14 | 04
#0738-d160 @A: 25 02 27 14 | 12
#0739-d160 @A: 10 27 15 14 | 03
#0740-d160 @A: 14 15 05 08 | 06
#0741-d160 @A: 29 14 10 02 | 11
#0742-d160 @A: 14 29 03 06 | 09
#0743-d160 @A: 25 20 33 34 | 07
#0744-d160 @A: 30 29 34 20 | 05
#0745-d160 @A: 32 20 13 26 | 08
#0746-d160 @A: 05 33 19 20 | 02
#0747-d160 @A: 22 20 04 30 | 01
#0748-d160 @A: 06 04 12 20 | 10
#0749-d160 @A: 25 07 11 20 | 04
#0750-d160 @A: 25 01 20 03 | 12
#0751-d160 @A: 13 12 15 20 | 03
#0752-d160 @A: 06 28 04 09 | 06
#0753-d160 @A: 11 31 09 28 | 11
#0754-d160 @A: 09 27 13 34 | 09
#0755-d160 @A: 02 10 09 16 | 07
#0756-d160 @A: 09 26 05 33 | 05
#0757-d160 @A: 04 15 09 25 | 08
#0758-d160 @A: 08 30 19 09 | 02
#0759-d160 @A: 11 09 19 23 | 01
#0760-d160 @A: 09 05 19 02 | 10
#0761-d160 @A: 06 35 11 09 | 04
#0762-d160 @A: 27 23 35 09 | 12
#0763-d160 @A: 01 02 09 35 | 03
#0764-d160 @A: 09 15 02 32 | 06
#0765-d160 @A: 27 15 09 29 | 11
#0766-d160 @A: 09 08 29 10 | 09
#0767-d160 @A: 03 29 09 12 | 07
#0768-d160 @A: 13 25 12 09 | 05
#0769-d160 @A: 24 28 16 33 | 08
#0770-d160 @A: 19 16 28 01 | 02
#0771-d160 @A: 28 16 10 07 | 01
#0772-d160 @A: 28 35 02 26 | 10
#0773-d160 @A: 30 28 03 18 | 04
#0774-d160 @A: 28 35 18 12 | 12
#0775-d160 @A: 31 15 28 18 | 03
#0776-d160 @A: 04 28 25 10 | 06
#0777-d160 @A: 01 10 21 28 | 11
#0778-d160 @A: 13 35 11 28 | 09
#0779-d160 @A: 08 22 28 10 | 07
#0780-d160 @A: 03 22 12 28 | 05
#0781-d160 @A: 34 26 07 03 | 08
#0782-d160 @A: 26 12 34 31 | 02
#0783-d160 @A: 11 34 27 26 | 01
#0784-d160 @A: 01 23 34 26 | 10
#0785-d160 @A: 15 34 18 22 | 04
#0786-d160 @A: 12 34 18 24 | 12
#0787-d160 @A: 34 33 12 32 | 03
#0788-d160 @A: 06 33 34 12 | 06
#0789-d160 @A: 19 35 34 03 | 11
#0790-d160 @A: 19 32 34 23 | 09
#0791-d160 @A: 13 08 34 21 | 07
#0792-d160 @A: 34 02 11 25 | 05
#0793-d160 @A: 12 34 02 22 | 08
#0794-d160 @A: 16 04 26 12 | 02
#0795-d160 @A: 16 26 03 35 | 01
#0796-d160 @A: 35 04 16 23 | 10
#0797-d160 @A: 16 19 25 21 | 04
#0798-d160 @A: 21 32 17 16 | 12
#0799-d160 @A: 16 22 31 21 | 03
#0800-d160 @A: 16 17 02 29 | 06
#0801-d160 @A: 16 24 03 02 | 11
#0802-d160 @A: 23 15 16 03 | 09
#0803-d160 @A: 26 31 01 18 | 07
#0804-d160 @A: 26 29 24 18 | 05
#0805-d160 @A: 30 26 32 17 | 08
#0806-d160 @A: 27 22 26 30 | 02
#0807-d160 @A: 26 23 24 30 | 01
#0808-d160 @A: 26 35 32 22 | 10
#0809-d160 @A: 15 01 08 26 | 04
#0810-d160 @A: 06 13 23 26 | 12
#0811-d160 @A: 33 25 18 07 | 03
#0812-d160 @A: 04 18 17 30 | 06
#0813-d160 @A: 01 32 18 19 | 11
#0814-d160 @A: 18 05 19 11 | 09
#0815-d160 @A: 30 21 13 18 | 07
#0816-d160 @A: 06 18 21 31 | 05
#0817-d160 @A: 27 29 18 03 | 08
#0818-d160 @A: 29 18 10 15 | 02
#0819-d160 @A: 25 24 08 18 | 01
#0820-d160 @A: 30 06 07 33 | 10
#0821-d160 @A: 35 21 33 23 | 04
#0822-d160 @A: 08 21 33 31 | 12
#0823-d160 @A: 33 05 07 29 | 03
#0824-d160 @A: 22 13 27 33 | 06
#0825-d160 @A: 10 27 33 08 | 11
#0826-d160 @A: 23 33 27 25 | 09
#0827-d160 @A: 24 23 15 33 | 07
#0828-d160 @A: 02 04 30 35 | 05
#0829-d160 @A: 04 27 30 11 | 08
#0830-d160 @A: 21 04 32 25 | 02
#0831-d160 @A: 12 07 04 32 | 01
#0832-d160 @A: 04 32 17 05 | 10
#0833-d160 @A: 04 22 27 05 | 04
#0834-d160 @A: 04 08 27 13 | 12
#0835-d160 @A: 10 04 05 02 | 03
#0836-d160 @A: 05 03 15 04 | 06
#0837-d160 @A: 07 21 15 19 | 11
#0838-d160 @A: 32 25 31 19 | 09
#0839-d160 @A: 22 19 32 05 | 07
#0840-d160 @A: 19 11 07 12 | 05
#0841-d160 @A: 19 05 06 03 | 08
#0842-d160 @A: 19 12 24 06 | 02
#0843-d160 @A: 31 29 30 21 | 01
#0844-d160 @A: 30 10 13 27 | 10
#0845-d160 @A: 06 30 23 10 | 04
#0846-d160 @A: 01 21 07 31 | 12
#0847-d160 @A: 25 21 12 11 | 03
#0848-d160 @A: 27 05 25 21 | 06
#0849-d160 @A: 35 23 05 01 | 11
#0850-d160 @A: 29 08 24 35 | 09
#0851-d160 @A: 13 02 35 03 | 07
#0852-d160 @A: 32 08 07 11 | 05
#0853-d160 @A: 23 27 24 32 | 08
#0854-d160 @A: 27 32 25 06 | 02
#0855-d160 @A: 32 03 25 23 | 01
#0856-d160 @A: 23 13 27 07 | 10
#0857-d160 @A: 07 08 05 24 | 04
#0858-d160 @A: 24 13 07 12 | 12
#0859-d160 @A: 27 02 31 22 | 03
#0860-d160 @A: 05 22 23 31 | 06
#0861-d160 @A: 05 10 31 29 | 11
#0862-d160 @A: 05 31 12 01 | 09
#0863-d160 @A: 17 23 31 29 | 07
#0864-d160 @A: 03 31 10 17 | 05
#0865-d160 @A: 11 05 03 01 | 08
#0866-d160 @A: 06 15 02 25 | 02
#0867-d160 @A: 20 28 14 08 | 01
#0868-d160 @A: 10 22 20 14 | 10
#0869-d160 @A: 09 05 14 28 | 04
#0870-d160 @A: 13 18 14 34 | 12
#0871-d160 @A: 34 24 14 33 | 03
#0872-d160 @A: 26 19 27 14 | 06
#0873-d160 @A: 18 27 14 04 | 11
#0874-d160 @A: 14 33 35 22 | 09
#0875-d160 @A: 19 06 14 11 | 07
#0876-d160 @A: 14 23 35 11 | 05
#0877-d160 @A: 14 06 31 32 | 08
#0878-d160 @A: 31 07 14 23 | 02
#0879-d160 @A: 15 07 12 14 | 01
#0880-d160 @A: 01 24 05 14 | 10
#0881-d160 @A: 23 09 20 04 | 04
#0882-d160 @A: 09 06 03 20 | 12
#0883-d160 @A: 34 15 16 20 | 03
#0884-d160 @A: 27 20 34 18 | 06
#0885-d160 @A: 25 20 16 29 | 11
#0886-d160 @A: 26 20 07 19 | 09
#0887-d160 @A: 32 05 18 20 | 07
#0888-d160 @A: 33 15 31 20 | 05
#0889-d160 @A: 21 20 11 10 | 08
#0890-d160 @A: 02 05 03 20 | 02
#0891-d160 @A: 24 22 23 20 | 01
#0892-d160 @A: 24 15 20 17 | 10
#0893-d160 @A: 15 28 09 33 | 04
#0894-d160 @A: 22 09 16 26 | 12
#0895-d160 @A: 24 09 32 16 | 03
#0896-d160 @A: 31 09 16 13 | 06
#0897-d160 @A: 06 19 09 27 | 11
#0898-d160 @A: 09 24 30 02 | 09
#0899-d160 @A: 21 08 09 11 | 07
#0900-d160 @A: 02 09 25 22 | 05
#0901-d160 @A: 23 25 09 29 | 08
#0902-d160 @A: 25 01 10 09 | 02
#0903-d160 @A: 34 28 27 19 | 01
#0904-d160 @A: 28 05 23 34 | 10
#0905-d160 @A: 33 26 28 18 | 04
#0906-d160 @A: 10 33 31 28 | 12
#0907-d160 @A: 19 32 10 28 | 03
#0908-d160 @A: 08 28 31 30 | 06
#0909-d160 @A: 29 30 06 28 | 11
#0910-d160 @A: 07 21 28 13 | 09
#0911-d160 @A: 24 31 28 21 | 07
#0912-d160 @A: 21 15 28 08 | 05
#0913-d160 @A: 35 03 28 05 | 08
#0914-d160 @A: 07 28 15 32 | 02
#0915-d160 @A: 08 05 02 28 | 01
#0916-d160 @A: 13 22 02 28 | 10
#0917-d160 @A: 08 17 29 28 | 04
#0918-d160 @A: 13 25 08 28 | 12
#0919-d160 @A: 24 16 26 34 | 03
#0920-d160 @A: 18 16 34 01 | 06
#0921-d160 @A: 03 16 34 21 | 11
#0922-d160 @A: 18 34 10 19 | 09
#0923-d160 @A: 18 05 30 34 | 07
#0924-d160 @A: 13 33 34 31 | 05
#0925-d160 @A: 34 30 22 17 | 08
#0926-d160 @A: 15 05 34 02 | 02
#0927-d160 @A: 17 34 13 05 | 01
#0928-d160 @A: 06 01 15 34 | 10
#0929-d160 @A: 06 03 34 25 | 04
#0930-d160 @A: 30 16 10 18 | 12
#0931-d160 @A: 24 16 21 04 | 03
#0932-d160 @A: 32 03 16 11 | 06
#0933-d160 @A: 16 08 27 22 | 11
#0934-d160 @A: 02 01 05 16 | 09
#0935-d160 @A: 15 10 17 16 | 07
#0936-d160 @A: 26 10 18 06 | 05
#0937-d160 @A: 26 33 10 21 | 08
#0938-d160 @A: 11 26 04 29 | 02
#0939-d160 @A: 26 07 08 30 | 01
#0940-d160 @A: 30 26 05 11 | 10
#0941-d160 @A: 29 35 26 15 | 04
#0942-d160 @A: 03 26 31 32 | 12
#0943-d160 @A: 26 29 17 06 | 03
#0944-d160 @A: 33 18 17 19 | 06
#0945-d160 @A: 21 18 33 03 | 11
#0946-d160 @A: 24 31 33 18 | 09
#0947-d160 @A: 18 06 33 27 | 07
#0948-d160 @A: 18 17 32 02 | 05
#0949-d160 @A: 27 18 25 01 | 08
#0950-d160 @A: 18 05 25 15 | 02
#0951-d160 @A: 15 02 18 13 | 01
#0952-d160 @A: 12 18 25 02 | 10
#0953-d160 @A: 08 23 18 10 | 04
#0954-d160 @A: 18 01 23 15 | 12
#0955-d160 @A: 19 03 12 33 | 03
#0956-d160 @A: 02 30 11 33 | 06
#0957-d160 @A: 07 23 33 08 | 11
#0958-d160 @A: 33 05 08 01 | 09
#0959-d160 @A: 08 03 22 33 | 07
#0960-d160 @A: 17 25 33 12 | 05
#0961-d160 @A: 07 11 04 13 | 08
#0962-d160 @A: 04 06 11 13 | 02
#0963-d160 @A: 13 23 04 25 | 01
#0964-d160 @A: 06 19 13 30 | 10
#0965-d160 @A: 08 27 01 19 | 04
#0966-d160 @A: 19 29 23 15 | 12
#0967-d160 @A: 19 10 13 29 | 03
#0968-d160 @A: 19 24 08 15 | 06
#0969-d160 @A: 30 07 21 17 | 11
#0970-d160 @A: 30 01 08 23 | 09
#0971-d160 @A: 12 30 03 24 | 07
#0972-d160 @A: 25 06 24 30 | 05
#0973-d160 @A: 29 21 35 17 | 08
#0974-d160 @A: 21 17 08 02 | 02
#0975-d160 @A: 02 10 21 15 | 01
#0976-d160 @A: 03 10 27 35 | 10
#0977-d160 @A: 01 17 25 35 | 04
#0978-d160 @A: 15 32 03 01 | 12
#0979-d160 @A: 24 11 27 07 | 03
#0980-d160 @A: 27 03 15 07 | 06
#0981-d160 @A: 05 15 17 07 | 11
#0982-d160 @A: 01 02 07 23 | 09
#0983-d160 @A: 23 10 07 03 | 07
#0984-d160 @A: 31 27 01 11 | 05
#0985-d160 @A: 31 27 23 10 | 08
#0986-d160 @A: 24 29 31 12 | 02
#0987-d160 @A: 12 15 17 31 | 01
#0988-d160 @A: 23 01 31 24 | 10
#0989-d160 @A: 22 27 17 11 | 04
#0990-d160 @A: 15 11 23 08 | 12
#0991-d160 @A: 02 06 13 27 | 03
#0992-d160 @A: 06 27 17 12 | 06
#0993-d160 @A: 06 25 08 05 | 11
#0994-d160 @A: 25 10 06 29 | 09
#0995-d160 @A: 19 14 20 30 | 07
#0996-d160 @A: 20 14 06 05 | 05
#0997-d160 @A: 20 17 29 14 | 08
#0998-d160 @A: 30 22 09 14 | 02
#0999-d160 @A: 14 26 07 16 | 01
#1000-d160 @A: 26 14 06 30 | 10
#1001-d160 @A: 26 31 14 25 | 04
#1002-d160 @A: 02 33 14 23 | 12
#1003-d160 @A: 03 14 19 13 | 03
#1004-d160 @A: 30 08 14 02 | 06
#1005-d160 @A: 08 14 22 32 | 11
#1006-d160 @A: 29 27 22 14 | 09
#1007-d160 @A: 22 01 13 14 | 07
#1008-d160 @A: 14 22 12 24 | 05
#1009-d160 @A: 09 12 20 19 | 08
#1010-d160 @A: 20 35 28 15 | 02
#1011-d160 @A: 31 20 28 25 | 01
#1012-d160 @A: 01 28 20 23 | 10
#1013-d160 @A: 10 34 20 07 | 04
#1014-d160 @A: 20 17 30 16 | 12
#1015-d160 @A: 20 15 26 06 | 03
#1016-d160 @A: 01 20 30 18 | 06
#1017-d160 @A: 10 04 20 13 | 11
#1018-d160 @A: 20 27 32 19 | 09
#1019-d160 @A: 35 21 05 20 | 07
#1020-d160 @A: 23 06 20 21 | 05
#1021-d160 @A: 20 07 31 02 | 08
#1022-d160 @A: 20 23 05 13 | 02
#1023-d160 @A: 24 05 20 10 | 01
#1024-d160 @A: 20 29 12 10 | 10
#1025-d160 @A: 02 13 17 20 | 04
#1026-d160 @A: 20 17 10 08 | 12
#1027-d160 @A: 24 09 19 34 | 03
#1028-d160 @A: 04 01 26 09 | 06
#1029-d160 @A: 09 07 30 18 | 11
#1030-d160 @A: 18 11 09 01 | 09
#1031-d160 @A: 09 04 07 24 | 07
#1032-d160 @A: 09 04 11 10 | 05
#1033-d160 @A: 30 09 13 35 | 08
#1034-d160 @A: 11 12 09 32 | 02
#1035-d160 @A: 17 32 09 25 | 01
#1036-d160 @A: 25 09 31 07 | 10
#1037-d160 @A: 11 09 31 06 | 04
#1038-d160 @A: 08 09 06 29 | 12
#1039-d160 @A: 01 09 17 23 | 03
#1040-d160 @A: 12 09 10 23 | 06
#1041-d160 @A: 25 03 24 09 | 11
#1042-d160 @A: 06 32 34 28 | 09
#1043-d160 @A: 35 16 28 08 | 07
#1044-d160 @A: 17 04 28 26 | 05
#1045-d160 @A: 21 26 23 28 | 08
#1046-d160 @A: 28 33 07 22 | 02
#1047-d160 @A: 19 28 23 30 | 01
#1048-d160 @A: 07 29 19 28 | 10
#1049-d160 @A: 28 12 07 31 | 04
#1050-d160 @A: 28 07 03 08 | 12
#1051-d160 @A: 31 05 16 34 | 03
#1052-d160 @A: 21 26 34 29 | 06
#1053-d160 @A: 02 03 34 04 | 11
#1054-d160 @A: 34 31 15 21 | 09
#1055-d160 @A: 32 24 11 34 | 07
#1056-d160 @A: 32 05 34 01 | 05
#1057-d160 @A: 07 31 34 08 | 08
#1058-d160 @A: 25 29 03 34 | 02
#1059-d160 @A: 13 34 23 02 | 01
#1060-d160 @A: 01 34 10 12 | 10
#1061-d160 @A: 34 15 10 25 | 04
#1062-d160 @A: 10 16 26 32 | 12
#1063-d160 @A: 10 33 12 16 | 03
#1064-d160 @A: 16 11 19 08 | 06
#1065-d160 @A: 06 16 07 35 | 11
#1066-d160 @A: 15 31 32 16 | 09
#1067-d160 @A: 02 32 27 16 | 07
#1068-d160 @A: 16 06 01 27 | 05
#1069-d160 @A: 16 24 10 27 | 08
#1070-d160 @A: 16 24 01 08 | 02
#1071-d160 @A: 26 18 03 19 | 01
#1072-d160 @A: 18 26 35 10 | 10
#1073-d160 @A: 12 32 18 26 | 04
#1074-d160 @A: 26 04 06 21 | 12
#1075-d160 @A: 26 04 25 35 | 03
#1076-d160 @A: 07 01 12 26 | 06
#1077-d160 @A: 27 05 26 15 | 11
#1078-d160 @A: 25 27 26 12 | 09
#1079-d160 @A: 26 29 13 08 | 07
#1080-d160 @A: 24 18 21 19 | 05
#1081-d160 @A: 22 18 30 35 | 08
#1082-d160 @A: 30 12 18 27 | 02
#1083-d160 @A: 31 29 18 07 | 01
#1084-d160 @A: 12 18 29 13 | 10
#1085-d160 @A: 15 18 03 17 | 04
#1086-d160 @A: 30 25 21 33 | 12
#1087-d160 @A: 24 33 30 22 | 03
#1088-d160 @A: 33 06 31 35 | 06
#1089-d160 @A: 05 31 33 32 | 11
#1090-d160 @A: 15 33 29 02 | 09
#1091-d160 @A: 25 33 01 02 | 07
#1092-d160 @A: 08 24 17 33 | 05
#1093-d160 @A: 19 27 25 04 | 08
#1094-d160 @A: 07 21 04 27 | 02
#1095-d160 @A: 17 13 21 04 | 01
#1096-d160 @A: 15 04 27 35 | 10
#1097-d160 @A: 04 05 35 24 | 04
#1098-d160 @A: 11 23 04 03 | 12
#1099-d160 @A: 04 02 29 25 | 03
#1100-d160 @A: 10 19 07 30 | 06
#1101-d160 @A: 32 29 35 19 | 11
#1102-d160 @A: 10 19 24 11 | 09
#1103-d160 @A: 12 19 15 27 | 07
#1104-d160 @A: 01 19 17 10 | 05
#1105-d160 @A: 03 08 19 25 | 08
#1106-d160 @A: 03 23 24 19 | 02
#1107-d160 @A: 30 03 11 35 | 01
#1108-d160 @A: 07 30 23 22 | 10
#1109-d160 @A: 17 08 30 15 | 04
#1110-d160 @A: 30 01 13 03 | 12
#1111-d160 @A: 22 21 08 05 | 03
#1112-d160 @A: 21 12 05 03 | 06
#1113-d160 @A: 21 15 25 01 | 11
#1114-d160 @A: 05 35 32 10 | 09
#1115-d160 @A: 35 23 15 07 | 07
#1116-d160 @A: 06 05 17 35 | 05
#1117-d160 @A: 23 35 13 29 | 08
#1118-d160 @A: 03 23 35 12 | 02
#1119-d160 @A: 29 23 12 32 | 01
#1120-d160 @A: 07 05 22 10 | 10
#1121-d160 @A: 23 25 11 31 | 04
#1122-d160 @A: 17 05 31 02 | 12
#1123-d160 @A: 31 29 15 25 | 03
#1124-d160 @A: 02 31 12 06 | 06
#1125-d160 @A: 22 13 15 11 | 11
#1126-d160 @A: 12 02 17 11 | 09
#1127-d160 @A: 11 24 12 08 | 07
#1128-d160 @A: 15 25 24 11 | 05
#1129-d160 @A: 22 23 27 06 | 08
#1130-d160 @A: 17 03 06 23 | 02
#1131-d160 @A: 14 16 20 33 | 01
#1132-d160 @A: 20 14 05 26 | 10
#1133-d160 @A: 14 20 23 18 | 04
#1134-d160 @A: 09 14 18 26 | 12
#1135-d160 @A: 28 21 12 14 | 03
#1136-d160 @A: 10 19 14 33 | 06
#1137-d160 @A: 03 07 04 14 | 11
#1138-d160 @A: 15 31 35 14 | 09
#1139-d160 @A: 01 14 15 17 | 07
#1140-d160 @A: 30 09 03 20 | 05
#1141-d160 @A: 20 07 15 09 | 08
#1142-d160 @A: 10 09 31 20 | 02
#1143-d160 @A: 13 09 20 11 | 01
#1144-d160 @A: 16 32 04 20 | 10
#1145-d160 @A: 35 16 20 27 | 04
#1146-d160 @A: 31 16 06 20 | 12
#1147-d160 @A: 20 18 17 11 | 03
#1148-d160 @A: 06 33 08 20 | 06
#1149-d160 @A: 19 17 20 25 | 11
#1150-d160 @A: 20 27 21 30 | 09
#1151-d160 @A: 05 30 15 20 | 07
#1152-d160 @A: 13 20 30 25 | 05
#1153-d160 @A: 20 11 35 29 | 08
#1154-d160 @A: 02 32 11 20 | 02
#1155-d160 @A: 05 11 20 08 | 01
#1156-d160 @A: 03 27 22 20 | 10
#1157-d160 @A: 02 12 27 20 | 04
#1158-d160 @A: 20 27 25 10 | 12
#1159-d160 @A: 04 09 32 28 | 03
#1160-d160 @A: 09 28 02 07 | 06
#1161-d160 @A: 09 34 16 25 | 11
#1162-d160 @A: 18 02 34 09 | 09
#1163-d160 @A: 09 11 16 27 | 07
#1164-d160 @A: 09 13 18 33 | 05
#1165-d160 @A: 05 18 09 10 | 08
#1166-d160 @A: 32 09 33 06 | 02
#1167-d160 @A: 09 05 13 04 | 01
#1168-d160 @A: 31 30 23 09 | 10
#1169-d160 @A: 31 09 21 05 | 04
#1170-d160 @A: 05 07 11 09 | 12
#1171-d160 @A: 03 22 09 11 | 03
#1172-d160 @A: 05 03 09 27 | 06
#1173-d160 @A: 09 08 15 13 | 11
#1174-d160 @A: 22 26 28 34 | 09
#1175-d160 @A: 29 32 34 28 | 07
#1176-d160 @A: 22 32 28 16 | 05
#1177-d160 @A: 28 26 06 07 | 08
#1178-d160 @A: 18 08 01 28 | 02
#1179-d160 @A: 19 21 33 28 | 01
#1180-d160 @A: 28 22 11 04 | 10
#1181-d160 @A: 12 01 04 28 | 04
#1182-d160 @A: 05 11 28 32 | 12
#1183-d160 @A: 11 07 28 01 | 03
#1184-d160 @A: 01 05 22 28 | 06
#1185-d160 @A: 32 30 16 34 | 11
#1186-d160 @A: 26 30 34 02 | 09
#1187-d160 @A: 31 34 25 18 | 07
#1188-d160 @A: 18 03 34 11 | 05
#1189-d160 @A: 34 12 04 35 | 08
#1190-d160 @A: 04 17 27 34 | 02
#1191-d160 @A: 01 34 24 04 | 01
#1192-d160 @A: 02 35 32 34 | 10
#1193-d160 @A: 27 29 10 34 | 04
#1194-d160 @A: 12 17 29 34 | 12
#1195-d160 @A: 01 02 17 34 | 03
#1196-d160 @A: 01 21 26 16 | 06
#1197-d160 @A: 26 31 16 02 | 11
#1198-d160 @A: 26 25 16 15 | 09
#1199-d160 @A: 27 16 18 31 | 07
#1200-d160 @A: 31 25 16 33 | 05
#1201-d160 @A: 30 15 16 07 | 08
#1202-d160 @A: 16 06 32 23 | 02
#1203-d160 @A: 16 05 27 17 | 01
#1204-d160 @A: 27 16 01 15 | 10
#1205-d160 @A: 27 25 03 16 | 04
#1206-d160 @A: 16 15 24 05 | 12
#1207-d160 @A: 02 15 16 12 | 03
#1208-d160 @A: 26 04 18 13 | 06
#1209-d160 @A: 19 02 26 06 | 11
#1210-d160 @A: 26 25 21 07 | 09
#1211-d160 @A: 05 08 31 26 | 07
#1212-d160 @A: 26 08 17 11 | 05
#1213-d160 @A: 24 22 02 26 | 08
#1214-d160 @A: 08 02 03 26 | 02
#1215-d160 @A: 25 23 26 08 | 01
#1216-d160 @A: 30 23 18 33 | 10
#1217-d160 @A: 04 19 22 18 | 04
#1218-d160 @A: 18 08 31 32 | 12
#1219-d160 @A: 15 11 18 07 | 03
#1220-d160 @A: 24 27 18 13 | 06
#1221-d160 @A: 18 05 22 13 | 11
#1222-d160 @A: 21 33 06 17 | 09
#1223-d160 @A: 33 23 12 05 | 07
#1224-d160 @A: 25 22 33 10 | 05
#1225-d160 @A: 01 33 24 06 | 08
#1226-d160 @A: 35 08 31 04 | 02
#1227-d160 @A: 07 25 08 04 | 01
#1228-d160 @A: 04 02 15 08 | 10
#1229-d160 @A: 08 03 10 04 | 04
#1230-d160 @A: 06 24 04 15 | 12
#1231-d160 @A: 35 11 27 19 | 03
#1232-d160 @A: 22 24 19 01 | 06
#1233-d160 @A: 23 13 19 01 | 11
#1234-d160 @A: 11 22 32 30 | 09
#1235-d160 @A: 15 30 10 11 | 07
#1236-d160 @A: 15 30 29 22 | 05
#1237-d160 @A: 13 30 22 08 | 08
#1238-d160 @A: 17 25 29 30 | 02
#1239-d160 @A: 06 35 10 21 | 01
#1240-d160 @A: 11 21 03 07 | 10
#1241-d160 @A: 05 21 24 02 | 04
#1242-d160 @A: 29 22 21 23 | 12
#1243-d160 @A: 12 25 31 35 | 03
#1244-d160 @A: 03 08 35 17 | 06
#1245-d160 @A: 17 32 10 22 | 11
#1246-d160 @A: 22 25 12 32 | 09
#1247-d160 @A: 32 29 12 06 | 07
#1248-d160 @A: 10 07 17 27 | 05
#1249-d160 @A: 12 06 07 08 | 08
#1250-d160 @A: 11 05 15 31 | 02
#1251-d160 @A: 27 08 29 31 | 01
#1252-d160 @A: 05 03 31 25 | 10
#1253-d160 @A: 03 01 31 29 | 04
#1254-d160 @A: 23 31 12 08 | 12
#1255-d160 @A: 25 01 08 31 | 03
#1256-d160 @A: 03 13 08 31 | 06
#1257-d160 @A: 02 11 22 08 | 11
#1258-d160 @A: 25 01 11 22 | 09
#1259-d160 @A: 03 25 11 17 | 07
#1260-d160 @A: 02 08 06 23 | 05
#1261-d160 @A: 20 14 12 34 | 08
#1262-d160 @A: 14 32 15 20 | 02
#1263-d160 @A: 17 14 16 19 | 01
#1264-d160 @A: 11 31 33 14 | 10
#1265-d160 @A: 19 14 29 31 | 04
#1266-d160 @A: 08 35 21 14 | 12
#1267-d160 @A: 10 07 14 35 | 03
#1268-d160 @A: 02 12 05 14 | 06
#1269-d160 @A: 06 25 22 14 | 11
#1270-d160 @A: 01 14 29 12 | 09
#1271-d160 @A: 14 24 02 15 | 07
#1272-d160 @A: 14 08 06 17 | 05
#1273-d160 @A: 17 14 10 24 | 08
#1274-d160 @A: 05 20 09 34 | 02
#1275-d160 @A: 33 22 09 20 | 01
#1276-d160 @A: 21 02 09 20 | 10
#1277-d160 @A: 09 35 17 20 | 04
#1278-d160 @A: 08 20 09 32 | 12
#1279-d160 @A: 28 20 07 18 | 03
#1280-d160 @A: 17 20 06 28 | 06
#1281-d160 @A: 04 20 08 34 | 11
#1282-d160 @A: 02 20 19 34 | 09
#1283-d160 @A: 03 32 20 34 | 07
#1284-d160 @A: 31 20 34 23 | 05
#1285-d160 @A: 18 20 16 24 | 08
#1286-d160 @A: 05 20 16 07 | 02
#1287-d160 @A: 03 20 16 13 | 01
#1288-d160 @A: 26 04 20 27 | 10
#1289-d160 @A: 20 35 12 26 | 04
#1290-d160 @A: 20 02 04 33 | 12
#1291-d160 @A: 20 31 19 08 | 03
#1292-d160 @A: 20 06 19 22 | 06
#1293-d160 @A: 20 30 11 31 | 11
#1294-d160 @A: 20 13 32 06 | 09
#1295-d160 @A: 23 29 20 07 | 07
#1296-d160 @A: 15 02 22 20 | 05
#1297-d160 @A: 03 28 09 16 | 08
#1298-d160 @A: 26 09 28 12 | 02
#1299-d160 @A: 09 04 34 21 | 01
#1300-d160 @A: 09 24 13 26 | 10
#1301-d160 @A: 33 29 21 09 | 04
#1302-d160 @A: 27 01 09 22 | 12
#1303-d160 @A: 01 09 06 10 | 03
#1304-d160 @A: 34 11 28 08 | 06
#1305-d160 @A: 27 26 31 28 | 11
#1306-d160 @A: 25 11 26 28 | 09
#1307-d160 @A: 21 28 18 29 | 07
#1308-d160 @A: 33 28 25 06 | 05
#1309-d160 @A: 28 10 30 35 | 08
#1310-d160 @A: 28 12 05 10 | 02
#1311-d160 @A: 28 06 12 23 | 01
#1312-d160 @A: 06 34 30 16 | 10
#1313-d160 @A: 16 34 35 13 | 04
#1314-d160 @A: 17 34 07 18 | 12
#1315-d160 @A: 34 11 22 19 | 03
#1316-d160 @A: 30 21 23 34 | 06
#1317-d160 @A: 30 35 34 07 | 11
#1318-d160 @A: 25 32 07 34 | 09
#1319-d160 @A: 23 07 34 11 | 07
#1320-d160 @A: 34 31 23 06 | 05
#1321-d160 @A: 06 34 11 02 | 08
#1322-d160 @A: 34 22 27 25 | 02
#1323-d160 @A: 27 34 15 23 | 01
#1324-d160 @A: 05 23 06 34 | 10
#1325-d160 @A: 01 34 29 15 | 04
#1326-d160 @A: 23 12 25 34 | 12
#1327-d160 @A: 26 18 05 16 | 03
#1328-d160 @A: 32 12 16 19 | 06
#1329-d160 @A: 29 16 10 21 | 11
#1330-d160 @A: 25 07 16 35 | 09
#1331-d160 @A: 31 16 17 08 | 07
#1332-d160 @A: 13 16 23 08 | 05
#1333-d160 @A: 16 06 15 03 | 08
#1334-d160 @A: 30 35 26 01 | 02
#1335-d160 @A: 02 15 07 26 | 01
#1336-d160 @A: 26 01 22 06 | 10
#1337-d160 @A: 07 04 18 02 | 04
#1338-d160 @A: 31 05 04 18 | 12
#1339-d160 @A: 08 18 04 29 | 03
#1340-d160 @A: 35 18 24 07 | 06
#1341-d160 @A: 18 11 25 35 | 11
#1342-d160 @A: 18 08 05 03 | 09
#1343-d160 @A: 22 17 01 18 | 07
#1344-d160 @A: 18 17 08 13 | 05
#1345-d160 @A: 23 06 25 18 | 08
#1346-d160 @A: 33 13 19 11 | 02
#1347-d160 @A: 29 33 19 25 | 01
#1348-d160 @A: 31 35 33 03 | 10
#1349-d160 @A: 11 33 35 08 | 04
#1350-d160 @A: 01 33 24 10 | 12
#1351-d160 @A: 32 04 06 30 | 03
#1352-d160 @A: 04 17 11 35 | 06
#1353-d160 @A: 10 04 01 35 | 11
#1354-d160 @A: 15 32 11 04 | 09
#1355-d160 @A: 15 31 07 04 | 07
#1356-d160 @A: 15 22 10 04 | 05
#1357-d160 @A: 03 29 04 13 | 08
#1358-d160 @A: 04 01 06 02 | 02
#1359-d160 @A: 11 30 25 19 | 01
#1360-d160 @A: 17 19 02 30 | 10
#1361-d160 @A: 21 31 27 19 | 04
#1362-d160 @A: 22 17 19 21 | 12
#1363-d160 @A: 08 19 35 07 | 03
#1364-d160 @A: 19 31 02 35 | 06
#1365-d160 @A: 10 31 19 15 | 11
#1366-d160 @A: 19 12 13 08 | 09
#1367-d160 @A: 30 02 21 32 | 07
#1368-d160 @A: 22 31 30 06 | 05
#1369-d160 @A: 02 30 03 15 | 08
#1370-d160 @A: 17 30 23 03 | 02
#1371-d160 @A: 24 21 03 35 | 01
#1372-d160 @A: 21 05 15 23 | 10
#1373-d160 @A: 22 01 21 02 | 04
#1374-d160 @A: 01 08 21 29 | 12
#1375-d160 @A: 25 10 21 08 | 03
#1376-d160 @A: 12 10 24 21 | 06
#1377-d160 @A: 35 32 13 12 | 11
#1378-d160 @A: 03 07 35 01 | 09
#1379-d160 @A: 12 05 08 35 | 07
#1380-d160 @A: 22 35 23 08 | 05
#1381-d160 @A: 02 29 35 12 | 08
#1382-d160 @A: 15 10 12 35 | 02
#1383-d160 @A: 32 15 12 05 | 01
#1384-d160 @A: 32 17 01 29 | 10
#1385-d160 @A: 08 32 29 03 | 04
#1386-d160 @A: 17 10 32 06 | 12
#1387-d160 @A: 08 22 06 07 | 03
#1388-d160 @A: 07 29 13 06 | 06
#1389-d160 @A: 01 07 17 08 | 11
#1390-d160 @A: 07 17 25 13 | 09
#1391-d160 @A: 10 08 07 15 | 07
#1392-d160 @A: 11 31 10 08 | 05
#1393-d160 @A: 27 31 06 05 | 08
#1394-d160 @A: 13 17 31 22 | 02
#1395-d160 @A: 15 02 31 23 | 01
#1396-d160 @A: 31 02 12 10 | 10
#1397-d160 @A: 10 13 25 31 | 04
#1398-d160 @A: 27 02 15 11 | 12
#1399-d160 @A: 23 05 17 11 | 03
#1400-d160 @A: 01 11 29 24 | 06
#1401-d160 @A: 31 14 20 13 | 11
#1402-d160 @A: 23 15 09 14 | 09
#1403-d160 @A: 01 26 28 14 | 07
#1404-d160 @A: 28 14 01 06 | 05
#1405-d160 @A: 14 18 03 16 | 08
#1406-d160 @A: 14 26 10 04 | 02
#1407-d160 @A: 12 11 14 26 | 01
#1408-d160 @A: 18 30 24 14 | 10
#1409-d160 @A: 14 25 03 33 | 04
#1410-d160 @A: 22 04 14 21 | 12
#1411-d160 @A: 14 35 01 19 | 03
#1412-d160 @A: 07 24 14 19 | 06
#1413-d160 @A: 14 12 23 19 | 11
#1414-d160 @A: 21 17 31 14 | 09
#1415-d160 @A: 13 14 11 21 | 07
#1416-d160 @A: 14 35 06 27 | 05
#1417-d160 @A: 14 22 07 11 | 08
#1418-d160 @A: 13 08 07 14 | 02
#1419-d160 @A: 08 17 14 27 | 01
#1420-d160 @A: 14 25 17 05 | 10
#1421-d160 @A: 08 03 24 14 | 04
#1422-d160 @A: 14 25 13 15 | 12
#1423-d160 @A: 10 28 20 26 | 03
#1424-d160 @A: 22 28 19 20 | 06
#1425-d160 @A: 28 03 17 20 | 11
#1426-d160 @A: 26 08 16 20 | 09
#1427-d160 @A: 19 10 20 16 | 07
#1428-d160 @A: 20 16 22 11 | 05
#1429-d160 @A: 26 30 20 33 | 08
#1430-d160 @A: 26 24 03 20 | 02
#1431-d160 @A: 33 20 08 18 | 01
#1432-d160 @A: 18 30 20 06 | 10
#1433-d160 @A: 33 24 20 12 | 04
#1434-d160 @A: 07 35 20 04 | 12
#1435-d160 @A: 24 20 29 04 | 03
#1436-d160 @A: 08 20 30 35 | 06
#1437-d160 @A: 32 29 20 21 | 11
#1438-d160 @A: 20 17 05 01 | 09
#1439-d160 @A: 20 15 10 01 | 07
#1440-d160 @A: 34 35 28 09 | 05
#1441-d160 @A: 34 11 29 09 | 08
#1442-d160 @A: 09 18 16 12 | 02
#1443-d160 @A: 09 33 23 16 | 01
#1444-d160 @A: 09 03 26 21 | 10
#1445-d160 @A: 07 09 26 27 | 04
#1446-d160 @A: 02 33 31 09 | 12
#1447-d160 @A: 09 01 31 19 | 03
#1448-d160 @A: 30 05 09 32 | 06
#1449-d160 @A: 24 31 09 35 | 11
#1450-d160 @A: 22 23 09 13 | 09
#1451-d160 @A: 02 09 23 03 | 07
#1452-d160 @A: 28 34 16 17 | 05
#1453-d160 @A: 28 34 04 18 | 08
#1454-d160 @A: 28 03 33 34 | 02
#1455-d160 @A: 28 26 29 16 | 01
#1456-d160 @A: 16 06 28 02 | 10
#1457-d160 @A: 28 08 32 26 | 04
#1458-d160 @A: 31 05 19 28 | 12
#1459-d160 @A: 28 17 12 19 | 03
#1460-d160 @A: 30 24 32 28 | 06
#1461-d160 @A: 23 35 28 24 | 11
#1462-d160 @A: 13 27 05 28 | 09
#1463-d160 @A: 15 05 28 29 | 07
#1464-d160 @A: 13 28 17 01 | 05
#1465-d160 @A: 33 02 34 16 | 08
#1466-d160 @A: 34 19 29 16 | 02
#1467-d160 @A: 12 11 34 16 | 01
#1468-d160 @A: 33 26 35 34 | 10
#1469-d160 @A: 10 33 11 34 | 04
#1470-d160 @A: 04 34 32 13 | 12
#1471-d160 @A: 19 17 31 34 | 03
#1472-d160 @A: 07 34 05 21 | 06
#1473-d160 @A: 34 17 35 10 | 11
#1474-d160 @A: 34 31 10 32 | 09
#1475-d160 @A: 34 22 01 07 | 07
#1476-d160 @A: 31 02 29 34 | 05
#1477-d160 @A: 01 27 34 03 | 08
#1478-d160 @A: 03 10 34 05 | 02
#1479-d160 @A: 08 10 02 34 | 01
#1480-d160 @A: 34 13 12 03 | 10
#1481-d160 @A: 33 16 27 21 | 04
#1482-d160 @A: 29 11 33 16 | 12
#1483-d160 @A: 16 19 04 02 | 03
#1484-d160 @A: 01 04 16 07 | 06
#1485-d160 @A: 29 04 27 16 | 11
#1486-d160 @A: 13 27 16 19 | 09
#1487-d160 @A: 29 06 16 19 | 07
#1488-d160 @A: 22 30 16 25 | 05
#1489-d160 @A: 35 21 16 02 | 08
#1490-d160 @A: 10 08 16 05 | 02
#1491-d160 @A: 03 12 16 08 | 01
#1492-d160 @A: 24 23 12 16 | 10
#1493-d160 @A: 26 10 31 30 | 04
#1494-d160 @A: 13 03 27 26 | 12
#1495-d160 @A: 26 25 17 02 | 03
#1496-d160 @A: 13 17 26 23 | 06
#1497-d160 @A: 17 01 26 24 | 11
#1498-d160 @A: 26 25 10 03 | 09
#1499-d160 @A: 29 30 19 18 | 07
#1500-d160 @A: 07 18 27 19 | 05
#1501-d160 @A: 18 12 31 19 | 08
#1502-d160 @A: 30 32 18 15 | 02
#1503-d160 @A: 31 02 30 18 | 01
#1504-d160 @A: 18 08 30 11 | 10
#1505-d160 @A: 01 29 35 18 | 04
#1506-d160 @A: 32 18 07 03 | 12
#1507-d160 @A: 32 18 24 22 | 03
#1508-d160 @A: 18 07 05 06 | 06
#1509-d160 @A: 13 25 18 03 | 11
#1510-d160 @A: 04 33 32 22 | 09
#1511-d160 @A: 31 04 33 29 | 07
#1512-d160 @A: 05 04 33 11 | 05
#1513-d160 @A: 06 10 04 33 | 08
#1514-d160 @A: 15 06 33 19 | 02
#1515-d160 @A: 05 24 33 27 | 01
#1516-d160 @A: 33 27 29 12 | 10
#1517-d160 @A: 17 33 02 10 | 04
#1518-d160 @A: 04 19 10 21 | 12
#1519-d160 @A: 04 02 11 21 | 03
#1520-d160 @A: 22 03 31 04 | 06
#1521-d160 @A: 04 27 12 23 | 11
#1522-d160 @A: 04 05 23 08 | 09
#1523-d160 @A: 04 05 25 01 | 07
#1524-d160 @A: 03 04 25 06 | 05
#1525-d160 @A: 19 35 30 12 | 08
#1526-d160 @A: 19 21 32 08 | 02
#1527-d160 @A: 23 17 19 35 | 01
#1528-d160 @A: 19 11 17 32 | 10
#1529-d160 @A: 10 19 27 05 | 04
#1530-d160 @A: 27 02 29 19 | 12
#1531-d160 @A: 02 19 01 12 | 03
#1532-d160 @A: 19 24 12 25 | 06
#1533-d160 @A: 07 25 03 30 | 11
#1534-d160 @A: 30 11 06 08 | 09
#1535-d160 @A: 02 30 23 27 | 07
#1536-d160 @A: 02 05 30 22 | 05
#1537-d160 @A: 13 29 24 30 | 08
#1538-d160 @A: 30 12 17 10 | 02
#1539-d160 @A: 27 32 21 22 | 01
#1540-d160 @A: 06 07 21 11 | 10
#1541-d160 @A: 23 27 01 21 | 04
#1542-d160 @A: 21 22 15 24 | 12
#1543-d160 @A: 29 02 03 21 | 03
#1544-d160 @A: 21 08 24 23 | 06
#1545-d160 @A: 13 35 05 15 | 11
#1546-d160 @A: 22 31 32 07 | 09
#1547-d160 @A: 32 25 02 13 | 07
#1548-d160 @A: 05 27 07 01 | 05
#1549-d160 @A: 31 15 27 13 | 08
#1550-d160 @A: 08 31 01 06 | 02
#1551-d160 @A: 15 29 11 17 | 01
#1552-d160 @A: 13 11 10 17 | 10
#1553-d160 @A: 23 15 06 11 | 04
#1554-d160 @A: 27 29 06 15 | 12
#1555-d160 @A: 24 08 06 03 | 03
#1556-d160 @A: 14 03 09 35 | 06
#1557-d160 @A: 09 27 14 32 | 11
#1558-d160 @A: 15 19 14 28 | 09
#1559-d160 @A: 16 34 14 08 | 07
#1560-d160 @A: 03 30 14 34 | 05
#1561-d160 @A: 11 34 14 15 | 08
#1562-d160 @A: 34 17 23 14 | 02
#1563-d160 @A: 29 26 14 03 | 01
#1564-d160 @A: 14 30 01 11 | 10
#1565-d160 @A: 14 21 07 29 | 04
#1566-d160 @A: 15 07 14 06 | 12
#1567-d160 @A: 02 22 17 14 | 03
#1568-d160 @A: 14 01 23 25 | 06
#1569-d160 @A: 13 14 24 23 | 11
#1570-d160 @A: 13 20 34 28 | 09
#1571-d160 @A: 29 20 33 28 | 07
#1572-d160 @A: 22 20 35 34 | 05
#1573-d160 @A: 21 20 04 15 | 08
#1574-d160 @A: 10 20 32 30 | 02
#1575-d160 @A: 30 20 12 23 | 01
#1576-d160 @A: 13 01 20 21 | 10
#1577-d160 @A: 20 07 06 01 | 04
#1578-d160 @A: 20 11 25 06 | 12
#1579-d160 @A: 20 22 29 05 | 03
#1580-d160 @A: 02 25 24 20 | 06
#1581-d160 @A: 09 19 13 28 | 11
#1582-d160 @A: 26 09 34 10 | 09
#1583-d160 @A: 32 34 09 22 | 07
#1584-d160 @A: 08 34 09 23 | 05
#1585-d160 @A: 09 18 06 16 | 08
#1586-d160 @A: 05 35 09 16 | 02
#1587-d160 @A: 26 17 19 09 | 01
#1588-d160 @A: 09 02 11 26 | 10
#1589-d160 @A: 35 32 18 09 | 04
#1590-d160 @A: 19 29 09 04 | 12
#1591-d160 @A: 30 09 17 11 | 03
#1592-d160 @A: 06 09 12 30 | 06
#1593-d160 @A: 21 23 09 07 | 11
#1594-d160 @A: 10 09 32 07 | 09
#1595-d160 @A: 09 01 13 07 | 07
#1596-d160 @A: 03 09 01 08 | 05
#1597-d160 @A: 11 15 16 28 | 08
#1598-d160 @A: 24 28 26 19 | 02
#1599-d160 @A: 04 27 33 28 | 01
#1600-d160 @A: 17 33 28 30 | 10
#1601-d160 @A: 28 33 01 35 | 04
#1602-d160 @A: 06 21 28 27 | 12
#1603-d160 @A: 17 07 28 35 | 03
#1604-d160 @A: 13 28 31 29 | 06
#1605-d160 @A: 06 28 24 31 | 11
#1606-d160 @A: 15 27 22 28 | 09
#1607-d160 @A: 29 28 06 05 | 07
#1608-d160 @A: 24 17 22 28 | 05
#1609-d160 @A: 28 23 03 29 | 08
#1610-d160 @A: 28 15 23 10 | 02
#1611-d160 @A: 04 16 34 22 | 01
#1612-d160 @A: 15 26 34 13 | 10
#1613-d160 @A: 35 34 04 06 | 04
#1614-d160 @A: 31 11 34 04 | 12
#1615-d160 @A: 19 01 30 34 | 03
#1616-d160 @A: 21 11 17 34 | 06
#1617-d160 @A: 08 24 22 34 | 11
#1618-d160 @A: 16 26 19 30 | 09
#1619-d160 @A: 11 16 25 04 | 07
#1620-d160 @A: 13 02 16 30 | 05
#1621-d160 @A: 07 12 21 16 | 08
#1622-d160 @A: 17 16 24 07 | 02
#1623-d160 @A: 05 16 23 29 | 01
#1624-d160 @A: 16 17 03 22 | 10
#1625-d160 @A: 26 30 18 25 | 04
#1626-d160 @A: 07 23 18 26 | 12
#1627-d160 @A: 15 33 26 04 | 03
#1628-d160 @A: 30 03 26 04 | 06
#1629-d160 @A: 12 26 19 29 | 11
#1630-d160 @A: 15 35 18 19 | 09
#1631-d160 @A: 05 21 01 18 | 07
#1632-d160 @A: 35 12 06 18 | 05
#1633-d160 @A: 18 31 03 23 | 08
#1634-d160 @A: 23 11 13 18 | 02
#1635-d160 @A: 02 18 24 01 | 01
#1636-d160 @A: 01 10 18 13 | 10
#1637-d160 @A: 04 07 33 10 | 04
#1638-d160 @A: 24 33 25 04 | 12
#1639-d160 @A: 33 21 15 32 | 03
#1640-d160 @A: 17 01 33 31 | 06
#1641-d160 @A: 33 15 17 27 | 11
#1642-d160 @A: 05 17 33 03 | 09
#1643-d160 @A: 13 08 02 33 | 07
#1644-d160 @A: 01 33 13 12 | 05
#1645-d160 @A: 31 19 04 06 | 08
#1646-d160 @A: 05 07 04 30 | 02
#1647-d160 @A: 29 10 04 17 | 01
#1648-d160 @A: 02 04 13 12 | 10
#1649-d160 @A: 17 08 12 04 | 04
#1650-d160 @A: 01 15 04 13 | 12
#1651-d160 @A: 25 03 12 04 | 03
#1652-d160 @A: 35 21 13 19 | 06
#1653-d160 @A: 19 21 29 11 | 11
#1654-d160 @A: 21 08 19 06 | 09
#1655-d160 @A: 03 21 19 01 | 07
#1656-d160 @A: 25 05 13 19 | 05
#1657-d160 @A: 08 19 02 23 | 08
#1658-d160 @A: 30 03 08 21 | 02
#1659-d160 @A: 29 05 03 30 | 01
#1660-d160 @A: 05 24 17 30 | 10
#1661-d160 @A: 29 02 01 30 | 04
#1662-d160 @A: 17 01 06 30 | 12
#1663-d160 @A: 30 01 25 24 | 03
#1664-d160 @A: 22 21 35 07 | 06
#1665-d160 @A: 10 21 31 35 | 11
#1666-d160 @A: 32 11 23 21 | 09
#1667-d160 @A: 32 06 05 21 | 07
#1668-d160 @A: 21 10 13 05 | 05
#1669-d160 @A: 21 13 25 29 | 08
#1670-d160 @A: 21 06 13 24 | 02
#1671-d160 @A: 15 32 08 35 | 01
#1672-d160 @A: 07 35 02 11 | 10
#1673-d160 @A: 22 10 02 35 | 04
#1674-d160 @A: 35 01 22 15 | 12
#1675-d160 @A: 17 35 24 12 | 03
#1676-d160 @A: 32 27 01 13 | 06
#1677-d160 @A: 25 10 29 32 | 11
#1678-d160 @A: 12 03 02 32 | 09
#1679-d160 @A: 08 32 17 23 | 07
#1680-d160 @A: 13 24 32 17 | 05
#1681-d160 @A: 02 07 05 25 | 08
#1682-d160 @A: 07 01 24 15 | 02
#1683-d160 @A: 31 27 25 17 | 01
#1684-d160 @A: 15 03 31 24 | 10
#1685-d160 @A: 06 15 31 10 | 04
#1686-d160 @A: 10 29 11 03 | 12
#1687-d160 @A: 23 11 02 24 | 03
#1688-d160 @A: 15 12 11 03 | 06
#1689-d160 @A: 13 03 27 06 | 11
