#0001-d165 @A: 16 12 28 07 | 11
#0002-d165 @A: 19 28 16 09 | 12
#0003-d165 @A: 17 05 21 28 | 08
#0004-d165 @A: 08 29 09 28 | 01
#0005-d165 @A: 28 29 25 10 | 07
#0006-d165 @A: 28 23 11 24 | 03
#0007-d165 @A: 28 04 02 05 | 06
#0008-d165 @A: 28 23 13 05 | 05
#0009-d165 @A: 11 21 20 28 | 04
#0010-d165 @A: 35 03 28 19 | 09
#0011-d165 @A: 28 12 03 22 | 10
#0012-d165 @A: 03 28 34 25 | 02
#0013-d165 @A: 09 28 35 10 | 11
#0014-d165 @A: 27 28 35 02 | 12
#0015-d165 @A: 35 28 22 06 | 08
#0016-d165 @A: 28 33 26 18 | 01
#0017-d165 @A: 28 27 12 14 | 07
#0018-d165 @A: 16 34 08 12 | 03
#0019-d165 @A: 30 11 16 29 | 06
#0020-d165 @A: 16 21 11 24 | 05
#0021-d165 @A: 31 24 07 16 | 04
#0022-d165 @A: 16 25 24 34 | 09
#0023-d165 @A: 21 16 15 35 | 10
#0024-d165 @A: 14 21 16 23 | 02
#0025-d165 @A: 27 16 03 02 | 11
#0026-d165 @A: 23 16 27 01 | 12
#0027-d165 @A: 11 10 16 20 | 08
#0028-d165 @A: 16 26 31 06 | 01
#0029-d165 @A: 16 12 10 06 | 07
#0030-d165 @A: 16 15 34 32 | 03
#0031-d165 @A: 08 27 17 03 | 06
#0032-d165 @A: 26 08 01 17 | 05
#0033-d165 @A: 21 24 17 06 | 04
#0034-d165 @A: 10 17 24 32 | 09
#0035-d165 @A: 03 26 17 21 | 10
#0036-d165 @A: 21 02 14 17 | 02
#0037-d165 @A: 17 22 01 03 | 11
#0038-d165 @A: 07 17 20 13 | 12
#0039-d165 @A: 02 22 07 17 | 08
#0040-d165 @A: 01 12 02 17 | 01
#0041-d165 @A: 04 10 17 06 | 07
#0042-d165 @A: 18 12 17 33 | 03
#0043-d165 @A: 33 17 04 32 | 06
#0044-d165 @A: 34 11 33 17 | 05
#0045-d165 @A: 32 17 18 09 | 04
#0046-d165 @A: 26 04 17 13 | 09
#0047-d165 @A: 24 08 07 26 | 10
#0048-d165 @A: 21 15 20 08 | 02
#0049-d165 @A: 30 08 21 18 | 11
#0050-d165 @A: 13 35 21 08 | 12
#0051-d165 @A: 03 04 06 08 | 08
#0052-d165 @A: 08 19 20 30 | 01
#0053-d165 @A: 20 31 08 11 | 07
#0054-d165 @A: 14 08 35 10 | 03
#0055-d165 @A: 08 35 23 26 | 06
#0056-d165 @A: 02 10 13 08 | 05
#0057-d165 @A: 08 04 34 19 | 04
#0058-d165 @A: 13 06 08 34 | 09
#0059-d165 @A: 07 24 29 19 | 10
#0060-d165 @A: 05 29 15 10 | 02
#0061-d165 @A: 19 29 27 21 | 11
#0062-d165 @A: 07 03 29 34 | 12
#0063-d165 @A: 23 29 34 10 | 08
#0064-d165 @A: 23 04 29 25 | 01
#0065-d165 @A: 25 19 13 29 | 07
#0066-d165 @A: 13 29 18 14 | 03
#0067-d165 @A: 29 04 15 06 | 06
#0068-d165 @A: 30 22 03 24 | 05
#0069-d165 @A: 07 06 24 33 | 04
#0070-d165 @A: 13 20 24 18 | 09
#0071-d165 @A: 06 10 24 35 | 10
#0072-d165 @A: 24 11 14 10 | 02
#0073-d165 @A: 21 01 15 05 | 11
#0074-d165 @A: 05 31 03 22 | 12
#0075-d165 @A: 07 20 05 15 | 08
#0076-d165 @A: 30 25 01 05 | 01
#0077-d165 @A: 20 05 22 19 | 07
#0078-d165 @A: 33 30 05 31 | 03
#0079-d165 @A: 31 35 05 19 | 06
#0080-d165 @A: 10 09 23 05 | 05
#0081-d165 @A: 02 15 06 05 | 04
#0082-d165 @A: 12 22 09 05 | 09
#0083-d165 @A: 05 04 22 13 | 10
#0084-d165 @A: 25 33 05 18 | 02
#0085-d165 @A: 34 15 33 05 | 11
#0086-d165 @A: 14 27 19 05 | 12
#0087-d165 @A: 05 19 32 13 | 08
#0088-d165 @A: 32 15 05 25 | 01
#0089-d165 @A: 03 21 06 22 | 07
#0090-d165 @A: 31 20 21 27 | 03
#0091-d165 @A: 21 06 02 30 | 06
#0092-d165 @A: 21 27 22 30 | 05
#0093-d165 @A: 25 21 32 35 | 04
#0094-d165 @A: 06 13 35 21 | 09
#0095-d165 @A: 18 04 19 21 | 10
#0096-d165 @A: 19 15 21 06 | 02
#0097-d165 @A: 04 21 32 11 | 11
#0098-d165 @A: 31 15 20 03 | 12
#0099-d165 @A: 26 10 31 03 | 08
#0100-d165 @A: 32 09 22 03 | 01
#0101-d165 @A: 18 14 03 26 | 07
#0102-d165 @A: 14 13 03 04 | 03
#0103-d165 @A: 12 07 01 23 | 06
#0104-d165 @A: 04 01 07 22 | 05
#0105-d165 @A: 20 31 07 18 | 04
#0106-d165 @A: 07 19 27 09 | 09
#0107-d165 @A: 14 07 27 34 | 10
#0108-d165 @A: 15 09 32 07 | 02
#0109-d165 @A: 34 04 07 26 | 11
#0110-d165 @A: 15 01 20 22 | 12
#0111-d165 @A: 14 01 20 25 | 08
#0112-d165 @A: 18 31 01 35 | 01
#0113-d165 @A: 01 32 35 10 | 07
#0114-d165 @A: 01 02 35 25 | 03
#0115-d165 @A: 12 01 11 19 | 06
#0116-d165 @A: 09 18 01 26 | 05
#0117-d165 @A: 25 14 01 06 | 04
#0118-d165 @A: 34 31 20 35 | 09
#0119-d165 @A: 23 18 20 10 | 10
#0120-d165 @A: 33 13 26 20 | 02
#0121-d165 @A: 18 34 20 09 | 11
#0122-d165 @A: 10 02 12 30 | 12
#0123-d165 @A: 30 15 22 14 | 08
#0124-d165 @A: 27 19 30 11 | 01
#0125-d165 @A: 13 30 27 18 | 07
#0126-d165 @A: 30 32 14 25 | 03
#0127-d165 @A: 34 25 30 13 | 06
#0128-d165 @A: 14 09 34 30 | 05
#0129-d165 @A: 04 12 30 27 | 04
#0130-d165 @A: 26 06 11 30 | 09
#0131-d165 @A: 23 35 10 25 | 10
#0132-d165 @A: 18 33 22 31 | 02
#0133-d165 @A: 31 34 22 11 | 11
#0134-d165 @A: 19 27 06 31 | 12
#0135-d165 @A: 18 27 31 11 | 08
#0136-d165 @A: 10 18 19 14 | 01
#0137-d165 @A: 25 15 23 02 | 07
#0138-d165 @A: 34 22 02 09 | 03
#0139-d165 @A: 34 33 02 19 | 06
#0140-d165 @A: 13 12 33 02 | 05
#0141-d165 @A: 19 02 14 26 | 04
#0142-d165 @A: 13 32 34 02 | 09
#0143-d165 @A: 09 33 04 23 | 10
#0144-d165 @A: 23 25 34 11 | 02
#0145-d165 @A: 12 23 32 26 | 11
#0146-d165 @A: 33 06 09 13 | 12
#0147-d165 @A: 28 04 30 16 | 08
#0148-d165 @A: 02 16 26 28 | 01
#0149-d165 @A: 20 18 28 08 | 07
#0150-d165 @A: 05 29 31 28 | 03
#0151-d165 @A: 29 21 26 28 | 06
#0152-d165 @A: 30 28 03 33 | 05
#0153-d165 @A: 03 28 23 02 | 04
#0154-d165 @A: 23 28 07 32 | 09
#0155-d165 @A: 22 11 28 02 | 10
#0156-d165 @A: 19 28 33 15 | 02
#0157-d165 @A: 33 25 28 13 | 11
#0158-d165 @A: 11 26 34 28 | 12
#0159-d165 @A: 16 17 20 15 | 08
#0160-d165 @A: 29 16 26 08 | 01
#0161-d165 @A: 07 08 16 33 | 07
#0162-d165 @A: 15 14 16 08 | 03
#0163-d165 @A: 11 16 06 29 | 06
#0164-d165 @A: 16 02 05 18 | 05
#0165-d165 @A: 20 16 21 06 | 04
#0166-d165 @A: 35 03 26 16 | 09
#0167-d165 @A: 11 07 18 16 | 10
#0168-d165 @A: 16 14 19 13 | 02
#0169-d165 @A: 18 16 15 27 | 11
#0170-d165 @A: 14 11 27 16 | 12
#0171-d165 @A: 12 04 15 16 | 08
#0172-d165 @A: 16 09 27 12 | 01
#0173-d165 @A: 05 35 17 32 | 07
#0174-d165 @A: 25 17 23 05 | 03
#0175-d165 @A: 33 05 17 06 | 06
#0176-d165 @A: 21 35 17 31 | 05
#0177-d165 @A: 17 27 11 21 | 04
#0178-d165 @A: 17 02 34 20 | 09
#0179-d165 @A: 31 17 30 26 | 10
#0180-d165 @A: 27 17 31 25 | 02
#0181-d165 @A: 17 13 22 11 | 11
#0182-d165 @A: 04 17 11 15 | 12
#0183-d165 @A: 21 08 24 04 | 08
#0184-d165 @A: 24 12 01 08 | 01
#0185-d165 @A: 23 24 08 27 | 07
#0186-d165 @A: 08 13 22 24 | 03
#0187-d165 @A: 11 01 08 05 | 06
#0188-d165 @A: 30 34 05 08 | 05
#0189-d165 @A: 25 05 35 08 | 04
#0190-d165 @A: 26 21 31 08 | 09
#0191-d165 @A: 08 23 01 15 | 10
#0192-d165 @A: 32 02 20 08 | 02
#0193-d165 @A: 31 08 10 27 | 11
#0194-d165 @A: 15 08 31 22 | 12
#0195-d165 @A: 02 26 08 18 | 08
#0196-d165 @A: 08 11 04 22 | 01
#0197-d165 @A: 32 08 06 27 | 07
#0198-d165 @A: 09 15 26 08 | 03
#0199-d165 @A: 24 20 29 06 | 06
#0200-d165 @A: 05 29 04 01 | 05
#0201-d165 @A: 29 18 03 21 | 04
#0202-d165 @A: 35 21 29 34 | 09
#0203-d165 @A: 03 27 10 29 | 10
#0204-d165 @A: 03 29 33 19 | 02
#0205-d165 @A: 29 07 27 01 | 11
#0206-d165 @A: 29 10 20 35 | 12
#0207-d165 @A: 12 29 32 35 | 08
#0208-d165 @A: 04 10 31 29 | 01
#0209-d165 @A: 29 25 27 33 | 07
#0210-d165 @A: 11 19 29 32 | 03
#0211-d165 @A: 24 05 14 03 | 06
#0212-d165 @A: 20 01 05 24 | 05
#0213-d165 @A: 03 07 24 15 | 04
#0214-d165 @A: 10 24 03 01 | 09
#0215-d165 @A: 12 23 14 24 | 10
#0216-d165 @A: 34 18 24 33 | 02
#0217-d165 @A: 27 24 33 11 | 11
#0218-d165 @A: 09 32 24 06 | 12
#0219-d165 @A: 05 12 01 03 | 08
#0220-d165 @A: 07 10 05 19 | 01
#0221-d165 @A: 04 05 30 10 | 07
#0222-d165 @A: 02 32 05 33 | 03
#0223-d165 @A: 09 05 33 14 | 06
#0224-d165 @A: 05 13 11 33 | 05
#0225-d165 @A: 05 15 09 04 | 04
#0226-d165 @A: 21 35 10 11 | 09
#0227-d165 @A: 31 15 10 21 | 10
#0228-d165 @A: 21 31 32 02 | 02
#0229-d165 @A: 07 03 11 04 | 11
#0230-d165 @A: 02 03 13 20 | 12
#0231-d165 @A: 25 03 11 35 | 08
#0232-d165 @A: 23 03 14 10 | 01
#0233-d165 @A: 03 22 27 14 | 07
#0234-d165 @A: 34 13 33 03 | 03
#0235-d165 @A: 09 33 03 27 | 06
#0236-d165 @A: 11 27 34 03 | 05
#0237-d165 @A: 01 26 02 07 | 04
#0238-d165 @A: 22 07 09 31 | 09
#0239-d165 @A: 27 02 07 10 | 10
#0240-d165 @A: 32 10 07 04 | 02
#0241-d165 @A: 34 15 23 07 | 11
#0242-d165 @A: 23 07 26 06 | 12
#0243-d165 @A: 34 22 13 07 | 08
#0244-d165 @A: 07 34 12 18 | 01
#0245-d165 @A: 11 07 06 27 | 07
#0246-d165 @A: 35 30 26 01 | 03
#0247-d165 @A: 01 30 14 19 | 06
#0248-d165 @A: 06 01 35 34 | 05
#0249-d165 @A: 33 01 09 22 | 04
#0250-d165 @A: 12 01 22 32 | 09
#0251-d165 @A: 19 01 27 15 | 10
#0252-d165 @A: 25 01 04 27 | 02
#0253-d165 @A: 25 26 01 11 | 11
#0254-d165 @A: 02 12 27 20 | 12
#0255-d165 @A: 27 20 19 18 | 08
#0256-d165 @A: 09 11 32 20 | 01
#0257-d165 @A: 20 04 11 06 | 07
#0258-d165 @A: 18 14 35 30 | 03
#0259-d165 @A: 34 27 30 33 | 06
#0260-d165 @A: 13 15 30 33 | 05
#0261-d165 @A: 27 06 13 30 | 04
#0262-d165 @A: 12 15 35 10 | 09
#0263-d165 @A: 22 35 12 13 | 10
#0264-d165 @A: 12 35 34 33 | 02
#0265-d165 @A: 19 09 25 35 | 11
#0266-d165 @A: 25 31 34 33 | 12
#0267-d165 @A: 31 34 19 27 | 08
#0268-d165 @A: 31 34 18 13 | 01
#0269-d165 @A: 31 25 32 12 | 07
#0270-d165 @A: 33 10 14 27 | 03
#0271-d165 @A: 06 32 19 10 | 06
#0272-d165 @A: 02 34 23 04 | 05
#0273-d165 @A: 14 02 15 09 | 04
#0274-d165 @A: 02 13 14 27 | 09
#0275-d165 @A: 09 06 27 02 | 10
#0276-d165 @A: 25 23 19 32 | 02
#0277-d165 @A: 23 18 12 11 | 11
#0278-d165 @A: 19 26 06 13 | 12
#0279-d165 @A: 16 03 24 28 | 08
#0280-d165 @A: 33 05 16 28 | 01
#0281-d165 @A: 16 28 06 33 | 07
#0282-d165 @A: 17 13 28 03 | 03
#0283-d165 @A: 17 31 28 22 | 06
#0284-d165 @A: 32 24 29 28 | 05
#0285-d165 @A: 29 28 07 04 | 04
#0286-d165 @A: 28 14 24 01 | 09
#0287-d165 @A: 20 28 22 24 | 10
#0288-d165 @A: 24 30 28 34 | 02
#0289-d165 @A: 28 26 31 24 | 11
#0290-d165 @A: 21 32 01 28 | 12
#0291-d165 @A: 04 31 28 21 | 08
#0292-d165 @A: 34 07 20 28 | 01
#0293-d165 @A: 01 28 18 02 | 07
#0294-d165 @A: 28 32 14 22 | 03
#0295-d165 @A: 28 34 33 09 | 06
#0296-d165 @A: 11 28 33 12 | 05
#0297-d165 @A: 28 19 06 04 | 04
#0298-d165 @A: 28 04 18 11 | 09
#0299-d165 @A: 15 11 28 32 | 10
#0300-d165 @A: 26 04 28 27 | 02
#0301-d165 @A: 17 31 32 16 | 11
#0302-d165 @A: 24 08 30 16 | 12
#0303-d165 @A: 09 05 08 16 | 08
#0304-d165 @A: 08 19 01 16 | 01
#0305-d165 @A: 16 06 14 08 | 07
#0306-d165 @A: 05 14 29 16 | 03
#0307-d165 @A: 10 29 09 16 | 06
#0308-d165 @A: 04 07 16 21 | 05
#0309-d165 @A: 33 21 16 31 | 04
#0310-d165 @A: 01 31 16 22 | 09
#0311-d165 @A: 06 19 01 16 | 10
#0312-d165 @A: 16 15 30 02 | 02
#0313-d165 @A: 23 16 04 10 | 11
#0314-d165 @A: 25 33 15 16 | 12
#0315-d165 @A: 26 25 16 14 | 08
#0316-d165 @A: 17 07 31 08 | 01
#0317-d165 @A: 23 29 17 18 | 07
#0318-d165 @A: 29 17 19 06 | 03
#0319-d165 @A: 21 13 24 17 | 06
#0320-d165 @A: 07 24 17 14 | 05
#0321-d165 @A: 27 17 01 24 | 04
#0322-d165 @A: 27 17 02 05 | 09
#0323-d165 @A: 19 17 35 07 | 10
#0324-d165 @A: 10 07 17 11 | 02
#0325-d165 @A: 20 25 17 11 | 11
#0326-d165 @A: 35 23 27 17 | 12
#0327-d165 @A: 17 15 22 33 | 08
#0328-d165 @A: 34 12 14 17 | 01
#0329-d165 @A: 27 14 17 06 | 07
#0330-d165 @A: 06 09 17 12 | 03
#0331-d165 @A: 29 08 15 03 | 06
#0332-d165 @A: 13 27 29 08 | 05
#0333-d165 @A: 09 24 08 10 | 04
#0334-d165 @A: 10 05 33 08 | 09
#0335-d165 @A: 05 08 06 10 | 10
#0336-d165 @A: 30 01 08 03 | 02
#0337-d165 @A: 30 11 08 02 | 11
#0338-d165 @A: 25 14 34 08 | 12
#0339-d165 @A: 08 12 15 11 | 08
#0340-d165 @A: 29 20 24 31 | 01
#0341-d165 @A: 29 32 21 05 | 07
#0342-d165 @A: 06 13 03 29 | 03
#0343-d165 @A: 13 29 07 35 | 06
#0344-d165 @A: 29 23 07 02 | 05
#0345-d165 @A: 11 23 31 29 | 04
#0346-d165 @A: 10 29 02 32 | 09
#0347-d165 @A: 10 29 12 19 | 10
#0348-d165 @A: 13 22 33 29 | 02
#0349-d165 @A: 34 27 29 22 | 11
#0350-d165 @A: 12 27 06 29 | 12
#0351-d165 @A: 24 05 15 35 | 08
#0352-d165 @A: 32 03 24 31 | 01
#0353-d165 @A: 09 24 02 07 | 07
#0354-d165 @A: 24 07 18 22 | 03
#0355-d165 @A: 26 24 22 01 | 06
#0356-d165 @A: 24 19 25 10 | 05
#0357-d165 @A: 27 18 24 32 | 04
#0358-d165 @A: 24 25 27 13 | 09
#0359-d165 @A: 11 13 34 24 | 10
#0360-d165 @A: 20 05 04 21 | 02
#0361-d165 @A: 21 19 05 23 | 11
#0362-d165 @A: 03 27 07 05 | 12
#0363-d165 @A: 15 23 05 03 | 08
#0364-d165 @A: 25 07 31 05 | 01
#0365-d165 @A: 01 27 05 31 | 07
#0366-d165 @A: 35 27 18 05 | 03
#0367-d165 @A: 23 05 12 31 | 06
#0368-d165 @A: 21 18 12 35 | 05
#0369-d165 @A: 10 27 23 21 | 04
#0370-d165 @A: 21 26 13 18 | 09
#0371-d165 @A: 07 03 10 09 | 10
#0372-d165 @A: 30 34 03 35 | 02
#0373-d165 @A: 25 03 10 30 | 11
#0374-d165 @A: 35 03 02 06 | 12
#0375-d165 @A: 33 06 03 19 | 08
#0376-d165 @A: 15 14 33 03 | 01
#0377-d165 @A: 19 03 12 18 | 07
#0378-d165 @A: 12 25 03 04 | 03
#0379-d165 @A: 30 12 20 07 | 06
#0380-d165 @A: 07 35 14 23 | 05
#0381-d165 @A: 33 07 11 35 | 04
#0382-d165 @A: 31 23 07 27 | 09
#0383-d165 @A: 25 07 27 32 | 10
#0384-d165 @A: 09 11 07 34 | 02
#0385-d165 @A: 01 20 23 04 | 11
#0386-d165 @A: 01 34 33 10 | 12
#0387-d165 @A: 34 19 01 22 | 08
#0388-d165 @A: 12 09 14 01 | 01
#0389-d165 @A: 13 01 32 26 | 07
#0390-d165 @A: 04 34 01 09 | 03
#0391-d165 @A: 20 15 06 30 | 06
#0392-d165 @A: 18 35 22 20 | 05
#0393-d165 @A: 13 25 10 20 | 04
#0394-d165 @A: 11 33 20 14 | 09
#0395-d165 @A: 12 19 13 20 | 10
#0396-d165 @A: 15 20 09 19 | 02
#0397-d165 @A: 20 04 18 14 | 11
#0398-d165 @A: 04 20 13 27 | 12
#0399-d165 @A: 27 25 30 09 | 08
#0400-d165 @A: 32 06 35 31 | 01
#0401-d165 @A: 13 35 26 31 | 07
#0402-d165 @A: 34 35 04 25 | 03
#0403-d165 @A: 31 12 22 26 | 06
#0404-d165 @A: 09 18 04 31 | 05
#0405-d165 @A: 13 06 18 31 | 04
#0406-d165 @A: 15 12 27 31 | 09
#0407-d165 @A: 22 34 10 26 | 10
#0408-d165 @A: 27 22 10 15 | 02
#0409-d165 @A: 14 32 12 10 | 11
#0410-d165 @A: 13 34 14 10 | 12
#0411-d165 @A: 04 34 10 11 | 08
#0412-d165 @A: 02 18 33 09 | 01
#0413-d165 @A: 02 04 33 15 | 07
#0414-d165 @A: 25 32 11 02 | 03
#0415-d165 @A: 02 12 11 34 | 06
#0416-d165 @A: 14 33 34 23 | 05
#0417-d165 @A: 25 14 23 13 | 04
#0418-d165 @A: 09 04 18 06 | 09
#0419-d165 @A: 11 16 28 17 | 10
#0420-d165 @A: 28 17 06 26 | 02
#0421-d165 @A: 28 29 11 03 | 11
#0422-d165 @A: 28 05 35 14 | 12
#0423-d165 @A: 15 28 05 18 | 08
#0424-d165 @A: 35 33 21 28 | 01
#0425-d165 @A: 28 18 31 03 | 07
#0426-d165 @A: 06 28 07 18 | 03
#0427-d165 @A: 11 01 28 10 | 06
#0428-d165 @A: 02 33 20 28 | 05
#0429-d165 @A: 32 25 28 20 | 04
#0430-d165 @A: 30 14 28 02 | 09
#0431-d165 @A: 34 35 23 28 | 10
#0432-d165 @A: 32 10 26 28 | 02
#0433-d165 @A: 32 28 33 27 | 11
#0434-d165 @A: 32 28 34 18 | 12
#0435-d165 @A: 16 19 29 35 | 08
#0436-d165 @A: 20 16 12 21 | 01
#0437-d165 @A: 06 32 03 16 | 07
#0438-d165 @A: 16 07 27 30 | 03
#0439-d165 @A: 16 23 25 31 | 06
#0440-d165 @A: 18 10 16 34 | 05
#0441-d165 @A: 16 10 13 15 | 04
#0442-d165 @A: 33 02 16 22 | 09
#0443-d165 @A: 15 19 22 16 | 10
#0444-d165 @A: 26 22 16 18 | 02
#0445-d165 @A: 27 34 04 16 | 11
#0446-d165 @A: 20 08 12 17 | 12
#0447-d165 @A: 25 10 17 08 | 08
#0448-d165 @A: 08 19 18 17 | 01
#0449-d165 @A: 01 11 17 29 | 07
#0450-d165 @A: 10 17 13 29 | 03
#0451-d165 @A: 24 19 17 05 | 06
#0452-d165 @A: 05 10 22 17 | 05
#0453-d165 @A: 30 21 17 19 | 04
#0454-d165 @A: 23 21 12 17 | 09
#0455-d165 @A: 18 03 17 30 | 10
#0456-d165 @A: 10 03 17 15 | 02
#0457-d165 @A: 26 07 17 33 | 11
#0458-d165 @A: 17 09 35 01 | 12
#0459-d165 @A: 04 17 18 34 | 08
#0460-d165 @A: 13 15 18 17 | 01
#0461-d165 @A: 34 13 09 17 | 07
#0462-d165 @A: 24 29 08 14 | 03
#0463-d165 @A: 05 08 19 29 | 06
#0464-d165 @A: 01 22 29 08 | 05
#0465-d165 @A: 02 24 08 34 | 04
#0466-d165 @A: 09 08 21 23 | 09
#0467-d165 @A: 21 08 11 33 | 10
#0468-d165 @A: 08 23 03 34 | 02
#0469-d165 @A: 07 34 08 10 | 11
#0470-d165 @A: 19 23 08 07 | 12
#0471-d165 @A: 08 33 02 01 | 08
#0472-d165 @A: 30 31 35 08 | 01
#0473-d165 @A: 08 33 06 18 | 07
#0474-d165 @A: 08 18 32 14 | 03
#0475-d165 @A: 18 08 11 09 | 06
#0476-d165 @A: 04 08 15 25 | 05
#0477-d165 @A: 01 13 30 29 | 04
#0478-d165 @A: 29 15 01 35 | 09
#0479-d165 @A: 30 29 35 04 | 10
#0480-d165 @A: 25 22 29 11 | 02
#0481-d165 @A: 29 19 34 15 | 11
#0482-d165 @A: 09 12 29 13 | 12
#0483-d165 @A: 24 26 05 23 | 08
#0484-d165 @A: 24 35 21 14 | 01
#0485-d165 @A: 31 24 18 21 | 07
#0486-d165 @A: 18 01 06 24 | 03
#0487-d165 @A: 35 25 30 24 | 06
#0488-d165 @A: 35 04 24 10 | 05
#0489-d165 @A: 23 35 09 24 | 04
#0490-d165 @A: 12 33 25 24 | 09
#0491-d165 @A: 25 14 24 18 | 10
#0492-d165 @A: 24 14 09 27 | 02
#0493-d165 @A: 14 13 24 26 | 11
#0494-d165 @A: 04 13 24 12 | 12
#0495-d165 @A: 31 05 21 13 | 08
#0496-d165 @A: 21 22 05 25 | 01
#0497-d165 @A: 21 05 11 18 | 07
#0498-d165 @A: 05 30 03 09 | 03
#0499-d165 @A: 11 05 03 10 | 06
#0500-d165 @A: 26 05 01 19 | 05
#0501-d165 @A: 13 20 05 30 | 04
#0502-d165 @A: 20 35 05 12 | 09
#0503-d165 @A: 31 05 02 15 | 10
#0504-d165 @A: 19 05 18 09 | 02
#0505-d165 @A: 13 06 05 04 | 11
#0506-d165 @A: 22 21 35 03 | 12
#0507-d165 @A: 09 21 31 03 | 08
#0508-d165 @A: 31 07 34 21 | 01
#0509-d165 @A: 21 02 07 33 | 07
#0510-d165 @A: 27 21 06 07 | 03
#0511-d165 @A: 21 35 27 01 | 06
#0512-d165 @A: 21 19 10 32 | 05
#0513-d165 @A: 34 15 02 21 | 04
#0514-d165 @A: 26 21 34 23 | 09
#0515-d165 @A: 25 21 18 34 | 10
#0516-d165 @A: 14 34 21 11 | 02
#0517-d165 @A: 07 03 06 09 | 11
#0518-d165 @A: 18 03 04 01 | 12
#0519-d165 @A: 30 20 04 03 | 08
#0520-d165 @A: 12 14 02 03 | 01
#0521-d165 @A: 09 03 25 14 | 07
#0522-d165 @A: 12 03 26 13 | 03
#0523-d165 @A: 33 07 01 13 | 06
#0524-d165 @A: 07 23 10 26 | 05
#0525-d165 @A: 07 19 22 33 | 04
#0526-d165 @A: 01 20 35 13 | 09
#0527-d165 @A: 31 30 32 01 | 10
#0528-d165 @A: 22 25 18 01 | 02
#0529-d165 @A: 04 15 32 01 | 11
#0530-d165 @A: 11 01 13 06 | 12
#0531-d165 @A: 20 25 34 22 | 08
#0532-d165 @A: 20 32 14 27 | 01
#0533-d165 @A: 13 09 20 14 | 07
#0534-d165 @A: 19 10 35 30 | 03
#0535-d165 @A: 30 31 06 33 | 06
#0536-d165 @A: 23 10 15 30 | 05
#0537-d165 @A: 30 13 04 23 | 04
#0538-d165 @A: 04 33 22 30 | 09
#0539-d165 @A: 30 25 22 26 | 10
#0540-d165 @A: 30 19 34 18 | 02
#0541-d165 @A: 30 09 13 11 | 11
#0542-d165 @A: 34 35 32 19 | 12
#0543-d165 @A: 19 35 04 26 | 08
#0544-d165 @A: 12 26 35 11 | 01
#0545-d165 @A: 31 13 04 19 | 07
#0546-d165 @A: 31 11 09 25 | 03
#0547-d165 @A: 10 02 06 14 | 06
#0548-d165 @A: 18 22 10 04 | 05
#0549-d165 @A: 15 14 25 10 | 04
#0550-d165 @A: 12 02 22 23 | 09
#0551-d165 @A: 19 23 18 02 | 10
#0552-d165 @A: 02 23 11 14 | 02
#0553-d165 @A: 23 02 26 13 | 11
#0554-d165 @A: 02 32 19 27 | 12
#0555-d165 @A: 09 12 02 19 | 08
#0556-d165 @A: 22 09 23 06 | 01
#0557-d165 @A: 26 22 23 04 | 07
#0558-d165 @A: 15 23 14 04 | 03
#0559-d165 @A: 16 31 27 28 | 06
#0560-d165 @A: 28 17 20 19 | 05
#0561-d165 @A: 23 17 04 28 | 04
#0562-d165 @A: 23 29 28 27 | 09
#0563-d165 @A: 24 21 28 15 | 10
#0564-d165 @A: 05 28 27 20 | 02
#0565-d165 @A: 34 28 06 03 | 11
#0566-d165 @A: 10 15 28 07 | 12
#0567-d165 @A: 35 01 28 12 | 08
#0568-d165 @A: 23 28 01 25 | 01
#0569-d165 @A: 01 23 06 28 | 07
#0570-d165 @A: 10 06 28 27 | 03
#0571-d165 @A: 33 28 22 23 | 06
#0572-d165 @A: 13 28 11 19 | 05
#0573-d165 @A: 05 17 04 16 | 04
#0574-d165 @A: 16 08 21 10 | 09
#0575-d165 @A: 16 04 08 02 | 10
#0576-d165 @A: 07 29 16 32 | 02
#0577-d165 @A: 16 12 23 29 | 11
#0578-d165 @A: 16 32 24 05 | 12
#0579-d165 @A: 02 16 24 13 | 08
#0580-d165 @A: 05 16 27 21 | 01
#0581-d165 @A: 34 16 03 31 | 07
#0582-d165 @A: 12 16 10 03 | 03
#0583-d165 @A: 16 14 01 04 | 06
#0584-d165 @A: 20 02 16 23 | 05
#0585-d165 @A: 16 32 10 30 | 04
#0586-d165 @A: 16 04 35 31 | 09
#0587-d165 @A: 11 16 02 31 | 10
#0588-d165 @A: 25 16 11 04 | 02
#0589-d165 @A: 15 17 08 24 | 11
#0590-d165 @A: 29 17 21 25 | 12
#0591-d165 @A: 22 29 17 26 | 08
#0592-d165 @A: 24 26 17 02 | 01
#0593-d165 @A: 17 14 01 05 | 07
#0594-d165 @A: 04 31 14 17 | 03
#0595-d165 @A: 25 22 14 17 | 06
#0596-d165 @A: 20 08 04 29 | 05
#0597-d165 @A: 08 21 32 12 | 04
#0598-d165 @A: 08 03 14 20 | 09
#0599-d165 @A: 32 07 08 01 | 10
#0600-d165 @A: 08 20 07 27 | 02
#0601-d165 @A: 01 35 04 08 | 11
#0602-d165 @A: 01 08 10 18 | 12
#0603-d165 @A: 08 20 10 22 | 08
#0604-d165 @A: 35 06 15 08 | 01
#0605-d165 @A: 08 02 31 14 | 07
#0606-d165 @A: 06 02 11 08 | 03
#0607-d165 @A: 08 25 23 18 | 06
#0608-d165 @A: 25 09 08 22 | 05
#0609-d165 @A: 13 08 19 15 | 04
#0610-d165 @A: 15 34 18 08 | 09
#0611-d165 @A: 08 25 13 11 | 10
#0612-d165 @A: 05 02 13 29 | 02
#0613-d165 @A: 21 29 30 31 | 11
#0614-d165 @A: 20 09 29 07 | 12
#0615-d165 @A: 29 20 30 34 | 08
#0616-d165 @A: 06 29 23 25 | 01
#0617-d165 @A: 26 18 29 19 | 07
#0618-d165 @A: 24 03 19 21 | 03
#0619-d165 @A: 24 21 22 02 | 06
#0620-d165 @A: 03 20 24 12 | 05
#0621-d165 @A: 24 27 35 03 | 04
#0622-d165 @A: 13 24 09 03 | 09
#0623-d165 @A: 20 07 24 32 | 10
#0624-d165 @A: 04 24 23 07 | 02
#0625-d165 @A: 04 24 06 30 | 11
#0626-d165 @A: 35 18 24 02 | 12
#0627-d165 @A: 24 25 22 31 | 08
#0628-d165 @A: 11 18 24 19 | 01
#0629-d165 @A: 15 14 24 19 | 07
#0630-d165 @A: 05 21 26 07 | 03
#0631-d165 @A: 05 13 25 03 | 06
#0632-d165 @A: 03 26 04 05 | 05
#0633-d165 @A: 05 33 01 35 | 04
#0634-d165 @A: 01 05 23 02 | 09
#0635-d165 @A: 32 10 20 05 | 10
#0636-d165 @A: 23 30 27 05 | 02
#0637-d165 @A: 23 35 11 05 | 11
#0638-d165 @A: 11 05 06 35 | 12
#0639-d165 @A: 05 04 12 18 | 08
#0640-d165 @A: 05 13 14 15 | 01
#0641-d165 @A: 32 27 05 12 | 07
#0642-d165 @A: 30 21 07 35 | 03
#0643-d165 @A: 01 18 20 21 | 06
#0644-d165 @A: 11 30 01 21 | 05
#0645-d165 @A: 31 01 12 21 | 04
#0646-d165 @A: 23 21 01 33 | 09
#0647-d165 @A: 20 32 21 23 | 10
#0648-d165 @A: 21 10 33 13 | 02
#0649-d165 @A: 21 22 34 33 | 11
#0650-d165 @A: 22 21 09 19 | 12
#0651-d165 @A: 21 33 26 19 | 08
#0652-d165 @A: 21 19 15 25 | 01
#0653-d165 @A: 21 09 18 27 | 07
#0654-d165 @A: 11 06 21 14 | 03
#0655-d165 @A: 07 35 01 03 | 06
#0656-d165 @A: 30 03 13 07 | 05
#0657-d165 @A: 03 33 07 23 | 04
#0658-d165 @A: 03 31 01 11 | 09
#0659-d165 @A: 33 35 03 20 | 10
#0660-d165 @A: 20 03 11 19 | 02
#0661-d165 @A: 03 30 32 02 | 11
#0662-d165 @A: 32 35 23 03 | 12
#0663-d165 @A: 03 19 26 22 | 08
#0664-d165 @A: 34 04 03 22 | 01
#0665-d165 @A: 03 25 32 26 | 07
#0666-d165 @A: 33 18 30 07 | 03
#0667-d165 @A: 32 11 31 07 | 06
#0668-d165 @A: 07 19 06 14 | 05
#0669-d165 @A: 07 13 25 26 | 04
#0670-d165 @A: 01 34 14 35 | 09
#0671-d165 @A: 01 10 31 25 | 10
#0672-d165 @A: 01 14 23 31 | 02
#0673-d165 @A: 11 09 23 01 | 11
#0674-d165 @A: 13 22 27 01 | 12
#0675-d165 @A: 30 20 35 27 | 08
#0676-d165 @A: 34 06 20 09 | 01
#0677-d165 @A: 26 20 34 27 | 07
#0678-d165 @A: 23 12 35 30 | 03
#0679-d165 @A: 30 18 02 06 | 06
#0680-d165 @A: 06 30 19 12 | 05
#0681-d165 @A: 14 30 12 13 | 04
#0682-d165 @A: 22 35 11 19 | 09
#0683-d165 @A: 22 35 04 32 | 10
#0684-d165 @A: 19 35 18 15 | 02
#0685-d165 @A: 11 35 18 32 | 11
#0686-d165 @A: 35 18 34 26 | 12
#0687-d165 @A: 34 35 15 13 | 08
#0688-d165 @A: 32 15 18 31 | 01
#0689-d165 @A: 31 15 06 25 | 07
#0690-d165 @A: 13 32 31 09 | 03
#0691-d165 @A: 27 31 26 09 | 06
#0692-d165 @A: 09 10 14 22 | 05
#0693-d165 @A: 10 26 11 13 | 04
#0694-d165 @A: 18 22 02 32 | 09
#0695-d165 @A: 11 33 02 26 | 10
#0696-d165 @A: 19 23 22 14 | 02
#0697-d165 @A: 23 33 13 18 | 11
#0698-d165 @A: 04 23 19 12 | 12
#0699-d165 @A: 23 27 18 14 | 08
#0700-d165 @A: 25 09 23 12 | 01
#0701-d165 @A: 18 06 12 34 | 07
#0702-d165 @A: 21 16 34 28 | 03
#0703-d165 @A: 15 16 28 23 | 06
#0704-d165 @A: 08 33 28 17 | 05
#0705-d165 @A: 17 07 25 28 | 04
#0706-d165 @A: 14 10 28 17 | 09
#0707-d165 @A: 26 17 28 09 | 10
#0708-d165 @A: 01 08 27 28 | 02
#0709-d165 @A: 35 08 22 28 | 11
#0710-d165 @A: 29 28 20 15 | 12
#0711-d165 @A: 35 29 28 18 | 08
#0712-d165 @A: 29 19 02 28 | 01
#0713-d165 @A: 13 35 28 24 | 07
#0714-d165 @A: 05 28 11 30 | 03
#0715-d165 @A: 03 15 04 28 | 06
#0716-d165 @A: 18 07 27 28 | 05
#0717-d165 @A: 28 15 01 26 | 04
#0718-d165 @A: 22 28 27 09 | 09
#0719-d165 @A: 28 32 04 13 | 10
#0720-d165 @A: 22 08 17 16 | 02
#0721-d165 @A: 26 17 16 23 | 11
#0722-d165 @A: 16 18 08 03 | 12
#0723-d165 @A: 24 35 16 22 | 08
#0724-d165 @A: 24 33 16 10 | 01
#0725-d165 @A: 35 13 05 16 | 07
#0726-d165 @A: 16 14 30 03 | 03
#0727-d165 @A: 16 13 11 03 | 06
#0728-d165 @A: 16 19 20 07 | 05
#0729-d165 @A: 13 07 06 16 | 04
#0730-d165 @A: 16 30 01 34 | 09
#0731-d165 @A: 32 02 16 01 | 10
#0732-d165 @A: 16 27 33 20 | 02
#0733-d165 @A: 16 34 13 20 | 11
#0734-d165 @A: 10 16 02 25 | 12
#0735-d165 @A: 11 12 16 22 | 08
#0736-d165 @A: 16 25 32 18 | 01
#0737-d165 @A: 29 31 19 17 | 07
#0738-d165 @A: 17 02 29 15 | 03
#0739-d165 @A: 17 34 32 29 | 06
#0740-d165 @A: 21 33 09 17 | 05
#0741-d165 @A: 18 17 07 01 | 04
#0742-d165 @A: 17 22 01 06 | 09
#0743-d165 @A: 17 01 25 33 | 10
#0744-d165 @A: 27 17 30 14 | 02
#0745-d165 @A: 35 17 06 23 | 11
#0746-d165 @A: 09 19 11 17 | 12
#0747-d165 @A: 17 15 09 27 | 08
#0748-d165 @A: 25 08 29 30 | 01
#0749-d165 @A: 33 08 20 24 | 07
#0750-d165 @A: 14 05 08 07 | 03
#0751-d165 @A: 08 05 20 26 | 06
#0752-d165 @A: 08 32 05 31 | 05
#0753-d165 @A: 08 25 01 21 | 04
#0754-d165 @A: 03 25 08 31 | 09
#0755-d165 @A: 08 34 11 35 | 10
#0756-d165 @A: 08 12 04 31 | 02
#0757-d165 @A: 10 24 22 29 | 11
#0758-d165 @A: 02 33 29 24 | 12
#0759-d165 @A: 05 03 29 35 | 08
#0760-d165 @A: 29 18 30 05 | 01
#0761-d165 @A: 02 29 21 04 | 07
#0762-d165 @A: 21 13 29 11 | 03
#0763-d165 @A: 03 20 22 29 | 06
#0764-d165 @A: 03 26 02 29 | 05
#0765-d165 @A: 29 07 06 35 | 04
#0766-d165 @A: 15 07 29 25 | 09
#0767-d165 @A: 01 29 10 26 | 10
#0768-d165 @A: 31 35 29 25 | 02
#0769-d165 @A: 29 33 23 35 | 11
#0770-d165 @A: 31 29 33 12 | 12
#0771-d165 @A: 29 22 18 09 | 08
#0772-d165 @A: 29 32 15 27 | 01
#0773-d165 @A: 29 26 13 15 | 07
#0774-d165 @A: 24 27 21 07 | 03
#0775-d165 @A: 24 07 12 10 | 06
#0776-d165 @A: 11 35 24 20 | 05
#0777-d165 @A: 02 24 27 31 | 04
#0778-d165 @A: 24 34 06 31 | 09
#0779-d165 @A: 14 24 33 22 | 10
#0780-d165 @A: 12 24 19 34 | 02
#0781-d165 @A: 34 24 14 04 | 11
#0782-d165 @A: 05 02 20 09 | 12
#0783-d165 @A: 05 34 20 11 | 08
#0784-d165 @A: 05 22 35 30 | 01
#0785-d165 @A: 05 32 14 23 | 07
#0786-d165 @A: 05 22 14 18 | 03
#0787-d165 @A: 19 12 05 06 | 06
#0788-d165 @A: 04 14 25 05 | 05
#0789-d165 @A: 05 34 32 04 | 04
#0790-d165 @A: 03 12 21 07 | 09
#0791-d165 @A: 21 03 33 25 | 10
#0792-d165 @A: 32 07 18 21 | 02
#0793-d165 @A: 10 22 01 21 | 11
#0794-d165 @A: 23 02 30 21 | 12
#0795-d165 @A: 21 26 02 35 | 08
#0796-d165 @A: 33 06 10 21 | 01
#0797-d165 @A: 11 21 26 22 | 07
#0798-d165 @A: 21 26 12 09 | 03
#0799-d165 @A: 01 06 27 03 | 06
#0800-d165 @A: 06 10 03 20 | 05
#0801-d165 @A: 23 27 12 03 | 04
#0802-d165 @A: 18 11 15 03 | 09
#0803-d165 @A: 11 12 03 09 | 10
#0804-d165 @A: 10 14 07 01 | 02
#0805-d165 @A: 22 20 23 07 | 11
#0806-d165 @A: 15 02 07 19 | 12
#0807-d165 @A: 15 07 11 22 | 08
#0808-d165 @A: 19 34 25 07 | 01
#0809-d165 @A: 18 04 07 25 | 07
#0810-d165 @A: 07 13 14 32 | 03
#0811-d165 @A: 33 30 20 01 | 06
#0812-d165 @A: 01 10 04 12 | 05
#0813-d165 @A: 01 19 09 13 | 04
#0814-d165 @A: 13 01 25 12 | 09
#0815-d165 @A: 27 26 01 14 | 10
#0816-d165 @A: 02 18 20 30 | 02
#0817-d165 @A: 23 30 20 11 | 11
#0818-d165 @A: 31 20 10 12 | 12
#0819-d165 @A: 31 23 19 20 | 08
#0820-d165 @A: 23 09 20 27 | 01
#0821-d165 @A: 22 06 20 11 | 07
#0822-d165 @A: 06 20 33 25 | 03
#0823-d165 @A: 34 12 22 30 | 06
#0824-d165 @A: 25 11 30 33 | 05
#0825-d165 @A: 18 25 30 15 | 04
#0826-d165 @A: 15 34 30 26 | 09
#0827-d165 @A: 31 23 02 35 | 10
#0828-d165 @A: 09 31 33 35 | 02
#0829-d165 @A: 22 33 35 25 | 11
#0830-d165 @A: 25 14 35 27 | 12
#0831-d165 @A: 14 12 04 35 | 08
#0832-d165 @A: 09 35 32 26 | 01
#0833-d165 @A: 09 27 35 13 | 07
#0834-d165 @A: 10 23 32 31 | 03
#0835-d165 @A: 31 14 22 13 | 06
#0836-d165 @A: 22 04 31 06 | 05
#0837-d165 @A: 06 33 11 31 | 04
#0838-d165 @A: 34 15 31 04 | 09
#0839-d165 @A: 22 11 23 10 | 10
#0840-d165 @A: 22 13 10 19 | 02
#0841-d165 @A: 32 10 27 09 | 11
#0842-d165 @A: 26 22 27 02 | 12
#0843-d165 @A: 25 09 13 02 | 08
#0844-d165 @A: 34 09 19 23 | 01
#0845-d165 @A: 23 34 32 27 | 07
#0846-d165 @A: 04 23 11 27 | 03
#0847-d165 @A: 26 25 22 06 | 06
#0848-d165 @A: 35 16 28 25 | 05
#0849-d165 @A: 29 28 17 12 | 04
#0850-d165 @A: 28 01 17 30 | 09
#0851-d165 @A: 11 07 28 08 | 10
#0852-d165 @A: 34 28 08 31 | 02
#0853-d165 @A: 01 29 28 33 | 11
#0854-d165 @A: 24 28 12 02 | 12
#0855-d165 @A: 28 05 09 07 | 08
#0856-d165 @A: 27 21 28 03 | 01
#0857-d165 @A: 21 22 07 28 | 07
#0858-d165 @A: 28 23 18 21 | 03
#0859-d165 @A: 28 01 31 07 | 06
#0860-d165 @A: 02 25 28 31 | 05
#0861-d165 @A: 19 28 32 31 | 04
#0862-d165 @A: 19 28 25 14 | 09
#0863-d165 @A: 03 16 19 17 | 10
#0864-d165 @A: 03 29 04 16 | 02
#0865-d165 @A: 29 20 18 16 | 11
#0866-d165 @A: 16 21 03 32 | 12
#0867-d165 @A: 21 25 16 09 | 08
#0868-d165 @A: 07 35 16 10 | 01
#0869-d165 @A: 20 16 32 35 | 07
#0870-d165 @A: 06 18 16 35 | 03
#0871-d165 @A: 33 23 16 32 | 06
#0872-d165 @A: 22 16 34 14 | 05
#0873-d165 @A: 19 32 16 04 | 04
#0874-d165 @A: 08 21 34 17 | 09
#0875-d165 @A: 30 07 29 17 | 10
#0876-d165 @A: 17 24 34 03 | 02
#0877-d165 @A: 24 17 33 35 | 11
#0878-d165 @A: 33 03 05 17 | 12
#0879-d165 @A: 30 05 15 17 | 08
#0880-d165 @A: 03 32 07 17 | 01
#0881-d165 @A: 31 12 17 03 | 07
#0882-d165 @A: 17 03 02 25 | 03
#0883-d165 @A: 32 01 17 20 | 06
#0884-d165 @A: 31 20 33 17 | 05
#0885-d165 @A: 18 17 10 35 | 04
#0886-d165 @A: 35 17 02 11 | 09
#0887-d165 @A: 31 02 17 18 | 10
#0888-d165 @A: 26 10 17 12 | 02
#0889-d165 @A: 13 12 08 07 | 11
#0890-d165 @A: 08 20 13 23 | 12
#0891-d165 @A: 30 09 12 08 | 08
#0892-d165 @A: 35 08 33 15 | 01
#0893-d165 @A: 10 15 08 32 | 07
#0894-d165 @A: 32 08 25 33 | 03
#0895-d165 @A: 19 08 32 09 | 06
#0896-d165 @A: 27 08 25 12 | 05
#0897-d165 @A: 04 26 08 32 | 04
#0898-d165 @A: 08 09 26 06 | 09
#0899-d165 @A: 29 13 23 24 | 10
#0900-d165 @A: 05 26 29 27 | 02
#0901-d165 @A: 13 29 03 31 | 11
#0902-d165 @A: 31 07 29 26 | 12
#0903-d165 @A: 29 14 02 01 | 08
#0904-d165 @A: 30 10 29 33 | 01
#0905-d165 @A: 30 19 29 09 | 07
#0906-d165 @A: 06 29 22 10 | 03
#0907-d165 @A: 15 29 12 22 | 06
#0908-d165 @A: 11 18 34 29 | 05
#0909-d165 @A: 27 29 12 18 | 04
#0910-d165 @A: 04 18 29 15 | 09
#0911-d165 @A: 26 34 29 25 | 10
#0912-d165 @A: 29 13 34 04 | 02
#0913-d165 @A: 29 04 26 12 | 11
#0914-d165 @A: 05 24 22 34 | 12
#0915-d165 @A: 21 20 09 24 | 08
#0916-d165 @A: 04 24 01 30 | 01
#0917-d165 @A: 04 19 24 20 | 07
#0918-d165 @A: 19 24 02 30 | 03
#0919-d165 @A: 14 02 24 32 | 06
#0920-d165 @A: 24 22 32 19 | 05
#0921-d165 @A: 06 12 24 22 | 04
#0922-d165 @A: 15 25 11 24 | 09
#0923-d165 @A: 26 24 32 34 | 10
#0924-d165 @A: 11 24 32 12 | 02
#0925-d165 @A: 35 21 09 05 | 11
#0926-d165 @A: 09 06 21 05 | 12
#0927-d165 @A: 07 34 05 01 | 08
#0928-d165 @A: 20 05 23 33 | 01
#0929-d165 @A: 05 02 30 26 | 07
#0930-d165 @A: 35 10 05 26 | 03
#0931-d165 @A: 31 05 11 04 | 06
#0932-d165 @A: 25 05 19 11 | 05
#0933-d165 @A: 06 05 34 26 | 04
#0934-d165 @A: 07 01 19 21 | 09
#0935-d165 @A: 11 07 23 21 | 10
#0936-d165 @A: 30 21 26 20 | 02
#0937-d165 @A: 21 25 02 20 | 11
#0938-d165 @A: 20 21 13 22 | 12
#0939-d165 @A: 21 06 13 23 | 08
#0940-d165 @A: 22 21 04 12 | 01
#0941-d165 @A: 23 26 03 01 | 07
#0942-d165 @A: 03 06 14 30 | 03
#0943-d165 @A: 26 30 11 03 | 06
#0944-d165 @A: 33 10 03 18 | 05
#0945-d165 @A: 19 14 34 03 | 04
#0946-d165 @A: 15 19 32 03 | 09
#0947-d165 @A: 14 07 30 26 | 10
#0948-d165 @A: 32 07 35 02 | 02
#0949-d165 @A: 35 09 12 07 | 11
#0950-d165 @A: 14 04 19 07 | 12
#0951-d165 @A: 18 07 26 15 | 08
#0952-d165 @A: 07 12 25 06 | 01
#0953-d165 @A: 07 15 14 12 | 07
#0954-d165 @A: 26 01 31 20 | 03
#0955-d165 @A: 15 01 12 30 | 06
#0956-d165 @A: 01 23 22 35 | 05
#0957-d165 @A: 01 32 33 14 | 04
#0958-d165 @A: 33 06 15 01 | 09
#0959-d165 @A: 20 04 31 32 | 10
#0960-d165 @A: 22 32 33 20 | 02
#0961-d165 @A: 20 32 12 34 | 11
#0962-d165 @A: 02 04 25 30 | 12
#0963-d165 @A: 11 14 04 30 | 08
#0964-d165 @A: 04 30 09 32 | 01
#0965-d165 @A: 10 35 02 33 | 07
#0966-d165 @A: 14 35 33 06 | 03
#0967-d165 @A: 27 12 19 35 | 06
#0968-d165 @A: 27 31 04 22 | 05
#0969-d165 @A: 31 15 26 19 | 04
#0970-d165 @A: 19 10 11 15 | 09
#0971-d165 @A: 10 27 04 19 | 10
#0972-d165 @A: 23 02 09 32 | 02
#0973-d165 @A: 18 14 34 02 | 11
#0974-d165 @A: 26 09 04 02 | 12
#0975-d165 @A: 18 22 34 23 | 08
#0976-d165 @A: 09 13 22 23 | 01
#0977-d165 @A: 11 19 23 33 | 07
#0978-d165 @A: 26 33 25 23 | 03
#0979-d165 @A: 23 14 26 09 | 06
#0980-d165 @A: 34 06 27 23 | 05
#0981-d165 @A: 06 18 19 09 | 04
#0982-d165 @A: 06 14 15 34 | 09
#0983-d165 @A: 32 28 17 02 | 10
#0984-d165 @A: 28 26 03 08 | 02
#0985-d165 @A: 28 12 08 06 | 11
#0986-d165 @A: 28 29 34 14 | 12
#0987-d165 @A: 04 09 24 28 | 08
#0988-d165 @A: 05 01 28 22 | 01
#0989-d165 @A: 28 34 19 05 | 07
#0990-d165 @A: 26 25 28 05 | 03
#0991-d165 @A: 21 25 28 30 | 06
#0992-d165 @A: 02 28 21 09 | 05
#0993-d165 @A: 19 30 28 07 | 04
#0994-d165 @A: 13 07 02 28 | 09
#0995-d165 @A: 23 09 28 31 | 10
#0996-d165 @A: 31 28 15 14 | 02
#0997-d165 @A: 23 19 28 10 | 11
#0998-d165 @A: 28 27 10 13 | 12
#0999-d165 @A: 18 28 09 25 | 08
#1000-d165 @A: 18 13 12 28 | 01
#1001-d165 @A: 27 28 11 25 | 07
#1002-d165 @A: 09 28 11 14 | 03
#1003-d165 @A: 06 11 28 09 | 06
#1004-d165 @A: 33 17 29 16 | 05
#1005-d165 @A: 07 16 17 34 | 04
#1006-d165 @A: 30 25 17 16 | 09
#1007-d165 @A: 27 10 16 17 | 10
#1008-d165 @A: 15 16 06 17 | 02
#1009-d165 @A: 08 13 31 16 | 11
#1010-d165 @A: 11 23 16 08 | 12
#1011-d165 @A: 29 16 27 24 | 08
#1012-d165 @A: 05 27 06 16 | 01
#1013-d165 @A: 07 16 15 01 | 07
#1014-d165 @A: 20 16 26 04 | 03
#1015-d165 @A: 33 30 35 16 | 06
#1016-d165 @A: 12 26 30 16 | 05
#1017-d165 @A: 16 12 31 19 | 04
#1018-d165 @A: 16 19 26 10 | 09
#1019-d165 @A: 33 19 16 18 | 10
#1020-d165 @A: 33 12 14 16 | 02
#1021-d165 @A: 16 14 32 09 | 11
#1022-d165 @A: 26 32 11 16 | 12
#1023-d165 @A: 29 03 17 14 | 08
#1024-d165 @A: 27 29 20 17 | 01
#1025-d165 @A: 17 22 23 24 | 07
#1026-d165 @A: 26 17 11 05 | 03
#1027-d165 @A: 17 03 06 31 | 06
#1028-d165 @A: 09 07 23 17 | 05
#1029-d165 @A: 10 01 19 17 | 04
#1030-d165 @A: 34 23 17 01 | 09
#1031-d165 @A: 20 14 17 23 | 10
#1032-d165 @A: 17 13 35 30 | 02
#1033-d165 @A: 30 17 23 32 | 11
#1034-d165 @A: 17 22 09 30 | 12
#1035-d165 @A: 19 33 17 27 | 08
#1036-d165 @A: 17 14 18 11 | 01
#1037-d165 @A: 17 11 34 06 | 07
#1038-d165 @A: 08 29 06 31 | 03
#1039-d165 @A: 08 23 29 32 | 06
#1040-d165 @A: 18 05 08 24 | 05
#1041-d165 @A: 23 04 08 05 | 04
#1042-d165 @A: 08 21 22 14 | 09
#1043-d165 @A: 09 03 08 02 | 10
#1044-d165 @A: 08 07 30 15 | 02
#1045-d165 @A: 08 26 10 30 | 11
#1046-d165 @A: 23 30 08 22 | 12
#1047-d165 @A: 08 12 10 23 | 08
#1048-d165 @A: 08 33 18 27 | 01
#1049-d165 @A: 14 08 04 27 | 07
#1050-d165 @A: 33 21 20 29 | 03
#1051-d165 @A: 18 07 10 29 | 06
#1052-d165 @A: 14 27 31 29 | 05
#1053-d165 @A: 04 19 29 22 | 04
#1054-d165 @A: 34 33 06 29 | 09
#1055-d165 @A: 29 11 04 33 | 10
#1056-d165 @A: 06 05 24 03 | 02
#1057-d165 @A: 05 24 31 09 | 11
#1058-d165 @A: 05 24 02 25 | 12
#1059-d165 @A: 24 32 30 21 | 08
#1060-d165 @A: 10 26 21 24 | 01
#1061-d165 @A: 30 11 07 24 | 07
#1062-d165 @A: 01 19 24 35 | 03
#1063-d165 @A: 01 33 15 24 | 06
#1064-d165 @A: 20 15 24 02 | 05
#1065-d165 @A: 20 25 24 26 | 04
#1066-d165 @A: 14 30 31 24 | 09
#1067-d165 @A: 23 33 30 24 | 10
#1068-d165 @A: 22 11 09 24 | 02
#1069-d165 @A: 19 24 09 26 | 11
#1070-d165 @A: 19 24 06 11 | 12
#1071-d165 @A: 26 18 12 24 | 08
#1072-d165 @A: 14 21 30 05 | 01
#1073-d165 @A: 03 34 05 18 | 07
#1074-d165 @A: 31 05 10 18 | 03
#1075-d165 @A: 15 05 12 19 | 06
#1076-d165 @A: 18 05 26 32 | 05
#1077-d165 @A: 14 05 12 11 | 04
#1078-d165 @A: 09 27 11 05 | 09
#1079-d165 @A: 14 21 03 01 | 10
#1080-d165 @A: 35 19 21 20 | 02
#1081-d165 @A: 21 15 32 33 | 11
#1082-d165 @A: 27 14 15 21 | 12
#1083-d165 @A: 32 27 21 13 | 08
#1084-d165 @A: 04 21 26 15 | 01
#1085-d165 @A: 20 25 03 23 | 07
#1086-d165 @A: 30 27 03 31 | 03
#1087-d165 @A: 09 35 18 03 | 06
#1088-d165 @A: 31 02 03 33 | 05
#1089-d165 @A: 03 04 31 23 | 04
#1090-d165 @A: 06 23 15 03 | 09
#1091-d165 @A: 09 30 01 07 | 10
#1092-d165 @A: 02 30 07 34 | 02
#1093-d165 @A: 07 34 10 06 | 11
#1094-d165 @A: 22 26 07 32 | 12
#1095-d165 @A: 25 09 33 07 | 08
#1096-d165 @A: 32 07 33 34 | 01
#1097-d165 @A: 07 15 33 27 | 07
#1098-d165 @A: 19 32 12 07 | 03
#1099-d165 @A: 07 04 15 13 | 06
#1100-d165 @A: 06 30 01 32 | 05
#1101-d165 @A: 10 06 31 01 | 04
#1102-d165 @A: 01 10 15 02 | 09
#1103-d165 @A: 01 09 02 27 | 10
#1104-d165 @A: 01 22 14 11 | 02
#1105-d165 @A: 01 14 15 18 | 11
#1106-d165 @A: 01 26 34 12 | 12
#1107-d165 @A: 11 01 04 13 | 08
#1108-d165 @A: 20 31 30 25 | 01
#1109-d165 @A: 30 15 32 20 | 07
#1110-d165 @A: 26 02 20 10 | 03
#1111-d165 @A: 20 19 06 02 | 06
#1112-d165 @A: 26 22 20 09 | 05
#1113-d165 @A: 20 12 33 09 | 04
#1114-d165 @A: 11 20 15 13 | 09
#1115-d165 @A: 31 30 22 19 | 10
#1116-d165 @A: 18 04 26 30 | 02
#1117-d165 @A: 22 35 10 31 | 11
#1118-d165 @A: 06 25 35 19 | 12
#1119-d165 @A: 32 31 26 33 | 08
#1120-d165 @A: 27 13 33 31 | 01
#1121-d165 @A: 19 25 18 31 | 07
#1122-d165 @A: 13 12 31 11 | 03
#1123-d165 @A: 26 18 06 10 | 06
#1124-d165 @A: 09 26 25 10 | 05
#1125-d165 @A: 33 23 27 02 | 04
#1126-d165 @A: 22 02 25 19 | 09
#1127-d165 @A: 04 19 11 02 | 10
#1128-d165 @A: 11 18 13 02 | 02
#1129-d165 @A: 12 25 26 02 | 11
#1130-d165 @A: 12 02 04 32 | 12
#1131-d165 @A: 22 23 25 27 | 08
#1132-d165 @A: 23 22 15 32 | 01
#1133-d165 @A: 06 23 33 12 | 07
#1134-d165 @A: 13 15 23 27 | 03
#1135-d165 @A: 33 32 04 06 | 06
#1136-d165 @A: 06 27 26 33 | 05
#1137-d165 @A: 13 28 16 29 | 04
#1138-d165 @A: 18 24 28 17 | 09
#1139-d165 @A: 05 08 12 28 | 10
#1140-d165 @A: 28 08 02 15 | 02
#1141-d165 @A: 28 08 23 14 | 11
#1142-d165 @A: 13 06 28 24 | 12
#1143-d165 @A: 20 05 28 06 | 08
#1144-d165 @A: 14 28 13 21 | 01
#1145-d165 @A: 28 03 10 20 | 07
#1146-d165 @A: 34 13 01 28 | 03
#1147-d165 @A: 35 28 20 04 | 06
#1148-d165 @A: 13 31 20 28 | 05
#1149-d165 @A: 12 09 28 32 | 04
#1150-d165 @A: 09 15 13 28 | 09
#1151-d165 @A: 08 25 16 20 | 10
#1152-d165 @A: 01 16 29 25 | 02
#1153-d165 @A: 05 03 20 16 | 11
#1154-d165 @A: 05 34 16 23 | 12
#1155-d165 @A: 05 16 25 12 | 08
#1156-d165 @A: 01 33 16 03 | 01
#1157-d165 @A: 03 16 23 22 | 07
#1158-d165 @A: 16 34 30 06 | 03
#1159-d165 @A: 09 16 35 34 | 06
#1160-d165 @A: 22 25 13 16 | 05
#1161-d165 @A: 16 32 22 27 | 04
#1162-d165 @A: 16 09 33 11 | 09
#1163-d165 @A: 06 09 16 25 | 10
#1164-d165 @A: 06 07 08 17 | 02
#1165-d165 @A: 08 32 11 17 | 11
#1166-d165 @A: 24 17 25 09 | 12
#1167-d165 @A: 18 17 20 05 | 08
#1168-d165 @A: 33 30 17 02 | 01
#1169-d165 @A: 23 17 19 15 | 07
#1170-d165 @A: 17 19 34 26 | 03
#1171-d165 @A: 12 32 15 17 | 06
#1172-d165 @A: 13 12 17 27 | 05
#1173-d165 @A: 18 08 31 29 | 04
#1174-d165 @A: 08 10 11 29 | 09
#1175-d165 @A: 08 24 25 06 | 10
#1176-d165 @A: 08 27 15 05 | 02
#1177-d165 @A: 33 08 03 04 | 11
#1178-d165 @A: 08 07 02 25 | 12
#1179-d165 @A: 01 08 34 20 | 08
#1180-d165 @A: 30 22 08 06 | 01
#1181-d165 @A: 30 08 27 32 | 07
#1182-d165 @A: 08 19 22 27 | 03
#1183-d165 @A: 19 12 33 08 | 06
#1184-d165 @A: 08 12 14 26 | 05
#1185-d165 @A: 25 24 03 29 | 04
#1186-d165 @A: 18 24 29 01 | 09
#1187-d165 @A: 29 34 24 09 | 10
#1188-d165 @A: 29 05 33 07 | 02
#1189-d165 @A: 23 21 15 29 | 11
#1190-d165 @A: 01 29 31 34 | 12
#1191-d165 @A: 02 29 20 11 | 08
#1192-d165 @A: 14 29 19 20 | 01
#1193-d165 @A: 18 25 02 29 | 07
#1194-d165 @A: 04 09 27 29 | 03
#1195-d165 @A: 04 05 24 27 | 06
#1196-d165 @A: 01 24 34 21 | 05
#1197-d165 @A: 24 25 23 21 | 04
#1198-d165 @A: 24 22 15 04 | 09
#1199-d165 @A: 27 15 24 34 | 10
#1200-d165 @A: 05 03 02 19 | 02
#1201-d165 @A: 23 07 18 05 | 11
#1202-d165 @A: 05 01 32 09 | 12
#1203-d165 @A: 05 02 14 10 | 08
#1204-d165 @A: 13 12 05 10 | 01
#1205-d165 @A: 32 22 05 11 | 07
#1206-d165 @A: 14 06 18 05 | 03
#1207-d165 @A: 03 21 30 15 | 06
#1208-d165 @A: 21 03 10 04 | 05
#1209-d165 @A: 20 07 21 14 | 04
#1210-d165 @A: 21 13 09 07 | 09
#1211-d165 @A: 01 02 21 13 | 10
#1212-d165 @A: 30 09 21 10 | 02
#1213-d165 @A: 30 21 04 34 | 11
#1214-d165 @A: 23 21 22 31 | 12
#1215-d165 @A: 21 19 31 11 | 08
#1216-d165 @A: 21 12 06 31 | 01
#1217-d165 @A: 02 18 21 10 | 07
#1218-d165 @A: 21 14 26 32 | 03
#1219-d165 @A: 21 06 34 04 | 06
#1220-d165 @A: 19 31 07 03 | 05
#1221-d165 @A: 03 01 34 02 | 04
#1222-d165 @A: 20 32 03 18 | 09
#1223-d165 @A: 33 22 11 03 | 10
#1224-d165 @A: 15 12 34 03 | 02
#1225-d165 @A: 03 34 26 09 | 11
#1226-d165 @A: 31 07 20 06 | 12
#1227-d165 @A: 10 31 13 07 | 08
#1228-d165 @A: 14 07 33 31 | 01
#1229-d165 @A: 22 07 25 12 | 07
#1230-d165 @A: 07 33 04 12 | 03
#1231-d165 @A: 19 07 18 13 | 06
#1232-d165 @A: 19 26 11 07 | 05
#1233-d165 @A: 33 11 18 01 | 04
#1234-d165 @A: 01 18 32 19 | 09
#1235-d165 @A: 15 25 01 09 | 10
#1236-d165 @A: 01 34 15 11 | 02
#1237-d165 @A: 04 12 06 01 | 11
#1238-d165 @A: 02 20 22 31 | 12
#1239-d165 @A: 12 22 14 20 | 08
#1240-d165 @A: 33 34 04 20 | 01
#1241-d165 @A: 18 20 25 12 | 07
#1242-d165 @A: 27 20 15 25 | 03
#1243-d165 @A: 04 09 20 25 | 06
#1244-d165 @A: 06 10 30 23 | 05
#1245-d165 @A: 22 32 13 30 | 04
#1246-d165 @A: 15 19 04 30 | 09
#1247-d165 @A: 32 30 18 12 | 10
#1248-d165 @A: 25 15 26 35 | 02
#1249-d165 @A: 35 11 13 14 | 11
#1250-d165 @A: 23 18 26 31 | 12
#1251-d165 @A: 15 11 31 33 | 08
#1252-d165 @A: 09 02 11 10 | 01
#1253-d165 @A: 12 10 33 22 | 07
#1254-d165 @A: 25 33 10 04 | 03
#1255-d165 @A: 26 10 18 27 | 06
#1256-d165 @A: 02 22 06 33 | 05
#1257-d165 @A: 02 15 22 13 | 04
#1258-d165 @A: 25 02 06 13 | 09
#1259-d165 @A: 02 26 04 06 | 10
#1260-d165 @A: 09 18 15 23 | 02
#1261-d165 @A: 22 15 06 26 | 11
#1262-d165 @A: 06 32 11 15 | 12
#1263-d165 @A: 28 17 27 34 | 08
#1264-d165 @A: 08 25 28 24 | 01
#1265-d165 @A: 13 08 28 30 | 07
#1266-d165 @A: 04 28 10 08 | 03
#1267-d165 @A: 24 07 28 33 | 06
#1268-d165 @A: 19 27 24 28 | 05
#1269-d165 @A: 03 32 28 05 | 04
#1270-d165 @A: 06 25 28 21 | 09
#1271-d165 @A: 07 28 03 14 | 10
#1272-d165 @A: 19 04 01 28 | 02
#1273-d165 @A: 28 20 09 30 | 11
#1274-d165 @A: 12 30 28 31 | 12
#1275-d165 @A: 30 28 23 26 | 08
#1276-d165 @A: 30 15 27 28 | 01
#1277-d165 @A: 02 31 06 28 | 07
#1278-d165 @A: 04 25 22 28 | 03
#1279-d165 @A: 32 28 06 14 | 06
#1280-d165 @A: 12 28 04 34 | 05
#1281-d165 @A: 14 20 16 24 | 04
#1282-d165 @A: 02 16 06 24 | 09
#1283-d165 @A: 04 18 16 24 | 10
#1284-d165 @A: 24 15 26 16 | 02
#1285-d165 @A: 07 16 05 22 | 11
#1286-d165 @A: 01 18 16 12 | 12
#1287-d165 @A: 16 31 30 18 | 08
#1288-d165 @A: 16 04 09 22 | 01
#1289-d165 @A: 19 27 16 25 | 07
#1290-d165 @A: 16 09 13 18 | 03
#1291-d165 @A: 29 35 17 08 | 06
#1292-d165 @A: 17 02 08 23 | 05
#1293-d165 @A: 09 14 08 17 | 04
#1294-d165 @A: 20 17 21 10 | 09
#1295-d165 @A: 17 35 04 03 | 10
#1296-d165 @A: 20 17 35 26 | 02
#1297-d165 @A: 06 20 13 17 | 11
#1298-d165 @A: 25 06 30 17 | 12
#1299-d165 @A: 17 12 35 25 | 08
#1300-d165 @A: 09 17 10 31 | 01
#1301-d165 @A: 31 23 17 13 | 07
#1302-d165 @A: 27 17 18 22 | 03
#1303-d165 @A: 04 19 17 25 | 06
#1304-d165 @A: 29 08 21 07 | 05
#1305-d165 @A: 08 02 29 12 | 04
#1306-d165 @A: 07 03 08 22 | 09
#1307-d165 @A: 08 13 03 32 | 10
#1308-d165 @A: 31 09 08 01 | 02
#1309-d165 @A: 14 08 30 33 | 11
#1310-d165 @A: 33 31 08 23 | 12
#1311-d165 @A: 22 08 12 18 | 08
#1312-d165 @A: 08 34 32 22 | 01
#1313-d165 @A: 26 29 35 24 | 07
#1314-d165 @A: 20 29 05 25 | 03
#1315-d165 @A: 29 01 21 09 | 06
#1316-d165 @A: 23 03 09 29 | 05
#1317-d165 @A: 12 29 20 01 | 04
#1318-d165 @A: 06 09 01 29 | 09
#1319-d165 @A: 29 13 32 20 | 10
#1320-d165 @A: 30 29 27 02 | 02
#1321-d165 @A: 29 32 30 26 | 11
#1322-d165 @A: 35 09 29 14 | 12
#1323-d165 @A: 29 35 11 27 | 08
#1324-d165 @A: 02 29 09 31 | 01
#1325-d165 @A: 18 33 32 29 | 07
#1326-d165 @A: 26 14 29 33 | 03
#1327-d165 @A: 33 29 09 15 | 06
#1328-d165 @A: 29 12 14 25 | 05
#1329-d165 @A: 32 25 09 29 | 04
#1330-d165 @A: 29 04 14 32 | 09
#1331-d165 @A: 29 14 15 11 | 10
#1332-d165 @A: 21 24 33 05 | 02
#1333-d165 @A: 30 12 24 05 | 11
#1334-d165 @A: 26 33 24 03 | 12
#1335-d165 @A: 03 24 06 26 | 08
#1336-d165 @A: 25 01 24 07 | 01
#1337-d165 @A: 24 13 31 01 | 07
#1338-d165 @A: 32 23 01 24 | 03
#1339-d165 @A: 23 24 20 34 | 06
#1340-d165 @A: 30 18 24 09 | 05
#1341-d165 @A: 19 13 24 33 | 04
#1342-d165 @A: 24 15 12 09 | 09
#1343-d165 @A: 27 15 06 24 | 10
#1344-d165 @A: 35 07 04 05 | 02
#1345-d165 @A: 07 02 11 05 | 11
#1346-d165 @A: 25 05 06 01 | 12
#1347-d165 @A: 23 31 05 06 | 08
#1348-d165 @A: 10 27 25 05 | 01
#1349-d165 @A: 13 27 34 05 | 07
#1350-d165 @A: 05 26 13 09 | 03
#1351-d165 @A: 21 02 03 11 | 06
#1352-d165 @A: 03 21 13 23 | 05
#1353-d165 @A: 21 10 07 25 | 04
#1354-d165 @A: 30 33 21 12 | 09
#1355-d165 @A: 23 35 21 04 | 10
#1356-d165 @A: 21 33 18 14 | 02
#1357-d165 @A: 12 34 21 27 | 11
#1358-d165 @A: 19 01 25 03 | 12
#1359-d165 @A: 01 15 13 03 | 08
#1360-d165 @A: 19 23 03 30 | 01
#1361-d165 @A: 10 35 13 03 | 07
#1362-d165 @A: 27 03 18 25 | 03
#1363-d165 @A: 20 25 35 07 | 06
#1364-d165 @A: 04 07 02 20 | 05
#1365-d165 @A: 07 30 22 10 | 04
#1366-d165 @A: 30 23 25 07 | 09
#1367-d165 @A: 31 07 15 35 | 10
#1368-d165 @A: 22 35 27 07 | 02
#1369-d165 @A: 02 31 07 12 | 11
#1370-d165 @A: 06 15 07 04 | 12
#1371-d165 @A: 13 11 07 27 | 08
#1372-d165 @A: 10 01 09 20 | 01
#1373-d165 @A: 30 01 22 02 | 07
#1374-d165 @A: 01 02 04 31 | 03
#1375-d165 @A: 34 18 27 01 | 06
#1376-d165 @A: 11 01 32 27 | 05
#1377-d165 @A: 30 20 14 10 | 04
#1378-d165 @A: 20 23 35 15 | 09
#1379-d165 @A: 27 06 20 35 | 10
#1380-d165 @A: 10 20 15 04 | 02
#1381-d165 @A: 19 25 33 20 | 11
#1382-d165 @A: 20 12 15 26 | 12
#1383-d165 @A: 35 30 15 11 | 08
#1384-d165 @A: 31 11 10 30 | 01
#1385-d165 @A: 19 30 26 13 | 07
#1386-d165 @A: 26 22 35 14 | 03
#1387-d165 @A: 33 35 14 19 | 06
#1388-d165 @A: 18 35 33 04 | 05
#1389-d165 @A: 13 18 35 25 | 04
#1390-d165 @A: 02 19 31 10 | 09
#1391-d165 @A: 31 26 02 34 | 10
#1392-d165 @A: 19 31 14 09 | 02
#1393-d165 @A: 14 31 09 06 | 11
#1394-d165 @A: 10 11 33 32 | 12
#1395-d165 @A: 12 02 18 15 | 08
#1396-d165 @A: 27 02 18 04 | 01
#1397-d165 @A: 12 15 23 33 | 07
#1398-d165 @A: 34 12 23 13 | 03
#1399-d165 @A: 26 11 23 15 | 06
#1400-d165 @A: 06 18 27 22 | 05
#1401-d165 @A: 34 25 32 06 | 04
#1402-d165 @A: 15 13 06 12 | 09
#1403-d165 @A: 08 28 32 16 | 10
#1404-d165 @A: 28 20 01 16 | 02
#1405-d165 @A: 19 28 08 21 | 11
#1406-d165 @A: 29 30 28 22 | 12
#1407-d165 @A: 26 07 28 35 | 08
#1408-d165 @A: 20 28 23 12 | 01
#1409-d165 @A: 28 31 10 33 | 07
#1410-d165 @A: 34 02 10 28 | 03
#1411-d165 @A: 19 28 12 26 | 06
#1412-d165 @A: 06 28 15 18 | 05
#1413-d165 @A: 15 12 28 25 | 04
#1414-d165 @A: 17 16 35 14 | 09
#1415-d165 @A: 21 22 16 29 | 10
#1416-d165 @A: 16 34 02 29 | 02
#1417-d165 @A: 16 24 01 09 | 11
#1418-d165 @A: 10 05 01 16 | 12
#1419-d165 @A: 05 19 16 30 | 08
#1420-d165 @A: 16 26 21 01 | 01
#1421-d165 @A: 16 13 30 21 | 07
#1422-d165 @A: 09 16 03 15 | 03
#1423-d165 @A: 02 16 07 14 | 06
#1424-d165 @A: 16 23 07 13 | 05
#1425-d165 @A: 35 01 11 16 | 04
#1426-d165 @A: 31 10 14 16 | 09
#1427-d165 @A: 16 04 23 06 | 10
#1428-d165 @A: 33 26 34 16 | 02
#1429-d165 @A: 13 16 04 33 | 11
#1430-d165 @A: 34 19 11 16 | 12
#1431-d165 @A: 32 16 12 13 | 08
#1432-d165 @A: 16 27 26 13 | 01
#1433-d165 @A: 17 13 08 05 | 07
#1434-d165 @A: 08 30 17 04 | 03
#1435-d165 @A: 17 09 29 05 | 06
#1436-d165 @A: 17 20 24 30 | 05
#1437-d165 @A: 21 17 07 15 | 04
#1438-d165 @A: 21 17 04 01 | 09
#1439-d165 @A: 32 22 21 17 | 10
#1440-d165 @A: 17 31 15 01 | 02
#1441-d165 @A: 22 17 20 04 | 11
#1442-d165 @A: 11 30 17 12 | 12
#1443-d165 @A: 17 35 34 22 | 08
#1444-d165 @A: 04 02 17 10 | 01
#1445-d165 @A: 10 17 23 33 | 07
#1446-d165 @A: 12 22 19 17 | 03
#1447-d165 @A: 17 14 32 19 | 06
#1448-d165 @A: 25 17 18 26 | 05
#1449-d165 @A: 17 18 06 32 | 04
#1450-d165 @A: 25 34 15 17 | 09
#1451-d165 @A: 14 17 26 15 | 10
#1452-d165 @A: 27 32 17 26 | 02
#1453-d165 @A: 12 17 04 09 | 11
#1454-d165 @A: 24 08 32 35 | 12
#1455-d165 @A: 08 05 21 03 | 08
#1456-d165 @A: 21 08 27 02 | 01
#1457-d165 @A: 12 03 35 08 | 07
#1458-d165 @A: 09 04 07 08 | 03
#1459-d165 @A: 14 08 01 13 | 06
#1460-d165 @A: 20 08 35 09 | 05
#1461-d165 @A: 06 20 18 08 | 04
#1462-d165 @A: 19 25 08 26 | 09
#1463-d165 @A: 11 08 14 19 | 10
#1464-d165 @A: 08 18 13 04 | 02
#1465-d165 @A: 27 08 34 09 | 11
#1466-d165 @A: 29 11 24 05 | 12
#1467-d165 @A: 21 12 29 24 | 08
#1468-d165 @A: 24 15 30 29 | 01
#1469-d165 @A: 05 29 06 32 | 07
#1470-d165 @A: 01 32 29 03 | 03
#1471-d165 @A: 14 07 22 29 | 06
#1472-d165 @A: 19 29 01 23 | 05
#1473-d165 @A: 29 23 30 14 | 04
#1474-d165 @A: 35 22 02 29 | 09
#1475-d165 @A: 32 31 22 29 | 10
#1476-d165 @A: 29 02 06 34 | 02
#1477-d165 @A: 05 13 24 07 | 11
#1478-d165 @A: 01 11 24 02 | 12
#1479-d165 @A: 20 24 10 27 | 08
#1480-d165 @A: 30 27 26 24 | 01
#1481-d165 @A: 35 12 31 24 | 07
#1482-d165 @A: 31 10 34 24 | 03
#1483-d165 @A: 18 24 15 10 | 06
#1484-d165 @A: 06 14 24 23 | 05
#1485-d165 @A: 33 09 32 24 | 04
#1486-d165 @A: 04 32 24 25 | 09
#1487-d165 @A: 34 05 10 21 | 10
#1488-d165 @A: 05 21 02 12 | 02
#1489-d165 @A: 32 30 07 05 | 11
#1490-d165 @A: 07 06 30 05 | 12
#1491-d165 @A: 02 34 35 05 | 08
#1492-d165 @A: 33 27 05 22 | 01
#1493-d165 @A: 05 04 33 19 | 07
#1494-d165 @A: 12 05 33 26 | 03
#1495-d165 @A: 34 26 14 05 | 06
#1496-d165 @A: 14 21 31 25 | 05
#1497-d165 @A: 18 15 22 21 | 04
#1498-d165 @A: 33 27 21 04 | 09
#1499-d165 @A: 19 21 14 12 | 10
#1500-d165 @A: 13 19 34 21 | 02
#1501-d165 @A: 25 21 27 26 | 11
#1502-d165 @A: 32 34 21 09 | 12
#1503-d165 @A: 32 06 26 21 | 08
#1504-d165 @A: 20 03 26 07 | 01
#1505-d165 @A: 03 31 35 14 | 07
#1506-d165 @A: 35 15 03 02 | 03
#1507-d165 @A: 22 02 10 03 | 06
#1508-d165 @A: 34 32 03 10 | 05
#1509-d165 @A: 12 33 32 03 | 04
#1510-d165 @A: 03 27 19 13 | 09
#1511-d165 @A: 14 03 32 11 | 10
#1512-d165 @A: 15 03 27 26 | 02
#1513-d165 @A: 07 11 01 20 | 11
#1514-d165 @A: 10 07 33 20 | 12
#1515-d165 @A: 07 09 18 14 | 08
#1516-d165 @A: 25 11 14 07 | 01
#1517-d165 @A: 19 20 01 02 | 07
#1518-d165 @A: 01 20 06 26 | 03
#1519-d165 @A: 10 01 27 30 | 06
#1520-d165 @A: 31 01 33 19 | 05
#1521-d165 @A: 02 35 14 20 | 04
#1522-d165 @A: 10 19 34 20 | 09
#1523-d165 @A: 18 20 26 11 | 10
#1524-d165 @A: 04 11 20 12 | 02
#1525-d165 @A: 09 35 30 02 | 11
#1526-d165 @A: 13 30 31 02 | 12
#1527-d165 @A: 31 23 30 34 | 08
#1528-d165 @A: 30 09 15 31 | 01
#1529-d165 @A: 30 32 33 19 | 07
#1530-d165 @A: 30 09 33 26 | 03
#1531-d165 @A: 19 30 12 25 | 06
#1532-d165 @A: 31 32 27 35 | 05
#1533-d165 @A: 27 34 10 35 | 04
#1534-d165 @A: 35 32 14 15 | 09
#1535-d165 @A: 06 35 12 26 | 10
#1536-d165 @A: 04 09 35 11 | 02
#1537-d165 @A: 12 18 14 31 | 11
#1538-d165 @A: 31 15 25 13 | 12
#1539-d165 @A: 32 34 14 31 | 08
#1540-d165 @A: 11 14 31 26 | 01
#1541-d165 @A: 31 34 09 12 | 07
#1542-d165 @A: 10 19 09 33 | 03
#1543-d165 @A: 26 04 10 14 | 06
#1544-d165 @A: 10 06 32 13 | 05
#1545-d165 @A: 11 27 10 12 | 04
#1546-d165 @A: 15 26 32 02 | 09
#1547-d165 @A: 27 26 19 23 | 10
#1548-d165 @A: 18 32 23 04 | 02
#1549-d165 @A: 27 06 25 04 | 11
#1550-d165 @A: 22 28 10 16 | 12
#1551-d165 @A: 16 28 14 18 | 08
#1552-d165 @A: 28 17 15 35 | 01
#1553-d165 @A: 30 29 06 28 | 07
#1554-d165 @A: 24 28 05 10 | 03
#1555-d165 @A: 28 21 12 10 | 06
#1556-d165 @A: 09 01 03 28 | 05
#1557-d165 @A: 14 26 20 28 | 04
#1558-d165 @A: 30 32 28 35 | 09
#1559-d165 @A: 28 30 18 10 | 10
#1560-d165 @A: 11 31 28 35 | 02
#1561-d165 @A: 18 28 19 22 | 11
#1562-d165 @A: 34 22 28 15 | 12
#1563-d165 @A: 28 26 22 13 | 08
#1564-d165 @A: 28 33 04 14 | 01
#1565-d165 @A: 16 17 12 24 | 07
#1566-d165 @A: 21 17 18 16 | 03
#1567-d165 @A: 01 17 16 13 | 06
#1568-d165 @A: 09 02 16 17 | 05
#1569-d165 @A: 08 16 35 27 | 04
#1570-d165 @A: 15 16 31 29 | 09
#1571-d165 @A: 23 16 24 19 | 10
#1572-d165 @A: 16 05 31 26 | 02
#1573-d165 @A: 22 16 05 06 | 11
#1574-d165 @A: 05 11 16 15 | 12
#1575-d165 @A: 21 16 02 19 | 08
#1576-d165 @A: 07 03 16 25 | 01
#1577-d165 @A: 26 16 09 07 | 07
#1578-d165 @A: 22 20 30 16 | 03
#1579-d165 @A: 16 20 31 09 | 06
#1580-d165 @A: 09 30 23 16 | 05
#1581-d165 @A: 02 16 12 35 | 04
#1582-d165 @A: 23 16 35 18 | 09
#1583-d165 @A: 24 29 04 17 | 10
#1584-d165 @A: 11 31 17 24 | 02
#1585-d165 @A: 07 17 05 12 | 11
#1586-d165 @A: 05 34 17 31 | 12
#1587-d165 @A: 20 09 17 03 | 08
#1588-d165 @A: 11 03 17 23 | 01
#1589-d165 @A: 27 17 07 04 | 07
#1590-d165 @A: 30 34 17 10 | 03
#1591-d165 @A: 23 02 17 06 | 06
#1592-d165 @A: 02 13 17 19 | 05
#1593-d165 @A: 17 33 14 13 | 04
#1594-d165 @A: 25 17 32 13 | 09
#1595-d165 @A: 33 08 34 29 | 10
#1596-d165 @A: 08 24 03 11 | 02
#1597-d165 @A: 08 19 24 31 | 11
#1598-d165 @A: 05 22 08 02 | 12
#1599-d165 @A: 01 06 21 08 | 08
#1600-d165 @A: 03 19 08 10 | 01
#1601-d165 @A: 08 18 07 35 | 07
#1602-d165 @A: 02 08 35 19 | 03
#1603-d165 @A: 08 06 19 23 | 06
#1604-d165 @A: 08 22 33 26 | 05
#1605-d165 @A: 08 13 09 33 | 04
#1606-d165 @A: 08 26 13 34 | 09
#1607-d165 @A: 27 26 11 08 | 10
#1608-d165 @A: 23 05 22 29 | 02
#1609-d165 @A: 29 12 05 34 | 11
#1610-d165 @A: 29 14 21 10 | 12
#1611-d165 @A: 06 18 29 21 | 08
#1612-d165 @A: 12 29 30 03 | 01
#1613-d165 @A: 29 12 07 11 | 07
#1614-d165 @A: 26 23 29 20 | 03
#1615-d165 @A: 14 06 26 29 | 06
#1616-d165 @A: 26 09 11 29 | 05
#1617-d165 @A: 02 04 03 24 | 04
#1618-d165 @A: 03 23 18 24 | 09
#1619-d165 @A: 24 34 35 07 | 10
#1620-d165 @A: 13 10 24 30 | 02
#1621-d165 @A: 15 23 31 24 | 11
#1622-d165 @A: 31 24 33 04 | 12
#1623-d165 @A: 02 10 23 24 | 08
#1624-d165 @A: 22 24 12 27 | 01
#1625-d165 @A: 24 32 13 15 | 07
#1626-d165 @A: 04 24 11 26 | 03
#1627-d165 @A: 05 18 13 01 | 06
#1628-d165 @A: 31 05 20 14 | 05
#1629-d165 @A: 05 22 15 26 | 04
#1630-d165 @A: 05 34 09 25 | 09
#1631-d165 @A: 20 34 03 21 | 10
#1632-d165 @A: 25 12 11 21 | 02
#1633-d165 @A: 13 25 04 21 | 11
#1634-d165 @A: 21 04 09 14 | 12
#1635-d165 @A: 13 15 21 12 | 08
#1636-d165 @A: 09 11 21 15 | 01
#1637-d165 @A: 02 03 18 07 | 07
#1638-d165 @A: 03 27 20 01 | 03
#1639-d165 @A: 22 13 03 18 | 06
#1640-d165 @A: 15 03 25 22 | 05
#1641-d165 @A: 19 03 04 09 | 04
#1642-d165 @A: 06 18 25 03 | 09
#1643-d165 @A: 27 04 03 32 | 10
#1644-d165 @A: 03 12 11 06 | 02
#1645-d165 @A: 07 06 01 02 | 11
#1646-d165 @A: 07 30 04 31 | 12
#1647-d165 @A: 32 07 06 22 | 08
#1648-d165 @A: 07 12 27 26 | 01
#1649-d165 @A: 30 18 23 01 | 07
#1650-d165 @A: 01 23 10 13 | 03
#1651-d165 @A: 33 01 27 12 | 06
#1652-d165 @A: 33 26 01 04 | 05
#1653-d165 @A: 25 32 34 01 | 04
#1654-d165 @A: 32 20 23 06 | 09
#1655-d165 @A: 20 27 22 11 | 10
#1656-d165 @A: 33 15 18 20 | 02
#1657-d165 @A: 20 26 19 32 | 11
#1658-d165 @A: 34 14 15 20 | 12
#1659-d165 @A: 14 12 06 20 | 08
#1660-d165 @A: 06 30 09 35 | 01
#1661-d165 @A: 22 18 11 30 | 07
#1662-d165 @A: 32 11 30 34 | 03
#1663-d165 @A: 35 02 13 04 | 06
#1664-d165 @A: 23 19 35 13 | 05
#1665-d165 @A: 09 15 22 35 | 04
#1666-d165 @A: 35 13 33 32 | 09
#1667-d165 @A: 35 27 26 33 | 10
#1668-d165 @A: 35 06 14 04 | 02
#1669-d165 @A: 15 04 27 35 | 11
#1670-d165 @A: 26 04 25 31 | 12
#1671-d165 @A: 22 25 10 32 | 08
#1672-d165 @A: 15 33 10 26 | 01
#1673-d165 @A: 18 11 10 25 | 07
#1674-d165 @A: 32 10 18 13 | 03
#1675-d165 @A: 10 18 12 09 | 06
#1676-d165 @A: 34 25 10 12 | 05
#1677-d165 @A: 10 06 11 25 | 04
#1678-d165 @A: 15 10 09 34 | 09
#1679-d165 @A: 06 15 09 10 | 10
#1680-d165 @A: 04 10 13 09 | 02
#1681-d165 @A: 02 14 04 22 | 11
#1682-d165 @A: 14 02 33 25 | 12
#1683-d165 @A: 34 27 25 02 | 08
#1684-d165 @A: 06 02 32 12 | 01
#1685-d165 @A: 02 15 27 11 | 07
#1686-d165 @A: 11 23 18 06 | 03
#1687-d165 @A: 23 13 11 32 | 06
#1688-d165 @A: 34 22 19 06 | 05
#1689-d165 @A: 14 06 22 13 | 04
