#0001-d170 @A: 27 22 28 13 | 11
#0002-d170 @A: 28 30 13 01 | 03
#0003-d170 @A: 13 12 20 27 | 12
#0004-d170 @A: 13 35 19 24 | 08
#0005-d170 @A: 13 19 06 01 | 02
#0006-d170 @A: 34 13 08 15 | 04
#0007-d170 @A: 17 13 05 16 | 07
#0008-d170 @A: 34 30 18 13 | 01
#0009-d170 @A: 09 20 13 31 | 09
#0010-d170 @A: 23 10 20 13 | 06
#0011-d170 @A: 30 13 04 20 | 05
#0012-d170 @A: 13 30 31 24 | 10
#0013-d170 @A: 10 14 24 13 | 11
#0014-d170 @A: 14 22 33 13 | 03
#0015-d170 @A: 22 13 10 03 | 12
#0016-d170 @A: 25 28 20 07 | 08
#0017-d170 @A: 35 28 07 22 | 02
#0018-d170 @A: 28 33 02 07 | 04
#0019-d170 @A: 25 07 11 14 | 07
#0020-d170 @A: 10 17 07 27 | 01
#0021-d170 @A: 35 34 01 07 | 09
#0022-d170 @A: 05 09 07 35 | 06
#0023-d170 @A: 17 07 06 32 | 05
#0024-d170 @A: 07 19 18 34 | 10
#0025-d170 @A: 32 19 09 07 | 11
#0026-d170 @A: 07 05 19 04 | 03
#0027-d170 @A: 07 01 26 32 | 12
#0028-d170 @A: 04 07 32 03 | 08
#0029-d170 @A: 26 14 07 02 | 02
#0030-d170 @A: 14 07 24 22 | 04
#0031-d170 @A: 07 14 09 04 | 07
#0032-d170 @A: 28 06 04 25 | 01
#0033-d170 @A: 28 35 17 03 | 09
#0034-d170 @A: 02 08 28 35 | 06
#0035-d170 @A: 15 28 21 26 | 05
#0036-d170 @A: 34 02 09 28 | 10
#0037-d170 @A: 28 30 12 26 | 11
#0038-d170 @A: 02 28 31 21 | 03
#0039-d170 @A: 04 28 09 16 | 12
#0040-d170 @A: 09 23 10 28 | 08
#0041-d170 @A: 24 32 35 25 | 02
#0042-d170 @A: 25 15 18 32 | 04
#0043-d170 @A: 25 15 14 20 | 07
#0044-d170 @A: 34 05 25 18 | 01
#0045-d170 @A: 32 26 29 25 | 09
#0046-d170 @A: 25 18 24 21 | 06
#0047-d170 @A: 25 16 14 26 | 05
#0048-d170 @A: 33 20 25 09 | 10
#0049-d170 @A: 25 01 23 20 | 11
#0050-d170 @A: 23 30 25 09 | 03
#0051-d170 @A: 01 08 09 25 | 12
#0052-d170 @A: 14 22 25 30 | 08
#0053-d170 @A: 25 30 01 18 | 02
#0054-d170 @A: 27 15 35 22 | 04
#0055-d170 @A: 04 27 17 26 | 07
#0056-d170 @A: 18 27 34 21 | 01
#0057-d170 @A: 26 03 34 27 | 09
#0058-d170 @A: 29 16 27 32 | 06
#0059-d170 @A: 02 24 27 12 | 05
#0060-d170 @A: 16 27 21 20 | 10
#0061-d170 @A: 21 33 29 27 | 11
#0062-d170 @A: 24 22 26 27 | 03
#0063-d170 @A: 03 05 27 02 | 12
#0064-d170 @A: 10 05 27 23 | 08
#0065-d170 @A: 27 24 23 33 | 02
#0066-d170 @A: 03 27 18 09 | 04
#0067-d170 @A: 33 22 31 27 | 07
#0068-d170 @A: 27 10 08 14 | 01
#0069-d170 @A: 14 11 27 30 | 09
#0070-d170 @A: 11 27 33 22 | 06
#0071-d170 @A: 03 15 34 35 | 05
#0072-d170 @A: 35 19 29 12 | 10
#0073-d170 @A: 35 02 16 05 | 11
#0074-d170 @A: 24 35 03 31 | 03
#0075-d170 @A: 23 35 22 24 | 12
#0076-d170 @A: 35 33 24 29 | 08
#0077-d170 @A: 31 09 35 29 | 02
#0078-d170 @A: 35 11 09 29 | 04
#0079-d170 @A: 31 35 22 30 | 07
#0080-d170 @A: 29 23 35 18 | 01
#0081-d170 @A: 01 21 15 06 | 09
#0082-d170 @A: 16 22 15 06 | 06
#0083-d170 @A: 11 06 34 23 | 05
#0084-d170 @A: 22 32 06 21 | 10
#0085-d170 @A: 32 14 26 06 | 11
#0086-d170 @A: 06 32 24 05 | 03
#0087-d170 @A: 06 16 30 12 | 12
#0088-d170 @A: 30 06 02 21 | 08
#0089-d170 @A: 03 11 06 30 | 02
#0090-d170 @A: 30 01 04 06 | 04
#0091-d170 @A: 17 15 11 20 | 07
#0092-d170 @A: 12 19 15 21 | 01
#0093-d170 @A: 15 02 19 23 | 09
#0094-d170 @A: 05 15 34 24 | 06
#0095-d170 @A: 02 01 12 15 | 05
#0096-d170 @A: 22 15 24 12 | 10
#0097-d170 @A: 08 21 23 15 | 11
#0098-d170 @A: 21 11 15 04 | 03
#0099-d170 @A: 29 20 30 15 | 12
#0100-d170 @A: 29 22 23 15 | 08
#0101-d170 @A: 15 14 08 30 | 02
#0102-d170 @A: 29 15 11 14 | 04
#0103-d170 @A: 15 11 08 30 | 07
#0104-d170 @A: 17 12 26 33 | 01
#0105-d170 @A: 12 17 05 09 | 09
#0106-d170 @A: 01 21 31 17 | 06
#0107-d170 @A: 21 17 23 29 | 05
#0108-d170 @A: 22 17 33 05 | 10
#0109-d170 @A: 20 01 08 17 | 11
#0110-d170 @A: 09 04 17 33 | 03
#0111-d170 @A: 19 18 24 33 | 12
#0112-d170 @A: 09 19 08 22 | 08
#0113-d170 @A: 04 14 19 08 | 02
#0114-d170 @A: 03 14 33 19 | 04
#0115-d170 @A: 19 03 10 30 | 07
#0116-d170 @A: 19 29 04 33 | 01
#0117-d170 @A: 33 29 11 19 | 09
#0118-d170 @A: 32 21 04 34 | 06
#0119-d170 @A: 34 10 22 02 | 05
#0120-d170 @A: 34 14 33 30 | 10
#0121-d170 @A: 03 34 10 01 | 11
#0122-d170 @A: 16 14 21 32 | 03
#0123-d170 @A: 32 20 24 08 | 12
#0124-d170 @A: 30 09 32 08 | 08
#0125-d170 @A: 08 33 32 14 | 02
#0126-d170 @A: 14 32 01 04 | 04
#0127-d170 @A: 21 12 16 01 | 07
#0128-d170 @A: 12 10 24 20 | 01
#0129-d170 @A: 04 08 20 12 | 09
#0130-d170 @A: 29 09 12 33 | 06
#0131-d170 @A: 12 30 03 18 | 05
#0132-d170 @A: 14 30 20 21 | 10
#0133-d170 @A: 20 26 11 10 | 11
#0134-d170 @A: 04 26 03 31 | 03
#0135-d170 @A: 29 31 33 26 | 12
#0136-d170 @A: 04 23 26 18 | 08
#0137-d170 @A: 30 23 26 10 | 02
#0138-d170 @A: 33 30 01 26 | 04
#0139-d170 @A: 16 14 02 11 | 07
#0140-d170 @A: 22 20 24 02 | 01
#0141-d170 @A: 09 02 04 20 | 09
#0142-d170 @A: 03 20 30 02 | 06
#0143-d170 @A: 02 30 01 23 | 05
#0144-d170 @A: 16 20 22 05 | 10
#0145-d170 @A: 05 16 23 18 | 11
#0146-d170 @A: 16 03 05 10 | 03
#0147-d170 @A: 20 09 23 16 | 12
#0148-d170 @A: 01 03 16 20 | 08
#0149-d170 @A: 24 16 31 01 | 02
#0150-d170 @A: 10 18 24 16 | 04
#0151-d170 @A: 30 16 24 29 | 07
#0152-d170 @A: 18 08 05 20 | 01
#0153-d170 @A: 14 33 31 05 | 09
#0154-d170 @A: 05 08 04 29 | 06
#0155-d170 @A: 25 24 28 13 | 05
#0156-d170 @A: 25 33 34 13 | 10
#0157-d170 @A: 25 20 21 13 | 11
#0158-d170 @A: 05 13 25 14 | 03
#0159-d170 @A: 13 26 27 06 | 12
#0160-d170 @A: 35 13 33 09 | 08
#0161-d170 @A: 06 13 14 21 | 02
#0162-d170 @A: 26 17 31 13 | 04
#0163-d170 @A: 17 20 13 22 | 07
#0164-d170 @A: 13 02 12 31 | 01
#0165-d170 @A: 14 13 20 08 | 09
#0166-d170 @A: 31 10 29 13 | 06
#0167-d170 @A: 13 03 30 29 | 05
#0168-d170 @A: 28 07 30 05 | 10
#0169-d170 @A: 25 07 04 26 | 11
#0170-d170 @A: 14 07 25 18 | 03
#0171-d170 @A: 27 07 33 35 | 12
#0172-d170 @A: 31 07 32 27 | 08
#0173-d170 @A: 07 35 10 31 | 02
#0174-d170 @A: 20 07 19 06 | 04
#0175-d170 @A: 32 07 15 11 | 07
#0176-d170 @A: 15 21 07 18 | 01
#0177-d170 @A: 07 20 05 17 | 09
#0178-d170 @A: 12 07 33 19 | 06
#0179-d170 @A: 34 03 12 07 | 05
#0180-d170 @A: 16 07 18 12 | 10
#0181-d170 @A: 22 09 26 07 | 11
#0182-d170 @A: 02 22 07 11 | 03
#0183-d170 @A: 24 07 29 01 | 12
#0184-d170 @A: 31 23 07 08 | 08
#0185-d170 @A: 23 25 02 28 | 02
#0186-d170 @A: 05 16 25 28 | 04
#0187-d170 @A: 28 16 27 18 | 07
#0188-d170 @A: 28 35 06 09 | 01
#0189-d170 @A: 22 06 28 19 | 09
#0190-d170 @A: 22 15 28 05 | 06
#0191-d170 @A: 15 28 08 20 | 05
#0192-d170 @A: 28 01 20 12 | 10
#0193-d170 @A: 33 12 14 28 | 11
#0194-d170 @A: 21 16 29 28 | 03
#0195-d170 @A: 22 31 24 28 | 12
#0196-d170 @A: 11 28 03 29 | 08
#0197-d170 @A: 33 25 04 27 | 02
#0198-d170 @A: 25 31 35 06 | 04
#0199-d170 @A: 30 25 35 19 | 07
#0200-d170 @A: 19 25 14 06 | 01
#0201-d170 @A: 34 17 12 25 | 09
#0202-d170 @A: 25 12 18 19 | 06
#0203-d170 @A: 19 25 21 31 | 05
#0204-d170 @A: 08 25 32 16 | 10
#0205-d170 @A: 25 14 24 12 | 11
#0206-d170 @A: 21 09 16 25 | 03
#0207-d170 @A: 05 21 25 30 | 12
#0208-d170 @A: 02 25 33 26 | 08
#0209-d170 @A: 30 16 25 31 | 02
#0210-d170 @A: 18 22 25 29 | 04
#0211-d170 @A: 31 12 27 06 | 07
#0212-d170 @A: 18 02 06 27 | 01
#0213-d170 @A: 22 27 34 32 | 09
#0214-d170 @A: 27 34 16 14 | 06
#0215-d170 @A: 05 27 09 34 | 05
#0216-d170 @A: 32 05 27 30 | 10
#0217-d170 @A: 27 26 33 14 | 11
#0218-d170 @A: 20 27 24 04 | 03
#0219-d170 @A: 30 31 09 27 | 12
#0220-d170 @A: 18 27 08 33 | 08
#0221-d170 @A: 06 11 35 17 | 02
#0222-d170 @A: 05 31 17 35 | 04
#0223-d170 @A: 31 04 35 32 | 07
#0224-d170 @A: 21 26 22 35 | 01
#0225-d170 @A: 20 35 22 11 | 09
#0226-d170 @A: 33 35 08 31 | 06
#0227-d170 @A: 35 14 01 33 | 05
#0228-d170 @A: 15 19 30 06 | 10
#0229-d170 @A: 18 06 34 15 | 11
#0230-d170 @A: 06 12 14 15 | 03
#0231-d170 @A: 06 02 03 15 | 12
#0232-d170 @A: 17 01 12 06 | 08
#0233-d170 @A: 05 16 34 06 | 02
#0234-d170 @A: 26 09 21 06 | 04
#0235-d170 @A: 10 29 06 26 | 07
#0236-d170 @A: 14 20 31 06 | 01
#0237-d170 @A: 06 29 08 20 | 09
#0238-d170 @A: 08 04 06 09 | 06
#0239-d170 @A: 31 06 08 30 | 05
#0240-d170 @A: 30 14 06 03 | 10
#0241-d170 @A: 34 31 32 15 | 11
#0242-d170 @A: 30 15 32 12 | 03
#0243-d170 @A: 16 15 12 11 | 12
#0244-d170 @A: 05 21 10 15 | 08
#0245-d170 @A: 23 15 14 26 | 02
#0246-d170 @A: 31 15 10 09 | 04
#0247-d170 @A: 03 15 10 11 | 07
#0248-d170 @A: 12 04 19 17 | 01
#0249-d170 @A: 21 05 08 17 | 09
#0250-d170 @A: 17 16 24 26 | 06
#0251-d170 @A: 17 05 26 10 | 05
#0252-d170 @A: 24 17 20 29 | 10
#0253-d170 @A: 29 31 17 18 | 11
#0254-d170 @A: 08 17 30 23 | 03
#0255-d170 @A: 30 22 17 04 | 12
#0256-d170 @A: 11 17 29 22 | 08
#0257-d170 @A: 34 19 32 29 | 02
#0258-d170 @A: 12 02 20 19 | 04
#0259-d170 @A: 19 03 05 18 | 07
#0260-d170 @A: 09 11 14 19 | 01
#0261-d170 @A: 12 08 11 34 | 09
#0262-d170 @A: 16 18 34 02 | 06
#0263-d170 @A: 31 34 08 09 | 05
#0264-d170 @A: 03 34 33 31 | 10
#0265-d170 @A: 30 01 31 34 | 11
#0266-d170 @A: 08 29 34 33 | 03
#0267-d170 @A: 26 32 12 23 | 12
#0268-d170 @A: 29 32 12 05 | 08
#0269-d170 @A: 31 05 32 02 | 02
#0270-d170 @A: 32 14 20 22 | 04
#0271-d170 @A: 18 32 31 24 | 07
#0272-d170 @A: 11 32 22 14 | 01
#0273-d170 @A: 20 09 26 12 | 09
#0274-d170 @A: 02 05 11 12 | 06
#0275-d170 @A: 24 12 33 03 | 05
#0276-d170 @A: 12 09 03 31 | 10
#0277-d170 @A: 23 14 12 08 | 11
#0278-d170 @A: 14 29 10 12 | 03
#0279-d170 @A: 08 03 12 29 | 12
#0280-d170 @A: 33 10 12 22 | 08
#0281-d170 @A: 10 16 04 21 | 02
#0282-d170 @A: 09 05 21 04 | 04
#0283-d170 @A: 09 24 21 14 | 07
#0284-d170 @A: 24 11 21 14 | 01
#0285-d170 @A: 23 21 11 09 | 09
#0286-d170 @A: 30 24 26 08 | 06
#0287-d170 @A: 11 26 18 23 | 05
#0288-d170 @A: 01 22 03 26 | 10
#0289-d170 @A: 09 02 24 01 | 11
#0290-d170 @A: 10 24 02 23 | 03
#0291-d170 @A: 02 31 08 04 | 12
#0292-d170 @A: 31 02 11 30 | 08
#0293-d170 @A: 04 33 16 14 | 02
#0294-d170 @A: 08 16 03 04 | 04
#0295-d170 @A: 10 30 16 01 | 07
#0296-d170 @A: 10 16 30 11 | 01
#0297-d170 @A: 33 23 20 05 | 09
#0298-d170 @A: 20 01 05 04 | 06
#0299-d170 @A: 05 01 10 24 | 05
#0300-d170 @A: 05 01 23 22 | 10
#0301-d170 @A: 05 11 33 03 | 11
#0302-d170 @A: 11 01 31 09 | 03
#0303-d170 @A: 13 07 08 25 | 12
#0304-d170 @A: 13 28 08 16 | 08
#0305-d170 @A: 30 11 28 13 | 02
#0306-d170 @A: 02 13 27 23 | 04
#0307-d170 @A: 15 35 13 18 | 07
#0308-d170 @A: 06 12 13 29 | 01
#0309-d170 @A: 30 13 06 23 | 09
#0310-d170 @A: 05 31 13 15 | 06
#0311-d170 @A: 13 21 09 17 | 05
#0312-d170 @A: 19 13 32 03 | 10
#0313-d170 @A: 34 22 13 21 | 11
#0314-d170 @A: 13 34 03 04 | 03
#0315-d170 @A: 32 26 13 04 | 12
#0316-d170 @A: 13 08 21 12 | 08
#0317-d170 @A: 22 26 12 13 | 02
#0318-d170 @A: 29 21 26 13 | 04
#0319-d170 @A: 20 13 29 16 | 07
#0320-d170 @A: 01 24 13 03 | 01
#0321-d170 @A: 14 11 08 13 | 09
#0322-d170 @A: 29 13 01 11 | 06
#0323-d170 @A: 17 09 28 07 | 05
#0324-d170 @A: 12 07 28 23 | 10
#0325-d170 @A: 27 30 25 07 | 11
#0326-d170 @A: 25 06 07 01 | 03
#0327-d170 @A: 18 07 26 27 | 12
#0328-d170 @A: 35 02 07 24 | 08
#0329-d170 @A: 33 07 11 06 | 02
#0330-d170 @A: 05 07 34 33 | 04
#0331-d170 @A: 12 07 11 03 | 07
#0332-d170 @A: 07 16 23 02 | 01
#0333-d170 @A: 20 31 07 30 | 09
#0334-d170 @A: 10 01 20 07 | 06
#0335-d170 @A: 07 18 10 22 | 05
#0336-d170 @A: 28 06 24 11 | 10
#0337-d170 @A: 30 28 17 15 | 11
#0338-d170 @A: 15 12 28 09 | 03
#0339-d170 @A: 15 29 33 28 | 12
#0340-d170 @A: 32 08 28 34 | 08
#0341-d170 @A: 21 28 12 04 | 02
#0342-d170 @A: 11 21 05 28 | 04
#0343-d170 @A: 20 21 03 28 | 07
#0344-d170 @A: 33 28 24 09 | 01
#0345-d170 @A: 04 14 28 24 | 09
#0346-d170 @A: 10 28 03 31 | 06
#0347-d170 @A: 22 35 25 34 | 05
#0348-d170 @A: 03 16 35 25 | 10
#0349-d170 @A: 25 06 24 02 | 11
#0350-d170 @A: 06 10 05 25 | 03
#0351-d170 @A: 15 01 05 25 | 12
#0352-d170 @A: 25 02 09 17 | 08
#0353-d170 @A: 19 25 05 09 | 02
#0354-d170 @A: 34 03 25 32 | 04
#0355-d170 @A: 34 26 25 01 | 07
#0356-d170 @A: 31 25 34 02 | 01
#0357-d170 @A: 25 01 21 32 | 09
#0358-d170 @A: 12 25 30 02 | 06
#0359-d170 @A: 02 14 25 21 | 05
#0360-d170 @A: 18 08 02 25 | 10
#0361-d170 @A: 25 20 10 29 | 11
#0362-d170 @A: 08 25 24 23 | 03
#0363-d170 @A: 18 25 09 04 | 12
#0364-d170 @A: 27 23 35 17 | 08
#0365-d170 @A: 03 22 06 27 | 02
#0366-d170 @A: 27 16 15 10 | 04
#0367-d170 @A: 22 12 17 27 | 07
#0368-d170 @A: 33 27 19 34 | 01
#0369-d170 @A: 01 32 27 19 | 09
#0370-d170 @A: 20 27 14 19 | 06
#0371-d170 @A: 14 09 32 27 | 05
#0372-d170 @A: 12 14 05 27 | 10
#0373-d170 @A: 26 21 23 27 | 11
#0374-d170 @A: 27 10 09 20 | 03
#0375-d170 @A: 30 22 10 27 | 12
#0376-d170 @A: 29 27 30 01 | 08
#0377-d170 @A: 35 17 18 19 | 02
#0378-d170 @A: 32 35 21 29 | 04
#0379-d170 @A: 35 32 33 02 | 07
#0380-d170 @A: 20 35 23 26 | 01
#0381-d170 @A: 26 10 24 35 | 09
#0382-d170 @A: 35 14 09 18 | 06
#0383-d170 @A: 06 04 15 26 | 05
#0384-d170 @A: 17 20 06 26 | 10
#0385-d170 @A: 06 23 26 19 | 11
#0386-d170 @A: 06 29 19 16 | 03
#0387-d170 @A: 34 12 06 23 | 12
#0388-d170 @A: 31 21 33 06 | 08
#0389-d170 @A: 02 01 06 05 | 02
#0390-d170 @A: 08 24 06 16 | 04
#0391-d170 @A: 10 09 06 24 | 07
#0392-d170 @A: 04 29 24 06 | 01
#0393-d170 @A: 06 33 01 29 | 09
#0394-d170 @A: 14 34 17 15 | 06
#0395-d170 @A: 01 17 15 26 | 05
#0396-d170 @A: 10 17 02 15 | 10
#0397-d170 @A: 17 04 15 05 | 11
#0398-d170 @A: 15 33 21 34 | 03
#0399-d170 @A: 16 15 34 04 | 12
#0400-d170 @A: 23 15 32 16 | 08
#0401-d170 @A: 05 32 08 15 | 02
#0402-d170 @A: 18 33 14 15 | 04
#0403-d170 @A: 29 01 15 18 | 07
#0404-d170 @A: 19 21 17 34 | 01
#0405-d170 @A: 11 02 17 32 | 09
#0406-d170 @A: 17 09 29 32 | 06
#0407-d170 @A: 04 21 02 17 | 05
#0408-d170 @A: 33 29 03 17 | 10
#0409-d170 @A: 19 32 16 10 | 11
#0410-d170 @A: 12 26 19 10 | 03
#0411-d170 @A: 12 31 19 24 | 12
#0412-d170 @A: 02 11 19 03 | 08
#0413-d170 @A: 09 16 19 18 | 02
#0414-d170 @A: 23 33 19 08 | 04
#0415-d170 @A: 11 22 19 23 | 07
#0416-d170 @A: 04 23 30 19 | 01
#0417-d170 @A: 34 11 21 03 | 09
#0418-d170 @A: 05 02 34 04 | 06
#0419-d170 @A: 03 09 34 20 | 05
#0420-d170 @A: 34 18 14 31 | 10
#0421-d170 @A: 18 34 10 08 | 11
#0422-d170 @A: 30 04 34 08 | 03
#0423-d170 @A: 08 32 05 11 | 12
#0424-d170 @A: 32 18 01 09 | 08
#0425-d170 @A: 31 30 32 29 | 02
#0426-d170 @A: 11 31 12 16 | 04
#0427-d170 @A: 18 12 20 14 | 07
#0428-d170 @A: 09 22 11 12 | 01
#0429-d170 @A: 31 18 23 12 | 09
#0430-d170 @A: 31 12 22 08 | 06
#0431-d170 @A: 31 33 04 12 | 05
#0432-d170 @A: 33 01 12 23 | 10
#0433-d170 @A: 21 20 26 02 | 11
#0434-d170 @A: 23 21 24 20 | 03
#0435-d170 @A: 01 18 20 21 | 12
#0436-d170 @A: 22 21 03 24 | 08
#0437-d170 @A: 08 21 03 09 | 02
#0438-d170 @A: 21 08 29 31 | 04
#0439-d170 @A: 01 10 21 29 | 07
#0440-d170 @A: 08 02 05 26 | 01
#0441-d170 @A: 26 03 23 24 | 09
#0442-d170 @A: 29 11 24 26 | 06
#0443-d170 @A: 09 26 31 23 | 05
#0444-d170 @A: 26 10 04 09 | 10
#0445-d170 @A: 26 31 01 10 | 11
#0446-d170 @A: 26 08 22 23 | 03
#0447-d170 @A: 20 16 18 04 | 12
#0448-d170 @A: 01 18 16 14 | 08
#0449-d170 @A: 03 16 22 29 | 02
#0450-d170 @A: 04 24 05 31 | 04
#0451-d170 @A: 24 14 05 03 | 07
#0452-d170 @A: 05 09 22 10 | 01
#0453-d170 @A: 33 29 05 10 | 09
#0454-d170 @A: 24 11 08 10 | 06
#0455-d170 @A: 18 08 11 29 | 05
#0456-d170 @A: 28 13 35 31 | 10
#0457-d170 @A: 17 04 13 28 | 11
#0458-d170 @A: 28 13 34 12 | 03
#0459-d170 @A: 05 10 13 28 | 12
#0460-d170 @A: 13 19 29 25 | 08
#0461-d170 @A: 26 13 03 25 | 02
#0462-d170 @A: 21 35 04 13 | 04
#0463-d170 @A: 13 26 30 35 | 07
#0464-d170 @A: 11 15 23 13 | 01
#0465-d170 @A: 02 18 13 19 | 09
#0466-d170 @A: 16 13 31 34 | 06
#0467-d170 @A: 13 01 12 32 | 05
#0468-d170 @A: 12 13 05 30 | 10
#0469-d170 @A: 01 21 02 13 | 11
#0470-d170 @A: 23 26 16 13 | 03
#0471-d170 @A: 14 23 13 09 | 12
#0472-d170 @A: 13 18 31 11 | 08
#0473-d170 @A: 13 29 08 18 | 02
#0474-d170 @A: 07 18 28 11 | 04
#0475-d170 @A: 25 02 15 07 | 07
#0476-d170 @A: 05 07 25 29 | 01
#0477-d170 @A: 06 07 27 14 | 09
#0478-d170 @A: 21 20 07 35 | 06
#0479-d170 @A: 22 15 32 07 | 05
#0480-d170 @A: 16 14 19 07 | 10
#0481-d170 @A: 11 09 34 07 | 11
#0482-d170 @A: 07 12 31 26 | 03
#0483-d170 @A: 08 12 02 07 | 12
#0484-d170 @A: 21 26 10 07 | 08
#0485-d170 @A: 22 21 07 16 | 02
#0486-d170 @A: 21 07 11 31 | 04
#0487-d170 @A: 18 04 07 02 | 07
#0488-d170 @A: 24 07 20 16 | 01
#0489-d170 @A: 08 33 07 20 | 09
#0490-d170 @A: 07 24 23 18 | 06
#0491-d170 @A: 33 04 30 07 | 05
#0492-d170 @A: 27 23 15 28 | 10
#0493-d170 @A: 11 09 27 28 | 11
#0494-d170 @A: 12 32 35 28 | 03
#0495-d170 @A: 28 05 23 06 | 12
#0496-d170 @A: 15 28 10 34 | 08
#0497-d170 @A: 29 05 17 28 | 02
#0498-d170 @A: 19 28 16 20 | 04
#0499-d170 @A: 28 05 01 19 | 07
#0500-d170 @A: 32 14 05 28 | 01
#0501-d170 @A: 16 24 12 28 | 09
#0502-d170 @A: 26 28 04 05 | 06
#0503-d170 @A: 28 11 05 16 | 05
#0504-d170 @A: 28 18 24 20 | 10
#0505-d170 @A: 28 22 20 09 | 11
#0506-d170 @A: 31 28 33 20 | 03
#0507-d170 @A: 24 28 29 03 | 12
#0508-d170 @A: 30 23 31 28 | 08
#0509-d170 @A: 28 04 22 33 | 02
#0510-d170 @A: 25 12 03 06 | 04
#0511-d170 @A: 23 26 25 17 | 07
#0512-d170 @A: 17 05 03 25 | 01
#0513-d170 @A: 25 19 16 23 | 09
#0514-d170 @A: 19 01 25 10 | 06
#0515-d170 @A: 25 16 11 29 | 05
#0516-d170 @A: 10 31 25 04 | 10
#0517-d170 @A: 11 03 04 25 | 11
#0518-d170 @A: 35 18 27 12 | 03
#0519-d170 @A: 32 27 23 06 | 12
#0520-d170 @A: 27 29 04 15 | 08
#0521-d170 @A: 17 09 27 24 | 02
#0522-d170 @A: 11 04 27 17 | 04
#0523-d170 @A: 34 12 04 27 | 07
#0524-d170 @A: 02 27 21 32 | 01
#0525-d170 @A: 04 08 27 32 | 09
#0526-d170 @A: 05 27 29 26 | 06
#0527-d170 @A: 16 08 27 02 | 05
#0528-d170 @A: 27 30 23 03 | 10
#0529-d170 @A: 18 21 35 06 | 11
#0530-d170 @A: 32 08 35 19 | 03
#0531-d170 @A: 11 24 35 19 | 12
#0532-d170 @A: 18 35 16 32 | 08
#0533-d170 @A: 30 23 35 32 | 02
#0534-d170 @A: 12 09 35 16 | 04
#0535-d170 @A: 03 26 02 35 | 07
#0536-d170 @A: 30 01 09 35 | 01
#0537-d170 @A: 35 23 04 33 | 09
#0538-d170 @A: 01 35 18 22 | 06
#0539-d170 @A: 17 09 06 16 | 05
#0540-d170 @A: 17 06 23 04 | 10
#0541-d170 @A: 21 06 19 10 | 11
#0542-d170 @A: 08 34 06 01 | 03
#0543-d170 @A: 06 33 05 12 | 12
#0544-d170 @A: 11 21 29 06 | 08
#0545-d170 @A: 31 06 02 26 | 02
#0546-d170 @A: 24 06 01 14 | 04
#0547-d170 @A: 06 03 04 33 | 07
#0548-d170 @A: 20 21 17 15 | 01
#0549-d170 @A: 16 15 26 08 | 09
#0550-d170 @A: 15 11 22 26 | 06
#0551-d170 @A: 16 18 15 03 | 05
#0552-d170 @A: 09 23 15 18 | 10
#0553-d170 @A: 23 03 31 15 | 11
#0554-d170 @A: 01 33 15 31 | 03
#0555-d170 @A: 14 15 03 29 | 12
#0556-d170 @A: 18 15 22 04 | 08
#0557-d170 @A: 33 17 20 14 | 02
#0558-d170 @A: 14 17 09 03 | 04
#0559-d170 @A: 01 23 14 17 | 07
#0560-d170 @A: 17 04 14 10 | 01
#0561-d170 @A: 30 18 17 33 | 09
#0562-d170 @A: 12 30 19 14 | 06
#0563-d170 @A: 20 19 26 01 | 05
#0564-d170 @A: 02 33 19 16 | 10
#0565-d170 @A: 31 19 14 01 | 11
#0566-d170 @A: 19 22 31 03 | 03
#0567-d170 @A: 34 11 32 30 | 12
#0568-d170 @A: 21 34 12 30 | 08
#0569-d170 @A: 02 26 11 34 | 02
#0570-d170 @A: 24 09 34 26 | 04
#0571-d170 @A: 34 33 04 20 | 07
#0572-d170 @A: 08 34 03 23 | 01
#0573-d170 @A: 11 34 04 29 | 09
#0574-d170 @A: 24 11 32 23 | 06
#0575-d170 @A: 32 10 24 03 | 05
#0576-d170 @A: 01 24 22 32 | 10
#0577-d170 @A: 08 01 29 32 | 11
#0578-d170 @A: 03 32 11 01 | 03
#0579-d170 @A: 01 12 29 04 | 12
#0580-d170 @A: 08 10 21 20 | 08
#0581-d170 @A: 31 21 03 30 | 02
#0582-d170 @A: 21 23 10 03 | 04
#0583-d170 @A: 26 14 03 08 | 07
#0584-d170 @A: 20 02 05 29 | 01
#0585-d170 @A: 03 29 02 10 | 09
#0586-d170 @A: 14 05 29 16 | 06
#0587-d170 @A: 16 20 08 31 | 05
#0588-d170 @A: 29 24 09 05 | 10
#0589-d170 @A: 20 31 11 33 | 11
#0590-d170 @A: 33 10 11 23 | 03
#0591-d170 @A: 13 29 07 28 | 12
#0592-d170 @A: 13 18 07 05 | 08
#0593-d170 @A: 25 22 06 13 | 02
#0594-d170 @A: 09 25 13 15 | 04
#0595-d170 @A: 27 19 10 13 | 07
#0596-d170 @A: 09 06 03 13 | 01
#0597-d170 @A: 02 15 22 13 | 09
#0598-d170 @A: 13 03 17 23 | 06
#0599-d170 @A: 31 13 19 11 | 05
#0600-d170 @A: 03 13 02 16 | 10
#0601-d170 @A: 05 24 13 20 | 11
#0602-d170 @A: 03 08 13 31 | 03
#0603-d170 @A: 13 22 18 23 | 12
#0604-d170 @A: 22 01 13 08 | 08
#0605-d170 @A: 07 03 25 22 | 02
#0606-d170 @A: 15 07 27 20 | 04
#0607-d170 @A: 07 34 27 23 | 07
#0608-d170 @A: 29 11 07 27 | 01
#0609-d170 @A: 15 07 35 29 | 09
#0610-d170 @A: 06 34 07 02 | 06
#0611-d170 @A: 03 07 06 05 | 05
#0612-d170 @A: 07 06 22 23 | 10
#0613-d170 @A: 04 07 12 15 | 11
#0614-d170 @A: 21 08 32 07 | 03
#0615-d170 @A: 12 07 22 30 | 12
#0616-d170 @A: 01 21 03 07 | 08
#0617-d170 @A: 24 07 31 09 | 02
#0618-d170 @A: 33 01 07 22 | 04
#0619-d170 @A: 28 25 27 21 | 07
#0620-d170 @A: 03 25 28 15 | 01
#0621-d170 @A: 25 28 33 17 | 09
#0622-d170 @A: 26 28 25 19 | 06
#0623-d170 @A: 14 01 25 28 | 05
#0624-d170 @A: 01 28 27 06 | 10
#0625-d170 @A: 06 24 17 28 | 11
#0626-d170 @A: 28 12 18 06 | 03
#0627-d170 @A: 08 21 06 28 | 12
#0628-d170 @A: 15 18 28 19 | 08
#0629-d170 @A: 19 04 32 28 | 02
#0630-d170 @A: 03 28 34 05 | 04
#0631-d170 @A: 26 28 32 24 | 07
#0632-d170 @A: 14 28 20 23 | 01
#0633-d170 @A: 14 22 03 28 | 09
#0634-d170 @A: 08 30 33 28 | 06
#0635-d170 @A: 27 19 25 15 | 05
#0636-d170 @A: 25 32 27 10 | 10
#0637-d170 @A: 25 35 15 10 | 11
#0638-d170 @A: 26 09 25 35 | 03
#0639-d170 @A: 06 02 11 25 | 12
#0640-d170 @A: 11 15 25 34 | 08
#0641-d170 @A: 30 26 15 25 | 02
#0642-d170 @A: 22 21 17 25 | 04
#0643-d170 @A: 11 25 31 32 | 07
#0644-d170 @A: 18 25 11 21 | 01
#0645-d170 @A: 30 20 24 25 | 09
#0646-d170 @A: 24 22 09 25 | 06
#0647-d170 @A: 08 30 10 25 | 05
#0648-d170 @A: 32 11 35 27 | 10
#0649-d170 @A: 06 19 27 24 | 11
#0650-d170 @A: 34 27 01 15 | 03
#0651-d170 @A: 24 32 27 15 | 12
#0652-d170 @A: 26 15 12 27 | 08
#0653-d170 @A: 27 02 19 31 | 02
#0654-d170 @A: 16 05 27 19 | 04
#0655-d170 @A: 23 27 18 19 | 07
#0656-d170 @A: 27 05 24 21 | 01
#0657-d170 @A: 08 27 21 22 | 09
#0658-d170 @A: 11 27 02 20 | 06
#0659-d170 @A: 23 27 05 11 | 05
#0660-d170 @A: 29 10 24 27 | 10
#0661-d170 @A: 04 10 27 03 | 11
#0662-d170 @A: 27 30 18 04 | 03
#0663-d170 @A: 08 12 35 15 | 12
#0664-d170 @A: 35 17 02 34 | 08
#0665-d170 @A: 12 17 35 20 | 02
#0666-d170 @A: 35 21 34 09 | 04
#0667-d170 @A: 35 08 34 05 | 07
#0668-d170 @A: 31 35 11 34 | 01
#0669-d170 @A: 12 30 33 35 | 09
#0670-d170 @A: 02 21 10 35 | 06
#0671-d170 @A: 02 18 35 31 | 05
#0672-d170 @A: 20 22 33 35 | 10
#0673-d170 @A: 29 20 35 01 | 11
#0674-d170 @A: 09 22 35 03 | 03
#0675-d170 @A: 14 03 35 10 | 12
#0676-d170 @A: 15 05 09 06 | 08
#0677-d170 @A: 15 06 31 29 | 02
#0678-d170 @A: 06 01 15 11 | 04
#0679-d170 @A: 19 12 06 11 | 07
#0680-d170 @A: 06 26 24 12 | 01
#0681-d170 @A: 24 31 06 23 | 09
#0682-d170 @A: 24 30 06 22 | 06
#0683-d170 @A: 09 22 06 11 | 05
#0684-d170 @A: 22 31 10 06 | 10
#0685-d170 @A: 06 29 14 22 | 11
#0686-d170 @A: 11 04 10 06 | 03
#0687-d170 @A: 15 19 04 01 | 12
#0688-d170 @A: 34 12 15 29 | 08
#0689-d170 @A: 32 15 04 20 | 02
#0690-d170 @A: 15 29 21 02 | 04
#0691-d170 @A: 24 30 15 09 | 07
#0692-d170 @A: 14 15 24 31 | 01
#0693-d170 @A: 09 26 17 19 | 09
#0694-d170 @A: 02 17 01 19 | 06
#0695-d170 @A: 17 26 14 21 | 05
#0696-d170 @A: 17 31 24 02 | 10
#0697-d170 @A: 20 30 09 17 | 11
#0698-d170 @A: 03 24 17 04 | 03
#0699-d170 @A: 18 22 17 03 | 12
#0700-d170 @A: 34 01 19 12 | 08
#0701-d170 @A: 23 19 21 32 | 02
#0702-d170 @A: 12 03 19 16 | 04
#0703-d170 @A: 14 19 26 24 | 07
#0704-d170 @A: 08 30 20 19 | 01
#0705-d170 @A: 19 01 23 24 | 09
#0706-d170 @A: 19 09 30 29 | 06
#0707-d170 @A: 18 11 19 10 | 05
#0708-d170 @A: 05 12 31 34 | 10
#0709-d170 @A: 34 02 08 21 | 11
#0710-d170 @A: 34 23 21 16 | 03
#0711-d170 @A: 34 24 14 08 | 12
#0712-d170 @A: 34 22 04 23 | 08
#0713-d170 @A: 01 33 32 05 | 02
#0714-d170 @A: 22 31 23 32 | 04
#0715-d170 @A: 01 12 11 21 | 07
#0716-d170 @A: 12 09 22 23 | 01
#0717-d170 @A: 30 12 11 29 | 09
#0718-d170 @A: 21 31 24 10 | 06
#0719-d170 @A: 21 29 04 14 | 05
#0720-d170 @A: 33 10 21 18 | 10
#0721-d170 @A: 30 16 03 26 | 11
#0722-d170 @A: 26 29 24 18 | 03
#0723-d170 @A: 31 33 02 30 | 12
#0724-d170 @A: 22 23 03 02 | 08
#0725-d170 @A: 30 04 02 29 | 02
#0726-d170 @A: 16 10 22 08 | 04
#0727-d170 @A: 22 16 11 08 | 07
#0728-d170 @A: 05 11 20 01 | 01
#0729-d170 @A: 22 18 05 24 | 09
#0730-d170 @A: 08 11 03 23 | 06
#0731-d170 @A: 24 07 13 06 | 05
#0732-d170 @A: 07 32 34 13 | 10
#0733-d170 @A: 10 13 07 12 | 11
#0734-d170 @A: 13 27 08 35 | 03
#0735-d170 @A: 09 13 16 27 | 12
#0736-d170 @A: 02 13 35 06 | 08
#0737-d170 @A: 29 35 13 05 | 02
#0738-d170 @A: 18 06 31 13 | 04
#0739-d170 @A: 13 24 21 15 | 07
#0740-d170 @A: 21 30 13 19 | 01
#0741-d170 @A: 33 18 13 12 | 09
#0742-d170 @A: 21 33 13 16 | 06
#0743-d170 @A: 13 02 24 26 | 05
#0744-d170 @A: 09 05 13 02 | 10
#0745-d170 @A: 31 13 04 22 | 11
#0746-d170 @A: 03 28 07 19 | 03
#0747-d170 @A: 22 07 05 27 | 12
#0748-d170 @A: 07 06 16 31 | 08
#0749-d170 @A: 15 05 07 14 | 02
#0750-d170 @A: 22 02 17 07 | 04
#0751-d170 @A: 07 04 11 19 | 07
#0752-d170 @A: 12 32 07 20 | 01
#0753-d170 @A: 08 10 07 09 | 09
#0754-d170 @A: 01 11 07 23 | 06
#0755-d170 @A: 08 28 25 29 | 05
#0756-d170 @A: 19 28 14 35 | 10
#0757-d170 @A: 05 28 20 35 | 11
#0758-d170 @A: 03 32 28 16 | 03
#0759-d170 @A: 20 10 28 32 | 12
#0760-d170 @A: 28 22 30 02 | 08
#0761-d170 @A: 10 29 28 18 | 02
#0762-d170 @A: 26 25 27 11 | 04
#0763-d170 @A: 03 24 25 27 | 07
#0764-d170 @A: 23 25 11 35 | 01
#0765-d170 @A: 23 21 06 25 | 09
#0766-d170 @A: 16 06 25 20 | 06
#0767-d170 @A: 02 25 03 19 | 05
#0768-d170 @A: 25 31 23 05 | 10
#0769-d170 @A: 23 25 04 29 | 11
#0770-d170 @A: 25 04 30 03 | 03
#0771-d170 @A: 27 16 06 04 | 12
#0772-d170 @A: 30 33 06 27 | 08
#0773-d170 @A: 27 18 05 15 | 02
#0774-d170 @A: 27 33 15 09 | 04
#0775-d170 @A: 31 11 27 15 | 07
#0776-d170 @A: 01 34 27 11 | 01
#0777-d170 @A: 02 10 26 27 | 09
#0778-d170 @A: 22 27 14 23 | 06
#0779-d170 @A: 17 30 35 24 | 05
#0780-d170 @A: 11 30 17 35 | 10
#0781-d170 @A: 35 34 26 04 | 11
#0782-d170 @A: 24 18 35 34 | 03
#0783-d170 @A: 12 35 26 14 | 12
#0784-d170 @A: 05 12 35 24 | 08
#0785-d170 @A: 01 35 12 31 | 02
#0786-d170 @A: 16 35 21 31 | 04
#0787-d170 @A: 35 22 05 14 | 07
#0788-d170 @A: 05 14 35 11 | 01
#0789-d170 @A: 09 35 24 04 | 09
#0790-d170 @A: 08 23 35 10 | 06
#0791-d170 @A: 14 04 35 30 | 05
#0792-d170 @A: 35 01 08 11 | 10
#0793-d170 @A: 18 35 03 33 | 11
#0794-d170 @A: 17 05 18 06 | 03
#0795-d170 @A: 06 12 04 32 | 12
#0796-d170 @A: 21 03 06 16 | 08
#0797-d170 @A: 05 06 14 08 | 02
#0798-d170 @A: 20 22 06 01 | 04
#0799-d170 @A: 06 14 31 11 | 07
#0800-d170 @A: 10 14 06 23 | 01
#0801-d170 @A: 18 23 08 06 | 09
#0802-d170 @A: 24 17 23 15 | 06
#0803-d170 @A: 19 26 03 15 | 05
#0804-d170 @A: 19 24 16 15 | 10
#0805-d170 @A: 21 15 32 09 | 11
#0806-d170 @A: 32 15 26 33 | 03
#0807-d170 @A: 15 02 11 24 | 12
#0808-d170 @A: 18 31 20 15 | 08
#0809-d170 @A: 29 17 26 34 | 02
#0810-d170 @A: 03 16 17 34 | 04
#0811-d170 @A: 32 24 21 17 | 07
#0812-d170 @A: 05 23 17 32 | 01
#0813-d170 @A: 08 32 17 31 | 09
#0814-d170 @A: 16 08 17 12 | 06
#0815-d170 @A: 17 14 11 12 | 05
#0816-d170 @A: 17 18 20 23 | 10
#0817-d170 @A: 22 24 17 08 | 11
#0818-d170 @A: 18 17 08 09 | 03
#0819-d170 @A: 29 17 08 14 | 12
#0820-d170 @A: 30 16 19 34 | 08
#0821-d170 @A: 32 11 26 19 | 02
#0822-d170 @A: 02 19 32 24 | 04
#0823-d170 @A: 21 08 16 19 | 07
#0824-d170 @A: 04 02 19 26 | 01
#0825-d170 @A: 19 26 29 08 | 09
#0826-d170 @A: 02 19 10 08 | 06
#0827-d170 @A: 22 20 19 23 | 05
#0828-d170 @A: 08 11 19 20 | 10
#0829-d170 @A: 03 19 20 04 | 11
#0830-d170 @A: 03 01 29 19 | 03
#0831-d170 @A: 33 12 02 34 | 12
#0832-d170 @A: 01 34 24 20 | 08
#0833-d170 @A: 08 22 34 20 | 02
#0834-d170 @A: 11 18 34 24 | 04
#0835-d170 @A: 34 04 09 01 | 07
#0836-d170 @A: 18 11 32 12 | 01
#0837-d170 @A: 20 32 21 31 | 09
#0838-d170 @A: 32 11 16 09 | 06
#0839-d170 @A: 23 20 32 03 | 05
#0840-d170 @A: 32 10 01 23 | 10
#0841-d170 @A: 26 12 18 01 | 11
#0842-d170 @A: 16 12 22 02 | 03
#0843-d170 @A: 18 10 12 09 | 12
#0844-d170 @A: 22 04 12 14 | 08
#0845-d170 @A: 09 29 21 20 | 02
#0846-d170 @A: 09 21 18 31 | 04
#0847-d170 @A: 33 23 21 14 | 07
#0848-d170 @A: 30 18 23 21 | 01
#0849-d170 @A: 30 22 21 11 | 09
#0850-d170 @A: 26 20 22 30 | 06
#0851-d170 @A: 14 01 26 09 | 05
#0852-d170 @A: 31 11 04 26 | 10
#0853-d170 @A: 14 29 26 30 | 11
#0854-d170 @A: 20 33 18 02 | 03
#0855-d170 @A: 11 02 09 08 | 12
#0856-d170 @A: 18 09 29 02 | 08
#0857-d170 @A: 23 29 02 31 | 02
#0858-d170 @A: 18 03 01 02 | 04
#0859-d170 @A: 29 04 31 16 | 07
#0860-d170 @A: 05 08 09 23 | 01
#0861-d170 @A: 05 09 33 30 | 09
#0862-d170 @A: 05 29 23 03 | 06
#0863-d170 @A: 01 05 30 14 | 05
#0864-d170 @A: 01 31 10 11 | 10
#0865-d170 @A: 28 21 18 13 | 11
#0866-d170 @A: 20 26 13 28 | 03
#0867-d170 @A: 13 25 12 04 | 12
#0868-d170 @A: 13 30 27 15 | 08
#0869-d170 @A: 17 13 27 29 | 02
#0870-d170 @A: 06 13 08 17 | 04
#0871-d170 @A: 23 13 12 15 | 07
#0872-d170 @A: 15 13 26 10 | 01
#0873-d170 @A: 13 17 11 03 | 09
#0874-d170 @A: 09 13 19 12 | 06
#0875-d170 @A: 26 13 18 14 | 05
#0876-d170 @A: 13 23 24 04 | 10
#0877-d170 @A: 22 13 24 29 | 11
#0878-d170 @A: 25 07 19 24 | 03
#0879-d170 @A: 34 07 09 25 | 12
#0880-d170 @A: 03 27 07 16 | 08
#0881-d170 @A: 35 18 30 07 | 02
#0882-d170 @A: 26 07 06 30 | 04
#0883-d170 @A: 23 07 17 19 | 07
#0884-d170 @A: 24 17 34 07 | 01
#0885-d170 @A: 17 07 01 18 | 09
#0886-d170 @A: 21 19 02 07 | 06
#0887-d170 @A: 34 07 08 16 | 05
#0888-d170 @A: 32 05 16 07 | 10
#0889-d170 @A: 23 20 07 04 | 11
#0890-d170 @A: 01 07 04 31 | 03
#0891-d170 @A: 29 10 23 07 | 12
#0892-d170 @A: 35 18 28 25 | 08
#0893-d170 @A: 25 28 09 31 | 02
#0894-d170 @A: 28 10 27 35 | 04
#0895-d170 @A: 27 14 28 17 | 07
#0896-d170 @A: 28 09 27 26 | 01
#0897-d170 @A: 03 27 08 28 | 09
#0898-d170 @A: 28 30 35 16 | 06
#0899-d170 @A: 32 06 28 31 | 05
#0900-d170 @A: 03 06 28 26 | 10
#0901-d170 @A: 28 31 19 34 | 11
#0902-d170 @A: 28 09 21 19 | 03
#0903-d170 @A: 29 28 22 12 | 12
#0904-d170 @A: 28 16 26 31 | 08
#0905-d170 @A: 28 10 16 02 | 02
#0906-d170 @A: 01 29 28 09 | 04
#0907-d170 @A: 18 28 03 23 | 07
#0908-d170 @A: 11 14 33 28 | 01
#0909-d170 @A: 22 28 08 18 | 09
#0910-d170 @A: 01 22 28 10 | 06
#0911-d170 @A: 11 28 22 01 | 05
#0912-d170 @A: 25 22 27 16 | 10
#0913-d170 @A: 35 17 29 25 | 11
#0914-d170 @A: 04 25 05 32 | 03
#0915-d170 @A: 20 12 05 25 | 12
#0916-d170 @A: 08 20 03 25 | 08
#0917-d170 @A: 03 09 25 10 | 02
#0918-d170 @A: 14 23 03 25 | 04
#0919-d170 @A: 14 10 25 33 | 07
#0920-d170 @A: 25 11 33 08 | 01
#0921-d170 @A: 09 19 35 27 | 09
#0922-d170 @A: 27 35 21 30 | 06
#0923-d170 @A: 03 01 27 35 | 05
#0924-d170 @A: 03 27 32 12 | 10
#0925-d170 @A: 27 21 12 10 | 11
#0926-d170 @A: 27 24 31 08 | 03
#0927-d170 @A: 33 35 19 15 | 12
#0928-d170 @A: 23 19 34 35 | 08
#0929-d170 @A: 10 05 35 19 | 02
#0930-d170 @A: 35 10 09 32 | 04
#0931-d170 @A: 35 04 12 02 | 07
#0932-d170 @A: 35 01 21 05 | 01
#0933-d170 @A: 14 02 35 29 | 09
#0934-d170 @A: 20 14 24 35 | 06
#0935-d170 @A: 09 08 35 20 | 05
#0936-d170 @A: 35 22 29 08 | 10
#0937-d170 @A: 18 35 04 08 | 11
#0938-d170 @A: 15 20 06 23 | 03
#0939-d170 @A: 17 02 06 29 | 12
#0940-d170 @A: 31 17 03 06 | 08
#0941-d170 @A: 19 31 06 05 | 02
#0942-d170 @A: 05 06 21 29 | 04
#0943-d170 @A: 24 33 20 06 | 07
#0944-d170 @A: 31 06 01 09 | 01
#0945-d170 @A: 17 15 32 03 | 09
#0946-d170 @A: 04 15 24 02 | 06
#0947-d170 @A: 14 09 22 15 | 05
#0948-d170 @A: 30 15 31 04 | 10
#0949-d170 @A: 23 10 15 04 | 11
#0950-d170 @A: 30 17 32 19 | 03
#0951-d170 @A: 19 16 31 17 | 12
#0952-d170 @A: 17 30 34 05 | 08
#0953-d170 @A: 03 21 17 12 | 02
#0954-d170 @A: 17 11 21 16 | 04
#0955-d170 @A: 17 02 16 20 | 07
#0956-d170 @A: 01 10 09 17 | 01
#0957-d170 @A: 17 31 33 23 | 09
#0958-d170 @A: 30 03 17 01 | 06
#0959-d170 @A: 12 05 19 23 | 05
#0960-d170 @A: 21 24 29 19 | 10
#0961-d170 @A: 19 22 16 26 | 11
#0962-d170 @A: 05 19 26 33 | 03
#0963-d170 @A: 19 30 18 31 | 12
#0964-d170 @A: 14 19 18 22 | 08
#0965-d170 @A: 30 34 26 32 | 02
#0966-d170 @A: 02 34 32 01 | 04
#0967-d170 @A: 26 10 16 34 | 07
#0968-d170 @A: 26 34 05 14 | 01
#0969-d170 @A: 34 02 24 03 | 09
#0970-d170 @A: 34 10 23 33 | 06
#0971-d170 @A: 10 34 04 29 | 05
#0972-d170 @A: 21 05 18 32 | 10
#0973-d170 @A: 32 21 33 11 | 11
#0974-d170 @A: 32 26 10 08 | 03
#0975-d170 @A: 02 03 32 09 | 12
#0976-d170 @A: 01 20 30 32 | 08
#0977-d170 @A: 18 23 32 33 | 02
#0978-d170 @A: 29 32 18 04 | 04
#0979-d170 @A: 29 11 32 10 | 07
#0980-d170 @A: 26 11 24 12 | 01
#0981-d170 @A: 04 12 30 09 | 09
#0982-d170 @A: 02 05 21 23 | 06
#0983-d170 @A: 22 21 20 04 | 05
#0984-d170 @A: 33 30 21 24 | 10
#0985-d170 @A: 30 21 08 01 | 11
#0986-d170 @A: 26 30 31 05 | 03
#0987-d170 @A: 02 18 24 30 | 12
#0988-d170 @A: 09 02 33 10 | 08
#0989-d170 @A: 29 33 22 02 | 02
#0990-d170 @A: 11 02 18 01 | 04
#0991-d170 @A: 11 16 20 24 | 07
#0992-d170 @A: 14 24 23 16 | 01
#0993-d170 @A: 22 30 23 16 | 09
#0994-d170 @A: 16 04 01 23 | 06
#0995-d170 @A: 16 08 18 30 | 05
#0996-d170 @A: 20 14 09 05 | 10
#0997-d170 @A: 20 05 31 03 | 11
#0998-d170 @A: 31 10 05 08 | 03
#0999-d170 @A: 22 31 05 29 | 12
#1000-d170 @A: 14 11 04 20 | 08
#1001-d170 @A: 20 30 11 18 | 02
#1002-d170 @A: 03 15 07 13 | 04
#1003-d170 @A: 07 19 22 13 | 07
#1004-d170 @A: 32 25 31 13 | 01
#1005-d170 @A: 13 16 18 25 | 09
#1006-d170 @A: 35 34 14 13 | 06
#1007-d170 @A: 34 06 13 20 | 05
#1008-d170 @A: 11 13 06 32 | 10
#1009-d170 @A: 04 13 15 14 | 11
#1010-d170 @A: 19 33 31 13 | 03
#1011-d170 @A: 34 05 13 11 | 12
#1012-d170 @A: 08 32 13 23 | 08
#1013-d170 @A: 13 16 14 12 | 02
#1014-d170 @A: 20 13 21 11 | 04
#1015-d170 @A: 13 08 30 02 | 07
#1016-d170 @A: 02 13 33 11 | 01
#1017-d170 @A: 13 01 33 20 | 09
#1018-d170 @A: 09 13 29 04 | 06
#1019-d170 @A: 29 14 01 13 | 05
#1020-d170 @A: 31 07 15 28 | 10
#1021-d170 @A: 16 07 28 01 | 11
#1022-d170 @A: 27 29 07 12 | 03
#1023-d170 @A: 27 01 07 02 | 12
#1024-d170 @A: 08 35 07 06 | 08
#1025-d170 @A: 06 07 11 20 | 02
#1026-d170 @A: 17 15 08 07 | 04
#1027-d170 @A: 14 07 12 17 | 07
#1028-d170 @A: 07 04 29 17 | 01
#1029-d170 @A: 24 07 33 32 | 09
#1030-d170 @A: 12 07 05 01 | 06
#1031-d170 @A: 26 07 11 30 | 05
#1032-d170 @A: 07 05 24 08 | 10
#1033-d170 @A: 24 03 07 30 | 11
#1034-d170 @A: 07 10 04 24 | 03
#1035-d170 @A: 18 33 07 31 | 12
#1036-d170 @A: 23 14 30 07 | 08
#1037-d170 @A: 28 27 30 20 | 02
#1038-d170 @A: 15 28 04 35 | 04
#1039-d170 @A: 21 24 28 35 | 07
#1040-d170 @A: 29 06 28 30 | 01
#1041-d170 @A: 28 01 24 15 | 09
#1042-d170 @A: 17 28 34 20 | 06
#1043-d170 @A: 32 17 28 01 | 05
#1044-d170 @A: 17 02 28 18 | 10
#1045-d170 @A: 16 23 17 28 | 11
#1046-d170 @A: 28 34 11 20 | 03
#1047-d170 @A: 23 28 24 34 | 12
#1048-d170 @A: 11 28 12 23 | 08
#1049-d170 @A: 28 21 05 33 | 02
#1050-d170 @A: 28 22 21 23 | 04
#1051-d170 @A: 28 23 26 33 | 07
#1052-d170 @A: 10 14 28 26 | 01
#1053-d170 @A: 04 20 29 28 | 09
#1054-d170 @A: 31 28 04 18 | 06
#1055-d170 @A: 27 25 20 34 | 05
#1056-d170 @A: 27 25 29 02 | 10
#1057-d170 @A: 05 25 27 08 | 11
#1058-d170 @A: 21 25 08 35 | 03
#1059-d170 @A: 02 35 25 01 | 12
#1060-d170 @A: 15 33 16 25 | 08
#1061-d170 @A: 32 17 14 25 | 02
#1062-d170 @A: 19 25 32 33 | 04
#1063-d170 @A: 04 25 19 22 | 07
#1064-d170 @A: 25 12 32 09 | 01
#1065-d170 @A: 01 24 04 25 | 09
#1066-d170 @A: 22 25 33 23 | 06
#1067-d170 @A: 01 33 25 03 | 05
#1068-d170 @A: 25 11 01 30 | 10
#1069-d170 @A: 29 30 25 33 | 11
#1070-d170 @A: 15 27 06 08 | 03
#1071-d170 @A: 34 10 06 27 | 12
#1072-d170 @A: 14 15 27 02 | 08
#1073-d170 @A: 19 30 26 27 | 02
#1074-d170 @A: 29 19 22 27 | 04
#1075-d170 @A: 30 02 27 34 | 07
#1076-d170 @A: 16 12 27 33 | 01
#1077-d170 @A: 27 03 16 11 | 09
#1078-d170 @A: 11 27 24 03 | 06
#1079-d170 @A: 34 35 32 06 | 05
#1080-d170 @A: 35 06 22 12 | 10
#1081-d170 @A: 10 06 33 35 | 11
#1082-d170 @A: 35 09 15 17 | 03
#1083-d170 @A: 35 23 15 05 | 12
#1084-d170 @A: 10 12 35 11 | 08
#1085-d170 @A: 18 35 05 26 | 02
#1086-d170 @A: 23 09 02 35 | 04
#1087-d170 @A: 18 35 20 10 | 07
#1088-d170 @A: 24 01 08 35 | 01
#1089-d170 @A: 11 18 35 33 | 09
#1090-d170 @A: 29 35 30 10 | 06
#1091-d170 @A: 19 34 03 06 | 05
#1092-d170 @A: 02 09 06 19 | 10
#1093-d170 @A: 21 34 24 06 | 11
#1094-d170 @A: 26 33 06 34 | 03
#1095-d170 @A: 30 09 34 06 | 12
#1096-d170 @A: 06 04 31 34 | 08
#1097-d170 @A: 02 06 33 23 | 02
#1098-d170 @A: 06 22 04 02 | 04
#1099-d170 @A: 09 06 22 18 | 07
#1100-d170 @A: 15 19 08 31 | 01
#1101-d170 @A: 22 21 31 15 | 09
#1102-d170 @A: 04 15 33 08 | 06
#1103-d170 @A: 10 18 15 30 | 05
#1104-d170 @A: 10 29 19 17 | 10
#1105-d170 @A: 17 32 33 34 | 11
#1106-d170 @A: 10 17 32 12 | 03
#1107-d170 @A: 29 12 17 30 | 12
#1108-d170 @A: 16 21 18 17 | 08
#1109-d170 @A: 08 02 17 03 | 02
#1110-d170 @A: 22 14 17 16 | 04
#1111-d170 @A: 18 17 11 05 | 07
#1112-d170 @A: 34 20 19 10 | 01
#1113-d170 @A: 21 19 26 18 | 09
#1114-d170 @A: 05 21 19 14 | 06
#1115-d170 @A: 22 21 19 01 | 05
#1116-d170 @A: 08 03 19 24 | 10
#1117-d170 @A: 10 19 04 18 | 11
#1118-d170 @A: 05 32 34 10 | 03
#1119-d170 @A: 26 12 08 34 | 12
#1120-d170 @A: 23 02 34 26 | 08
#1121-d170 @A: 14 23 11 34 | 02
#1122-d170 @A: 30 22 34 03 | 04
#1123-d170 @A: 32 30 02 16 | 07
#1124-d170 @A: 02 32 23 04 | 01
#1125-d170 @A: 32 14 31 10 | 09
#1126-d170 @A: 32 04 33 10 | 06
#1127-d170 @A: 09 21 12 02 | 05
#1128-d170 @A: 18 29 21 12 | 10
#1129-d170 @A: 05 12 26 03 | 11
#1130-d170 @A: 12 02 05 18 | 03
#1131-d170 @A: 03 12 20 22 | 12
#1132-d170 @A: 24 23 12 29 | 08
#1133-d170 @A: 04 18 24 12 | 02
#1134-d170 @A: 10 12 30 31 | 04
#1135-d170 @A: 14 12 01 03 | 07
#1136-d170 @A: 05 21 16 26 | 01
#1137-d170 @A: 01 24 21 26 | 09
#1138-d170 @A: 10 21 30 09 | 06
#1139-d170 @A: 04 21 23 31 | 05
#1140-d170 @A: 26 14 04 20 | 10
#1141-d170 @A: 30 09 26 18 | 11
#1142-d170 @A: 11 09 33 26 | 03
#1143-d170 @A: 26 08 31 18 | 12
#1144-d170 @A: 04 26 01 08 | 08
#1145-d170 @A: 31 02 10 20 | 02
#1146-d170 @A: 16 05 01 08 | 04
#1147-d170 @A: 30 16 05 04 | 07
#1148-d170 @A: 08 33 09 16 | 01
#1149-d170 @A: 09 01 16 22 | 09
#1150-d170 @A: 03 16 14 31 | 06
#1151-d170 @A: 08 29 16 23 | 05
#1152-d170 @A: 05 10 18 14 | 10
#1153-d170 @A: 04 03 22 05 | 11
#1154-d170 @A: 11 30 20 23 | 03
#1155-d170 @A: 04 13 27 07 | 12
#1156-d170 @A: 07 35 17 13 | 08
#1157-d170 @A: 02 07 20 13 | 02
#1158-d170 @A: 11 24 13 07 | 04
#1159-d170 @A: 09 13 32 28 | 07
#1160-d170 @A: 28 33 03 13 | 01
#1161-d170 @A: 13 30 17 25 | 09
#1162-d170 @A: 27 13 32 18 | 06
#1163-d170 @A: 13 21 27 31 | 05
#1164-d170 @A: 13 16 22 35 | 10
#1165-d170 @A: 04 35 11 13 | 11
#1166-d170 @A: 32 13 33 06 | 03
#1167-d170 @A: 17 15 33 13 | 12
#1168-d170 @A: 19 16 13 04 | 08
#1169-d170 @A: 34 13 23 05 | 02
#1170-d170 @A: 09 10 34 13 | 04
#1171-d170 @A: 05 32 13 22 | 07
#1172-d170 @A: 13 01 23 31 | 01
#1173-d170 @A: 08 04 13 10 | 09
#1174-d170 @A: 10 13 30 33 | 06
#1175-d170 @A: 14 21 28 07 | 05
#1176-d170 @A: 21 33 25 07 | 10
#1177-d170 @A: 12 09 06 07 | 11
#1178-d170 @A: 07 06 04 21 | 03
#1179-d170 @A: 07 10 19 15 | 12
#1180-d170 @A: 26 17 07 03 | 08
#1181-d170 @A: 17 07 16 33 | 02
#1182-d170 @A: 07 08 11 17 | 04
#1183-d170 @A: 23 09 33 07 | 07
#1184-d170 @A: 03 07 09 29 | 01
#1185-d170 @A: 08 07 01 14 | 09
#1186-d170 @A: 16 28 33 06 | 06
#1187-d170 @A: 19 28 17 08 | 05
#1188-d170 @A: 28 19 30 24 | 10
#1189-d170 @A: 12 03 02 28 | 11
#1190-d170 @A: 05 09 18 28 | 03
#1191-d170 @A: 08 28 24 10 | 12
#1192-d170 @A: 01 28 03 04 | 08
#1193-d170 @A: 18 25 17 27 | 02
#1194-d170 @A: 04 20 25 35 | 04
#1195-d170 @A: 06 08 25 26 | 07
#1196-d170 @A: 06 25 33 18 | 01
#1197-d170 @A: 25 34 14 04 | 09
#1198-d170 @A: 31 25 22 20 | 06
#1199-d170 @A: 25 09 14 29 | 05
#1200-d170 @A: 29 25 01 31 | 10
#1201-d170 @A: 35 27 29 06 | 11
#1202-d170 @A: 31 27 35 34 | 03
#1203-d170 @A: 17 06 27 21 | 12
#1204-d170 @A: 27 21 03 15 | 08
#1205-d170 @A: 32 27 17 20 | 02
#1206-d170 @A: 27 17 30 16 | 04
#1207-d170 @A: 01 17 27 05 | 07
#1208-d170 @A: 27 04 21 19 | 01
#1209-d170 @A: 21 11 27 19 | 09
#1210-d170 @A: 27 26 16 01 | 06
#1211-d170 @A: 08 20 27 26 | 05
#1212-d170 @A: 27 18 22 20 | 10
#1213-d170 @A: 24 18 01 27 | 11
#1214-d170 @A: 23 04 09 27 | 03
#1215-d170 @A: 27 18 31 10 | 12
#1216-d170 @A: 23 08 01 27 | 08
#1217-d170 @A: 06 24 35 15 | 02
#1218-d170 @A: 06 01 26 35 | 04
#1219-d170 @A: 33 21 35 17 | 07
#1220-d170 @A: 32 35 05 03 | 01
#1221-d170 @A: 33 16 35 26 | 09
#1222-d170 @A: 22 35 04 10 | 06
#1223-d170 @A: 34 22 17 06 | 05
#1224-d170 @A: 08 06 32 02 | 10
#1225-d170 @A: 03 32 29 06 | 11
#1226-d170 @A: 26 06 22 05 | 03
#1227-d170 @A: 06 16 14 02 | 12
#1228-d170 @A: 08 06 33 22 | 08
#1229-d170 @A: 19 15 22 17 | 02
#1230-d170 @A: 15 18 12 17 | 04
#1231-d170 @A: 29 15 17 16 | 07
#1232-d170 @A: 19 32 15 14 | 01
#1233-d170 @A: 16 12 15 05 | 09
#1234-d170 @A: 02 15 26 18 | 06
#1235-d170 @A: 16 31 02 15 | 05
#1236-d170 @A: 01 19 17 11 | 10
#1237-d170 @A: 17 34 33 11 | 11
#1238-d170 @A: 02 17 26 30 | 03
#1239-d170 @A: 02 17 05 14 | 12
#1240-d170 @A: 17 20 03 10 | 08
#1241-d170 @A: 17 30 31 14 | 02
#1242-d170 @A: 34 16 11 19 | 04
#1243-d170 @A: 03 09 19 23 | 07
#1244-d170 @A: 09 10 19 14 | 01
#1245-d170 @A: 24 34 12 32 | 09
#1246-d170 @A: 12 14 09 34 | 06
#1247-d170 @A: 34 33 24 22 | 05
#1248-d170 @A: 11 10 22 34 | 10
#1249-d170 @A: 33 12 21 32 | 11
#1250-d170 @A: 12 02 14 32 | 03
#1251-d170 @A: 22 02 26 32 | 12
#1252-d170 @A: 20 11 32 29 | 08
#1253-d170 @A: 24 04 32 30 | 02
#1254-d170 @A: 22 32 08 03 | 04
#1255-d170 @A: 29 10 22 32 | 07
#1256-d170 @A: 10 16 12 23 | 01
#1257-d170 @A: 04 10 12 05 | 09
#1258-d170 @A: 24 08 09 12 | 06
#1259-d170 @A: 08 33 21 26 | 05
#1260-d170 @A: 08 21 11 26 | 10
#1261-d170 @A: 21 09 01 23 | 11
#1262-d170 @A: 03 21 04 18 | 03
#1263-d170 @A: 16 02 09 26 | 12
#1264-d170 @A: 03 26 29 20 | 08
#1265-d170 @A: 23 01 26 29 | 02
#1266-d170 @A: 03 26 18 10 | 04
#1267-d170 @A: 02 01 16 29 | 07
#1268-d170 @A: 02 14 10 30 | 01
#1269-d170 @A: 16 33 30 20 | 09
#1270-d170 @A: 04 22 24 16 | 06
#1271-d170 @A: 18 31 16 22 | 05
#1272-d170 @A: 14 05 04 23 | 10
#1273-d170 @A: 11 04 01 24 | 11
#1274-d170 @A: 07 21 13 23 | 03
#1275-d170 @A: 13 09 01 07 | 12
#1276-d170 @A: 31 07 13 14 | 08
#1277-d170 @A: 01 27 13 25 | 02
#1278-d170 @A: 02 13 10 25 | 04
#1279-d170 @A: 34 27 13 24 | 07
#1280-d170 @A: 13 27 05 33 | 01
#1281-d170 @A: 03 14 13 27 | 09
#1282-d170 @A: 01 13 10 35 | 06
#1283-d170 @A: 04 06 05 13 | 05
#1284-d170 @A: 17 13 19 14 | 10
#1285-d170 @A: 13 17 01 34 | 11
#1286-d170 @A: 02 32 17 13 | 03
#1287-d170 @A: 13 34 26 19 | 12
#1288-d170 @A: 13 08 09 26 | 08
#1289-d170 @A: 04 33 02 13 | 02
#1290-d170 @A: 29 13 23 33 | 04
#1291-d170 @A: 27 28 24 07 | 07
#1292-d170 @A: 10 06 07 28 | 01
#1293-d170 @A: 07 28 04 34 | 09
#1294-d170 @A: 19 08 27 07 | 06
#1295-d170 @A: 21 27 09 07 | 05
#1296-d170 @A: 19 07 35 26 | 10
#1297-d170 @A: 07 35 11 16 | 11
#1298-d170 @A: 23 03 35 07 | 03
#1299-d170 @A: 15 07 26 24 | 12
#1300-d170 @A: 07 21 17 30 | 08
#1301-d170 @A: 32 29 07 02 | 02
#1302-d170 @A: 32 07 10 30 | 04
#1303-d170 @A: 07 21 12 24 | 07
#1304-d170 @A: 29 16 26 07 | 01
#1305-d170 @A: 07 05 26 23 | 09
#1306-d170 @A: 07 03 14 20 | 06
#1307-d170 @A: 20 22 07 29 | 05
#1308-d170 @A: 33 29 14 07 | 10
#1309-d170 @A: 07 04 08 22 | 11
#1310-d170 @A: 32 28 22 25 | 03
#1311-d170 @A: 34 27 28 29 | 12
#1312-d170 @A: 28 35 34 33 | 08
#1313-d170 @A: 23 28 35 01 | 02
#1314-d170 @A: 14 34 06 28 | 04
#1315-d170 @A: 31 12 28 17 | 07
#1316-d170 @A: 21 10 17 28 | 01
#1317-d170 @A: 26 34 28 18 | 09
#1318-d170 @A: 22 28 16 34 | 06
#1319-d170 @A: 24 02 28 05 | 05
#1320-d170 @A: 31 28 08 01 | 10
#1321-d170 @A: 11 31 28 08 | 11
#1322-d170 @A: 28 04 23 08 | 03
#1323-d170 @A: 28 33 01 18 | 12
#1324-d170 @A: 05 33 25 35 | 08
#1325-d170 @A: 06 34 29 25 | 02
#1326-d170 @A: 15 04 21 25 | 04
#1327-d170 @A: 29 25 15 24 | 07
#1328-d170 @A: 25 17 19 20 | 01
#1329-d170 @A: 34 24 16 25 | 09
#1330-d170 @A: 25 12 21 26 | 06
#1331-d170 @A: 25 12 22 01 | 05
#1332-d170 @A: 20 25 26 18 | 10
#1333-d170 @A: 25 05 22 02 | 11
#1334-d170 @A: 11 25 09 05 | 03
#1335-d170 @A: 24 31 25 33 | 12
#1336-d170 @A: 31 08 25 14 | 08
#1337-d170 @A: 25 18 31 03 | 02
#1338-d170 @A: 25 18 10 23 | 04
#1339-d170 @A: 20 27 02 35 | 07
#1340-d170 @A: 27 06 20 05 | 01
#1341-d170 @A: 08 06 11 27 | 09
#1342-d170 @A: 34 27 17 08 | 06
#1343-d170 @A: 30 12 08 27 | 05
#1344-d170 @A: 31 27 01 20 | 10
#1345-d170 @A: 27 20 29 23 | 11
#1346-d170 @A: 31 14 27 04 | 03
#1347-d170 @A: 18 27 10 11 | 12
#1348-d170 @A: 06 35 19 04 | 08
#1349-d170 @A: 16 23 35 06 | 02
#1350-d170 @A: 14 35 21 15 | 04
#1351-d170 @A: 35 02 15 30 | 07
#1352-d170 @A: 03 21 19 35 | 01
#1353-d170 @A: 31 20 19 35 | 09
#1354-d170 @A: 16 35 14 08 | 06
#1355-d170 @A: 31 35 23 14 | 05
#1356-d170 @A: 17 30 10 06 | 10
#1357-d170 @A: 06 32 18 19 | 11
#1358-d170 @A: 10 02 12 06 | 03
#1359-d170 @A: 06 30 20 18 | 12
#1360-d170 @A: 09 23 06 29 | 08
#1361-d170 @A: 03 23 06 01 | 02
#1362-d170 @A: 10 03 06 08 | 04
#1363-d170 @A: 06 10 18 01 | 07
#1364-d170 @A: 15 19 05 29 | 01
#1365-d170 @A: 11 33 19 15 | 09
#1366-d170 @A: 34 22 26 15 | 06
#1367-d170 @A: 12 03 10 15 | 05
#1368-d170 @A: 08 15 09 02 | 10
#1369-d170 @A: 04 15 05 11 | 11
#1370-d170 @A: 15 24 18 08 | 03
#1371-d170 @A: 24 15 10 33 | 12
#1372-d170 @A: 30 15 23 33 | 08
#1373-d170 @A: 30 01 22 15 | 02
#1374-d170 @A: 09 11 17 24 | 04
#1375-d170 @A: 32 26 31 19 | 07
#1376-d170 @A: 19 05 32 20 | 01
#1377-d170 @A: 29 20 19 18 | 09
#1378-d170 @A: 16 32 34 09 | 06
#1379-d170 @A: 20 12 16 34 | 05
#1380-d170 @A: 26 34 31 21 | 10
#1381-d170 @A: 05 21 34 20 | 11
#1382-d170 @A: 33 01 16 34 | 03
#1383-d170 @A: 34 31 29 24 | 12
#1384-d170 @A: 32 21 03 26 | 08
#1385-d170 @A: 29 33 32 20 | 02
#1386-d170 @A: 24 23 32 09 | 04
#1387-d170 @A: 29 32 14 24 | 07
#1388-d170 @A: 31 33 32 09 | 01
#1389-d170 @A: 03 14 32 18 | 09
#1390-d170 @A: 05 21 22 12 | 06
#1391-d170 @A: 29 20 12 31 | 05
#1392-d170 @A: 12 23 04 03 | 10
#1393-d170 @A: 26 30 21 04 | 11
#1394-d170 @A: 02 16 24 21 | 03
#1395-d170 @A: 03 02 33 21 | 12
#1396-d170 @A: 22 02 21 18 | 08
#1397-d170 @A: 10 14 21 22 | 02
#1398-d170 @A: 30 21 29 22 | 04
#1399-d170 @A: 33 01 21 04 | 07
#1400-d170 @A: 10 20 33 26 | 01
#1401-d170 @A: 33 09 26 03 | 09
#1402-d170 @A: 31 26 14 22 | 06
#1403-d170 @A: 04 26 29 22 | 05
#1404-d170 @A: 33 24 02 14 | 10
#1405-d170 @A: 11 29 02 23 | 11
#1406-d170 @A: 14 22 08 02 | 03
#1407-d170 @A: 02 01 08 33 | 12
#1408-d170 @A: 16 33 31 10 | 08
#1409-d170 @A: 10 20 05 30 | 02
#1410-d170 @A: 30 05 23 24 | 04
#1411-d170 @A: 03 09 01 05 | 07
#1412-d170 @A: 01 31 05 18 | 01
#1413-d170 @A: 24 11 33 30 | 09
#1414-d170 @A: 22 11 31 03 | 06
#1415-d170 @A: 11 18 04 22 | 05
#1416-d170 @A: 13 33 07 26 | 10
#1417-d170 @A: 16 30 07 13 | 11
#1418-d170 @A: 15 13 06 28 | 03
#1419-d170 @A: 13 23 19 28 | 12
#1420-d170 @A: 23 35 25 13 | 08
#1421-d170 @A: 12 11 27 13 | 02
#1422-d170 @A: 20 35 13 32 | 04
#1423-d170 @A: 06 16 10 13 | 07
#1424-d170 @A: 29 32 13 15 | 01
#1425-d170 @A: 24 12 13 17 | 09
#1426-d170 @A: 18 10 13 17 | 06
#1427-d170 @A: 30 13 32 14 | 05
#1428-d170 @A: 13 05 21 03 | 10
#1429-d170 @A: 13 16 11 26 | 11
#1430-d170 @A: 26 13 01 05 | 03
#1431-d170 @A: 33 24 08 13 | 12
#1432-d170 @A: 13 30 22 09 | 08
#1433-d170 @A: 18 13 04 01 | 02
#1434-d170 @A: 08 28 26 07 | 04
#1435-d170 @A: 25 17 31 07 | 07
#1436-d170 @A: 07 10 16 25 | 01
#1437-d170 @A: 35 16 04 07 | 09
#1438-d170 @A: 29 18 07 06 | 06
#1439-d170 @A: 34 30 15 07 | 05
#1440-d170 @A: 15 16 09 07 | 10
#1441-d170 @A: 23 07 15 01 | 11
#1442-d170 @A: 01 30 19 07 | 03
#1443-d170 @A: 07 34 29 21 | 12
#1444-d170 @A: 20 07 34 26 | 08
#1445-d170 @A: 07 22 31 34 | 02
#1446-d170 @A: 05 31 21 07 | 04
#1447-d170 @A: 05 02 10 07 | 07
#1448-d170 @A: 07 02 03 31 | 01
#1449-d170 @A: 07 08 03 18 | 09
#1450-d170 @A: 25 28 11 19 | 06
#1451-d170 @A: 25 30 34 28 | 05
#1452-d170 @A: 25 28 10 12 | 10
#1453-d170 @A: 27 28 12 19 | 11
#1454-d170 @A: 04 02 27 28 | 03
#1455-d170 @A: 20 06 28 02 | 12
#1456-d170 @A: 16 15 28 14 | 08
#1457-d170 @A: 28 02 29 19 | 02
#1458-d170 @A: 33 10 19 28 | 04
#1459-d170 @A: 34 21 01 28 | 07
#1460-d170 @A: 30 21 32 28 | 01
#1461-d170 @A: 04 32 28 11 | 09
#1462-d170 @A: 08 12 05 28 | 06
#1463-d170 @A: 09 03 28 30 | 05
#1464-d170 @A: 28 31 29 14 | 10
#1465-d170 @A: 28 14 30 18 | 11
#1466-d170 @A: 30 10 28 04 | 03
#1467-d170 @A: 25 14 35 27 | 12
#1468-d170 @A: 09 06 27 25 | 08
#1469-d170 @A: 06 30 25 32 | 02
#1470-d170 @A: 08 25 22 15 | 04
#1471-d170 @A: 16 01 17 25 | 07
#1472-d170 @A: 08 25 04 17 | 01
#1473-d170 @A: 25 21 34 10 | 09
#1474-d170 @A: 29 16 12 25 | 06
#1475-d170 @A: 33 25 08 12 | 05
#1476-d170 @A: 25 03 21 29 | 10
#1477-d170 @A: 05 25 26 24 | 11
#1478-d170 @A: 10 25 26 22 | 03
#1479-d170 @A: 24 27 16 35 | 12
#1480-d170 @A: 27 19 17 03 | 08
#1481-d170 @A: 27 01 12 09 | 02
#1482-d170 @A: 22 02 27 09 | 04
#1483-d170 @A: 27 31 23 16 | 07
#1484-d170 @A: 03 20 33 27 | 01
#1485-d170 @A: 30 14 27 24 | 09
#1486-d170 @A: 08 29 09 27 | 06
#1487-d170 @A: 31 03 27 29 | 05
#1488-d170 @A: 18 29 14 27 | 10
#1489-d170 @A: 27 22 04 01 | 11
#1490-d170 @A: 27 10 33 01 | 03
#1491-d170 @A: 06 17 35 14 | 12
#1492-d170 @A: 35 30 05 06 | 08
#1493-d170 @A: 06 03 35 20 | 02
#1494-d170 @A: 15 01 35 32 | 04
#1495-d170 @A: 35 20 16 15 | 07
#1496-d170 @A: 17 22 35 32 | 01
#1497-d170 @A: 29 16 35 34 | 09
#1498-d170 @A: 35 34 30 20 | 06
#1499-d170 @A: 19 33 17 06 | 05
#1500-d170 @A: 01 06 32 16 | 10
#1501-d170 @A: 09 06 32 20 | 11
#1502-d170 @A: 20 21 12 06 | 03
#1503-d170 @A: 20 04 10 06 | 12
#1504-d170 @A: 19 09 34 15 | 08
#1505-d170 @A: 02 20 34 15 | 02
#1506-d170 @A: 30 21 16 15 | 04
#1507-d170 @A: 29 09 26 15 | 07
#1508-d170 @A: 33 15 02 05 | 01
#1509-d170 @A: 15 24 20 03 | 09
#1510-d170 @A: 03 15 09 04 | 06
#1511-d170 @A: 15 09 18 11 | 05
#1512-d170 @A: 10 01 15 14 | 10
#1513-d170 @A: 03 08 01 15 | 11
#1514-d170 @A: 17 10 34 31 | 03
#1515-d170 @A: 04 16 32 17 | 12
#1516-d170 @A: 33 17 24 01 | 08
#1517-d170 @A: 22 31 09 17 | 02
#1518-d170 @A: 11 23 17 31 | 04
#1519-d170 @A: 10 08 17 33 | 07
#1520-d170 @A: 19 02 34 14 | 01
#1521-d170 @A: 05 34 19 22 | 09
#1522-d170 @A: 04 19 34 24 | 06
#1523-d170 @A: 20 21 33 19 | 05
#1524-d170 @A: 05 11 30 19 | 10
#1525-d170 @A: 19 24 20 09 | 11
#1526-d170 @A: 09 19 31 04 | 03
#1527-d170 @A: 19 01 09 33 | 12
#1528-d170 @A: 23 14 19 29 | 08
#1529-d170 @A: 08 18 19 01 | 02
#1530-d170 @A: 30 19 33 22 | 04
#1531-d170 @A: 23 34 14 32 | 07
#1532-d170 @A: 18 22 12 34 | 01
#1533-d170 @A: 23 31 20 34 | 09
#1534-d170 @A: 34 29 14 20 | 06
#1535-d170 @A: 09 34 22 29 | 05
#1536-d170 @A: 23 29 34 30 | 10
#1537-d170 @A: 12 31 16 32 | 11
#1538-d170 @A: 32 20 26 16 | 03
#1539-d170 @A: 30 32 18 22 | 12
#1540-d170 @A: 12 14 31 21 | 08
#1541-d170 @A: 26 29 02 12 | 02
#1542-d170 @A: 12 24 01 30 | 04
#1543-d170 @A: 12 01 08 10 | 07
#1544-d170 @A: 24 20 31 26 | 01
#1545-d170 @A: 24 33 04 26 | 09
#1546-d170 @A: 11 14 26 01 | 06
#1547-d170 @A: 33 26 18 22 | 05
#1548-d170 @A: 08 23 20 02 | 10
#1549-d170 @A: 31 09 14 02 | 11
#1550-d170 @A: 22 31 01 02 | 03
#1551-d170 @A: 14 23 02 18 | 12
#1552-d170 @A: 04 02 01 10 | 08
#1553-d170 @A: 33 24 05 16 | 02
#1554-d170 @A: 16 31 05 09 | 04
#1555-d170 @A: 30 16 14 09 | 07
#1556-d170 @A: 16 09 10 29 | 01
#1557-d170 @A: 03 23 16 33 | 09
#1558-d170 @A: 11 16 04 23 | 06
#1559-d170 @A: 29 33 18 16 | 05
#1560-d170 @A: 05 29 11 31 | 10
#1561-d170 @A: 05 30 08 22 | 11
#1562-d170 @A: 33 05 18 04 | 03
#1563-d170 @A: 30 11 09 04 | 12
#1564-d170 @A: 14 28 02 13 | 08
#1565-d170 @A: 13 22 11 25 | 02
#1566-d170 @A: 35 12 13 03 | 04
#1567-d170 @A: 13 20 19 15 | 07
#1568-d170 @A: 13 01 15 16 | 01
#1569-d170 @A: 05 08 19 13 | 09
#1570-d170 @A: 02 13 34 29 | 06
#1571-d170 @A: 21 10 32 13 | 05
#1572-d170 @A: 16 13 32 24 | 10
#1573-d170 @A: 20 18 03 13 | 11
#1574-d170 @A: 09 13 24 18 | 03
#1575-d170 @A: 13 10 09 11 | 12
#1576-d170 @A: 18 07 28 32 | 08
#1577-d170 @A: 35 25 12 07 | 02
#1578-d170 @A: 25 23 32 07 | 04
#1579-d170 @A: 14 32 35 07 | 07
#1580-d170 @A: 06 33 15 07 | 01
#1581-d170 @A: 07 29 19 31 | 09
#1582-d170 @A: 14 07 34 10 | 06
#1583-d170 @A: 09 30 02 07 | 05
#1584-d170 @A: 05 11 07 10 | 10
#1585-d170 @A: 09 20 07 18 | 11
#1586-d170 @A: 07 30 08 29 | 03
#1587-d170 @A: 33 07 10 03 | 12
#1588-d170 @A: 28 27 32 33 | 08
#1589-d170 @A: 31 28 27 05 | 02
#1590-d170 @A: 28 35 15 11 | 04
#1591-d170 @A: 35 26 29 28 | 07
#1592-d170 @A: 02 15 28 32 | 01
#1593-d170 @A: 26 28 22 17 | 09
#1594-d170 @A: 26 17 28 11 | 06
#1595-d170 @A: 29 23 32 28 | 05
#1596-d170 @A: 02 28 01 26 | 10
#1597-d170 @A: 02 10 11 28 | 11
#1598-d170 @A: 09 28 14 08 | 03
#1599-d170 @A: 12 23 27 25 | 12
#1600-d170 @A: 25 31 26 27 | 08
#1601-d170 @A: 15 17 06 25 | 02
#1602-d170 @A: 15 23 34 25 | 04
#1603-d170 @A: 15 12 25 31 | 07
#1604-d170 @A: 10 17 25 24 | 01
#1605-d170 @A: 10 17 11 25 | 09
#1606-d170 @A: 08 25 19 34 | 06
#1607-d170 @A: 32 25 20 02 | 05
#1608-d170 @A: 20 11 12 25 | 10
#1609-d170 @A: 16 04 02 25 | 11
#1610-d170 @A: 31 24 25 11 | 03
#1611-d170 @A: 26 27 35 32 | 12
#1612-d170 @A: 05 27 35 04 | 08
#1613-d170 @A: 31 27 15 17 | 02
#1614-d170 @A: 27 17 33 02 | 04
#1615-d170 @A: 14 01 21 27 | 07
#1616-d170 @A: 31 15 26 35 | 01
#1617-d170 @A: 08 26 17 35 | 09
#1618-d170 @A: 10 17 16 35 | 06
#1619-d170 @A: 04 17 35 01 | 05
#1620-d170 @A: 19 02 22 35 | 10
#1621-d170 @A: 01 16 35 19 | 11
#1622-d170 @A: 34 12 35 10 | 03
#1623-d170 @A: 12 21 23 35 | 12
#1624-d170 @A: 11 21 02 35 | 08
#1625-d170 @A: 26 35 03 11 | 02
#1626-d170 @A: 03 30 08 35 | 04
#1627-d170 @A: 04 35 29 03 | 07
#1628-d170 @A: 32 06 15 10 | 01
#1629-d170 @A: 06 12 08 19 | 09
#1630-d170 @A: 06 26 16 18 | 06
#1631-d170 @A: 06 26 05 11 | 05
#1632-d170 @A: 18 11 06 16 | 10
#1633-d170 @A: 06 24 03 18 | 11
#1634-d170 @A: 33 06 09 14 | 03
#1635-d170 @A: 06 14 18 04 | 12
#1636-d170 @A: 12 15 33 20 | 08
#1637-d170 @A: 05 15 26 20 | 02
#1638-d170 @A: 05 30 15 03 | 04
#1639-d170 @A: 20 09 01 15 | 07
#1640-d170 @A: 15 10 22 20 | 01
#1641-d170 @A: 29 08 10 15 | 09
#1642-d170 @A: 15 22 33 03 | 06
#1643-d170 @A: 19 17 05 24 | 05
#1644-d170 @A: 09 34 23 17 | 10
#1645-d170 @A: 34 18 04 17 | 11
#1646-d170 @A: 18 26 17 32 | 03
#1647-d170 @A: 23 12 02 17 | 12
#1648-d170 @A: 04 17 31 20 | 08
#1649-d170 @A: 24 17 18 14 | 02
#1650-d170 @A: 10 23 17 22 | 04
#1651-d170 @A: 29 01 22 17 | 07
#1652-d170 @A: 32 22 12 19 | 01
#1653-d170 @A: 05 19 30 02 | 09
#1654-d170 @A: 24 19 22 10 | 06
#1655-d170 @A: 19 31 23 10 | 05
#1656-d170 @A: 34 18 20 32 | 10
#1657-d170 @A: 14 21 03 34 | 11
#1658-d170 @A: 34 01 05 29 | 03
#1659-d170 @A: 30 24 10 34 | 12
#1660-d170 @A: 09 33 18 34 | 08
#1661-d170 @A: 23 18 01 34 | 02
#1662-d170 @A: 22 01 14 34 | 04
#1663-d170 @A: 34 03 29 18 | 07
#1664-d170 @A: 18 12 32 08 | 01
#1665-d170 @A: 05 09 26 32 | 09
#1666-d170 @A: 32 02 18 10 | 06
#1667-d170 @A: 33 22 16 32 | 05
#1668-d170 @A: 32 09 22 04 | 10
#1669-d170 @A: 03 01 31 32 | 11
#1670-d170 @A: 32 03 30 33 | 03
#1671-d170 @A: 12 16 04 26 | 12
#1672-d170 @A: 20 30 12 23 | 08
#1673-d170 @A: 12 11 04 33 | 02
#1674-d170 @A: 24 04 21 08 | 04
#1675-d170 @A: 21 33 22 09 | 07
#1676-d170 @A: 21 18 08 14 | 01
#1677-d170 @A: 11 10 14 21 | 09
#1678-d170 @A: 14 02 01 20 | 06
#1679-d170 @A: 02 29 08 24 | 05
#1680-d170 @A: 02 04 14 03 | 10
#1681-d170 @A: 02 08 04 11 | 11
#1682-d170 @A: 14 10 20 16 | 03
#1683-d170 @A: 24 16 09 03 | 12
#1684-d170 @A: 11 01 33 16 | 08
#1685-d170 @A: 05 22 24 11 | 02
#1686-d170 @A: 05 33 08 03 | 04
#1687-d170 @A: 29 18 05 30 | 07
#1688-d170 @A: 20 11 09 03 | 01
#1689-d170 @A: 14 03 18 11 | 09
