#0001-d173 @A: 31 25 34 10 | 09
#0002-d173 @A: 20 34 10 05 | 08
#0003-d173 @A: 13 10 32 34 | 11
#0004-d173 @A: 10 34 22 29 | 04
#0005-d173 @A: 34 35 24 10 | 12
#0006-d173 @A: 31 10 01 19 | 01
#0007-d173 @A: 25 06 04 10 | 07
#0008-d173 @A: 26 20 16 10 | 06
#0009-d173 @A: 06 19 10 30 | 03
#0010-d173 @A: 26 10 19 17 | 05
#0011-d173 @A: 30 10 02 17 | 10
#0012-d173 @A: 10 14 21 11 | 02
#0013-d173 @A: 04 22 33 10 | 09
#0014-d173 @A: 10 28 31 03 | 08
#0015-d173 @A: 27 20 10 07 | 11
#0016-d173 @A: 22 34 13 01 | 04
#0017-d173 @A: 34 16 05 08 | 12
#0018-d173 @A: 28 34 08 23 | 01
#0019-d173 @A: 34 06 08 24 | 07
#0020-d173 @A: 25 27 05 34 | 06
#0021-d173 @A: 34 29 02 25 | 03
#0022-d173 @A: 06 16 11 34 | 05
#0023-d173 @A: 23 09 03 34 | 10
#0024-d173 @A: 14 24 19 34 | 02
#0025-d173 @A: 34 30 26 13 | 09
#0026-d173 @A: 31 30 34 24 | 08
#0027-d173 @A: 32 15 33 34 | 11
#0028-d173 @A: 27 32 34 02 | 04
#0029-d173 @A: 34 29 18 12 | 12
#0030-d173 @A: 18 07 35 34 | 01
#0031-d173 @A: 07 18 08 01 | 07
#0032-d173 @A: 27 08 01 14 | 06
#0033-d173 @A: 09 29 05 01 | 03
#0034-d173 @A: 01 17 20 23 | 05
#0035-d173 @A: 01 22 04 17 | 10
#0036-d173 @A: 35 01 02 11 | 02
#0037-d173 @A: 12 20 01 11 | 09
#0038-d173 @A: 01 05 28 04 | 08
#0039-d173 @A: 01 21 18 20 | 11
#0040-d173 @A: 01 06 03 24 | 04
#0041-d173 @A: 08 25 32 15 | 12
#0042-d173 @A: 16 02 08 18 | 01
#0043-d173 @A: 23 07 05 08 | 07
#0044-d173 @A: 19 06 11 08 | 06
#0045-d173 @A: 35 19 20 08 | 03
#0046-d173 @A: 30 04 28 08 | 05
#0047-d173 @A: 12 11 08 28 | 10
#0048-d173 @A: 35 12 13 08 | 02
#0049-d173 @A: 35 03 08 07 | 09
#0050-d173 @A: 08 35 24 07 | 08
#0051-d173 @A: 03 08 13 27 | 11
#0052-d173 @A: 09 16 25 27 | 04
#0053-d173 @A: 16 25 02 11 | 12
#0054-d173 @A: 24 11 25 16 | 01
#0055-d173 @A: 03 25 09 13 | 07
#0056-d173 @A: 23 27 31 25 | 06
#0057-d173 @A: 19 04 30 25 | 03
#0058-d173 @A: 25 13 19 32 | 05
#0059-d173 @A: 02 25 30 13 | 10
#0060-d173 @A: 13 28 25 17 | 02
#0061-d173 @A: 12 33 32 25 | 09
#0062-d173 @A: 20 02 25 28 | 08
#0063-d173 @A: 21 22 25 20 | 11
#0064-d173 @A: 25 12 35 31 | 04
#0065-d173 @A: 25 15 12 29 | 12
#0066-d173 @A: 07 29 25 20 | 01
#0067-d173 @A: 25 13 20 15 | 07
#0068-d173 @A: 32 19 16 20 | 06
#0069-d173 @A: 16 13 19 24 | 03
#0070-d173 @A: 15 28 30 16 | 05
#0071-d173 @A: 05 16 20 24 | 10
#0072-d173 @A: 24 04 16 02 | 02
#0073-d173 @A: 29 07 28 16 | 09
#0074-d173 @A: 16 27 12 26 | 08
#0075-d173 @A: 16 31 04 27 | 11
#0076-d173 @A: 30 17 04 09 | 04
#0077-d173 @A: 21 02 30 09 | 12
#0078-d173 @A: 35 17 09 33 | 01
#0079-d173 @A: 11 31 05 09 | 07
#0080-d173 @A: 09 05 35 02 | 06
#0081-d173 @A: 03 33 09 07 | 03
#0082-d173 @A: 14 27 12 09 | 05
#0083-d173 @A: 13 09 35 15 | 10
#0084-d173 @A: 18 31 09 14 | 02
#0085-d173 @A: 21 09 20 06 | 09
#0086-d173 @A: 06 13 09 04 | 08
#0087-d173 @A: 12 23 28 17 | 11
#0088-d173 @A: 23 05 03 12 | 04
#0089-d173 @A: 04 20 05 23 | 12
#0090-d173 @A: 33 13 23 32 | 01
#0091-d173 @A: 23 15 07 33 | 07
#0092-d173 @A: 13 23 18 35 | 06
#0093-d173 @A: 18 04 23 31 | 03
#0094-d173 @A: 15 23 31 29 | 05
#0095-d173 @A: 11 03 17 19 | 10
#0096-d173 @A: 26 19 35 03 | 02
#0097-d173 @A: 17 30 32 24 | 09
#0098-d173 @A: 30 12 26 02 | 08
#0099-d173 @A: 24 18 30 06 | 11
#0100-d173 @A: 21 11 17 06 | 04
#0101-d173 @A: 17 13 11 24 | 12
#0102-d173 @A: 33 17 05 13 | 01
#0103-d173 @A: 14 05 02 17 | 07
#0104-d173 @A: 06 05 17 18 | 06
#0105-d173 @A: 17 29 05 15 | 03
#0106-d173 @A: 12 22 33 17 | 05
#0107-d173 @A: 17 02 24 28 | 10
#0108-d173 @A: 26 17 32 03 | 02
#0109-d173 @A: 18 04 12 17 | 09
#0110-d173 @A: 12 03 17 31 | 08
#0111-d173 @A: 11 04 18 28 | 11
#0112-d173 @A: 07 11 04 26 | 04
#0113-d173 @A: 11 26 27 14 | 12
#0114-d173 @A: 03 04 13 11 | 01
#0115-d173 @A: 20 03 11 31 | 07
#0116-d173 @A: 24 26 05 33 | 06
#0117-d173 @A: 27 12 05 07 | 03
#0118-d173 @A: 24 05 03 31 | 05
#0119-d173 @A: 33 12 13 06 | 10
#0120-d173 @A: 35 06 33 24 | 02
#0121-d173 @A: 21 33 26 18 | 09
#0122-d173 @A: 21 13 29 33 | 08
#0123-d173 @A: 33 20 24 06 | 11
#0124-d173 @A: 26 14 33 13 | 04
#0125-d173 @A: 02 26 18 06 | 12
#0126-d173 @A: 20 26 02 07 | 01
#0127-d173 @A: 28 21 27 07 | 07
#0128-d173 @A: 13 06 28 20 | 06
#0129-d173 @A: 21 22 32 29 | 03
#0130-d173 @A: 14 07 12 32 | 05
#0131-d173 @A: 29 35 20 32 | 10
#0132-d173 @A: 03 32 06 31 | 02
#0133-d173 @A: 29 32 14 13 | 09
#0134-d173 @A: 24 26 03 32 | 08
#0135-d173 @A: 07 12 22 04 | 11
#0136-d173 @A: 12 26 31 22 | 04
#0137-d173 @A: 27 15 22 07 | 12
#0138-d173 @A: 31 27 14 22 | 01
#0139-d173 @A: 34 23 04 10 | 07
#0140-d173 @A: 30 15 34 10 | 06
#0141-d173 @A: 17 10 11 34 | 03
#0142-d173 @A: 10 15 25 01 | 05
#0143-d173 @A: 08 31 05 10 | 10
#0144-d173 @A: 09 10 18 04 | 02
#0145-d173 @A: 02 10 23 20 | 09
#0146-d173 @A: 19 10 12 15 | 08
#0147-d173 @A: 11 04 30 10 | 11
#0148-d173 @A: 10 17 22 24 | 04
#0149-d173 @A: 10 06 32 05 | 12
#0150-d173 @A: 07 12 18 10 | 01
#0151-d173 @A: 21 10 12 20 | 07
#0152-d173 @A: 13 10 07 35 | 06
#0153-d173 @A: 18 31 27 10 | 03
#0154-d173 @A: 10 21 03 27 | 05
#0155-d173 @A: 27 14 29 10 | 10
#0156-d173 @A: 24 26 27 10 | 02
#0157-d173 @A: 34 26 32 01 | 09
#0158-d173 @A: 04 16 34 21 | 08
#0159-d173 @A: 23 31 34 05 | 11
#0160-d173 @A: 34 29 33 23 | 04
#0161-d173 @A: 14 17 32 34 | 12
#0162-d173 @A: 31 11 34 04 | 01
#0163-d173 @A: 05 24 04 34 | 07
#0164-d173 @A: 34 21 29 35 | 06
#0165-d173 @A: 34 15 35 06 | 03
#0166-d173 @A: 23 01 08 04 | 05
#0167-d173 @A: 05 01 20 08 | 10
#0168-d173 @A: 21 08 28 01 | 02
#0169-d173 @A: 19 06 01 25 | 09
#0170-d173 @A: 16 01 24 23 | 08
#0171-d173 @A: 02 01 16 27 | 11
#0172-d173 @A: 19 01 35 09 | 04
#0173-d173 @A: 01 22 09 21 | 12
#0174-d173 @A: 27 19 22 01 | 01
#0175-d173 @A: 31 01 30 11 | 07
#0176-d173 @A: 07 33 01 28 | 06
#0177-d173 @A: 15 33 01 21 | 03
#0178-d173 @A: 20 01 32 28 | 05
#0179-d173 @A: 12 01 07 03 | 10
#0180-d173 @A: 14 01 26 07 | 02
#0181-d173 @A: 18 09 25 08 | 09
#0182-d173 @A: 08 30 23 25 | 08
#0183-d173 @A: 25 08 31 03 | 11
#0184-d173 @A: 24 21 08 16 | 04
#0185-d173 @A: 21 30 08 32 | 12
#0186-d173 @A: 05 06 08 35 | 01
#0187-d173 @A: 14 03 08 05 | 07
#0188-d173 @A: 22 33 08 13 | 06
#0189-d173 @A: 22 02 35 08 | 03
#0190-d173 @A: 22 15 28 08 | 05
#0191-d173 @A: 18 24 08 22 | 10
#0192-d173 @A: 26 08 18 14 | 02
#0193-d173 @A: 30 16 18 25 | 09
#0194-d173 @A: 16 07 25 17 | 08
#0195-d173 @A: 12 28 16 25 | 11
#0196-d173 @A: 11 21 09 25 | 04
#0197-d173 @A: 35 23 11 25 | 12
#0198-d173 @A: 23 25 29 22 | 01
#0199-d173 @A: 24 23 25 07 | 07
#0200-d173 @A: 19 25 17 14 | 06
#0201-d173 @A: 31 24 19 25 | 03
#0202-d173 @A: 25 06 11 18 | 05
#0203-d173 @A: 22 33 25 35 | 10
#0204-d173 @A: 02 14 25 12 | 02
#0205-d173 @A: 25 04 12 03 | 09
#0206-d173 @A: 25 07 14 35 | 08
#0207-d173 @A: 25 26 29 35 | 11
#0208-d173 @A: 15 25 31 26 | 04
#0209-d173 @A: 16 09 13 22 | 12
#0210-d173 @A: 11 15 16 19 | 01
#0211-d173 @A: 20 16 17 05 | 07
#0212-d173 @A: 16 12 13 17 | 06
#0213-d173 @A: 05 16 32 18 | 03
#0214-d173 @A: 26 33 22 16 | 05
#0215-d173 @A: 02 22 16 29 | 10
#0216-d173 @A: 16 04 13 14 | 02
#0217-d173 @A: 23 17 29 09 | 09
#0218-d173 @A: 18 32 19 09 | 08
#0219-d173 @A: 09 19 04 07 | 11
#0220-d173 @A: 09 20 02 27 | 04
#0221-d173 @A: 09 22 28 26 | 12
#0222-d173 @A: 07 21 09 35 | 01
#0223-d173 @A: 18 09 27 21 | 07
#0224-d173 @A: 02 21 06 23 | 06
#0225-d173 @A: 12 29 23 07 | 03
#0226-d173 @A: 23 35 03 20 | 05
#0227-d173 @A: 23 18 07 20 | 10
#0228-d173 @A: 23 24 27 06 | 02
#0229-d173 @A: 23 03 31 14 | 09
#0230-d173 @A: 11 13 19 30 | 08
#0231-d173 @A: 05 02 03 19 | 11
#0232-d173 @A: 28 02 19 13 | 04
#0233-d173 @A: 12 21 29 19 | 12
#0234-d173 @A: 35 19 29 06 | 01
#0235-d173 @A: 07 21 03 19 | 07
#0236-d173 @A: 19 27 29 07 | 06
#0237-d173 @A: 06 31 19 20 | 03
#0238-d173 @A: 27 11 17 30 | 05
#0239-d173 @A: 30 05 17 26 | 10
#0240-d173 @A: 35 30 18 12 | 02
#0241-d173 @A: 30 18 20 06 | 09
#0242-d173 @A: 32 21 33 17 | 08
#0243-d173 @A: 33 17 06 04 | 11
#0244-d173 @A: 03 32 11 15 | 04
#0245-d173 @A: 12 11 03 27 | 12
#0246-d173 @A: 35 29 11 07 | 01
#0247-d173 @A: 11 29 18 26 | 07
#0248-d173 @A: 20 11 26 21 | 06
#0249-d173 @A: 27 11 20 24 | 03
#0250-d173 @A: 05 04 06 26 | 05
#0251-d173 @A: 20 05 26 14 | 10
#0252-d173 @A: 27 05 26 31 | 02
#0253-d173 @A: 33 35 28 32 | 09
#0254-d173 @A: 03 15 33 18 | 08
#0255-d173 @A: 33 29 14 06 | 11
#0256-d173 @A: 06 27 33 31 | 04
#0257-d173 @A: 28 02 22 14 | 12
#0258-d173 @A: 04 02 32 13 | 01
#0259-d173 @A: 35 02 07 12 | 07
#0260-d173 @A: 02 04 07 31 | 06
#0261-d173 @A: 20 07 12 28 | 03
#0262-d173 @A: 07 18 28 06 | 05
#0263-d173 @A: 24 28 14 18 | 10
#0264-d173 @A: 21 28 27 24 | 02
#0265-d173 @A: 15 12 22 32 | 09
#0266-d173 @A: 15 18 32 26 | 08
#0267-d173 @A: 07 32 04 06 | 11
#0268-d173 @A: 29 32 15 07 | 04
#0269-d173 @A: 31 26 32 21 | 12
#0270-d173 @A: 32 14 15 20 | 01
#0271-d173 @A: 13 32 24 20 | 07
#0272-d173 @A: 03 24 12 07 | 06
#0273-d173 @A: 14 01 32 10 | 03
#0274-d173 @A: 08 10 25 26 | 05
#0275-d173 @A: 18 10 23 08 | 10
#0276-d173 @A: 16 14 10 25 | 02
#0277-d173 @A: 25 24 10 05 | 09
#0278-d173 @A: 26 30 09 10 | 08
#0279-d173 @A: 10 09 11 24 | 11
#0280-d173 @A: 35 10 23 33 | 04
#0281-d173 @A: 28 29 10 30 | 12
#0282-d173 @A: 17 10 32 07 | 01
#0283-d173 @A: 05 33 14 10 | 07
#0284-d173 @A: 26 02 22 10 | 06
#0285-d173 @A: 14 12 10 06 | 03
#0286-d173 @A: 29 10 12 04 | 05
#0287-d173 @A: 10 35 18 29 | 10
#0288-d173 @A: 10 20 14 31 | 02
#0289-d173 @A: 15 10 20 04 | 09
#0290-d173 @A: 25 35 01 34 | 08
#0291-d173 @A: 01 34 23 07 | 11
#0292-d173 @A: 34 01 03 28 | 04
#0293-d173 @A: 02 34 31 08 | 12
#0294-d173 @A: 15 34 04 08 | 01
#0295-d173 @A: 26 34 28 25 | 07
#0296-d173 @A: 24 27 34 25 | 06
#0297-d173 @A: 34 22 18 16 | 03
#0298-d173 @A: 34 07 32 09 | 05
#0299-d173 @A: 15 09 21 34 | 10
#0300-d173 @A: 18 17 34 24 | 02
#0301-d173 @A: 15 17 34 07 | 09
#0302-d173 @A: 34 12 35 32 | 08
#0303-d173 @A: 34 14 22 35 | 11
#0304-d173 @A: 14 34 13 27 | 04
#0305-d173 @A: 26 01 25 09 | 12
#0306-d173 @A: 01 17 27 25 | 01
#0307-d173 @A: 16 26 01 21 | 07
#0308-d173 @A: 01 09 14 33 | 06
#0309-d173 @A: 33 02 01 23 | 03
#0310-d173 @A: 01 32 06 23 | 05
#0311-d173 @A: 12 23 01 14 | 10
#0312-d173 @A: 21 19 32 01 | 02
#0313-d173 @A: 29 17 01 02 | 09
#0314-d173 @A: 14 22 01 05 | 08
#0315-d173 @A: 24 21 05 01 | 11
#0316-d173 @A: 13 01 18 04 | 04
#0317-d173 @A: 19 27 08 16 | 12
#0318-d173 @A: 23 09 19 08 | 01
#0319-d173 @A: 09 06 30 08 | 07
#0320-d173 @A: 08 35 27 23 | 06
#0321-d173 @A: 28 18 08 19 | 03
#0322-d173 @A: 30 17 08 14 | 05
#0323-d173 @A: 20 17 33 08 | 10
#0324-d173 @A: 08 06 31 17 | 02
#0325-d173 @A: 12 24 08 05 | 09
#0326-d173 @A: 32 06 08 02 | 08
#0327-d173 @A: 08 02 15 20 | 11
#0328-d173 @A: 18 03 08 12 | 04
#0329-d173 @A: 15 08 12 07 | 12
#0330-d173 @A: 08 12 26 21 | 01
#0331-d173 @A: 20 08 18 04 | 07
#0332-d173 @A: 19 25 33 09 | 06
#0333-d173 @A: 25 30 11 26 | 03
#0334-d173 @A: 25 02 33 21 | 05
#0335-d173 @A: 06 25 13 35 | 10
#0336-d173 @A: 29 04 25 18 | 02
#0337-d173 @A: 25 15 07 03 | 09
#0338-d173 @A: 15 09 16 05 | 08
#0339-d173 @A: 05 16 19 12 | 11
#0340-d173 @A: 19 03 16 33 | 04
#0341-d173 @A: 16 30 12 07 | 12
#0342-d173 @A: 05 06 02 16 | 01
#0343-d173 @A: 16 22 05 35 | 07
#0344-d173 @A: 26 16 07 05 | 06
#0345-d173 @A: 06 16 24 22 | 03
#0346-d173 @A: 16 26 14 35 | 05
#0347-d173 @A: 07 16 13 15 | 10
#0348-d173 @A: 14 15 27 16 | 02
#0349-d173 @A: 27 16 20 13 | 09
#0350-d173 @A: 23 26 09 33 | 08
#0351-d173 @A: 23 09 15 32 | 11
#0352-d173 @A: 32 09 27 30 | 04
#0353-d173 @A: 17 18 09 13 | 12
#0354-d173 @A: 22 02 09 15 | 01
#0355-d173 @A: 22 14 09 06 | 07
#0356-d173 @A: 15 12 26 09 | 06
#0357-d173 @A: 21 09 14 29 | 03
#0358-d173 @A: 09 21 26 04 | 05
#0359-d173 @A: 03 09 15 14 | 10
#0360-d173 @A: 23 19 02 26 | 02
#0361-d173 @A: 31 23 17 32 | 09
#0362-d173 @A: 05 32 24 23 | 08
#0363-d173 @A: 23 33 22 20 | 11
#0364-d173 @A: 31 28 35 23 | 04
#0365-d173 @A: 12 23 13 27 | 12
#0366-d173 @A: 26 23 20 06 | 01
#0367-d173 @A: 27 23 26 29 | 07
#0368-d173 @A: 19 11 05 20 | 06
#0369-d173 @A: 07 19 14 11 | 03
#0370-d173 @A: 21 28 05 19 | 05
#0371-d173 @A: 13 05 27 19 | 10
#0372-d173 @A: 19 21 07 24 | 02
#0373-d173 @A: 19 04 13 26 | 09
#0374-d173 @A: 30 11 02 24 | 08
#0375-d173 @A: 33 30 14 32 | 11
#0376-d173 @A: 33 30 35 27 | 04
#0377-d173 @A: 32 02 15 30 | 12
#0378-d173 @A: 28 30 04 24 | 01
#0379-d173 @A: 30 15 21 12 | 07
#0380-d173 @A: 04 31 12 30 | 06
#0381-d173 @A: 30 06 14 31 | 03
#0382-d173 @A: 30 13 03 15 | 05
#0383-d173 @A: 11 05 17 35 | 10
#0384-d173 @A: 17 31 11 33 | 02
#0385-d173 @A: 11 17 29 12 | 09
#0386-d173 @A: 05 22 17 07 | 08
#0387-d173 @A: 35 17 02 18 | 11
#0388-d173 @A: 17 12 21 07 | 04
#0389-d173 @A: 17 13 35 20 | 12
#0390-d173 @A: 17 27 15 18 | 01
#0391-d173 @A: 17 07 06 29 | 07
#0392-d173 @A: 03 17 13 06 | 06
#0393-d173 @A: 11 33 06 32 | 03
#0394-d173 @A: 03 33 24 11 | 05
#0395-d173 @A: 02 15 11 28 | 10
#0396-d173 @A: 20 29 11 28 | 02
#0397-d173 @A: 21 04 12 11 | 09
#0398-d173 @A: 11 18 15 31 | 08
#0399-d173 @A: 13 11 27 07 | 11
#0400-d173 @A: 12 02 18 05 | 04
#0401-d173 @A: 05 32 20 21 | 12
#0402-d173 @A: 20 35 05 12 | 01
#0403-d173 @A: 15 04 05 12 | 07
#0404-d173 @A: 06 14 05 21 | 06
#0405-d173 @A: 15 12 31 33 | 03
#0406-d173 @A: 20 07 33 35 | 05
#0407-d173 @A: 29 33 04 31 | 10
#0408-d173 @A: 27 12 02 04 | 02
#0409-d173 @A: 18 21 07 02 | 09
#0410-d173 @A: 03 29 15 02 | 08
#0411-d173 @A: 04 28 12 13 | 11
#0412-d173 @A: 03 28 35 06 | 04
#0413-d173 @A: 14 24 31 28 | 12
#0414-d173 @A: 22 32 20 04 | 01
#0415-d173 @A: 13 31 22 32 | 07
#0416-d173 @A: 03 18 32 14 | 06
#0417-d173 @A: 32 15 21 13 | 03
#0418-d173 @A: 31 04 32 14 | 05
#0419-d173 @A: 12 14 29 22 | 10
#0420-d173 @A: 35 22 18 27 | 02
#0421-d173 @A: 24 35 20 14 | 09
#0422-d173 @A: 10 06 34 07 | 08
#0423-d173 @A: 10 33 01 29 | 11
#0424-d173 @A: 30 25 10 20 | 04
#0425-d173 @A: 12 10 25 05 | 12
#0426-d173 @A: 03 25 10 22 | 01
#0427-d173 @A: 30 10 35 16 | 07
#0428-d173 @A: 02 19 07 10 | 06
#0429-d173 @A: 33 15 17 10 | 03
#0430-d173 @A: 31 10 17 04 | 05
#0431-d173 @A: 13 22 05 10 | 10
#0432-d173 @A: 33 10 26 28 | 02
#0433-d173 @A: 15 13 18 10 | 09
#0434-d173 @A: 21 10 26 07 | 08
#0435-d173 @A: 01 11 29 34 | 11
#0436-d173 @A: 21 11 08 34 | 04
#0437-d173 @A: 20 34 08 32 | 12
#0438-d173 @A: 08 06 29 34 | 01
#0439-d173 @A: 19 20 25 34 | 07
#0440-d173 @A: 30 14 25 34 | 06
#0441-d173 @A: 34 16 23 27 | 03
#0442-d173 @A: 34 13 16 29 | 05
#0443-d173 @A: 09 28 34 17 | 10
#0444-d173 @A: 34 24 11 23 | 02
#0445-d173 @A: 20 34 11 13 | 09
#0446-d173 @A: 34 13 18 28 | 08
#0447-d173 @A: 34 24 26 21 | 11
#0448-d173 @A: 01 29 16 08 | 04
#0449-d173 @A: 01 02 08 30 | 12
#0450-d173 @A: 01 13 08 17 | 01
#0451-d173 @A: 26 08 06 01 | 07
#0452-d173 @A: 01 18 25 24 | 06
#0453-d173 @A: 17 16 01 03 | 03
#0454-d173 @A: 30 15 01 09 | 05
#0455-d173 @A: 19 01 02 24 | 10
#0456-d173 @A: 27 01 30 28 | 02
#0457-d173 @A: 20 01 03 30 | 09
#0458-d173 @A: 17 15 32 01 | 08
#0459-d173 @A: 01 05 15 27 | 11
#0460-d173 @A: 01 27 33 32 | 04
#0461-d173 @A: 33 04 01 12 | 12
#0462-d173 @A: 14 24 01 07 | 01
#0463-d173 @A: 01 13 20 31 | 07
#0464-d173 @A: 08 27 28 25 | 06
#0465-d173 @A: 04 16 08 32 | 03
#0466-d173 @A: 09 08 17 27 | 05
#0467-d173 @A: 21 08 09 33 | 10
#0468-d173 @A: 17 23 08 24 | 02
#0469-d173 @A: 05 18 08 11 | 09
#0470-d173 @A: 32 33 18 08 | 08
#0471-d173 @A: 25 33 16 13 | 11
#0472-d173 @A: 25 32 35 16 | 04
#0473-d173 @A: 14 25 09 24 | 12
#0474-d173 @A: 22 30 32 25 | 01
#0475-d173 @A: 33 05 25 20 | 07
#0476-d173 @A: 14 15 25 33 | 06
#0477-d173 @A: 02 25 32 26 | 03
#0478-d173 @A: 25 22 02 27 | 05
#0479-d173 @A: 25 15 35 02 | 10
#0480-d173 @A: 25 21 27 12 | 02
#0481-d173 @A: 25 18 27 14 | 09
#0482-d173 @A: 14 21 26 25 | 08
#0483-d173 @A: 16 23 05 14 | 11
#0484-d173 @A: 22 30 20 16 | 04
#0485-d173 @A: 35 30 16 24 | 12
#0486-d173 @A: 18 16 17 33 | 01
#0487-d173 @A: 22 16 17 14 | 07
#0488-d173 @A: 16 03 13 05 | 06
#0489-d173 @A: 15 22 06 16 | 03
#0490-d173 @A: 12 18 16 14 | 05
#0491-d173 @A: 24 12 16 15 | 10
#0492-d173 @A: 21 16 15 35 | 02
#0493-d173 @A: 16 06 18 29 | 09
#0494-d173 @A: 09 23 30 13 | 08
#0495-d173 @A: 31 02 23 09 | 11
#0496-d173 @A: 09 19 03 30 | 04
#0497-d173 @A: 31 09 19 21 | 12
#0498-d173 @A: 03 17 02 09 | 01
#0499-d173 @A: 32 11 09 26 | 07
#0500-d173 @A: 33 09 04 32 | 06
#0501-d173 @A: 14 32 09 35 | 03
#0502-d173 @A: 20 31 09 12 | 05
#0503-d173 @A: 35 09 06 26 | 10
#0504-d173 @A: 35 04 29 09 | 02
#0505-d173 @A: 35 31 27 09 | 09
#0506-d173 @A: 15 09 20 07 | 08
#0507-d173 @A: 11 23 30 06 | 11
#0508-d173 @A: 30 23 31 26 | 04
#0509-d173 @A: 13 05 11 23 | 12
#0510-d173 @A: 23 22 11 14 | 01
#0511-d173 @A: 23 28 26 05 | 07
#0512-d173 @A: 23 15 05 35 | 06
#0513-d173 @A: 32 23 07 28 | 03
#0514-d173 @A: 24 22 31 23 | 05
#0515-d173 @A: 18 15 06 23 | 10
#0516-d173 @A: 15 26 23 13 | 02
#0517-d173 @A: 30 17 19 33 | 09
#0518-d173 @A: 30 24 26 19 | 08
#0519-d173 @A: 22 19 17 13 | 11
#0520-d173 @A: 19 22 05 18 | 04
#0521-d173 @A: 19 12 32 28 | 12
#0522-d173 @A: 06 03 19 12 | 01
#0523-d173 @A: 26 14 12 19 | 07
#0524-d173 @A: 04 31 19 35 | 06
#0525-d173 @A: 06 14 19 27 | 03
#0526-d173 @A: 03 19 27 04 | 05
#0527-d173 @A: 30 20 32 11 | 10
#0528-d173 @A: 29 30 13 07 | 02
#0529-d173 @A: 11 13 17 02 | 09
#0530-d173 @A: 20 11 22 17 | 08
#0531-d173 @A: 04 24 33 17 | 11
#0532-d173 @A: 06 22 02 17 | 04
#0533-d173 @A: 21 17 29 26 | 12
#0534-d173 @A: 13 04 17 15 | 01
#0535-d173 @A: 21 28 11 31 | 07
#0536-d173 @A: 24 11 18 32 | 06
#0537-d173 @A: 35 18 11 21 | 03
#0538-d173 @A: 04 35 11 20 | 05
#0539-d173 @A: 18 07 03 11 | 10
#0540-d173 @A: 14 13 18 11 | 02
#0541-d173 @A: 14 03 11 06 | 09
#0542-d173 @A: 29 31 27 11 | 08
#0543-d173 @A: 27 33 05 29 | 11
#0544-d173 @A: 05 24 35 02 | 04
#0545-d173 @A: 32 07 05 24 | 12
#0546-d173 @A: 31 12 05 14 | 01
#0547-d173 @A: 21 05 07 29 | 07
#0548-d173 @A: 20 27 06 05 | 06
#0549-d173 @A: 14 05 27 04 | 03
#0550-d173 @A: 31 14 33 35 | 05
#0551-d173 @A: 27 33 26 20 | 10
#0552-d173 @A: 02 32 18 28 | 02
#0553-d173 @A: 13 02 15 12 | 09
#0554-d173 @A: 02 21 14 15 | 08
#0555-d173 @A: 21 29 02 31 | 11
#0556-d173 @A: 20 13 21 02 | 04
#0557-d173 @A: 26 03 13 02 | 12
#0558-d173 @A: 28 31 18 12 | 01
#0559-d173 @A: 06 28 14 15 | 07
#0560-d173 @A: 32 06 20 12 | 06
#0561-d173 @A: 27 21 14 32 | 03
#0562-d173 @A: 04 32 27 15 | 05
#0563-d173 @A: 22 21 35 13 | 10
#0564-d173 @A: 07 29 26 22 | 02
#0565-d173 @A: 22 15 14 13 | 09
#0566-d173 @A: 04 22 24 03 | 08
#0567-d173 @A: 24 04 18 12 | 11
#0568-d173 @A: 24 31 15 29 | 04
#0569-d173 @A: 10 26 18 34 | 12
#0570-d173 @A: 07 01 16 10 | 01
#0571-d173 @A: 30 21 01 10 | 07
#0572-d173 @A: 08 22 06 10 | 06
#0573-d173 @A: 10 24 08 15 | 03
#0574-d173 @A: 22 10 27 16 | 05
#0575-d173 @A: 27 09 10 05 | 10
#0576-d173 @A: 09 13 10 21 | 02
#0577-d173 @A: 14 10 17 23 | 09
#0578-d173 @A: 15 28 23 10 | 08
#0579-d173 @A: 10 30 33 13 | 11
#0580-d173 @A: 10 14 30 22 | 04
#0581-d173 @A: 30 07 03 10 | 12
#0582-d173 @A: 32 35 11 10 | 01
#0583-d173 @A: 32 28 04 10 | 07
#0584-d173 @A: 22 10 12 35 | 06
#0585-d173 @A: 21 35 10 31 | 03
#0586-d173 @A: 10 03 20 13 | 05
#0587-d173 @A: 09 20 01 34 | 10
#0588-d173 @A: 34 19 18 01 | 02
#0589-d173 @A: 17 31 01 34 | 09
#0590-d173 @A: 34 08 22 27 | 08
#0591-d173 @A: 16 34 03 25 | 11
#0592-d173 @A: 32 34 25 04 | 04
#0593-d173 @A: 34 29 09 27 | 12
#0594-d173 @A: 12 34 19 22 | 01
#0595-d173 @A: 34 33 28 30 | 07
#0596-d173 @A: 30 27 07 34 | 06
#0597-d173 @A: 04 17 34 05 | 03
#0598-d173 @A: 11 05 12 34 | 05
#0599-d173 @A: 35 33 34 05 | 10
#0600-d173 @A: 22 33 07 34 | 02
#0601-d173 @A: 12 34 21 31 | 09
#0602-d173 @A: 26 27 34 35 | 08
#0603-d173 @A: 03 21 18 34 | 11
#0604-d173 @A: 34 04 27 18 | 04
#0605-d173 @A: 14 06 34 26 | 12
#0606-d173 @A: 21 01 25 23 | 01
#0607-d173 @A: 01 30 25 05 | 07
#0608-d173 @A: 17 06 01 09 | 06
#0609-d173 @A: 03 01 32 09 | 03
#0610-d173 @A: 11 28 23 01 | 05
#0611-d173 @A: 01 27 23 03 | 10
#0612-d173 @A: 14 01 19 30 | 02
#0613-d173 @A: 01 18 30 33 | 09
#0614-d173 @A: 31 05 33 01 | 08
#0615-d173 @A: 02 01 26 28 | 11
#0616-d173 @A: 01 35 06 31 | 04
#0617-d173 @A: 27 01 35 04 | 12
#0618-d173 @A: 20 01 04 07 | 01
#0619-d173 @A: 25 11 20 08 | 07
#0620-d173 @A: 07 09 16 08 | 06
#0621-d173 @A: 09 11 13 08 | 03
#0622-d173 @A: 12 23 08 06 | 05
#0623-d173 @A: 12 08 19 30 | 10
#0624-d173 @A: 08 30 22 18 | 02
#0625-d173 @A: 07 17 08 28 | 09
#0626-d173 @A: 31 11 22 08 | 08
#0627-d173 @A: 08 13 05 28 | 11
#0628-d173 @A: 02 08 29 12 | 04
#0629-d173 @A: 06 03 20 08 | 12
#0630-d173 @A: 03 08 26 04 | 01
#0631-d173 @A: 17 25 32 06 | 07
#0632-d173 @A: 11 33 25 28 | 06
#0633-d173 @A: 06 22 05 25 | 03
#0634-d173 @A: 06 25 31 07 | 05
#0635-d173 @A: 31 20 25 04 | 10
#0636-d173 @A: 20 26 25 03 | 02
#0637-d173 @A: 29 33 16 09 | 09
#0638-d173 @A: 23 11 16 26 | 08
#0639-d173 @A: 16 06 23 33 | 11
#0640-d173 @A: 16 21 22 23 | 04
#0641-d173 @A: 35 19 13 16 | 12
#0642-d173 @A: 30 16 04 33 | 01
#0643-d173 @A: 07 16 32 33 | 07
#0644-d173 @A: 16 35 02 20 | 06
#0645-d173 @A: 16 03 12 15 | 03
#0646-d173 @A: 20 16 12 29 | 05
#0647-d173 @A: 16 29 21 27 | 10
#0648-d173 @A: 16 06 31 13 | 02
#0649-d173 @A: 15 16 31 20 | 09
#0650-d173 @A: 23 20 09 11 | 08
#0651-d173 @A: 12 23 21 09 | 11
#0652-d173 @A: 12 09 02 19 | 04
#0653-d173 @A: 29 09 11 30 | 12
#0654-d173 @A: 09 07 31 17 | 01
#0655-d173 @A: 09 11 02 06 | 07
#0656-d173 @A: 27 04 11 09 | 06
#0657-d173 @A: 09 33 13 28 | 03
#0658-d173 @A: 24 32 09 29 | 05
#0659-d173 @A: 18 29 09 15 | 10
#0660-d173 @A: 29 09 20 26 | 02
#0661-d173 @A: 19 23 29 05 | 09
#0662-d173 @A: 27 32 23 19 | 08
#0663-d173 @A: 03 17 33 23 | 11
#0664-d173 @A: 23 15 02 17 | 04
#0665-d173 @A: 17 22 35 23 | 12
#0666-d173 @A: 32 21 23 11 | 01
#0667-d173 @A: 32 14 23 02 | 07
#0668-d173 @A: 21 31 20 23 | 06
#0669-d173 @A: 13 14 23 24 | 03
#0670-d173 @A: 03 19 17 24 | 05
#0671-d173 @A: 11 19 35 33 | 10
#0672-d173 @A: 11 18 19 27 | 02
#0673-d173 @A: 19 14 32 05 | 09
#0674-d173 @A: 19 22 33 14 | 08
#0675-d173 @A: 26 07 33 19 | 11
#0676-d173 @A: 22 02 20 19 | 04
#0677-d173 @A: 06 04 19 18 | 12
#0678-d173 @A: 18 14 29 19 | 01
#0679-d173 @A: 30 22 11 12 | 07
#0680-d173 @A: 05 30 22 21 | 06
#0681-d173 @A: 13 30 05 06 | 03
#0682-d173 @A: 30 33 06 22 | 05
#0683-d173 @A: 20 35 15 30 | 10
#0684-d173 @A: 27 30 24 03 | 02
#0685-d173 @A: 03 28 05 17 | 09
#0686-d173 @A: 32 02 20 17 | 08
#0687-d173 @A: 29 32 28 17 | 11
#0688-d173 @A: 26 07 13 17 | 04
#0689-d173 @A: 24 17 15 20 | 12
#0690-d173 @A: 11 32 12 02 | 01
#0691-d173 @A: 28 32 13 11 | 07
#0692-d173 @A: 11 14 22 24 | 06
#0693-d173 @A: 11 35 15 26 | 03
#0694-d173 @A: 06 11 04 29 | 05
#0695-d173 @A: 11 24 06 15 | 10
#0696-d173 @A: 05 32 31 02 | 02
#0697-d173 @A: 18 31 05 13 | 09
#0698-d173 @A: 05 27 24 13 | 08
#0699-d173 @A: 28 33 12 02 | 11
#0700-d173 @A: 33 13 20 18 | 04
#0701-d173 @A: 24 13 15 33 | 12
#0702-d173 @A: 07 02 22 13 | 01
#0703-d173 @A: 02 03 18 04 | 07
#0704-d173 @A: 02 27 07 03 | 06
#0705-d173 @A: 04 02 20 29 | 03
#0706-d173 @A: 27 26 32 28 | 05
#0707-d173 @A: 27 22 28 12 | 10
#0708-d173 @A: 03 12 28 29 | 02
#0709-d173 @A: 29 04 26 28 | 09
#0710-d173 @A: 28 27 20 04 | 08
#0711-d173 @A: 32 26 12 04 | 11
#0712-d173 @A: 35 27 13 32 | 04
#0713-d173 @A: 03 32 29 27 | 12
#0714-d173 @A: 13 26 20 32 | 01
#0715-d173 @A: 12 20 13 22 | 07
#0716-d173 @A: 22 15 24 35 | 06
#0717-d173 @A: 31 21 06 22 | 03
#0718-d173 @A: 20 26 24 07 | 05
#0719-d173 @A: 21 24 03 20 | 10
#0720-d173 @A: 34 02 10 03 | 02
#0721-d173 @A: 23 09 01 10 | 09
#0722-d173 @A: 20 22 10 01 | 08
#0723-d173 @A: 10 17 03 08 | 11
#0724-d173 @A: 12 33 10 08 | 04
#0725-d173 @A: 27 19 10 25 | 12
#0726-d173 @A: 25 11 29 10 | 01
#0727-d173 @A: 32 25 18 10 | 07
#0728-d173 @A: 10 13 16 02 | 06
#0729-d173 @A: 20 10 09 32 | 03
#0730-d173 @A: 10 23 06 31 | 05
#0731-d173 @A: 32 30 31 10 | 10
#0732-d173 @A: 10 27 28 17 | 02
#0733-d173 @A: 17 22 10 21 | 09
#0734-d173 @A: 13 14 10 28 | 08
#0735-d173 @A: 04 10 26 35 | 11
#0736-d173 @A: 07 24 29 10 | 04
#0737-d173 @A: 10 15 06 03 | 12
#0738-d173 @A: 15 10 26 14 | 01
#0739-d173 @A: 01 34 12 08 | 07
#0740-d173 @A: 25 34 08 13 | 06
#0741-d173 @A: 34 19 08 07 | 03
#0742-d173 @A: 34 35 08 30 | 05
#0743-d173 @A: 23 12 25 34 | 10
#0744-d173 @A: 33 25 34 18 | 02
#0745-d173 @A: 34 31 16 32 | 09
#0746-d173 @A: 02 34 09 13 | 08
#0747-d173 @A: 22 09 04 34 | 11
#0748-d173 @A: 12 09 24 34 | 04
#0749-d173 @A: 34 13 19 33 | 12
#0750-d173 @A: 34 11 33 14 | 01
#0751-d173 @A: 29 05 32 34 | 07
#0752-d173 @A: 24 34 07 33 | 06
#0753-d173 @A: 21 34 02 22 | 03
#0754-d173 @A: 02 18 15 34 | 05
#0755-d173 @A: 02 24 13 34 | 10
#0756-d173 @A: 13 34 04 35 | 02
#0757-d173 @A: 04 29 14 34 | 09
#0758-d173 @A: 01 33 25 08 | 08
#0759-d173 @A: 03 01 08 19 | 11
#0760-d173 @A: 29 25 32 01 | 04
#0761-d173 @A: 01 25 14 04 | 12
#0762-d173 @A: 16 06 30 01 | 01
#0763-d173 @A: 01 16 33 35 | 07
#0764-d173 @A: 14 16 01 28 | 06
#0765-d173 @A: 09 07 01 11 | 03
#0766-d173 @A: 11 01 26 19 | 05
#0767-d173 @A: 01 22 06 11 | 10
#0768-d173 @A: 24 31 11 01 | 02
#0769-d173 @A: 05 12 01 26 | 09
#0770-d173 @A: 22 02 31 01 | 08
#0771-d173 @A: 31 29 07 01 | 11
#0772-d173 @A: 13 14 01 03 | 04
#0773-d173 @A: 29 27 01 20 | 12
#0774-d173 @A: 25 29 19 08 | 01
#0775-d173 @A: 35 04 25 08 | 07
#0776-d173 @A: 08 26 23 22 | 06
#0777-d173 @A: 02 08 19 21 | 03
#0778-d173 @A: 08 30 05 29 | 05
#0779-d173 @A: 08 32 35 17 | 10
#0780-d173 @A: 08 29 24 33 | 02
#0781-d173 @A: 32 31 28 08 | 09
#0782-d173 @A: 26 08 35 31 | 08
#0783-d173 @A: 08 31 29 18 | 11
#0784-d173 @A: 06 07 14 08 | 04
#0785-d173 @A: 06 15 08 13 | 12
#0786-d173 @A: 16 25 19 21 | 01
#0787-d173 @A: 25 09 05 07 | 07
#0788-d173 @A: 04 15 25 09 | 06
#0789-d173 @A: 23 32 25 20 | 03
#0790-d173 @A: 05 19 25 15 | 05
#0791-d173 @A: 19 02 31 25 | 10
#0792-d173 @A: 25 11 15 17 | 02
#0793-d173 @A: 25 33 17 29 | 09
#0794-d173 @A: 25 03 32 05 | 08
#0795-d173 @A: 22 25 04 28 | 11
#0796-d173 @A: 32 04 24 25 | 04
#0797-d173 @A: 03 21 35 25 | 12
#0798-d173 @A: 24 25 15 03 | 01
#0799-d173 @A: 07 19 22 16 | 07
#0800-d173 @A: 16 27 05 30 | 06
#0801-d173 @A: 16 31 11 07 | 03
#0802-d173 @A: 33 16 21 05 | 05
#0803-d173 @A: 28 33 16 24 | 10
#0804-d173 @A: 21 28 18 16 | 02
#0805-d173 @A: 16 07 35 04 | 09
#0806-d173 @A: 27 03 16 35 | 08
#0807-d173 @A: 29 14 16 31 | 11
#0808-d173 @A: 04 29 16 03 | 04
#0809-d173 @A: 23 07 09 27 | 12
#0810-d173 @A: 05 09 19 26 | 01
#0811-d173 @A: 21 17 09 05 | 07
#0812-d173 @A: 03 12 09 35 | 06
#0813-d173 @A: 06 27 09 15 | 03
#0814-d173 @A: 26 09 31 13 | 05
#0815-d173 @A: 23 19 06 17 | 10
#0816-d173 @A: 12 19 23 24 | 02
#0817-d173 @A: 23 30 18 17 | 09
#0818-d173 @A: 35 32 23 30 | 08
#0819-d173 @A: 30 27 22 23 | 11
#0820-d173 @A: 23 07 14 30 | 04
#0821-d173 @A: 28 03 23 22 | 12
#0822-d173 @A: 04 23 32 29 | 01
#0823-d173 @A: 23 12 15 20 | 07
#0824-d173 @A: 23 14 29 35 | 06
#0825-d173 @A: 23 24 29 18 | 03
#0826-d173 @A: 03 29 23 06 | 05
#0827-d173 @A: 30 19 07 32 | 10
#0828-d173 @A: 19 20 27 30 | 02
#0829-d173 @A: 02 19 29 11 | 09
#0830-d173 @A: 19 11 28 24 | 08
#0831-d173 @A: 19 06 05 24 | 11
#0832-d173 @A: 04 28 19 14 | 04
#0833-d173 @A: 19 24 29 22 | 12
#0834-d173 @A: 03 18 31 19 | 01
#0835-d173 @A: 30 11 15 05 | 07
#0836-d173 @A: 11 02 30 07 | 06
#0837-d173 @A: 02 30 14 27 | 03
#0838-d173 @A: 32 28 30 03 | 05
#0839-d173 @A: 18 15 30 14 | 10
#0840-d173 @A: 30 20 07 21 | 02
#0841-d173 @A: 30 07 15 04 | 09
#0842-d173 @A: 17 12 32 05 | 08
#0843-d173 @A: 24 14 17 05 | 11
#0844-d173 @A: 31 17 22 28 | 04
#0845-d173 @A: 04 35 28 17 | 12
#0846-d173 @A: 15 21 17 31 | 01
#0847-d173 @A: 33 29 22 11 | 07
#0848-d173 @A: 28 07 22 11 | 06
#0849-d173 @A: 27 24 12 11 | 03
#0850-d173 @A: 21 03 11 29 | 05
#0851-d173 @A: 26 02 29 05 | 10
#0852-d173 @A: 35 29 05 31 | 02
#0853-d173 @A: 21 28 22 33 | 09
#0854-d173 @A: 33 35 21 12 | 08
#0855-d173 @A: 33 12 27 18 | 11
#0856-d173 @A: 20 14 33 12 | 04
#0857-d173 @A: 15 27 13 33 | 12
#0858-d173 @A: 35 21 02 04 | 01
#0859-d173 @A: 18 02 29 13 | 07
#0860-d173 @A: 02 03 18 24 | 06
#0861-d173 @A: 02 18 31 20 | 03
#0862-d173 @A: 06 15 07 02 | 05
#0863-d173 @A: 02 04 26 15 | 10
#0864-d173 @A: 06 28 12 26 | 02
#0865-d173 @A: 29 28 26 24 | 09
#0866-d173 @A: 18 22 07 32 | 08
#0867-d173 @A: 32 35 21 06 | 11
#0868-d173 @A: 14 32 24 15 | 04
#0869-d173 @A: 12 03 21 22 | 12
#0870-d173 @A: 07 31 22 35 | 01
#0871-d173 @A: 22 13 03 18 | 07
#0872-d173 @A: 24 06 29 04 | 06
#0873-d173 @A: 27 34 10 01 | 03
#0874-d173 @A: 10 19 34 16 | 05
#0875-d173 @A: 34 10 33 21 | 10
#0876-d173 @A: 09 10 25 02 | 02
#0877-d173 @A: 16 10 31 33 | 09
#0878-d173 @A: 32 10 15 16 | 08
#0879-d173 @A: 18 03 10 16 | 11
#0880-d173 @A: 10 29 13 17 | 04
#0881-d173 @A: 26 10 11 05 | 12
#0882-d173 @A: 10 05 02 15 | 01
#0883-d173 @A: 35 02 10 28 | 07
#0884-d173 @A: 14 10 18 02 | 06
#0885-d173 @A: 14 10 06 24 | 03
#0886-d173 @A: 34 30 01 04 | 05
#0887-d173 @A: 34 01 05 21 | 10
#0888-d173 @A: 34 08 26 09 | 02
#0889-d173 @A: 34 33 08 03 | 09
#0890-d173 @A: 07 25 11 34 | 08
#0891-d173 @A: 34 24 32 16 | 11
#0892-d173 @A: 34 05 18 09 | 04
#0893-d173 @A: 23 34 02 35 | 12
#0894-d173 @A: 26 21 23 34 | 01
#0895-d173 @A: 19 02 34 04 | 07
#0896-d173 @A: 34 11 30 18 | 06
#0897-d173 @A: 03 30 05 34 | 03
#0898-d173 @A: 30 32 34 06 | 05
#0899-d173 @A: 34 22 30 31 | 10
#0900-d173 @A: 02 12 34 17 | 02
#0901-d173 @A: 24 28 15 34 | 09
#0902-d173 @A: 34 04 12 06 | 08
#0903-d173 @A: 34 14 12 03 | 11
#0904-d173 @A: 31 06 18 34 | 04
#0905-d173 @A: 34 21 27 20 | 12
#0906-d173 @A: 14 34 31 15 | 01
#0907-d173 @A: 20 34 15 29 | 07
#0908-d173 @A: 03 15 34 26 | 06
#0909-d173 @A: 09 31 01 08 | 03
#0910-d173 @A: 01 11 15 08 | 05
#0911-d173 @A: 02 25 18 01 | 10
#0912-d173 @A: 16 13 32 01 | 02
#0913-d173 @A: 22 01 16 12 | 09
#0914-d173 @A: 01 13 09 27 | 08
#0915-d173 @A: 17 12 01 19 | 11
#0916-d173 @A: 05 07 01 19 | 04
#0917-d173 @A: 01 19 29 28 | 12
#0918-d173 @A: 17 26 01 33 | 01
#0919-d173 @A: 02 01 05 13 | 07
#0920-d173 @A: 22 03 33 01 | 06
#0921-d173 @A: 01 22 32 24 | 03
#0922-d173 @A: 18 32 01 31 | 05
#0923-d173 @A: 04 01 26 31 | 10
#0924-d173 @A: 03 09 29 08 | 02
#0925-d173 @A: 23 15 14 08 | 09
#0926-d173 @A: 20 19 24 08 | 08
#0927-d173 @A: 26 33 11 08 | 11
#0928-d173 @A: 11 08 14 32 | 04
#0929-d173 @A: 08 07 24 11 | 12
#0930-d173 @A: 32 24 08 27 | 01
#0931-d173 @A: 22 08 21 07 | 07
#0932-d173 @A: 31 04 13 08 | 06
#0933-d173 @A: 13 08 26 24 | 03
#0934-d173 @A: 14 09 23 25 | 05
#0935-d173 @A: 19 07 25 23 | 10
#0936-d173 @A: 33 23 25 04 | 02
#0937-d173 @A: 25 26 19 22 | 09
#0938-d173 @A: 12 25 06 30 | 08
#0939-d173 @A: 29 21 25 30 | 11
#0940-d173 @A: 25 11 04 05 | 04
#0941-d173 @A: 24 25 22 21 | 12
#0942-d173 @A: 04 13 21 25 | 01
#0943-d173 @A: 21 32 16 09 | 07
#0944-d173 @A: 23 16 04 17 | 06
#0945-d173 @A: 23 16 32 12 | 03
#0946-d173 @A: 14 16 30 11 | 05
#0947-d173 @A: 26 16 32 30 | 10
#0948-d173 @A: 16 15 33 02 | 02
#0949-d173 @A: 28 04 16 02 | 09
#0950-d173 @A: 16 02 32 03 | 08
#0951-d173 @A: 16 06 32 14 | 11
#0952-d173 @A: 16 18 27 07 | 04
#0953-d173 @A: 13 26 18 16 | 12
#0954-d173 @A: 14 03 16 07 | 01
#0955-d173 @A: 24 05 09 30 | 07
#0956-d173 @A: 09 28 18 30 | 06
#0957-d173 @A: 09 17 26 14 | 03
#0958-d173 @A: 33 11 15 09 | 05
#0959-d173 @A: 11 09 22 35 | 10
#0960-d173 @A: 07 09 28 02 | 02
#0961-d173 @A: 18 20 09 35 | 09
#0962-d173 @A: 06 09 29 31 | 08
#0963-d173 @A: 09 13 04 24 | 11
#0964-d173 @A: 15 23 19 30 | 04
#0965-d173 @A: 11 23 07 17 | 12
#0966-d173 @A: 18 26 23 12 | 01
#0967-d173 @A: 23 07 13 31 | 07
#0968-d173 @A: 19 27 02 17 | 06
#0969-d173 @A: 31 17 29 19 | 03
#0970-d173 @A: 33 19 29 32 | 05
#0971-d173 @A: 24 33 19 32 | 10
#0972-d173 @A: 18 12 13 19 | 02
#0973-d173 @A: 19 12 20 04 | 09
#0974-d173 @A: 26 20 19 18 | 08
#0975-d173 @A: 13 14 21 19 | 11
#0976-d173 @A: 03 12 30 33 | 04
#0977-d173 @A: 15 26 30 33 | 12
#0978-d173 @A: 30 31 28 02 | 01
#0979-d173 @A: 30 29 32 18 | 07
#0980-d173 @A: 30 12 14 13 | 06
#0981-d173 @A: 04 30 35 14 | 03
#0982-d173 @A: 03 29 30 35 | 05
#0983-d173 @A: 31 30 18 07 | 10
#0984-d173 @A: 30 26 03 18 | 02
#0985-d173 @A: 30 27 18 13 | 09
#0986-d173 @A: 21 30 31 13 | 08
#0987-d173 @A: 03 04 06 30 | 11
#0988-d173 @A: 24 20 30 29 | 04
#0989-d173 @A: 26 28 17 11 | 12
#0990-d173 @A: 20 17 28 15 | 01
#0991-d173 @A: 17 22 26 27 | 07
#0992-d173 @A: 06 35 17 14 | 06
#0993-d173 @A: 14 27 17 03 | 03
#0994-d173 @A: 27 17 04 29 | 05
#0995-d173 @A: 17 04 20 26 | 10
#0996-d173 @A: 28 11 06 05 | 02
#0997-d173 @A: 24 11 29 05 | 09
#0998-d173 @A: 35 14 11 12 | 08
#0999-d173 @A: 21 35 11 24 | 11
#1000-d173 @A: 27 11 06 35 | 04
#1001-d173 @A: 28 32 05 15 | 12
#1002-d173 @A: 05 21 15 18 | 01
#1003-d173 @A: 05 20 29 18 | 07
#1004-d173 @A: 20 07 13 05 | 06
#1005-d173 @A: 03 05 15 20 | 03
#1006-d173 @A: 33 24 14 02 | 05
#1007-d173 @A: 33 02 13 31 | 10
#1008-d173 @A: 31 32 20 33 | 02
#1009-d173 @A: 18 22 33 31 | 09
#1010-d173 @A: 21 33 24 18 | 08
#1011-d173 @A: 20 02 12 03 | 11
#1012-d173 @A: 12 28 14 21 | 04
#1013-d173 @A: 26 35 28 18 | 12
#1014-d173 @A: 28 14 31 07 | 01
#1015-d173 @A: 27 22 32 06 | 07
#1016-d173 @A: 04 32 35 18 | 06
#1017-d173 @A: 07 03 32 20 | 03
#1018-d173 @A: 24 31 32 21 | 05
#1019-d173 @A: 26 24 12 22 | 10
#1020-d173 @A: 35 15 22 29 | 02
#1021-d173 @A: 26 22 35 20 | 09
#1022-d173 @A: 22 29 06 20 | 08
#1023-d173 @A: 26 06 22 13 | 11
#1024-d173 @A: 27 29 22 13 | 04
#1025-d173 @A: 01 08 10 35 | 12
#1026-d173 @A: 18 11 10 01 | 01
#1027-d173 @A: 04 01 03 10 | 07
#1028-d173 @A: 10 01 24 13 | 06
#1029-d173 @A: 09 08 15 10 | 03
#1030-d173 @A: 28 20 10 08 | 05
#1031-d173 @A: 25 10 21 28 | 10
#1032-d173 @A: 11 10 16 12 | 02
#1033-d173 @A: 10 06 09 33 | 09
#1034-d173 @A: 10 22 09 31 | 08
#1035-d173 @A: 11 28 10 19 | 11
#1036-d173 @A: 22 19 32 10 | 04
#1037-d173 @A: 18 10 30 05 | 12
#1038-d173 @A: 10 11 06 13 | 01
#1039-d173 @A: 03 10 32 33 | 07
#1040-d173 @A: 21 02 10 32 | 06
#1041-d173 @A: 31 07 15 10 | 03
#1042-d173 @A: 01 14 34 02 | 05
#1043-d173 @A: 34 22 25 15 | 10
#1044-d173 @A: 16 02 34 30 | 02
#1045-d173 @A: 16 34 28 35 | 09
#1046-d173 @A: 30 34 09 12 | 08
#1047-d173 @A: 03 24 09 34 | 11
#1048-d173 @A: 11 34 15 23 | 04
#1049-d173 @A: 22 17 03 34 | 12
#1050-d173 @A: 34 27 11 28 | 01
#1051-d173 @A: 20 14 18 34 | 07
#1052-d173 @A: 03 07 34 29 | 06
#1053-d173 @A: 03 06 34 27 | 03
#1054-d173 @A: 34 20 03 04 | 05
#1055-d173 @A: 12 09 01 28 | 10
#1056-d173 @A: 26 22 30 01 | 02
#1057-d173 @A: 01 21 27 11 | 09
#1058-d173 @A: 02 07 01 32 | 08
#1059-d173 @A: 12 18 15 01 | 11
#1060-d173 @A: 01 27 18 26 | 04
#1061-d173 @A: 21 07 01 13 | 12
#1062-d173 @A: 01 14 15 29 | 01
#1063-d173 @A: 01 27 04 24 | 07
#1064-d173 @A: 20 15 26 01 | 06
#1065-d173 @A: 01 15 03 31 | 03
#1066-d173 @A: 06 16 25 08 | 05
#1067-d173 @A: 02 14 09 08 | 10
#1068-d173 @A: 26 19 08 32 | 02
#1069-d173 @A: 14 19 08 31 | 09
#1070-d173 @A: 11 17 04 08 | 08
#1071-d173 @A: 27 08 02 11 | 11
#1072-d173 @A: 08 27 32 05 | 04
#1073-d173 @A: 04 29 07 08 | 12
#1074-d173 @A: 31 07 08 20 | 01
#1075-d173 @A: 21 08 20 29 | 07
#1076-d173 @A: 13 08 14 20 | 06
#1077-d173 @A: 31 04 24 08 | 03
#1078-d173 @A: 05 25 23 02 | 05
#1079-d173 @A: 23 25 18 03 | 10
#1080-d173 @A: 30 03 25 17 | 02
#1081-d173 @A: 25 15 27 30 | 09
#1082-d173 @A: 31 05 17 25 | 08
#1083-d173 @A: 32 27 25 11 | 11
#1084-d173 @A: 11 25 31 14 | 04
#1085-d173 @A: 18 25 12 20 | 12
#1086-d173 @A: 27 25 06 29 | 01
#1087-d173 @A: 25 31 29 13 | 07
#1088-d173 @A: 23 03 16 30 | 06
#1089-d173 @A: 02 14 19 16 | 03
#1090-d173 @A: 19 31 26 16 | 05
#1091-d173 @A: 28 32 16 22 | 10
#1092-d173 @A: 06 27 16 28 | 02
#1093-d173 @A: 18 27 24 16 | 09
#1094-d173 @A: 07 16 06 21 | 08
#1095-d173 @A: 14 09 30 05 | 11
#1096-d173 @A: 09 07 22 30 | 04
#1097-d173 @A: 09 17 24 21 | 12
#1098-d173 @A: 27 33 24 09 | 01
#1099-d173 @A: 09 02 24 22 | 07
#1100-d173 @A: 15 28 09 31 | 06
#1101-d173 @A: 13 12 29 09 | 03
#1102-d173 @A: 03 09 31 04 | 05
#1103-d173 @A: 19 23 22 31 | 10
#1104-d173 @A: 21 30 28 23 | 02
#1105-d173 @A: 23 24 31 33 | 09
#1106-d173 @A: 02 23 27 18 | 08
#1107-d173 @A: 23 04 20 24 | 11
#1108-d173 @A: 05 31 30 19 | 04
#1109-d173 @A: 28 19 30 26 | 12
#1110-d173 @A: 33 19 31 28 | 01
#1111-d173 @A: 28 22 19 06 | 07
#1112-d173 @A: 35 19 15 14 | 06
#1113-d173 @A: 13 07 19 06 | 03
#1114-d173 @A: 13 31 19 15 | 05
#1115-d173 @A: 30 28 17 06 | 10
#1116-d173 @A: 17 12 20 30 | 02
#1117-d173 @A: 29 33 02 30 | 09
#1118-d173 @A: 21 30 35 26 | 08
#1119-d173 @A: 21 14 03 30 | 11
#1120-d173 @A: 13 04 30 20 | 04
#1121-d173 @A: 17 21 02 28 | 12
#1122-d173 @A: 17 15 26 06 | 01
#1123-d173 @A: 27 22 05 11 | 07
#1124-d173 @A: 02 33 11 04 | 06
#1125-d173 @A: 20 11 14 02 | 03
#1126-d173 @A: 22 03 26 11 | 05
#1127-d173 @A: 11 15 12 06 | 10
#1128-d173 @A: 11 21 15 07 | 02
#1129-d173 @A: 26 32 33 05 | 09
#1130-d173 @A: 24 05 22 28 | 08
#1131-d173 @A: 05 13 26 35 | 11
#1132-d173 @A: 15 06 05 31 | 04
#1133-d173 @A: 15 29 33 28 | 12
#1134-d173 @A: 07 21 31 33 | 01
#1135-d173 @A: 31 12 02 06 | 07
#1136-d173 @A: 02 29 27 35 | 06
#1137-d173 @A: 02 31 03 35 | 03
#1138-d173 @A: 06 24 26 02 | 05
#1139-d173 @A: 07 13 24 28 | 10
#1140-d173 @A: 28 15 04 21 | 02
#1141-d173 @A: 31 04 28 06 | 09
#1142-d173 @A: 22 14 32 26 | 08
#1143-d173 @A: 13 03 32 12 | 11
#1144-d173 @A: 18 22 15 20 | 04
#1145-d173 @A: 22 07 14 20 | 12
#1146-d173 @A: 19 10 08 13 | 01
#1147-d173 @A: 10 08 04 02 | 07
#1148-d173 @A: 10 25 13 23 | 06
#1149-d173 @A: 17 10 25 35 | 03
#1150-d173 @A: 10 23 16 29 | 05
#1151-d173 @A: 04 16 05 10 | 10
#1152-d173 @A: 09 10 19 14 | 02
#1153-d173 @A: 09 07 29 10 | 09
#1154-d173 @A: 10 27 11 23 | 08
#1155-d173 @A: 05 21 23 10 | 11
#1156-d173 @A: 10 29 20 19 | 04
#1157-d173 @A: 07 10 30 24 | 12
#1158-d173 @A: 10 33 27 02 | 01
#1159-d173 @A: 10 12 32 27 | 07
#1160-d173 @A: 12 26 03 10 | 06
#1161-d173 @A: 10 31 12 13 | 03
#1162-d173 @A: 14 03 35 10 | 05
#1163-d173 @A: 06 10 18 21 | 10
#1164-d173 @A: 04 07 10 14 | 02
#1165-d173 @A: 04 27 10 13 | 09
#1166-d173 @A: 16 15 34 01 | 08
#1167-d173 @A: 33 16 34 12 | 11
#1168-d173 @A: 34 33 31 09 | 04
#1169-d173 @A: 34 06 19 05 | 12
#1170-d173 @A: 17 29 34 30 | 01
#1171-d173 @A: 17 34 27 33 | 07
#1172-d173 @A: 11 02 26 34 | 06
#1173-d173 @A: 14 05 34 28 | 03
#1174-d173 @A: 05 22 26 34 | 05
#1175-d173 @A: 20 33 34 02 | 10
#1176-d173 @A: 28 34 32 21 | 02
#1177-d173 @A: 34 24 20 22 | 09
#1178-d173 @A: 27 15 12 34 | 08
#1179-d173 @A: 01 03 25 11 | 11
#1180-d173 @A: 25 22 07 01 | 04
#1181-d173 @A: 13 01 12 25 | 12
#1182-d173 @A: 01 04 16 19 | 01
#1183-d173 @A: 18 05 23 01 | 07
#1184-d173 @A: 01 07 17 30 | 06
#1185-d173 @A: 14 11 01 17 | 03
#1186-d173 @A: 17 18 28 01 | 05
#1187-d173 @A: 11 32 04 01 | 10
#1188-d173 @A: 24 01 33 22 | 02
#1189-d173 @A: 03 02 01 21 | 09
#1190-d173 @A: 01 13 15 28 | 08
#1191-d173 @A: 01 28 24 20 | 11
#1192-d173 @A: 01 21 06 12 | 04
#1193-d173 @A: 03 18 01 35 | 12
#1194-d173 @A: 01 15 24 26 | 01
#1195-d173 @A: 08 14 16 33 | 07
#1196-d173 @A: 08 24 28 09 | 06
#1197-d173 @A: 08 33 05 02 | 03
#1198-d173 @A: 22 12 08 05 | 05
#1199-d173 @A: 08 02 03 28 | 10
#1200-d173 @A: 20 12 08 27 | 02
#1201-d173 @A: 35 15 18 08 | 09
#1202-d173 @A: 21 08 31 27 | 08
#1203-d173 @A: 17 09 25 20 | 11
#1204-d173 @A: 28 25 03 19 | 04
#1205-d173 @A: 35 25 18 19 | 12
#1206-d173 @A: 25 24 26 17 | 01
#1207-d173 @A: 05 25 26 18 | 07
#1208-d173 @A: 31 18 25 21 | 06
#1209-d173 @A: 21 06 25 15 | 03
#1210-d173 @A: 25 24 13 06 | 05
#1211-d173 @A: 13 25 27 26 | 10
#1212-d173 @A: 19 06 16 09 | 02
#1213-d173 @A: 30 16 09 31 | 09
#1214-d173 @A: 21 16 17 30 | 08
#1215-d173 @A: 16 11 22 04 | 11
#1216-d173 @A: 18 16 11 20 | 04
#1217-d173 @A: 11 16 21 13 | 12
#1218-d173 @A: 16 05 28 31 | 01
#1219-d173 @A: 16 15 18 04 | 07
#1220-d173 @A: 16 26 06 03 | 06
#1221-d173 @A: 26 15 29 16 | 03
#1222-d173 @A: 17 19 09 15 | 05
#1223-d173 @A: 28 14 11 09 | 10
#1224-d173 @A: 29 09 32 02 | 02
#1225-d173 @A: 04 20 14 09 | 09
#1226-d173 @A: 23 11 19 04 | 08
#1227-d173 @A: 04 30 23 02 | 11
#1228-d173 @A: 21 14 33 23 | 04
#1229-d173 @A: 28 02 29 23 | 12
#1230-d173 @A: 24 35 23 28 | 01
#1231-d173 @A: 28 14 23 18 | 07
#1232-d173 @A: 23 26 07 03 | 06
#1233-d173 @A: 23 13 21 03 | 03
#1234-d173 @A: 04 06 27 23 | 05
#1235-d173 @A: 23 26 04 14 | 10
#1236-d173 @A: 03 23 15 04 | 02
#1237-d173 @A: 17 20 19 07 | 09
#1238-d173 @A: 11 19 31 32 | 08
#1239-d173 @A: 02 33 06 19 | 11
#1240-d173 @A: 27 33 19 21 | 04
#1241-d173 @A: 15 19 22 03 | 12
#1242-d173 @A: 35 19 12 27 | 01
#1243-d173 @A: 07 12 19 31 | 07
#1244-d173 @A: 13 17 32 30 | 06
#1245-d173 @A: 05 30 02 20 | 03
#1246-d173 @A: 03 22 02 30 | 05
#1247-d173 @A: 35 30 06 02 | 10
#1248-d173 @A: 22 04 29 30 | 02
#1249-d173 @A: 30 12 27 29 | 09
#1250-d173 @A: 18 04 21 30 | 08
#1251-d173 @A: 29 20 30 31 | 11
#1252-d173 @A: 17 12 35 26 | 04
#1253-d173 @A: 14 07 18 17 | 12
#1254-d173 @A: 18 29 17 03 | 01
#1255-d173 @A: 21 06 17 24 | 07
#1256-d173 @A: 04 17 14 21 | 06
#1257-d173 @A: 03 20 21 17 | 03
#1258-d173 @A: 29 14 17 20 | 05
#1259-d173 @A: 17 31 24 27 | 10
#1260-d173 @A: 03 11 05 33 | 02
#1261-d173 @A: 11 07 05 32 | 09
#1262-d173 @A: 11 26 12 13 | 08
#1263-d173 @A: 11 06 07 20 | 11
#1264-d173 @A: 05 22 31 20 | 04
#1265-d173 @A: 21 05 27 35 | 12
#1266-d173 @A: 05 24 18 15 | 01
#1267-d173 @A: 22 02 32 33 | 07
#1268-d173 @A: 06 20 15 33 | 06
#1269-d173 @A: 02 29 14 07 | 03
#1270-d173 @A: 02 24 29 21 | 05
#1271-d173 @A: 27 35 14 28 | 10
#1272-d173 @A: 28 27 18 29 | 02
#1273-d173 @A: 26 21 13 28 | 09
#1274-d173 @A: 13 28 27 31 | 08
#1275-d173 @A: 35 32 07 26 | 11
#1276-d173 @A: 32 06 13 18 | 04
#1277-d173 @A: 18 32 20 27 | 12
#1278-d173 @A: 03 21 04 32 | 01
#1279-d173 @A: 32 29 06 26 | 07
#1280-d173 @A: 06 22 04 35 | 06
#1281-d173 @A: 03 07 06 22 | 03
#1282-d173 @A: 04 22 21 27 | 05
#1283-d173 @A: 03 22 20 27 | 10
#1284-d173 @A: 24 06 31 12 | 02
#1285-d173 @A: 18 24 07 26 | 09
#1286-d173 @A: 09 35 34 10 | 08
#1287-d173 @A: 07 33 25 10 | 11
#1288-d173 @A: 24 10 16 31 | 04
#1289-d173 @A: 10 17 09 12 | 12
#1290-d173 @A: 10 03 09 11 | 01
#1291-d173 @A: 23 30 12 10 | 07
#1292-d173 @A: 19 10 18 33 | 06
#1293-d173 @A: 17 18 10 20 | 03
#1294-d173 @A: 11 10 31 02 | 05
#1295-d173 @A: 10 28 07 05 | 10
#1296-d173 @A: 05 03 29 10 | 02
#1297-d173 @A: 02 32 10 24 | 09
#1298-d173 @A: 22 10 28 18 | 08
#1299-d173 @A: 15 10 29 21 | 11
#1300-d173 @A: 06 26 10 27 | 04
#1301-d173 @A: 31 29 26 10 | 12
#1302-d173 @A: 34 01 24 29 | 01
#1303-d173 @A: 09 16 14 34 | 07
#1304-d173 @A: 34 17 26 16 | 06
#1305-d173 @A: 16 07 34 20 | 03
#1306-d173 @A: 11 09 19 34 | 05
#1307-d173 @A: 19 23 14 34 | 10
#1308-d173 @A: 35 34 11 03 | 02
#1309-d173 @A: 05 02 07 34 | 09
#1310-d173 @A: 34 15 05 13 | 08
#1311-d173 @A: 34 04 26 33 | 11
#1312-d173 @A: 02 34 28 06 | 04
#1313-d173 @A: 26 31 34 07 | 12
#1314-d173 @A: 08 30 01 24 | 01
#1315-d173 @A: 31 01 23 16 | 07
#1316-d173 @A: 11 01 05 16 | 06
#1317-d173 @A: 23 30 29 01 | 03
#1318-d173 @A: 02 15 01 19 | 05
#1319-d173 @A: 30 01 32 12 | 10
#1320-d173 @A: 35 30 13 01 | 02
#1321-d173 @A: 02 20 06 01 | 09
#1322-d173 @A: 35 01 28 22 | 08
#1323-d173 @A: 22 29 01 18 | 11
#1324-d173 @A: 01 27 12 31 | 04
#1325-d173 @A: 01 27 07 06 | 12
#1326-d173 @A: 04 01 21 29 | 01
#1327-d173 @A: 25 21 05 08 | 07
#1328-d173 @A: 30 08 13 16 | 06
#1329-d173 @A: 22 09 08 20 | 03
#1330-d173 @A: 23 08 11 29 | 05
#1331-d173 @A: 23 08 13 02 | 10
#1332-d173 @A: 08 17 19 05 | 02
#1333-d173 @A: 33 15 19 08 | 09
#1334-d173 @A: 19 22 08 04 | 08
#1335-d173 @A: 03 11 08 30 | 11
#1336-d173 @A: 30 08 26 20 | 04
#1337-d173 @A: 22 17 29 08 | 12
#1338-d173 @A: 33 08 04 27 | 01
#1339-d173 @A: 14 28 08 29 | 07
#1340-d173 @A: 32 08 13 07 | 06
#1341-d173 @A: 08 06 18 27 | 03
#1342-d173 @A: 21 08 06 04 | 05
#1343-d173 @A: 21 08 03 15 | 10
#1344-d173 @A: 29 27 08 15 | 02
#1345-d173 @A: 25 06 28 23 | 09
#1346-d173 @A: 25 13 22 11 | 08
#1347-d173 @A: 27 33 03 25 | 11
#1348-d173 @A: 24 28 25 12 | 04
#1349-d173 @A: 25 27 35 20 | 12
#1350-d173 @A: 07 25 18 13 | 01
#1351-d173 @A: 27 04 07 25 | 07
#1352-d173 @A: 06 20 14 25 | 06
#1353-d173 @A: 16 11 09 17 | 03
#1354-d173 @A: 16 26 09 02 | 05
#1355-d173 @A: 16 23 07 02 | 10
#1356-d173 @A: 23 28 16 13 | 02
#1357-d173 @A: 16 28 17 19 | 09
#1358-d173 @A: 27 11 33 16 | 08
#1359-d173 @A: 16 33 28 20 | 11
#1360-d173 @A: 12 16 02 21 | 04
#1361-d173 @A: 12 35 16 06 | 12
#1362-d173 @A: 21 14 16 20 | 01
#1363-d173 @A: 16 24 29 03 | 07
#1364-d173 @A: 18 22 09 23 | 06
#1365-d173 @A: 09 26 24 23 | 03
#1366-d173 @A: 29 19 22 09 | 05
#1367-d173 @A: 09 03 05 22 | 10
#1368-d173 @A: 09 33 18 02 | 02
#1369-d173 @A: 06 32 09 28 | 09
#1370-d173 @A: 07 12 09 06 | 08
#1371-d173 @A: 09 06 03 18 | 11
#1372-d173 @A: 24 09 20 31 | 04
#1373-d173 @A: 33 05 30 23 | 12
#1374-d173 @A: 05 17 23 27 | 01
#1375-d173 @A: 33 18 23 11 | 07
#1376-d173 @A: 03 02 23 11 | 06
#1377-d173 @A: 32 23 22 05 | 03
#1378-d173 @A: 12 22 23 02 | 05
#1379-d173 @A: 23 02 15 24 | 10
#1380-d173 @A: 12 35 23 04 | 02
#1381-d173 @A: 18 23 29 21 | 09
#1382-d173 @A: 19 04 17 32 | 08
#1383-d173 @A: 22 21 19 11 | 11
#1384-d173 @A: 32 15 06 19 | 04
#1385-d173 @A: 19 35 24 18 | 12
#1386-d173 @A: 18 15 19 07 | 01
#1387-d173 @A: 21 26 06 19 | 07
#1388-d173 @A: 19 27 26 15 | 06
#1389-d173 @A: 17 30 35 31 | 03
#1390-d173 @A: 04 30 32 05 | 05
#1391-d173 @A: 28 20 14 30 | 10
#1392-d173 @A: 26 30 07 06 | 02
#1393-d173 @A: 24 30 21 15 | 09
#1394-d173 @A: 14 17 33 28 | 08
#1395-d173 @A: 14 12 17 15 | 11
#1396-d173 @A: 35 17 29 24 | 04
#1397-d173 @A: 17 18 26 31 | 12
#1398-d173 @A: 33 07 12 11 | 01
#1399-d173 @A: 22 02 18 11 | 07
#1400-d173 @A: 06 11 31 26 | 06
#1401-d173 @A: 29 13 15 11 | 03
#1402-d173 @A: 22 05 02 04 | 05
#1403-d173 @A: 05 13 21 12 | 10
#1404-d173 @A: 35 18 05 14 | 02
#1405-d173 @A: 05 18 04 07 | 09
#1406-d173 @A: 28 33 04 03 | 08
#1407-d173 @A: 26 12 29 33 | 11
#1408-d173 @A: 15 35 33 04 | 04
#1409-d173 @A: 14 18 04 33 | 12
#1410-d173 @A: 33 03 20 29 | 01
#1411-d173 @A: 26 33 03 31 | 07
#1412-d173 @A: 02 35 24 27 | 06
#1413-d173 @A: 15 02 31 27 | 03
#1414-d173 @A: 28 21 35 20 | 05
#1415-d173 @A: 18 20 03 28 | 10
#1416-d173 @A: 07 28 03 13 | 02
#1417-d173 @A: 28 31 20 26 | 09
#1418-d173 @A: 32 24 12 35 | 08
#1419-d173 @A: 12 21 18 32 | 11
#1420-d173 @A: 27 32 31 07 | 04
#1421-d173 @A: 18 14 22 21 | 12
#1422-d173 @A: 04 22 03 14 | 01
#1423-d173 @A: 24 35 26 31 | 07
#1424-d173 @A: 28 34 10 12 | 06
#1425-d173 @A: 26 01 10 13 | 03
#1426-d173 @A: 21 08 10 16 | 05
#1427-d173 @A: 27 08 30 10 | 10
#1428-d173 @A: 10 08 11 07 | 02
#1429-d173 @A: 21 23 10 24 | 09
#1430-d173 @A: 21 19 04 10 | 08
#1431-d173 @A: 33 20 10 11 | 11
#1432-d173 @A: 06 29 10 02 | 04
#1433-d173 @A: 35 27 15 10 | 12
#1434-d173 @A: 18 24 20 10 | 01
#1435-d173 @A: 25 09 34 06 | 07
#1436-d173 @A: 20 23 30 34 | 06
#1437-d173 @A: 34 23 06 22 | 03
#1438-d173 @A: 35 34 19 17 | 05
#1439-d173 @A: 34 28 19 15 | 10
#1440-d173 @A: 29 34 26 19 | 02
#1441-d173 @A: 34 22 28 20 | 09
#1442-d173 @A: 07 34 13 12 | 08
#1443-d173 @A: 06 34 21 13 | 11
#1444-d173 @A: 13 03 34 31 | 04
#1445-d173 @A: 01 02 04 09 | 12
#1446-d173 @A: 01 23 19 13 | 01
#1447-d173 @A: 23 01 35 26 | 07
#1448-d173 @A: 20 01 19 33 | 06
#1449-d173 @A: 11 13 01 33 | 03
#1450-d173 @A: 05 06 01 03 | 05
#1451-d173 @A: 01 20 35 14 | 10
#1452-d173 @A: 14 18 01 06 | 02
#1453-d173 @A: 06 15 01 04 | 09
#1454-d173 @A: 06 01 13 29 | 08
#1455-d173 @A: 17 12 25 08 | 11
#1456-d173 @A: 08 07 25 02 | 04
#1457-d173 @A: 20 08 23 16 | 12
#1458-d173 @A: 17 08 15 16 | 01
#1459-d173 @A: 35 09 08 28 | 07
#1460-d173 @A: 21 08 23 17 | 06
#1461-d173 @A: 08 33 31 23 | 03
#1462-d173 @A: 08 23 03 32 | 05
#1463-d173 @A: 08 05 15 26 | 10
#1464-d173 @A: 08 33 28 06 | 02
#1465-d173 @A: 33 08 35 29 | 09
#1466-d173 @A: 35 14 21 08 | 08
#1467-d173 @A: 08 03 24 14 | 11
#1468-d173 @A: 13 08 29 26 | 04
#1469-d173 @A: 09 30 25 35 | 12
#1470-d173 @A: 09 29 28 25 | 01
#1471-d173 @A: 12 09 22 25 | 07
#1472-d173 @A: 23 26 17 25 | 06
#1473-d173 @A: 28 25 30 07 | 03
#1474-d173 @A: 25 04 02 17 | 05
#1475-d173 @A: 35 28 05 25 | 10
#1476-d173 @A: 26 06 25 33 | 02
#1477-d173 @A: 14 28 32 25 | 09
#1478-d173 @A: 15 25 28 18 | 08
#1479-d173 @A: 24 25 20 29 | 11
#1480-d173 @A: 35 23 16 09 | 04
#1481-d173 @A: 16 04 12 09 | 12
#1482-d173 @A: 16 03 20 09 | 01
#1483-d173 @A: 29 30 19 16 | 07
#1484-d173 @A: 16 17 35 29 | 06
#1485-d173 @A: 28 03 16 11 | 03
#1486-d173 @A: 16 35 18 31 | 05
#1487-d173 @A: 31 03 16 21 | 10
#1488-d173 @A: 19 28 09 27 | 02
#1489-d173 @A: 32 13 09 05 | 09
#1490-d173 @A: 27 22 33 09 | 08
#1491-d173 @A: 03 21 28 09 | 11
#1492-d173 @A: 24 09 06 07 | 04
#1493-d173 @A: 19 12 33 23 | 12
#1494-d173 @A: 20 19 28 23 | 01
#1495-d173 @A: 35 23 21 19 | 07
#1496-d173 @A: 11 12 31 23 | 06
#1497-d173 @A: 27 23 33 28 | 03
#1498-d173 @A: 23 22 13 04 | 05
#1499-d173 @A: 23 27 21 15 | 10
#1500-d173 @A: 02 18 30 19 | 02
#1501-d173 @A: 18 17 21 19 | 09
#1502-d173 @A: 32 35 19 02 | 08
#1503-d173 @A: 27 15 24 19 | 11
#1504-d173 @A: 19 03 29 13 | 04
#1505-d173 @A: 11 30 35 28 | 12
#1506-d173 @A: 30 24 22 13 | 01
#1507-d173 @A: 30 12 24 14 | 07
#1508-d173 @A: 30 29 06 15 | 06
#1509-d173 @A: 26 30 29 14 | 03
#1510-d173 @A: 02 33 17 07 | 05
#1511-d173 @A: 17 06 27 12 | 10
#1512-d173 @A: 17 07 35 27 | 02
#1513-d173 @A: 15 17 03 35 | 09
#1514-d173 @A: 14 13 31 17 | 08
#1515-d173 @A: 17 20 31 27 | 11
#1516-d173 @A: 26 11 24 04 | 04
#1517-d173 @A: 20 27 11 15 | 12
#1518-d173 @A: 05 28 18 33 | 01
#1519-d173 @A: 05 02 27 28 | 07
#1520-d173 @A: 28 05 29 22 | 06
#1521-d173 @A: 05 29 06 12 | 03
#1522-d173 @A: 03 04 35 05 | 05
#1523-d173 @A: 07 14 15 05 | 10
#1524-d173 @A: 04 05 31 21 | 02
#1525-d173 @A: 05 26 21 03 | 09
#1526-d173 @A: 05 13 29 04 | 08
#1527-d173 @A: 14 02 03 33 | 11
#1528-d173 @A: 33 06 18 35 | 04
#1529-d173 @A: 14 27 33 07 | 12
#1530-d173 @A: 13 04 33 07 | 01
#1531-d173 @A: 06 33 03 21 | 07
#1532-d173 @A: 13 14 02 35 | 06
#1533-d173 @A: 21 26 02 27 | 03
#1534-d173 @A: 31 26 02 14 | 05
#1535-d173 @A: 12 35 15 28 | 10
#1536-d173 @A: 13 28 35 29 | 02
#1537-d173 @A: 07 26 15 28 | 09
#1538-d173 @A: 29 21 28 06 | 08
#1539-d173 @A: 26 28 03 14 | 11
#1540-d173 @A: 12 29 32 31 | 04
#1541-d173 @A: 32 35 15 31 | 12
#1542-d173 @A: 18 22 04 26 | 01
#1543-d173 @A: 26 15 21 22 | 07
#1544-d173 @A: 15 04 31 22 | 06
#1545-d173 @A: 22 31 03 29 | 03
#1546-d173 @A: 13 21 24 12 | 05
#1547-d173 @A: 24 15 04 07 | 10
#1548-d173 @A: 10 34 14 08 | 02
#1549-d173 @A: 17 05 10 01 | 09
#1550-d173 @A: 10 12 01 02 | 08
#1551-d173 @A: 06 28 01 10 | 11
#1552-d173 @A: 29 10 08 32 | 04
#1553-d173 @A: 28 16 09 10 | 12
#1554-d173 @A: 16 17 06 10 | 01
#1555-d173 @A: 23 19 10 03 | 07
#1556-d173 @A: 26 10 23 32 | 06
#1557-d173 @A: 07 22 10 23 | 03
#1558-d173 @A: 10 19 05 35 | 05
#1559-d173 @A: 19 24 10 04 | 10
#1560-d173 @A: 10 15 11 22 | 02
#1561-d173 @A: 10 33 12 24 | 09
#1562-d173 @A: 28 10 24 03 | 08
#1563-d173 @A: 35 20 10 06 | 11
#1564-d173 @A: 33 34 01 06 | 04
#1565-d173 @A: 17 18 08 34 | 12
#1566-d173 @A: 34 21 25 17 | 01
#1567-d173 @A: 13 34 23 17 | 07
#1568-d173 @A: 23 18 32 34 | 06
#1569-d173 @A: 19 21 34 30 | 03
#1570-d173 @A: 03 19 34 32 | 05
#1571-d173 @A: 31 19 34 27 | 10
#1572-d173 @A: 17 06 34 20 | 02
#1573-d173 @A: 34 32 11 22 | 09
#1574-d173 @A: 04 07 34 28 | 08
#1575-d173 @A: 34 29 28 31 | 11
#1576-d173 @A: 20 12 26 34 | 04
#1577-d173 @A: 35 34 31 20 | 12
#1578-d173 @A: 21 14 34 07 | 01
#1579-d173 @A: 08 22 32 01 | 07
#1580-d173 @A: 01 25 20 16 | 06
#1581-d173 @A: 01 28 25 31 | 03
#1582-d173 @A: 16 01 18 09 | 05
#1583-d173 @A: 24 35 01 09 | 10
#1584-d173 @A: 01 23 15 22 | 02
#1585-d173 @A: 12 24 01 17 | 09
#1586-d173 @A: 01 35 17 21 | 08
#1587-d173 @A: 35 05 32 01 | 11
#1588-d173 @A: 12 01 29 35 | 04
#1589-d173 @A: 35 15 07 01 | 12
#1590-d173 @A: 21 31 14 01 | 01
#1591-d173 @A: 29 01 26 03 | 07
#1592-d173 @A: 02 08 24 25 | 06
#1593-d173 @A: 22 25 14 08 | 03
#1594-d173 @A: 16 11 35 08 | 05
#1595-d173 @A: 26 08 28 16 | 10
#1596-d173 @A: 08 22 03 16 | 02
#1597-d173 @A: 08 12 16 31 | 09
#1598-d173 @A: 05 09 08 04 | 08
#1599-d173 @A: 08 09 32 12 | 11
#1600-d173 @A: 07 33 08 30 | 04
#1601-d173 @A: 15 30 08 31 | 12
#1602-d173 @A: 02 08 26 17 | 01
#1603-d173 @A: 08 04 12 14 | 07
#1604-d173 @A: 08 13 21 18 | 06
#1605-d173 @A: 07 26 08 27 | 03
#1606-d173 @A: 15 23 16 25 | 05
#1607-d173 @A: 29 25 16 05 | 10
#1608-d173 @A: 25 16 22 31 | 02
#1609-d173 @A: 25 16 04 26 | 09
#1610-d173 @A: 32 25 31 09 | 08
#1611-d173 @A: 11 12 25 19 | 11
#1612-d173 @A: 30 31 33 25 | 04
#1613-d173 @A: 33 30 24 25 | 12
#1614-d173 @A: 22 18 25 17 | 01
#1615-d173 @A: 13 05 14 25 | 07
#1616-d173 @A: 06 02 03 25 | 06
#1617-d173 @A: 07 25 21 32 | 03
#1618-d173 @A: 07 25 12 26 | 05
#1619-d173 @A: 24 25 35 04 | 10
#1620-d173 @A: 14 03 25 29 | 02
#1621-d173 @A: 09 16 24 19 | 09
#1622-d173 @A: 19 18 23 16 | 08
#1623-d173 @A: 02 16 17 31 | 11
#1624-d173 @A: 17 27 16 32 | 04
#1625-d173 @A: 17 24 07 16 | 12
#1626-d173 @A: 11 29 16 32 | 01
#1627-d173 @A: 06 20 16 04 | 07
#1628-d173 @A: 26 14 24 16 | 06
#1629-d173 @A: 05 09 06 23 | 03
#1630-d173 @A: 04 28 09 23 | 05
#1631-d173 @A: 13 20 09 19 | 10
#1632-d173 @A: 33 20 09 30 | 02
#1633-d173 @A: 17 32 09 22 | 09
#1634-d173 @A: 18 09 11 12 | 08
#1635-d173 @A: 09 12 33 05 | 11
#1636-d173 @A: 05 09 28 20 | 04
#1637-d173 @A: 07 09 26 18 | 12
#1638-d173 @A: 15 24 18 09 | 01
#1639-d173 @A: 14 09 07 13 | 07
#1640-d173 @A: 09 03 27 26 | 06
#1641-d173 @A: 30 03 23 24 | 03
#1642-d173 @A: 07 23 35 06 | 05
#1643-d173 @A: 21 07 04 23 | 10
#1644-d173 @A: 06 23 14 13 | 02
#1645-d173 @A: 27 23 14 20 | 09
#1646-d173 @A: 20 23 13 29 | 08
#1647-d173 @A: 35 22 19 30 | 11
#1648-d173 @A: 04 05 33 19 | 04
#1649-d173 @A: 35 19 28 07 | 12
#1650-d173 @A: 15 21 19 20 | 01
#1651-d173 @A: 20 03 19 14 | 07
#1652-d173 @A: 29 19 04 15 | 06
#1653-d173 @A: 17 22 30 15 | 03
#1654-d173 @A: 33 21 30 11 | 05
#1655-d173 @A: 12 30 28 05 | 10
#1656-d173 @A: 35 05 07 30 | 02
#1657-d173 @A: 22 28 13 30 | 09
#1658-d173 @A: 30 06 21 27 | 08
#1659-d173 @A: 27 26 04 30 | 11
#1660-d173 @A: 03 30 27 31 | 04
#1661-d173 @A: 18 17 11 32 | 12
#1662-d173 @A: 07 03 04 17 | 01
#1663-d173 @A: 27 13 21 17 | 07
#1664-d173 @A: 11 05 21 02 | 06
#1665-d173 @A: 05 11 14 29 | 03
#1666-d173 @A: 35 11 31 13 | 05
#1667-d173 @A: 15 11 04 14 | 10
#1668-d173 @A: 33 15 22 05 | 02
#1669-d173 @A: 06 05 07 33 | 09
#1670-d173 @A: 18 03 05 27 | 08
#1671-d173 @A: 05 07 03 31 | 11
#1672-d173 @A: 26 35 02 33 | 04
#1673-d173 @A: 33 13 03 35 | 12
#1674-d173 @A: 33 07 29 18 | 01
#1675-d173 @A: 20 33 21 04 | 07
#1676-d173 @A: 24 20 02 12 | 06
#1677-d173 @A: 07 02 24 31 | 03
#1678-d173 @A: 06 04 02 14 | 05
#1679-d173 @A: 02 27 06 13 | 10
#1680-d173 @A: 06 28 32 24 | 02
#1681-d173 @A: 03 27 15 28 | 09
#1682-d173 @A: 22 03 35 32 | 08
#1683-d173 @A: 22 18 12 06 | 11
#1684-d173 @A: 22 07 27 24 | 04
#1685-d173 @A: 12 24 29 13 | 12
#1686-d173 @A: 13 35 24 03 | 01
#1687-d173 @A: 24 18 13 31 | 07
#1688-d173 @A: 24 21 14 04 | 06
#1689-d173 @A: 27 14 29 24 | 03
