#0001-d179 @A: 11 09 22 08 | 09
#0002-d179 @A: 22 30 11 04 | 07
#0003-d179 @A: 12 06 22 23 | 04
#0004-d179 @A: 08 23 15 22 | 12
#0005-d179 @A: 34 35 23 22 | 01
#0006-d179 @A: 22 07 01 16 | 11
#0007-d179 @A: 22 07 06 21 | 02
#0008-d179 @A: 22 14 07 05 | 03
#0009-d179 @A: 10 18 14 22 | 05
#0010-d179 @A: 22 09 12 10 | 06
#0011-d179 @A: 34 19 14 22 | 10
#0012-d179 @A: 22 28 31 26 | 08
#0013-d179 @A: 02 22 26 08 | 09
#0014-d179 @A: 13 14 22 12 | 07
#0015-d179 @A: 22 09 04 01 | 04
#0016-d179 @A: 27 31 22 05 | 12
#0017-d179 @A: 25 22 08 20 | 01
#0018-d179 @A: 21 22 01 02 | 11
#0019-d179 @A: 35 07 11 32 | 02
#0020-d179 @A: 07 11 03 14 | 03
#0021-d179 @A: 33 19 10 11 | 05
#0022-d179 @A: 05 11 10 35 | 06
#0023-d179 @A: 11 10 08 14 | 10
#0024-d179 @A: 09 12 11 19 | 08
#0025-d179 @A: 28 19 17 11 | 09
#0026-d179 @A: 19 11 32 03 | 07
#0027-d179 @A: 06 05 11 18 | 04
#0028-d179 @A: 06 11 25 04 | 12
#0029-d179 @A: 29 11 06 03 | 01
#0030-d179 @A: 06 01 20 11 | 11
#0031-d179 @A: 13 18 14 11 | 02
#0032-d179 @A: 28 11 02 17 | 03
#0033-d179 @A: 27 30 11 03 | 05
#0034-d179 @A: 05 11 12 34 | 06
#0035-d179 @A: 01 32 11 12 | 10
#0036-d179 @A: 33 11 17 21 | 08
#0037-d179 @A: 16 23 07 09 | 09
#0038-d179 @A: 02 16 23 15 | 07
#0039-d179 @A: 13 23 16 17 | 04
#0040-d179 @A: 04 23 10 33 | 12
#0041-d179 @A: 04 26 35 23 | 01
#0042-d179 @A: 26 18 23 34 | 11
#0043-d179 @A: 31 23 15 29 | 02
#0044-d179 @A: 30 02 23 13 | 03
#0045-d179 @A: 29 23 24 09 | 05
#0046-d179 @A: 24 02 23 03 | 06
#0047-d179 @A: 23 12 05 27 | 10
#0048-d179 @A: 35 16 27 10 | 08
#0049-d179 @A: 25 06 16 09 | 09
#0050-d179 @A: 16 31 27 06 | 07
#0051-d179 @A: 15 16 29 35 | 04
#0052-d179 @A: 02 16 18 30 | 12
#0053-d179 @A: 12 16 03 04 | 01
#0054-d179 @A: 20 04 33 16 | 11
#0055-d179 @A: 12 17 14 16 | 02
#0056-d179 @A: 16 21 25 20 | 03
#0057-d179 @A: 02 01 17 16 | 05
#0058-d179 @A: 15 07 10 34 | 06
#0059-d179 @A: 07 13 32 10 | 10
#0060-d179 @A: 07 26 21 12 | 08
#0061-d179 @A: 06 34 27 07 | 09
#0062-d179 @A: 13 07 14 28 | 07
#0063-d179 @A: 08 21 30 07 | 04
#0064-d179 @A: 14 07 30 29 | 12
#0065-d179 @A: 25 20 07 30 | 01
#0066-d179 @A: 05 27 17 07 | 11
#0067-d179 @A: 34 07 12 08 | 02
#0068-d179 @A: 29 07 02 25 | 03
#0069-d179 @A: 10 06 25 35 | 05
#0070-d179 @A: 06 17 27 10 | 06
#0071-d179 @A: 02 06 10 17 | 10
#0072-d179 @A: 21 15 18 10 | 08
#0073-d179 @A: 15 09 14 10 | 09
#0074-d179 @A: 13 31 10 18 | 07
#0075-d179 @A: 10 35 03 20 | 04
#0076-d179 @A: 35 34 10 31 | 12
#0077-d179 @A: 24 10 28 20 | 01
#0078-d179 @A: 34 08 04 10 | 11
#0079-d179 @A: 32 34 10 21 | 02
#0080-d179 @A: 25 17 32 10 | 03
#0081-d179 @A: 05 31 14 10 | 05
#0082-d179 @A: 19 25 13 06 | 06
#0083-d179 @A: 15 03 21 19 | 10
#0084-d179 @A: 14 19 03 09 | 08
#0085-d179 @A: 34 19 33 12 | 09
#0086-d179 @A: 05 32 19 02 | 07
#0087-d179 @A: 01 20 31 19 | 04
#0088-d179 @A: 35 26 24 33 | 12
#0089-d179 @A: 01 18 04 26 | 01
#0090-d179 @A: 31 14 18 26 | 11
#0091-d179 @A: 26 24 04 29 | 02
#0092-d179 @A: 02 26 04 27 | 03
#0093-d179 @A: 26 04 33 34 | 05
#0094-d179 @A: 05 17 33 26 | 06
#0095-d179 @A: 15 06 28 34 | 10
#0096-d179 @A: 14 06 33 04 | 08
#0097-d179 @A: 06 20 29 17 | 09
#0098-d179 @A: 35 18 25 15 | 07
#0099-d179 @A: 20 15 34 03 | 04
#0100-d179 @A: 34 17 21 15 | 12
#0101-d179 @A: 21 15 02 29 | 01
#0102-d179 @A: 35 31 13 24 | 11
#0103-d179 @A: 27 21 13 32 | 02
#0104-d179 @A: 32 13 33 34 | 03
#0105-d179 @A: 25 34 13 21 | 05
#0106-d179 @A: 13 29 32 14 | 06
#0107-d179 @A: 18 09 29 35 | 10
#0108-d179 @A: 24 21 35 18 | 08
#0109-d179 @A: 35 04 25 28 | 09
#0110-d179 @A: 24 01 29 35 | 07
#0111-d179 @A: 25 05 30 35 | 04
#0112-d179 @A: 29 30 21 35 | 12
#0113-d179 @A: 20 32 35 27 | 01
#0114-d179 @A: 17 33 35 34 | 11
#0115-d179 @A: 33 05 29 35 | 02
#0116-d179 @A: 05 12 01 35 | 03
#0117-d179 @A: 34 18 04 09 | 05
#0118-d179 @A: 18 12 03 28 | 06
#0119-d179 @A: 28 18 27 02 | 10
#0120-d179 @A: 28 01 20 18 | 08
#0121-d179 @A: 18 32 20 08 | 09
#0122-d179 @A: 12 02 18 29 | 07
#0123-d179 @A: 30 12 25 09 | 04
#0124-d179 @A: 20 09 30 01 | 12
#0125-d179 @A: 09 32 31 27 | 01
#0126-d179 @A: 33 34 09 14 | 11
#0127-d179 @A: 30 12 28 05 | 02
#0128-d179 @A: 20 17 34 28 | 03
#0129-d179 @A: 12 28 34 31 | 05
#0130-d179 @A: 21 01 08 28 | 06
#0131-d179 @A: 12 34 04 30 | 10
#0132-d179 @A: 03 29 24 27 | 08
#0133-d179 @A: 25 34 03 01 | 09
#0134-d179 @A: 05 14 03 32 | 07
#0135-d179 @A: 24 30 31 17 | 04
#0136-d179 @A: 05 24 27 14 | 12
#0137-d179 @A: 32 24 25 21 | 01
#0138-d179 @A: 32 24 02 21 | 11
#0139-d179 @A: 27 22 02 11 | 02
#0140-d179 @A: 22 11 32 05 | 03
#0141-d179 @A: 23 16 22 27 | 05
#0142-d179 @A: 10 16 22 08 | 06
#0143-d179 @A: 19 25 16 22 | 10
#0144-d179 @A: 16 17 22 06 | 08
#0145-d179 @A: 09 16 30 22 | 09
#0146-d179 @A: 30 07 18 22 | 07
#0147-d179 @A: 24 07 29 22 | 04
#0148-d179 @A: 10 15 22 27 | 12
#0149-d179 @A: 30 22 35 10 | 01
#0150-d179 @A: 04 22 35 06 | 11
#0151-d179 @A: 27 06 18 22 | 02
#0152-d179 @A: 14 08 06 22 | 03
#0153-d179 @A: 12 22 15 03 | 05
#0154-d179 @A: 13 22 03 32 | 06
#0155-d179 @A: 27 22 35 03 | 10
#0156-d179 @A: 22 29 30 01 | 08
#0157-d179 @A: 30 17 22 12 | 09
#0158-d179 @A: 20 22 34 27 | 07
#0159-d179 @A: 22 25 34 17 | 04
#0160-d179 @A: 32 22 25 12 | 12
#0161-d179 @A: 12 22 31 33 | 01
#0162-d179 @A: 23 16 30 11 | 11
#0163-d179 @A: 23 26 11 32 | 02
#0164-d179 @A: 23 04 11 29 | 03
#0165-d179 @A: 16 11 29 09 | 05
#0166-d179 @A: 20 05 16 11 | 06
#0167-d179 @A: 07 05 19 11 | 10
#0168-d179 @A: 15 11 33 07 | 08
#0169-d179 @A: 15 11 10 28 | 09
#0170-d179 @A: 11 06 27 13 | 07
#0171-d179 @A: 11 02 12 15 | 04
#0172-d179 @A: 13 09 21 11 | 12
#0173-d179 @A: 11 35 12 14 | 01
#0174-d179 @A: 32 18 28 11 | 11
#0175-d179 @A: 14 01 11 09 | 02
#0176-d179 @A: 04 25 02 11 | 03
#0177-d179 @A: 11 30 08 12 | 05
#0178-d179 @A: 20 11 32 29 | 06
#0179-d179 @A: 33 01 11 05 | 10
#0180-d179 @A: 25 11 31 20 | 08
#0181-d179 @A: 23 16 26 14 | 09
#0182-d179 @A: 10 28 21 23 | 07
#0183-d179 @A: 32 23 35 19 | 04
#0184-d179 @A: 24 23 08 19 | 12
#0185-d179 @A: 15 23 13 32 | 01
#0186-d179 @A: 12 15 23 35 | 11
#0187-d179 @A: 24 01 23 15 | 02
#0188-d179 @A: 23 28 13 20 | 03
#0189-d179 @A: 23 04 34 13 | 05
#0190-d179 @A: 23 12 35 02 | 06
#0191-d179 @A: 09 32 04 23 | 10
#0192-d179 @A: 23 03 21 09 | 08
#0193-d179 @A: 34 20 23 24 | 09
#0194-d179 @A: 25 23 34 30 | 07
#0195-d179 @A: 08 32 17 23 | 04
#0196-d179 @A: 02 23 01 25 | 12
#0197-d179 @A: 26 15 07 16 | 01
#0198-d179 @A: 14 16 27 07 | 11
#0199-d179 @A: 26 17 28 16 | 02
#0200-d179 @A: 16 33 15 13 | 03
#0201-d179 @A: 28 13 01 16 | 05
#0202-d179 @A: 35 04 16 30 | 06
#0203-d179 @A: 09 16 14 21 | 10
#0204-d179 @A: 02 16 20 09 | 08
#0205-d179 @A: 33 16 30 14 | 09
#0206-d179 @A: 32 05 16 33 | 07
#0207-d179 @A: 01 07 10 14 | 04
#0208-d179 @A: 06 07 15 14 | 12
#0209-d179 @A: 07 04 06 29 | 01
#0210-d179 @A: 07 09 12 15 | 11
#0211-d179 @A: 13 05 07 03 | 02
#0212-d179 @A: 18 07 17 33 | 03
#0213-d179 @A: 05 07 29 28 | 05
#0214-d179 @A: 31 34 30 07 | 06
#0215-d179 @A: 07 14 08 17 | 10
#0216-d179 @A: 31 02 07 20 | 08
#0217-d179 @A: 10 06 19 02 | 09
#0218-d179 @A: 14 30 19 10 | 07
#0219-d179 @A: 15 27 02 10 | 04
#0220-d179 @A: 10 13 09 34 | 12
#0221-d179 @A: 04 10 18 12 | 01
#0222-d179 @A: 10 28 27 31 | 11
#0223-d179 @A: 10 05 30 27 | 02
#0224-d179 @A: 10 33 30 34 | 03
#0225-d179 @A: 12 34 27 10 | 05
#0226-d179 @A: 21 31 10 17 | 06
#0227-d179 @A: 31 17 06 19 | 10
#0228-d179 @A: 30 34 35 19 | 08
#0229-d179 @A: 21 14 35 19 | 09
#0230-d179 @A: 09 19 29 32 | 07
#0231-d179 @A: 28 19 21 31 | 04
#0232-d179 @A: 33 05 24 19 | 12
#0233-d179 @A: 01 19 27 05 | 01
#0234-d179 @A: 29 14 19 12 | 11
#0235-d179 @A: 08 26 04 15 | 02
#0236-d179 @A: 21 24 26 15 | 03
#0237-d179 @A: 02 29 15 26 | 05
#0238-d179 @A: 21 13 18 26 | 06
#0239-d179 @A: 28 04 20 26 | 10
#0240-d179 @A: 34 30 26 01 | 08
#0241-d179 @A: 15 09 13 06 | 09
#0242-d179 @A: 15 12 18 06 | 07
#0243-d179 @A: 33 18 06 03 | 04
#0244-d179 @A: 06 31 24 28 | 12
#0245-d179 @A: 12 06 05 31 | 01
#0246-d179 @A: 17 14 06 01 | 11
#0247-d179 @A: 02 15 03 13 | 02
#0248-d179 @A: 15 09 30 29 | 03
#0249-d179 @A: 30 08 15 25 | 05
#0250-d179 @A: 20 15 21 30 | 06
#0251-d179 @A: 15 02 25 08 | 10
#0252-d179 @A: 18 02 13 33 | 08
#0253-d179 @A: 28 32 09 13 | 09
#0254-d179 @A: 05 13 33 27 | 07
#0255-d179 @A: 21 20 14 13 | 04
#0256-d179 @A: 03 18 35 32 | 12
#0257-d179 @A: 35 03 17 04 | 01
#0258-d179 @A: 14 04 35 34 | 11
#0259-d179 @A: 35 04 08 12 | 02
#0260-d179 @A: 08 27 34 35 | 03
#0261-d179 @A: 30 18 21 32 | 05
#0262-d179 @A: 09 12 31 03 | 06
#0263-d179 @A: 09 34 01 08 | 10
#0264-d179 @A: 03 34 28 04 | 08
#0265-d179 @A: 30 04 31 32 | 09
#0266-d179 @A: 01 04 30 05 | 07
#0267-d179 @A: 08 21 02 04 | 04
#0268-d179 @A: 17 31 05 04 | 12
#0269-d179 @A: 27 14 34 03 | 01
#0270-d179 @A: 33 02 03 25 | 11
#0271-d179 @A: 03 29 21 20 | 02
#0272-d179 @A: 08 24 21 14 | 03
#0273-d179 @A: 21 17 24 20 | 05
#0274-d179 @A: 02 08 17 30 | 06
#0275-d179 @A: 20 17 30 02 | 10
#0276-d179 @A: 23 22 07 25 | 08
#0277-d179 @A: 23 22 20 09 | 09
#0278-d179 @A: 24 31 22 23 | 07
#0279-d179 @A: 16 14 22 28 | 04
#0280-d179 @A: 25 02 16 22 | 12
#0281-d179 @A: 20 22 10 26 | 01
#0282-d179 @A: 19 09 22 05 | 11
#0283-d179 @A: 04 26 25 22 | 02
#0284-d179 @A: 22 02 14 06 | 03
#0285-d179 @A: 35 22 18 01 | 05
#0286-d179 @A: 34 28 33 22 | 06
#0287-d179 @A: 22 34 30 32 | 10
#0288-d179 @A: 01 22 14 27 | 08
#0289-d179 @A: 31 22 34 02 | 09
#0290-d179 @A: 17 22 14 21 | 07
#0291-d179 @A: 10 18 16 11 | 04
#0292-d179 @A: 32 06 11 16 | 12
#0293-d179 @A: 03 31 16 11 | 01
#0294-d179 @A: 16 25 11 14 | 11
#0295-d179 @A: 10 27 11 04 | 02
#0296-d179 @A: 11 19 30 15 | 03
#0297-d179 @A: 19 13 11 04 | 05
#0298-d179 @A: 28 11 27 26 | 06
#0299-d179 @A: 11 05 24 26 | 10
#0300-d179 @A: 09 04 15 11 | 08
#0301-d179 @A: 05 11 28 04 | 09
#0302-d179 @A: 20 08 27 11 | 07
#0303-d179 @A: 33 11 31 34 | 04
#0304-d179 @A: 16 23 12 19 | 12
#0305-d179 @A: 23 03 17 10 | 01
#0306-d179 @A: 05 13 23 19 | 11
#0307-d179 @A: 19 33 09 23 | 02
#0308-d179 @A: 13 23 26 31 | 03
#0309-d179 @A: 28 23 06 25 | 05
#0310-d179 @A: 09 35 17 23 | 06
#0311-d179 @A: 14 35 03 23 | 10
#0312-d179 @A: 23 18 28 17 | 08
#0313-d179 @A: 27 23 03 18 | 09
#0314-d179 @A: 23 30 12 21 | 07
#0315-d179 @A: 32 23 21 05 | 04
#0316-d179 @A: 10 05 16 07 | 12
#0317-d179 @A: 31 35 07 16 | 01
#0318-d179 @A: 26 13 16 02 | 11
#0319-d179 @A: 26 03 29 16 | 02
#0320-d179 @A: 16 27 26 21 | 03
#0321-d179 @A: 20 16 15 18 | 05
#0322-d179 @A: 31 16 09 13 | 06
#0323-d179 @A: 17 16 18 04 | 10
#0324-d179 @A: 20 16 30 28 | 08
#0325-d179 @A: 27 33 16 08 | 09
#0326-d179 @A: 34 16 21 05 | 07
#0327-d179 @A: 16 12 31 32 | 04
#0328-d179 @A: 29 16 17 21 | 12
#0329-d179 @A: 10 07 08 06 | 01
#0330-d179 @A: 07 18 32 19 | 11
#0331-d179 @A: 30 19 24 07 | 02
#0332-d179 @A: 07 15 35 01 | 03
#0333-d179 @A: 15 28 07 17 | 05
#0334-d179 @A: 15 07 20 08 | 06
#0335-d179 @A: 04 13 07 17 | 10
#0336-d179 @A: 35 07 24 17 | 08
#0337-d179 @A: 33 25 09 07 | 09
#0338-d179 @A: 28 07 31 04 | 07
#0339-d179 @A: 02 14 27 07 | 04
#0340-d179 @A: 29 07 25 32 | 12
#0341-d179 @A: 08 33 07 01 | 01
#0342-d179 @A: 12 17 07 20 | 11
#0343-d179 @A: 08 10 03 19 | 02
#0344-d179 @A: 26 24 10 08 | 03
#0345-d179 @A: 08 10 15 13 | 05
#0346-d179 @A: 12 13 10 28 | 06
#0347-d179 @A: 04 35 10 29 | 10
#0348-d179 @A: 09 10 28 25 | 08
#0349-d179 @A: 28 10 14 02 | 09
#0350-d179 @A: 10 20 05 34 | 07
#0351-d179 @A: 21 02 10 34 | 04
#0352-d179 @A: 25 01 10 20 | 12
#0353-d179 @A: 18 19 08 13 | 01
#0354-d179 @A: 19 02 08 13 | 11
#0355-d179 @A: 35 28 19 05 | 02
#0356-d179 @A: 20 19 27 14 | 03
#0357-d179 @A: 29 05 19 34 | 05
#0358-d179 @A: 08 19 31 05 | 06
#0359-d179 @A: 04 06 31 26 | 10
#0360-d179 @A: 21 06 03 26 | 08
#0361-d179 @A: 26 24 13 27 | 09
#0362-d179 @A: 20 32 30 26 | 07
#0363-d179 @A: 26 32 14 08 | 04
#0364-d179 @A: 26 05 31 01 | 12
#0365-d179 @A: 02 26 17 33 | 01
#0366-d179 @A: 29 26 25 14 | 11
#0367-d179 @A: 25 12 20 26 | 02
#0368-d179 @A: 17 15 06 35 | 03
#0369-d179 @A: 06 28 21 13 | 05
#0370-d179 @A: 06 35 02 04 | 06
#0371-d179 @A: 06 03 35 12 | 10
#0372-d179 @A: 09 14 06 18 | 08
#0373-d179 @A: 18 06 17 21 | 09
#0374-d179 @A: 33 09 06 24 | 07
#0375-d179 @A: 21 08 06 09 | 04
#0376-d179 @A: 17 06 32 05 | 12
#0377-d179 @A: 25 06 12 17 | 01
#0378-d179 @A: 15 18 01 13 | 11
#0379-d179 @A: 34 05 15 02 | 02
#0380-d179 @A: 08 32 15 31 | 03
#0381-d179 @A: 20 12 15 31 | 05
#0382-d179 @A: 29 13 04 18 | 06
#0383-d179 @A: 05 03 09 35 | 10
#0384-d179 @A: 02 14 01 35 | 08
#0385-d179 @A: 12 31 35 29 | 09
#0386-d179 @A: 18 31 30 27 | 07
#0387-d179 @A: 33 18 12 30 | 04
#0388-d179 @A: 18 17 34 12 | 12
#0389-d179 @A: 09 01 28 27 | 01
#0390-d179 @A: 09 33 02 28 | 11
#0391-d179 @A: 09 04 03 27 | 02
#0392-d179 @A: 09 27 25 14 | 03
#0393-d179 @A: 09 32 08 12 | 05
#0394-d179 @A: 09 20 14 12 | 06
#0395-d179 @A: 01 12 09 29 | 10
#0396-d179 @A: 25 30 17 28 | 08
#0397-d179 @A: 28 20 27 21 | 09
#0398-d179 @A: 08 32 28 34 | 07
#0399-d179 @A: 28 25 33 08 | 04
#0400-d179 @A: 05 01 28 02 | 12
#0401-d179 @A: 01 29 17 28 | 01
#0402-d179 @A: 08 17 01 04 | 11
#0403-d179 @A: 29 04 21 25 | 02
#0404-d179 @A: 24 32 03 34 | 03
#0405-d179 @A: 12 03 14 33 | 05
#0406-d179 @A: 03 01 17 31 | 06
#0407-d179 @A: 03 31 02 17 | 10
#0408-d179 @A: 30 29 08 24 | 08
#0409-d179 @A: 25 27 24 20 | 09
#0410-d179 @A: 31 33 32 24 | 07
#0411-d179 @A: 05 31 20 24 | 04
#0412-d179 @A: 17 25 33 24 | 12
#0413-d179 @A: 02 27 33 31 | 01
#0414-d179 @A: 25 32 14 02 | 11
#0415-d179 @A: 07 12 11 22 | 02
#0416-d179 @A: 11 28 29 22 | 03
#0417-d179 @A: 30 23 28 22 | 05
#0418-d179 @A: 22 19 32 20 | 06
#0419-d179 @A: 08 18 26 22 | 10
#0420-d179 @A: 32 24 22 26 | 08
#0421-d179 @A: 22 26 12 05 | 09
#0422-d179 @A: 22 06 34 09 | 07
#0423-d179 @A: 09 29 03 22 | 04
#0424-d179 @A: 28 24 01 22 | 12
#0425-d179 @A: 29 22 31 17 | 01
#0426-d179 @A: 05 23 09 11 | 11
#0427-d179 @A: 16 11 28 12 | 02
#0428-d179 @A: 11 29 19 26 | 03
#0429-d179 @A: 24 14 19 11 | 05
#0430-d179 @A: 25 11 19 08 | 06
#0431-d179 @A: 19 29 02 11 | 10
#0432-d179 @A: 31 11 15 26 | 08
#0433-d179 @A: 17 13 26 11 | 09
#0434-d179 @A: 14 11 28 06 | 07
#0435-d179 @A: 02 06 11 33 | 04
#0436-d179 @A: 15 11 01 17 | 12
#0437-d179 @A: 27 35 11 29 | 01
#0438-d179 @A: 11 02 24 31 | 11
#0439-d179 @A: 11 21 25 30 | 02
#0440-d179 @A: 23 03 16 24 | 03
#0441-d179 @A: 26 07 08 23 | 05
#0442-d179 @A: 30 07 17 23 | 06
#0443-d179 @A: 07 23 33 14 | 10
#0444-d179 @A: 28 23 14 19 | 08
#0445-d179 @A: 23 29 03 19 | 09
#0446-d179 @A: 23 17 19 21 | 07
#0447-d179 @A: 30 13 23 06 | 04
#0448-d179 @A: 08 29 28 23 | 12
#0449-d179 @A: 23 27 31 33 | 01
#0450-d179 @A: 05 33 23 34 | 11
#0451-d179 @A: 31 23 21 20 | 02
#0452-d179 @A: 06 07 20 16 | 03
#0453-d179 @A: 34 28 10 16 | 05
#0454-d179 @A: 29 24 10 16 | 06
#0455-d179 @A: 10 02 08 16 | 10
#0456-d179 @A: 15 01 31 16 | 08
#0457-d179 @A: 28 16 25 31 | 09
#0458-d179 @A: 16 03 21 02 | 07
#0459-d179 @A: 16 27 29 32 | 04
#0460-d179 @A: 14 16 34 31 | 12
#0461-d179 @A: 21 12 08 16 | 01
#0462-d179 @A: 17 20 01 16 | 11
#0463-d179 @A: 07 10 25 26 | 02
#0464-d179 @A: 07 28 35 10 | 03
#0465-d179 @A: 07 19 13 31 | 05
#0466-d179 @A: 07 04 19 20 | 06
#0467-d179 @A: 27 07 26 35 | 10
#0468-d179 @A: 07 26 03 31 | 08
#0469-d179 @A: 07 18 12 13 | 09
#0470-d179 @A: 24 28 21 07 | 07
#0471-d179 @A: 20 34 14 07 | 04
#0472-d179 @A: 07 08 25 05 | 12
#0473-d179 @A: 12 19 10 15 | 01
#0474-d179 @A: 10 19 24 17 | 11
#0475-d179 @A: 31 10 29 19 | 02
#0476-d179 @A: 03 10 26 30 | 03
#0477-d179 @A: 06 10 20 15 | 05
#0478-d179 @A: 10 06 04 13 | 06
#0479-d179 @A: 10 06 31 03 | 10
#0480-d179 @A: 20 13 27 10 | 08
#0481-d179 @A: 10 09 24 01 | 09
#0482-d179 @A: 04 05 21 10 | 07
#0483-d179 @A: 29 30 10 25 | 04
#0484-d179 @A: 17 34 10 01 | 12
#0485-d179 @A: 33 25 10 21 | 01
#0486-d179 @A: 20 15 19 35 | 11
#0487-d179 @A: 28 15 19 08 | 02
#0488-d179 @A: 32 12 19 13 | 03
#0489-d179 @A: 18 30 09 19 | 05
#0490-d179 @A: 02 28 24 19 | 06
#0491-d179 @A: 24 01 19 04 | 10
#0492-d179 @A: 19 12 04 25 | 08
#0493-d179 @A: 19 17 20 30 | 09
#0494-d179 @A: 08 27 32 19 | 07
#0495-d179 @A: 33 08 20 19 | 04
#0496-d179 @A: 08 14 01 19 | 12
#0497-d179 @A: 19 05 14 17 | 01
#0498-d179 @A: 12 20 05 19 | 11
#0499-d179 @A: 26 06 05 13 | 02
#0500-d179 @A: 28 06 01 26 | 03
#0501-d179 @A: 15 26 13 34 | 05
#0502-d179 @A: 32 33 15 26 | 06
#0503-d179 @A: 35 26 12 30 | 10
#0504-d179 @A: 26 03 24 18 | 08
#0505-d179 @A: 31 26 24 09 | 09
#0506-d179 @A: 26 08 28 05 | 07
#0507-d179 @A: 12 26 27 04 | 04
#0508-d179 @A: 26 17 31 20 | 12
#0509-d179 @A: 31 06 18 35 | 01
#0510-d179 @A: 30 06 03 04 | 11
#0511-d179 @A: 06 33 30 01 | 02
#0512-d179 @A: 20 06 05 27 | 03
#0513-d179 @A: 34 25 06 32 | 05
#0514-d179 @A: 29 06 32 08 | 06
#0515-d179 @A: 31 15 03 35 | 10
#0516-d179 @A: 15 30 18 04 | 08
#0517-d179 @A: 27 15 18 32 | 09
#0518-d179 @A: 28 15 20 09 | 07
#0519-d179 @A: 27 21 15 09 | 04
#0520-d179 @A: 28 29 15 24 | 12
#0521-d179 @A: 15 05 28 27 | 01
#0522-d179 @A: 25 15 31 27 | 11
#0523-d179 @A: 32 15 14 25 | 02
#0524-d179 @A: 05 24 13 28 | 03
#0525-d179 @A: 01 12 13 34 | 05
#0526-d179 @A: 02 08 13 05 | 06
#0527-d179 @A: 13 12 21 02 | 10
#0528-d179 @A: 18 35 05 04 | 08
#0529-d179 @A: 20 33 35 18 | 09
#0530-d179 @A: 30 03 35 28 | 07
#0531-d179 @A: 02 30 35 21 | 04
#0532-d179 @A: 25 35 01 27 | 12
#0533-d179 @A: 20 12 35 21 | 01
#0534-d179 @A: 03 01 18 09 | 11
#0535-d179 @A: 17 18 08 30 | 02
#0536-d179 @A: 25 14 18 30 | 03
#0537-d179 @A: 34 27 18 33 | 05
#0538-d179 @A: 12 32 18 29 | 06
#0539-d179 @A: 24 08 04 09 | 10
#0540-d179 @A: 24 12 34 09 | 08
#0541-d179 @A: 32 09 17 14 | 09
#0542-d179 @A: 17 20 09 08 | 07
#0543-d179 @A: 24 32 17 28 | 04
#0544-d179 @A: 20 21 34 04 | 12
#0545-d179 @A: 20 04 01 14 | 01
#0546-d179 @A: 24 05 03 21 | 11
#0547-d179 @A: 30 03 08 34 | 02
#0548-d179 @A: 27 31 20 03 | 03
#0549-d179 @A: 33 29 34 03 | 05
#0550-d179 @A: 20 03 25 32 | 06
#0551-d179 @A: 21 32 12 03 | 10
#0552-d179 @A: 03 25 14 21 | 08
#0553-d179 @A: 24 01 30 12 | 09
#0554-d179 @A: 01 30 02 24 | 07
#0555-d179 @A: 14 30 02 34 | 04
#0556-d179 @A: 27 17 29 02 | 12
#0557-d179 @A: 33 20 21 02 | 01
#0558-d179 @A: 22 23 21 11 | 11
#0559-d179 @A: 13 23 18 22 | 02
#0560-d179 @A: 33 03 23 22 | 03
#0561-d179 @A: 26 22 16 34 | 05
#0562-d179 @A: 02 22 18 07 | 06
#0563-d179 @A: 22 19 35 02 | 10
#0564-d179 @A: 01 26 22 03 | 08
#0565-d179 @A: 31 22 20 06 | 09
#0566-d179 @A: 15 22 35 14 | 07
#0567-d179 @A: 34 15 22 18 | 04
#0568-d179 @A: 15 22 09 17 | 12
#0569-d179 @A: 15 29 22 32 | 01
#0570-d179 @A: 24 22 35 25 | 11
#0571-d179 @A: 34 24 04 22 | 02
#0572-d179 @A: 22 27 21 25 | 03
#0573-d179 @A: 08 32 01 22 | 05
#0574-d179 @A: 22 20 33 21 | 06
#0575-d179 @A: 31 22 25 14 | 10
#0576-d179 @A: 01 16 11 19 | 08
#0577-d179 @A: 13 11 16 34 | 09
#0578-d179 @A: 10 29 11 07 | 07
#0579-d179 @A: 07 11 34 09 | 04
#0580-d179 @A: 07 11 28 20 | 12
#0581-d179 @A: 11 04 01 07 | 01
#0582-d179 @A: 24 25 11 07 | 11
#0583-d179 @A: 30 19 02 11 | 02
#0584-d179 @A: 20 11 19 21 | 03
#0585-d179 @A: 11 30 06 24 | 05
#0586-d179 @A: 13 11 32 25 | 06
#0587-d179 @A: 11 13 05 31 | 10
#0588-d179 @A: 32 30 17 11 | 08
#0589-d179 @A: 12 27 11 31 | 09
#0590-d179 @A: 23 10 16 20 | 07
#0591-d179 @A: 16 29 06 23 | 04
#0592-d179 @A: 25 35 23 16 | 12
#0593-d179 @A: 23 12 04 07 | 01
#0594-d179 @A: 02 26 10 23 | 11
#0595-d179 @A: 27 23 06 19 | 02
#0596-d179 @A: 23 19 04 30 | 03
#0597-d179 @A: 02 23 27 19 | 05
#0598-d179 @A: 06 03 08 23 | 06
#0599-d179 @A: 30 15 23 03 | 10
#0600-d179 @A: 23 33 13 35 | 08
#0601-d179 @A: 23 32 29 30 | 09
#0602-d179 @A: 14 21 23 27 | 07
#0603-d179 @A: 01 23 21 34 | 04
#0604-d179 @A: 29 02 23 05 | 12
#0605-d179 @A: 13 07 30 16 | 01
#0606-d179 @A: 13 10 25 16 | 11
#0607-d179 @A: 09 33 16 10 | 02
#0608-d179 @A: 35 17 16 19 | 03
#0609-d179 @A: 16 04 27 19 | 05
#0610-d179 @A: 04 19 16 02 | 06
#0611-d179 @A: 16 31 24 19 | 10
#0612-d179 @A: 20 16 26 35 | 08
#0613-d179 @A: 09 12 16 26 | 09
#0614-d179 @A: 24 16 26 01 | 07
#0615-d179 @A: 06 02 16 31 | 04
#0616-d179 @A: 13 24 16 20 | 12
#0617-d179 @A: 33 03 35 16 | 01
#0618-d179 @A: 30 16 18 24 | 11
#0619-d179 @A: 34 09 16 03 | 02
#0620-d179 @A: 02 24 34 16 | 03
#0621-d179 @A: 21 30 31 16 | 05
#0622-d179 @A: 20 31 16 08 | 06
#0623-d179 @A: 07 03 10 27 | 10
#0624-d179 @A: 06 32 26 07 | 08
#0625-d179 @A: 03 07 04 33 | 09
#0626-d179 @A: 33 07 31 05 | 07
#0627-d179 @A: 05 07 02 17 | 04
#0628-d179 @A: 01 07 21 17 | 12
#0629-d179 @A: 06 05 19 10 | 01
#0630-d179 @A: 10 19 25 18 | 11
#0631-d179 @A: 10 26 35 01 | 02
#0632-d179 @A: 10 32 15 30 | 03
#0633-d179 @A: 13 17 10 30 | 05
#0634-d179 @A: 09 21 35 10 | 06
#0635-d179 @A: 35 14 24 10 | 10
#0636-d179 @A: 10 34 18 03 | 08
#0637-d179 @A: 25 31 12 10 | 09
#0638-d179 @A: 31 19 26 35 | 07
#0639-d179 @A: 19 03 25 26 | 04
#0640-d179 @A: 04 06 19 21 | 12
#0641-d179 @A: 21 19 02 09 | 01
#0642-d179 @A: 29 27 19 30 | 11
#0643-d179 @A: 12 19 30 31 | 02
#0644-d179 @A: 12 26 06 24 | 03
#0645-d179 @A: 27 06 08 26 | 05
#0646-d179 @A: 26 25 13 28 | 06
#0647-d179 @A: 18 27 25 26 | 10
#0648-d179 @A: 26 02 28 25 | 08
#0649-d179 @A: 14 26 30 27 | 09
#0650-d179 @A: 33 27 20 26 | 07
#0651-d179 @A: 26 33 31 21 | 04
#0652-d179 @A: 25 17 01 26 | 12
#0653-d179 @A: 34 06 21 35 | 01
#0654-d179 @A: 32 06 35 33 | 11
#0655-d179 @A: 09 32 01 06 | 02
#0656-d179 @A: 28 04 17 06 | 03
#0657-d179 @A: 06 34 17 30 | 05
#0658-d179 @A: 12 32 06 30 | 06
#0659-d179 @A: 29 30 05 06 | 10
#0660-d179 @A: 29 01 06 27 | 08
#0661-d179 @A: 08 17 33 06 | 09
#0662-d179 @A: 15 17 13 03 | 07
#0663-d179 @A: 03 14 18 15 | 04
#0664-d179 @A: 25 09 01 15 | 12
#0665-d179 @A: 15 21 33 28 | 01
#0666-d179 @A: 34 14 15 08 | 11
#0667-d179 @A: 21 08 15 05 | 02
#0668-d179 @A: 17 35 13 28 | 03
#0669-d179 @A: 03 08 09 13 | 05
#0670-d179 @A: 05 21 13 30 | 06
#0671-d179 @A: 13 20 34 29 | 10
#0672-d179 @A: 01 08 13 20 | 08
#0673-d179 @A: 13 05 25 01 | 09
#0674-d179 @A: 20 24 35 09 | 07
#0675-d179 @A: 32 04 35 24 | 04
#0676-d179 @A: 35 02 34 03 | 12
#0677-d179 @A: 21 05 35 27 | 01
#0678-d179 @A: 17 12 35 27 | 11
#0679-d179 @A: 35 32 01 14 | 02
#0680-d179 @A: 01 35 33 21 | 03
#0681-d179 @A: 24 25 09 18 | 05
#0682-d179 @A: 20 27 12 18 | 06
#0683-d179 @A: 18 34 02 25 | 10
#0684-d179 @A: 31 33 18 01 | 08
#0685-d179 @A: 01 21 12 18 | 09
#0686-d179 @A: 28 03 24 09 | 07
#0687-d179 @A: 14 29 09 04 | 04
#0688-d179 @A: 30 05 09 17 | 12
#0689-d179 @A: 29 08 05 09 | 01
#0690-d179 @A: 17 25 21 09 | 11
#0691-d179 @A: 30 31 29 28 | 02
#0692-d179 @A: 08 14 27 28 | 03
#0693-d179 @A: 01 32 28 31 | 05
#0694-d179 @A: 12 20 08 28 | 06
#0695-d179 @A: 12 33 01 28 | 10
#0696-d179 @A: 20 30 29 04 | 08
#0697-d179 @A: 31 34 04 29 | 09
#0698-d179 @A: 03 31 24 14 | 07
#0699-d179 @A: 27 30 03 02 | 04
#0700-d179 @A: 30 03 29 17 | 12
#0701-d179 @A: 17 03 08 25 | 01
#0702-d179 @A: 24 01 31 27 | 11
#0703-d179 @A: 02 29 32 30 | 02
#0704-d179 @A: 01 27 12 02 | 03
#0705-d179 @A: 15 11 22 25 | 05
#0706-d179 @A: 18 11 31 22 | 06
#0707-d179 @A: 17 11 22 03 | 10
#0708-d179 @A: 19 22 23 26 | 08
#0709-d179 @A: 27 07 13 22 | 09
#0710-d179 @A: 34 29 22 10 | 07
#0711-d179 @A: 33 22 19 06 | 04
#0712-d179 @A: 22 06 05 15 | 12
#0713-d179 @A: 01 22 13 06 | 01
#0714-d179 @A: 08 33 22 35 | 11
#0715-d179 @A: 04 22 18 32 | 02
#0716-d179 @A: 24 22 27 30 | 03
#0717-d179 @A: 33 22 05 30 | 05
#0718-d179 @A: 12 27 22 08 | 06
#0719-d179 @A: 22 34 05 08 | 10
#0720-d179 @A: 33 14 32 22 | 08
#0721-d179 @A: 32 20 02 22 | 09
#0722-d179 @A: 31 32 22 21 | 07
#0723-d179 @A: 25 33 01 22 | 04
#0724-d179 @A: 28 33 23 11 | 12
#0725-d179 @A: 17 11 07 16 | 01
#0726-d179 @A: 16 11 26 04 | 11
#0727-d179 @A: 26 20 11 09 | 02
#0728-d179 @A: 13 15 20 11 | 03
#0729-d179 @A: 15 12 11 24 | 05
#0730-d179 @A: 17 31 11 35 | 06
#0731-d179 @A: 18 11 14 02 | 10
#0732-d179 @A: 11 30 34 20 | 08
#0733-d179 @A: 27 34 11 32 | 09
#0734-d179 @A: 14 17 11 27 | 07
#0735-d179 @A: 01 11 21 27 | 04
#0736-d179 @A: 01 08 11 02 | 12
#0737-d179 @A: 20 33 14 11 | 01
#0738-d179 @A: 23 16 31 18 | 11
#0739-d179 @A: 16 33 23 21 | 02
#0740-d179 @A: 28 34 07 23 | 03
#0741-d179 @A: 26 23 12 10 | 05
#0742-d179 @A: 24 30 10 23 | 06
#0743-d179 @A: 23 21 26 29 | 10
#0744-d179 @A: 23 18 29 05 | 08
#0745-d179 @A: 31 04 02 23 | 09
#0746-d179 @A: 07 32 16 28 | 07
#0747-d179 @A: 26 16 10 31 | 04
#0748-d179 @A: 12 10 16 30 | 12
#0749-d179 @A: 33 06 12 16 | 01
#0750-d179 @A: 32 09 16 15 | 11
#0751-d179 @A: 13 04 16 32 | 02
#0752-d179 @A: 13 27 03 16 | 03
#0753-d179 @A: 05 28 03 16 | 05
#0754-d179 @A: 04 24 16 25 | 06
#0755-d179 @A: 14 20 16 32 | 10
#0756-d179 @A: 10 19 07 21 | 08
#0757-d179 @A: 07 19 08 35 | 09
#0758-d179 @A: 07 26 24 20 | 07
#0759-d179 @A: 07 06 30 35 | 04
#0760-d179 @A: 15 07 32 04 | 12
#0761-d179 @A: 05 30 15 07 | 01
#0762-d179 @A: 18 14 35 07 | 11
#0763-d179 @A: 07 09 18 31 | 02
#0764-d179 @A: 08 09 07 28 | 03
#0765-d179 @A: 31 20 07 32 | 05
#0766-d179 @A: 13 10 35 19 | 06
#0767-d179 @A: 06 34 10 26 | 10
#0768-d179 @A: 26 33 18 10 | 08
#0769-d179 @A: 09 10 05 26 | 09
#0770-d179 @A: 28 10 33 06 | 07
#0771-d179 @A: 32 18 10 01 | 04
#0772-d179 @A: 10 24 02 05 | 12
#0773-d179 @A: 27 25 08 10 | 01
#0774-d179 @A: 10 29 05 01 | 11
#0775-d179 @A: 30 08 26 19 | 02
#0776-d179 @A: 13 19 15 14 | 03
#0777-d179 @A: 15 19 24 32 | 05
#0778-d179 @A: 13 27 09 19 | 06
#0779-d179 @A: 03 19 24 13 | 10
#0780-d179 @A: 04 17 09 19 | 08
#0781-d179 @A: 28 20 19 03 | 09
#0782-d179 @A: 20 19 34 25 | 07
#0783-d179 @A: 02 34 25 19 | 04
#0784-d179 @A: 17 19 33 32 | 12
#0785-d179 @A: 06 26 15 25 | 01
#0786-d179 @A: 06 35 14 26 | 11
#0787-d179 @A: 26 20 06 18 | 02
#0788-d179 @A: 05 26 35 15 | 03
#0789-d179 @A: 25 32 26 09 | 05
#0790-d179 @A: 02 12 26 09 | 06
#0791-d179 @A: 26 03 33 28 | 10
#0792-d179 @A: 34 21 26 28 | 08
#0793-d179 @A: 14 26 03 20 | 09
#0794-d179 @A: 30 25 31 26 | 07
#0795-d179 @A: 31 32 26 34 | 04
#0796-d179 @A: 32 01 26 29 | 12
#0797-d179 @A: 05 14 26 21 | 01
#0798-d179 @A: 15 32 06 03 | 11
#0799-d179 @A: 06 24 27 15 | 02
#0800-d179 @A: 06 27 04 32 | 03
#0801-d179 @A: 18 24 15 08 | 05
#0802-d179 @A: 24 09 15 05 | 06
#0803-d179 @A: 17 24 02 15 | 10
#0804-d179 @A: 15 27 08 01 | 08
#0805-d179 @A: 33 25 34 15 | 09
#0806-d179 @A: 20 01 15 33 | 07
#0807-d179 @A: 13 01 04 35 | 04
#0808-d179 @A: 13 30 24 09 | 12
#0809-d179 @A: 30 08 13 32 | 01
#0810-d179 @A: 13 17 27 31 | 11
#0811-d179 @A: 32 20 13 05 | 02
#0812-d179 @A: 01 17 13 32 | 03
#0813-d179 @A: 08 31 13 29 | 05
#0814-d179 @A: 17 12 33 13 | 06
#0815-d179 @A: 25 17 13 14 | 10
#0816-d179 @A: 01 20 34 35 | 08
#0817-d179 @A: 32 35 25 08 | 09
#0818-d179 @A: 35 32 17 21 | 07
#0819-d179 @A: 35 33 14 25 | 04
#0820-d179 @A: 18 02 04 24 | 12
#0821-d179 @A: 34 18 31 20 | 01
#0822-d179 @A: 14 17 20 18 | 11
#0823-d179 @A: 33 09 28 29 | 02
#0824-d179 @A: 09 08 27 30 | 03
#0825-d179 @A: 17 27 29 09 | 05
#0826-d179 @A: 12 32 28 14 | 06
#0827-d179 @A: 25 14 01 28 | 10
#0828-d179 @A: 12 21 25 28 | 08
#0829-d179 @A: 02 04 05 03 | 09
#0830-d179 @A: 14 04 30 17 | 07
#0831-d179 @A: 27 08 04 31 | 04
#0832-d179 @A: 04 29 27 05 | 12
#0833-d179 @A: 03 30 31 05 | 01
#0834-d179 @A: 01 03 30 14 | 11
#0835-d179 @A: 30 12 20 03 | 02
#0836-d179 @A: 21 03 33 08 | 03
#0837-d179 @A: 03 33 17 20 | 05
#0838-d179 @A: 32 24 30 14 | 06
#0839-d179 @A: 27 24 34 21 | 10
#0840-d179 @A: 34 24 17 29 | 08
#0841-d179 @A: 25 14 24 12 | 09
#0842-d179 @A: 22 14 26 11 | 07
#0843-d179 @A: 24 20 22 11 | 04
#0844-d179 @A: 23 04 05 22 | 12
#0845-d179 @A: 07 33 22 10 | 01
#0846-d179 @A: 10 22 21 24 | 11
#0847-d179 @A: 24 22 19 12 | 02
#0848-d179 @A: 29 06 26 22 | 03
#0849-d179 @A: 32 22 15 02 | 05
#0850-d179 @A: 22 09 13 25 | 06
#0851-d179 @A: 18 03 22 05 | 10
#0852-d179 @A: 24 14 09 22 | 08
#0853-d179 @A: 02 22 09 30 | 09
#0854-d179 @A: 22 29 21 08 | 07
#0855-d179 @A: 22 01 21 05 | 04
#0856-d179 @A: 23 11 27 07 | 12
#0857-d179 @A: 03 11 01 23 | 01
#0858-d179 @A: 24 21 11 16 | 11
#0859-d179 @A: 10 02 11 03 | 02
#0860-d179 @A: 10 11 31 32 | 03
#0861-d179 @A: 02 11 35 26 | 05
#0862-d179 @A: 09 17 11 06 | 06
#0863-d179 @A: 06 11 21 12 | 10
#0864-d179 @A: 11 35 15 34 | 08
#0865-d179 @A: 28 24 11 08 | 09
#0866-d179 @A: 11 17 04 34 | 07
#0867-d179 @A: 29 31 14 11 | 04
#0868-d179 @A: 11 29 17 12 | 12
#0869-d179 @A: 16 15 23 28 | 01
#0870-d179 @A: 18 20 19 23 | 11
#0871-d179 @A: 25 13 03 23 | 02
#0872-d179 @A: 31 30 35 23 | 03
#0873-d179 @A: 18 23 12 09 | 05
#0874-d179 @A: 03 23 31 04 | 06
#0875-d179 @A: 25 04 23 17 | 10
#0876-d179 @A: 08 23 30 05 | 08
#0877-d179 @A: 23 01 32 33 | 09
#0878-d179 @A: 32 14 23 31 | 07
#0879-d179 @A: 33 20 23 25 | 04
#0880-d179 @A: 17 33 23 29 | 12
#0881-d179 @A: 23 14 21 02 | 01
#0882-d179 @A: 24 16 07 33 | 11
#0883-d179 @A: 19 05 15 16 | 02
#0884-d179 @A: 16 09 19 08 | 03
#0885-d179 @A: 28 19 16 33 | 05
#0886-d179 @A: 35 28 16 21 | 06
#0887-d179 @A: 32 03 16 17 | 10
#0888-d179 @A: 34 16 30 29 | 08
#0889-d179 @A: 34 27 25 16 | 09
#0890-d179 @A: 07 26 19 33 | 07
#0891-d179 @A: 27 15 19 07 | 04
#0892-d179 @A: 25 06 18 07 | 12
#0893-d179 @A: 07 09 02 15 | 01
#0894-d179 @A: 13 07 09 20 | 11
#0895-d179 @A: 21 03 35 07 | 02
#0896-d179 @A: 28 07 27 25 | 03
#0897-d179 @A: 04 14 07 24 | 05
#0898-d179 @A: 07 08 24 02 | 06
#0899-d179 @A: 31 07 21 27 | 10
#0900-d179 @A: 07 20 33 29 | 08
#0901-d179 @A: 12 14 07 31 | 09
#0902-d179 @A: 31 07 25 17 | 07
#0903-d179 @A: 31 29 07 01 | 04
#0904-d179 @A: 10 01 06 12 | 12
#0905-d179 @A: 31 15 24 10 | 01
#0906-d179 @A: 03 21 13 10 | 11
#0907-d179 @A: 10 35 08 17 | 02
#0908-d179 @A: 02 04 10 09 | 03
#0909-d179 @A: 14 28 04 10 | 05
#0910-d179 @A: 10 30 31 20 | 06
#0911-d179 @A: 10 30 21 01 | 10
#0912-d179 @A: 27 14 32 10 | 08
#0913-d179 @A: 33 01 27 10 | 09
#0914-d179 @A: 08 12 10 29 | 07
#0915-d179 @A: 17 14 10 33 | 04
#0916-d179 @A: 09 19 01 26 | 12
#0917-d179 @A: 19 24 34 26 | 01
#0918-d179 @A: 06 18 01 19 | 11
#0919-d179 @A: 19 13 28 29 | 02
#0920-d179 @A: 25 19 30 01 | 03
#0921-d179 @A: 17 19 27 25 | 05
#0922-d179 @A: 19 25 05 21 | 06
#0923-d179 @A: 26 17 27 34 | 10
#0924-d179 @A: 05 26 34 25 | 08
#0925-d179 @A: 34 26 14 12 | 09
#0926-d179 @A: 26 20 34 02 | 07
#0927-d179 @A: 29 35 13 06 | 04
#0928-d179 @A: 06 04 09 12 | 12
#0929-d179 @A: 05 04 24 06 | 01
#0930-d179 @A: 31 14 06 30 | 11
#0931-d179 @A: 34 20 33 06 | 02
#0932-d179 @A: 34 06 29 12 | 03
#0933-d179 @A: 06 02 32 08 | 05
#0934-d179 @A: 20 06 21 32 | 06
#0935-d179 @A: 08 06 31 25 | 10
#0936-d179 @A: 33 06 21 05 | 08
#0937-d179 @A: 21 29 06 14 | 09
#0938-d179 @A: 15 30 13 31 | 07
#0939-d179 @A: 28 02 15 35 | 04
#0940-d179 @A: 33 15 03 09 | 12
#0941-d179 @A: 27 29 20 15 | 01
#0942-d179 @A: 02 13 17 35 | 11
#0943-d179 @A: 13 33 09 04 | 02
#0944-d179 @A: 24 13 01 21 | 03
#0945-d179 @A: 29 13 30 12 | 05
#0946-d179 @A: 13 17 29 05 | 06
#0947-d179 @A: 30 09 35 32 | 10
#0948-d179 @A: 33 24 35 02 | 08
#0949-d179 @A: 35 21 31 02 | 09
#0950-d179 @A: 18 05 32 09 | 07
#0951-d179 @A: 18 02 32 03 | 04
#0952-d179 @A: 18 31 32 17 | 12
#0953-d179 @A: 14 33 21 18 | 01
#0954-d179 @A: 32 09 33 21 | 11
#0955-d179 @A: 09 02 05 31 | 02
#0956-d179 @A: 05 12 09 21 | 03
#0957-d179 @A: 03 17 28 14 | 05
#0958-d179 @A: 34 28 29 02 | 06
#0959-d179 @A: 12 02 28 32 | 10
#0960-d179 @A: 08 20 28 02 | 08
#0961-d179 @A: 17 28 08 31 | 09
#0962-d179 @A: 05 14 28 33 | 07
#0963-d179 @A: 17 21 05 28 | 04
#0964-d179 @A: 04 32 12 33 | 12
#0965-d179 @A: 08 24 03 20 | 01
#0966-d179 @A: 03 32 27 01 | 11
#0967-d179 @A: 31 03 29 32 | 02
#0968-d179 @A: 31 33 03 25 | 03
#0969-d179 @A: 29 01 03 02 | 05
#0970-d179 @A: 32 12 24 27 | 06
#0971-d179 @A: 24 27 02 25 | 10
#0972-d179 @A: 33 08 24 34 | 08
#0973-d179 @A: 24 14 34 01 | 09
#0974-d179 @A: 24 12 08 05 | 07
#0975-d179 @A: 14 24 33 29 | 04
#0976-d179 @A: 01 02 31 32 | 12
#0977-d179 @A: 14 22 23 29 | 01
#0978-d179 @A: 22 23 17 02 | 11
#0979-d179 @A: 32 22 35 16 | 02
#0980-d179 @A: 32 07 22 09 | 03
#0981-d179 @A: 04 08 22 07 | 05
#0982-d179 @A: 19 22 29 35 | 06
#0983-d179 @A: 22 21 19 18 | 10
#0984-d179 @A: 31 22 03 19 | 08
#0985-d179 @A: 32 28 22 06 | 09
#0986-d179 @A: 13 21 22 04 | 07
#0987-d179 @A: 18 22 25 28 | 04
#0988-d179 @A: 18 17 24 22 | 12
#0989-d179 @A: 22 28 20 05 | 01
#0990-d179 @A: 27 22 32 17 | 11
#0991-d179 @A: 11 12 13 23 | 02
#0992-d179 @A: 11 24 23 17 | 03
#0993-d179 @A: 11 23 20 02 | 05
#0994-d179 @A: 26 11 07 30 | 06
#0995-d179 @A: 10 01 11 13 | 10
#0996-d179 @A: 34 24 11 10 | 08
#0997-d179 @A: 19 11 35 06 | 09
#0998-d179 @A: 15 11 03 05 | 07
#0999-d179 @A: 11 33 03 13 | 04
#1000-d179 @A: 24 13 11 29 | 12
#1001-d179 @A: 14 32 04 11 | 01
#1002-d179 @A: 11 34 14 21 | 11
#1003-d179 @A: 08 21 31 11 | 02
#1004-d179 @A: 29 11 21 05 | 03
#1005-d179 @A: 11 12 25 33 | 05
#1006-d179 @A: 34 32 23 16 | 06
#1007-d179 @A: 23 07 15 18 | 10
#1008-d179 @A: 13 21 07 23 | 08
#1009-d179 @A: 10 19 34 23 | 09
#1010-d179 @A: 18 35 23 10 | 07
#1011-d179 @A: 23 01 10 08 | 04
#1012-d179 @A: 23 33 26 30 | 12
#1013-d179 @A: 15 33 23 06 | 01
#1014-d179 @A: 23 06 35 01 | 11
#1015-d179 @A: 23 06 28 02 | 02
#1016-d179 @A: 15 23 27 17 | 03
#1017-d179 @A: 14 13 24 23 | 05
#1018-d179 @A: 09 23 24 02 | 06
#1019-d179 @A: 34 29 23 27 | 10
#1020-d179 @A: 33 02 23 32 | 08
#1021-d179 @A: 20 14 23 08 | 09
#1022-d179 @A: 23 29 01 20 | 07
#1023-d179 @A: 18 07 16 08 | 04
#1024-d179 @A: 16 28 07 02 | 12
#1025-d179 @A: 07 12 16 29 | 01
#1026-d179 @A: 21 16 10 06 | 11
#1027-d179 @A: 14 03 10 16 | 02
#1028-d179 @A: 16 03 30 19 | 03
#1029-d179 @A: 25 16 33 26 | 05
#1030-d179 @A: 35 16 06 05 | 06
#1031-d179 @A: 16 04 06 34 | 10
#1032-d179 @A: 03 01 16 06 | 08
#1033-d179 @A: 34 16 18 35 | 09
#1034-d179 @A: 16 18 05 27 | 07
#1035-d179 @A: 16 25 01 18 | 04
#1036-d179 @A: 17 16 24 09 | 12
#1037-d179 @A: 16 12 27 01 | 01
#1038-d179 @A: 16 17 08 34 | 11
#1039-d179 @A: 12 16 20 34 | 02
#1040-d179 @A: 14 05 08 16 | 03
#1041-d179 @A: 33 02 29 16 | 05
#1042-d179 @A: 07 12 24 10 | 06
#1043-d179 @A: 19 07 09 06 | 10
#1044-d179 @A: 07 03 24 15 | 08
#1045-d179 @A: 03 18 07 29 | 09
#1046-d179 @A: 33 34 07 21 | 07
#1047-d179 @A: 07 21 14 32 | 04
#1048-d179 @A: 05 21 07 20 | 12
#1049-d179 @A: 26 19 10 27 | 01
#1050-d179 @A: 32 10 02 13 | 11
#1051-d179 @A: 10 08 09 18 | 02
#1052-d179 @A: 10 17 29 18 | 03
#1053-d179 @A: 02 10 31 18 | 05
#1054-d179 @A: 33 31 08 10 | 06
#1055-d179 @A: 19 14 06 32 | 10
#1056-d179 @A: 18 15 19 02 | 08
#1057-d179 @A: 13 19 34 17 | 09
#1058-d179 @A: 19 25 09 35 | 07
#1059-d179 @A: 24 35 27 19 | 04
#1060-d179 @A: 04 32 19 28 | 12
#1061-d179 @A: 20 03 02 19 | 01
#1062-d179 @A: 05 19 30 32 | 11
#1063-d179 @A: 19 33 21 30 | 02
#1064-d179 @A: 21 19 27 12 | 03
#1065-d179 @A: 14 31 19 33 | 05
#1066-d179 @A: 06 26 30 09 | 06
#1067-d179 @A: 09 26 18 15 | 10
#1068-d179 @A: 26 09 08 33 | 08
#1069-d179 @A: 04 26 03 32 | 09
#1070-d179 @A: 27 32 05 26 | 07
#1071-d179 @A: 32 17 12 26 | 04
#1072-d179 @A: 17 26 29 08 | 12
#1073-d179 @A: 12 33 26 29 | 01
#1074-d179 @A: 14 03 06 13 | 11
#1075-d179 @A: 13 06 12 20 | 02
#1076-d179 @A: 18 06 28 29 | 03
#1077-d179 @A: 18 02 06 05 | 05
#1078-d179 @A: 29 33 31 06 | 06
#1079-d179 @A: 21 35 15 13 | 10
#1080-d179 @A: 24 14 20 15 | 08
#1081-d179 @A: 14 12 15 30 | 09
#1082-d179 @A: 32 01 05 15 | 07
#1083-d179 @A: 32 20 17 15 | 04
#1084-d179 @A: 08 15 17 12 | 12
#1085-d179 @A: 12 33 05 15 | 01
#1086-d179 @A: 15 14 05 29 | 11
#1087-d179 @A: 15 31 17 14 | 02
#1088-d179 @A: 21 12 15 29 | 03
#1089-d179 @A: 09 12 35 13 | 05
#1090-d179 @A: 13 18 17 09 | 06
#1091-d179 @A: 13 14 02 09 | 10
#1092-d179 @A: 04 13 08 28 | 08
#1093-d179 @A: 12 24 13 04 | 09
#1094-d179 @A: 13 14 08 33 | 07
#1095-d179 @A: 13 12 25 08 | 04
#1096-d179 @A: 13 01 14 31 | 12
#1097-d179 @A: 04 20 35 31 | 01
#1098-d179 @A: 34 35 25 12 | 11
#1099-d179 @A: 25 21 35 31 | 02
#1100-d179 @A: 02 09 01 18 | 03
#1101-d179 @A: 21 18 28 04 | 05
#1102-d179 @A: 03 18 25 04 | 06
#1103-d179 @A: 08 21 18 27 | 10
#1104-d179 @A: 18 34 29 21 | 08
#1105-d179 @A: 18 25 32 33 | 09
#1106-d179 @A: 01 18 29 08 | 07
#1107-d179 @A: 21 05 18 31 | 04
#1108-d179 @A: 18 31 29 25 | 12
#1109-d179 @A: 30 09 34 21 | 01
#1110-d179 @A: 27 02 09 05 | 11
#1111-d179 @A: 34 32 20 09 | 02
#1112-d179 @A: 31 25 09 05 | 03
#1113-d179 @A: 30 28 32 27 | 05
#1114-d179 @A: 14 30 28 21 | 06
#1115-d179 @A: 33 28 27 17 | 10
#1116-d179 @A: 20 14 28 31 | 08
#1117-d179 @A: 17 32 04 29 | 09
#1118-d179 @A: 02 17 32 04 | 07
#1119-d179 @A: 25 05 04 33 | 04
#1120-d179 @A: 04 01 31 12 | 12
#1121-d179 @A: 17 21 03 27 | 01
#1122-d179 @A: 31 25 34 24 | 11
#1123-d179 @A: 32 24 01 20 | 02
#1124-d179 @A: 02 29 24 14 | 03
#1125-d179 @A: 31 24 29 21 | 05
#1126-d179 @A: 14 02 33 08 | 06
#1127-d179 @A: 10 25 22 03 | 10
#1128-d179 @A: 19 30 22 13 | 08
#1129-d179 @A: 22 26 30 15 | 09
#1130-d179 @A: 26 13 22 33 | 07
#1131-d179 @A: 06 22 25 30 | 04
#1132-d179 @A: 22 15 13 28 | 12
#1133-d179 @A: 04 27 28 22 | 01
#1134-d179 @A: 03 08 22 28 | 11
#1135-d179 @A: 34 22 12 21 | 02
#1136-d179 @A: 02 22 05 33 | 03
#1137-d179 @A: 01 20 12 22 | 05
#1138-d179 @A: 19 23 31 11 | 06
#1139-d179 @A: 11 20 23 35 | 10
#1140-d179 @A: 27 15 11 16 | 08
#1141-d179 @A: 13 07 11 08 | 09
#1142-d179 @A: 11 04 35 21 | 07
#1143-d179 @A: 18 03 20 11 | 04
#1144-d179 @A: 11 32 09 24 | 12
#1145-d179 @A: 34 11 25 28 | 01
#1146-d179 @A: 11 04 03 08 | 11
#1147-d179 @A: 31 24 11 04 | 02
#1148-d179 @A: 11 33 29 30 | 03
#1149-d179 @A: 11 01 30 31 | 05
#1150-d179 @A: 05 25 11 27 | 06
#1151-d179 @A: 08 34 11 29 | 10
#1152-d179 @A: 08 11 33 32 | 08
#1153-d179 @A: 08 05 17 11 | 09
#1154-d179 @A: 01 29 11 25 | 07
#1155-d179 @A: 01 19 23 07 | 04
#1156-d179 @A: 07 32 24 23 | 12
#1157-d179 @A: 15 20 26 23 | 01
#1158-d179 @A: 15 23 21 04 | 11
#1159-d179 @A: 23 27 35 28 | 02
#1160-d179 @A: 24 35 05 23 | 03
#1161-d179 @A: 18 33 23 24 | 05
#1162-d179 @A: 23 01 28 04 | 06
#1163-d179 @A: 03 23 28 32 | 10
#1164-d179 @A: 20 23 27 30 | 08
#1165-d179 @A: 12 29 23 25 | 09
#1166-d179 @A: 19 16 34 07 | 07
#1167-d179 @A: 16 07 21 04 | 04
#1168-d179 @A: 26 16 13 08 | 12
#1169-d179 @A: 18 13 16 06 | 01
#1170-d179 @A: 12 15 25 16 | 11
#1171-d179 @A: 13 35 14 16 | 02
#1172-d179 @A: 09 01 16 35 | 03
#1173-d179 @A: 16 09 28 18 | 05
#1174-d179 @A: 03 16 18 21 | 06
#1175-d179 @A: 05 09 16 04 | 10
#1176-d179 @A: 24 28 27 16 | 08
#1177-d179 @A: 32 27 02 16 | 09
#1178-d179 @A: 17 16 05 25 | 07
#1179-d179 @A: 05 16 31 29 | 04
#1180-d179 @A: 29 16 14 01 | 12
#1181-d179 @A: 18 07 10 20 | 01
#1182-d179 @A: 07 09 10 17 | 11
#1183-d179 @A: 26 07 32 02 | 02
#1184-d179 @A: 06 07 13 33 | 03
#1185-d179 @A: 21 15 07 25 | 05
#1186-d179 @A: 07 09 30 03 | 06
#1187-d179 @A: 07 09 05 01 | 10
#1188-d179 @A: 27 07 30 12 | 08
#1189-d179 @A: 19 10 01 28 | 09
#1190-d179 @A: 10 15 26 29 | 07
#1191-d179 @A: 10 32 28 26 | 04
#1192-d179 @A: 06 32 10 24 | 12
#1193-d179 @A: 13 24 10 33 | 01
#1194-d179 @A: 10 12 32 35 | 11
#1195-d179 @A: 05 10 18 28 | 02
#1196-d179 @A: 08 28 30 10 | 03
#1197-d179 @A: 25 30 10 02 | 05
#1198-d179 @A: 32 10 08 05 | 06
#1199-d179 @A: 10 01 02 33 | 10
#1200-d179 @A: 19 14 04 26 | 08
#1201-d179 @A: 29 15 19 06 | 09
#1202-d179 @A: 19 06 30 28 | 07
#1203-d179 @A: 19 06 24 20 | 04
#1204-d179 @A: 33 19 15 18 | 12
#1205-d179 @A: 31 19 09 15 | 01
#1206-d179 @A: 19 13 33 01 | 11
#1207-d179 @A: 01 19 35 03 | 02
#1208-d179 @A: 28 18 27 19 | 03
#1209-d179 @A: 05 03 19 04 | 05
#1210-d179 @A: 34 31 27 19 | 06
#1211-d179 @A: 14 15 28 26 | 10
#1212-d179 @A: 27 03 26 15 | 08
#1213-d179 @A: 21 09 04 26 | 09
#1214-d179 @A: 28 24 26 30 | 07
#1215-d179 @A: 24 12 26 02 | 04
#1216-d179 @A: 29 27 26 31 | 12
#1217-d179 @A: 01 21 26 20 | 01
#1218-d179 @A: 08 06 24 35 | 11
#1219-d179 @A: 09 06 28 05 | 02
#1220-d179 @A: 27 28 06 03 | 03
#1221-d179 @A: 06 03 25 05 | 05
#1222-d179 @A: 20 24 02 06 | 06
#1223-d179 @A: 30 27 21 06 | 10
#1224-d179 @A: 31 06 34 01 | 08
#1225-d179 @A: 01 08 06 05 | 09
#1226-d179 @A: 27 13 15 12 | 07
#1227-d179 @A: 09 35 15 08 | 04
#1228-d179 @A: 15 01 30 28 | 12
#1229-d179 @A: 14 02 15 04 | 01
#1230-d179 @A: 27 34 15 30 | 11
#1231-d179 @A: 25 05 20 15 | 02
#1232-d179 @A: 34 35 13 03 | 03
#1233-d179 @A: 32 18 24 13 | 05
#1234-d179 @A: 01 13 30 27 | 06
#1235-d179 @A: 25 31 02 13 | 10
#1236-d179 @A: 03 35 29 25 | 08
#1237-d179 @A: 20 35 29 08 | 09
#1238-d179 @A: 02 05 25 35 | 07
#1239-d179 @A: 17 35 20 25 | 04
#1240-d179 @A: 20 21 09 18 | 12
#1241-d179 @A: 18 24 31 12 | 01
#1242-d179 @A: 27 17 01 18 | 11
#1243-d179 @A: 14 18 32 34 | 02
#1244-d179 @A: 08 18 34 25 | 03
#1245-d179 @A: 09 30 04 28 | 05
#1246-d179 @A: 30 31 09 33 | 06
#1247-d179 @A: 34 27 09 05 | 10
#1248-d179 @A: 09 05 20 33 | 08
#1249-d179 @A: 33 20 28 32 | 09
#1250-d179 @A: 28 21 29 32 | 07
#1251-d179 @A: 21 04 27 33 | 04
#1252-d179 @A: 17 04 27 20 | 12
#1253-d179 @A: 14 04 31 21 | 01
#1254-d179 @A: 04 20 02 01 | 11
#1255-d179 @A: 24 01 03 33 | 02
#1256-d179 @A: 03 12 05 29 | 03
#1257-d179 @A: 08 24 27 17 | 05
#1258-d179 @A: 29 12 20 24 | 06
#1259-d179 @A: 11 33 16 22 | 10
#1260-d179 @A: 11 22 19 27 | 08
#1261-d179 @A: 23 22 10 32 | 09
#1262-d179 @A: 15 22 16 21 | 07
#1263-d179 @A: 22 13 16 29 | 04
#1264-d179 @A: 03 20 22 16 | 12
#1265-d179 @A: 16 05 22 24 | 01
#1266-d179 @A: 07 28 22 19 | 11
#1267-d179 @A: 20 07 22 35 | 02
#1268-d179 @A: 05 13 10 22 | 03
#1269-d179 @A: 01 31 22 10 | 05
#1270-d179 @A: 08 19 22 17 | 06
#1271-d179 @A: 22 27 09 26 | 10
#1272-d179 @A: 22 06 03 24 | 08
#1273-d179 @A: 20 15 04 22 | 09
#1274-d179 @A: 02 22 13 24 | 07
#1275-d179 @A: 34 31 13 22 | 04
#1276-d179 @A: 22 13 17 20 | 12
#1277-d179 @A: 12 35 22 28 | 01
#1278-d179 @A: 09 22 18 33 | 11
#1279-d179 @A: 28 22 02 03 | 02
#1280-d179 @A: 17 22 04 33 | 03
#1281-d179 @A: 04 22 12 29 | 05
#1282-d179 @A: 02 22 04 29 | 06
#1283-d179 @A: 08 30 22 31 | 10
#1284-d179 @A: 16 08 35 11 | 08
#1285-d179 @A: 07 11 06 31 | 09
#1286-d179 @A: 10 26 21 11 | 07
#1287-d179 @A: 11 35 26 25 | 04
#1288-d179 @A: 26 03 11 34 | 12
#1289-d179 @A: 15 32 11 21 | 01
#1290-d179 @A: 33 09 11 35 | 11
#1291-d179 @A: 28 35 11 01 | 02
#1292-d179 @A: 11 02 09 32 | 03
#1293-d179 @A: 11 14 05 30 | 05
#1294-d179 @A: 16 08 23 04 | 06
#1295-d179 @A: 29 35 23 07 | 10
#1296-d179 @A: 07 02 34 23 | 08
#1297-d179 @A: 06 23 10 14 | 09
#1298-d179 @A: 23 09 27 10 | 07
#1299-d179 @A: 17 06 26 23 | 04
#1300-d179 @A: 09 26 23 28 | 12
#1301-d179 @A: 27 26 23 01 | 01
#1302-d179 @A: 32 06 18 23 | 11
#1303-d179 @A: 09 23 15 34 | 02
#1304-d179 @A: 27 13 23 08 | 03
#1305-d179 @A: 14 09 30 23 | 05
#1306-d179 @A: 09 08 23 25 | 06
#1307-d179 @A: 23 24 04 27 | 10
#1308-d179 @A: 34 23 12 03 | 08
#1309-d179 @A: 25 23 27 32 | 09
#1310-d179 @A: 25 23 05 14 | 07
#1311-d179 @A: 23 05 17 20 | 04
#1312-d179 @A: 10 17 16 15 | 12
#1313-d179 @A: 08 16 28 06 | 01
#1314-d179 @A: 16 34 15 24 | 11
#1315-d179 @A: 32 16 30 25 | 02
#1316-d179 @A: 16 01 08 30 | 03
#1317-d179 @A: 16 29 25 08 | 05
#1318-d179 @A: 07 12 03 19 | 06
#1319-d179 @A: 19 07 29 17 | 10
#1320-d179 @A: 34 29 26 07 | 08
#1321-d179 @A: 13 34 24 07 | 09
#1322-d179 @A: 35 05 34 07 | 07
#1323-d179 @A: 18 34 01 07 | 04
#1324-d179 @A: 07 21 09 29 | 12
#1325-d179 @A: 07 33 30 28 | 01
#1326-d179 @A: 07 04 25 34 | 11
#1327-d179 @A: 29 27 07 08 | 02
#1328-d179 @A: 27 01 07 20 | 03
#1329-d179 @A: 20 10 09 19 | 05
#1330-d179 @A: 14 10 13 26 | 06
#1331-d179 @A: 30 10 18 06 | 10
#1332-d179 @A: 09 10 29 06 | 08
#1333-d179 @A: 25 10 15 04 | 09
#1334-d179 @A: 10 15 03 01 | 07
#1335-d179 @A: 03 10 09 32 | 04
#1336-d179 @A: 32 04 20 10 | 12
#1337-d179 @A: 10 05 33 03 | 01
#1338-d179 @A: 25 10 05 24 | 11
#1339-d179 @A: 14 25 10 34 | 02
#1340-d179 @A: 21 10 20 08 | 03
#1341-d179 @A: 12 10 14 21 | 05
#1342-d179 @A: 26 20 19 13 | 06
#1343-d179 @A: 34 15 04 19 | 10
#1344-d179 @A: 35 33 04 19 | 08
#1345-d179 @A: 19 04 31 18 | 09
#1346-d179 @A: 29 19 24 18 | 07
#1347-d179 @A: 21 24 09 19 | 04
#1348-d179 @A: 08 29 19 04 | 12
#1349-d179 @A: 19 27 33 03 | 01
#1350-d179 @A: 01 34 32 19 | 11
#1351-d179 @A: 19 01 12 17 | 02
#1352-d179 @A: 04 26 13 30 | 03
#1353-d179 @A: 26 18 17 35 | 05
#1354-d179 @A: 18 26 03 02 | 06
#1355-d179 @A: 17 26 09 03 | 10
#1356-d179 @A: 26 31 12 08 | 08
#1357-d179 @A: 05 29 20 26 | 09
#1358-d179 @A: 21 02 26 05 | 07
#1359-d179 @A: 01 15 06 02 | 04
#1360-d179 @A: 15 21 06 31 | 12
#1361-d179 @A: 06 29 13 02 | 01
#1362-d179 @A: 20 03 06 09 | 11
#1363-d179 @A: 08 20 30 06 | 02
#1364-d179 @A: 25 27 06 33 | 03
#1365-d179 @A: 05 34 14 06 | 05
#1366-d179 @A: 25 14 20 06 | 06
#1367-d179 @A: 21 01 06 25 | 10
#1368-d179 @A: 05 15 13 04 | 08
#1369-d179 @A: 05 18 15 17 | 09
#1370-d179 @A: 15 31 20 02 | 07
#1371-d179 @A: 27 18 13 35 | 04
#1372-d179 @A: 20 13 18 25 | 12
#1373-d179 @A: 14 05 13 09 | 01
#1374-d179 @A: 03 04 13 20 | 11
#1375-d179 @A: 35 18 20 02 | 02
#1376-d179 @A: 31 28 35 33 | 03
#1377-d179 @A: 35 30 14 08 | 05
#1378-d179 @A: 17 30 35 01 | 06
#1379-d179 @A: 27 02 08 35 | 10
#1380-d179 @A: 32 35 34 29 | 08
#1381-d179 @A: 05 20 35 14 | 09
#1382-d179 @A: 18 03 08 31 | 07
#1383-d179 @A: 29 27 18 14 | 04
#1384-d179 @A: 33 08 05 18 | 12
#1385-d179 @A: 05 18 14 01 | 01
#1386-d179 @A: 09 08 34 02 | 11
#1387-d179 @A: 29 34 09 25 | 02
#1388-d179 @A: 09 31 21 01 | 03
#1389-d179 @A: 02 28 31 30 | 05
#1390-d179 @A: 12 28 29 27 | 06
#1391-d179 @A: 27 04 01 34 | 10
#1392-d179 @A: 32 34 05 04 | 08
#1393-d179 @A: 33 34 04 02 | 09
#1394-d179 @A: 01 04 33 29 | 07
#1395-d179 @A: 03 01 12 08 | 04
#1396-d179 @A: 34 05 30 24 | 12
#1397-d179 @A: 02 05 12 30 | 01
#1398-d179 @A: 34 01 32 02 | 11
#1399-d179 @A: 34 02 17 12 | 02
#1400-d179 @A: 11 13 35 22 | 03
#1401-d179 @A: 34 11 22 01 | 05
#1402-d179 @A: 23 22 01 17 | 06
#1403-d179 @A: 12 18 22 16 | 10
#1404-d179 @A: 31 22 04 16 | 08
#1405-d179 @A: 07 34 03 22 | 09
#1406-d179 @A: 22 28 17 10 | 07
#1407-d179 @A: 10 02 12 22 | 04
#1408-d179 @A: 15 22 19 01 | 12
#1409-d179 @A: 22 24 15 33 | 01
#1410-d179 @A: 24 08 13 22 | 11
#1411-d179 @A: 22 35 09 31 | 02
#1412-d179 @A: 09 28 21 22 | 03
#1413-d179 @A: 04 03 22 14 | 05
#1414-d179 @A: 22 21 30 03 | 06
#1415-d179 @A: 20 22 14 30 | 10
#1416-d179 @A: 27 33 22 29 | 08
#1417-d179 @A: 15 23 11 14 | 09
#1418-d179 @A: 18 11 08 23 | 07
#1419-d179 @A: 07 18 11 21 | 04
#1420-d179 @A: 07 21 11 02 | 12
#1421-d179 @A: 10 09 30 11 | 01
#1422-d179 @A: 11 20 10 17 | 11
#1423-d179 @A: 11 34 18 19 | 02
#1424-d179 @A: 26 33 06 11 | 03
#1425-d179 @A: 29 11 15 18 | 05
#1426-d179 @A: 34 02 11 13 | 06
#1427-d179 @A: 30 11 35 18 | 10
#1428-d179 @A: 24 11 35 03 | 08
#1429-d179 @A: 17 18 11 25 | 09
#1430-d179 @A: 31 28 09 11 | 07
#1431-d179 @A: 28 21 03 11 | 04
#1432-d179 @A: 11 20 12 04 | 12
#1433-d179 @A: 33 27 24 11 | 01
#1434-d179 @A: 05 23 16 01 | 11
#1435-d179 @A: 23 10 31 07 | 02
#1436-d179 @A: 05 06 07 23 | 03
#1437-d179 @A: 23 15 05 10 | 05
#1438-d179 @A: 29 23 13 10 | 06
#1439-d179 @A: 26 25 24 23 | 10
#1440-d179 @A: 23 31 09 06 | 08
#1441-d179 @A: 23 06 20 04 | 09
#1442-d179 @A: 06 24 23 21 | 07
#1443-d179 @A: 08 35 23 21 | 04
#1444-d179 @A: 14 04 23 18 | 12
#1445-d179 @A: 01 18 23 30 | 01
#1446-d179 @A: 12 28 24 23 | 11
#1447-d179 @A: 23 08 34 31 | 02
#1448-d179 @A: 23 14 17 34 | 03
#1449-d179 @A: 12 23 08 33 | 05
#1450-d179 @A: 23 31 12 17 | 06
#1451-d179 @A: 03 16 25 07 | 10
#1452-d179 @A: 19 32 10 16 | 08
#1453-d179 @A: 10 16 01 04 | 09
#1454-d179 @A: 16 14 18 19 | 07
#1455-d179 @A: 20 19 29 16 | 04
#1456-d179 @A: 26 16 30 05 | 12
#1457-d179 @A: 29 16 33 18 | 01
#1458-d179 @A: 27 09 16 20 | 11
#1459-d179 @A: 30 17 16 27 | 02
#1460-d179 @A: 21 01 32 16 | 03
#1461-d179 @A: 02 33 19 07 | 05
#1462-d179 @A: 07 13 01 26 | 06
#1463-d179 @A: 18 07 26 28 | 10
#1464-d179 @A: 09 26 14 07 | 08
#1465-d179 @A: 07 01 24 06 | 09
#1466-d179 @A: 12 06 07 02 | 07
#1467-d179 @A: 02 01 13 07 | 04
#1468-d179 @A: 07 04 27 18 | 12
#1469-d179 @A: 02 07 03 14 | 01
#1470-d179 @A: 01 32 30 07 | 11
#1471-d179 @A: 27 07 32 33 | 02
#1472-d179 @A: 17 34 07 32 | 03
#1473-d179 @A: 12 07 32 05 | 05
#1474-d179 @A: 26 10 04 17 | 06
#1475-d179 @A: 35 33 10 15 | 10
#1476-d179 @A: 24 10 18 27 | 08
#1477-d179 @A: 04 10 31 09 | 09
#1478-d179 @A: 10 27 29 21 | 07
#1479-d179 @A: 29 32 10 33 | 04
#1480-d179 @A: 17 12 10 05 | 12
#1481-d179 @A: 33 10 20 12 | 01
#1482-d179 @A: 20 10 29 14 | 11
#1483-d179 @A: 26 28 19 12 | 02
#1484-d179 @A: 19 21 32 26 | 03
#1485-d179 @A: 34 03 19 06 | 05
#1486-d179 @A: 06 19 08 12 | 06
#1487-d179 @A: 35 12 18 19 | 10
#1488-d179 @A: 19 34 08 21 | 08
#1489-d179 @A: 32 31 25 19 | 09
#1490-d179 @A: 29 25 33 19 | 07
#1491-d179 @A: 02 17 19 14 | 04
#1492-d179 @A: 29 21 01 19 | 12
#1493-d179 @A: 12 02 31 19 | 01
#1494-d179 @A: 06 02 30 26 | 11
#1495-d179 @A: 26 15 12 01 | 02
#1496-d179 @A: 09 26 35 34 | 03
#1497-d179 @A: 28 26 35 29 | 05
#1498-d179 @A: 35 26 08 03 | 06
#1499-d179 @A: 26 30 21 17 | 10
#1500-d179 @A: 08 20 34 26 | 08
#1501-d179 @A: 14 01 33 26 | 09
#1502-d179 @A: 26 31 14 02 | 07
#1503-d179 @A: 24 06 17 13 | 04
#1504-d179 @A: 28 06 35 20 | 12
#1505-d179 @A: 06 25 29 24 | 01
#1506-d179 @A: 27 14 12 06 | 11
#1507-d179 @A: 35 15 30 24 | 02
#1508-d179 @A: 29 15 03 04 | 03
#1509-d179 @A: 15 24 17 04 | 05
#1510-d179 @A: 15 33 30 17 | 06
#1511-d179 @A: 27 14 33 15 | 10
#1512-d179 @A: 15 12 34 32 | 08
#1513-d179 @A: 15 31 05 34 | 09
#1514-d179 @A: 14 01 21 15 | 07
#1515-d179 @A: 13 18 33 28 | 04
#1516-d179 @A: 34 13 18 05 | 12
#1517-d179 @A: 28 34 13 27 | 01
#1518-d179 @A: 13 30 14 34 | 11
#1519-d179 @A: 25 13 30 33 | 02
#1520-d179 @A: 31 13 33 20 | 03
#1521-d179 @A: 12 31 13 21 | 05
#1522-d179 @A: 08 18 35 28 | 06
#1523-d179 @A: 31 32 35 05 | 10
#1524-d179 @A: 14 18 28 24 | 08
#1525-d179 @A: 18 24 20 04 | 09
#1526-d179 @A: 18 20 30 05 | 07
#1527-d179 @A: 20 04 09 25 | 04
#1528-d179 @A: 27 09 12 33 | 12
#1529-d179 @A: 17 31 34 09 | 01
#1530-d179 @A: 17 01 33 09 | 11
#1531-d179 @A: 09 25 02 17 | 02
#1532-d179 @A: 20 29 09 31 | 03
#1533-d179 @A: 24 28 04 33 | 05
#1534-d179 @A: 34 28 01 05 | 06
#1535-d179 @A: 05 32 25 28 | 10
#1536-d179 @A: 20 25 29 28 | 08
#1537-d179 @A: 01 04 03 21 | 09
#1538-d179 @A: 30 25 27 04 | 07
#1539-d179 @A: 30 33 04 08 | 04
#1540-d179 @A: 01 04 32 25 | 12
#1541-d179 @A: 14 25 04 08 | 01
#1542-d179 @A: 05 12 04 14 | 11
#1543-d179 @A: 33 02 04 12 | 02
#1544-d179 @A: 12 04 21 17 | 03
#1545-d179 @A: 05 27 03 08 | 05
#1546-d179 @A: 12 25 27 03 | 06
#1547-d179 @A: 20 05 01 03 | 10
#1548-d179 @A: 24 32 29 05 | 08
#1549-d179 @A: 25 08 24 01 | 09
#1550-d179 @A: 24 33 12 21 | 07
#1551-d179 @A: 08 31 02 29 | 04
#1552-d179 @A: 14 05 02 20 | 12
#1553-d179 @A: 22 11 06 10 | 01
#1554-d179 @A: 22 26 07 17 | 11
#1555-d179 @A: 31 22 15 07 | 02
#1556-d179 @A: 19 04 10 22 | 03
#1557-d179 @A: 21 26 22 35 | 05
#1558-d179 @A: 17 22 05 35 | 06
#1559-d179 @A: 22 29 20 18 | 10
#1560-d179 @A: 05 25 22 29 | 08
#1561-d179 @A: 10 25 11 23 | 09
#1562-d179 @A: 34 11 23 06 | 07
#1563-d179 @A: 16 11 05 02 | 04
#1564-d179 @A: 11 12 03 10 | 12
#1565-d179 @A: 12 18 11 26 | 01
#1566-d179 @A: 26 08 11 01 | 11
#1567-d179 @A: 06 15 11 08 | 02
#1568-d179 @A: 13 11 28 30 | 03
#1569-d179 @A: 09 11 27 18 | 05
#1570-d179 @A: 04 11 33 18 | 06
#1571-d179 @A: 18 01 24 11 | 10
#1572-d179 @A: 09 03 25 11 | 08
#1573-d179 @A: 23 20 03 07 | 09
#1574-d179 @A: 15 19 25 23 | 07
#1575-d179 @A: 26 05 03 23 | 04
#1576-d179 @A: 09 01 13 23 | 12
#1577-d179 @A: 23 18 08 02 | 01
#1578-d179 @A: 23 21 25 18 | 11
#1579-d179 @A: 23 28 31 05 | 02
#1580-d179 @A: 12 32 23 20 | 03
#1581-d179 @A: 01 14 12 23 | 05
#1582-d179 @A: 25 01 31 23 | 06
#1583-d179 @A: 19 26 06 16 | 10
#1584-d179 @A: 13 21 16 19 | 08
#1585-d179 @A: 18 32 16 26 | 09
#1586-d179 @A: 06 30 15 16 | 07
#1587-d179 @A: 24 14 16 06 | 04
#1588-d179 @A: 14 04 15 16 | 12
#1589-d179 @A: 16 15 08 03 | 01
#1590-d179 @A: 13 16 12 05 | 11
#1591-d179 @A: 35 12 24 16 | 02
#1592-d179 @A: 02 16 32 35 | 03
#1593-d179 @A: 28 29 16 04 | 05
#1594-d179 @A: 24 16 32 08 | 06
#1595-d179 @A: 33 01 34 16 | 10
#1596-d179 @A: 17 33 16 31 | 08
#1597-d179 @A: 02 12 14 16 | 09
#1598-d179 @A: 07 35 10 02 | 07
#1599-d179 @A: 04 07 30 10 | 04
#1600-d179 @A: 07 25 14 19 | 12
#1601-d179 @A: 05 07 04 26 | 01
#1602-d179 @A: 06 07 28 12 | 11
#1603-d179 @A: 06 03 07 17 | 02
#1604-d179 @A: 07 13 29 15 | 03
#1605-d179 @A: 07 25 13 35 | 05
#1606-d179 @A: 04 09 07 35 | 06
#1607-d179 @A: 35 33 12 07 | 10
#1608-d179 @A: 18 05 07 24 | 08
#1609-d179 @A: 24 09 07 27 | 09
#1610-d179 @A: 28 03 07 01 | 07
#1611-d179 @A: 02 04 30 07 | 04
#1612-d179 @A: 07 08 32 03 | 12
#1613-d179 @A: 31 24 07 08 | 01
#1614-d179 @A: 12 07 25 01 | 11
#1615-d179 @A: 10 03 28 29 | 02
#1616-d179 @A: 10 03 04 24 | 03
#1617-d179 @A: 02 20 10 29 | 05
#1618-d179 @A: 15 19 17 26 | 06
#1619-d179 @A: 18 19 26 05 | 10
#1620-d179 @A: 02 01 19 26 | 08
#1621-d179 @A: 03 17 19 18 | 09
#1622-d179 @A: 28 19 34 09 | 07
#1623-d179 @A: 19 24 25 28 | 04
#1624-d179 @A: 26 32 13 35 | 12
#1625-d179 @A: 26 29 09 13 | 01
#1626-d179 @A: 03 13 12 26 | 11
#1627-d179 @A: 26 30 29 18 | 02
#1628-d179 @A: 26 14 24 17 | 03
#1629-d179 @A: 08 25 21 26 | 05
#1630-d179 @A: 01 15 04 06 | 06
#1631-d179 @A: 08 34 06 13 | 10
#1632-d179 @A: 32 13 06 31 | 08
#1633-d179 @A: 09 35 06 27 | 09
#1634-d179 @A: 18 04 06 08 | 07
#1635-d179 @A: 18 24 34 06 | 04
#1636-d179 @A: 02 03 09 06 | 12
#1637-d179 @A: 02 06 34 27 | 01
#1638-d179 @A: 06 25 21 02 | 11
#1639-d179 @A: 25 15 13 24 | 02
#1640-d179 @A: 28 15 35 32 | 03
#1641-d179 @A: 35 04 15 27 | 05
#1642-d179 @A: 18 28 31 15 | 06
#1643-d179 @A: 15 12 04 28 | 10
#1644-d179 @A: 03 28 25 15 | 08
#1645-d179 @A: 33 31 04 15 | 09
#1646-d179 @A: 15 30 02 33 | 07
#1647-d179 @A: 34 15 01 29 | 04
#1648-d179 @A: 08 15 33 29 | 12
#1649-d179 @A: 29 17 25 15 | 01
#1650-d179 @A: 13 35 20 30 | 11
#1651-d179 @A: 35 05 13 08 | 02
#1652-d179 @A: 30 18 03 13 | 03
#1653-d179 @A: 04 13 28 02 | 05
#1654-d179 @A: 31 13 28 03 | 06
#1655-d179 @A: 13 27 14 04 | 10
#1656-d179 @A: 31 04 13 25 | 08
#1657-d179 @A: 03 13 01 29 | 09
#1658-d179 @A: 29 13 25 27 | 07
#1659-d179 @A: 20 13 02 27 | 04
#1660-d179 @A: 08 17 13 21 | 12
#1661-d179 @A: 29 21 13 33 | 01
#1662-d179 @A: 28 09 14 35 | 11
#1663-d179 @A: 35 02 29 09 | 02
#1664-d179 @A: 34 28 35 24 | 03
#1665-d179 @A: 27 30 33 35 | 05
#1666-d179 @A: 35 14 31 27 | 06
#1667-d179 @A: 35 08 01 31 | 10
#1668-d179 @A: 35 17 29 14 | 08
#1669-d179 @A: 28 18 30 34 | 09
#1670-d179 @A: 14 08 12 18 | 07
#1671-d179 @A: 12 18 05 25 | 04
#1672-d179 @A: 17 21 02 18 | 12
#1673-d179 @A: 17 12 09 28 | 01
#1674-d179 @A: 31 08 14 09 | 11
#1675-d179 @A: 21 28 27 02 | 02
#1676-d179 @A: 34 29 14 28 | 03
#1677-d179 @A: 21 04 24 30 | 05
#1678-d179 @A: 21 08 04 32 | 06
#1679-d179 @A: 04 20 05 08 | 10
#1680-d179 @A: 03 25 30 24 | 08
#1681-d179 @A: 03 17 12 24 | 09
#1682-d179 @A: 30 03 33 32 | 07
#1683-d179 @A: 34 17 05 03 | 04
#1684-d179 @A: 21 03 34 31 | 12
#1685-d179 @A: 03 14 29 08 | 01
#1686-d179 @A: 03 12 08 02 | 11
#1687-d179 @A: 30 24 20 33 | 02
#1688-d179 @A: 24 17 05 01 | 03
#1689-d179 @A: 20 02 25 12 | 05
