#0001-d181 @A: 21 19 35 03 | 12
#0002-d181 @A: 18 35 16 03 | 09
#0003-d181 @A: 12 03 30 35 | 05
#0004-d181 @A: 03 34 17 25 | 03
#0005-d181 @A: 23 30 19 03 | 06
#0006-d181 @A: 19 08 03 10 | 04
#0007-d181 @A: 28 15 03 16 | 02
#0008-d181 @A: 22 16 10 03 | 11
#0009-d181 @A: 03 26 05 33 | 08
#0010-d181 @A: 13 03 10 07 | 07
#0011-d181 @A: 21 07 03 09 | 01
#0012-d181 @A: 02 14 27 03 | 10
#0013-d181 @A: 02 09 28 03 | 12
#0014-d181 @A: 03 06 26 01 | 09
#0015-d181 @A: 22 08 04 03 | 05
#0016-d181 @A: 27 28 12 03 | 03
#0017-d181 @A: 24 22 03 06 | 06
#0018-d181 @A: 31 35 18 21 | 04
#0019-d181 @A: 35 22 26 31 | 02
#0020-d181 @A: 30 31 22 34 | 11
#0021-d181 @A: 32 31 07 17 | 08
#0022-d181 @A: 12 17 13 31 | 07
#0023-d181 @A: 17 11 04 31 | 01
#0024-d181 @A: 06 19 10 31 | 10
#0025-d181 @A: 31 16 10 08 | 12
#0026-d181 @A: 16 14 31 06 | 09
#0027-d181 @A: 12 04 18 31 | 05
#0028-d181 @A: 09 31 32 05 | 03
#0029-d181 @A: 31 26 11 02 | 06
#0030-d181 @A: 25 08 31 30 | 04
#0031-d181 @A: 12 31 27 10 | 02
#0032-d181 @A: 31 15 06 27 | 11
#0033-d181 @A: 29 31 23 11 | 08
#0034-d181 @A: 24 30 34 35 | 07
#0035-d181 @A: 06 35 16 26 | 01
#0036-d181 @A: 35 10 14 16 | 10
#0037-d181 @A: 18 35 01 14 | 12
#0038-d181 @A: 02 23 35 05 | 09
#0039-d181 @A: 04 35 05 22 | 05
#0040-d181 @A: 02 25 13 35 | 03
#0041-d181 @A: 02 23 35 09 | 06
#0042-d181 @A: 30 28 29 35 | 04
#0043-d181 @A: 35 13 11 23 | 02
#0044-d181 @A: 35 04 27 20 | 11
#0045-d181 @A: 35 23 33 06 | 08
#0046-d181 @A: 35 01 25 06 | 07
#0047-d181 @A: 17 06 05 34 | 01
#0048-d181 @A: 34 10 19 07 | 10
#0049-d181 @A: 34 13 32 19 | 12
#0050-d181 @A: 20 34 28 16 | 09
#0051-d181 @A: 18 25 28 34 | 05
#0052-d181 @A: 02 05 26 34 | 03
#0053-d181 @A: 26 34 08 13 | 06
#0054-d181 @A: 32 12 34 25 | 04
#0055-d181 @A: 21 34 29 32 | 02
#0056-d181 @A: 06 21 34 11 | 11
#0057-d181 @A: 20 06 34 22 | 08
#0058-d181 @A: 17 10 13 19 | 07
#0059-d181 @A: 04 18 20 17 | 01
#0060-d181 @A: 09 21 18 17 | 10
#0061-d181 @A: 05 17 15 09 | 12
#0062-d181 @A: 08 07 10 17 | 09
#0063-d181 @A: 15 17 26 02 | 05
#0064-d181 @A: 04 01 26 17 | 03
#0065-d181 @A: 17 13 04 23 | 06
#0066-d181 @A: 08 27 20 17 | 04
#0067-d181 @A: 23 12 20 17 | 02
#0068-d181 @A: 32 19 18 26 | 11
#0069-d181 @A: 14 13 19 30 | 08
#0070-d181 @A: 08 26 29 19 | 07
#0071-d181 @A: 04 12 19 26 | 01
#0072-d181 @A: 26 10 19 01 | 10
#0073-d181 @A: 33 19 32 25 | 12
#0074-d181 @A: 16 32 02 25 | 09
#0075-d181 @A: 06 16 04 09 | 05
#0076-d181 @A: 32 23 14 16 | 03
#0077-d181 @A: 20 12 33 16 | 06
#0078-d181 @A: 33 21 16 22 | 04
#0079-d181 @A: 16 33 06 11 | 02
#0080-d181 @A: 16 14 25 01 | 11
#0081-d181 @A: 07 30 29 18 | 08
#0082-d181 @A: 20 26 18 11 | 07
#0083-d181 @A: 18 08 29 22 | 01
#0084-d181 @A: 27 33 15 18 | 10
#0085-d181 @A: 28 15 18 09 | 12
#0086-d181 @A: 18 25 23 12 | 09
#0087-d181 @A: 12 24 29 18 | 05
#0088-d181 @A: 24 18 14 22 | 03
#0089-d181 @A: 18 25 20 29 | 06
#0090-d181 @A: 26 01 05 08 | 04
#0091-d181 @A: 29 06 05 33 | 02
#0092-d181 @A: 02 07 04 10 | 11
#0093-d181 @A: 07 02 24 28 | 08
#0094-d181 @A: 07 13 29 28 | 07
#0095-d181 @A: 07 06 11 28 | 01
#0096-d181 @A: 12 07 25 01 | 10
#0097-d181 @A: 02 23 30 06 | 12
#0098-d181 @A: 32 12 21 02 | 09
#0099-d181 @A: 22 11 32 02 | 05
#0100-d181 @A: 22 02 20 01 | 03
#0101-d181 @A: 26 09 06 30 | 06
#0102-d181 @A: 30 27 15 22 | 04
#0103-d181 @A: 32 30 23 33 | 02
#0104-d181 @A: 29 01 30 32 | 11
#0105-d181 @A: 26 28 13 24 | 08
#0106-d181 @A: 08 26 33 09 | 07
#0107-d181 @A: 22 12 24 26 | 01
#0108-d181 @A: 26 14 32 11 | 10
#0109-d181 @A: 28 04 08 13 | 12
#0110-d181 @A: 22 13 23 33 | 09
#0111-d181 @A: 13 06 29 32 | 05
#0112-d181 @A: 20 24 13 29 | 03
#0113-d181 @A: 08 14 23 11 | 06
#0114-d181 @A: 01 08 12 11 | 04
#0115-d181 @A: 10 06 08 12 | 02
#0116-d181 @A: 10 21 09 27 | 11
#0117-d181 @A: 27 25 15 20 | 08
#0118-d181 @A: 20 04 01 21 | 07
#0119-d181 @A: 24 10 22 04 | 01
#0120-d181 @A: 32 04 24 09 | 10
#0121-d181 @A: 11 32 28 01 | 12
#0122-d181 @A: 04 03 10 31 | 09
#0123-d181 @A: 35 33 34 03 | 05
#0124-d181 @A: 11 03 35 01 | 03
#0125-d181 @A: 03 20 17 07 | 06
#0126-d181 @A: 17 29 03 11 | 04
#0127-d181 @A: 33 13 18 03 | 02
#0128-d181 @A: 05 03 21 08 | 11
#0129-d181 @A: 03 07 26 12 | 08
#0130-d181 @A: 11 02 03 15 | 07
#0131-d181 @A: 08 14 03 13 | 01
#0132-d181 @A: 03 23 10 15 | 10
#0133-d181 @A: 22 29 12 03 | 12
#0134-d181 @A: 21 22 03 25 | 09
#0135-d181 @A: 15 21 24 03 | 05
#0136-d181 @A: 03 09 21 06 | 03
#0137-d181 @A: 35 31 34 23 | 06
#0138-d181 @A: 35 31 19 24 | 04
#0139-d181 @A: 35 31 16 20 | 02
#0140-d181 @A: 31 27 34 18 | 11
#0141-d181 @A: 31 14 28 34 | 08
#0142-d181 @A: 19 23 31 13 | 07
#0143-d181 @A: 16 31 05 30 | 01
#0144-d181 @A: 16 23 31 09 | 10
#0145-d181 @A: 09 18 31 30 | 12
#0146-d181 @A: 33 02 05 31 | 09
#0147-d181 @A: 11 05 31 08 | 05
#0148-d181 @A: 01 07 26 31 | 03
#0149-d181 @A: 31 30 32 13 | 06
#0150-d181 @A: 08 24 31 12 | 04
#0151-d181 @A: 31 20 27 28 | 02
#0152-d181 @A: 27 21 11 31 | 11
#0153-d181 @A: 23 31 25 20 | 08
#0154-d181 @A: 22 29 10 31 | 07
#0155-d181 @A: 34 21 35 12 | 01
#0156-d181 @A: 17 30 35 01 | 10
#0157-d181 @A: 35 18 19 15 | 12
#0158-d181 @A: 08 14 35 19 | 09
#0159-d181 @A: 23 27 35 16 | 05
#0160-d181 @A: 35 10 33 07 | 03
#0161-d181 @A: 02 11 28 35 | 06
#0162-d181 @A: 30 11 35 04 | 04
#0163-d181 @A: 15 26 13 35 | 02
#0164-d181 @A: 33 04 26 35 | 11
#0165-d181 @A: 29 26 35 01 | 08
#0166-d181 @A: 35 04 14 13 | 07
#0167-d181 @A: 22 13 35 24 | 01
#0168-d181 @A: 22 08 35 01 | 10
#0169-d181 @A: 22 11 06 35 | 12
#0170-d181 @A: 28 17 34 32 | 09
#0171-d181 @A: 14 05 19 34 | 05
#0172-d181 @A: 26 06 34 07 | 03
#0173-d181 @A: 02 34 21 27 | 06
#0174-d181 @A: 34 13 14 11 | 04
#0175-d181 @A: 34 24 28 27 | 02
#0176-d181 @A: 09 34 04 14 | 11
#0177-d181 @A: 23 34 11 32 | 08
#0178-d181 @A: 22 11 34 29 | 07
#0179-d181 @A: 34 09 15 11 | 01
#0180-d181 @A: 19 17 24 18 | 10
#0181-d181 @A: 17 16 33 07 | 12
#0182-d181 @A: 04 28 07 17 | 09
#0183-d181 @A: 30 17 32 15 | 05
#0184-d181 @A: 33 27 17 26 | 03
#0185-d181 @A: 17 28 13 33 | 06
#0186-d181 @A: 08 17 23 32 | 04
#0187-d181 @A: 17 06 15 10 | 02
#0188-d181 @A: 16 19 05 09 | 11
#0189-d181 @A: 19 05 33 10 | 08
#0190-d181 @A: 14 04 19 02 | 07
#0191-d181 @A: 19 27 06 21 | 01
#0192-d181 @A: 22 01 19 15 | 10
#0193-d181 @A: 24 15 19 20 | 12
#0194-d181 @A: 06 01 19 09 | 09
#0195-d181 @A: 02 21 15 16 | 05
#0196-d181 @A: 28 30 16 33 | 03
#0197-d181 @A: 27 16 15 24 | 06
#0198-d181 @A: 25 29 33 16 | 04
#0199-d181 @A: 22 16 32 06 | 02
#0200-d181 @A: 20 32 16 11 | 11
#0201-d181 @A: 25 15 10 16 | 08
#0202-d181 @A: 24 05 07 18 | 07
#0203-d181 @A: 07 22 18 27 | 01
#0204-d181 @A: 04 18 33 07 | 10
#0205-d181 @A: 33 18 28 02 | 12
#0206-d181 @A: 30 18 28 32 | 09
#0207-d181 @A: 15 18 23 30 | 05
#0208-d181 @A: 18 24 33 26 | 03
#0209-d181 @A: 18 08 09 24 | 06
#0210-d181 @A: 18 21 29 33 | 04
#0211-d181 @A: 32 10 18 09 | 02
#0212-d181 @A: 07 02 05 13 | 11
#0213-d181 @A: 05 07 27 25 | 08
#0214-d181 @A: 07 21 05 04 | 07
#0215-d181 @A: 05 26 20 30 | 01
#0216-d181 @A: 30 04 05 15 | 10
#0217-d181 @A: 21 15 23 05 | 12
#0218-d181 @A: 11 23 20 05 | 09
#0219-d181 @A: 21 22 01 05 | 05
#0220-d181 @A: 22 25 05 29 | 03
#0221-d181 @A: 02 07 33 15 | 06
#0222-d181 @A: 07 21 08 30 | 04
#0223-d181 @A: 08 07 30 09 | 02
#0224-d181 @A: 07 27 10 28 | 11
#0225-d181 @A: 07 23 14 06 | 08
#0226-d181 @A: 21 24 07 11 | 07
#0227-d181 @A: 30 08 02 10 | 01
#0228-d181 @A: 12 26 29 02 | 10
#0229-d181 @A: 04 01 25 02 | 12
#0230-d181 @A: 02 14 23 29 | 09
#0231-d181 @A: 22 02 06 25 | 05
#0232-d181 @A: 30 26 29 27 | 03
#0233-d181 @A: 08 27 30 24 | 06
#0234-d181 @A: 30 14 23 09 | 04
#0235-d181 @A: 12 30 06 25 | 02
#0236-d181 @A: 25 29 30 15 | 11
#0237-d181 @A: 08 28 11 26 | 08
#0238-d181 @A: 26 14 22 33 | 07
#0239-d181 @A: 33 01 11 26 | 01
#0240-d181 @A: 26 21 12 11 | 10
#0241-d181 @A: 25 13 23 06 | 12
#0242-d181 @A: 13 10 33 01 | 09
#0243-d181 @A: 25 22 13 12 | 05
#0244-d181 @A: 10 32 13 25 | 03
#0245-d181 @A: 15 13 01 25 | 06
#0246-d181 @A: 33 14 08 06 | 04
#0247-d181 @A: 08 29 21 24 | 02
#0248-d181 @A: 21 14 27 22 | 11
#0249-d181 @A: 28 04 06 22 | 08
#0250-d181 @A: 09 04 23 33 | 07
#0251-d181 @A: 23 04 25 11 | 01
#0252-d181 @A: 15 04 06 23 | 10
#0253-d181 @A: 29 33 04 22 | 12
#0254-d181 @A: 01 04 32 12 | 09
#0255-d181 @A: 25 20 10 04 | 05
#0256-d181 @A: 06 24 33 28 | 03
#0257-d181 @A: 33 20 28 25 | 06
#0258-d181 @A: 14 11 28 22 | 04
#0259-d181 @A: 23 06 09 10 | 02
#0260-d181 @A: 09 15 25 33 | 11
#0261-d181 @A: 15 03 05 35 | 08
#0262-d181 @A: 07 19 33 03 | 07
#0263-d181 @A: 16 20 03 04 | 01
#0264-d181 @A: 02 24 13 03 | 10
#0265-d181 @A: 03 01 04 13 | 12
#0266-d181 @A: 03 11 24 20 | 09
#0267-d181 @A: 31 35 02 15 | 05
#0268-d181 @A: 31 35 25 04 | 03
#0269-d181 @A: 31 26 34 19 | 06
#0270-d181 @A: 34 04 20 31 | 04
#0271-d181 @A: 05 31 20 17 | 02
#0272-d181 @A: 01 31 18 16 | 11
#0273-d181 @A: 31 05 32 18 | 08
#0274-d181 @A: 07 12 30 31 | 07
#0275-d181 @A: 28 15 31 07 | 01
#0276-d181 @A: 26 24 10 31 | 10
#0277-d181 @A: 31 21 13 09 | 12
#0278-d181 @A: 31 33 12 21 | 09
#0279-d181 @A: 14 01 29 31 | 05
#0280-d181 @A: 32 15 24 31 | 03
#0281-d181 @A: 14 31 10 32 | 06
#0282-d181 @A: 34 08 35 07 | 04
#0283-d181 @A: 14 35 34 32 | 02
#0284-d181 @A: 35 17 22 18 | 11
#0285-d181 @A: 35 32 17 11 | 08
#0286-d181 @A: 35 16 19 12 | 07
#0287-d181 @A: 02 35 16 29 | 01
#0288-d181 @A: 05 32 07 35 | 10
#0289-d181 @A: 20 13 35 05 | 12
#0290-d181 @A: 07 35 04 23 | 09
#0291-d181 @A: 10 35 30 13 | 05
#0292-d181 @A: 35 14 22 30 | 03
#0293-d181 @A: 01 35 23 21 | 06
#0294-d181 @A: 29 35 01 09 | 04
#0295-d181 @A: 09 34 17 08 | 02
#0296-d181 @A: 18 20 34 19 | 11
#0297-d181 @A: 34 27 16 09 | 08
#0298-d181 @A: 34 18 26 21 | 07
#0299-d181 @A: 20 07 25 34 | 01
#0300-d181 @A: 06 02 34 28 | 10
#0301-d181 @A: 13 33 34 06 | 12
#0302-d181 @A: 28 21 34 22 | 09
#0303-d181 @A: 23 01 12 34 | 05
#0304-d181 @A: 12 34 10 22 | 03
#0305-d181 @A: 34 01 24 22 | 06
#0306-d181 @A: 15 17 28 19 | 04
#0307-d181 @A: 08 17 05 15 | 02
#0308-d181 @A: 02 09 17 25 | 11
#0309-d181 @A: 28 20 17 22 | 08
#0310-d181 @A: 01 25 17 20 | 07
#0311-d181 @A: 19 26 16 24 | 01
#0312-d181 @A: 19 16 28 10 | 10
#0313-d181 @A: 30 24 05 19 | 12
#0314-d181 @A: 24 27 07 19 | 09
#0315-d181 @A: 26 22 19 13 | 05
#0316-d181 @A: 19 04 21 13 | 03
#0317-d181 @A: 08 19 01 04 | 06
#0318-d181 @A: 29 19 28 09 | 04
#0319-d181 @A: 19 12 21 14 | 02
#0320-d181 @A: 01 32 21 19 | 11
#0321-d181 @A: 29 19 11 20 | 08
#0322-d181 @A: 25 18 13 16 | 07
#0323-d181 @A: 16 15 18 08 | 01
#0324-d181 @A: 16 05 26 25 | 10
#0325-d181 @A: 16 27 14 05 | 12
#0326-d181 @A: 16 07 14 04 | 09
#0327-d181 @A: 16 07 21 28 | 05
#0328-d181 @A: 16 02 10 12 | 03
#0329-d181 @A: 30 16 23 12 | 06
#0330-d181 @A: 04 10 26 16 | 04
#0331-d181 @A: 24 12 16 06 | 02
#0332-d181 @A: 15 16 29 06 | 11
#0333-d181 @A: 11 16 01 15 | 08
#0334-d181 @A: 11 09 16 10 | 07
#0335-d181 @A: 05 18 13 23 | 01
#0336-d181 @A: 30 02 21 18 | 10
#0337-d181 @A: 28 26 18 04 | 12
#0338-d181 @A: 18 08 32 04 | 09
#0339-d181 @A: 12 27 32 18 | 05
#0340-d181 @A: 32 06 18 33 | 03
#0341-d181 @A: 15 18 12 11 | 06
#0342-d181 @A: 15 18 01 32 | 04
#0343-d181 @A: 11 18 01 24 | 02
#0344-d181 @A: 20 18 10 06 | 11
#0345-d181 @A: 05 22 27 26 | 08
#0346-d181 @A: 10 14 05 26 | 07
#0347-d181 @A: 05 32 06 12 | 01
#0348-d181 @A: 05 06 21 14 | 10
#0349-d181 @A: 14 05 11 01 | 12
#0350-d181 @A: 07 20 02 23 | 09
#0351-d181 @A: 26 07 24 30 | 05
#0352-d181 @A: 30 07 13 22 | 03
#0353-d181 @A: 23 32 07 10 | 06
#0354-d181 @A: 33 07 11 32 | 04
#0355-d181 @A: 14 09 07 01 | 02
#0356-d181 @A: 13 10 26 02 | 11
#0357-d181 @A: 13 02 08 21 | 08
#0358-d181 @A: 04 08 20 02 | 07
#0359-d181 @A: 02 11 33 27 | 01
#0360-d181 @A: 24 02 01 33 | 10
#0361-d181 @A: 26 22 08 30 | 12
#0362-d181 @A: 08 30 13 11 | 09
#0363-d181 @A: 13 30 09 01 | 05
#0364-d181 @A: 12 09 30 04 | 03
#0365-d181 @A: 09 30 28 32 | 06
#0366-d181 @A: 33 30 22 09 | 04
#0367-d181 @A: 25 20 22 30 | 02
#0368-d181 @A: 11 10 01 30 | 11
#0369-d181 @A: 20 33 26 23 | 08
#0370-d181 @A: 21 26 10 20 | 07
#0371-d181 @A: 15 11 26 22 | 01
#0372-d181 @A: 13 23 08 27 | 10
#0373-d181 @A: 13 01 08 32 | 12
#0374-d181 @A: 15 10 08 13 | 09
#0375-d181 @A: 28 13 12 15 | 05
#0376-d181 @A: 21 20 33 13 | 03
#0377-d181 @A: 33 11 13 24 | 06
#0378-d181 @A: 20 29 09 13 | 04
#0379-d181 @A: 29 14 15 13 | 02
#0380-d181 @A: 08 20 12 15 | 11
#0381-d181 @A: 15 08 14 24 | 08
#0382-d181 @A: 27 06 01 23 | 07
#0383-d181 @A: 12 01 20 27 | 01
#0384-d181 @A: 14 20 11 27 | 10
#0385-d181 @A: 04 23 32 21 | 12
#0386-d181 @A: 04 24 21 06 | 09
#0387-d181 @A: 33 21 15 28 | 05
#0388-d181 @A: 28 24 33 09 | 03
#0389-d181 @A: 21 14 28 24 | 06
#0390-d181 @A: 14 28 09 21 | 04
#0391-d181 @A: 14 09 06 32 | 02
#0392-d181 @A: 03 31 22 13 | 11
#0393-d181 @A: 07 35 03 22 | 08
#0394-d181 @A: 03 35 23 08 | 07
#0395-d181 @A: 03 29 27 35 | 01
#0396-d181 @A: 06 19 03 18 | 10
#0397-d181 @A: 24 03 19 04 | 12
#0398-d181 @A: 01 05 03 18 | 09
#0399-d181 @A: 27 05 30 03 | 05
#0400-d181 @A: 04 02 21 03 | 03
#0401-d181 @A: 03 23 09 13 | 06
#0402-d181 @A: 28 33 03 23 | 04
#0403-d181 @A: 33 03 14 24 | 02
#0404-d181 @A: 03 24 01 29 | 11
#0405-d181 @A: 24 03 25 32 | 08
#0406-d181 @A: 06 03 14 32 | 07
#0407-d181 @A: 31 35 17 33 | 01
#0408-d181 @A: 35 31 07 11 | 10
#0409-d181 @A: 31 34 21 05 | 12
#0410-d181 @A: 18 31 23 17 | 09
#0411-d181 @A: 19 31 29 30 | 05
#0412-d181 @A: 04 19 31 15 | 03
#0413-d181 @A: 07 16 31 23 | 06
#0414-d181 @A: 16 31 15 13 | 04
#0415-d181 @A: 11 28 16 31 | 02
#0416-d181 @A: 16 24 31 22 | 11
#0417-d181 @A: 33 18 31 08 | 08
#0418-d181 @A: 15 05 31 14 | 07
#0419-d181 @A: 07 13 31 27 | 01
#0420-d181 @A: 31 07 04 29 | 10
#0421-d181 @A: 20 31 13 08 | 12
#0422-d181 @A: 14 04 31 08 | 09
#0423-d181 @A: 28 35 04 34 | 05
#0424-d181 @A: 35 25 16 17 | 03
#0425-d181 @A: 19 10 35 04 | 06
#0426-d181 @A: 19 35 22 25 | 04
#0427-d181 @A: 24 02 35 04 | 02
#0428-d181 @A: 02 35 22 33 | 11
#0429-d181 @A: 35 13 28 09 | 08
#0430-d181 @A: 35 32 33 20 | 07
#0431-d181 @A: 14 35 09 11 | 01
#0432-d181 @A: 34 17 19 29 | 10
#0433-d181 @A: 21 19 34 16 | 12
#0434-d181 @A: 18 16 34 05 | 09
#0435-d181 @A: 18 23 29 34 | 05
#0436-d181 @A: 22 08 05 34 | 03
#0437-d181 @A: 07 34 02 32 | 06
#0438-d181 @A: 23 09 26 34 | 04
#0439-d181 @A: 04 08 29 34 | 02
#0440-d181 @A: 23 14 20 34 | 11
#0441-d181 @A: 34 01 21 33 | 08
#0442-d181 @A: 34 15 25 33 | 07
#0443-d181 @A: 12 29 34 14 | 01
#0444-d181 @A: 34 20 11 12 | 10
#0445-d181 @A: 17 19 14 16 | 12
#0446-d181 @A: 33 04 17 19 | 09
#0447-d181 @A: 32 17 18 16 | 05
#0448-d181 @A: 09 32 17 16 | 03
#0449-d181 @A: 05 17 23 30 | 06
#0450-d181 @A: 02 17 12 28 | 04
#0451-d181 @A: 30 26 17 11 | 02
#0452-d181 @A: 13 17 30 27 | 11
#0453-d181 @A: 29 28 17 26 | 08
#0454-d181 @A: 32 26 10 17 | 07
#0455-d181 @A: 24 12 17 27 | 01
#0456-d181 @A: 09 04 17 11 | 10
#0457-d181 @A: 17 09 10 29 | 12
#0458-d181 @A: 17 09 20 06 | 09
#0459-d181 @A: 16 18 19 33 | 05
#0460-d181 @A: 02 16 30 19 | 03
#0461-d181 @A: 28 19 18 22 | 06
#0462-d181 @A: 19 25 05 15 | 04
#0463-d181 @A: 07 19 20 28 | 02
#0464-d181 @A: 07 19 33 09 | 11
#0465-d181 @A: 12 20 19 30 | 08
#0466-d181 @A: 19 04 29 32 | 07
#0467-d181 @A: 25 01 19 29 | 01
#0468-d181 @A: 19 24 06 25 | 10
#0469-d181 @A: 10 20 14 19 | 12
#0470-d181 @A: 16 18 06 02 | 09
#0471-d181 @A: 20 30 18 16 | 05
#0472-d181 @A: 08 16 23 05 | 03
#0473-d181 @A: 10 20 05 16 | 06
#0474-d181 @A: 08 13 16 12 | 04
#0475-d181 @A: 16 04 08 06 | 02
#0476-d181 @A: 08 09 16 28 | 11
#0477-d181 @A: 04 16 33 32 | 08
#0478-d181 @A: 23 21 16 29 | 07
#0479-d181 @A: 20 16 23 15 | 01
#0480-d181 @A: 24 16 33 10 | 10
#0481-d181 @A: 20 16 25 06 | 12
#0482-d181 @A: 05 06 26 18 | 09
#0483-d181 @A: 20 27 05 18 | 05
#0484-d181 @A: 12 18 07 02 | 03
#0485-d181 @A: 30 18 01 08 | 06
#0486-d181 @A: 22 04 18 30 | 04
#0487-d181 @A: 27 14 18 13 | 02
#0488-d181 @A: 24 13 21 18 | 11
#0489-d181 @A: 18 32 13 22 | 08
#0490-d181 @A: 08 18 14 12 | 07
#0491-d181 @A: 33 01 20 18 | 01
#0492-d181 @A: 28 07 05 33 | 10
#0493-d181 @A: 07 05 09 25 | 12
#0494-d181 @A: 02 12 22 05 | 09
#0495-d181 @A: 09 01 05 02 | 05
#0496-d181 @A: 13 30 05 33 | 03
#0497-d181 @A: 26 05 11 13 | 06
#0498-d181 @A: 12 28 05 26 | 04
#0499-d181 @A: 27 13 05 15 | 02
#0500-d181 @A: 29 05 04 24 | 11
#0501-d181 @A: 05 20 01 32 | 08
#0502-d181 @A: 15 24 05 10 | 07
#0503-d181 @A: 33 13 07 14 | 01
#0504-d181 @A: 29 07 25 21 | 10
#0505-d181 @A: 32 25 07 06 | 12
#0506-d181 @A: 14 07 15 01 | 09
#0507-d181 @A: 21 26 28 02 | 05
#0508-d181 @A: 14 02 22 10 | 03
#0509-d181 @A: 20 02 06 32 | 06
#0510-d181 @A: 20 15 02 14 | 04
#0511-d181 @A: 13 30 28 06 | 02
#0512-d181 @A: 24 04 01 30 | 11
#0513-d181 @A: 33 20 11 30 | 08
#0514-d181 @A: 22 01 30 06 | 07
#0515-d181 @A: 27 26 06 28 | 01
#0516-d181 @A: 12 26 20 06 | 10
#0517-d181 @A: 22 06 21 26 | 12
#0518-d181 @A: 26 10 14 09 | 09
#0519-d181 @A: 27 13 11 01 | 05
#0520-d181 @A: 32 33 08 10 | 03
#0521-d181 @A: 08 01 12 09 | 06
#0522-d181 @A: 20 08 25 21 | 04
#0523-d181 @A: 25 11 08 24 | 02
#0524-d181 @A: 23 27 24 33 | 11
#0525-d181 @A: 22 23 27 32 | 08
#0526-d181 @A: 14 32 33 27 | 07
#0527-d181 @A: 27 10 33 06 | 01
#0528-d181 @A: 27 29 22 06 | 10
#0529-d181 @A: 20 27 29 10 | 12
#0530-d181 @A: 12 04 33 11 | 09
#0531-d181 @A: 04 14 33 10 | 05
#0532-d181 @A: 04 22 01 11 | 03
#0533-d181 @A: 11 04 32 15 | 06
#0534-d181 @A: 24 10 32 28 | 04
#0535-d181 @A: 09 21 01 23 | 02
#0536-d181 @A: 21 09 12 25 | 11
#0537-d181 @A: 31 15 03 17 | 08
#0538-d181 @A: 03 31 05 19 | 07
#0539-d181 @A: 35 20 03 28 | 01
#0540-d181 @A: 18 12 34 03 | 10
#0541-d181 @A: 34 03 14 07 | 12
#0542-d181 @A: 17 33 03 02 | 09
#0543-d181 @A: 06 30 03 17 | 05
#0544-d181 @A: 03 19 29 02 | 03
#0545-d181 @A: 26 18 03 22 | 06
#0546-d181 @A: 22 09 03 18 | 04
#0547-d181 @A: 20 03 13 30 | 02
#0548-d181 @A: 15 30 08 03 | 11
#0549-d181 @A: 26 21 27 03 | 08
#0550-d181 @A: 08 03 25 28 | 07
#0551-d181 @A: 11 27 04 03 | 01
#0552-d181 @A: 03 32 10 27 | 10
#0553-d181 @A: 14 03 23 04 | 12
#0554-d181 @A: 01 25 03 23 | 09
#0555-d181 @A: 03 32 01 33 | 05
#0556-d181 @A: 25 14 29 03 | 03
#0557-d181 @A: 34 15 31 08 | 06
#0558-d181 @A: 17 31 08 06 | 04
#0559-d181 @A: 05 31 07 22 | 02
#0560-d181 @A: 31 05 27 24 | 11
#0561-d181 @A: 14 13 02 31 | 08
#0562-d181 @A: 13 33 31 26 | 07
#0563-d181 @A: 27 22 31 04 | 01
#0564-d181 @A: 14 33 31 25 | 10
#0565-d181 @A: 31 22 20 14 | 12
#0566-d181 @A: 16 34 35 15 | 09
#0567-d181 @A: 35 17 20 19 | 05
#0568-d181 @A: 21 35 17 28 | 03
#0569-d181 @A: 09 17 12 35 | 06
#0570-d181 @A: 19 13 35 33 | 04
#0571-d181 @A: 35 18 05 10 | 02
#0572-d181 @A: 08 35 05 09 | 11
#0573-d181 @A: 25 35 07 28 | 08
#0574-d181 @A: 20 01 35 07 | 07
#0575-d181 @A: 35 06 08 02 | 01
#0576-d181 @A: 02 27 12 35 | 10
#0577-d181 @A: 15 09 30 35 | 12
#0578-d181 @A: 24 35 26 14 | 09
#0579-d181 @A: 08 28 35 15 | 05
#0580-d181 @A: 27 28 35 33 | 03
#0581-d181 @A: 35 12 04 15 | 06
#0582-d181 @A: 21 35 20 11 | 04
#0583-d181 @A: 35 25 09 24 | 02
#0584-d181 @A: 20 06 14 35 | 11
#0585-d181 @A: 17 34 08 21 | 08
#0586-d181 @A: 17 04 34 24 | 07
#0587-d181 @A: 11 19 04 34 | 01
#0588-d181 @A: 34 22 18 02 | 10
#0589-d181 @A: 15 18 13 34 | 12
#0590-d181 @A: 34 05 12 27 | 09
#0591-d181 @A: 11 34 05 28 | 05
#0592-d181 @A: 32 34 15 05 | 03
#0593-d181 @A: 34 28 07 12 | 06
#0594-d181 @A: 02 34 11 30 | 04
#0595-d181 @A: 34 32 04 30 | 02
#0596-d181 @A: 26 25 24 34 | 11
#0597-d181 @A: 06 15 34 12 | 08
#0598-d181 @A: 20 01 29 34 | 07
#0599-d181 @A: 34 11 15 10 | 01
#0600-d181 @A: 10 14 01 34 | 10
#0601-d181 @A: 05 22 17 19 | 12
#0602-d181 @A: 16 17 23 28 | 09
#0603-d181 @A: 14 17 15 18 | 05
#0604-d181 @A: 26 05 24 17 | 03
#0605-d181 @A: 17 07 27 21 | 06
#0606-d181 @A: 10 02 27 17 | 04
#0607-d181 @A: 10 21 17 12 | 02
#0608-d181 @A: 22 15 12 17 | 11
#0609-d181 @A: 22 17 29 24 | 08
#0610-d181 @A: 22 32 25 17 | 07
#0611-d181 @A: 11 20 17 15 | 01
#0612-d181 @A: 16 08 19 25 | 10
#0613-d181 @A: 13 18 19 29 | 12
#0614-d181 @A: 19 05 27 02 | 09
#0615-d181 @A: 05 01 13 19 | 05
#0616-d181 @A: 02 21 09 19 | 03
#0617-d181 @A: 27 01 30 19 | 06
#0618-d181 @A: 23 08 19 22 | 04
#0619-d181 @A: 33 19 20 08 | 02
#0620-d181 @A: 08 11 19 09 | 11
#0621-d181 @A: 23 29 33 19 | 08
#0622-d181 @A: 23 32 19 12 | 07
#0623-d181 @A: 19 09 23 24 | 01
#0624-d181 @A: 14 25 23 19 | 10
#0625-d181 @A: 09 14 12 19 | 12
#0626-d181 @A: 32 15 19 06 | 09
#0627-d181 @A: 11 16 05 21 | 05
#0628-d181 @A: 09 13 16 14 | 03
#0629-d181 @A: 16 01 33 23 | 06
#0630-d181 @A: 16 24 25 23 | 04
#0631-d181 @A: 02 13 18 01 | 02
#0632-d181 @A: 04 18 10 13 | 11
#0633-d181 @A: 11 18 09 20 | 08
#0634-d181 @A: 05 10 30 07 | 07
#0635-d181 @A: 11 04 05 02 | 01
#0636-d181 @A: 09 29 26 05 | 10
#0637-d181 @A: 06 13 05 04 | 12
#0638-d181 @A: 21 05 13 25 | 09
#0639-d181 @A: 21 05 27 33 | 05
#0640-d181 @A: 05 06 09 28 | 03
#0641-d181 @A: 29 26 07 10 | 06
#0642-d181 @A: 07 06 04 12 | 04
#0643-d181 @A: 06 07 10 21 | 02
#0644-d181 @A: 08 33 02 12 | 11
#0645-d181 @A: 27 02 20 24 | 08
#0646-d181 @A: 15 02 01 23 | 07
#0647-d181 @A: 02 33 06 09 | 01
#0648-d181 @A: 30 08 32 20 | 10
#0649-d181 @A: 06 21 33 30 | 12
#0650-d181 @A: 30 24 12 15 | 09
#0651-d181 @A: 20 30 24 14 | 05
#0652-d181 @A: 25 13 04 26 | 03
#0653-d181 @A: 26 13 21 29 | 06
#0654-d181 @A: 12 08 26 23 | 04
#0655-d181 @A: 15 26 10 12 | 02
#0656-d181 @A: 32 21 26 24 | 11
#0657-d181 @A: 01 26 15 21 | 08
#0658-d181 @A: 25 29 11 26 | 07
#0659-d181 @A: 13 32 08 09 | 01
#0660-d181 @A: 25 13 14 20 | 10
#0661-d181 @A: 21 23 33 08 | 12
#0662-d181 @A: 08 24 06 01 | 09
#0663-d181 @A: 23 25 29 27 | 05
#0664-d181 @A: 33 25 12 27 | 03
#0665-d181 @A: 01 27 33 29 | 06
#0666-d181 @A: 32 21 27 15 | 04
#0667-d181 @A: 27 22 24 11 | 02
#0668-d181 @A: 25 32 01 27 | 11
#0669-d181 @A: 04 11 20 28 | 08
#0670-d181 @A: 01 15 04 29 | 07
#0671-d181 @A: 12 14 33 28 | 01
#0672-d181 @A: 11 15 24 28 | 10
#0673-d181 @A: 23 15 29 09 | 12
#0674-d181 @A: 11 18 31 03 | 09
#0675-d181 @A: 27 03 31 23 | 05
#0676-d181 @A: 35 03 24 17 | 03
#0677-d181 @A: 04 03 35 32 | 06
#0678-d181 @A: 06 03 21 16 | 04
#0679-d181 @A: 13 12 03 05 | 02
#0680-d181 @A: 03 28 05 04 | 11
#0681-d181 @A: 07 21 01 03 | 08
#0682-d181 @A: 22 28 02 03 | 07
#0683-d181 @A: 03 10 02 06 | 01
#0684-d181 @A: 30 32 22 03 | 10
#0685-d181 @A: 03 33 10 21 | 12
#0686-d181 @A: 21 03 20 14 | 09
#0687-d181 @A: 20 32 15 03 | 05
#0688-d181 @A: 25 03 09 14 | 03
#0689-d181 @A: 34 25 16 31 | 06
#0690-d181 @A: 17 31 22 02 | 04
#0691-d181 @A: 25 31 19 02 | 02
#0692-d181 @A: 12 16 26 31 | 11
#0693-d181 @A: 02 31 09 12 | 08
#0694-d181 @A: 27 30 14 31 | 07
#0695-d181 @A: 31 33 28 32 | 01
#0696-d181 @A: 20 33 31 15 | 10
#0697-d181 @A: 31 32 25 29 | 12
#0698-d181 @A: 06 31 24 20 | 09
#0699-d181 @A: 34 35 10 02 | 05
#0700-d181 @A: 35 07 26 17 | 03
#0701-d181 @A: 19 09 18 35 | 06
#0702-d181 @A: 19 07 35 29 | 04
#0703-d181 @A: 19 23 35 28 | 02
#0704-d181 @A: 07 35 24 16 | 11
#0705-d181 @A: 21 16 30 35 | 08
#0706-d181 @A: 22 16 35 28 | 07
#0707-d181 @A: 33 16 35 09 | 01
#0708-d181 @A: 12 18 26 35 | 10
#0709-d181 @A: 35 18 25 33 | 12
#0710-d181 @A: 35 24 08 05 | 09
#0711-d181 @A: 35 13 12 07 | 05
#0712-d181 @A: 35 25 08 27 | 03
#0713-d181 @A: 01 35 33 12 | 06
#0714-d181 @A: 06 29 10 35 | 04
#0715-d181 @A: 01 32 10 35 | 02
#0716-d181 @A: 15 10 20 35 | 11
#0717-d181 @A: 34 15 01 17 | 08
#0718-d181 @A: 19 34 28 01 | 07
#0719-d181 @A: 23 34 04 16 | 01
#0720-d181 @A: 34 05 30 29 | 10
#0721-d181 @A: 34 15 02 29 | 12
#0722-d181 @A: 30 34 26 12 | 09
#0723-d181 @A: 30 34 08 14 | 05
#0724-d181 @A: 33 34 29 26 | 03
#0725-d181 @A: 34 27 06 32 | 06
#0726-d181 @A: 33 23 34 10 | 04
#0727-d181 @A: 34 21 20 15 | 02
#0728-d181 @A: 12 17 19 07 | 11
#0729-d181 @A: 18 17 05 21 | 08
#0730-d181 @A: 18 30 17 33 | 07
#0731-d181 @A: 17 13 15 07 | 01
#0732-d181 @A: 08 24 33 17 | 10
#0733-d181 @A: 17 33 15 23 | 12
#0734-d181 @A: 17 22 14 23 | 09
#0735-d181 @A: 01 17 22 33 | 05
#0736-d181 @A: 06 12 17 11 | 03
#0737-d181 @A: 17 24 09 01 | 06
#0738-d181 @A: 17 10 25 14 | 04
#0739-d181 @A: 07 19 16 15 | 02
#0740-d181 @A: 19 23 11 16 | 11
#0741-d181 @A: 19 18 07 01 | 08
#0742-d181 @A: 19 33 02 06 | 07
#0743-d181 @A: 19 13 25 28 | 01
#0744-d181 @A: 19 15 33 12 | 10
#0745-d181 @A: 33 22 19 24 | 12
#0746-d181 @A: 19 29 21 22 | 09
#0747-d181 @A: 21 19 10 24 | 05
#0748-d181 @A: 19 09 25 32 | 03
#0749-d181 @A: 32 16 27 30 | 06
#0750-d181 @A: 30 11 16 14 | 04
#0751-d181 @A: 16 01 26 28 | 02
#0752-d181 @A: 13 21 01 16 | 11
#0753-d181 @A: 16 29 04 27 | 08
#0754-d181 @A: 14 16 15 33 | 07
#0755-d181 @A: 12 16 14 22 | 01
#0756-d181 @A: 16 21 10 32 | 10
#0757-d181 @A: 04 14 05 18 | 12
#0758-d181 @A: 02 18 15 04 | 09
#0759-d181 @A: 18 01 23 26 | 05
#0760-d181 @A: 15 13 18 09 | 03
#0761-d181 @A: 04 18 11 06 | 06
#0762-d181 @A: 18 11 28 10 | 04
#0763-d181 @A: 10 18 29 32 | 02
#0764-d181 @A: 02 05 01 30 | 11
#0765-d181 @A: 27 09 05 30 | 08
#0766-d181 @A: 13 05 22 14 | 07
#0767-d181 @A: 05 27 08 10 | 01
#0768-d181 @A: 23 27 05 04 | 10
#0769-d181 @A: 14 23 05 33 | 12
#0770-d181 @A: 12 10 23 05 | 09
#0771-d181 @A: 29 23 05 01 | 05
#0772-d181 @A: 12 33 05 09 | 03
#0773-d181 @A: 33 15 05 11 | 06
#0774-d181 @A: 21 24 12 05 | 04
#0775-d181 @A: 24 05 11 06 | 02
#0776-d181 @A: 07 33 30 27 | 11
#0777-d181 @A: 07 08 20 26 | 08
#0778-d181 @A: 23 27 07 26 | 07
#0779-d181 @A: 06 08 13 07 | 01
#0780-d181 @A: 04 08 07 24 | 10
#0781-d181 @A: 32 27 20 07 | 12
#0782-d181 @A: 09 07 28 10 | 09
#0783-d181 @A: 07 22 12 11 | 05
#0784-d181 @A: 07 10 14 12 | 03
#0785-d181 @A: 01 32 07 22 | 06
#0786-d181 @A: 07 25 11 14 | 04
#0787-d181 @A: 32 26 02 08 | 02
#0788-d181 @A: 02 27 32 13 | 11
#0789-d181 @A: 09 13 11 02 | 08
#0790-d181 @A: 02 09 27 08 | 07
#0791-d181 @A: 11 02 23 12 | 01
#0792-d181 @A: 25 02 12 15 | 10
#0793-d181 @A: 08 30 04 23 | 12
#0794-d181 @A: 30 14 33 29 | 09
#0795-d181 @A: 25 30 24 33 | 05
#0796-d181 @A: 26 06 13 14 | 03
#0797-d181 @A: 06 08 26 25 | 06
#0798-d181 @A: 21 26 09 04 | 04
#0799-d181 @A: 04 22 26 20 | 02
#0800-d181 @A: 23 26 15 32 | 11
#0801-d181 @A: 26 29 20 14 | 08
#0802-d181 @A: 26 10 11 06 | 07
#0803-d181 @A: 15 20 04 13 | 01
#0804-d181 @A: 29 33 13 12 | 10
#0805-d181 @A: 13 10 24 09 | 12
#0806-d181 @A: 21 06 08 32 | 09
#0807-d181 @A: 25 08 09 29 | 05
#0808-d181 @A: 08 25 10 01 | 03
#0809-d181 @A: 23 20 21 27 | 06
#0810-d181 @A: 09 14 22 27 | 04
#0811-d181 @A: 29 27 15 11 | 02
#0812-d181 @A: 04 24 23 28 | 11
#0813-d181 @A: 04 29 20 23 | 08
#0814-d181 @A: 10 01 23 04 | 07
#0815-d181 @A: 29 21 04 11 | 01
#0816-d181 @A: 04 14 22 32 | 10
#0817-d181 @A: 23 28 20 10 | 12
#0818-d181 @A: 29 28 10 25 | 09
#0819-d181 @A: 24 21 09 11 | 05
#0820-d181 @A: 21 09 20 25 | 03
#0821-d181 @A: 31 03 24 07 | 06
#0822-d181 @A: 03 06 31 28 | 04
#0823-d181 @A: 35 03 09 10 | 02
#0824-d181 @A: 05 03 10 34 | 11
#0825-d181 @A: 03 17 28 01 | 08
#0826-d181 @A: 03 32 16 05 | 07
#0827-d181 @A: 24 18 03 27 | 01
#0828-d181 @A: 02 03 07 08 | 10
#0829-d181 @A: 03 30 33 04 | 12
#0830-d181 @A: 24 03 30 28 | 09
#0831-d181 @A: 27 08 03 33 | 05
#0832-d181 @A: 03 23 22 20 | 03
#0833-d181 @A: 03 29 32 23 | 06
#0834-d181 @A: 03 06 25 15 | 04
#0835-d181 @A: 35 31 32 08 | 02
#0836-d181 @A: 33 07 34 31 | 11
#0837-d181 @A: 09 34 29 31 | 08
#0838-d181 @A: 31 24 28 17 | 07
#0839-d181 @A: 19 18 31 14 | 01
#0840-d181 @A: 31 10 02 18 | 10
#0841-d181 @A: 31 13 18 06 | 12
#0842-d181 @A: 24 21 31 02 | 09
#0843-d181 @A: 31 28 30 04 | 05
#0844-d181 @A: 31 08 21 26 | 03
#0845-d181 @A: 04 31 24 13 | 06
#0846-d181 @A: 11 25 13 31 | 04
#0847-d181 @A: 31 21 06 01 | 02
#0848-d181 @A: 32 06 31 11 | 11
#0849-d181 @A: 31 15 10 01 | 08
#0850-d181 @A: 34 06 19 35 | 07
#0851-d181 @A: 33 05 35 16 | 01
#0852-d181 @A: 35 18 04 29 | 10
#0853-d181 @A: 18 28 24 35 | 12
#0854-d181 @A: 26 35 22 09 | 09
#0855-d181 @A: 35 04 21 08 | 05
#0856-d181 @A: 29 20 35 08 | 03
#0857-d181 @A: 12 28 06 35 | 06
#0858-d181 @A: 35 29 22 23 | 04
#0859-d181 @A: 32 09 35 21 | 02
#0860-d181 @A: 20 24 25 35 | 11
#0861-d181 @A: 13 16 34 22 | 08
#0862-d181 @A: 18 34 30 06 | 07
#0863-d181 @A: 05 13 34 24 | 01
#0864-d181 @A: 05 34 20 33 | 10
#0865-d181 @A: 34 30 07 01 | 12
#0866-d181 @A: 08 25 02 34 | 09
#0867-d181 @A: 30 34 25 13 | 05
#0868-d181 @A: 23 34 30 27 | 03
#0869-d181 @A: 21 09 30 34 | 06
#0870-d181 @A: 10 27 26 34 | 04
#0871-d181 @A: 34 09 06 13 | 02
#0872-d181 @A: 24 20 34 08 | 11
#0873-d181 @A: 27 34 15 04 | 08
#0874-d181 @A: 12 33 34 24 | 07
#0875-d181 @A: 34 14 25 21 | 01
#0876-d181 @A: 10 25 34 09 | 10
#0877-d181 @A: 13 05 16 17 | 12
#0878-d181 @A: 27 06 16 17 | 09
#0879-d181 @A: 24 11 16 17 | 05
#0880-d181 @A: 02 25 17 18 | 03
#0881-d181 @A: 17 05 10 04 | 06
#0882-d181 @A: 17 14 07 24 | 04
#0883-d181 @A: 17 02 06 13 | 02
#0884-d181 @A: 17 04 29 02 | 11
#0885-d181 @A: 17 14 04 30 | 08
#0886-d181 @A: 25 17 04 08 | 07
#0887-d181 @A: 22 04 17 21 | 01
#0888-d181 @A: 23 01 17 11 | 10
#0889-d181 @A: 24 23 17 06 | 12
#0890-d181 @A: 09 17 11 33 | 09
#0891-d181 @A: 32 06 17 01 | 05
#0892-d181 @A: 19 07 13 11 | 03
#0893-d181 @A: 19 28 02 32 | 06
#0894-d181 @A: 19 06 08 28 | 04
#0895-d181 @A: 16 07 18 10 | 02
#0896-d181 @A: 24 04 18 16 | 11
#0897-d181 @A: 06 16 07 30 | 08
#0898-d181 @A: 02 08 16 01 | 07
#0899-d181 @A: 28 08 16 24 | 01
#0900-d181 @A: 06 10 23 16 | 10
#0901-d181 @A: 16 24 14 29 | 12
#0902-d181 @A: 26 02 18 14 | 09
#0903-d181 @A: 25 24 18 10 | 05
#0904-d181 @A: 14 05 07 20 | 03
#0905-d181 @A: 28 05 10 02 | 06
#0906-d181 @A: 05 30 08 06 | 04
#0907-d181 @A: 05 33 01 25 | 02
#0908-d181 @A: 05 12 25 20 | 11
#0909-d181 @A: 14 30 02 07 | 08
#0910-d181 @A: 02 25 26 07 | 07
#0911-d181 @A: 22 28 26 07 | 01
#0912-d181 @A: 13 07 32 04 | 10
#0913-d181 @A: 25 07 23 08 | 12
#0914-d181 @A: 01 07 04 27 | 09
#0915-d181 @A: 15 10 07 22 | 05
#0916-d181 @A: 13 15 02 30 | 03
#0917-d181 @A: 01 02 27 26 | 06
#0918-d181 @A: 09 26 02 32 | 04
#0919-d181 @A: 11 02 13 29 | 02
#0920-d181 @A: 22 08 27 02 | 11
#0921-d181 @A: 02 04 27 06 | 08
#0922-d181 @A: 15 28 02 27 | 07
#0923-d181 @A: 12 02 14 24 | 01
#0924-d181 @A: 14 28 30 26 | 10
#0925-d181 @A: 30 28 27 21 | 12
#0926-d181 @A: 23 22 30 11 | 09
#0927-d181 @A: 29 30 24 23 | 05
#0928-d181 @A: 23 10 25 30 | 03
#0929-d181 @A: 12 01 30 21 | 06
#0930-d181 @A: 30 14 09 20 | 04
#0931-d181 @A: 23 13 14 12 | 02
#0932-d181 @A: 32 11 13 12 | 11
#0933-d181 @A: 12 10 20 13 | 08
#0934-d181 @A: 11 10 13 21 | 07
#0935-d181 @A: 15 08 29 23 | 01
#0936-d181 @A: 33 11 22 08 | 10
#0937-d181 @A: 21 22 08 12 | 12
#0938-d181 @A: 09 15 08 21 | 09
#0939-d181 @A: 24 08 22 32 | 05
#0940-d181 @A: 29 14 08 10 | 03
#0941-d181 @A: 11 20 08 06 | 06
#0942-d181 @A: 06 09 25 27 | 04
#0943-d181 @A: 28 33 04 01 | 02
#0944-d181 @A: 23 12 04 22 | 11
#0945-d181 @A: 20 06 33 04 | 08
#0946-d181 @A: 12 14 20 04 | 07
#0947-d181 @A: 23 06 32 28 | 01
#0948-d181 @A: 28 22 33 10 | 10
#0949-d181 @A: 29 21 28 01 | 12
#0950-d181 @A: 32 09 33 20 | 09
#0951-d181 @A: 32 03 34 31 | 05
#0952-d181 @A: 20 26 31 03 | 03
#0953-d181 @A: 03 33 31 09 | 06
#0954-d181 @A: 25 03 35 10 | 04
#0955-d181 @A: 23 03 13 34 | 02
#0956-d181 @A: 03 19 17 32 | 11
#0957-d181 @A: 03 19 27 16 | 08
#0958-d181 @A: 19 13 15 03 | 07
#0959-d181 @A: 07 03 16 25 | 01
#0960-d181 @A: 03 05 25 02 | 10
#0961-d181 @A: 05 09 03 11 | 12
#0962-d181 @A: 03 04 07 15 | 09
#0963-d181 @A: 10 26 03 28 | 05
#0964-d181 @A: 01 09 03 27 | 03
#0965-d181 @A: 11 33 03 25 | 06
#0966-d181 @A: 12 15 14 03 | 04
#0967-d181 @A: 31 05 12 35 | 02
#0968-d181 @A: 26 31 14 17 | 11
#0969-d181 @A: 31 19 21 20 | 08
#0970-d181 @A: 31 01 09 16 | 07
#0971-d181 @A: 04 31 01 05 | 01
#0972-d181 @A: 21 07 14 31 | 10
#0973-d181 @A: 23 08 31 02 | 12
#0974-d181 @A: 32 31 04 02 | 09
#0975-d181 @A: 02 20 31 29 | 05
#0976-d181 @A: 01 30 31 33 | 03
#0977-d181 @A: 09 24 27 31 | 06
#0978-d181 @A: 23 31 22 15 | 04
#0979-d181 @A: 31 23 32 01 | 02
#0980-d181 @A: 33 06 31 22 | 11
#0981-d181 @A: 24 31 33 29 | 08
#0982-d181 @A: 12 15 29 31 | 07
#0983-d181 @A: 31 25 21 15 | 01
#0984-d181 @A: 35 34 13 17 | 10
#0985-d181 @A: 35 17 14 02 | 12
#0986-d181 @A: 17 27 35 15 | 09
#0987-d181 @A: 18 23 32 35 | 05
#0988-d181 @A: 25 05 35 30 | 03
#0989-d181 @A: 30 35 15 07 | 06
#0990-d181 @A: 33 30 35 08 | 04
#0991-d181 @A: 08 10 26 35 | 02
#0992-d181 @A: 23 35 26 25 | 11
#0993-d181 @A: 24 35 27 10 | 08
#0994-d181 @A: 22 21 10 35 | 07
#0995-d181 @A: 25 21 32 35 | 01
#0996-d181 @A: 34 24 19 02 | 10
#0997-d181 @A: 23 19 34 15 | 12
#0998-d181 @A: 34 33 16 27 | 09
#0999-d181 @A: 06 34 01 16 | 05
#1000-d181 @A: 18 10 08 34 | 03
#1001-d181 @A: 22 34 04 07 | 06
#1002-d181 @A: 07 34 15 24 | 04
#1003-d181 @A: 23 28 34 26 | 02
#1004-d181 @A: 34 23 25 22 | 11
#1005-d181 @A: 22 32 33 34 | 08
#1006-d181 @A: 34 32 09 01 | 07
#1007-d181 @A: 20 02 16 17 | 01
#1008-d181 @A: 17 22 16 30 | 10
#1009-d181 @A: 17 18 29 27 | 12
#1010-d181 @A: 12 18 17 01 | 09
#1011-d181 @A: 27 01 17 05 | 05
#1012-d181 @A: 07 17 09 13 | 03
#1013-d181 @A: 17 29 23 07 | 06
#1014-d181 @A: 28 17 30 10 | 04
#1015-d181 @A: 25 17 29 13 | 02
#1016-d181 @A: 01 14 17 13 | 11
#1017-d181 @A: 17 04 32 27 | 08
#1018-d181 @A: 17 25 33 06 | 07
#1019-d181 @A: 32 17 12 14 | 01
#1020-d181 @A: 29 06 14 17 | 10
#1021-d181 @A: 19 18 27 10 | 12
#1022-d181 @A: 21 28 05 19 | 09
#1023-d181 @A: 23 07 21 19 | 05
#1024-d181 @A: 27 29 19 14 | 03
#1025-d181 @A: 19 24 28 29 | 06
#1026-d181 @A: 29 19 12 06 | 04
#1027-d181 @A: 07 01 05 16 | 02
#1028-d181 @A: 07 02 16 11 | 11
#1029-d181 @A: 08 07 22 16 | 08
#1030-d181 @A: 28 27 25 16 | 07
#1031-d181 @A: 22 01 16 27 | 01
#1032-d181 @A: 28 16 32 29 | 10
#1033-d181 @A: 21 12 16 25 | 12
#1034-d181 @A: 16 21 09 29 | 09
#1035-d181 @A: 08 18 07 11 | 05
#1036-d181 @A: 21 18 32 07 | 03
#1037-d181 @A: 23 18 27 02 | 06
#1038-d181 @A: 09 18 04 26 | 04
#1039-d181 @A: 13 18 20 28 | 02
#1040-d181 @A: 23 08 18 28 | 11
#1041-d181 @A: 24 06 18 15 | 08
#1042-d181 @A: 02 08 14 05 | 07
#1043-d181 @A: 32 05 26 04 | 01
#1044-d181 @A: 06 05 23 22 | 10
#1045-d181 @A: 05 32 24 33 | 12
#1046-d181 @A: 21 22 05 09 | 09
#1047-d181 @A: 05 21 10 29 | 05
#1048-d181 @A: 05 32 14 29 | 03
#1049-d181 @A: 14 09 05 24 | 06
#1050-d181 @A: 30 23 07 28 | 04
#1051-d181 @A: 13 01 07 23 | 02
#1052-d181 @A: 07 09 29 12 | 11
#1053-d181 @A: 07 12 32 24 | 08
#1054-d181 @A: 30 29 02 22 | 07
#1055-d181 @A: 23 04 02 26 | 01
#1056-d181 @A: 20 10 33 02 | 10
#1057-d181 @A: 02 25 29 24 | 12
#1058-d181 @A: 02 14 01 32 | 09
#1059-d181 @A: 21 30 26 04 | 05
#1060-d181 @A: 04 30 13 29 | 03
#1061-d181 @A: 30 21 13 23 | 06
#1062-d181 @A: 12 22 30 33 | 04
#1063-d181 @A: 10 33 15 30 | 02
#1064-d181 @A: 29 11 30 06 | 11
#1065-d181 @A: 06 26 23 29 | 08
#1066-d181 @A: 12 32 33 26 | 07
#1067-d181 @A: 20 32 26 25 | 01
#1068-d181 @A: 25 13 08 33 | 10
#1069-d181 @A: 15 32 13 33 | 12
#1070-d181 @A: 21 32 13 14 | 09
#1071-d181 @A: 29 13 01 22 | 05
#1072-d181 @A: 08 15 33 01 | 03
#1073-d181 @A: 08 33 09 14 | 06
#1074-d181 @A: 22 06 08 09 | 04
#1075-d181 @A: 23 10 11 27 | 02
#1076-d181 @A: 24 21 25 27 | 11
#1077-d181 @A: 27 01 24 14 | 08
#1078-d181 @A: 14 27 15 10 | 07
#1079-d181 @A: 21 28 12 04 | 01
#1080-d181 @A: 33 04 25 21 | 10
#1081-d181 @A: 15 04 24 33 | 12
#1082-d181 @A: 22 04 09 15 | 09
#1083-d181 @A: 29 28 23 12 | 05
#1084-d181 @A: 20 28 32 21 | 03
#1085-d181 @A: 24 28 22 25 | 06
#1086-d181 @A: 28 15 14 32 | 04
#1087-d181 @A: 09 24 15 06 | 02
#1088-d181 @A: 25 03 12 31 | 11
#1089-d181 @A: 03 14 28 19 | 08
#1090-d181 @A: 09 19 15 03 | 07
#1091-d181 @A: 16 23 02 03 | 01
#1092-d181 @A: 02 18 03 32 | 10
#1093-d181 @A: 18 28 21 03 | 12
#1094-d181 @A: 05 07 03 29 | 09
#1095-d181 @A: 29 10 30 03 | 05
#1096-d181 @A: 13 03 26 32 | 03
#1097-d181 @A: 03 08 26 24 | 06
#1098-d181 @A: 08 09 04 03 | 04
#1099-d181 @A: 08 03 32 12 | 02
#1100-d181 @A: 03 15 01 27 | 11
#1101-d181 @A: 12 06 33 03 | 08
#1102-d181 @A: 03 22 33 15 | 07
#1103-d181 @A: 03 21 11 32 | 01
#1104-d181 @A: 01 20 10 03 | 10
#1105-d181 @A: 06 30 31 35 | 12
#1106-d181 @A: 06 31 35 09 | 09
#1107-d181 @A: 31 01 13 34 | 05
#1108-d181 @A: 01 31 19 17 | 03
#1109-d181 @A: 29 16 31 17 | 06
#1110-d181 @A: 32 16 31 19 | 04
#1111-d181 @A: 31 21 16 04 | 02
#1112-d181 @A: 31 26 18 15 | 11
#1113-d181 @A: 25 22 31 18 | 08
#1114-d181 @A: 11 31 30 15 | 07
#1115-d181 @A: 32 31 27 26 | 01
#1116-d181 @A: 06 04 26 31 | 10
#1117-d181 @A: 09 31 08 10 | 12
#1118-d181 @A: 10 23 31 21 | 09
#1119-d181 @A: 14 12 11 31 | 05
#1120-d181 @A: 11 01 31 20 | 03
#1121-d181 @A: 18 34 11 35 | 06
#1122-d181 @A: 34 26 35 20 | 04
#1123-d181 @A: 35 34 22 27 | 02
#1124-d181 @A: 05 35 27 06 | 11
#1125-d181 @A: 35 07 21 02 | 08
#1126-d181 @A: 27 07 35 14 | 07
#1127-d181 @A: 30 35 32 02 | 01
#1128-d181 @A: 26 35 27 11 | 10
#1129-d181 @A: 20 27 35 09 | 12
#1130-d181 @A: 22 12 20 35 | 09
#1131-d181 @A: 12 14 25 35 | 05
#1132-d181 @A: 30 20 17 34 | 03
#1133-d181 @A: 09 22 34 19 | 06
#1134-d181 @A: 11 16 26 34 | 04
#1135-d181 @A: 34 18 01 04 | 02
#1136-d181 @A: 18 32 24 34 | 11
#1137-d181 @A: 07 27 11 34 | 08
#1138-d181 @A: 13 20 34 02 | 07
#1139-d181 @A: 15 28 30 34 | 01
#1140-d181 @A: 34 27 13 29 | 10
#1141-d181 @A: 34 10 28 13 | 12
#1142-d181 @A: 14 06 34 24 | 09
#1143-d181 @A: 19 02 21 17 | 05
#1144-d181 @A: 17 30 08 19 | 03
#1145-d181 @A: 30 09 17 19 | 06
#1146-d181 @A: 27 19 17 23 | 04
#1147-d181 @A: 17 16 10 01 | 02
#1148-d181 @A: 05 28 17 25 | 11
#1149-d181 @A: 17 07 25 30 | 08
#1150-d181 @A: 02 11 08 17 | 07
#1151-d181 @A: 13 32 17 24 | 01
#1152-d181 @A: 09 17 27 23 | 10
#1153-d181 @A: 17 10 33 29 | 12
#1154-d181 @A: 10 24 17 20 | 09
#1155-d181 @A: 01 19 20 16 | 05
#1156-d181 @A: 18 30 25 19 | 03
#1157-d181 @A: 08 18 21 19 | 06
#1158-d181 @A: 08 32 19 05 | 04
#1159-d181 @A: 07 14 26 19 | 02
#1160-d181 @A: 19 29 10 15 | 11
#1161-d181 @A: 14 32 19 24 | 08
#1162-d181 @A: 11 01 19 06 | 07
#1163-d181 @A: 11 14 15 19 | 01
#1164-d181 @A: 09 16 18 25 | 10
#1165-d181 @A: 05 28 06 16 | 12
#1166-d181 @A: 16 09 22 02 | 09
#1167-d181 @A: 24 16 30 13 | 05
#1168-d181 @A: 33 26 16 08 | 03
#1169-d181 @A: 27 20 26 16 | 06
#1170-d181 @A: 04 11 16 13 | 04
#1171-d181 @A: 16 29 20 22 | 02
#1172-d181 @A: 11 05 18 30 | 11
#1173-d181 @A: 09 05 23 18 | 08
#1174-d181 @A: 18 20 23 24 | 07
#1175-d181 @A: 14 18 23 10 | 01
#1176-d181 @A: 18 21 20 12 | 10
#1177-d181 @A: 22 21 11 18 | 12
#1178-d181 @A: 20 18 15 22 | 09
#1179-d181 @A: 11 14 29 18 | 05
#1180-d181 @A: 32 20 18 14 | 03
#1181-d181 @A: 08 05 07 12 | 06
#1182-d181 @A: 05 12 14 30 | 04
#1183-d181 @A: 13 08 29 05 | 02
#1184-d181 @A: 04 05 08 33 | 11
#1185-d181 @A: 28 27 05 29 | 08
#1186-d181 @A: 05 12 15 01 | 07
#1187-d181 @A: 22 32 10 05 | 01
#1188-d181 @A: 06 01 10 05 | 10
#1189-d181 @A: 26 21 07 33 | 12
#1190-d181 @A: 07 08 29 33 | 09
#1191-d181 @A: 07 27 11 09 | 05
#1192-d181 @A: 07 24 22 23 | 03
#1193-d181 @A: 09 23 07 32 | 06
#1194-d181 @A: 07 20 24 33 | 04
#1195-d181 @A: 07 12 15 21 | 02
#1196-d181 @A: 07 29 32 15 | 11
#1197-d181 @A: 11 29 07 01 | 08
#1198-d181 @A: 29 24 07 06 | 07
#1199-d181 @A: 09 06 07 20 | 01
#1200-d181 @A: 24 23 02 32 | 10
#1201-d181 @A: 33 14 21 02 | 12
#1202-d181 @A: 29 02 33 32 | 09
#1203-d181 @A: 02 01 12 06 | 05
#1204-d181 @A: 29 21 02 06 | 03
#1205-d181 @A: 24 11 02 10 | 06
#1206-d181 @A: 30 12 32 10 | 04
#1207-d181 @A: 21 24 30 22 | 02
#1208-d181 @A: 30 09 29 24 | 11
#1209-d181 @A: 15 04 26 08 | 08
#1210-d181 @A: 26 24 23 11 | 07
#1211-d181 @A: 01 22 26 25 | 01
#1212-d181 @A: 26 01 24 20 | 10
#1213-d181 @A: 25 15 14 26 | 12
#1214-d181 @A: 24 06 13 27 | 09
#1215-d181 @A: 13 12 24 01 | 05
#1216-d181 @A: 12 08 04 27 | 03
#1217-d181 @A: 08 28 32 27 | 06
#1218-d181 @A: 08 01 14 21 | 04
#1219-d181 @A: 25 14 27 04 | 02
#1220-d181 @A: 27 33 22 20 | 11
#1221-d181 @A: 27 12 29 21 | 08
#1222-d181 @A: 27 32 09 12 | 07
#1223-d181 @A: 32 27 15 09 | 01
#1224-d181 @A: 15 10 28 04 | 10
#1225-d181 @A: 04 25 24 12 | 12
#1226-d181 @A: 32 20 24 04 | 09
#1227-d181 @A: 04 14 06 01 | 05
#1228-d181 @A: 09 04 20 10 | 03
#1229-d181 @A: 25 15 28 23 | 06
#1230-d181 @A: 20 28 12 24 | 04
#1231-d181 @A: 29 06 28 20 | 02
#1232-d181 @A: 14 28 10 06 | 11
#1233-d181 @A: 28 14 20 01 | 08
#1234-d181 @A: 01 09 33 10 | 07
#1235-d181 @A: 22 32 09 11 | 01
#1236-d181 @A: 06 29 11 09 | 10
#1237-d181 @A: 16 33 31 03 | 12
#1238-d181 @A: 03 21 29 31 | 09
#1239-d181 @A: 02 35 03 26 | 05
#1240-d181 @A: 22 34 03 19 | 03
#1241-d181 @A: 08 11 34 03 | 06
#1242-d181 @A: 17 05 03 14 | 04
#1243-d181 @A: 03 09 17 26 | 02
#1244-d181 @A: 03 13 21 17 | 11
#1245-d181 @A: 17 27 03 22 | 08
#1246-d181 @A: 11 19 03 26 | 07
#1247-d181 @A: 19 12 03 01 | 01
#1248-d181 @A: 14 03 16 26 | 10
#1249-d181 @A: 23 03 07 18 | 12
#1250-d181 @A: 04 03 18 25 | 09
#1251-d181 @A: 05 03 23 24 | 05
#1252-d181 @A: 07 03 32 28 | 03
#1253-d181 @A: 04 03 29 26 | 06
#1254-d181 @A: 13 28 11 03 | 04
#1255-d181 @A: 08 03 06 29 | 02
#1256-d181 @A: 03 21 12 23 | 11
#1257-d181 @A: 01 14 22 03 | 08
#1258-d181 @A: 14 03 10 11 | 07
#1259-d181 @A: 13 35 29 31 | 01
#1260-d181 @A: 06 31 29 34 | 10
#1261-d181 @A: 30 21 17 31 | 12
#1262-d181 @A: 07 31 18 20 | 09
#1263-d181 @A: 30 18 24 31 | 05
#1264-d181 @A: 05 29 31 26 | 03
#1265-d181 @A: 10 05 13 31 | 06
#1266-d181 @A: 05 31 25 06 | 04
#1267-d181 @A: 06 02 07 31 | 02
#1268-d181 @A: 07 25 10 31 | 11
#1269-d181 @A: 23 31 30 26 | 08
#1270-d181 @A: 09 26 31 11 | 07
#1271-d181 @A: 21 31 13 28 | 01
#1272-d181 @A: 29 27 08 31 | 10
#1273-d181 @A: 28 22 08 31 | 12
#1274-d181 @A: 10 31 11 33 | 09
#1275-d181 @A: 31 25 01 24 | 05
#1276-d181 @A: 35 25 29 34 | 03
#1277-d181 @A: 19 35 26 30 | 06
#1278-d181 @A: 01 16 04 35 | 04
#1279-d181 @A: 35 26 05 21 | 02
#1280-d181 @A: 23 30 20 35 | 11
#1281-d181 @A: 01 28 13 35 | 08
#1282-d181 @A: 15 32 22 35 | 07
#1283-d181 @A: 07 18 17 34 | 01
#1284-d181 @A: 23 02 34 17 | 10
#1285-d181 @A: 16 32 08 34 | 12
#1286-d181 @A: 02 34 18 09 | 09
#1287-d181 @A: 05 34 23 07 | 05
#1288-d181 @A: 25 04 05 34 | 03
#1289-d181 @A: 14 34 04 26 | 06
#1290-d181 @A: 32 01 26 34 | 04
#1291-d181 @A: 13 34 12 04 | 02
#1292-d181 @A: 33 08 28 34 | 11
#1293-d181 @A: 08 23 06 34 | 08
#1294-d181 @A: 21 10 34 04 | 07
#1295-d181 @A: 28 34 12 09 | 01
#1296-d181 @A: 23 21 34 24 | 10
#1297-d181 @A: 10 34 24 29 | 12
#1298-d181 @A: 19 11 25 17 | 09
#1299-d181 @A: 12 05 33 17 | 05
#1300-d181 @A: 01 07 02 17 | 03
#1301-d181 @A: 30 29 17 12 | 06
#1302-d181 @A: 28 08 14 17 | 04
#1303-d181 @A: 11 27 17 28 | 02
#1304-d181 @A: 33 17 20 14 | 11
#1305-d181 @A: 17 06 21 20 | 08
#1306-d181 @A: 20 17 29 32 | 07
#1307-d181 @A: 07 19 02 22 | 01
#1308-d181 @A: 25 19 07 04 | 10
#1309-d181 @A: 08 02 15 19 | 12
#1310-d181 @A: 30 28 11 19 | 09
#1311-d181 @A: 26 09 19 20 | 05
#1312-d181 @A: 04 28 27 19 | 03
#1313-d181 @A: 19 22 27 12 | 06
#1314-d181 @A: 19 24 01 23 | 04
#1315-d181 @A: 33 01 19 14 | 02
#1316-d181 @A: 19 11 12 24 | 11
#1317-d181 @A: 14 22 19 06 | 08
#1318-d181 @A: 16 18 14 21 | 07
#1319-d181 @A: 16 02 24 05 | 01
#1320-d181 @A: 26 22 16 02 | 10
#1321-d181 @A: 16 30 29 08 | 12
#1322-d181 @A: 20 08 16 14 | 09
#1323-d181 @A: 16 32 12 15 | 05
#1324-d181 @A: 02 18 05 29 | 03
#1325-d181 @A: 07 26 18 13 | 06
#1326-d181 @A: 15 07 18 25 | 04
#1327-d181 @A: 27 26 18 25 | 02
#1328-d181 @A: 27 04 18 21 | 11
#1329-d181 @A: 18 09 06 12 | 08
#1330-d181 @A: 18 01 10 22 | 07
#1331-d181 @A: 29 14 18 09 | 01
#1332-d181 @A: 18 25 32 11 | 10
#1333-d181 @A: 25 14 18 06 | 12
#1334-d181 @A: 20 28 08 05 | 09
#1335-d181 @A: 05 25 23 32 | 05
#1336-d181 @A: 29 05 12 11 | 03
#1337-d181 @A: 24 14 25 05 | 06
#1338-d181 @A: 25 13 07 24 | 04
#1339-d181 @A: 20 21 07 22 | 02
#1340-d181 @A: 24 09 22 07 | 11
#1341-d181 @A: 07 01 10 24 | 08
#1342-d181 @A: 20 15 07 06 | 07
#1343-d181 @A: 33 26 02 30 | 01
#1344-d181 @A: 30 27 02 25 | 10
#1345-d181 @A: 12 02 30 04 | 12
#1346-d181 @A: 30 20 28 02 | 09
#1347-d181 @A: 10 30 02 09 | 05
#1348-d181 @A: 06 26 24 02 | 03
#1349-d181 @A: 04 13 22 02 | 06
#1350-d181 @A: 02 28 23 13 | 04
#1351-d181 @A: 29 02 08 28 | 02
#1352-d181 @A: 02 25 14 28 | 11
#1353-d181 @A: 22 21 02 23 | 08
#1354-d181 @A: 11 21 02 01 | 07
#1355-d181 @A: 28 30 12 08 | 01
#1356-d181 @A: 27 30 10 04 | 10
#1357-d181 @A: 06 30 20 27 | 12
#1358-d181 @A: 29 20 30 21 | 09
#1359-d181 @A: 10 30 21 14 | 05
#1360-d181 @A: 24 30 11 32 | 03
#1361-d181 @A: 10 30 24 06 | 06
#1362-d181 @A: 27 12 13 26 | 04
#1363-d181 @A: 24 26 27 04 | 02
#1364-d181 @A: 26 27 09 28 | 11
#1365-d181 @A: 14 26 23 21 | 08
#1366-d181 @A: 26 12 14 01 | 07
#1367-d181 @A: 27 13 22 28 | 01
#1368-d181 @A: 13 33 29 09 | 10
#1369-d181 @A: 09 22 12 13 | 12
#1370-d181 @A: 10 22 13 06 | 09
#1371-d181 @A: 14 13 10 24 | 05
#1372-d181 @A: 21 08 10 28 | 03
#1373-d181 @A: 24 08 23 10 | 06
#1374-d181 @A: 01 08 20 23 | 04
#1375-d181 @A: 29 12 25 08 | 02
#1376-d181 @A: 15 08 32 25 | 11
#1377-d181 @A: 28 27 23 14 | 08
#1378-d181 @A: 12 14 27 06 | 07
#1379-d181 @A: 25 04 06 29 | 01
#1380-d181 @A: 06 32 10 04 | 10
#1381-d181 @A: 11 23 28 21 | 12
#1382-d181 @A: 23 01 22 28 | 09
#1383-d181 @A: 33 29 28 11 | 05
#1384-d181 @A: 28 09 01 11 | 03
#1385-d181 @A: 06 28 15 01 | 06
#1386-d181 @A: 12 11 23 09 | 04
#1387-d181 @A: 31 35 03 14 | 02
#1388-d181 @A: 03 31 08 01 | 11
#1389-d181 @A: 03 21 34 30 | 08
#1390-d181 @A: 03 26 34 15 | 07
#1391-d181 @A: 27 20 03 34 | 01
#1392-d181 @A: 06 34 04 03 | 10
#1393-d181 @A: 24 34 09 03 | 12
#1394-d181 @A: 03 10 18 17 | 09
#1395-d181 @A: 13 03 29 16 | 05
#1396-d181 @A: 20 03 18 08 | 03
#1397-d181 @A: 03 15 18 29 | 06
#1398-d181 @A: 22 03 11 05 | 04
#1399-d181 @A: 30 03 11 07 | 02
#1400-d181 @A: 03 06 27 07 | 11
#1401-d181 @A: 20 03 12 02 | 08
#1402-d181 @A: 23 11 03 06 | 07
#1403-d181 @A: 03 12 24 10 | 01
#1404-d181 @A: 20 12 03 09 | 10
#1405-d181 @A: 12 34 02 31 | 12
#1406-d181 @A: 17 31 14 09 | 09
#1407-d181 @A: 27 19 31 33 | 05
#1408-d181 @A: 09 31 19 04 | 03
#1409-d181 @A: 19 28 12 31 | 06
#1410-d181 @A: 31 02 16 27 | 04
#1411-d181 @A: 09 31 07 15 | 02
#1412-d181 @A: 10 31 20 30 | 11
#1413-d181 @A: 26 25 31 28 | 08
#1414-d181 @A: 31 23 33 04 | 07
#1415-d181 @A: 20 28 09 31 | 01
#1416-d181 @A: 23 31 14 24 | 10
#1417-d181 @A: 31 32 21 22 | 12
#1418-d181 @A: 25 22 09 31 | 09
#1419-d181 @A: 07 34 09 35 | 05
#1420-d181 @A: 12 35 17 08 | 03
#1421-d181 @A: 17 10 35 23 | 06
#1422-d181 @A: 02 35 01 19 | 04
#1423-d181 @A: 08 35 11 16 | 02
#1424-d181 @A: 18 35 06 07 | 11
#1425-d181 @A: 35 18 27 30 | 08
#1426-d181 @A: 35 05 14 28 | 07
#1427-d181 @A: 32 26 35 28 | 01
#1428-d181 @A: 27 21 35 13 | 10
#1429-d181 @A: 09 28 04 35 | 12
#1430-d181 @A: 35 24 12 23 | 09
#1431-d181 @A: 35 33 11 14 | 05
#1432-d181 @A: 11 35 12 10 | 03
#1433-d181 @A: 35 32 24 06 | 06
#1434-d181 @A: 15 35 25 11 | 04
#1435-d181 @A: 24 15 35 01 | 02
#1436-d181 @A: 12 16 17 34 | 11
#1437-d181 @A: 34 26 17 22 | 08
#1438-d181 @A: 34 27 17 14 | 07
#1439-d181 @A: 34 33 17 11 | 01
#1440-d181 @A: 27 34 25 19 | 10
#1441-d181 @A: 34 14 16 02 | 12
#1442-d181 @A: 14 34 33 18 | 09
#1443-d181 @A: 05 34 20 09 | 05
#1444-d181 @A: 13 07 34 21 | 03
#1445-d181 @A: 09 21 33 34 | 06
#1446-d181 @A: 14 34 22 15 | 04
#1447-d181 @A: 17 06 26 19 | 02
#1448-d181 @A: 18 08 17 26 | 11
#1449-d181 @A: 17 24 02 30 | 08
#1450-d181 @A: 20 26 13 17 | 07
#1451-d181 @A: 08 17 22 13 | 01
#1452-d181 @A: 21 24 01 17 | 10
#1453-d181 @A: 17 22 10 11 | 12
#1454-d181 @A: 17 15 24 25 | 09
#1455-d181 @A: 18 12 19 05 | 05
#1456-d181 @A: 19 18 23 04 | 03
#1457-d181 @A: 07 05 19 06 | 06
#1458-d181 @A: 26 05 19 23 | 04
#1459-d181 @A: 32 19 07 30 | 02
#1460-d181 @A: 20 02 26 19 | 11
#1461-d181 @A: 02 19 13 12 | 08
#1462-d181 @A: 10 19 02 23 | 07
#1463-d181 @A: 19 10 22 30 | 01
#1464-d181 @A: 19 27 26 15 | 10
#1465-d181 @A: 25 19 26 21 | 12
#1466-d181 @A: 24 13 19 08 | 09
#1467-d181 @A: 19 13 27 20 | 05
#1468-d181 @A: 13 09 27 19 | 03
#1469-d181 @A: 06 20 19 23 | 06
#1470-d181 @A: 19 32 22 20 | 04
#1471-d181 @A: 18 16 26 29 | 02
#1472-d181 @A: 05 16 04 12 | 11
#1473-d181 @A: 16 15 22 05 | 08
#1474-d181 @A: 32 16 07 26 | 07
#1475-d181 @A: 27 16 07 12 | 01
#1476-d181 @A: 16 02 13 33 | 10
#1477-d181 @A: 10 16 27 13 | 12
#1478-d181 @A: 08 21 27 16 | 09
#1479-d181 @A: 12 16 01 29 | 05
#1480-d181 @A: 24 16 12 09 | 03
#1481-d181 @A: 25 11 22 16 | 06
#1482-d181 @A: 24 01 32 16 | 04
#1483-d181 @A: 18 25 08 05 | 02
#1484-d181 @A: 05 18 33 22 | 11
#1485-d181 @A: 18 01 09 07 | 08
#1486-d181 @A: 10 30 18 26 | 07
#1487-d181 @A: 30 12 13 18 | 01
#1488-d181 @A: 08 27 06 18 | 10
#1489-d181 @A: 33 27 18 09 | 12
#1490-d181 @A: 18 12 33 10 | 09
#1491-d181 @A: 06 18 22 12 | 05
#1492-d181 @A: 21 18 10 15 | 03
#1493-d181 @A: 06 01 29 18 | 06
#1494-d181 @A: 07 05 26 15 | 04
#1495-d181 @A: 21 20 05 02 | 02
#1496-d181 @A: 02 05 15 06 | 11
#1497-d181 @A: 05 04 13 09 | 08
#1498-d181 @A: 32 28 13 05 | 07
#1499-d181 @A: 27 32 11 05 | 01
#1500-d181 @A: 05 15 29 20 | 10
#1501-d181 @A: 04 02 09 07 | 12
#1502-d181 @A: 20 30 07 04 | 09
#1503-d181 @A: 32 07 14 08 | 05
#1504-d181 @A: 25 07 33 22 | 03
#1505-d181 @A: 07 20 29 12 | 06
#1506-d181 @A: 33 25 23 02 | 04
#1507-d181 @A: 25 02 21 10 | 02
#1508-d181 @A: 29 10 01 02 | 11
#1509-d181 @A: 09 24 20 02 | 08
#1510-d181 @A: 01 30 26 13 | 07
#1511-d181 @A: 30 06 32 26 | 01
#1512-d181 @A: 25 01 30 28 | 10
#1513-d181 @A: 21 25 11 30 | 12
#1514-d181 @A: 11 09 30 25 | 09
#1515-d181 @A: 08 14 27 26 | 05
#1516-d181 @A: 28 20 26 15 | 03
#1517-d181 @A: 26 33 06 15 | 06
#1518-d181 @A: 09 24 12 26 | 04
#1519-d181 @A: 24 15 26 29 | 02
#1520-d181 @A: 27 04 33 13 | 11
#1521-d181 @A: 13 24 15 23 | 08
#1522-d181 @A: 08 09 23 20 | 07
#1523-d181 @A: 11 15 21 08 | 01
#1524-d181 @A: 08 14 25 22 | 10
#1525-d181 @A: 10 22 20 08 | 12
#1526-d181 @A: 15 23 27 12 | 09
#1527-d181 @A: 21 01 10 27 | 05
#1528-d181 @A: 25 10 22 27 | 03
#1529-d181 @A: 27 29 32 24 | 06
#1530-d181 @A: 25 06 27 11 | 04
#1531-d181 @A: 14 29 04 28 | 02
#1532-d181 @A: 11 14 04 24 | 11
#1533-d181 @A: 22 28 15 29 | 08
#1534-d181 @A: 23 22 09 10 | 07
#1535-d181 @A: 01 22 09 20 | 01
#1536-d181 @A: 02 03 31 30 | 10
#1537-d181 @A: 03 13 06 35 | 12
#1538-d181 @A: 34 16 24 03 | 09
#1539-d181 @A: 03 34 01 02 | 05
#1540-d181 @A: 03 28 34 29 | 03
#1541-d181 @A: 16 17 03 08 | 06
#1542-d181 @A: 17 23 03 26 | 04
#1543-d181 @A: 17 03 04 12 | 02
#1544-d181 @A: 19 03 25 20 | 11
#1545-d181 @A: 03 30 01 16 | 08
#1546-d181 @A: 09 16 30 03 | 07
#1547-d181 @A: 16 12 03 11 | 01
#1548-d181 @A: 14 30 18 03 | 10
#1549-d181 @A: 20 05 06 03 | 12
#1550-d181 @A: 26 30 03 25 | 09
#1551-d181 @A: 13 27 03 25 | 05
#1552-d181 @A: 29 20 03 33 | 03
#1553-d181 @A: 32 29 03 09 | 06
#1554-d181 @A: 31 35 01 27 | 04
#1555-d181 @A: 35 31 28 10 | 02
#1556-d181 @A: 31 10 17 34 | 11
#1557-d181 @A: 11 31 24 34 | 08
#1558-d181 @A: 25 27 17 31 | 07
#1559-d181 @A: 19 31 08 07 | 01
#1560-d181 @A: 11 22 19 31 | 10
#1561-d181 @A: 18 31 28 29 | 12
#1562-d181 @A: 31 23 28 05 | 09
#1563-d181 @A: 31 28 02 01 | 05
#1564-d181 @A: 23 31 06 12 | 03
#1565-d181 @A: 12 22 01 31 | 06
#1566-d181 @A: 32 20 31 12 | 04
#1567-d181 @A: 01 35 34 05 | 02
#1568-d181 @A: 17 05 29 35 | 11
#1569-d181 @A: 04 06 35 17 | 08
#1570-d181 @A: 05 11 35 19 | 07
#1571-d181 @A: 32 19 35 27 | 01
#1572-d181 @A: 16 13 35 32 | 10
#1573-d181 @A: 35 20 02 18 | 12
#1574-d181 @A: 08 13 35 18 | 09
#1575-d181 @A: 35 15 14 23 | 05
#1576-d181 @A: 24 21 33 35 | 03
#1577-d181 @A: 35 33 29 15 | 06
#1578-d181 @A: 32 29 35 12 | 04
#1579-d181 @A: 21 29 35 14 | 02
#1580-d181 @A: 06 35 21 15 | 11
#1581-d181 @A: 11 29 24 35 | 08
#1582-d181 @A: 33 19 34 30 | 07
#1583-d181 @A: 19 34 08 12 | 01
#1584-d181 @A: 07 34 16 29 | 10
#1585-d181 @A: 16 34 10 30 | 12
#1586-d181 @A: 02 34 04 33 | 09
#1587-d181 @A: 34 08 27 01 | 05
#1588-d181 @A: 20 10 32 34 | 03
#1589-d181 @A: 34 25 11 01 | 06
#1590-d181 @A: 25 34 10 06 | 04
#1591-d181 @A: 26 16 21 17 | 02
#1592-d181 @A: 04 15 16 17 | 11
#1593-d181 @A: 17 18 13 11 | 08
#1594-d181 @A: 18 17 28 06 | 07
#1595-d181 @A: 11 05 17 07 | 01
#1596-d181 @A: 05 32 02 17 | 10
#1597-d181 @A: 06 07 17 22 | 12
#1598-d181 @A: 17 26 25 12 | 09
#1599-d181 @A: 01 08 29 17 | 05
#1600-d181 @A: 09 28 17 22 | 03
#1601-d181 @A: 21 23 17 25 | 06
#1602-d181 @A: 17 21 33 32 | 04
#1603-d181 @A: 17 15 21 29 | 02
#1604-d181 @A: 11 14 21 17 | 11
#1605-d181 @A: 05 19 16 29 | 08
#1606-d181 @A: 06 16 13 19 | 07
#1607-d181 @A: 22 19 16 04 | 01
#1608-d181 @A: 18 02 11 19 | 10
#1609-d181 @A: 19 05 04 20 | 12
#1610-d181 @A: 19 09 10 05 | 09
#1611-d181 @A: 04 06 30 19 | 05
#1612-d181 @A: 19 21 30 15 | 03
#1613-d181 @A: 33 28 19 26 | 06
#1614-d181 @A: 19 11 27 08 | 04
#1615-d181 @A: 19 11 21 33 | 02
#1616-d181 @A: 19 10 12 25 | 11
#1617-d181 @A: 10 19 11 32 | 08
#1618-d181 @A: 11 18 16 27 | 07
#1619-d181 @A: 16 18 28 12 | 01
#1620-d181 @A: 18 16 22 23 | 10
#1621-d181 @A: 07 09 26 16 | 12
#1622-d181 @A: 16 13 20 07 | 09
#1623-d181 @A: 02 04 16 28 | 05
#1624-d181 @A: 16 26 15 30 | 03
#1625-d181 @A: 25 30 04 16 | 06
#1626-d181 @A: 13 23 16 26 | 04
#1627-d181 @A: 14 28 16 13 | 02
#1628-d181 @A: 24 16 21 20 | 11
#1629-d181 @A: 10 16 11 29 | 08
#1630-d181 @A: 09 20 15 16 | 07
#1631-d181 @A: 15 28 05 18 | 01
#1632-d181 @A: 28 14 07 18 | 10
#1633-d181 @A: 08 24 02 18 | 12
#1634-d181 @A: 28 01 18 27 | 09
#1635-d181 @A: 18 23 33 11 | 05
#1636-d181 @A: 06 18 23 21 | 03
#1637-d181 @A: 01 18 25 21 | 06
#1638-d181 @A: 22 30 28 05 | 04
#1639-d181 @A: 32 21 05 30 | 02
#1640-d181 @A: 05 01 28 24 | 11
#1641-d181 @A: 24 05 20 22 | 08
#1642-d181 @A: 10 11 25 05 | 07
#1643-d181 @A: 27 07 02 29 | 01
#1644-d181 @A: 04 26 11 07 | 10
#1645-d181 @A: 27 15 07 08 | 12
#1646-d181 @A: 07 08 01 28 | 09
#1647-d181 @A: 33 12 07 23 | 05
#1648-d181 @A: 07 11 23 15 | 03
#1649-d181 @A: 33 06 07 01 | 06
#1650-d181 @A: 07 29 14 22 | 04
#1651-d181 @A: 20 07 11 10 | 02
#1652-d181 @A: 29 22 02 09 | 11
#1653-d181 @A: 15 22 24 02 | 08
#1654-d181 @A: 32 10 15 02 | 07
#1655-d181 @A: 06 14 11 02 | 01
#1656-d181 @A: 25 02 11 20 | 10
#1657-d181 @A: 09 14 02 15 | 12
#1658-d181 @A: 30 11 12 27 | 09
#1659-d181 @A: 23 14 01 30 | 05
#1660-d181 @A: 14 30 25 32 | 03
#1661-d181 @A: 15 14 06 30 | 06
#1662-d181 @A: 20 01 15 30 | 04
#1663-d181 @A: 26 09 25 13 | 02
#1664-d181 @A: 23 22 26 10 | 11
#1665-d181 @A: 10 25 26 33 | 08
#1666-d181 @A: 32 22 29 26 | 07
#1667-d181 @A: 26 09 01 15 | 01
#1668-d181 @A: 29 13 23 10 | 10
#1669-d181 @A: 20 13 23 32 | 12
#1670-d181 @A: 13 06 12 21 | 09
#1671-d181 @A: 15 21 13 22 | 05
#1672-d181 @A: 13 22 11 20 | 03
#1673-d181 @A: 13 11 06 15 | 06
#1674-d181 @A: 20 01 13 06 | 04
#1675-d181 @A: 08 11 10 04 | 02
#1676-d181 @A: 22 15 06 08 | 11
#1677-d181 @A: 11 08 29 32 | 08
#1678-d181 @A: 27 09 04 29 | 07
#1679-d181 @A: 04 32 25 28 | 01
#1680-d181 @A: 04 12 29 10 | 10
#1681-d181 @A: 04 15 14 21 | 12
#1682-d181 @A: 15 04 25 22 | 09
#1683-d181 @A: 25 09 04 01 | 05
#1684-d181 @A: 23 09 28 25 | 03
#1685-d181 @A: 12 28 32 22 | 06
#1686-d181 @A: 12 28 25 11 | 04
#1687-d181 @A: 12 10 01 28 | 02
#1688-d181 @A: 28 25 21 06 | 11
#1689-d181 @A: 12 09 15 10 | 08
