#0001-d183 @A: 24 10 32 03 | 05
#0002-d183 @A: 16 24 10 01 | 04
#0003-d183 @A: 12 10 17 24 | 11
#0004-d183 @A: 09 35 10 20 | 09
#0005-d183 @A: 31 32 28 10 | 10
#0006-d183 @A: 34 27 10 32 | 12
#0007-d183 @A: 32 15 10 17 | 06
#0008-d183 @A: 33 19 13 10 | 03
#0009-d183 @A: 10 23 19 34 | 07
#0010-d183 @A: 29 10 27 17 | 02
#0011-d183 @A: 27 10 03 25 | 08
#0012-d183 @A: 10 23 35 17 | 01
#0013-d183 @A: 02 28 33 10 | 05
#0014-d183 @A: 21 23 30 10 | 04
#0015-d183 @A: 34 30 10 04 | 11
#0016-d183 @A: 29 30 26 10 | 09
#0017-d183 @A: 34 25 06 24 | 10
#0018-d183 @A: 24 32 12 16 | 12
#0019-d183 @A: 24 17 18 19 | 06
#0020-d183 @A: 24 28 11 30 | 03
#0021-d183 @A: 26 24 03 11 | 07
#0022-d183 @A: 01 24 23 28 | 02
#0023-d183 @A: 24 07 04 29 | 08
#0024-d183 @A: 17 24 23 30 | 01
#0025-d183 @A: 25 24 21 18 | 05
#0026-d183 @A: 29 24 30 21 | 04
#0027-d183 @A: 13 12 24 33 | 11
#0028-d183 @A: 24 26 29 02 | 09
#0029-d183 @A: 30 20 14 06 | 10
#0030-d183 @A: 20 06 28 27 | 12
#0031-d183 @A: 23 32 31 20 | 06
#0032-d183 @A: 32 14 12 20 | 03
#0033-d183 @A: 26 32 20 16 | 07
#0034-d183 @A: 01 13 20 32 | 02
#0035-d183 @A: 20 33 28 32 | 08
#0036-d183 @A: 32 18 20 29 | 01
#0037-d183 @A: 20 26 13 14 | 05
#0038-d183 @A: 01 20 27 03 | 04
#0039-d183 @A: 20 29 21 27 | 11
#0040-d183 @A: 01 16 02 20 | 09
#0041-d183 @A: 16 20 23 17 | 10
#0042-d183 @A: 20 01 18 34 | 12
#0043-d183 @A: 28 20 03 22 | 06
#0044-d183 @A: 20 09 18 12 | 03
#0045-d183 @A: 32 07 12 06 | 07
#0046-d183 @A: 35 06 32 26 | 02
#0047-d183 @A: 17 06 02 19 | 08
#0048-d183 @A: 19 06 18 03 | 01
#0049-d183 @A: 31 01 29 06 | 05
#0050-d183 @A: 11 28 12 06 | 04
#0051-d183 @A: 06 15 17 27 | 11
#0052-d183 @A: 01 06 26 28 | 09
#0053-d183 @A: 17 28 06 07 | 10
#0054-d183 @A: 18 05 28 06 | 12
#0055-d183 @A: 04 35 06 22 | 06
#0056-d183 @A: 02 23 33 06 | 03
#0057-d183 @A: 06 03 34 15 | 07
#0058-d183 @A: 12 06 09 30 | 02
#0059-d183 @A: 03 27 32 17 | 08
#0060-d183 @A: 05 32 17 16 | 01
#0061-d183 @A: 01 32 26 25 | 05
#0062-d183 @A: 09 07 22 32 | 04
#0063-d183 @A: 25 32 35 02 | 11
#0064-d183 @A: 05 02 32 13 | 09
#0065-d183 @A: 32 23 13 34 | 10
#0066-d183 @A: 01 31 19 16 | 12
#0067-d183 @A: 23 03 19 11 | 06
#0068-d183 @A: 27 02 01 19 | 03
#0069-d183 @A: 19 17 34 35 | 07
#0070-d183 @A: 12 19 28 18 | 02
#0071-d183 @A: 15 19 26 33 | 08
#0072-d183 @A: 33 23 29 19 | 01
#0073-d183 @A: 29 04 19 15 | 05
#0074-d183 @A: 12 26 05 19 | 04
#0075-d183 @A: 05 23 04 19 | 11
#0076-d183 @A: 31 23 14 17 | 09
#0077-d183 @A: 31 11 33 25 | 10
#0078-d183 @A: 31 15 03 16 | 12
#0079-d183 @A: 17 31 01 04 | 06
#0080-d183 @A: 31 28 34 26 | 03
#0081-d183 @A: 02 31 13 04 | 07
#0082-d183 @A: 14 16 11 09 | 02
#0083-d183 @A: 14 11 18 17 | 08
#0084-d183 @A: 17 33 01 14 | 01
#0085-d183 @A: 17 14 15 04 | 05
#0086-d183 @A: 08 17 14 03 | 04
#0087-d183 @A: 08 21 35 14 | 11
#0088-d183 @A: 34 12 03 14 | 09
#0089-d183 @A: 02 13 03 14 | 10
#0090-d183 @A: 34 02 14 26 | 12
#0091-d183 @A: 14 08 02 29 | 06
#0092-d183 @A: 08 23 11 27 | 03
#0093-d183 @A: 26 11 27 34 | 07
#0094-d183 @A: 01 11 16 13 | 02
#0095-d183 @A: 08 07 09 11 | 08
#0096-d183 @A: 17 11 25 08 | 01
#0097-d183 @A: 05 12 18 11 | 05
#0098-d183 @A: 21 04 11 02 | 04
#0099-d183 @A: 12 11 29 02 | 11
#0100-d183 @A: 30 13 26 11 | 09
#0101-d183 @A: 11 08 04 26 | 10
#0102-d183 @A: 27 22 04 16 | 12
#0103-d183 @A: 33 27 09 34 | 06
#0104-d183 @A: 15 12 27 34 | 03
#0105-d183 @A: 17 29 07 16 | 07
#0106-d183 @A: 07 16 33 09 | 02
#0107-d183 @A: 07 02 08 16 | 08
#0108-d183 @A: 22 16 28 09 | 01
#0109-d183 @A: 18 03 13 16 | 05
#0110-d183 @A: 09 02 16 21 | 04
#0111-d183 @A: 08 03 16 26 | 11
#0112-d183 @A: 07 22 01 26 | 09
#0113-d183 @A: 01 22 23 13 | 10
#0114-d183 @A: 01 12 33 21 | 12
#0115-d183 @A: 21 01 04 23 | 06
#0116-d183 @A: 09 15 01 34 | 03
#0117-d183 @A: 13 12 01 05 | 07
#0118-d183 @A: 25 12 07 34 | 02
#0119-d183 @A: 15 07 13 03 | 08
#0120-d183 @A: 30 04 21 17 | 01
#0121-d183 @A: 29 34 33 17 | 05
#0122-d183 @A: 09 08 17 34 | 04
#0123-d183 @A: 35 28 33 25 | 11
#0124-d183 @A: 28 15 33 12 | 09
#0125-d183 @A: 08 33 28 13 | 10
#0126-d183 @A: 12 28 05 08 | 12
#0127-d183 @A: 28 09 23 08 | 06
#0128-d183 @A: 23 21 35 33 | 03
#0129-d183 @A: 05 21 35 29 | 07
#0130-d183 @A: 30 04 12 35 | 02
#0131-d183 @A: 23 35 05 30 | 08
#0132-d183 @A: 09 26 22 25 | 01
#0133-d183 @A: 13 22 05 03 | 05
#0134-d183 @A: 15 23 08 33 | 04
#0135-d183 @A: 10 20 21 06 | 11
#0136-d183 @A: 07 16 20 10 | 09
#0137-d183 @A: 29 20 23 10 | 10
#0138-d183 @A: 10 08 04 06 | 12
#0139-d183 @A: 32 19 02 10 | 06
#0140-d183 @A: 14 10 19 05 | 03
#0141-d183 @A: 16 09 10 19 | 07
#0142-d183 @A: 10 18 19 01 | 02
#0143-d183 @A: 07 23 01 10 | 08
#0144-d183 @A: 13 17 25 10 | 01
#0145-d183 @A: 08 10 18 17 | 05
#0146-d183 @A: 28 10 12 25 | 04
#0147-d183 @A: 24 13 32 19 | 11
#0148-d183 @A: 08 13 24 31 | 09
#0149-d183 @A: 27 24 34 14 | 10
#0150-d183 @A: 07 11 24 09 | 12
#0151-d183 @A: 33 01 24 27 | 06
#0152-d183 @A: 24 22 03 27 | 03
#0153-d183 @A: 16 30 24 07 | 07
#0154-d183 @A: 07 24 05 25 | 02
#0155-d183 @A: 24 08 30 07 | 08
#0156-d183 @A: 22 24 28 12 | 01
#0157-d183 @A: 35 24 34 22 | 05
#0158-d183 @A: 12 24 34 26 | 04
#0159-d183 @A: 09 23 24 02 | 11
#0160-d183 @A: 35 12 20 06 | 09
#0161-d183 @A: 12 19 20 23 | 10
#0162-d183 @A: 30 28 31 20 | 12
#0163-d183 @A: 20 21 14 23 | 06
#0164-d183 @A: 20 01 17 29 | 03
#0165-d183 @A: 25 20 26 17 | 07
#0166-d183 @A: 33 05 22 20 | 02
#0167-d183 @A: 09 02 33 20 | 08
#0168-d183 @A: 23 20 30 03 | 01
#0169-d183 @A: 29 20 03 34 | 05
#0170-d183 @A: 06 05 32 11 | 04
#0171-d183 @A: 15 06 19 31 | 11
#0172-d183 @A: 13 05 31 06 | 09
#0173-d183 @A: 01 11 06 09 | 10
#0174-d183 @A: 35 11 33 06 | 12
#0175-d183 @A: 34 06 11 08 | 06
#0176-d183 @A: 07 35 06 29 | 03
#0177-d183 @A: 05 33 03 06 | 07
#0178-d183 @A: 06 04 13 12 | 02
#0179-d183 @A: 34 02 29 06 | 08
#0180-d183 @A: 23 06 30 13 | 01
#0181-d183 @A: 31 27 32 21 | 05
#0182-d183 @A: 16 34 31 32 | 04
#0183-d183 @A: 31 25 32 03 | 11
#0184-d183 @A: 32 27 09 18 | 09
#0185-d183 @A: 12 27 05 32 | 10
#0186-d183 @A: 08 16 23 32 | 12
#0187-d183 @A: 35 28 34 32 | 06
#0188-d183 @A: 23 32 02 12 | 03
#0189-d183 @A: 32 05 34 08 | 07
#0190-d183 @A: 29 26 32 23 | 02
#0191-d183 @A: 17 31 05 19 | 08
#0192-d183 @A: 30 14 19 16 | 01
#0193-d183 @A: 19 02 07 14 | 05
#0194-d183 @A: 16 03 28 19 | 04
#0195-d183 @A: 05 21 16 19 | 11
#0196-d183 @A: 12 17 07 19 | 09
#0197-d183 @A: 19 08 05 13 | 10
#0198-d183 @A: 14 31 34 01 | 12
#0199-d183 @A: 23 14 31 08 | 06
#0200-d183 @A: 31 35 26 11 | 03
#0201-d183 @A: 31 03 01 07 | 07
#0202-d183 @A: 35 07 31 34 | 02
#0203-d183 @A: 07 29 25 31 | 08
#0204-d183 @A: 04 28 31 22 | 01
#0205-d183 @A: 31 22 28 08 | 05
#0206-d183 @A: 23 09 21 31 | 04
#0207-d183 @A: 07 14 17 27 | 11
#0208-d183 @A: 14 22 27 26 | 09
#0209-d183 @A: 22 14 17 34 | 10
#0210-d183 @A: 05 14 28 35 | 12
#0211-d183 @A: 35 14 21 03 | 06
#0212-d183 @A: 15 09 14 21 | 03
#0213-d183 @A: 01 11 21 17 | 07
#0214-d183 @A: 11 28 05 01 | 02
#0215-d183 @A: 01 11 03 25 | 08
#0216-d183 @A: 28 07 11 13 | 01
#0217-d183 @A: 28 22 34 11 | 05
#0218-d183 @A: 18 35 25 11 | 04
#0219-d183 @A: 15 18 03 11 | 11
#0220-d183 @A: 18 30 11 34 | 09
#0221-d183 @A: 05 11 26 15 | 10
#0222-d183 @A: 01 17 12 27 | 12
#0223-d183 @A: 08 01 28 27 | 06
#0224-d183 @A: 07 28 27 34 | 03
#0225-d183 @A: 15 27 21 07 | 07
#0226-d183 @A: 27 30 03 18 | 02
#0227-d183 @A: 25 16 12 17 | 08
#0228-d183 @A: 16 17 30 09 | 01
#0229-d183 @A: 28 08 35 16 | 05
#0230-d183 @A: 16 18 21 23 | 04
#0231-d183 @A: 21 15 16 26 | 11
#0232-d183 @A: 16 08 12 09 | 09
#0233-d183 @A: 02 16 29 03 | 10
#0234-d183 @A: 33 22 28 01 | 12
#0235-d183 @A: 02 34 01 28 | 06
#0236-d183 @A: 15 26 29 01 | 03
#0237-d183 @A: 01 30 13 29 | 07
#0238-d183 @A: 17 07 08 23 | 02
#0239-d183 @A: 33 07 18 28 | 08
#0240-d183 @A: 28 23 07 05 | 01
#0241-d183 @A: 28 08 17 02 | 05
#0242-d183 @A: 25 17 34 03 | 04
#0243-d183 @A: 18 17 04 03 | 11
#0244-d183 @A: 12 33 17 23 | 09
#0245-d183 @A: 17 09 03 26 | 10
#0246-d183 @A: 29 17 08 04 | 12
#0247-d183 @A: 15 28 18 21 | 06
#0248-d183 @A: 05 02 28 15 | 03
#0249-d183 @A: 28 04 05 13 | 07
#0250-d183 @A: 15 09 33 35 | 02
#0251-d183 @A: 12 05 35 09 | 08
#0252-d183 @A: 33 25 26 34 | 01
#0253-d183 @A: 25 30 02 03 | 05
#0254-d183 @A: 23 25 34 29 | 04
#0255-d183 @A: 29 22 21 12 | 11
#0256-d183 @A: 03 09 22 12 | 09
#0257-d183 @A: 23 03 21 08 | 10
#0258-d183 @A: 05 02 26 08 | 12
#0259-d183 @A: 33 10 23 24 | 06
#0260-d183 @A: 03 10 11 20 | 03
#0261-d183 @A: 20 10 12 27 | 07
#0262-d183 @A: 10 20 29 08 | 02
#0263-d183 @A: 10 31 04 06 | 08
#0264-d183 @A: 06 33 14 10 | 01
#0265-d183 @A: 10 06 34 35 | 05
#0266-d183 @A: 07 10 32 18 | 04
#0267-d183 @A: 31 35 10 19 | 11
#0268-d183 @A: 17 31 10 09 | 09
#0269-d183 @A: 12 10 14 07 | 10
#0270-d183 @A: 34 10 14 28 | 12
#0271-d183 @A: 04 18 11 10 | 06
#0272-d183 @A: 10 35 26 16 | 03
#0273-d183 @A: 17 01 34 10 | 07
#0274-d183 @A: 05 09 10 28 | 02
#0275-d183 @A: 13 10 35 08 | 08
#0276-d183 @A: 26 15 10 34 | 01
#0277-d183 @A: 23 10 04 02 | 05
#0278-d183 @A: 24 35 13 20 | 04
#0279-d183 @A: 13 06 17 24 | 11
#0280-d183 @A: 32 02 24 27 | 09
#0281-d183 @A: 09 19 01 24 | 10
#0282-d183 @A: 24 19 25 08 | 12
#0283-d183 @A: 15 34 24 19 | 06
#0284-d183 @A: 31 13 24 14 | 03
#0285-d183 @A: 31 26 24 05 | 07
#0286-d183 @A: 24 14 22 09 | 02
#0287-d183 @A: 11 24 18 22 | 08
#0288-d183 @A: 04 16 15 24 | 01
#0289-d183 @A: 24 22 25 01 | 05
#0290-d183 @A: 15 28 07 24 | 04
#0291-d183 @A: 08 29 28 24 | 11
#0292-d183 @A: 26 04 18 24 | 09
#0293-d183 @A: 15 33 24 21 | 10
#0294-d183 @A: 21 24 04 09 | 12
#0295-d183 @A: 15 24 23 03 | 06
#0296-d183 @A: 09 24 29 12 | 03
#0297-d183 @A: 24 23 13 04 | 07
#0298-d183 @A: 29 06 20 16 | 02
#0299-d183 @A: 20 06 22 25 | 08
#0300-d183 @A: 20 07 32 27 | 01
#0301-d183 @A: 20 26 28 19 | 05
#0302-d183 @A: 25 19 29 20 | 04
#0303-d183 @A: 21 11 20 31 | 11
#0304-d183 @A: 20 35 18 31 | 09
#0305-d183 @A: 31 20 29 26 | 10
#0306-d183 @A: 11 14 29 20 | 12
#0307-d183 @A: 11 35 05 20 | 06
#0308-d183 @A: 05 16 20 28 | 03
#0309-d183 @A: 21 16 12 20 | 07
#0310-d183 @A: 20 35 21 22 | 02
#0311-d183 @A: 15 23 02 20 | 08
#0312-d183 @A: 20 13 29 02 | 01
#0313-d183 @A: 21 19 01 06 | 05
#0314-d183 @A: 14 16 06 08 | 04
#0315-d183 @A: 11 06 03 02 | 11
#0316-d183 @A: 07 05 27 06 | 09
#0317-d183 @A: 09 16 03 06 | 10
#0318-d183 @A: 23 06 07 04 | 12
#0319-d183 @A: 26 06 30 17 | 06
#0320-d183 @A: 06 28 22 21 | 03
#0321-d183 @A: 23 12 06 18 | 07
#0322-d183 @A: 26 23 06 15 | 02
#0323-d183 @A: 28 19 32 01 | 08
#0324-d183 @A: 08 01 32 19 | 01
#0325-d183 @A: 19 32 07 05 | 05
#0326-d183 @A: 32 14 31 02 | 04
#0327-d183 @A: 11 01 18 32 | 11
#0328-d183 @A: 32 11 22 23 | 09
#0329-d183 @A: 32 17 27 08 | 10
#0330-d183 @A: 01 09 33 32 | 12
#0331-d183 @A: 33 23 32 07 | 06
#0332-d183 @A: 21 23 32 05 | 03
#0333-d183 @A: 30 33 05 32 | 07
#0334-d183 @A: 19 09 31 11 | 02
#0335-d183 @A: 17 27 19 30 | 08
#0336-d183 @A: 27 19 25 23 | 01
#0337-d183 @A: 27 19 18 15 | 05
#0338-d183 @A: 19 12 29 01 | 04
#0339-d183 @A: 15 19 25 17 | 11
#0340-d183 @A: 22 05 19 28 | 09
#0341-d183 @A: 19 25 09 02 | 10
#0342-d183 @A: 13 18 04 19 | 12
#0343-d183 @A: 04 19 03 34 | 06
#0344-d183 @A: 31 30 15 11 | 03
#0345-d183 @A: 01 02 35 31 | 07
#0346-d183 @A: 18 31 01 33 | 02
#0347-d183 @A: 13 31 15 17 | 08
#0348-d183 @A: 02 18 31 26 | 01
#0349-d183 @A: 34 18 31 03 | 05
#0350-d183 @A: 21 29 04 31 | 04
#0351-d183 @A: 31 12 26 33 | 11
#0352-d183 @A: 31 02 05 12 | 09
#0353-d183 @A: 09 31 03 05 | 10
#0354-d183 @A: 34 02 30 31 | 12
#0355-d183 @A: 31 26 23 13 | 06
#0356-d183 @A: 23 14 28 11 | 03
#0357-d183 @A: 25 14 21 27 | 07
#0358-d183 @A: 14 15 16 01 | 02
#0359-d183 @A: 14 16 22 21 | 08
#0360-d183 @A: 23 14 07 35 | 01
#0361-d183 @A: 26 17 14 35 | 05
#0362-d183 @A: 04 28 14 08 | 04
#0363-d183 @A: 14 33 08 05 | 11
#0364-d183 @A: 13 11 16 08 | 09
#0365-d183 @A: 03 17 11 35 | 10
#0366-d183 @A: 28 25 21 11 | 12
#0367-d183 @A: 11 05 08 22 | 06
#0368-d183 @A: 13 11 05 29 | 03
#0369-d183 @A: 07 27 23 16 | 07
#0370-d183 @A: 25 27 02 17 | 02
#0371-d183 @A: 21 12 27 23 | 08
#0372-d183 @A: 27 30 12 33 | 01
#0373-d183 @A: 09 04 05 27 | 05
#0374-d183 @A: 27 13 03 26 | 04
#0375-d183 @A: 26 16 09 18 | 11
#0376-d183 @A: 29 21 34 16 | 09
#0377-d183 @A: 26 01 02 23 | 10
#0378-d183 @A: 26 34 01 04 | 12
#0379-d183 @A: 18 03 07 02 | 06
#0380-d183 @A: 07 29 21 23 | 03
#0381-d183 @A: 15 03 12 17 | 07
#0382-d183 @A: 35 22 02 28 | 02
#0383-d183 @A: 18 04 28 29 | 08
#0384-d183 @A: 21 28 12 30 | 01
#0385-d183 @A: 13 30 33 28 | 05
#0386-d183 @A: 05 33 29 28 | 04
#0387-d183 @A: 29 26 09 28 | 11
#0388-d183 @A: 28 23 30 04 | 09
#0389-d183 @A: 25 23 35 26 | 10
#0390-d183 @A: 33 35 13 34 | 12
#0391-d183 @A: 26 15 12 35 | 06
#0392-d183 @A: 08 35 29 15 | 03
#0393-d183 @A: 21 25 15 23 | 07
#0394-d183 @A: 13 34 25 15 | 02
#0395-d183 @A: 08 23 13 25 | 08
#0396-d183 @A: 18 33 09 22 | 01
#0397-d183 @A: 30 09 22 21 | 05
#0398-d183 @A: 21 23 22 34 | 04
#0399-d183 @A: 22 12 33 02 | 11
#0400-d183 @A: 22 02 29 04 | 09
#0401-d183 @A: 08 33 18 30 | 10
#0402-d183 @A: 21 34 02 08 | 12
#0403-d183 @A: 26 10 20 24 | 06
#0404-d183 @A: 06 10 02 24 | 03
#0405-d183 @A: 10 05 22 24 | 07
#0406-d183 @A: 14 10 20 31 | 02
#0407-d183 @A: 09 22 06 10 | 08
#0408-d183 @A: 29 28 10 19 | 01
#0409-d183 @A: 11 31 10 02 | 05
#0410-d183 @A: 16 31 18 10 | 04
#0411-d183 @A: 10 30 11 12 | 11
#0412-d183 @A: 10 27 28 16 | 09
#0413-d183 @A: 04 07 28 10 | 10
#0414-d183 @A: 26 28 17 10 | 12
#0415-d183 @A: 02 13 10 21 | 06
#0416-d183 @A: 04 29 33 10 | 03
#0417-d183 @A: 34 10 33 08 | 07
#0418-d183 @A: 10 02 34 03 | 02
#0419-d183 @A: 20 24 30 27 | 08
#0420-d183 @A: 28 06 03 24 | 01
#0421-d183 @A: 24 30 19 12 | 05
#0422-d183 @A: 14 01 24 04 | 04
#0423-d183 @A: 07 24 03 14 | 11
#0424-d183 @A: 24 23 12 14 | 09
#0425-d183 @A: 11 08 24 02 | 10
#0426-d183 @A: 09 34 16 24 | 12
#0427-d183 @A: 28 04 33 24 | 06
#0428-d183 @A: 12 35 24 25 | 03
#0429-d183 @A: 34 23 24 18 | 07
#0430-d183 @A: 33 26 30 24 | 02
#0431-d183 @A: 24 29 03 13 | 08
#0432-d183 @A: 31 03 06 20 | 01
#0433-d183 @A: 20 07 34 06 | 05
#0434-d183 @A: 20 11 32 09 | 04
#0435-d183 @A: 03 14 19 20 | 11
#0436-d183 @A: 20 19 11 30 | 09
#0437-d183 @A: 11 20 07 15 | 10
#0438-d183 @A: 22 20 23 27 | 12
#0439-d183 @A: 01 03 08 20 | 06
#0440-d183 @A: 20 02 07 22 | 03
#0441-d183 @A: 35 15 17 20 | 07
#0442-d183 @A: 22 13 17 20 | 02
#0443-d183 @A: 17 20 30 18 | 08
#0444-d183 @A: 26 20 09 15 | 01
#0445-d183 @A: 15 20 03 05 | 05
#0446-d183 @A: 30 08 20 26 | 04
#0447-d183 @A: 34 20 23 04 | 11
#0448-d183 @A: 06 32 30 21 | 09
#0449-d183 @A: 06 14 19 34 | 10
#0450-d183 @A: 04 16 06 19 | 12
#0451-d183 @A: 35 31 08 06 | 06
#0452-d183 @A: 06 12 16 14 | 03
#0453-d183 @A: 27 25 06 12 | 07
#0454-d183 @A: 33 07 01 06 | 02
#0455-d183 @A: 09 06 07 21 | 08
#0456-d183 @A: 17 06 33 25 | 01
#0457-d183 @A: 17 05 06 21 | 05
#0458-d183 @A: 25 15 29 06 | 04
#0459-d183 @A: 06 08 15 21 | 11
#0460-d183 @A: 11 17 32 31 | 09
#0461-d183 @A: 32 14 07 28 | 10
#0462-d183 @A: 32 35 09 14 | 12
#0463-d183 @A: 14 25 32 34 | 06
#0464-d183 @A: 01 29 32 22 | 03
#0465-d183 @A: 12 28 17 32 | 07
#0466-d183 @A: 18 02 28 32 | 02
#0467-d183 @A: 32 22 30 35 | 08
#0468-d183 @A: 26 32 21 34 | 01
#0469-d183 @A: 04 32 13 15 | 05
#0470-d183 @A: 32 34 15 05 | 04
#0471-d183 @A: 19 28 11 02 | 11
#0472-d183 @A: 15 19 22 11 | 09
#0473-d183 @A: 05 25 01 19 | 10
#0474-d183 @A: 08 28 30 19 | 12
#0475-d183 @A: 35 19 25 22 | 06
#0476-d183 @A: 15 19 21 30 | 03
#0477-d183 @A: 03 09 29 19 | 07
#0478-d183 @A: 05 03 02 19 | 02
#0479-d183 @A: 26 19 30 03 | 08
#0480-d183 @A: 25 14 31 04 | 01
#0481-d183 @A: 31 29 34 11 | 05
#0482-d183 @A: 08 17 31 26 | 04
#0483-d183 @A: 30 31 05 21 | 11
#0484-d183 @A: 31 33 23 15 | 09
#0485-d183 @A: 22 14 01 02 | 10
#0486-d183 @A: 14 02 12 17 | 12
#0487-d183 @A: 28 12 14 09 | 06
#0488-d183 @A: 18 05 15 14 | 03
#0489-d183 @A: 09 26 08 14 | 07
#0490-d183 @A: 02 30 23 14 | 02
#0491-d183 @A: 14 03 05 04 | 08
#0492-d183 @A: 16 12 11 33 | 01
#0493-d183 @A: 15 11 16 34 | 05
#0494-d183 @A: 01 11 35 08 | 04
#0495-d183 @A: 22 04 13 11 | 11
#0496-d183 @A: 09 11 05 21 | 09
#0497-d183 @A: 30 03 11 21 | 10
#0498-d183 @A: 16 27 08 25 | 12
#0499-d183 @A: 29 09 07 27 | 06
#0500-d183 @A: 27 17 09 22 | 03
#0501-d183 @A: 27 28 03 35 | 07
#0502-d183 @A: 18 27 04 12 | 02
#0503-d183 @A: 27 13 05 21 | 08
#0504-d183 @A: 33 13 27 23 | 01
#0505-d183 @A: 30 27 15 04 | 05
#0506-d183 @A: 27 05 34 03 | 04
#0507-d183 @A: 08 27 34 05 | 11
#0508-d183 @A: 23 01 35 16 | 09
#0509-d183 @A: 17 02 16 35 | 10
#0510-d183 @A: 35 30 16 21 | 12
#0511-d183 @A: 04 18 16 02 | 06
#0512-d183 @A: 23 16 03 33 | 03
#0513-d183 @A: 30 12 02 16 | 07
#0514-d183 @A: 16 02 26 13 | 02
#0515-d183 @A: 09 07 01 35 | 08
#0516-d183 @A: 17 30 28 01 | 01
#0517-d183 @A: 13 01 04 25 | 05
#0518-d183 @A: 30 12 18 01 | 04
#0519-d183 @A: 26 18 13 01 | 11
#0520-d183 @A: 18 26 01 08 | 09
#0521-d183 @A: 17 07 25 23 | 10
#0522-d183 @A: 08 07 35 22 | 12
#0523-d183 @A: 34 07 02 23 | 06
#0524-d183 @A: 12 22 17 35 | 03
#0525-d183 @A: 04 05 17 35 | 07
#0526-d183 @A: 04 17 34 09 | 02
#0527-d183 @A: 28 23 33 09 | 08
#0528-d183 @A: 34 35 18 15 | 01
#0529-d183 @A: 30 34 35 26 | 05
#0530-d183 @A: 25 12 30 13 | 04
#0531-d183 @A: 03 21 22 15 | 11
#0532-d183 @A: 08 22 04 21 | 09
#0533-d183 @A: 22 09 29 23 | 10
#0534-d183 @A: 13 08 30 22 | 12
#0535-d183 @A: 08 09 03 18 | 06
#0536-d183 @A: 18 05 08 29 | 03
#0537-d183 @A: 32 16 10 21 | 07
#0538-d183 @A: 03 19 08 10 | 02
#0539-d183 @A: 31 12 10 29 | 08
#0540-d183 @A: 15 14 22 10 | 01
#0541-d183 @A: 25 10 22 11 | 05
#0542-d183 @A: 27 35 10 05 | 04
#0543-d183 @A: 10 27 08 15 | 11
#0544-d183 @A: 10 16 17 04 | 09
#0545-d183 @A: 25 10 01 21 | 10
#0546-d183 @A: 29 10 07 22 | 12
#0547-d183 @A: 23 10 22 28 | 06
#0548-d183 @A: 33 35 22 10 | 03
#0549-d183 @A: 29 10 35 02 | 07
#0550-d183 @A: 10 03 18 29 | 02
#0551-d183 @A: 12 21 10 03 | 08
#0552-d183 @A: 10 34 13 29 | 01
#0553-d183 @A: 15 06 24 11 | 05
#0554-d183 @A: 09 32 24 31 | 04
#0555-d183 @A: 11 24 01 31 | 11
#0556-d183 @A: 25 24 33 14 | 09
#0557-d183 @A: 29 17 24 11 | 10
#0558-d183 @A: 24 25 13 11 | 12
#0559-d183 @A: 02 25 16 24 | 06
#0560-d183 @A: 35 24 33 29 | 03
#0561-d183 @A: 24 08 04 35 | 07
#0562-d183 @A: 05 24 21 12 | 02
#0563-d183 @A: 33 24 34 02 | 08
#0564-d183 @A: 06 33 20 15 | 01
#0565-d183 @A: 31 21 20 08 | 05
#0566-d183 @A: 16 20 34 14 | 04
#0567-d183 @A: 25 09 20 14 | 11
#0568-d183 @A: 20 30 16 22 | 09
#0569-d183 @A: 04 20 18 33 | 10
#0570-d183 @A: 03 02 20 12 | 12
#0571-d183 @A: 34 32 01 06 | 06
#0572-d183 @A: 08 32 06 28 | 03
#0573-d183 @A: 12 31 06 17 | 07
#0574-d183 @A: 28 02 31 06 | 02
#0575-d183 @A: 35 21 31 06 | 08
#0576-d183 @A: 06 14 13 25 | 01
#0577-d183 @A: 06 01 17 23 | 05
#0578-d183 @A: 09 35 17 06 | 04
#0579-d183 @A: 04 15 18 06 | 11
#0580-d183 @A: 03 06 23 21 | 09
#0581-d183 @A: 34 30 06 33 | 10
#0582-d183 @A: 23 29 06 05 | 12
#0583-d183 @A: 32 31 19 26 | 06
#0584-d183 @A: 32 18 19 35 | 03
#0585-d183 @A: 31 35 05 32 | 07
#0586-d183 @A: 16 14 32 23 | 02
#0587-d183 @A: 23 27 01 32 | 08
#0588-d183 @A: 32 16 04 01 | 01
#0589-d183 @A: 17 32 07 34 | 05
#0590-d183 @A: 32 09 17 23 | 04
#0591-d183 @A: 15 32 12 25 | 11
#0592-d183 @A: 30 32 25 08 | 09
#0593-d183 @A: 32 26 12 18 | 10
#0594-d183 @A: 04 34 29 32 | 12
#0595-d183 @A: 31 21 14 19 | 06
#0596-d183 @A: 27 19 03 31 | 03
#0597-d183 @A: 04 19 31 07 | 07
#0598-d183 @A: 13 01 19 35 | 02
#0599-d183 @A: 34 19 33 01 | 08
#0600-d183 @A: 19 33 12 35 | 01
#0601-d183 @A: 04 22 09 19 | 05
#0602-d183 @A: 02 13 15 19 | 04
#0603-d183 @A: 02 19 08 23 | 11
#0604-d183 @A: 31 03 28 14 | 09
#0605-d183 @A: 15 14 31 26 | 10
#0606-d183 @A: 16 13 31 28 | 12
#0607-d183 @A: 08 31 16 12 | 06
#0608-d183 @A: 31 09 01 28 | 03
#0609-d183 @A: 25 17 31 30 | 07
#0610-d183 @A: 22 31 26 17 | 02
#0611-d183 @A: 03 31 26 21 | 08
#0612-d183 @A: 23 12 30 31 | 01
#0613-d183 @A: 03 08 31 34 | 05
#0614-d183 @A: 28 27 30 14 | 04
#0615-d183 @A: 14 03 23 27 | 11
#0616-d183 @A: 14 29 17 25 | 09
#0617-d183 @A: 25 02 28 14 | 10
#0618-d183 @A: 35 13 14 22 | 12
#0619-d183 @A: 27 16 17 11 | 06
#0620-d183 @A: 11 25 27 15 | 03
#0621-d183 @A: 16 22 29 11 | 07
#0622-d183 @A: 26 33 11 01 | 02
#0623-d183 @A: 12 11 17 26 | 08
#0624-d183 @A: 02 35 30 11 | 01
#0625-d183 @A: 09 12 11 23 | 05
#0626-d183 @A: 27 16 21 03 | 04
#0627-d183 @A: 15 27 01 28 | 11
#0628-d183 @A: 13 22 28 27 | 09
#0629-d183 @A: 08 02 27 18 | 10
#0630-d183 @A: 02 27 33 04 | 12
#0631-d183 @A: 12 13 27 02 | 06
#0632-d183 @A: 03 29 12 27 | 03
#0633-d183 @A: 13 27 04 29 | 07
#0634-d183 @A: 12 28 35 16 | 02
#0635-d183 @A: 34 25 28 16 | 08
#0636-d183 @A: 16 35 34 04 | 01
#0637-d183 @A: 16 21 08 05 | 05
#0638-d183 @A: 16 02 05 34 | 04
#0639-d183 @A: 23 16 30 34 | 11
#0640-d183 @A: 01 05 07 08 | 09
#0641-d183 @A: 29 23 01 18 | 10
#0642-d183 @A: 29 02 01 33 | 12
#0643-d183 @A: 01 04 12 15 | 06
#0644-d183 @A: 12 34 01 23 | 03
#0645-d183 @A: 23 01 03 09 | 07
#0646-d183 @A: 29 07 03 33 | 02
#0647-d183 @A: 07 34 09 26 | 08
#0648-d183 @A: 26 07 29 08 | 01
#0649-d183 @A: 17 21 28 23 | 05
#0650-d183 @A: 33 17 05 15 | 04
#0651-d183 @A: 12 17 13 09 | 11
#0652-d183 @A: 28 26 18 30 | 09
#0653-d183 @A: 21 03 13 28 | 10
#0654-d183 @A: 15 13 28 26 | 12
#0655-d183 @A: 26 28 12 23 | 06
#0656-d183 @A: 35 03 34 23 | 03
#0657-d183 @A: 08 25 18 21 | 07
#0658-d183 @A: 18 29 13 25 | 02
#0659-d183 @A: 29 33 09 25 | 08
#0660-d183 @A: 25 04 05 15 | 01
#0661-d183 @A: 05 25 29 02 | 05
#0662-d183 @A: 26 33 22 21 | 04
#0663-d183 @A: 03 04 30 22 | 11
#0664-d183 @A: 24 11 10 19 | 09
#0665-d183 @A: 10 15 20 19 | 10
#0666-d183 @A: 19 10 12 06 | 12
#0667-d183 @A: 32 13 22 10 | 06
#0668-d183 @A: 10 32 09 30 | 03
#0669-d183 @A: 07 10 26 31 | 07
#0670-d183 @A: 05 15 10 31 | 02
#0671-d183 @A: 10 14 27 18 | 08
#0672-d183 @A: 01 03 10 28 | 01
#0673-d183 @A: 10 07 17 02 | 05
#0674-d183 @A: 09 10 25 07 | 04
#0675-d183 @A: 28 10 35 21 | 11
#0676-d183 @A: 22 10 21 18 | 09
#0677-d183 @A: 12 10 34 18 | 10
#0678-d183 @A: 10 09 34 21 | 12
#0679-d183 @A: 13 10 04 09 | 06
#0680-d183 @A: 08 26 23 10 | 03
#0681-d183 @A: 24 32 20 21 | 07
#0682-d183 @A: 20 24 04 19 | 02
#0683-d183 @A: 08 24 05 20 | 08
#0684-d183 @A: 32 34 24 11 | 01
#0685-d183 @A: 17 33 24 32 | 05
#0686-d183 @A: 26 14 24 19 | 04
#0687-d183 @A: 24 35 21 19 | 11
#0688-d183 @A: 31 18 24 27 | 09
#0689-d183 @A: 31 12 04 24 | 10
#0690-d183 @A: 11 24 14 02 | 12
#0691-d183 @A: 24 29 16 14 | 06
#0692-d183 @A: 01 08 14 24 | 03
#0693-d183 @A: 07 27 13 24 | 07
#0694-d183 @A: 16 24 08 33 | 02
#0695-d183 @A: 22 24 07 23 | 08
#0696-d183 @A: 05 35 24 03 | 01
#0697-d183 @A: 18 24 03 12 | 05
#0698-d183 @A: 02 24 18 13 | 04
#0699-d183 @A: 24 34 21 03 | 11
#0700-d183 @A: 32 06 20 17 | 09
#0701-d183 @A: 19 08 14 20 | 10
#0702-d183 @A: 16 09 31 20 | 12
#0703-d183 @A: 14 17 28 20 | 06
#0704-d183 @A: 02 20 18 14 | 03
#0705-d183 @A: 17 11 20 34 | 07
#0706-d183 @A: 11 08 28 20 | 02
#0707-d183 @A: 20 12 25 11 | 08
#0708-d183 @A: 20 26 27 35 | 01
#0709-d183 @A: 27 18 20 25 | 05
#0710-d183 @A: 28 21 20 01 | 04
#0711-d183 @A: 22 20 17 08 | 11
#0712-d183 @A: 28 13 12 20 | 09
#0713-d183 @A: 13 20 18 15 | 10
#0714-d183 @A: 03 20 09 21 | 12
#0715-d183 @A: 12 33 20 34 | 06
#0716-d183 @A: 15 12 20 29 | 03
#0717-d183 @A: 20 04 03 13 | 07
#0718-d183 @A: 13 23 20 05 | 02
#0719-d183 @A: 28 32 06 15 | 08
#0720-d183 @A: 33 06 28 19 | 01
#0721-d183 @A: 31 11 06 14 | 05
#0722-d183 @A: 22 23 14 06 | 04
#0723-d183 @A: 27 33 06 22 | 11
#0724-d183 @A: 18 35 06 01 | 09
#0725-d183 @A: 25 02 01 06 | 10
#0726-d183 @A: 18 07 22 06 | 12
#0727-d183 @A: 17 08 06 05 | 06
#0728-d183 @A: 05 06 35 02 | 03
#0729-d183 @A: 21 18 06 29 | 07
#0730-d183 @A: 06 18 02 30 | 02
#0731-d183 @A: 21 13 15 06 | 08
#0732-d183 @A: 03 12 26 06 | 01
#0733-d183 @A: 06 29 04 09 | 05
#0734-d183 @A: 09 13 06 34 | 04
#0735-d183 @A: 03 06 29 30 | 11
#0736-d183 @A: 06 23 29 08 | 09
#0737-d183 @A: 29 32 19 17 | 10
#0738-d183 @A: 11 04 32 07 | 12
#0739-d183 @A: 11 33 32 21 | 06
#0740-d183 @A: 11 32 03 08 | 03
#0741-d183 @A: 32 26 17 13 | 07
#0742-d183 @A: 28 32 22 26 | 02
#0743-d183 @A: 26 02 32 33 | 08
#0744-d183 @A: 30 26 32 15 | 01
#0745-d183 @A: 32 09 05 26 | 05
#0746-d183 @A: 19 31 22 29 | 04
#0747-d183 @A: 31 19 13 34 | 11
#0748-d183 @A: 14 13 19 27 | 09
#0749-d183 @A: 19 07 11 18 | 10
#0750-d183 @A: 27 12 19 16 | 12
#0751-d183 @A: 19 07 26 27 | 06
#0752-d183 @A: 18 29 16 19 | 03
#0753-d183 @A: 17 26 01 19 | 07
#0754-d183 @A: 01 22 19 30 | 02
#0755-d183 @A: 05 19 15 35 | 08
#0756-d183 @A: 18 19 09 21 | 01
#0757-d183 @A: 02 19 18 33 | 05
#0758-d183 @A: 03 33 21 19 | 04
#0759-d183 @A: 12 02 19 34 | 11
#0760-d183 @A: 30 19 34 09 | 09
#0761-d183 @A: 02 30 29 19 | 10
#0762-d183 @A: 16 14 31 05 | 12
#0763-d183 @A: 11 18 28 31 | 06
#0764-d183 @A: 31 33 27 35 | 03
#0765-d183 @A: 31 23 22 35 | 07
#0766-d183 @A: 04 03 35 31 | 02
#0767-d183 @A: 13 31 18 21 | 08
#0768-d183 @A: 29 31 18 05 | 01
#0769-d183 @A: 09 26 04 31 | 05
#0770-d183 @A: 14 11 27 04 | 04
#0771-d183 @A: 26 25 14 11 | 11
#0772-d183 @A: 14 29 01 07 | 09
#0773-d183 @A: 25 14 07 08 | 10
#0774-d183 @A: 30 34 14 07 | 12
#0775-d183 @A: 29 03 15 14 | 06
#0776-d183 @A: 01 22 12 11 | 03
#0777-d183 @A: 07 11 17 30 | 07
#0778-d183 @A: 11 28 09 17 | 02
#0779-d183 @A: 11 21 35 15 | 08
#0780-d183 @A: 11 29 18 33 | 01
#0781-d183 @A: 30 11 05 04 | 05
#0782-d183 @A: 16 01 27 26 | 04
#0783-d183 @A: 16 29 27 25 | 11
#0784-d183 @A: 01 25 34 27 | 09
#0785-d183 @A: 13 35 25 27 | 10
#0786-d183 @A: 08 35 27 30 | 12
#0787-d183 @A: 33 27 05 25 | 06
#0788-d183 @A: 08 27 29 22 | 03
#0789-d183 @A: 09 33 27 08 | 07
#0790-d183 @A: 09 26 27 12 | 02
#0791-d183 @A: 03 02 27 09 | 08
#0792-d183 @A: 29 01 08 16 | 01
#0793-d183 @A: 15 22 07 16 | 05
#0794-d183 @A: 16 05 23 12 | 04
#0795-d183 @A: 08 16 04 34 | 11
#0796-d183 @A: 35 01 04 28 | 09
#0797-d183 @A: 01 05 35 34 | 10
#0798-d183 @A: 15 33 13 01 | 12
#0799-d183 @A: 01 05 29 04 | 06
#0800-d183 @A: 18 21 07 34 | 03
#0801-d183 @A: 18 26 15 07 | 07
#0802-d183 @A: 18 07 09 05 | 02
#0803-d183 @A: 26 33 07 13 | 08
#0804-d183 @A: 08 13 07 03 | 01
#0805-d183 @A: 28 18 35 17 | 05
#0806-d183 @A: 25 17 22 28 | 04
#0807-d183 @A: 26 17 23 34 | 11
#0808-d183 @A: 28 34 33 03 | 09
#0809-d183 @A: 28 02 09 30 | 10
#0810-d183 @A: 02 08 33 35 | 12
#0811-d183 @A: 35 34 29 09 | 06
#0812-d183 @A: 15 25 22 33 | 03
#0813-d183 @A: 03 26 15 25 | 07
#0814-d183 @A: 08 02 25 04 | 02
#0815-d183 @A: 23 22 03 18 | 08
#0816-d183 @A: 08 15 23 34 | 01
#0817-d183 @A: 24 27 10 04 | 05
#0818-d183 @A: 28 24 10 13 | 04
#0819-d183 @A: 24 15 09 10 | 11
#0820-d183 @A: 13 06 10 16 | 09
#0821-d183 @A: 25 05 10 06 | 10
#0822-d183 @A: 10 14 21 17 | 12
#0823-d183 @A: 14 08 10 12 | 06
#0824-d183 @A: 11 10 17 33 | 03
#0825-d183 @A: 10 27 30 01 | 07
#0826-d183 @A: 07 33 27 10 | 02
#0827-d183 @A: 16 12 10 22 | 08
#0828-d183 @A: 01 02 10 12 | 01
#0829-d183 @A: 01 10 29 09 | 05
#0830-d183 @A: 10 08 28 25 | 04
#0831-d183 @A: 18 15 10 33 | 11
#0832-d183 @A: 02 18 10 09 | 09
#0833-d183 @A: 04 21 26 10 | 10
#0834-d183 @A: 02 10 30 15 | 12
#0835-d183 @A: 26 05 10 02 | 06
#0836-d183 @A: 31 20 34 24 | 03
#0837-d183 @A: 01 24 05 20 | 07
#0838-d183 @A: 25 23 24 20 | 02
#0839-d183 @A: 24 16 33 06 | 08
#0840-d183 @A: 26 22 06 24 | 01
#0841-d183 @A: 24 06 09 05 | 05
#0842-d183 @A: 24 19 25 03 | 04
#0843-d183 @A: 24 14 17 05 | 11
#0844-d183 @A: 35 04 11 24 | 09
#0845-d183 @A: 01 24 17 02 | 10
#0846-d183 @A: 01 26 24 35 | 12
#0847-d183 @A: 35 30 24 15 | 06
#0848-d183 @A: 24 02 22 21 | 03
#0849-d183 @A: 24 23 12 08 | 07
#0850-d183 @A: 24 04 05 34 | 02
#0851-d183 @A: 13 06 20 11 | 08
#0852-d183 @A: 23 09 06 20 | 01
#0853-d183 @A: 07 20 14 33 | 05
#0854-d183 @A: 18 20 16 11 | 04
#0855-d183 @A: 35 16 33 20 | 11
#0856-d183 @A: 30 20 35 07 | 09
#0857-d183 @A: 20 25 03 33 | 10
#0858-d183 @A: 21 20 05 18 | 12
#0859-d183 @A: 15 02 20 08 | 06
#0860-d183 @A: 04 09 20 30 | 03
#0861-d183 @A: 04 06 32 25 | 07
#0862-d183 @A: 06 32 13 03 | 02
#0863-d183 @A: 06 19 30 25 | 08
#0864-d183 @A: 06 34 22 31 | 01
#0865-d183 @A: 26 21 14 06 | 05
#0866-d183 @A: 23 27 06 34 | 04
#0867-d183 @A: 21 25 16 06 | 11
#0868-d183 @A: 01 22 06 03 | 09
#0869-d183 @A: 07 06 25 26 | 10
#0870-d183 @A: 06 25 08 26 | 12
#0871-d183 @A: 32 21 19 25 | 06
#0872-d183 @A: 31 12 32 01 | 03
#0873-d183 @A: 21 32 14 01 | 07
#0874-d183 @A: 08 15 32 14 | 02
#0875-d183 @A: 32 04 27 26 | 08
#0876-d183 @A: 07 16 32 03 | 01
#0877-d183 @A: 07 01 30 32 | 05
#0878-d183 @A: 35 01 17 32 | 04
#0879-d183 @A: 32 23 25 28 | 11
#0880-d183 @A: 08 35 18 32 | 09
#0881-d183 @A: 34 32 33 18 | 10
#0882-d183 @A: 30 21 08 32 | 12
#0883-d183 @A: 33 03 12 32 | 06
#0884-d183 @A: 30 29 32 12 | 03
#0885-d183 @A: 32 30 03 34 | 07
#0886-d183 @A: 32 23 03 04 | 02
#0887-d183 @A: 33 16 17 19 | 08
#0888-d183 @A: 19 08 16 15 | 01
#0889-d183 @A: 22 21 19 07 | 05
#0890-d183 @A: 08 19 09 22 | 04
#0891-d183 @A: 34 18 19 05 | 11
#0892-d183 @A: 26 18 23 19 | 09
#0893-d183 @A: 19 21 13 26 | 10
#0894-d183 @A: 19 05 09 33 | 12
#0895-d183 @A: 13 03 19 12 | 06
#0896-d183 @A: 31 25 27 26 | 03
#0897-d183 @A: 16 21 17 31 | 07
#0898-d183 @A: 22 25 31 16 | 02
#0899-d183 @A: 33 16 29 31 | 08
#0900-d183 @A: 17 29 35 31 | 01
#0901-d183 @A: 09 22 02 31 | 05
#0902-d183 @A: 31 09 30 29 | 04
#0903-d183 @A: 31 30 13 03 | 11
#0904-d183 @A: 30 08 29 31 | 09
#0905-d183 @A: 14 07 11 05 | 10
#0906-d183 @A: 11 35 34 14 | 12
#0907-d183 @A: 14 35 12 27 | 06
#0908-d183 @A: 13 14 17 16 | 03
#0909-d183 @A: 16 25 03 14 | 07
#0910-d183 @A: 14 29 30 22 | 02
#0911-d183 @A: 15 34 33 14 | 08
#0912-d183 @A: 23 14 29 04 | 01
#0913-d183 @A: 33 11 28 27 | 05
#0914-d183 @A: 03 11 05 16 | 04
#0915-d183 @A: 11 07 02 25 | 11
#0916-d183 @A: 11 26 07 29 | 09
#0917-d183 @A: 11 15 23 17 | 10
#0918-d183 @A: 11 30 09 33 | 12
#0919-d183 @A: 05 02 11 33 | 06
#0920-d183 @A: 12 11 15 08 | 03
#0921-d183 @A: 02 11 34 13 | 07
#0922-d183 @A: 16 35 09 27 | 02
#0923-d183 @A: 12 07 22 27 | 08
#0924-d183 @A: 05 27 28 17 | 01
#0925-d183 @A: 28 27 23 18 | 05
#0926-d183 @A: 27 21 28 09 | 04
#0927-d183 @A: 29 35 27 22 | 11
#0928-d183 @A: 15 09 23 27 | 09
#0929-d183 @A: 07 01 21 16 | 10
#0930-d183 @A: 16 05 04 07 | 12
#0931-d183 @A: 25 16 23 13 | 06
#0932-d183 @A: 33 16 30 18 | 03
#0933-d183 @A: 13 05 33 16 | 07
#0934-d183 @A: 16 05 26 30 | 02
#0935-d183 @A: 08 01 17 13 | 08
#0936-d183 @A: 28 18 25 01 | 01
#0937-d183 @A: 09 18 01 04 | 05
#0938-d183 @A: 09 21 01 26 | 04
#0939-d183 @A: 26 01 08 34 | 11
#0940-d183 @A: 30 28 07 22 | 09
#0941-d183 @A: 21 30 13 07 | 10
#0942-d183 @A: 04 07 12 33 | 12
#0943-d183 @A: 12 30 07 03 | 06
#0944-d183 @A: 30 07 02 26 | 03
#0945-d183 @A: 21 17 29 13 | 07
#0946-d183 @A: 17 26 29 04 | 02
#0947-d183 @A: 22 15 29 28 | 08
#0948-d183 @A: 12 04 28 02 | 01
#0949-d183 @A: 28 03 23 02 | 05
#0950-d183 @A: 25 08 35 09 | 04
#0951-d183 @A: 21 04 35 18 | 11
#0952-d183 @A: 18 33 35 03 | 09
#0953-d183 @A: 05 35 33 26 | 10
#0954-d183 @A: 23 04 35 15 | 12
#0955-d183 @A: 30 22 25 34 | 06
#0956-d183 @A: 03 25 22 29 | 03
#0957-d183 @A: 12 25 33 18 | 07
#0958-d183 @A: 25 08 12 03 | 02
#0959-d183 @A: 13 05 25 26 | 08
#0960-d183 @A: 18 22 23 08 | 01
#0961-d183 @A: 22 29 13 33 | 05
#0962-d183 @A: 05 15 22 23 | 04
#0963-d183 @A: 13 21 08 29 | 11
#0964-d183 @A: 02 12 08 30 | 09
#0965-d183 @A: 14 30 10 24 | 10
#0966-d183 @A: 18 28 20 10 | 12
#0967-d183 @A: 23 06 10 32 | 06
#0968-d183 @A: 10 15 01 06 | 03
#0969-d183 @A: 35 10 32 12 | 07
#0970-d183 @A: 26 10 19 22 | 02
#0971-d183 @A: 10 16 02 14 | 08
#0972-d183 @A: 14 04 10 35 | 01
#0973-d183 @A: 16 11 23 10 | 05
#0974-d183 @A: 27 15 13 10 | 04
#0975-d183 @A: 07 10 35 15 | 11
#0976-d183 @A: 10 18 25 26 | 09
#0977-d183 @A: 05 10 18 30 | 10
#0978-d183 @A: 10 15 04 03 | 12
#0979-d183 @A: 24 21 27 06 | 06
#0980-d183 @A: 32 08 26 24 | 03
#0981-d183 @A: 02 24 31 19 | 07
#0982-d183 @A: 19 22 24 33 | 02
#0983-d183 @A: 31 24 17 03 | 08
#0984-d183 @A: 31 29 24 28 | 01
#0985-d183 @A: 24 21 16 11 | 05
#0986-d183 @A: 17 21 24 07 | 04
#0987-d183 @A: 01 04 06 20 | 11
#0988-d183 @A: 15 01 31 20 | 09
#0989-d183 @A: 20 27 11 02 | 10
#0990-d183 @A: 18 16 20 08 | 12
#0991-d183 @A: 01 12 20 26 | 06
#0992-d183 @A: 07 29 28 20 | 03
#0993-d183 @A: 18 23 20 07 | 07
#0994-d183 @A: 13 09 07 20 | 02
#0995-d183 @A: 20 15 25 28 | 08
#0996-d183 @A: 35 34 25 20 | 01
#0997-d183 @A: 29 20 35 04 | 05
#0998-d183 @A: 33 21 13 20 | 04
#0999-d183 @A: 08 23 04 20 | 11
#1000-d183 @A: 27 14 06 32 | 09
#1001-d183 @A: 18 32 06 16 | 10
#1002-d183 @A: 06 26 11 19 | 12
#1003-d183 @A: 06 23 35 19 | 06
#1004-d183 @A: 14 04 06 02 | 03
#1005-d183 @A: 04 06 11 17 | 07
#1006-d183 @A: 27 13 06 01 | 02
#1007-d183 @A: 28 06 16 23 | 08
#1008-d183 @A: 13 28 06 35 | 01
#1009-d183 @A: 06 09 28 25 | 05
#1010-d183 @A: 06 33 21 04 | 04
#1011-d183 @A: 13 02 08 06 | 11
#1012-d183 @A: 04 32 14 19 | 09
#1013-d183 @A: 12 32 19 11 | 10
#1014-d183 @A: 19 16 32 15 | 12
#1015-d183 @A: 22 14 32 05 | 06
#1016-d183 @A: 11 32 35 13 | 03
#1017-d183 @A: 25 11 32 29 | 07
#1018-d183 @A: 25 27 32 22 | 02
#1019-d183 @A: 32 30 16 28 | 08
#1020-d183 @A: 32 01 02 03 | 01
#1021-d183 @A: 17 04 32 02 | 05
#1022-d183 @A: 22 32 08 12 | 04
#1023-d183 @A: 32 13 30 18 | 11
#1024-d183 @A: 21 32 15 02 | 09
#1025-d183 @A: 08 09 29 32 | 10
#1026-d183 @A: 28 19 15 14 | 12
#1027-d183 @A: 27 04 19 35 | 06
#1028-d183 @A: 19 16 26 25 | 03
#1029-d183 @A: 09 07 28 19 | 07
#1030-d183 @A: 35 19 07 03 | 02
#1031-d183 @A: 25 07 19 33 | 08
#1032-d183 @A: 15 07 23 19 | 01
#1033-d183 @A: 19 07 13 29 | 05
#1034-d183 @A: 17 19 08 35 | 04
#1035-d183 @A: 21 34 19 28 | 11
#1036-d183 @A: 26 19 35 09 | 09
#1037-d183 @A: 18 08 19 04 | 10
#1038-d183 @A: 19 26 08 33 | 12
#1039-d183 @A: 12 14 18 31 | 06
#1040-d183 @A: 30 16 27 31 | 03
#1041-d183 @A: 31 12 28 27 | 07
#1042-d183 @A: 02 23 31 16 | 02
#1043-d183 @A: 35 28 31 15 | 08
#1044-d183 @A: 08 05 31 25 | 01
#1045-d183 @A: 09 31 13 33 | 05
#1046-d183 @A: 31 33 02 03 | 04
#1047-d183 @A: 02 29 15 31 | 11
#1048-d183 @A: 03 31 23 29 | 09
#1049-d183 @A: 27 16 14 33 | 10
#1050-d183 @A: 27 09 01 14 | 12
#1051-d183 @A: 14 01 03 18 | 06
#1052-d183 @A: 14 26 33 28 | 03
#1053-d183 @A: 14 15 35 25 | 07
#1054-d183 @A: 30 21 14 18 | 02
#1055-d183 @A: 14 05 02 21 | 08
#1056-d183 @A: 14 12 33 05 | 01
#1057-d183 @A: 12 15 30 14 | 05
#1058-d183 @A: 09 14 02 29 | 04
#1059-d183 @A: 09 14 13 05 | 11
#1060-d183 @A: 01 34 07 11 | 09
#1061-d183 @A: 25 09 04 11 | 10
#1062-d183 @A: 17 21 26 27 | 12
#1063-d183 @A: 04 27 17 23 | 06
#1064-d183 @A: 34 27 35 02 | 03
#1065-d183 @A: 04 27 21 34 | 07
#1066-d183 @A: 05 27 29 15 | 02
#1067-d183 @A: 09 30 27 13 | 08
#1068-d183 @A: 16 07 02 28 | 01
#1069-d183 @A: 16 25 05 35 | 05
#1070-d183 @A: 22 35 03 16 | 04
#1071-d183 @A: 33 16 04 26 | 11
#1072-d183 @A: 04 12 16 03 | 09
#1073-d183 @A: 04 30 16 29 | 10
#1074-d183 @A: 28 01 07 12 | 12
#1075-d183 @A: 17 01 05 22 | 06
#1076-d183 @A: 08 01 12 21 | 03
#1077-d183 @A: 34 01 30 21 | 07
#1078-d183 @A: 05 30 09 01 | 02
#1079-d183 @A: 13 34 03 01 | 08
#1080-d183 @A: 28 03 25 07 | 01
#1081-d183 @A: 07 04 25 35 | 05
#1082-d183 @A: 12 02 07 09 | 04
#1083-d183 @A: 30 29 07 05 | 11
#1084-d183 @A: 12 18 21 17 | 09
#1085-d183 @A: 12 33 08 17 | 10
#1086-d183 @A: 17 13 05 34 | 12
#1087-d183 @A: 21 29 28 02 | 06
#1088-d183 @A: 15 04 09 28 | 03
#1089-d183 @A: 03 05 28 12 | 07
#1090-d183 @A: 22 35 26 18 | 02
#1091-d183 @A: 26 35 02 21 | 08
#1092-d183 @A: 12 29 23 35 | 01
#1093-d183 @A: 22 25 23 02 | 05
#1094-d183 @A: 05 18 03 25 | 04
#1095-d183 @A: 25 23 33 04 | 11
#1096-d183 @A: 15 09 25 30 | 09
#1097-d183 @A: 03 09 25 13 | 10
#1098-d183 @A: 18 22 05 02 | 12
#1099-d183 @A: 05 04 22 21 | 06
#1100-d183 @A: 22 33 04 34 | 03
#1101-d183 @A: 26 22 29 05 | 07
#1102-d183 @A: 03 29 33 08 | 02
#1103-d183 @A: 06 17 10 18 | 08
#1104-d183 @A: 10 32 26 11 | 01
#1105-d183 @A: 01 05 10 32 | 05
#1106-d183 @A: 10 31 33 30 | 04
#1107-d183 @A: 11 07 10 21 | 11
#1108-d183 @A: 03 35 13 10 | 09
#1109-d183 @A: 18 10 23 13 | 10
#1110-d183 @A: 33 05 21 10 | 12
#1111-d183 @A: 23 15 12 10 | 06
#1112-d183 @A: 26 23 10 09 | 03
#1113-d183 @A: 24 20 33 11 | 07
#1114-d183 @A: 06 24 09 08 | 02
#1115-d183 @A: 32 30 25 24 | 08
#1116-d183 @A: 22 04 24 32 | 01
#1117-d183 @A: 24 35 16 31 | 05
#1118-d183 @A: 07 31 33 24 | 04
#1119-d183 @A: 24 17 16 26 | 11
#1120-d183 @A: 17 04 25 24 | 09
#1121-d183 @A: 15 17 08 24 | 10
#1122-d183 @A: 28 24 35 09 | 12
#1123-d183 @A: 34 24 08 22 | 06
#1124-d183 @A: 02 24 04 03 | 03
#1125-d183 @A: 20 06 19 05 | 07
#1126-d183 @A: 22 15 32 20 | 02
#1127-d183 @A: 19 27 20 09 | 08
#1128-d183 @A: 16 20 19 13 | 01
#1129-d183 @A: 19 20 35 02 | 05
#1130-d183 @A: 20 18 19 22 | 04
#1131-d183 @A: 13 20 25 31 | 11
#1132-d183 @A: 20 14 04 22 | 09
#1133-d183 @A: 01 25 30 20 | 10
#1134-d183 @A: 01 09 20 22 | 12
#1135-d183 @A: 25 21 07 20 | 06
#1136-d183 @A: 07 12 08 20 | 03
#1137-d183 @A: 04 20 15 21 | 07
#1138-d183 @A: 31 32 33 06 | 02
#1139-d183 @A: 02 06 22 32 | 08
#1140-d183 @A: 29 19 06 27 | 01
#1141-d183 @A: 22 06 19 13 | 05
#1142-d183 @A: 08 06 19 12 | 04
#1143-d183 @A: 27 06 31 09 | 11
#1144-d183 @A: 07 31 06 30 | 09
#1145-d183 @A: 31 06 18 25 | 10
#1146-d183 @A: 14 05 01 06 | 12
#1147-d183 @A: 27 18 11 06 | 06
#1148-d183 @A: 03 27 04 06 | 03
#1149-d183 @A: 16 06 17 34 | 07
#1150-d183 @A: 01 08 06 15 | 02
#1151-d183 @A: 06 29 17 22 | 08
#1152-d183 @A: 04 06 34 28 | 01
#1153-d183 @A: 06 03 35 25 | 05
#1154-d183 @A: 02 21 06 12 | 04
#1155-d183 @A: 03 22 32 19 | 11
#1156-d183 @A: 19 32 30 23 | 09
#1157-d183 @A: 11 14 32 15 | 10
#1158-d183 @A: 17 32 30 14 | 12
#1159-d183 @A: 02 11 32 16 | 06
#1160-d183 @A: 29 32 27 28 | 03
#1161-d183 @A: 16 35 29 32 | 07
#1162-d183 @A: 29 02 32 07 | 02
#1163-d183 @A: 04 21 28 32 | 08
#1164-d183 @A: 12 22 32 34 | 01
#1165-d183 @A: 03 32 18 21 | 05
#1166-d183 @A: 23 18 32 15 | 04
#1167-d183 @A: 18 05 32 04 | 11
#1168-d183 @A: 32 21 13 12 | 09
#1169-d183 @A: 32 21 29 09 | 10
#1170-d183 @A: 03 09 32 15 | 12
#1171-d183 @A: 04 32 09 12 | 06
#1172-d183 @A: 05 03 29 32 | 03
#1173-d183 @A: 23 19 31 28 | 07
#1174-d183 @A: 05 11 19 27 | 02
#1175-d183 @A: 22 27 34 19 | 08
#1176-d183 @A: 03 19 15 01 | 01
#1177-d183 @A: 34 19 07 08 | 05
#1178-d183 @A: 19 13 09 23 | 04
#1179-d183 @A: 02 04 26 19 | 11
#1180-d183 @A: 31 27 13 11 | 09
#1181-d183 @A: 16 04 11 31 | 10
#1182-d183 @A: 07 11 23 31 | 12
#1183-d183 @A: 22 11 31 05 | 06
#1184-d183 @A: 03 11 12 31 | 03
#1185-d183 @A: 22 21 01 31 | 07
#1186-d183 @A: 26 30 31 01 | 02
#1187-d183 @A: 18 31 17 07 | 08
#1188-d183 @A: 25 02 31 21 | 01
#1189-d183 @A: 18 15 09 31 | 05
#1190-d183 @A: 04 18 23 31 | 04
#1191-d183 @A: 09 34 31 12 | 11
#1192-d183 @A: 05 34 23 31 | 09
#1193-d183 @A: 11 14 01 30 | 10
#1194-d183 @A: 07 13 14 18 | 12
#1195-d183 @A: 05 14 25 30 | 06
#1196-d183 @A: 14 23 33 18 | 03
#1197-d183 @A: 26 29 18 14 | 07
#1198-d183 @A: 34 21 14 13 | 02
#1199-d183 @A: 14 04 09 33 | 08
#1200-d183 @A: 30 14 03 33 | 01
#1201-d183 @A: 26 12 14 04 | 05
#1202-d183 @A: 14 09 34 23 | 04
#1203-d183 @A: 16 11 30 25 | 11
#1204-d183 @A: 15 11 01 02 | 09
#1205-d183 @A: 26 21 11 18 | 10
#1206-d183 @A: 11 09 34 03 | 12
#1207-d183 @A: 11 29 30 23 | 06
#1208-d183 @A: 26 04 23 11 | 03
#1209-d183 @A: 11 03 29 04 | 07
#1210-d183 @A: 35 27 18 07 | 02
#1211-d183 @A: 18 21 33 27 | 08
#1212-d183 @A: 29 02 27 18 | 01
#1213-d183 @A: 26 18 05 27 | 05
#1214-d183 @A: 27 03 15 33 | 04
#1215-d183 @A: 12 08 27 04 | 11
#1216-d183 @A: 26 13 08 27 | 09
#1217-d183 @A: 16 23 26 22 | 10
#1218-d183 @A: 15 12 16 18 | 12
#1219-d183 @A: 16 15 33 02 | 06
#1220-d183 @A: 16 30 15 13 | 03
#1221-d183 @A: 26 12 29 16 | 07
#1222-d183 @A: 13 17 01 07 | 02
#1223-d183 @A: 18 17 15 01 | 08
#1224-d183 @A: 29 25 35 01 | 01
#1225-d183 @A: 01 22 08 02 | 05
#1226-d183 @A: 29 03 21 01 | 04
#1227-d183 @A: 08 30 23 01 | 11
#1228-d183 @A: 09 07 17 15 | 09
#1229-d183 @A: 17 05 26 07 | 10
#1230-d183 @A: 26 35 07 28 | 12
#1231-d183 @A: 26 07 21 12 | 06
#1232-d183 @A: 12 15 07 05 | 03
#1233-d183 @A: 34 15 29 07 | 07
#1234-d183 @A: 07 09 30 23 | 02
#1235-d183 @A: 13 34 04 07 | 08
#1236-d183 @A: 03 29 28 17 | 01
#1237-d183 @A: 21 35 25 17 | 05
#1238-d183 @A: 17 18 26 33 | 04
#1239-d183 @A: 05 23 17 18 | 11
#1240-d183 @A: 17 33 04 13 | 09
#1241-d183 @A: 17 23 29 02 | 10
#1242-d183 @A: 30 05 03 17 | 12
#1243-d183 @A: 25 28 29 30 | 06
#1244-d183 @A: 13 18 34 28 | 03
#1245-d183 @A: 18 34 08 28 | 07
#1246-d183 @A: 21 26 08 28 | 02
#1247-d183 @A: 34 30 28 05 | 08
#1248-d183 @A: 12 02 18 35 | 01
#1249-d183 @A: 35 09 18 23 | 05
#1250-d183 @A: 21 12 34 35 | 04
#1251-d183 @A: 03 02 15 35 | 11
#1252-d183 @A: 12 08 35 26 | 09
#1253-d183 @A: 12 05 25 22 | 10
#1254-d183 @A: 21 25 12 09 | 12
#1255-d183 @A: 25 05 21 34 | 06
#1256-d183 @A: 21 26 25 29 | 03
#1257-d183 @A: 04 25 29 12 | 07
#1258-d183 @A: 25 03 12 23 | 02
#1259-d183 @A: 05 25 09 23 | 08
#1260-d183 @A: 04 26 25 30 | 01
#1261-d183 @A: 18 13 12 22 | 05
#1262-d183 @A: 22 33 23 30 | 04
#1263-d183 @A: 09 05 08 30 | 11
#1264-d183 @A: 10 24 35 18 | 09
#1265-d183 @A: 10 04 20 32 | 10
#1266-d183 @A: 05 20 17 10 | 12
#1267-d183 @A: 20 10 22 34 | 06
#1268-d183 @A: 06 26 10 27 | 03
#1269-d183 @A: 10 27 21 19 | 07
#1270-d183 @A: 07 19 30 10 | 02
#1271-d183 @A: 10 19 03 17 | 08
#1272-d183 @A: 27 23 10 31 | 01
#1273-d183 @A: 22 10 03 31 | 05
#1274-d183 @A: 09 11 10 27 | 04
#1275-d183 @A: 35 11 01 10 | 11
#1276-d183 @A: 34 05 10 11 | 09
#1277-d183 @A: 10 34 16 33 | 10
#1278-d183 @A: 05 10 07 13 | 12
#1279-d183 @A: 35 30 10 25 | 06
#1280-d183 @A: 08 10 05 15 | 03
#1281-d183 @A: 06 20 18 24 | 07
#1282-d183 @A: 14 20 15 24 | 02
#1283-d183 @A: 06 29 24 32 | 08
#1284-d183 @A: 19 06 24 07 | 01
#1285-d183 @A: 23 24 06 31 | 05
#1286-d183 @A: 01 24 12 06 | 04
#1287-d183 @A: 04 30 24 06 | 11
#1288-d183 @A: 24 14 18 32 | 09
#1289-d183 @A: 24 31 15 25 | 10
#1290-d183 @A: 24 11 12 27 | 12
#1291-d183 @A: 23 24 11 05 | 06
#1292-d183 @A: 24 03 08 27 | 03
#1293-d183 @A: 16 22 13 24 | 07
#1294-d183 @A: 18 07 24 01 | 02
#1295-d183 @A: 29 34 24 01 | 08
#1296-d183 @A: 17 15 24 22 | 01
#1297-d183 @A: 24 28 25 26 | 05
#1298-d183 @A: 24 15 29 18 | 04
#1299-d183 @A: 18 09 30 24 | 11
#1300-d183 @A: 21 24 23 26 | 09
#1301-d183 @A: 24 15 12 02 | 10
#1302-d183 @A: 32 02 20 30 | 12
#1303-d183 @A: 05 20 14 27 | 06
#1304-d183 @A: 35 14 20 01 | 03
#1305-d183 @A: 11 01 23 20 | 07
#1306-d183 @A: 11 04 20 28 | 02
#1307-d183 @A: 20 22 11 26 | 08
#1308-d183 @A: 34 27 20 13 | 01
#1309-d183 @A: 07 03 17 20 | 05
#1310-d183 @A: 26 20 04 07 | 04
#1311-d183 @A: 34 09 20 28 | 11
#1312-d183 @A: 08 25 22 20 | 09
#1313-d183 @A: 23 26 33 20 | 10
#1314-d183 @A: 09 20 08 13 | 12
#1315-d183 @A: 32 06 19 09 | 06
#1316-d183 @A: 26 06 16 31 | 03
#1317-d183 @A: 14 29 28 06 | 07
#1318-d183 @A: 11 22 06 30 | 02
#1319-d183 @A: 16 02 27 06 | 08
#1320-d183 @A: 35 30 27 06 | 01
#1321-d183 @A: 08 33 22 06 | 05
#1322-d183 @A: 33 06 29 12 | 04
#1323-d183 @A: 12 34 05 06 | 11
#1324-d183 @A: 03 08 06 30 | 09
#1325-d183 @A: 04 26 06 05 | 10
#1326-d183 @A: 30 04 31 32 | 12
#1327-d183 @A: 33 32 13 14 | 06
#1328-d183 @A: 35 15 27 32 | 03
#1329-d183 @A: 32 13 07 25 | 07
#1330-d183 @A: 22 17 21 32 | 02
#1331-d183 @A: 31 19 25 12 | 08
#1332-d183 @A: 19 30 31 18 | 01
#1333-d183 @A: 19 14 17 09 | 05
#1334-d183 @A: 29 35 19 14 | 04
#1335-d183 @A: 12 19 14 22 | 11
#1336-d183 @A: 35 11 19 16 | 09
#1337-d183 @A: 11 04 19 01 | 10
#1338-d183 @A: 29 11 08 19 | 12
#1339-d183 @A: 13 19 05 30 | 06
#1340-d183 @A: 34 26 29 19 | 03
#1341-d183 @A: 30 14 31 35 | 07
#1342-d183 @A: 33 31 22 14 | 02
#1343-d183 @A: 31 05 01 27 | 08
#1344-d183 @A: 31 27 15 22 | 01
#1345-d183 @A: 16 07 31 12 | 05
#1346-d183 @A: 31 23 25 01 | 04
#1347-d183 @A: 22 31 07 13 | 11
#1348-d183 @A: 28 33 31 17 | 09
#1349-d183 @A: 25 31 35 09 | 10
#1350-d183 @A: 21 34 33 31 | 12
#1351-d183 @A: 33 04 08 31 | 06
#1352-d183 @A: 04 16 14 28 | 03
#1353-d183 @A: 14 13 01 28 | 07
#1354-d183 @A: 14 25 12 01 | 02
#1355-d183 @A: 22 25 14 07 | 08
#1356-d183 @A: 15 23 14 13 | 01
#1357-d183 @A: 12 29 13 14 | 05
#1358-d183 @A: 30 08 34 14 | 04
#1359-d183 @A: 01 29 27 11 | 11
#1360-d183 @A: 23 27 11 35 | 09
#1361-d183 @A: 21 27 22 11 | 10
#1362-d183 @A: 35 07 11 12 | 12
#1363-d183 @A: 11 22 35 09 | 06
#1364-d183 @A: 11 13 09 18 | 03
#1365-d183 @A: 02 23 18 11 | 07
#1366-d183 @A: 33 11 21 08 | 02
#1367-d183 @A: 22 01 18 27 | 08
#1368-d183 @A: 25 30 27 07 | 01
#1369-d183 @A: 02 28 26 27 | 05
#1370-d183 @A: 22 30 27 05 | 04
#1371-d183 @A: 23 05 02 27 | 11
#1372-d183 @A: 27 23 26 30 | 09
#1373-d183 @A: 17 01 16 03 | 10
#1374-d183 @A: 01 16 28 29 | 12
#1375-d183 @A: 18 05 16 01 | 06
#1376-d183 @A: 09 01 16 12 | 03
#1377-d183 @A: 33 28 21 16 | 07
#1378-d183 @A: 16 23 29 15 | 02
#1379-d183 @A: 16 09 13 29 | 08
#1380-d183 @A: 08 33 25 01 | 01
#1381-d183 @A: 01 04 30 02 | 05
#1382-d183 @A: 15 07 08 25 | 04
#1383-d183 @A: 34 22 07 03 | 11
#1384-d183 @A: 29 12 07 18 | 09
#1385-d183 @A: 07 30 18 04 | 10
#1386-d183 @A: 21 07 33 02 | 12
#1387-d183 @A: 07 21 03 05 | 06
#1388-d183 @A: 04 09 07 03 | 03
#1389-d183 @A: 03 17 33 22 | 07
#1390-d183 @A: 09 18 29 17 | 02
#1391-d183 @A: 30 17 02 33 | 08
#1392-d183 @A: 17 26 15 02 | 01
#1393-d183 @A: 29 30 17 15 | 05
#1394-d183 @A: 12 17 34 30 | 04
#1395-d183 @A: 21 05 28 26 | 11
#1396-d183 @A: 29 13 28 23 | 09
#1397-d183 @A: 09 13 21 35 | 10
#1398-d183 @A: 35 13 29 15 | 12
#1399-d183 @A: 35 02 09 04 | 06
#1400-d183 @A: 08 25 34 29 | 03
#1401-d183 @A: 34 22 29 18 | 07
#1402-d183 @A: 30 26 12 22 | 02
#1403-d183 @A: 05 22 34 09 | 08
#1404-d183 @A: 26 22 02 03 | 01
#1405-d183 @A: 13 18 08 15 | 05
#1406-d183 @A: 13 34 12 08 | 04
#1407-d183 @A: 04 03 05 08 | 11
#1408-d183 @A: 21 31 24 10 | 09
#1409-d183 @A: 10 24 07 34 | 10
#1410-d183 @A: 24 08 10 21 | 12
#1411-d183 @A: 06 10 03 07 | 06
#1412-d183 @A: 06 30 10 28 | 03
#1413-d183 @A: 14 10 32 29 | 07
#1414-d183 @A: 32 25 33 10 | 02
#1415-d183 @A: 10 13 01 31 | 08
#1416-d183 @A: 11 28 10 15 | 01
#1417-d183 @A: 11 30 08 10 | 05
#1418-d183 @A: 22 10 02 27 | 04
#1419-d183 @A: 03 16 10 30 | 11
#1420-d183 @A: 15 29 21 10 | 09
#1421-d183 @A: 10 09 33 12 | 10
#1422-d183 @A: 05 12 04 10 | 12
#1423-d183 @A: 03 24 16 20 | 06
#1424-d183 @A: 24 28 02 20 | 03
#1425-d183 @A: 32 05 24 28 | 07
#1426-d183 @A: 35 23 24 32 | 02
#1427-d183 @A: 27 19 28 24 | 08
#1428-d183 @A: 23 19 24 16 | 01
#1429-d183 @A: 24 25 09 27 | 05
#1430-d183 @A: 27 26 15 24 | 04
#1431-d183 @A: 28 24 16 18 | 11
#1432-d183 @A: 13 24 21 01 | 09
#1433-d183 @A: 35 24 07 02 | 10
#1434-d183 @A: 24 34 30 13 | 12
#1435-d183 @A: 20 08 27 06 | 06
#1436-d183 @A: 19 20 32 34 | 03
#1437-d183 @A: 20 19 01 07 | 07
#1438-d183 @A: 21 20 19 17 | 02
#1439-d183 @A: 31 20 07 05 | 08
#1440-d183 @A: 22 31 20 12 | 01
#1441-d183 @A: 35 23 28 20 | 05
#1442-d183 @A: 03 26 20 18 | 04
#1443-d183 @A: 20 30 26 21 | 11
#1444-d183 @A: 12 05 30 20 | 09
#1445-d183 @A: 02 04 05 20 | 10
#1446-d183 @A: 05 34 26 20 | 12
#1447-d183 @A: 09 06 18 14 | 06
#1448-d183 @A: 21 06 11 34 | 03
#1449-d183 @A: 06 16 01 30 | 07
#1450-d183 @A: 16 35 06 15 | 02
#1451-d183 @A: 06 08 18 07 | 08
#1452-d183 @A: 07 13 02 06 | 01
#1453-d183 @A: 15 22 06 12 | 05
#1454-d183 @A: 13 06 18 33 | 04
#1455-d183 @A: 26 18 34 06 | 11
#1456-d183 @A: 15 06 30 05 | 09
#1457-d183 @A: 31 07 32 15 | 10
#1458-d183 @A: 32 18 22 31 | 12
#1459-d183 @A: 32 08 02 31 | 06
#1460-d183 @A: 28 03 32 11 | 03
#1461-d183 @A: 09 32 25 16 | 07
#1462-d183 @A: 21 32 07 35 | 02
#1463-d183 @A: 13 09 28 32 | 08
#1464-d183 @A: 09 34 32 02 | 01
#1465-d183 @A: 19 08 31 11 | 05
#1466-d183 @A: 23 14 19 01 | 04
#1467-d183 @A: 18 14 25 19 | 11
#1468-d183 @A: 13 11 19 17 | 09
#1469-d183 @A: 08 21 19 27 | 10
#1470-d183 @A: 04 28 19 17 | 12
#1471-d183 @A: 12 04 19 21 | 06
#1472-d183 @A: 19 33 04 30 | 03
#1473-d183 @A: 29 27 31 14 | 07
#1474-d183 @A: 31 09 07 14 | 02
#1475-d183 @A: 34 31 17 27 | 08
#1476-d183 @A: 31 12 13 35 | 01
#1477-d183 @A: 04 31 33 05 | 05
#1478-d183 @A: 08 15 31 09 | 04
#1479-d183 @A: 15 31 04 34 | 11
#1480-d183 @A: 22 14 11 03 | 09
#1481-d183 @A: 27 02 15 14 | 10
#1482-d183 @A: 14 08 27 13 | 12
#1483-d183 @A: 18 35 16 14 | 06
#1484-d183 @A: 04 07 21 14 | 03
#1485-d183 @A: 28 14 22 18 | 07
#1486-d183 @A: 03 22 08 14 | 02
#1487-d183 @A: 34 04 14 18 | 08
#1488-d183 @A: 21 33 14 29 | 01
#1489-d183 @A: 30 14 13 04 | 05
#1490-d183 @A: 29 14 34 05 | 04
#1491-d183 @A: 11 26 28 16 | 11
#1492-d183 @A: 22 17 02 11 | 09
#1493-d183 @A: 11 04 33 15 | 10
#1494-d183 @A: 12 11 15 13 | 12
#1495-d183 @A: 29 15 11 09 | 06
#1496-d183 @A: 01 04 27 07 | 03
#1497-d183 @A: 17 13 27 18 | 07
#1498-d183 @A: 30 27 21 02 | 02
#1499-d183 @A: 25 33 16 01 | 08
#1500-d183 @A: 01 16 34 22 | 01
#1501-d183 @A: 17 16 22 18 | 05
#1502-d183 @A: 15 16 09 05 | 04
#1503-d183 @A: 23 04 16 09 | 11
#1504-d183 @A: 26 03 34 16 | 09
#1505-d183 @A: 01 15 25 07 | 10
#1506-d183 @A: 07 05 02 01 | 12
#1507-d183 @A: 35 01 12 03 | 06
#1508-d183 @A: 30 23 01 15 | 03
#1509-d183 @A: 02 13 09 01 | 07
#1510-d183 @A: 01 09 08 04 | 02
#1511-d183 @A: 05 01 26 03 | 08
#1512-d183 @A: 17 07 35 33 | 01
#1513-d183 @A: 08 21 07 28 | 05
#1514-d183 @A: 07 05 35 22 | 04
#1515-d183 @A: 07 12 23 13 | 11
#1516-d183 @A: 26 07 23 03 | 09
#1517-d183 @A: 18 34 02 17 | 10
#1518-d183 @A: 02 17 03 21 | 12
#1519-d183 @A: 12 05 17 29 | 06
#1520-d183 @A: 09 02 17 05 | 03
#1521-d183 @A: 03 23 13 17 | 07
#1522-d183 @A: 03 09 28 18 | 02
#1523-d183 @A: 08 15 28 03 | 08
#1524-d183 @A: 12 28 34 29 | 01
#1525-d183 @A: 04 28 26 03 | 05
#1526-d183 @A: 29 30 35 18 | 04
#1527-d183 @A: 18 05 13 35 | 11
#1528-d183 @A: 30 03 09 35 | 09
#1529-d183 @A: 13 23 35 02 | 10
#1530-d183 @A: 26 04 35 13 | 12
#1531-d183 @A: 08 35 05 23 | 06
#1532-d183 @A: 15 18 02 25 | 03
#1533-d183 @A: 23 25 18 30 | 07
#1534-d183 @A: 33 30 21 25 | 02
#1535-d183 @A: 02 26 12 25 | 08
#1536-d183 @A: 15 18 30 22 | 01
#1537-d183 @A: 02 22 13 30 | 05
#1538-d183 @A: 29 12 18 08 | 04
#1539-d183 @A: 15 30 04 08 | 11
#1540-d183 @A: 10 24 29 25 | 09
#1541-d183 @A: 20 33 01 10 | 10
#1542-d183 @A: 10 20 02 25 | 12
#1543-d183 @A: 30 10 13 20 | 06
#1544-d183 @A: 10 06 29 11 | 03
#1545-d183 @A: 08 32 07 10 | 07
#1546-d183 @A: 10 19 25 04 | 02
#1547-d183 @A: 31 10 01 08 | 08
#1548-d183 @A: 25 34 31 10 | 01
#1549-d183 @A: 14 11 13 10 | 05
#1550-d183 @A: 14 26 01 10 | 04
#1551-d183 @A: 14 25 10 23 | 11
#1552-d183 @A: 10 09 03 14 | 09
#1553-d183 @A: 25 16 10 15 | 10
#1554-d183 @A: 16 22 08 10 | 12
#1555-d183 @A: 29 16 10 05 | 06
#1556-d183 @A: 10 01 04 22 | 03
#1557-d183 @A: 10 22 17 30 | 07
#1558-d183 @A: 10 26 03 33 | 02
#1559-d183 @A: 13 26 12 10 | 08
#1560-d183 @A: 02 09 08 10 | 01
#1561-d183 @A: 03 23 05 10 | 05
#1562-d183 @A: 24 12 20 07 | 04
#1563-d183 @A: 24 20 17 09 | 11
#1564-d183 @A: 24 29 20 22 | 09
#1565-d183 @A: 14 24 06 35 | 10
#1566-d183 @A: 32 15 24 01 | 12
#1567-d183 @A: 07 32 26 24 | 06
#1568-d183 @A: 19 05 24 29 | 03
#1569-d183 @A: 22 24 31 30 | 07
#1570-d183 @A: 08 18 31 24 | 02
#1571-d183 @A: 24 14 28 21 | 08
#1572-d183 @A: 16 05 27 24 | 01
#1573-d183 @A: 35 27 17 24 | 05
#1574-d183 @A: 23 24 29 27 | 04
#1575-d183 @A: 30 03 01 24 | 11
#1576-d183 @A: 24 17 28 34 | 09
#1577-d183 @A: 33 24 18 05 | 10
#1578-d183 @A: 24 09 33 03 | 12
#1579-d183 @A: 13 15 24 05 | 06
#1580-d183 @A: 09 26 24 13 | 03
#1581-d183 @A: 02 24 05 30 | 07
#1582-d183 @A: 20 02 26 06 | 02
#1583-d183 @A: 32 35 03 20 | 08
#1584-d183 @A: 05 32 20 25 | 01
#1585-d183 @A: 20 33 08 32 | 05
#1586-d183 @A: 19 33 20 31 | 04
#1587-d183 @A: 31 20 27 04 | 11
#1588-d183 @A: 17 02 20 31 | 09
#1589-d183 @A: 27 20 16 15 | 10
#1590-d183 @A: 27 33 20 17 | 12
#1591-d183 @A: 25 04 20 16 | 06
#1592-d183 @A: 04 12 17 20 | 03
#1593-d183 @A: 34 35 20 08 | 07
#1594-d183 @A: 21 20 34 02 | 02
#1595-d183 @A: 30 20 33 29 | 08
#1596-d183 @A: 20 34 15 30 | 01
#1597-d183 @A: 05 09 20 29 | 05
#1598-d183 @A: 07 15 14 06 | 04
#1599-d183 @A: 03 06 17 14 | 11
#1600-d183 @A: 06 16 07 11 | 09
#1601-d183 @A: 11 23 06 25 | 10
#1602-d183 @A: 05 06 22 16 | 12
#1603-d183 @A: 09 06 26 33 | 06
#1604-d183 @A: 02 06 15 09 | 03
#1605-d183 @A: 06 26 13 29 | 07
#1606-d183 @A: 19 32 27 33 | 02
#1607-d183 @A: 32 31 29 13 | 08
#1608-d183 @A: 26 03 14 32 | 01
#1609-d183 @A: 30 27 11 32 | 05
#1610-d183 @A: 32 16 27 13 | 04
#1611-d183 @A: 16 22 33 32 | 11
#1612-d183 @A: 18 25 32 17 | 09
#1613-d183 @A: 35 33 04 32 | 10
#1614-d183 @A: 32 29 33 15 | 12
#1615-d183 @A: 08 04 13 32 | 06
#1616-d183 @A: 19 11 14 33 | 03
#1617-d183 @A: 11 25 19 34 | 07
#1618-d183 @A: 11 21 19 29 | 02
#1619-d183 @A: 16 19 34 07 | 08
#1620-d183 @A: 16 02 19 22 | 01
#1621-d183 @A: 17 19 23 22 | 05
#1622-d183 @A: 30 28 35 19 | 04
#1623-d183 @A: 13 19 25 28 | 11
#1624-d183 @A: 19 21 02 23 | 09
#1625-d183 @A: 15 19 09 12 | 10
#1626-d183 @A: 02 27 07 31 | 12
#1627-d183 @A: 08 31 27 07 | 06
#1628-d183 @A: 31 07 28 21 | 03
#1629-d183 @A: 05 28 25 31 | 07
#1630-d183 @A: 12 31 15 21 | 02
#1631-d183 @A: 11 18 08 14 | 08
#1632-d183 @A: 21 12 11 14 | 01
#1633-d183 @A: 14 26 07 16 | 05
#1634-d183 @A: 35 02 14 33 | 04
#1635-d183 @A: 14 26 30 09 | 11
#1636-d183 @A: 05 14 26 23 | 09
#1637-d183 @A: 03 07 27 11 | 10
#1638-d183 @A: 11 33 22 07 | 12
#1639-d183 @A: 25 11 05 17 | 06
#1640-d183 @A: 28 11 35 29 | 03
#1641-d183 @A: 23 11 13 21 | 07
#1642-d183 @A: 23 33 34 11 | 02
#1643-d183 @A: 13 11 03 33 | 08
#1644-d183 @A: 04 34 12 11 | 01
#1645-d183 @A: 26 11 02 09 | 05
#1646-d183 @A: 18 27 16 34 | 04
#1647-d183 @A: 35 21 01 27 | 11
#1648-d183 @A: 04 25 28 27 | 09
#1649-d183 @A: 33 27 29 26 | 10
#1650-d183 @A: 27 34 29 30 | 12
#1651-d183 @A: 35 07 16 13 | 06
#1652-d183 @A: 25 18 07 16 | 03
#1653-d183 @A: 16 17 28 15 | 07
#1654-d183 @A: 30 16 17 08 | 02
#1655-d183 @A: 13 21 16 04 | 08
#1656-d183 @A: 34 12 13 16 | 01
#1657-d183 @A: 09 17 01 25 | 05
#1658-d183 @A: 35 01 15 22 | 04
#1659-d183 @A: 33 30 01 35 | 11
#1660-d183 @A: 01 18 02 21 | 09
#1661-d183 @A: 15 05 01 21 | 10
#1662-d183 @A: 04 01 03 33 | 12
#1663-d183 @A: 33 01 23 05 | 06
#1664-d183 @A: 17 07 22 04 | 03
#1665-d183 @A: 07 15 30 33 | 07
#1666-d183 @A: 33 04 08 07 | 02
#1667-d183 @A: 34 07 05 33 | 08
#1668-d183 @A: 15 04 07 02 | 01
#1669-d183 @A: 13 02 17 28 | 05
#1670-d183 @A: 30 13 17 35 | 04
#1671-d183 @A: 17 21 09 33 | 11
#1672-d183 @A: 17 34 15 21 | 09
#1673-d183 @A: 17 09 08 21 | 10
#1674-d183 @A: 30 03 28 15 | 12
#1675-d183 @A: 23 34 28 15 | 06
#1676-d183 @A: 35 08 02 03 | 03
#1677-d183 @A: 26 03 29 35 | 07
#1678-d183 @A: 22 18 04 25 | 02
#1679-d183 @A: 13 25 21 22 | 08
#1680-d183 @A: 09 25 34 18 | 01
#1681-d183 @A: 03 21 04 25 | 05
#1682-d183 @A: 13 02 33 25 | 04
#1683-d183 @A: 34 25 04 02 | 11
#1684-d183 @A: 13 09 22 15 | 09
#1685-d183 @A: 02 22 34 15 | 10
#1686-d183 @A: 15 26 22 04 | 12
#1687-d183 @A: 22 15 08 26 | 06
#1688-d183 @A: 23 22 12 04 | 03
#1689-d183 @A: 26 13 34 22 | 07
