#0001-d187 @A: 23 16 34 14 | 02
#0002-d187 @A: 23 24 16 05 | 09
#0003-d187 @A: 18 11 23 25 | 11
#0004-d187 @A: 15 31 20 23 | 10
#0005-d187 @A: 14 23 04 02 | 01
#0006-d187 @A: 30 13 08 23 | 03
#0007-d187 @A: 31 21 12 23 | 07
#0008-d187 @A: 35 26 23 17 | 12
#0009-d187 @A: 07 23 11 31 | 04
#0010-d187 @A: 31 06 29 23 | 06
#0011-d187 @A: 33 20 17 23 | 05
#0012-d187 @A: 04 24 26 23 | 08
#0013-d187 @A: 17 22 23 21 | 02
#0014-d187 @A: 09 23 26 02 | 09
#0015-d187 @A: 26 18 16 07 | 11
#0016-d187 @A: 30 34 16 01 | 10
#0017-d187 @A: 35 16 01 10 | 01
#0018-d187 @A: 13 16 01 09 | 03
#0019-d187 @A: 21 07 15 16 | 07
#0020-d187 @A: 06 09 03 16 | 12
#0021-d187 @A: 16 12 04 08 | 04
#0022-d187 @A: 05 16 11 34 | 06
#0023-d187 @A: 16 12 09 30 | 05
#0024-d187 @A: 16 20 19 27 | 08
#0025-d187 @A: 35 32 16 09 | 02
#0026-d187 @A: 24 16 31 07 | 09
#0027-d187 @A: 07 02 16 28 | 11
#0028-d187 @A: 13 16 19 10 | 10
#0029-d187 @A: 32 22 16 05 | 01
#0030-d187 @A: 16 06 21 20 | 03
#0031-d187 @A: 16 26 17 10 | 07
#0032-d187 @A: 26 11 02 16 | 12
#0033-d187 @A: 26 29 16 09 | 04
#0034-d187 @A: 15 18 29 35 | 06
#0035-d187 @A: 06 25 15 18 | 05
#0036-d187 @A: 21 05 15 18 | 08
#0037-d187 @A: 28 34 14 18 | 02
#0038-d187 @A: 03 13 18 10 | 09
#0039-d187 @A: 08 31 18 21 | 11
#0040-d187 @A: 02 18 08 24 | 10
#0041-d187 @A: 18 31 34 30 | 01
#0042-d187 @A: 27 12 18 30 | 03
#0043-d187 @A: 25 18 12 20 | 07
#0044-d187 @A: 35 05 33 18 | 12
#0045-d187 @A: 31 13 18 11 | 04
#0046-d187 @A: 33 18 25 21 | 06
#0047-d187 @A: 24 22 18 30 | 05
#0048-d187 @A: 24 11 18 04 | 08
#0049-d187 @A: 30 10 18 17 | 02
#0050-d187 @A: 18 29 26 05 | 09
#0051-d187 @A: 05 09 18 28 | 11
#0052-d187 @A: 02 05 18 22 | 10
#0053-d187 @A: 15 21 01 03 | 01
#0054-d187 @A: 08 01 14 04 | 03
#0055-d187 @A: 01 10 03 07 | 07
#0056-d187 @A: 01 11 22 08 | 12
#0057-d187 @A: 06 01 31 12 | 04
#0058-d187 @A: 13 01 12 21 | 06
#0059-d187 @A: 01 13 27 06 | 05
#0060-d187 @A: 01 31 19 07 | 08
#0061-d187 @A: 01 31 22 02 | 02
#0062-d187 @A: 05 01 09 25 | 09
#0063-d187 @A: 17 22 26 01 | 11
#0064-d187 @A: 04 01 17 11 | 10
#0065-d187 @A: 06 02 01 17 | 01
#0066-d187 @A: 12 21 15 14 | 03
#0067-d187 @A: 17 07 15 14 | 07
#0068-d187 @A: 35 15 08 24 | 12
#0069-d187 @A: 12 07 15 33 | 04
#0070-d187 @A: 04 13 15 10 | 06
#0071-d187 @A: 11 15 24 30 | 05
#0072-d187 @A: 30 15 28 09 | 08
#0073-d187 @A: 32 12 22 14 | 02
#0074-d187 @A: 12 24 05 14 | 09
#0075-d187 @A: 14 27 06 24 | 11
#0076-d187 @A: 32 28 14 19 | 10
#0077-d187 @A: 21 10 32 14 | 01
#0078-d187 @A: 26 20 14 24 | 03
#0079-d187 @A: 24 29 09 14 | 07
#0080-d187 @A: 22 08 25 03 | 12
#0081-d187 @A: 03 35 12 06 | 04
#0082-d187 @A: 21 32 12 03 | 06
#0083-d187 @A: 07 03 13 09 | 05
#0084-d187 @A: 09 19 03 04 | 08
#0085-d187 @A: 25 11 24 03 | 02
#0086-d187 @A: 20 29 24 03 | 09
#0087-d187 @A: 03 24 33 09 | 11
#0088-d187 @A: 06 03 02 04 | 10
#0089-d187 @A: 06 31 08 34 | 01
#0090-d187 @A: 35 08 12 26 | 03
#0091-d187 @A: 22 08 07 30 | 07
#0092-d187 @A: 08 30 25 32 | 12
#0093-d187 @A: 09 08 17 20 | 04
#0094-d187 @A: 02 04 26 08 | 06
#0095-d187 @A: 08 05 09 26 | 05
#0096-d187 @A: 22 08 33 06 | 08
#0097-d187 @A: 02 12 34 05 | 02
#0098-d187 @A: 34 17 27 13 | 09
#0099-d187 @A: 34 31 35 04 | 11
#0100-d187 @A: 34 21 31 13 | 10
#0101-d187 @A: 10 09 07 34 | 01
#0102-d187 @A: 34 32 13 26 | 03
#0103-d187 @A: 24 20 09 34 | 07
#0104-d187 @A: 29 21 33 34 | 12
#0105-d187 @A: 27 31 02 12 | 04
#0106-d187 @A: 10 13 31 12 | 06
#0107-d187 @A: 12 07 13 26 | 05
#0108-d187 @A: 19 13 29 12 | 08
#0109-d187 @A: 22 10 12 20 | 02
#0110-d187 @A: 12 04 21 26 | 09
#0111-d187 @A: 10 05 12 22 | 11
#0112-d187 @A: 12 22 06 26 | 10
#0113-d187 @A: 10 27 35 26 | 01
#0114-d187 @A: 20 25 31 27 | 03
#0115-d187 @A: 32 13 27 33 | 07
#0116-d187 @A: 27 28 24 32 | 12
#0117-d187 @A: 27 26 09 20 | 04
#0118-d187 @A: 22 20 11 27 | 06
#0119-d187 @A: 35 07 29 05 | 05
#0120-d187 @A: 35 04 32 06 | 08
#0121-d187 @A: 17 35 20 02 | 02
#0122-d187 @A: 21 10 24 35 | 09
#0123-d187 @A: 35 22 24 02 | 11
#0124-d187 @A: 29 28 35 17 | 10
#0125-d187 @A: 13 31 28 19 | 01
#0126-d187 @A: 31 32 22 25 | 03
#0127-d187 @A: 31 22 29 04 | 07
#0128-d187 @A: 10 07 32 13 | 12
#0129-d187 @A: 07 21 26 24 | 04
#0130-d187 @A: 24 04 07 30 | 06
#0131-d187 @A: 21 29 07 22 | 05
#0132-d187 @A: 04 28 07 10 | 08
#0133-d187 @A: 07 26 05 04 | 02
#0134-d187 @A: 19 20 17 22 | 09
#0135-d187 @A: 19 20 29 04 | 11
#0136-d187 @A: 02 21 26 19 | 10
#0137-d187 @A: 22 11 19 10 | 01
#0138-d187 @A: 28 22 02 19 | 03
#0139-d187 @A: 25 13 06 10 | 07
#0140-d187 @A: 25 13 28 04 | 12
#0141-d187 @A: 21 10 20 25 | 04
#0142-d187 @A: 20 25 30 11 | 06
#0143-d187 @A: 24 30 02 25 | 05
#0144-d187 @A: 24 25 33 22 | 08
#0145-d187 @A: 11 21 29 25 | 02
#0146-d187 @A: 25 04 09 21 | 09
#0147-d187 @A: 28 10 29 25 | 11
#0148-d187 @A: 02 10 25 33 | 10
#0149-d187 @A: 25 06 26 02 | 01
#0150-d187 @A: 06 25 29 09 | 03
#0151-d187 @A: 21 10 11 13 | 07
#0152-d187 @A: 21 13 04 22 | 12
#0153-d187 @A: 23 35 27 16 | 04
#0154-d187 @A: 02 15 01 23 | 06
#0155-d187 @A: 31 23 33 01 | 05
#0156-d187 @A: 15 23 31 05 | 08
#0157-d187 @A: 27 23 26 14 | 02
#0158-d187 @A: 14 21 29 23 | 09
#0159-d187 @A: 14 23 33 05 | 11
#0160-d187 @A: 27 20 23 03 | 10
#0161-d187 @A: 02 23 31 35 | 01
#0162-d187 @A: 23 07 35 04 | 03
#0163-d187 @A: 20 23 11 26 | 07
#0164-d187 @A: 23 10 21 26 | 12
#0165-d187 @A: 18 16 20 01 | 04
#0166-d187 @A: 30 08 18 16 | 06
#0167-d187 @A: 18 16 34 21 | 05
#0168-d187 @A: 17 16 18 13 | 08
#0169-d187 @A: 16 15 04 34 | 02
#0170-d187 @A: 16 15 28 25 | 09
#0171-d187 @A: 10 03 16 22 | 11
#0172-d187 @A: 16 10 34 12 | 10
#0173-d187 @A: 16 34 19 28 | 01
#0174-d187 @A: 32 12 16 07 | 03
#0175-d187 @A: 33 05 16 12 | 07
#0176-d187 @A: 16 27 11 25 | 12
#0177-d187 @A: 16 25 07 22 | 04
#0178-d187 @A: 19 16 32 26 | 06
#0179-d187 @A: 32 16 30 28 | 05
#0180-d187 @A: 20 16 30 17 | 08
#0181-d187 @A: 26 20 28 16 | 02
#0182-d187 @A: 02 33 16 30 | 09
#0183-d187 @A: 16 06 22 04 | 11
#0184-d187 @A: 18 11 01 09 | 10
#0185-d187 @A: 03 15 02 18 | 01
#0186-d187 @A: 08 10 15 18 | 03
#0187-d187 @A: 29 14 27 18 | 07
#0188-d187 @A: 26 27 03 18 | 12
#0189-d187 @A: 18 07 19 08 | 04
#0190-d187 @A: 18 09 29 08 | 06
#0191-d187 @A: 18 34 05 19 | 05
#0192-d187 @A: 34 09 18 13 | 08
#0193-d187 @A: 32 18 21 27 | 02
#0194-d187 @A: 18 02 31 20 | 09
#0195-d187 @A: 05 18 07 13 | 11
#0196-d187 @A: 20 29 18 30 | 10
#0197-d187 @A: 21 09 02 18 | 01
#0198-d187 @A: 06 09 18 04 | 03
#0199-d187 @A: 15 05 19 01 | 07
#0200-d187 @A: 14 34 09 01 | 12
#0201-d187 @A: 19 03 01 11 | 04
#0202-d187 @A: 35 01 06 08 | 06
#0203-d187 @A: 01 22 07 34 | 05
#0204-d187 @A: 01 07 27 04 | 08
#0205-d187 @A: 35 21 31 01 | 02
#0206-d187 @A: 13 01 07 17 | 09
#0207-d187 @A: 01 19 29 32 | 11
#0208-d187 @A: 01 13 32 22 | 10
#0209-d187 @A: 17 01 10 21 | 01
#0210-d187 @A: 01 11 26 30 | 03
#0211-d187 @A: 29 05 11 01 | 07
#0212-d187 @A: 27 14 15 30 | 12
#0213-d187 @A: 14 15 25 24 | 04
#0214-d187 @A: 15 34 07 03 | 06
#0215-d187 @A: 03 15 13 20 | 05
#0216-d187 @A: 27 02 08 15 | 08
#0217-d187 @A: 19 15 31 08 | 02
#0218-d187 @A: 22 35 27 15 | 09
#0219-d187 @A: 31 35 15 28 | 11
#0220-d187 @A: 15 26 13 31 | 10
#0221-d187 @A: 02 15 25 19 | 01
#0222-d187 @A: 15 22 21 32 | 03
#0223-d187 @A: 09 04 24 15 | 07
#0224-d187 @A: 10 21 15 33 | 12
#0225-d187 @A: 11 26 15 04 | 04
#0226-d187 @A: 15 29 02 04 | 06
#0227-d187 @A: 24 08 03 14 | 05
#0228-d187 @A: 14 27 28 08 | 08
#0229-d187 @A: 14 11 35 12 | 02
#0230-d187 @A: 09 14 25 27 | 09
#0231-d187 @A: 25 07 14 30 | 11
#0232-d187 @A: 29 14 22 20 | 10
#0233-d187 @A: 04 26 28 14 | 01
#0234-d187 @A: 29 14 26 02 | 03
#0235-d187 @A: 14 28 11 17 | 07
#0236-d187 @A: 14 28 29 06 | 12
#0237-d187 @A: 05 29 06 14 | 04
#0238-d187 @A: 07 03 04 12 | 06
#0239-d187 @A: 28 03 07 25 | 05
#0240-d187 @A: 33 32 22 03 | 08
#0241-d187 @A: 25 05 06 03 | 02
#0242-d187 @A: 24 03 26 02 | 09
#0243-d187 @A: 30 26 05 03 | 11
#0244-d187 @A: 03 30 11 17 | 10
#0245-d187 @A: 22 12 08 34 | 01
#0246-d187 @A: 34 32 08 04 | 03
#0247-d187 @A: 08 35 27 30 | 07
#0248-d187 @A: 08 05 22 19 | 12
#0249-d187 @A: 21 06 08 10 | 04
#0250-d187 @A: 06 05 08 21 | 06
#0251-d187 @A: 10 08 22 09 | 05
#0252-d187 @A: 17 02 08 22 | 08
#0253-d187 @A: 28 34 25 27 | 02
#0254-d187 @A: 06 07 34 25 | 09
#0255-d187 @A: 34 21 11 06 | 11
#0256-d187 @A: 02 10 34 26 | 10
#0257-d187 @A: 34 09 26 11 | 01
#0258-d187 @A: 28 09 34 29 | 03
#0259-d187 @A: 20 02 12 19 | 07
#0260-d187 @A: 12 13 17 32 | 12
#0261-d187 @A: 12 02 10 24 | 04
#0262-d187 @A: 10 12 26 09 | 06
#0263-d187 @A: 26 33 11 12 | 05
#0264-d187 @A: 02 12 11 06 | 08
#0265-d187 @A: 09 05 12 29 | 02
#0266-d187 @A: 21 26 31 27 | 09
#0267-d187 @A: 27 29 02 25 | 11
#0268-d187 @A: 13 27 09 02 | 10
#0269-d187 @A: 27 24 29 22 | 01
#0270-d187 @A: 30 27 28 29 | 03
#0271-d187 @A: 06 35 33 09 | 07
#0272-d187 @A: 04 35 09 05 | 12
#0273-d187 @A: 24 05 31 19 | 04
#0274-d187 @A: 04 17 30 31 | 06
#0275-d187 @A: 25 24 32 07 | 05
#0276-d187 @A: 20 17 07 26 | 08
#0277-d187 @A: 20 07 06 02 | 02
#0278-d187 @A: 25 28 17 19 | 09
#0279-d187 @A: 20 19 24 30 | 11
#0280-d187 @A: 30 09 19 29 | 10
#0281-d187 @A: 05 19 02 26 | 01
#0282-d187 @A: 19 11 33 02 | 03
#0283-d187 @A: 09 32 24 11 | 07
#0284-d187 @A: 32 06 24 17 | 12
#0285-d187 @A: 33 32 17 09 | 04
#0286-d187 @A: 26 20 25 04 | 06
#0287-d187 @A: 06 33 20 25 | 05
#0288-d187 @A: 17 25 20 29 | 08
#0289-d187 @A: 25 24 28 21 | 02
#0290-d187 @A: 21 26 17 25 | 09
#0291-d187 @A: 02 25 22 21 | 11
#0292-d187 @A: 33 11 25 28 | 10
#0293-d187 @A: 13 30 28 20 | 01
#0294-d187 @A: 13 20 06 11 | 03
#0295-d187 @A: 09 17 13 06 | 07
#0296-d187 @A: 16 23 32 20 | 12
#0297-d187 @A: 23 16 13 06 | 04
#0298-d187 @A: 23 02 21 16 | 06
#0299-d187 @A: 18 01 23 24 | 05
#0300-d187 @A: 18 15 23 22 | 08
#0301-d187 @A: 23 33 34 18 | 02
#0302-d187 @A: 20 01 23 07 | 09
#0303-d187 @A: 19 03 15 23 | 11
#0304-d187 @A: 14 24 12 23 | 10
#0305-d187 @A: 25 14 23 22 | 01
#0306-d187 @A: 03 11 34 23 | 03
#0307-d187 @A: 06 30 03 23 | 07
#0308-d187 @A: 07 08 23 24 | 12
#0309-d187 @A: 23 08 04 19 | 04
#0310-d187 @A: 08 33 23 26 | 06
#0311-d187 @A: 23 34 10 28 | 05
#0312-d187 @A: 28 23 34 05 | 08
#0313-d187 @A: 30 23 05 12 | 02
#0314-d187 @A: 23 27 10 13 | 09
#0315-d187 @A: 29 25 23 07 | 11
#0316-d187 @A: 23 06 26 19 | 10
#0317-d187 @A: 28 32 23 25 | 01
#0318-d187 @A: 33 29 32 23 | 03
#0319-d187 @A: 24 10 33 23 | 07
#0320-d187 @A: 05 26 23 11 | 12
#0321-d187 @A: 28 16 12 18 | 04
#0322-d187 @A: 31 16 01 14 | 06
#0323-d187 @A: 16 15 20 08 | 05
#0324-d187 @A: 15 10 27 16 | 08
#0325-d187 @A: 16 22 15 13 | 02
#0326-d187 @A: 27 14 16 02 | 09
#0327-d187 @A: 08 03 16 29 | 11
#0328-d187 @A: 35 08 16 22 | 10
#0329-d187 @A: 33 16 31 08 | 01
#0330-d187 @A: 02 06 34 16 | 03
#0331-d187 @A: 17 12 16 02 | 07
#0332-d187 @A: 27 28 31 16 | 12
#0333-d187 @A: 13 32 04 16 | 04
#0334-d187 @A: 28 04 29 16 | 06
#0335-d187 @A: 01 18 13 25 | 05
#0336-d187 @A: 18 05 14 08 | 08
#0337-d187 @A: 24 18 14 07 | 02
#0338-d187 @A: 31 28 32 18 | 09
#0339-d187 @A: 05 18 31 10 | 11
#0340-d187 @A: 22 09 18 31 | 10
#0341-d187 @A: 21 22 20 18 | 01
#0342-d187 @A: 18 30 06 33 | 03
#0343-d187 @A: 22 29 18 33 | 07
#0344-d187 @A: 25 20 03 01 | 12
#0345-d187 @A: 01 03 13 04 | 04
#0346-d187 @A: 08 10 01 27 | 06
#0347-d187 @A: 01 26 08 20 | 05
#0348-d187 @A: 01 27 35 28 | 08
#0349-d187 @A: 35 09 19 01 | 02
#0350-d187 @A: 11 29 01 31 | 09
#0351-d187 @A: 09 01 04 20 | 11
#0352-d187 @A: 33 01 02 24 | 10
#0353-d187 @A: 28 30 01 06 | 01
#0354-d187 @A: 10 01 04 06 | 03
#0355-d187 @A: 22 09 06 01 | 07
#0356-d187 @A: 28 15 34 12 | 12
#0357-d187 @A: 34 15 20 35 | 04
#0358-d187 @A: 12 15 22 09 | 06
#0359-d187 @A: 11 15 35 33 | 05
#0360-d187 @A: 15 09 07 29 | 08
#0361-d187 @A: 24 17 15 26 | 02
#0362-d187 @A: 03 34 14 05 | 09
#0363-d187 @A: 20 25 14 08 | 11
#0364-d187 @A: 13 10 14 08 | 10
#0365-d187 @A: 11 14 13 27 | 01
#0366-d187 @A: 31 25 21 14 | 03
#0367-d187 @A: 30 06 14 32 | 07
#0368-d187 @A: 22 14 13 26 | 12
#0369-d187 @A: 05 22 20 14 | 04
#0370-d187 @A: 26 30 10 14 | 06
#0371-d187 @A: 10 04 14 11 | 05
#0372-d187 @A: 11 14 06 33 | 08
#0373-d187 @A: 11 02 05 14 | 02
#0374-d187 @A: 17 09 04 14 | 09
#0375-d187 @A: 34 22 03 27 | 11
#0376-d187 @A: 33 10 34 03 | 10
#0377-d187 @A: 27 03 07 24 | 01
#0378-d187 @A: 25 27 03 13 | 03
#0379-d187 @A: 27 03 11 02 | 07
#0380-d187 @A: 03 32 04 31 | 12
#0381-d187 @A: 25 03 17 31 | 04
#0382-d187 @A: 22 13 03 19 | 06
#0383-d187 @A: 03 02 13 32 | 05
#0384-d187 @A: 04 21 03 24 | 08
#0385-d187 @A: 03 10 11 06 | 02
#0386-d187 @A: 03 33 29 28 | 09
#0387-d187 @A: 34 09 08 25 | 11
#0388-d187 @A: 27 09 31 08 | 10
#0389-d187 @A: 08 02 32 31 | 01
#0390-d187 @A: 11 32 08 21 | 03
#0391-d187 @A: 26 08 06 29 | 07
#0392-d187 @A: 04 28 08 05 | 12
#0393-d187 @A: 19 34 09 27 | 04
#0394-d187 @A: 10 35 34 13 | 06
#0395-d187 @A: 07 31 28 34 | 05
#0396-d187 @A: 07 34 05 25 | 08
#0397-d187 @A: 34 04 19 13 | 02
#0398-d187 @A: 13 29 22 34 | 09
#0399-d187 @A: 13 06 34 05 | 11
#0400-d187 @A: 30 10 34 29 | 10
#0401-d187 @A: 06 34 09 30 | 01
#0402-d187 @A: 28 34 06 22 | 03
#0403-d187 @A: 29 06 12 24 | 07
#0404-d187 @A: 12 21 11 22 | 12
#0405-d187 @A: 29 27 31 32 | 04
#0406-d187 @A: 21 20 27 28 | 06
#0407-d187 @A: 21 33 02 27 | 05
#0408-d187 @A: 30 27 06 26 | 08
#0409-d187 @A: 27 30 17 02 | 02
#0410-d187 @A: 10 27 17 09 | 09
#0411-d187 @A: 02 28 04 27 | 11
#0412-d187 @A: 05 27 33 09 | 10
#0413-d187 @A: 05 11 35 13 | 01
#0414-d187 @A: 30 35 24 06 | 03
#0415-d187 @A: 02 33 26 35 | 07
#0416-d187 @A: 02 11 35 09 | 12
#0417-d187 @A: 35 17 22 06 | 04
#0418-d187 @A: 31 05 32 13 | 06
#0419-d187 @A: 10 17 31 20 | 05
#0420-d187 @A: 31 22 20 28 | 08
#0421-d187 @A: 24 31 21 11 | 02
#0422-d187 @A: 24 02 31 17 | 09
#0423-d187 @A: 28 33 10 31 | 11
#0424-d187 @A: 31 28 06 17 | 10
#0425-d187 @A: 24 07 26 05 | 01
#0426-d187 @A: 07 33 10 30 | 03
#0427-d187 @A: 11 02 17 07 | 07
#0428-d187 @A: 19 32 21 25 | 12
#0429-d187 @A: 30 04 19 02 | 04
#0430-d187 @A: 33 21 32 20 | 06
#0431-d187 @A: 30 32 04 20 | 05
#0432-d187 @A: 32 10 11 20 | 08
#0433-d187 @A: 29 26 32 24 | 02
#0434-d187 @A: 29 21 32 04 | 09
#0435-d187 @A: 06 10 26 32 | 11
#0436-d187 @A: 17 10 02 32 | 10
#0437-d187 @A: 17 33 13 25 | 01
#0438-d187 @A: 25 04 29 30 | 03
#0439-d187 @A: 25 26 29 33 | 07
#0440-d187 @A: 13 05 09 30 | 12
#0441-d187 @A: 33 09 11 13 | 04
#0442-d187 @A: 33 05 20 26 | 06
#0443-d187 @A: 05 09 11 06 | 05
#0444-d187 @A: 23 18 09 16 | 08
#0445-d187 @A: 23 35 18 21 | 02
#0446-d187 @A: 29 01 23 27 | 09
#0447-d187 @A: 23 14 15 11 | 11
#0448-d187 @A: 06 35 23 15 | 10
#0449-d187 @A: 14 17 19 23 | 01
#0450-d187 @A: 03 23 05 35 | 03
#0451-d187 @A: 23 10 08 05 | 07
#0452-d187 @A: 19 23 34 30 | 12
#0453-d187 @A: 23 13 11 12 | 04
#0454-d187 @A: 25 23 09 20 | 06
#0455-d187 @A: 23 20 21 30 | 05
#0456-d187 @A: 22 09 24 23 | 08
#0457-d187 @A: 23 04 11 33 | 02
#0458-d187 @A: 16 12 24 01 | 09
#0459-d187 @A: 01 16 19 33 | 11
#0460-d187 @A: 03 07 33 16 | 10
#0461-d187 @A: 30 16 03 25 | 01
#0462-d187 @A: 16 29 03 05 | 03
#0463-d187 @A: 16 24 27 34 | 07
#0464-d187 @A: 02 19 35 16 | 12
#0465-d187 @A: 16 22 17 31 | 04
#0466-d187 @A: 17 16 21 32 | 06
#0467-d187 @A: 16 02 04 20 | 05
#0468-d187 @A: 21 26 16 33 | 08
#0469-d187 @A: 02 16 05 10 | 02
#0470-d187 @A: 10 16 09 04 | 09
#0471-d187 @A: 19 21 18 15 | 11
#0472-d187 @A: 18 31 35 14 | 10
#0473-d187 @A: 18 29 03 25 | 01
#0474-d187 @A: 04 18 27 08 | 03
#0475-d187 @A: 24 12 18 17 | 07
#0476-d187 @A: 09 18 20 33 | 12
#0477-d187 @A: 18 24 33 26 | 04
#0478-d187 @A: 28 18 04 30 | 06
#0479-d187 @A: 18 11 33 10 | 05
#0480-d187 @A: 18 10 28 06 | 08
#0481-d187 @A: 13 11 15 01 | 02
#0482-d187 @A: 01 14 35 24 | 09
#0483-d187 @A: 08 34 01 03 | 11
#0484-d187 @A: 12 26 03 01 | 10
#0485-d187 @A: 19 17 01 08 | 01
#0486-d187 @A: 08 01 02 13 | 03
#0487-d187 @A: 34 13 28 01 | 07
#0488-d187 @A: 35 01 30 05 | 12
#0489-d187 @A: 17 32 01 31 | 04
#0490-d187 @A: 01 31 25 09 | 06
#0491-d187 @A: 32 01 26 07 | 05
#0492-d187 @A: 07 06 01 24 | 08
#0493-d187 @A: 04 01 19 22 | 02
#0494-d187 @A: 01 32 33 25 | 09
#0495-d187 @A: 30 01 22 20 | 11
#0496-d187 @A: 06 21 01 33 | 10
#0497-d187 @A: 35 14 15 19 | 01
#0498-d187 @A: 14 31 06 15 | 03
#0499-d187 @A: 29 15 03 17 | 07
#0500-d187 @A: 28 08 07 15 | 12
#0501-d187 @A: 15 19 04 32 | 04
#0502-d187 @A: 22 24 15 19 | 06
#0503-d187 @A: 32 15 11 25 | 05
#0504-d187 @A: 28 05 24 15 | 08
#0505-d187 @A: 24 15 06 02 | 02
#0506-d187 @A: 21 17 30 15 | 09
#0507-d187 @A: 15 22 26 10 | 11
#0508-d187 @A: 15 06 26 09 | 10
#0509-d187 @A: 17 06 15 33 | 01
#0510-d187 @A: 33 14 03 12 | 03
#0511-d187 @A: 04 29 14 03 | 07
#0512-d187 @A: 34 22 14 35 | 12
#0513-d187 @A: 25 12 02 14 | 04
#0514-d187 @A: 27 04 31 14 | 06
#0515-d187 @A: 27 19 14 33 | 05
#0516-d187 @A: 14 28 19 05 | 08
#0517-d187 @A: 24 14 21 33 | 02
#0518-d187 @A: 21 09 14 05 | 09
#0519-d187 @A: 17 12 08 03 | 11
#0520-d187 @A: 08 35 03 04 | 10
#0521-d187 @A: 08 03 30 09 | 01
#0522-d187 @A: 21 03 34 25 | 03
#0523-d187 @A: 35 19 03 26 | 07
#0524-d187 @A: 03 21 20 35 | 12
#0525-d187 @A: 03 09 28 35 | 04
#0526-d187 @A: 02 20 22 03 | 06
#0527-d187 @A: 24 10 30 03 | 05
#0528-d187 @A: 22 26 09 03 | 08
#0529-d187 @A: 06 26 33 03 | 02
#0530-d187 @A: 22 03 29 11 | 09
#0531-d187 @A: 02 17 33 03 | 11
#0532-d187 @A: 13 34 08 33 | 10
#0533-d187 @A: 10 08 32 12 | 01
#0534-d187 @A: 11 08 30 12 | 03
#0535-d187 @A: 08 27 07 29 | 07
#0536-d187 @A: 25 05 08 31 | 12
#0537-d187 @A: 33 07 05 08 | 04
#0538-d187 @A: 08 21 09 19 | 06
#0539-d187 @A: 28 20 08 24 | 05
#0540-d187 @A: 28 21 33 08 | 08
#0541-d187 @A: 33 08 30 17 | 02
#0542-d187 @A: 08 09 06 02 | 09
#0543-d187 @A: 10 35 07 12 | 11
#0544-d187 @A: 12 21 26 05 | 10
#0545-d187 @A: 30 10 04 12 | 01
#0546-d187 @A: 35 25 21 27 | 03
#0547-d187 @A: 27 06 20 35 | 07
#0548-d187 @A: 27 30 19 07 | 12
#0549-d187 @A: 27 11 32 07 | 04
#0550-d187 @A: 22 04 27 32 | 06
#0551-d187 @A: 27 30 21 11 | 05
#0552-d187 @A: 04 27 05 22 | 08
#0553-d187 @A: 31 05 35 06 | 02
#0554-d187 @A: 22 35 25 29 | 09
#0555-d187 @A: 24 28 04 35 | 11
#0556-d187 @A: 21 17 35 11 | 10
#0557-d187 @A: 35 22 28 11 | 01
#0558-d187 @A: 33 35 29 04 | 03
#0559-d187 @A: 07 31 13 22 | 07
#0560-d187 @A: 31 06 09 07 | 12
#0561-d187 @A: 29 28 24 31 | 04
#0562-d187 @A: 02 33 31 09 | 06
#0563-d187 @A: 19 07 24 02 | 05
#0564-d187 @A: 07 33 19 17 | 08
#0565-d187 @A: 28 24 22 07 | 02
#0566-d187 @A: 07 17 21 04 | 09
#0567-d187 @A: 30 07 28 17 | 11
#0568-d187 @A: 07 33 06 28 | 10
#0569-d187 @A: 10 24 19 28 | 01
#0570-d187 @A: 24 19 33 29 | 03
#0571-d187 @A: 30 19 06 11 | 07
#0572-d187 @A: 19 28 11 26 | 12
#0573-d187 @A: 06 28 04 19 | 04
#0574-d187 @A: 22 09 33 19 | 06
#0575-d187 @A: 32 20 28 17 | 05
#0576-d187 @A: 11 32 30 33 | 08
#0577-d187 @A: 17 05 30 32 | 02
#0578-d187 @A: 05 32 06 02 | 09
#0579-d187 @A: 13 21 26 20 | 11
#0580-d187 @A: 02 04 24 13 | 10
#0581-d187 @A: 33 16 15 23 | 01
#0582-d187 @A: 16 23 10 07 | 03
#0583-d187 @A: 31 27 18 23 | 07
#0584-d187 @A: 14 01 10 23 | 12
#0585-d187 @A: 03 23 01 22 | 04
#0586-d187 @A: 23 01 35 30 | 06
#0587-d187 @A: 13 23 01 26 | 05
#0588-d187 @A: 34 23 15 09 | 08
#0589-d187 @A: 15 23 07 30 | 02
#0590-d187 @A: 32 03 14 23 | 09
#0591-d187 @A: 14 33 07 23 | 11
#0592-d187 @A: 23 26 07 03 | 10
#0593-d187 @A: 32 23 08 22 | 01
#0594-d187 @A: 04 34 06 23 | 03
#0595-d187 @A: 30 29 12 23 | 07
#0596-d187 @A: 27 23 09 32 | 12
#0597-d187 @A: 23 28 33 27 | 04
#0598-d187 @A: 07 05 20 23 | 06
#0599-d187 @A: 23 19 21 11 | 05
#0600-d187 @A: 20 23 06 28 | 08
#0601-d187 @A: 17 30 23 24 | 02
#0602-d187 @A: 02 10 23 30 | 09
#0603-d187 @A: 22 30 23 33 | 11
#0604-d187 @A: 25 02 18 16 | 10
#0605-d187 @A: 04 01 25 16 | 01
#0606-d187 @A: 15 14 29 16 | 03
#0607-d187 @A: 03 16 14 11 | 07
#0608-d187 @A: 32 16 14 24 | 12
#0609-d187 @A: 14 05 25 16 | 04
#0610-d187 @A: 16 35 34 03 | 06
#0611-d187 @A: 03 20 16 05 | 05
#0612-d187 @A: 08 05 16 35 | 08
#0613-d187 @A: 08 16 21 25 | 02
#0614-d187 @A: 32 22 34 16 | 09
#0615-d187 @A: 16 09 33 34 | 11
#0616-d187 @A: 04 35 16 17 | 10
#0617-d187 @A: 31 11 32 16 | 01
#0618-d187 @A: 31 06 16 25 | 03
#0619-d187 @A: 16 05 13 04 | 07
#0620-d187 @A: 16 24 28 17 | 12
#0621-d187 @A: 08 18 28 01 | 04
#0622-d187 @A: 15 18 14 04 | 06
#0623-d187 @A: 20 18 27 34 | 05
#0624-d187 @A: 02 35 34 18 | 08
#0625-d187 @A: 18 22 19 34 | 02
#0626-d187 @A: 27 18 20 05 | 09
#0627-d187 @A: 18 26 13 35 | 11
#0628-d187 @A: 09 10 35 18 | 10
#0629-d187 @A: 09 07 25 18 | 01
#0630-d187 @A: 07 18 29 13 | 03
#0631-d187 @A: 18 20 28 07 | 07
#0632-d187 @A: 06 21 13 18 | 12
#0633-d187 @A: 18 20 10 26 | 04
#0634-d187 @A: 18 24 29 21 | 06
#0635-d187 @A: 21 10 18 04 | 05
#0636-d187 @A: 17 33 18 04 | 08
#0637-d187 @A: 22 27 14 01 | 02
#0638-d187 @A: 25 01 14 28 | 09
#0639-d187 @A: 05 01 08 27 | 11
#0640-d187 @A: 01 12 20 34 | 10
#0641-d187 @A: 34 31 01 27 | 01
#0642-d187 @A: 32 21 01 34 | 03
#0643-d187 @A: 01 11 25 35 | 07
#0644-d187 @A: 02 29 01 28 | 12
#0645-d187 @A: 30 05 08 15 | 04
#0646-d187 @A: 15 13 02 34 | 06
#0647-d187 @A: 12 29 15 27 | 05
#0648-d187 @A: 15 02 35 12 | 08
#0649-d187 @A: 06 07 27 15 | 02
#0650-d187 @A: 35 32 07 15 | 09
#0651-d187 @A: 24 32 31 15 | 11
#0652-d187 @A: 17 15 11 31 | 10
#0653-d187 @A: 20 05 15 32 | 01
#0654-d187 @A: 11 09 21 15 | 03
#0655-d187 @A: 30 33 15 26 | 07
#0656-d187 @A: 30 15 29 22 | 12
#0657-d187 @A: 02 19 03 14 | 04
#0658-d187 @A: 13 17 03 14 | 06
#0659-d187 @A: 14 26 07 08 | 05
#0660-d187 @A: 30 08 14 19 | 08
#0661-d187 @A: 12 14 34 06 | 02
#0662-d187 @A: 24 31 14 13 | 09
#0663-d187 @A: 02 14 31 30 | 11
#0664-d187 @A: 30 14 11 29 | 10
#0665-d187 @A: 10 14 33 29 | 01
#0666-d187 @A: 21 08 13 03 | 03
#0667-d187 @A: 34 09 32 03 | 07
#0668-d187 @A: 12 28 03 27 | 12
#0669-d187 @A: 03 10 12 19 | 04
#0670-d187 @A: 03 20 04 33 | 06
#0671-d187 @A: 03 06 22 21 | 05
#0672-d187 @A: 08 26 27 34 | 08
#0673-d187 @A: 27 20 32 08 | 02
#0674-d187 @A: 08 28 31 04 | 09
#0675-d187 @A: 29 08 32 13 | 11
#0676-d187 @A: 34 12 33 31 | 10
#0677-d187 @A: 25 12 34 30 | 01
#0678-d187 @A: 29 19 34 31 | 03
#0679-d187 @A: 34 31 09 17 | 07
#0680-d187 @A: 20 34 29 26 | 12
#0681-d187 @A: 30 34 21 22 | 04
#0682-d187 @A: 29 34 04 11 | 06
#0683-d187 @A: 22 34 17 33 | 05
#0684-d187 @A: 25 27 12 05 | 08
#0685-d187 @A: 04 31 12 19 | 02
#0686-d187 @A: 31 12 26 17 | 09
#0687-d187 @A: 12 20 11 05 | 11
#0688-d187 @A: 33 12 20 28 | 10
#0689-d187 @A: 28 12 10 21 | 01
#0690-d187 @A: 17 29 22 12 | 03
#0691-d187 @A: 31 35 27 24 | 07
#0692-d187 @A: 05 17 27 35 | 12
#0693-d187 @A: 10 30 20 27 | 04
#0694-d187 @A: 21 22 09 27 | 06
#0695-d187 @A: 11 28 10 27 | 05
#0696-d187 @A: 06 27 10 02 | 08
#0697-d187 @A: 11 27 04 06 | 02
#0698-d187 @A: 05 35 25 21 | 09
#0699-d187 @A: 33 35 24 17 | 11
#0700-d187 @A: 35 21 30 29 | 10
#0701-d187 @A: 30 10 22 35 | 01
#0702-d187 @A: 28 02 35 30 | 03
#0703-d187 @A: 02 04 35 10 | 07
#0704-d187 @A: 05 35 26 22 | 12
#0705-d187 @A: 20 09 30 31 | 04
#0706-d187 @A: 24 06 33 31 | 06
#0707-d187 @A: 29 10 31 02 | 05
#0708-d187 @A: 02 26 28 31 | 08
#0709-d187 @A: 31 04 09 26 | 02
#0710-d187 @A: 31 11 04 02 | 09
#0711-d187 @A: 29 19 11 07 | 11
#0712-d187 @A: 19 07 05 11 | 10
#0713-d187 @A: 07 21 20 09 | 01
#0714-d187 @A: 02 10 07 21 | 03
#0715-d187 @A: 11 19 17 24 | 07
#0716-d187 @A: 09 06 19 24 | 12
#0717-d187 @A: 30 19 10 21 | 04
#0718-d187 @A: 19 29 22 06 | 06
#0719-d187 @A: 30 32 02 22 | 05
#0720-d187 @A: 25 13 22 20 | 08
#0721-d187 @A: 30 21 13 25 | 02
#0722-d187 @A: 25 26 13 09 | 09
#0723-d187 @A: 22 25 10 17 | 11
#0724-d187 @A: 17 26 13 02 | 10
#0725-d187 @A: 20 06 05 17 | 01
#0726-d187 @A: 26 23 30 16 | 03
#0727-d187 @A: 23 18 07 06 | 07
#0728-d187 @A: 17 18 23 05 | 12
#0729-d187 @A: 22 05 01 23 | 04
#0730-d187 @A: 15 17 08 23 | 06
#0731-d187 @A: 34 23 26 12 | 05
#0732-d187 @A: 23 34 35 32 | 08
#0733-d187 @A: 12 23 07 17 | 02
#0734-d187 @A: 13 23 07 28 | 09
#0735-d187 @A: 02 13 19 23 | 11
#0736-d187 @A: 11 23 32 17 | 10
#0737-d187 @A: 23 24 21 06 | 01
#0738-d187 @A: 23 04 30 09 | 03
#0739-d187 @A: 22 29 26 23 | 07
#0740-d187 @A: 11 23 06 09 | 12
#0741-d187 @A: 31 18 16 10 | 04
#0742-d187 @A: 18 19 11 16 | 06
#0743-d187 @A: 15 03 16 26 | 05
#0744-d187 @A: 16 14 17 06 | 08
#0745-d187 @A: 19 16 03 17 | 02
#0746-d187 @A: 08 24 16 19 | 09
#0747-d187 @A: 10 08 02 16 | 11
#0748-d187 @A: 16 05 28 31 | 10
#0749-d187 @A: 19 04 07 16 | 01
#0750-d187 @A: 30 05 16 07 | 03
#0751-d187 @A: 19 16 21 22 | 07
#0752-d187 @A: 11 28 06 16 | 12
#0753-d187 @A: 15 30 13 18 | 04
#0754-d187 @A: 14 18 17 25 | 06
#0755-d187 @A: 08 25 18 26 | 05
#0756-d187 @A: 18 19 06 27 | 08
#0757-d187 @A: 07 18 17 35 | 02
#0758-d187 @A: 18 30 25 19 | 09
#0759-d187 @A: 18 13 19 33 | 11
#0760-d187 @A: 24 18 32 13 | 10
#0761-d187 @A: 01 15 12 08 | 01
#0762-d187 @A: 24 15 28 01 | 03
#0763-d187 @A: 01 12 14 17 | 07
#0764-d187 @A: 03 05 01 32 | 12
#0765-d187 @A: 30 08 01 31 | 04
#0766-d187 @A: 26 01 35 34 | 06
#0767-d187 @A: 01 12 02 04 | 05
#0768-d187 @A: 26 31 24 01 | 08
#0769-d187 @A: 11 20 01 28 | 02
#0770-d187 @A: 11 10 24 01 | 09
#0771-d187 @A: 21 11 02 01 | 11
#0772-d187 @A: 26 29 01 04 | 10
#0773-d187 @A: 29 17 01 09 | 01
#0774-d187 @A: 20 32 15 14 | 03
#0775-d187 @A: 28 02 15 14 | 07
#0776-d187 @A: 03 15 11 08 | 12
#0777-d187 @A: 03 05 11 15 | 04
#0778-d187 @A: 19 34 15 33 | 06
#0779-d187 @A: 05 33 34 15 | 05
#0780-d187 @A: 15 27 17 32 | 08
#0781-d187 @A: 21 20 15 04 | 02
#0782-d187 @A: 20 15 29 28 | 09
#0783-d187 @A: 06 29 15 11 | 11
#0784-d187 @A: 05 15 29 22 | 10
#0785-d187 @A: 14 34 20 31 | 01
#0786-d187 @A: 12 30 14 20 | 03
#0787-d187 @A: 30 27 05 14 | 07
#0788-d187 @A: 14 32 35 29 | 12
#0789-d187 @A: 14 35 28 13 | 04
#0790-d187 @A: 10 17 35 14 | 06
#0791-d187 @A: 10 07 31 14 | 05
#0792-d187 @A: 32 09 14 26 | 08
#0793-d187 @A: 13 26 05 14 | 02
#0794-d187 @A: 28 14 30 24 | 09
#0795-d187 @A: 11 14 02 24 | 11
#0796-d187 @A: 34 03 12 29 | 10
#0797-d187 @A: 03 06 34 13 | 01
#0798-d187 @A: 30 33 27 03 | 03
#0799-d187 @A: 03 32 35 11 | 07
#0800-d187 @A: 03 25 02 35 | 12
#0801-d187 @A: 07 09 05 03 | 04
#0802-d187 @A: 32 10 29 03 | 06
#0803-d187 @A: 11 20 03 09 | 05
#0804-d187 @A: 22 30 04 03 | 08
#0805-d187 @A: 26 17 28 03 | 02
#0806-d187 @A: 21 07 08 35 | 09
#0807-d187 @A: 25 08 10 35 | 11
#0808-d187 @A: 11 25 19 08 | 10
#0809-d187 @A: 19 08 13 20 | 01
#0810-d187 @A: 05 08 24 32 | 03
#0811-d187 @A: 28 26 09 08 | 07
#0812-d187 @A: 04 09 08 11 | 12
#0813-d187 @A: 02 34 12 32 | 04
#0814-d187 @A: 33 06 34 27 | 06
#0815-d187 @A: 34 29 05 27 | 05
#0816-d187 @A: 06 19 34 35 | 08
#0817-d187 @A: 34 35 30 11 | 02
#0818-d187 @A: 34 13 07 11 | 09
#0819-d187 @A: 34 30 02 07 | 11
#0820-d187 @A: 25 19 24 34 | 10
#0821-d187 @A: 25 12 22 19 | 01
#0822-d187 @A: 04 11 32 12 | 03
#0823-d187 @A: 28 06 12 13 | 07
#0824-d187 @A: 12 11 17 20 | 12
#0825-d187 @A: 21 30 33 12 | 04
#0826-d187 @A: 04 28 17 12 | 06
#0827-d187 @A: 06 05 04 12 | 05
#0828-d187 @A: 11 19 27 31 | 08
#0829-d187 @A: 04 25 27 19 | 02
#0830-d187 @A: 24 09 30 27 | 09
#0831-d187 @A: 26 24 11 27 | 11
#0832-d187 @A: 17 29 27 26 | 10
#0833-d187 @A: 04 27 33 09 | 01
#0834-d187 @A: 26 31 35 32 | 03
#0835-d187 @A: 35 19 28 07 | 07
#0836-d187 @A: 32 13 35 30 | 12
#0837-d187 @A: 05 35 10 24 | 04
#0838-d187 @A: 35 10 29 06 | 06
#0839-d187 @A: 31 21 32 07 | 05
#0840-d187 @A: 33 25 19 31 | 08
#0841-d187 @A: 31 21 22 10 | 02
#0842-d187 @A: 28 11 31 09 | 09
#0843-d187 @A: 30 07 21 06 | 11
#0844-d187 @A: 33 07 09 26 | 10
#0845-d187 @A: 04 29 07 06 | 01
#0846-d187 @A: 05 30 19 33 | 03
#0847-d187 @A: 26 19 17 09 | 07
#0848-d187 @A: 32 02 26 20 | 12
#0849-d187 @A: 32 24 21 02 | 04
#0850-d187 @A: 26 04 17 32 | 06
#0851-d187 @A: 32 05 33 11 | 05
#0852-d187 @A: 25 05 04 17 | 08
#0853-d187 @A: 10 17 13 24 | 02
#0854-d187 @A: 28 33 22 13 | 09
#0855-d187 @A: 28 05 21 20 | 11
#0856-d187 @A: 21 17 33 05 | 10
#0857-d187 @A: 04 05 02 30 | 01
#0858-d187 @A: 28 11 05 10 | 03
#0859-d187 @A: 23 16 25 17 | 07
#0860-d187 @A: 14 18 23 30 | 12
#0861-d187 @A: 03 08 23 18 | 04
#0862-d187 @A: 04 32 23 01 | 06
#0863-d187 @A: 03 10 23 17 | 05
#0864-d187 @A: 02 34 23 27 | 08
#0865-d187 @A: 35 25 24 23 | 02
#0866-d187 @A: 30 31 23 32 | 09
#0867-d187 @A: 23 25 19 10 | 11
#0868-d187 @A: 13 24 23 20 | 10
#0869-d187 @A: 06 02 23 33 | 01
#0870-d187 @A: 14 18 16 22 | 03
#0871-d187 @A: 33 18 16 27 | 07
#0872-d187 @A: 16 15 17 01 | 12
#0873-d187 @A: 21 27 16 01 | 04
#0874-d187 @A: 01 16 26 06 | 06
#0875-d187 @A: 27 08 17 16 | 05
#0876-d187 @A: 26 31 34 16 | 08
#0877-d187 @A: 16 13 20 34 | 02
#0878-d187 @A: 30 07 13 16 | 09
#0879-d187 @A: 32 10 16 25 | 11
#0880-d187 @A: 16 26 22 24 | 10
#0881-d187 @A: 33 16 24 04 | 01
#0882-d187 @A: 15 07 01 18 | 03
#0883-d187 @A: 27 01 17 18 | 07
#0884-d187 @A: 21 18 30 01 | 12
#0885-d187 @A: 26 18 15 34 | 04
#0886-d187 @A: 28 19 03 18 | 06
#0887-d187 @A: 20 08 11 18 | 05
#0888-d187 @A: 35 12 33 18 | 08
#0889-d187 @A: 32 18 12 09 | 02
#0890-d187 @A: 18 25 22 27 | 09
#0891-d187 @A: 35 25 28 18 | 11
#0892-d187 @A: 33 07 31 18 | 10
#0893-d187 @A: 05 18 04 32 | 01
#0894-d187 @A: 18 05 13 25 | 03
#0895-d187 @A: 18 02 30 11 | 07
#0896-d187 @A: 22 06 18 11 | 12
#0897-d187 @A: 11 18 17 29 | 04
#0898-d187 @A: 04 18 22 02 | 06
#0899-d187 @A: 26 01 14 15 | 05
#0900-d187 @A: 01 06 34 15 | 08
#0901-d187 @A: 09 15 01 32 | 02
#0902-d187 @A: 32 01 14 02 | 09
#0903-d187 @A: 14 10 05 01 | 11
#0904-d187 @A: 17 01 03 35 | 10
#0905-d187 @A: 34 10 19 01 | 01
#0906-d187 @A: 01 27 12 11 | 03
#0907-d187 @A: 27 32 01 30 | 07
#0908-d187 @A: 01 02 35 07 | 12
#0909-d187 @A: 13 30 01 10 | 04
#0910-d187 @A: 01 30 33 04 | 06
#0911-d187 @A: 09 15 14 03 | 05
#0912-d187 @A: 15 12 24 03 | 08
#0913-d187 @A: 32 08 26 15 | 02
#0914-d187 @A: 12 15 13 25 | 09
#0915-d187 @A: 27 19 15 28 | 11
#0916-d187 @A: 25 26 15 27 | 10
#0917-d187 @A: 02 05 27 15 | 01
#0918-d187 @A: 15 25 09 35 | 03
#0919-d187 @A: 07 04 15 31 | 07
#0920-d187 @A: 25 15 30 10 | 12
#0921-d187 @A: 05 10 15 13 | 04
#0922-d187 @A: 15 22 06 20 | 06
#0923-d187 @A: 10 02 11 15 | 05
#0924-d187 @A: 03 07 14 06 | 08
#0925-d187 @A: 34 19 14 11 | 02
#0926-d187 @A: 25 14 34 04 | 09
#0927-d187 @A: 30 34 14 13 | 11
#0928-d187 @A: 14 06 21 26 | 10
#0929-d187 @A: 14 02 21 17 | 01
#0930-d187 @A: 21 07 03 19 | 03
#0931-d187 @A: 30 20 26 03 | 07
#0932-d187 @A: 22 03 21 05 | 12
#0933-d187 @A: 05 03 28 17 | 04
#0934-d187 @A: 03 02 09 29 | 06
#0935-d187 @A: 28 08 35 34 | 05
#0936-d187 @A: 27 12 21 08 | 08
#0937-d187 @A: 12 13 08 09 | 02
#0938-d187 @A: 19 29 08 35 | 09
#0939-d187 @A: 13 08 11 35 | 11
#0940-d187 @A: 35 33 08 20 | 10
#0941-d187 @A: 19 32 08 06 | 01
#0942-d187 @A: 05 08 13 33 | 03
#0943-d187 @A: 20 21 08 02 | 07
#0944-d187 @A: 30 08 04 21 | 12
#0945-d187 @A: 17 10 29 08 | 04
#0946-d187 @A: 08 11 17 05 | 06
#0947-d187 @A: 32 05 35 34 | 05
#0948-d187 @A: 21 20 34 17 | 08
#0949-d187 @A: 34 30 33 20 | 02
#0950-d187 @A: 20 02 34 11 | 09
#0951-d187 @A: 28 04 34 20 | 11
#0952-d187 @A: 21 24 34 05 | 10
#0953-d187 @A: 17 34 30 26 | 01
#0954-d187 @A: 22 02 34 09 | 03
#0955-d187 @A: 27 12 26 32 | 07
#0956-d187 @A: 05 19 12 35 | 12
#0957-d187 @A: 12 30 31 24 | 04
#0958-d187 @A: 19 07 12 06 | 06
#0959-d187 @A: 09 07 12 24 | 05
#0960-d187 @A: 07 12 22 02 | 08
#0961-d187 @A: 12 17 06 30 | 02
#0962-d187 @A: 10 12 17 33 | 09
#0963-d187 @A: 26 28 12 29 | 11
#0964-d187 @A: 02 12 09 28 | 10
#0965-d187 @A: 12 33 09 29 | 01
#0966-d187 @A: 11 31 27 05 | 03
#0967-d187 @A: 25 07 10 27 | 07
#0968-d187 @A: 27 32 05 19 | 12
#0969-d187 @A: 29 06 27 21 | 04
#0970-d187 @A: 33 10 22 27 | 06
#0971-d187 @A: 22 27 02 26 | 05
#0972-d187 @A: 31 25 30 35 | 08
#0973-d187 @A: 32 25 35 17 | 02
#0974-d187 @A: 35 24 20 11 | 09
#0975-d187 @A: 09 24 35 26 | 11
#0976-d187 @A: 04 26 30 35 | 10
#0977-d187 @A: 09 17 30 35 | 01
#0978-d187 @A: 28 35 26 06 | 03
#0979-d187 @A: 24 10 31 09 | 07
#0980-d187 @A: 33 29 31 30 | 12
#0981-d187 @A: 05 31 33 29 | 04
#0982-d187 @A: 07 13 21 33 | 06
#0983-d187 @A: 21 10 07 05 | 05
#0984-d187 @A: 30 11 07 09 | 08
#0985-d187 @A: 24 19 09 05 | 02
#0986-d187 @A: 21 28 29 19 | 09
#0987-d187 @A: 06 10 19 33 | 11
#0988-d187 @A: 13 09 32 20 | 10
#0989-d187 @A: 24 32 22 20 | 01
#0990-d187 @A: 24 10 32 04 | 03
#0991-d187 @A: 02 20 25 28 | 07
#0992-d187 @A: 06 30 25 22 | 12
#0993-d187 @A: 13 29 20 10 | 04
#0994-d187 @A: 17 13 04 20 | 06
#0995-d187 @A: 17 13 21 29 | 05
#0996-d187 @A: 30 29 26 13 | 08
#0997-d187 @A: 13 09 29 04 | 02
#0998-d187 @A: 30 21 02 05 | 09
#0999-d187 @A: 06 28 05 26 | 11
#1000-d187 @A: 16 11 01 23 | 10
#1001-d187 @A: 23 29 16 19 | 01
#1002-d187 @A: 10 23 12 18 | 03
#1003-d187 @A: 01 21 23 08 | 07
#1004-d187 @A: 28 23 26 15 | 12
#1005-d187 @A: 14 20 23 35 | 04
#1006-d187 @A: 23 12 03 02 | 06
#1007-d187 @A: 25 03 04 23 | 05
#1008-d187 @A: 13 23 03 33 | 08
#1009-d187 @A: 02 08 25 23 | 02
#1010-d187 @A: 24 34 31 23 | 09
#1011-d187 @A: 32 06 23 12 | 11
#1012-d187 @A: 12 33 23 25 | 10
#1013-d187 @A: 23 35 33 19 | 01
#1014-d187 @A: 23 22 35 13 | 03
#1015-d187 @A: 23 11 35 10 | 07
#1016-d187 @A: 23 26 31 25 | 12
#1017-d187 @A: 20 02 29 23 | 04
#1018-d187 @A: 05 21 23 04 | 06
#1019-d187 @A: 23 22 06 10 | 05
#1020-d187 @A: 23 02 11 22 | 08
#1021-d187 @A: 23 17 28 09 | 02
#1022-d187 @A: 23 29 04 17 | 09
#1023-d187 @A: 29 01 16 07 | 11
#1024-d187 @A: 30 35 16 15 | 10
#1025-d187 @A: 06 15 16 19 | 01
#1026-d187 @A: 16 14 09 08 | 03
#1027-d187 @A: 16 10 14 28 | 07
#1028-d187 @A: 16 03 32 27 | 12
#1029-d187 @A: 13 08 26 16 | 04
#1030-d187 @A: 34 17 16 07 | 06
#1031-d187 @A: 29 16 25 34 | 05
#1032-d187 @A: 11 07 35 16 | 08
#1033-d187 @A: 22 11 16 33 | 02
#1034-d187 @A: 18 29 01 34 | 09
#1035-d187 @A: 14 19 09 18 | 11
#1036-d187 @A: 32 18 35 08 | 10
#1037-d187 @A: 32 18 34 06 | 01
#1038-d187 @A: 12 13 02 18 | 03
#1039-d187 @A: 04 12 18 29 | 07
#1040-d187 @A: 18 02 07 27 | 12
#1041-d187 @A: 35 18 24 19 | 04
#1042-d187 @A: 17 19 31 18 | 06
#1043-d187 @A: 32 18 22 17 | 05
#1044-d187 @A: 22 18 28 26 | 08
#1045-d187 @A: 02 18 06 29 | 02
#1046-d187 @A: 15 35 01 04 | 09
#1047-d187 @A: 01 22 15 25 | 11
#1048-d187 @A: 01 30 03 14 | 10
#1049-d187 @A: 24 03 01 32 | 01
#1050-d187 @A: 35 12 01 29 | 03
#1051-d187 @A: 19 01 02 27 | 07
#1052-d187 @A: 01 24 27 25 | 12
#1053-d187 @A: 01 26 33 27 | 04
#1054-d187 @A: 31 20 01 13 | 06
#1055-d187 @A: 13 05 01 21 | 05
#1056-d187 @A: 21 20 29 01 | 08
#1057-d187 @A: 01 26 28 10 | 02
#1058-d187 @A: 09 10 01 33 | 09
#1059-d187 @A: 02 17 05 01 | 11
#1060-d187 @A: 10 34 14 15 | 10
#1061-d187 @A: 33 14 13 15 | 01
#1062-d187 @A: 03 15 30 31 | 03
#1063-d187 @A: 15 34 29 32 | 07
#1064-d187 @A: 24 21 34 15 | 12
#1065-d187 @A: 12 30 15 32 | 04
#1066-d187 @A: 02 22 33 15 | 06
#1067-d187 @A: 03 25 14 10 | 05
#1068-d187 @A: 21 14 08 34 | 08
#1069-d187 @A: 12 14 08 29 | 02
#1070-d187 @A: 29 34 07 14 | 09
#1071-d187 @A: 14 12 04 13 | 11
#1072-d187 @A: 19 26 31 14 | 10
#1073-d187 @A: 04 24 14 19 | 01
#1074-d187 @A: 14 06 09 10 | 03
#1075-d187 @A: 08 03 06 27 | 07
#1076-d187 @A: 08 03 26 31 | 12
#1077-d187 @A: 34 02 31 03 | 04
#1078-d187 @A: 05 31 12 03 | 06
#1079-d187 @A: 21 27 17 03 | 05
#1080-d187 @A: 31 03 20 07 | 08
#1081-d187 @A: 06 03 19 25 | 02
#1082-d187 @A: 19 03 05 13 | 09
#1083-d187 @A: 34 20 08 05 | 11
#1084-d187 @A: 08 24 34 10 | 10
#1085-d187 @A: 19 27 08 22 | 01
#1086-d187 @A: 24 13 08 27 | 03
#1087-d187 @A: 20 31 29 08 | 07
#1088-d187 @A: 24 08 22 31 | 12
#1089-d187 @A: 08 10 30 28 | 04
#1090-d187 @A: 11 33 29 08 | 06
#1091-d187 @A: 24 34 12 13 | 05
#1092-d187 @A: 10 27 21 34 | 08
#1093-d187 @A: 28 34 32 11 | 02
#1094-d187 @A: 10 20 06 34 | 09
#1095-d187 @A: 29 24 34 02 | 11
#1096-d187 @A: 04 02 21 34 | 10
#1097-d187 @A: 04 10 34 22 | 01
#1098-d187 @A: 32 35 24 12 | 03
#1099-d187 @A: 13 12 35 20 | 07
#1100-d187 @A: 19 32 12 33 | 12
#1101-d187 @A: 29 25 32 12 | 04
#1102-d187 @A: 05 28 32 12 | 06
#1103-d187 @A: 07 20 13 27 | 05
#1104-d187 @A: 09 29 27 11 | 08
#1105-d187 @A: 06 11 31 35 | 02
#1106-d187 @A: 06 13 35 07 | 09
#1107-d187 @A: 33 10 32 35 | 11
#1108-d187 @A: 02 35 29 13 | 10
#1109-d187 @A: 33 21 35 22 | 01
#1110-d187 @A: 31 21 30 28 | 03
#1111-d187 @A: 33 25 07 04 | 07
#1112-d187 @A: 29 24 17 07 | 12
#1113-d187 @A: 26 10 29 07 | 04
#1114-d187 @A: 06 21 19 17 | 06
#1115-d187 @A: 30 26 22 19 | 05
#1116-d187 @A: 06 05 10 19 | 08
#1117-d187 @A: 09 19 02 10 | 02
#1118-d187 @A: 02 25 32 09 | 09
#1119-d187 @A: 24 17 09 25 | 11
#1120-d187 @A: 05 02 20 13 | 10
#1121-d187 @A: 13 21 09 24 | 01
#1122-d187 @A: 30 24 33 13 | 03
#1123-d187 @A: 28 26 13 24 | 07
#1124-d187 @A: 06 24 22 13 | 12
#1125-d187 @A: 30 11 13 04 | 04
#1126-d187 @A: 22 09 30 13 | 06
#1127-d187 @A: 13 33 26 10 | 05
#1128-d187 @A: 06 26 13 04 | 08
#1129-d187 @A: 13 28 29 11 | 02
#1130-d187 @A: 23 03 16 24 | 09
#1131-d187 @A: 12 16 22 23 | 11
#1132-d187 @A: 26 23 18 32 | 10
#1133-d187 @A: 02 18 23 17 | 01
#1134-d187 @A: 01 19 23 28 | 03
#1135-d187 @A: 31 28 14 23 | 07
#1136-d187 @A: 09 14 13 23 | 12
#1137-d187 @A: 03 29 23 35 | 04
#1138-d187 @A: 21 23 34 07 | 06
#1139-d187 @A: 13 23 25 34 | 05
#1140-d187 @A: 27 21 04 23 | 08
#1141-d187 @A: 27 06 23 17 | 02
#1142-d187 @A: 07 02 32 23 | 09
#1143-d187 @A: 23 05 25 19 | 11
#1144-d187 @A: 23 29 11 24 | 10
#1145-d187 @A: 18 03 04 16 | 01
#1146-d187 @A: 35 16 06 18 | 03
#1147-d187 @A: 26 16 05 01 | 07
#1148-d187 @A: 02 32 15 16 | 12
#1149-d187 @A: 09 05 15 16 | 04
#1150-d187 @A: 14 26 16 35 | 06
#1151-d187 @A: 06 16 07 08 | 05
#1152-d187 @A: 16 20 35 31 | 08
#1153-d187 @A: 16 13 35 25 | 02
#1154-d187 @A: 09 28 16 21 | 09
#1155-d187 @A: 10 16 30 11 | 11
#1156-d187 @A: 01 31 18 04 | 10
#1157-d187 @A: 01 10 32 18 | 01
#1158-d187 @A: 18 33 32 15 | 03
#1159-d187 @A: 11 14 32 18 | 07
#1160-d187 @A: 14 18 02 10 | 12
#1161-d187 @A: 03 18 07 11 | 04
#1162-d187 @A: 18 03 24 05 | 06
#1163-d187 @A: 03 09 17 18 | 05
#1164-d187 @A: 08 17 18 34 | 08
#1165-d187 @A: 11 34 12 18 | 02
#1166-d187 @A: 18 07 34 04 | 09
#1167-d187 @A: 18 12 21 07 | 11
#1168-d187 @A: 35 27 18 11 | 10
#1169-d187 @A: 28 18 27 13 | 01
#1170-d187 @A: 04 18 35 20 | 03
#1171-d187 @A: 06 24 18 20 | 07
#1172-d187 @A: 18 09 24 28 | 12
#1173-d187 @A: 18 11 26 21 | 04
#1174-d187 @A: 09 18 26 30 | 06
#1175-d187 @A: 17 18 26 06 | 05
#1176-d187 @A: 10 31 15 01 | 08
#1177-d187 @A: 33 29 01 15 | 02
#1178-d187 @A: 06 03 01 29 | 09
#1179-d187 @A: 01 08 24 09 | 11
#1180-d187 @A: 30 12 07 01 | 10
#1181-d187 @A: 22 01 12 33 | 01
#1182-d187 @A: 01 13 33 35 | 03
#1183-d187 @A: 06 05 07 01 | 07
#1184-d187 @A: 01 13 19 24 | 12
#1185-d187 @A: 11 06 01 32 | 04
#1186-d187 @A: 17 20 24 01 | 06
#1187-d187 @A: 10 20 02 01 | 05
#1188-d187 @A: 22 01 24 21 | 08
#1189-d187 @A: 29 24 01 30 | 02
#1190-d187 @A: 01 09 21 26 | 09
#1191-d187 @A: 08 34 30 15 | 11
#1192-d187 @A: 15 34 22 31 | 10
#1193-d187 @A: 17 25 15 34 | 01
#1194-d187 @A: 12 15 17 19 | 03
#1195-d187 @A: 12 15 20 26 | 07
#1196-d187 @A: 13 21 27 15 | 12
#1197-d187 @A: 29 31 25 15 | 04
#1198-d187 @A: 19 15 10 07 | 06
#1199-d187 @A: 17 10 15 28 | 05
#1200-d187 @A: 06 05 04 15 | 08
#1201-d187 @A: 17 09 15 02 | 02
#1202-d187 @A: 14 03 31 22 | 09
#1203-d187 @A: 11 08 31 14 | 11
#1204-d187 @A: 28 14 07 12 | 10
#1205-d187 @A: 19 14 06 13 | 01
#1206-d187 @A: 25 14 26 11 | 03
#1207-d187 @A: 10 22 24 14 | 07
#1208-d187 @A: 30 09 21 14 | 12
#1209-d187 @A: 26 14 33 17 | 04
#1210-d187 @A: 33 28 14 09 | 06
#1211-d187 @A: 03 31 35 33 | 05
#1212-d187 @A: 35 03 22 07 | 08
#1213-d187 @A: 24 13 03 35 | 02
#1214-d187 @A: 17 03 06 20 | 09
#1215-d187 @A: 22 17 24 03 | 11
#1216-d187 @A: 21 03 02 30 | 10
#1217-d187 @A: 03 10 26 04 | 01
#1218-d187 @A: 08 02 12 33 | 03
#1219-d187 @A: 17 08 25 07 | 07
#1220-d187 @A: 25 28 08 06 | 12
#1221-d187 @A: 17 08 28 13 | 04
#1222-d187 @A: 20 22 04 08 | 06
#1223-d187 @A: 34 21 19 12 | 05
#1224-d187 @A: 12 09 34 04 | 08
#1225-d187 @A: 27 35 34 29 | 02
#1226-d187 @A: 34 27 30 04 | 09
#1227-d187 @A: 33 35 34 25 | 11
#1228-d187 @A: 26 21 34 28 | 10
#1229-d187 @A: 22 05 34 09 | 01
#1230-d187 @A: 12 27 04 20 | 03
#1231-d187 @A: 19 09 12 11 | 07
#1232-d187 @A: 12 20 09 06 | 12
#1233-d187 @A: 24 12 22 04 | 04
#1234-d187 @A: 02 12 29 21 | 06
#1235-d187 @A: 26 30 02 12 | 05
#1236-d187 @A: 04 33 12 06 | 08
#1237-d187 @A: 27 35 33 07 | 02
#1238-d187 @A: 13 27 30 31 | 09
#1239-d187 @A: 07 28 26 27 | 11
#1240-d187 @A: 26 27 13 19 | 10
#1241-d187 @A: 21 24 27 19 | 01
#1242-d187 @A: 27 20 02 24 | 03
#1243-d187 @A: 05 10 26 27 | 07
#1244-d187 @A: 04 10 29 27 | 12
#1245-d187 @A: 22 28 17 27 | 04
#1246-d187 @A: 20 30 07 35 | 06
#1247-d187 @A: 35 32 22 19 | 05
#1248-d187 @A: 20 19 25 35 | 08
#1249-d187 @A: 35 04 11 19 | 02
#1250-d187 @A: 22 20 26 35 | 09
#1251-d187 @A: 06 02 21 35 | 11
#1252-d187 @A: 05 02 35 28 | 10
#1253-d187 @A: 05 02 31 07 | 01
#1254-d187 @A: 26 31 20 06 | 03
#1255-d187 @A: 31 11 20 33 | 07
#1256-d187 @A: 06 30 10 31 | 12
#1257-d187 @A: 07 20 32 19 | 04
#1258-d187 @A: 28 07 11 21 | 06
#1259-d187 @A: 07 22 09 17 | 05
#1260-d187 @A: 09 30 10 32 | 08
#1261-d187 @A: 26 22 11 32 | 02
#1262-d187 @A: 02 32 06 28 | 09
#1263-d187 @A: 25 13 24 29 | 11
#1264-d187 @A: 05 25 33 10 | 10
#1265-d187 @A: 13 02 20 33 | 01
#1266-d187 @A: 05 30 29 20 | 03
#1267-d187 @A: 19 18 20 23 | 07
#1268-d187 @A: 04 18 13 23 | 12
#1269-d187 @A: 18 29 28 23 | 04
#1270-d187 @A: 01 23 34 17 | 06
#1271-d187 @A: 12 23 04 15 | 05
#1272-d187 @A: 23 21 15 25 | 08
#1273-d187 @A: 14 08 06 23 | 02
#1274-d187 @A: 08 20 12 23 | 09
#1275-d187 @A: 35 23 08 09 | 11
#1276-d187 @A: 31 08 10 23 | 10
#1277-d187 @A: 12 35 23 28 | 01
#1278-d187 @A: 07 23 22 27 | 03
#1279-d187 @A: 31 23 13 17 | 07
#1280-d187 @A: 21 23 13 32 | 12
#1281-d187 @A: 02 24 23 28 | 04
#1282-d187 @A: 11 28 23 30 | 06
#1283-d187 @A: 05 23 06 30 | 05
#1284-d187 @A: 23 09 29 10 | 08
#1285-d187 @A: 05 09 02 23 | 02
#1286-d187 @A: 16 32 29 18 | 09
#1287-d187 @A: 05 18 16 06 | 11
#1288-d187 @A: 15 11 12 16 | 10
#1289-d187 @A: 14 19 12 16 | 01
#1290-d187 @A: 16 07 14 20 | 03
#1291-d187 @A: 25 33 16 14 | 07
#1292-d187 @A: 16 03 13 28 | 12
#1293-d187 @A: 16 21 12 35 | 04
#1294-d187 @A: 25 16 26 12 | 06
#1295-d187 @A: 16 27 09 07 | 05
#1296-d187 @A: 16 05 27 21 | 08
#1297-d187 @A: 16 30 22 27 | 02
#1298-d187 @A: 29 16 35 24 | 09
#1299-d187 @A: 16 06 33 32 | 11
#1300-d187 @A: 16 24 20 25 | 10
#1301-d187 @A: 24 16 13 11 | 01
#1302-d187 @A: 29 11 16 20 | 03
#1303-d187 @A: 09 20 16 22 | 07
#1304-d187 @A: 30 21 24 16 | 12
#1305-d187 @A: 10 06 24 16 | 04
#1306-d187 @A: 11 04 16 21 | 06
#1307-d187 @A: 11 16 09 17 | 05
#1308-d187 @A: 29 22 16 02 | 08
#1309-d187 @A: 17 16 29 33 | 02
#1310-d187 @A: 19 18 01 12 | 09
#1311-d187 @A: 20 15 17 18 | 11
#1312-d187 @A: 13 20 18 14 | 10
#1313-d187 @A: 12 18 22 03 | 01
#1314-d187 @A: 18 32 03 20 | 03
#1315-d187 @A: 22 08 18 13 | 07
#1316-d187 @A: 24 10 18 27 | 12
#1317-d187 @A: 10 22 18 07 | 04
#1318-d187 @A: 18 19 04 26 | 06
#1319-d187 @A: 21 17 28 18 | 05
#1320-d187 @A: 30 19 15 01 | 08
#1321-d187 @A: 13 29 14 01 | 02
#1322-d187 @A: 31 01 28 03 | 09
#1323-d187 @A: 25 34 01 02 | 11
#1324-d187 @A: 01 12 10 25 | 10
#1325-d187 @A: 01 31 20 05 | 01
#1326-d187 @A: 07 01 21 25 | 03
#1327-d187 @A: 26 25 01 19 | 07
#1328-d187 @A: 20 01 06 19 | 12
#1329-d187 @A: 30 02 01 09 | 04
#1330-d187 @A: 28 01 05 33 | 06
#1331-d187 @A: 22 14 15 08 | 05
#1332-d187 @A: 10 15 35 03 | 08
#1333-d187 @A: 32 06 15 03 | 02
#1334-d187 @A: 15 25 08 04 | 09
#1335-d187 @A: 06 12 10 15 | 11
#1336-d187 @A: 25 07 20 15 | 10
#1337-d187 @A: 15 11 22 07 | 01
#1338-d187 @A: 20 15 11 19 | 03
#1339-d187 @A: 15 28 13 32 | 07
#1340-d187 @A: 30 15 20 02 | 12
#1341-d187 @A: 15 10 24 29 | 04
#1342-d187 @A: 28 21 15 06 | 06
#1343-d187 @A: 30 06 04 15 | 05
#1344-d187 @A: 22 17 04 15 | 08
#1345-d187 @A: 33 02 34 14 | 02
#1346-d187 @A: 34 14 17 05 | 09
#1347-d187 @A: 14 31 09 12 | 11
#1348-d187 @A: 05 31 14 04 | 10
#1349-d187 @A: 14 19 22 07 | 01
#1350-d187 @A: 05 32 14 07 | 03
#1351-d187 @A: 14 02 07 13 | 07
#1352-d187 @A: 14 25 19 29 | 12
#1353-d187 @A: 20 14 11 21 | 04
#1354-d187 @A: 22 28 21 14 | 06
#1355-d187 @A: 22 30 17 14 | 05
#1356-d187 @A: 14 22 11 09 | 08
#1357-d187 @A: 03 25 09 12 | 02
#1358-d187 @A: 29 03 30 07 | 09
#1359-d187 @A: 03 32 30 19 | 11
#1360-d187 @A: 11 21 03 33 | 10
#1361-d187 @A: 04 28 11 03 | 01
#1362-d187 @A: 13 04 07 08 | 03
#1363-d187 @A: 08 10 11 07 | 07
#1364-d187 @A: 10 19 08 26 | 12
#1365-d187 @A: 08 33 32 24 | 04
#1366-d187 @A: 24 08 11 06 | 06
#1367-d187 @A: 11 02 08 28 | 05
#1368-d187 @A: 12 34 27 07 | 08
#1369-d187 @A: 09 35 21 34 | 02
#1370-d187 @A: 25 34 26 22 | 09
#1371-d187 @A: 26 24 06 34 | 11
#1372-d187 @A: 33 24 28 34 | 10
#1373-d187 @A: 34 10 17 11 | 01
#1374-d187 @A: 12 17 25 27 | 03
#1375-d187 @A: 27 13 22 12 | 07
#1376-d187 @A: 24 12 33 27 | 12
#1377-d187 @A: 32 31 20 12 | 04
#1378-d187 @A: 25 28 31 12 | 06
#1379-d187 @A: 24 12 19 26 | 05
#1380-d187 @A: 12 25 21 06 | 08
#1381-d187 @A: 12 21 24 20 | 02
#1382-d187 @A: 17 09 12 21 | 09
#1383-d187 @A: 30 28 22 12 | 11
#1384-d187 @A: 28 07 05 27 | 10
#1385-d187 @A: 19 32 27 10 | 01
#1386-d187 @A: 27 25 32 06 | 03
#1387-d187 @A: 27 33 11 17 | 07
#1388-d187 @A: 29 35 31 07 | 12
#1389-d187 @A: 09 13 35 31 | 04
#1390-d187 @A: 10 28 35 20 | 06
#1391-d187 @A: 20 09 05 35 | 05
#1392-d187 @A: 22 35 09 04 | 08
#1393-d187 @A: 25 31 07 02 | 02
#1394-d187 @A: 07 26 31 30 | 09
#1395-d187 @A: 20 19 31 21 | 11
#1396-d187 @A: 32 06 31 13 | 10
#1397-d187 @A: 04 10 25 31 | 01
#1398-d187 @A: 31 11 30 22 | 03
#1399-d187 @A: 33 07 22 20 | 07
#1400-d187 @A: 06 07 26 11 | 12
#1401-d187 @A: 26 07 22 04 | 04
#1402-d187 @A: 28 20 09 19 | 06
#1403-d187 @A: 04 21 33 19 | 05
#1404-d187 @A: 33 30 19 28 | 08
#1405-d187 @A: 11 32 05 21 | 02
#1406-d187 @A: 13 25 11 02 | 09
#1407-d187 @A: 20 05 24 25 | 11
#1408-d187 @A: 06 25 24 04 | 10
#1409-d187 @A: 04 17 02 25 | 01
#1410-d187 @A: 28 09 10 13 | 03
#1411-d187 @A: 10 22 02 13 | 07
#1412-d187 @A: 05 29 13 28 | 12
#1413-d187 @A: 10 05 20 17 | 04
#1414-d187 @A: 23 16 28 08 | 06
#1415-d187 @A: 06 23 01 25 | 05
#1416-d187 @A: 15 32 10 23 | 08
#1417-d187 @A: 23 31 03 09 | 02
#1418-d187 @A: 29 23 08 34 | 09
#1419-d187 @A: 23 27 25 30 | 11
#1420-d187 @A: 09 23 19 07 | 10
#1421-d187 @A: 23 19 32 24 | 01
#1422-d187 @A: 10 23 04 20 | 03
#1423-d187 @A: 04 28 22 23 | 07
#1424-d187 @A: 18 24 15 16 | 12
#1425-d187 @A: 32 01 08 16 | 04
#1426-d187 @A: 31 09 15 16 | 06
#1427-d187 @A: 16 13 21 14 | 05
#1428-d187 @A: 16 14 30 04 | 08
#1429-d187 @A: 12 16 03 20 | 02
#1430-d187 @A: 34 16 08 11 | 09
#1431-d187 @A: 27 16 06 12 | 11
#1432-d187 @A: 16 31 29 12 | 10
#1433-d187 @A: 33 16 13 12 | 01
#1434-d187 @A: 16 27 26 04 | 03
#1435-d187 @A: 30 19 31 16 | 07
#1436-d187 @A: 02 13 16 31 | 12
#1437-d187 @A: 25 19 09 16 | 04
#1438-d187 @A: 24 16 09 02 | 06
#1439-d187 @A: 30 29 16 06 | 05
#1440-d187 @A: 14 18 06 01 | 08
#1441-d187 @A: 18 05 12 01 | 02
#1442-d187 @A: 01 35 22 18 | 09
#1443-d187 @A: 01 26 18 02 | 11
#1444-d187 @A: 14 12 26 18 | 10
#1445-d187 @A: 03 18 24 34 | 01
#1446-d187 @A: 18 31 25 24 | 03
#1447-d187 @A: 18 02 32 19 | 07
#1448-d187 @A: 25 04 18 32 | 12
#1449-d187 @A: 04 05 01 34 | 04
#1450-d187 @A: 32 35 01 20 | 06
#1451-d187 @A: 01 09 28 07 | 05
#1452-d187 @A: 21 28 01 04 | 08
#1453-d187 @A: 22 29 01 10 | 02
#1454-d187 @A: 17 01 28 33 | 09
#1455-d187 @A: 15 14 35 05 | 11
#1456-d187 @A: 15 04 27 03 | 10
#1457-d187 @A: 22 03 28 15 | 01
#1458-d187 @A: 33 08 09 15 | 03
#1459-d187 @A: 34 15 11 27 | 07
#1460-d187 @A: 31 15 33 27 | 12
#1461-d187 @A: 13 35 17 15 | 04
#1462-d187 @A: 21 26 15 35 | 06
#1463-d187 @A: 15 02 21 31 | 05
#1464-d187 @A: 07 26 15 02 | 08
#1465-d187 @A: 15 09 19 13 | 02
#1466-d187 @A: 28 15 25 05 | 09
#1467-d187 @A: 10 09 20 15 | 11
#1468-d187 @A: 14 03 34 26 | 10
#1469-d187 @A: 03 27 14 35 | 01
#1470-d187 @A: 08 32 17 14 | 03
#1471-d187 @A: 27 14 32 34 | 07
#1472-d187 @A: 17 34 14 24 | 12
#1473-d187 @A: 21 14 27 07 | 04
#1474-d187 @A: 27 17 14 20 | 06
#1475-d187 @A: 35 25 06 14 | 05
#1476-d187 @A: 33 14 30 35 | 08
#1477-d187 @A: 14 32 33 31 | 02
#1478-d187 @A: 04 14 32 07 | 09
#1479-d187 @A: 14 25 13 32 | 11
#1480-d187 @A: 22 14 06 02 | 10
#1481-d187 @A: 08 02 07 03 | 01
#1482-d187 @A: 28 03 32 08 | 03
#1483-d187 @A: 05 08 03 02 | 07
#1484-d187 @A: 03 28 34 30 | 12
#1485-d187 @A: 31 03 12 11 | 04
#1486-d187 @A: 03 27 05 10 | 06
#1487-d187 @A: 31 03 19 24 | 05
#1488-d187 @A: 13 31 03 29 | 08
#1489-d187 @A: 32 17 07 03 | 02
#1490-d187 @A: 26 25 32 03 | 09
#1491-d187 @A: 03 13 26 11 | 11
#1492-d187 @A: 28 24 03 06 | 10
#1493-d187 @A: 21 03 29 26 | 01
#1494-d187 @A: 04 03 33 05 | 03
#1495-d187 @A: 34 20 08 07 | 07
#1496-d187 @A: 02 08 34 19 | 12
#1497-d187 @A: 12 08 25 24 | 04
#1498-d187 @A: 33 27 25 08 | 06
#1499-d187 @A: 25 31 13 08 | 05
#1500-d187 @A: 06 08 30 20 | 08
#1501-d187 @A: 17 08 24 21 | 02
#1502-d187 @A: 24 29 08 04 | 09
#1503-d187 @A: 33 04 10 08 | 11
#1504-d187 @A: 08 04 17 06 | 10
#1505-d187 @A: 12 34 35 17 | 01
#1506-d187 @A: 34 31 26 05 | 03
#1507-d187 @A: 34 07 26 19 | 07
#1508-d187 @A: 34 32 17 19 | 12
#1509-d187 @A: 25 34 32 20 | 04
#1510-d187 @A: 24 34 32 30 | 06
#1511-d187 @A: 24 11 34 22 | 05
#1512-d187 @A: 10 05 34 30 | 08
#1513-d187 @A: 26 33 04 34 | 02
#1514-d187 @A: 17 02 34 28 | 09
#1515-d187 @A: 06 17 34 29 | 11
#1516-d187 @A: 35 12 27 09 | 10
#1517-d187 @A: 31 35 12 22 | 01
#1518-d187 @A: 12 30 19 35 | 03
#1519-d187 @A: 11 07 12 25 | 07
#1520-d187 @A: 24 11 28 12 | 12
#1521-d187 @A: 10 29 11 12 | 04
#1522-d187 @A: 02 27 35 32 | 06
#1523-d187 @A: 13 27 35 04 | 05
#1524-d187 @A: 07 17 31 27 | 08
#1525-d187 @A: 22 31 27 06 | 02
#1526-d187 @A: 06 24 27 05 | 09
#1527-d187 @A: 19 02 06 31 | 11
#1528-d187 @A: 30 05 25 31 | 10
#1529-d187 @A: 20 24 31 04 | 01
#1530-d187 @A: 22 05 31 21 | 03
#1531-d187 @A: 21 33 17 31 | 07
#1532-d187 @A: 26 31 22 33 | 12
#1533-d187 @A: 13 19 07 25 | 04
#1534-d187 @A: 20 11 04 07 | 06
#1535-d187 @A: 06 17 07 10 | 05
#1536-d187 @A: 05 07 22 17 | 08
#1537-d187 @A: 02 29 07 33 | 02
#1538-d187 @A: 32 13 19 11 | 09
#1539-d187 @A: 19 30 13 17 | 11
#1540-d187 @A: 19 20 33 26 | 10
#1541-d187 @A: 26 32 05 25 | 01
#1542-d187 @A: 26 30 21 32 | 03
#1543-d187 @A: 32 06 09 21 | 07
#1544-d187 @A: 22 10 32 28 | 12
#1545-d187 @A: 09 32 05 10 | 04
#1546-d187 @A: 04 32 33 02 | 06
#1547-d187 @A: 30 28 25 26 | 05
#1548-d187 @A: 11 25 22 04 | 08
#1549-d187 @A: 25 11 22 05 | 02
#1550-d187 @A: 25 28 09 22 | 09
#1551-d187 @A: 13 24 05 22 | 11
#1552-d187 @A: 17 13 11 22 | 10
#1553-d187 @A: 33 24 02 05 | 01
#1554-d187 @A: 28 30 05 22 | 03
#1555-d187 @A: 29 10 05 04 | 07
#1556-d187 @A: 23 04 16 31 | 12
#1557-d187 @A: 01 12 09 23 | 04
#1558-d187 @A: 23 24 15 27 | 06
#1559-d187 @A: 23 29 15 13 | 05
#1560-d187 @A: 03 23 21 28 | 08
#1561-d187 @A: 08 27 11 23 | 02
#1562-d187 @A: 34 22 23 20 | 09
#1563-d187 @A: 27 23 19 12 | 11
#1564-d187 @A: 23 27 05 13 | 10
#1565-d187 @A: 22 23 19 31 | 01
#1566-d187 @A: 32 23 29 05 | 03
#1567-d187 @A: 09 33 23 21 | 07
#1568-d187 @A: 02 01 03 16 | 12
#1569-d187 @A: 01 16 28 22 | 04
#1570-d187 @A: 03 16 31 21 | 06
#1571-d187 @A: 27 13 29 16 | 05
#1572-d187 @A: 28 16 35 33 | 08
#1573-d187 @A: 19 17 05 16 | 02
#1574-d187 @A: 10 16 33 20 | 09
#1575-d187 @A: 29 16 10 21 | 11
#1576-d187 @A: 03 01 18 33 | 10
#1577-d187 @A: 31 18 15 12 | 01
#1578-d187 @A: 18 15 27 09 | 03
#1579-d187 @A: 15 18 28 11 | 07
#1580-d187 @A: 03 21 18 14 | 12
#1581-d187 @A: 08 18 14 33 | 04
#1582-d187 @A: 30 03 35 18 | 06
#1583-d187 @A: 18 31 03 06 | 05
#1584-d187 @A: 06 18 08 12 | 08
#1585-d187 @A: 18 34 10 25 | 02
#1586-d187 @A: 18 31 26 29 | 09
#1587-d187 @A: 32 18 30 07 | 11
#1588-d187 @A: 18 10 19 29 | 10
#1589-d187 @A: 30 18 11 05 | 01
#1590-d187 @A: 28 33 18 02 | 03
#1591-d187 @A: 27 01 20 15 | 07
#1592-d187 @A: 01 07 11 14 | 12
#1593-d187 @A: 19 21 14 01 | 04
#1594-d187 @A: 20 14 33 01 | 06
#1595-d187 @A: 09 01 27 03 | 05
#1596-d187 @A: 07 33 01 08 | 08
#1597-d187 @A: 01 08 25 29 | 02
#1598-d187 @A: 04 34 24 01 | 09
#1599-d187 @A: 01 11 34 33 | 11
#1600-d187 @A: 01 32 12 28 | 10
#1601-d187 @A: 17 25 01 30 | 01
#1602-d187 @A: 01 05 30 24 | 03
#1603-d187 @A: 15 03 25 33 | 07
#1604-d187 @A: 06 08 15 13 | 12
#1605-d187 @A: 08 21 15 29 | 04
#1606-d187 @A: 05 12 07 15 | 06
#1607-d187 @A: 24 15 13 07 | 05
#1608-d187 @A: 26 15 19 29 | 08
#1609-d187 @A: 24 20 15 33 | 02
#1610-d187 @A: 26 15 17 05 | 09
#1611-d187 @A: 04 15 33 28 | 11
#1612-d187 @A: 14 20 28 03 | 10
#1613-d187 @A: 35 14 02 08 | 01
#1614-d187 @A: 14 12 27 10 | 03
#1615-d187 @A: 09 07 14 35 | 07
#1616-d187 @A: 21 04 14 35 | 12
#1617-d187 @A: 14 29 17 31 | 04
#1618-d187 @A: 10 19 14 20 | 06
#1619-d187 @A: 06 14 20 04 | 05
#1620-d187 @A: 09 02 14 20 | 08
#1621-d187 @A: 04 14 33 22 | 02
#1622-d187 @A: 19 08 33 03 | 09
#1623-d187 @A: 03 08 10 20 | 11
#1624-d187 @A: 19 20 03 34 | 10
#1625-d187 @A: 17 34 03 04 | 01
#1626-d187 @A: 03 13 12 30 | 03
#1627-d187 @A: 10 31 27 03 | 07
#1628-d187 @A: 29 03 27 19 | 12
#1629-d187 @A: 03 10 09 21 | 04
#1630-d187 @A: 02 28 03 10 | 06
#1631-d187 @A: 08 31 07 12 | 05
#1632-d187 @A: 28 12 08 19 | 08
#1633-d187 @A: 08 29 05 12 | 02
#1634-d187 @A: 35 08 17 31 | 09
#1635-d187 @A: 08 09 32 07 | 11
#1636-d187 @A: 08 24 30 26 | 10
#1637-d187 @A: 08 21 26 22 | 01
#1638-d187 @A: 08 30 29 02 | 03
#1639-d187 @A: 26 11 08 17 | 07
#1640-d187 @A: 22 08 29 28 | 12
#1641-d187 @A: 35 07 24 34 | 04
#1642-d187 @A: 31 32 34 10 | 06
#1643-d187 @A: 31 25 11 34 | 05
#1644-d187 @A: 07 34 33 32 | 08
#1645-d187 @A: 35 25 04 12 | 02
#1646-d187 @A: 12 20 07 29 | 09
#1647-d187 @A: 17 12 05 13 | 11
#1648-d187 @A: 17 19 35 27 | 10
#1649-d187 @A: 33 27 29 20 | 01
#1650-d187 @A: 04 27 17 24 | 03
#1651-d187 @A: 28 06 27 09 | 07
#1652-d187 @A: 35 31 10 19 | 12
#1653-d187 @A: 25 26 35 07 | 04
#1654-d187 @A: 35 19 21 13 | 06
#1655-d187 @A: 28 35 32 21 | 05
#1656-d187 @A: 35 09 20 29 | 08
#1657-d187 @A: 26 29 11 35 | 02
#1658-d187 @A: 32 09 19 31 | 09
#1659-d187 @A: 31 13 04 33 | 11
#1660-d187 @A: 04 21 06 31 | 10
#1661-d187 @A: 29 21 09 31 | 01
#1662-d187 @A: 26 10 11 31 | 03
#1663-d187 @A: 31 05 17 09 | 07
#1664-d187 @A: 29 28 32 07 | 12
#1665-d187 @A: 06 07 22 32 | 04
#1666-d187 @A: 24 07 20 10 | 06
#1667-d187 @A: 33 11 07 24 | 05
#1668-d187 @A: 09 04 07 02 | 08
#1669-d187 @A: 05 04 19 20 | 02
#1670-d187 @A: 21 05 19 29 | 09
#1671-d187 @A: 10 17 04 19 | 11
#1672-d187 @A: 17 29 02 19 | 10
#1673-d187 @A: 29 20 06 32 | 01
#1674-d187 @A: 32 17 30 29 | 03
#1675-d187 @A: 28 33 32 26 | 07
#1676-d187 @A: 32 29 02 11 | 12
#1677-d187 @A: 09 04 28 32 | 04
#1678-d187 @A: 29 22 09 32 | 06
#1679-d187 @A: 10 26 24 25 | 05
#1680-d187 @A: 09 30 33 25 | 08
#1681-d187 @A: 09 11 10 25 | 02
#1682-d187 @A: 11 06 25 17 | 09
#1683-d187 @A: 29 25 05 02 | 11
#1684-d187 @A: 13 02 28 21 | 10
#1685-d187 @A: 02 13 30 06 | 01
#1686-d187 @A: 13 33 29 06 | 03
#1687-d187 @A: 11 05 04 24 | 07
#1688-d187 @A: 29 24 17 05 | 12
#1689-d187 @A: 22 05 33 06 | 04
