#0001-d191 @A: 25 09 28 01 | 02
#0002-d191 @A: 16 33 09 07 | 08
#0003-d191 @A: 10 09 27 33 | 11
#0004-d191 @A: 03 22 09 13 | 01
#0005-d191 @A: 15 31 12 09 | 07
#0006-d191 @A: 32 14 09 23 | 12
#0007-d191 @A: 14 07 06 09 | 05
#0008-d191 @A: 35 12 09 05 | 06
#0009-d191 @A: 07 26 09 32 | 03
#0010-d191 @A: 34 05 32 09 | 09
#0011-d191 @A: 32 19 09 31 | 10
#0012-d191 @A: 09 12 32 10 | 04
#0013-d191 @A: 09 19 26 17 | 02
#0014-d191 @A: 09 17 31 08 | 08
#0015-d191 @A: 30 20 15 01 | 11
#0016-d191 @A: 11 35 06 01 | 01
#0017-d191 @A: 16 11 01 05 | 07
#0018-d191 @A: 17 28 01 11 | 12
#0019-d191 @A: 35 01 02 27 | 05
#0020-d191 @A: 02 24 01 31 | 06
#0021-d191 @A: 25 10 01 03 | 03
#0022-d191 @A: 01 12 06 13 | 09
#0023-d191 @A: 24 08 01 32 | 10
#0024-d191 @A: 15 22 16 33 | 04
#0025-d191 @A: 33 22 11 05 | 02
#0026-d191 @A: 33 22 34 06 | 08
#0027-d191 @A: 22 13 26 33 | 11
#0028-d191 @A: 18 27 33 15 | 01
#0029-d191 @A: 33 14 05 03 | 07
#0030-d191 @A: 16 14 33 26 | 12
#0031-d191 @A: 27 33 32 14 | 05
#0032-d191 @A: 33 17 06 19 | 06
#0033-d191 @A: 32 33 18 07 | 03
#0034-d191 @A: 13 21 32 33 | 09
#0035-d191 @A: 13 33 20 31 | 10
#0036-d191 @A: 35 21 22 23 | 04
#0037-d191 @A: 17 22 06 11 | 02
#0038-d191 @A: 11 22 24 19 | 08
#0039-d191 @A: 04 32 19 22 | 11
#0040-d191 @A: 03 22 08 29 | 01
#0041-d191 @A: 11 20 23 15 | 07
#0042-d191 @A: 23 03 15 25 | 12
#0043-d191 @A: 34 11 03 15 | 05
#0044-d191 @A: 18 03 15 04 | 06
#0045-d191 @A: 35 15 16 07 | 03
#0046-d191 @A: 35 12 25 15 | 09
#0047-d191 @A: 25 21 15 32 | 10
#0048-d191 @A: 19 13 15 07 | 04
#0049-d191 @A: 19 07 17 15 | 02
#0050-d191 @A: 23 35 34 14 | 08
#0051-d191 @A: 19 23 30 35 | 11
#0052-d191 @A: 08 23 24 35 | 01
#0053-d191 @A: 23 30 17 19 | 07
#0054-d191 @A: 28 23 29 25 | 12
#0055-d191 @A: 06 23 07 13 | 05
#0056-d191 @A: 05 26 32 23 | 06
#0057-d191 @A: 11 08 30 14 | 03
#0058-d191 @A: 32 11 16 35 | 09
#0059-d191 @A: 11 27 35 26 | 10
#0060-d191 @A: 08 31 24 11 | 04
#0061-d191 @A: 11 31 18 13 | 02
#0062-d191 @A: 08 07 11 34 | 08
#0063-d191 @A: 12 27 31 11 | 11
#0064-d191 @A: 11 10 28 20 | 01
#0065-d191 @A: 17 11 05 19 | 07
#0066-d191 @A: 02 29 20 04 | 12
#0067-d191 @A: 34 02 14 06 | 05
#0068-d191 @A: 30 03 02 27 | 06
#0069-d191 @A: 08 02 25 29 | 03
#0070-d191 @A: 02 18 26 10 | 09
#0071-d191 @A: 02 05 13 27 | 10
#0072-d191 @A: 31 07 28 02 | 04
#0073-d191 @A: 31 02 20 17 | 02
#0074-d191 @A: 10 17 04 14 | 08
#0075-d191 @A: 04 35 03 28 | 11
#0076-d191 @A: 29 17 04 16 | 01
#0077-d191 @A: 16 04 24 08 | 07
#0078-d191 @A: 27 06 04 25 | 12
#0079-d191 @A: 13 18 04 05 | 05
#0080-d191 @A: 28 18 31 04 | 06
#0081-d191 @A: 04 26 08 07 | 03
#0082-d191 @A: 20 21 17 04 | 09
#0083-d191 @A: 14 06 35 31 | 10
#0084-d191 @A: 19 29 03 14 | 04
#0085-d191 @A: 25 14 16 07 | 02
#0086-d191 @A: 14 27 18 08 | 08
#0087-d191 @A: 07 18 20 14 | 11
#0088-d191 @A: 31 19 14 26 | 01
#0089-d191 @A: 12 14 13 21 | 07
#0090-d191 @A: 28 05 14 20 | 12
#0091-d191 @A: 34 29 16 35 | 05
#0092-d191 @A: 10 32 18 35 | 06
#0093-d191 @A: 20 18 31 35 | 03
#0094-d191 @A: 03 06 31 30 | 09
#0095-d191 @A: 24 03 25 26 | 10
#0096-d191 @A: 26 21 30 17 | 04
#0097-d191 @A: 19 30 31 20 | 02
#0098-d191 @A: 26 16 24 05 | 08
#0099-d191 @A: 27 18 31 16 | 11
#0100-d191 @A: 32 26 31 16 | 01
#0101-d191 @A: 26 19 16 27 | 07
#0102-d191 @A: 20 16 08 13 | 12
#0103-d191 @A: 19 16 07 28 | 05
#0104-d191 @A: 08 06 24 25 | 06
#0105-d191 @A: 25 26 05 19 | 03
#0106-d191 @A: 07 13 25 08 | 09
#0107-d191 @A: 25 19 27 34 | 10
#0108-d191 @A: 20 18 24 06 | 04
#0109-d191 @A: 19 06 13 18 | 02
#0110-d191 @A: 10 06 18 31 | 08
#0111-d191 @A: 12 06 18 27 | 11
#0112-d191 @A: 06 10 05 19 | 01
#0113-d191 @A: 13 26 29 24 | 07
#0114-d191 @A: 07 24 34 29 | 12
#0115-d191 @A: 29 18 26 34 | 05
#0116-d191 @A: 07 18 05 29 | 06
#0117-d191 @A: 29 28 18 27 | 03
#0118-d191 @A: 12 08 05 29 | 09
#0119-d191 @A: 27 19 24 18 | 10
#0120-d191 @A: 26 10 24 12 | 04
#0121-d191 @A: 13 24 19 08 | 02
#0122-d191 @A: 19 07 24 31 | 08
#0123-d191 @A: 28 12 24 08 | 11
#0124-d191 @A: 18 17 28 13 | 01
#0125-d191 @A: 08 32 19 17 | 07
#0126-d191 @A: 17 32 05 10 | 12
#0127-d191 @A: 12 02 09 01 | 05
#0128-d191 @A: 09 01 32 17 | 06
#0129-d191 @A: 04 09 27 22 | 03
#0130-d191 @A: 22 07 09 29 | 09
#0131-d191 @A: 08 11 04 09 | 10
#0132-d191 @A: 02 29 09 10 | 04
#0133-d191 @A: 09 31 05 02 | 02
#0134-d191 @A: 09 20 06 35 | 08
#0135-d191 @A: 21 26 27 09 | 11
#0136-d191 @A: 09 28 34 20 | 01
#0137-d191 @A: 33 18 22 01 | 07
#0138-d191 @A: 35 33 01 05 | 12
#0139-d191 @A: 33 25 01 08 | 05
#0140-d191 @A: 17 15 20 01 | 06
#0141-d191 @A: 18 01 16 23 | 03
#0142-d191 @A: 11 26 30 01 | 09
#0143-d191 @A: 11 18 01 17 | 10
#0144-d191 @A: 04 06 21 01 | 04
#0145-d191 @A: 01 03 27 19 | 02
#0146-d191 @A: 24 01 13 16 | 08
#0147-d191 @A: 25 01 31 06 | 11
#0148-d191 @A: 01 10 17 34 | 01
#0149-d191 @A: 10 08 31 01 | 07
#0150-d191 @A: 01 19 28 12 | 12
#0151-d191 @A: 33 03 21 22 | 05
#0152-d191 @A: 26 17 15 33 | 06
#0153-d191 @A: 29 33 31 02 | 03
#0154-d191 @A: 24 30 08 33 | 09
#0155-d191 @A: 28 24 33 16 | 10
#0156-d191 @A: 26 29 33 05 | 04
#0157-d191 @A: 26 06 22 04 | 02
#0158-d191 @A: 07 14 30 22 | 08
#0159-d191 @A: 06 18 22 03 | 11
#0160-d191 @A: 25 21 22 19 | 01
#0161-d191 @A: 18 22 26 28 | 07
#0162-d191 @A: 21 18 22 13 | 12
#0163-d191 @A: 22 28 21 34 | 05
#0164-d191 @A: 21 07 20 22 | 06
#0165-d191 @A: 18 15 23 06 | 03
#0166-d191 @A: 15 06 11 07 | 09
#0167-d191 @A: 12 11 21 15 | 10
#0168-d191 @A: 24 15 27 03 | 04
#0169-d191 @A: 20 18 15 34 | 02
#0170-d191 @A: 13 05 31 15 | 08
#0171-d191 @A: 15 08 19 31 | 11
#0172-d191 @A: 15 05 21 10 | 01
#0173-d191 @A: 15 28 17 21 | 07
#0174-d191 @A: 23 11 17 04 | 12
#0175-d191 @A: 25 10 23 11 | 05
#0176-d191 @A: 17 27 04 23 | 06
#0177-d191 @A: 14 23 12 16 | 03
#0178-d191 @A: 25 23 31 30 | 09
#0179-d191 @A: 30 23 29 26 | 10
#0180-d191 @A: 28 23 30 27 | 04
#0181-d191 @A: 19 16 23 06 | 02
#0182-d191 @A: 06 25 12 23 | 08
#0183-d191 @A: 23 17 25 12 | 11
#0184-d191 @A: 23 21 17 18 | 01
#0185-d191 @A: 18 19 07 23 | 07
#0186-d191 @A: 02 11 18 34 | 12
#0187-d191 @A: 17 02 11 10 | 05
#0188-d191 @A: 20 29 11 14 | 06
#0189-d191 @A: 28 11 30 24 | 03
#0190-d191 @A: 20 19 25 11 | 09
#0191-d191 @A: 11 21 10 18 | 10
#0192-d191 @A: 19 05 18 11 | 04
#0193-d191 @A: 32 11 19 26 | 02
#0194-d191 @A: 20 11 31 21 | 08
#0195-d191 @A: 02 12 03 04 | 11
#0196-d191 @A: 04 05 02 24 | 01
#0197-d191 @A: 35 06 02 18 | 07
#0198-d191 @A: 16 19 24 02 | 12
#0199-d191 @A: 16 08 34 02 | 05
#0200-d191 @A: 31 34 25 02 | 06
#0201-d191 @A: 25 17 02 21 | 03
#0202-d191 @A: 31 02 12 20 | 09
#0203-d191 @A: 02 21 10 27 | 10
#0204-d191 @A: 03 19 30 04 | 04
#0205-d191 @A: 25 04 07 03 | 02
#0206-d191 @A: 27 04 20 30 | 08
#0207-d191 @A: 04 07 17 24 | 11
#0208-d191 @A: 04 10 32 28 | 01
#0209-d191 @A: 26 04 05 28 | 07
#0210-d191 @A: 04 13 17 34 | 12
#0211-d191 @A: 20 07 13 04 | 05
#0212-d191 @A: 21 04 05 27 | 06
#0213-d191 @A: 14 21 35 24 | 03
#0214-d191 @A: 32 35 14 05 | 09
#0215-d191 @A: 14 30 24 34 | 10
#0216-d191 @A: 21 10 14 16 | 04
#0217-d191 @A: 26 14 28 10 | 02
#0218-d191 @A: 20 27 26 14 | 08
#0219-d191 @A: 21 34 14 17 | 11
#0220-d191 @A: 14 27 05 34 | 01
#0221-d191 @A: 03 26 35 29 | 07
#0222-d191 @A: 03 24 19 35 | 12
#0223-d191 @A: 07 03 35 18 | 05
#0224-d191 @A: 03 27 17 35 | 06
#0225-d191 @A: 17 35 25 06 | 03
#0226-d191 @A: 32 35 07 17 | 09
#0227-d191 @A: 35 08 07 19 | 10
#0228-d191 @A: 16 29 31 03 | 04
#0229-d191 @A: 06 03 34 05 | 02
#0230-d191 @A: 03 05 07 20 | 08
#0231-d191 @A: 26 06 16 30 | 11
#0232-d191 @A: 30 18 26 25 | 01
#0233-d191 @A: 06 29 30 21 | 07
#0234-d191 @A: 32 26 30 08 | 12
#0235-d191 @A: 12 34 05 30 | 05
#0236-d191 @A: 21 30 31 05 | 06
#0237-d191 @A: 05 32 08 16 | 03
#0238-d191 @A: 16 08 12 26 | 09
#0239-d191 @A: 31 07 08 16 | 10
#0240-d191 @A: 29 27 25 12 | 04
#0241-d191 @A: 27 13 17 06 | 02
#0242-d191 @A: 21 12 34 06 | 08
#0243-d191 @A: 27 20 06 05 | 11
#0244-d191 @A: 10 32 13 29 | 01
#0245-d191 @A: 29 10 07 31 | 07
#0246-d191 @A: 21 17 07 05 | 12
#0247-d191 @A: 01 23 04 09 | 05
#0248-d191 @A: 09 01 21 14 | 06
#0249-d191 @A: 35 09 22 28 | 03
#0250-d191 @A: 17 09 21 22 | 09
#0251-d191 @A: 32 09 35 15 | 10
#0252-d191 @A: 24 09 15 28 | 04
#0253-d191 @A: 11 23 06 09 | 02
#0254-d191 @A: 09 11 31 16 | 08
#0255-d191 @A: 28 09 04 02 | 11
#0256-d191 @A: 02 09 32 16 | 01
#0257-d191 @A: 25 04 13 09 | 07
#0258-d191 @A: 14 09 30 26 | 12
#0259-d191 @A: 24 08 09 14 | 05
#0260-d191 @A: 09 16 21 35 | 06
#0261-d191 @A: 10 03 09 30 | 03
#0262-d191 @A: 16 28 29 09 | 09
#0263-d191 @A: 09 27 06 08 | 10
#0264-d191 @A: 07 18 12 09 | 04
#0265-d191 @A: 13 09 19 20 | 02
#0266-d191 @A: 01 15 33 32 | 08
#0267-d191 @A: 29 33 01 10 | 11
#0268-d191 @A: 17 33 07 01 | 01
#0269-d191 @A: 06 02 22 01 | 07
#0270-d191 @A: 19 01 04 15 | 12
#0271-d191 @A: 01 15 14 08 | 05
#0272-d191 @A: 01 35 34 15 | 06
#0273-d191 @A: 23 01 32 06 | 03
#0274-d191 @A: 01 02 07 16 | 09
#0275-d191 @A: 26 17 35 01 | 10
#0276-d191 @A: 28 03 01 32 | 04
#0277-d191 @A: 30 27 21 01 | 02
#0278-d191 @A: 12 16 01 10 | 08
#0279-d191 @A: 24 01 25 34 | 11
#0280-d191 @A: 31 01 12 18 | 01
#0281-d191 @A: 05 10 01 13 | 07
#0282-d191 @A: 31 27 34 01 | 12
#0283-d191 @A: 15 33 26 25 | 05
#0284-d191 @A: 33 04 32 11 | 06
#0285-d191 @A: 33 13 11 03 | 03
#0286-d191 @A: 33 11 16 08 | 09
#0287-d191 @A: 06 33 19 29 | 10
#0288-d191 @A: 17 29 24 33 | 04
#0289-d191 @A: 33 26 34 19 | 02
#0290-d191 @A: 07 33 05 13 | 08
#0291-d191 @A: 17 33 31 28 | 11
#0292-d191 @A: 33 05 19 27 | 01
#0293-d191 @A: 02 22 15 14 | 07
#0294-d191 @A: 22 35 15 18 | 12
#0295-d191 @A: 13 23 22 11 | 05
#0296-d191 @A: 22 25 26 23 | 06
#0297-d191 @A: 23 22 18 05 | 03
#0298-d191 @A: 30 11 22 12 | 09
#0299-d191 @A: 03 02 07 22 | 10
#0300-d191 @A: 14 04 22 18 | 04
#0301-d191 @A: 04 22 31 03 | 02
#0302-d191 @A: 24 14 26 22 | 08
#0303-d191 @A: 28 08 22 30 | 11
#0304-d191 @A: 18 25 07 22 | 01
#0305-d191 @A: 34 13 24 22 | 07
#0306-d191 @A: 07 12 22 13 | 12
#0307-d191 @A: 22 28 20 27 | 05
#0308-d191 @A: 03 15 17 23 | 06
#0309-d191 @A: 30 15 07 23 | 03
#0310-d191 @A: 02 15 08 11 | 09
#0311-d191 @A: 11 29 05 15 | 10
#0312-d191 @A: 13 04 15 02 | 04
#0313-d191 @A: 16 15 02 12 | 02
#0314-d191 @A: 21 30 04 15 | 08
#0315-d191 @A: 16 15 14 05 | 11
#0316-d191 @A: 16 14 17 15 | 01
#0317-d191 @A: 20 21 14 15 | 07
#0318-d191 @A: 35 15 21 03 | 12
#0319-d191 @A: 15 03 30 12 | 05
#0320-d191 @A: 03 15 08 05 | 06
#0321-d191 @A: 34 19 15 24 | 03
#0322-d191 @A: 26 19 15 18 | 09
#0323-d191 @A: 32 28 34 15 | 10
#0324-d191 @A: 10 07 32 15 | 04
#0325-d191 @A: 26 34 15 05 | 02
#0326-d191 @A: 34 21 31 15 | 08
#0327-d191 @A: 15 10 19 28 | 11
#0328-d191 @A: 27 11 23 24 | 01
#0329-d191 @A: 25 13 23 02 | 07
#0330-d191 @A: 04 19 29 23 | 12
#0331-d191 @A: 23 05 10 04 | 05
#0332-d191 @A: 16 20 23 03 | 06
#0333-d191 @A: 16 24 10 23 | 03
#0334-d191 @A: 26 06 34 23 | 09
#0335-d191 @A: 17 24 23 31 | 10
#0336-d191 @A: 26 17 23 20 | 04
#0337-d191 @A: 12 11 06 02 | 02
#0338-d191 @A: 13 11 20 02 | 08
#0339-d191 @A: 11 25 34 14 | 11
#0340-d191 @A: 11 08 10 35 | 01
#0341-d191 @A: 12 20 11 03 | 07
#0342-d191 @A: 14 26 02 35 | 12
#0343-d191 @A: 03 16 02 26 | 05
#0344-d191 @A: 30 28 18 02 | 06
#0345-d191 @A: 02 06 29 13 | 03
#0346-d191 @A: 05 06 02 32 | 09
#0347-d191 @A: 02 29 07 12 | 10
#0348-d191 @A: 02 12 32 18 | 04
#0349-d191 @A: 32 19 28 02 | 02
#0350-d191 @A: 07 17 02 26 | 08
#0351-d191 @A: 19 02 10 31 | 11
#0352-d191 @A: 14 04 06 10 | 01
#0353-d191 @A: 16 30 04 12 | 07
#0354-d191 @A: 16 04 10 13 | 12
#0355-d191 @A: 28 27 07 04 | 05
#0356-d191 @A: 29 17 35 14 | 06
#0357-d191 @A: 30 13 14 32 | 03
#0358-d191 @A: 17 30 35 08 | 09
#0359-d191 @A: 24 25 35 31 | 10
#0360-d191 @A: 29 28 10 35 | 04
#0361-d191 @A: 26 21 20 35 | 02
#0362-d191 @A: 10 35 27 13 | 08
#0363-d191 @A: 34 35 21 05 | 11
#0364-d191 @A: 30 25 34 03 | 01
#0365-d191 @A: 03 12 06 26 | 07
#0366-d191 @A: 28 24 10 03 | 12
#0367-d191 @A: 21 03 18 31 | 05
#0368-d191 @A: 28 08 03 31 | 06
#0369-d191 @A: 03 31 21 17 | 03
#0370-d191 @A: 21 27 03 07 | 09
#0371-d191 @A: 07 06 30 24 | 10
#0372-d191 @A: 17 24 06 30 | 04
#0373-d191 @A: 30 18 19 32 | 02
#0374-d191 @A: 32 28 12 30 | 08
#0375-d191 @A: 31 19 16 21 | 11
#0376-d191 @A: 20 16 31 05 | 01
#0377-d191 @A: 16 05 07 12 | 07
#0378-d191 @A: 25 32 07 20 | 12
#0379-d191 @A: 31 12 25 08 | 05
#0380-d191 @A: 20 32 27 29 | 06
#0381-d191 @A: 29 08 20 34 | 03
#0382-d191 @A: 29 20 12 21 | 09
#0383-d191 @A: 26 24 27 28 | 10
#0384-d191 @A: 17 20 13 24 | 04
#0385-d191 @A: 19 24 28 20 | 02
#0386-d191 @A: 07 27 18 17 | 08
#0387-d191 @A: 33 13 09 23 | 11
#0388-d191 @A: 26 09 33 03 | 01
#0389-d191 @A: 10 09 22 15 | 07
#0390-d191 @A: 09 20 04 15 | 12
#0391-d191 @A: 18 15 09 30 | 05
#0392-d191 @A: 02 34 30 09 | 06
#0393-d191 @A: 06 21 02 09 | 03
#0394-d191 @A: 06 32 25 09 | 09
#0395-d191 @A: 07 25 09 31 | 10
#0396-d191 @A: 18 29 09 20 | 04
#0397-d191 @A: 32 09 27 13 | 02
#0398-d191 @A: 08 12 09 13 | 08
#0399-d191 @A: 20 12 27 09 | 11
#0400-d191 @A: 09 05 10 07 | 01
#0401-d191 @A: 09 20 10 17 | 07
#0402-d191 @A: 23 28 01 15 | 12
#0403-d191 @A: 23 01 08 11 | 05
#0404-d191 @A: 12 23 01 34 | 06
#0405-d191 @A: 11 01 21 34 | 03
#0406-d191 @A: 02 01 04 08 | 09
#0407-d191 @A: 02 34 01 10 | 10
#0408-d191 @A: 20 05 01 04 | 04
#0409-d191 @A: 14 35 07 01 | 02
#0410-d191 @A: 03 26 14 01 | 08
#0411-d191 @A: 01 30 14 28 | 11
#0412-d191 @A: 01 20 35 16 | 01
#0413-d191 @A: 01 08 35 29 | 07
#0414-d191 @A: 24 30 10 01 | 12
#0415-d191 @A: 01 31 21 32 | 05
#0416-d191 @A: 01 27 32 12 | 06
#0417-d191 @A: 31 05 26 01 | 03
#0418-d191 @A: 22 02 33 12 | 09
#0419-d191 @A: 04 22 33 28 | 10
#0420-d191 @A: 34 15 02 33 | 04
#0421-d191 @A: 33 35 20 15 | 02
#0422-d191 @A: 33 02 35 19 | 08
#0423-d191 @A: 03 33 02 06 | 11
#0424-d191 @A: 33 07 04 06 | 01
#0425-d191 @A: 29 12 33 03 | 07
#0426-d191 @A: 10 33 18 30 | 12
#0427-d191 @A: 32 26 33 28 | 05
#0428-d191 @A: 08 33 10 13 | 06
#0429-d191 @A: 33 17 21 10 | 03
#0430-d191 @A: 26 15 22 11 | 09
#0431-d191 @A: 23 32 03 22 | 10
#0432-d191 @A: 29 12 22 23 | 04
#0433-d191 @A: 11 04 22 02 | 02
#0434-d191 @A: 16 14 22 13 | 08
#0435-d191 @A: 14 22 29 34 | 11
#0436-d191 @A: 32 29 22 35 | 01
#0437-d191 @A: 22 35 07 24 | 07
#0438-d191 @A: 22 03 26 30 | 12
#0439-d191 @A: 06 22 27 30 | 05
#0440-d191 @A: 22 10 21 30 | 06
#0441-d191 @A: 29 16 22 26 | 03
#0442-d191 @A: 32 07 16 22 | 09
#0443-d191 @A: 22 29 31 25 | 10
#0444-d191 @A: 29 22 05 06 | 04
#0445-d191 @A: 08 22 06 07 | 02
#0446-d191 @A: 32 13 17 22 | 08
#0447-d191 @A: 31 22 27 21 | 11
#0448-d191 @A: 19 31 28 22 | 01
#0449-d191 @A: 10 12 22 28 | 07
#0450-d191 @A: 05 17 12 22 | 12
#0451-d191 @A: 34 23 15 04 | 05
#0452-d191 @A: 15 16 27 23 | 06
#0453-d191 @A: 24 23 05 15 | 03
#0454-d191 @A: 35 26 15 24 | 09
#0455-d191 @A: 29 15 28 30 | 10
#0456-d191 @A: 12 06 24 15 | 04
#0457-d191 @A: 20 07 15 31 | 02
#0458-d191 @A: 14 08 23 03 | 08
#0459-d191 @A: 14 20 23 30 | 11
#0460-d191 @A: 03 12 24 23 | 01
#0461-d191 @A: 34 23 16 30 | 07
#0462-d191 @A: 23 29 13 16 | 12
#0463-d191 @A: 18 23 25 34 | 05
#0464-d191 @A: 19 25 32 23 | 06
#0465-d191 @A: 08 23 18 26 | 03
#0466-d191 @A: 23 05 28 34 | 09
#0467-d191 @A: 23 08 12 27 | 10
#0468-d191 @A: 05 11 04 34 | 04
#0469-d191 @A: 11 24 13 14 | 02
#0470-d191 @A: 34 35 17 11 | 08
#0471-d191 @A: 16 21 11 03 | 11
#0472-d191 @A: 10 11 29 03 | 01
#0473-d191 @A: 13 28 11 16 | 07
#0474-d191 @A: 11 28 32 18 | 12
#0475-d191 @A: 20 08 18 11 | 05
#0476-d191 @A: 10 11 13 26 | 06
#0477-d191 @A: 11 26 31 28 | 03
#0478-d191 @A: 21 11 07 26 | 09
#0479-d191 @A: 31 19 34 11 | 10
#0480-d191 @A: 11 10 19 07 | 04
#0481-d191 @A: 06 04 19 02 | 02
#0482-d191 @A: 02 05 14 10 | 08
#0483-d191 @A: 25 28 02 03 | 11
#0484-d191 @A: 29 30 24 02 | 01
#0485-d191 @A: 30 29 02 17 | 07
#0486-d191 @A: 19 02 18 21 | 12
#0487-d191 @A: 32 26 27 02 | 05
#0488-d191 @A: 32 02 08 07 | 06
#0489-d191 @A: 13 26 02 19 | 03
#0490-d191 @A: 02 28 13 10 | 09
#0491-d191 @A: 32 04 24 14 | 10
#0492-d191 @A: 07 05 04 35 | 04
#0493-d191 @A: 25 04 29 32 | 02
#0494-d191 @A: 04 21 26 13 | 08
#0495-d191 @A: 34 04 31 10 | 11
#0496-d191 @A: 14 21 03 30 | 01
#0497-d191 @A: 31 14 16 24 | 07
#0498-d191 @A: 25 32 14 31 | 12
#0499-d191 @A: 34 14 10 32 | 05
#0500-d191 @A: 32 19 14 21 | 06
#0501-d191 @A: 14 28 08 34 | 03
#0502-d191 @A: 10 14 07 08 | 09
#0503-d191 @A: 35 24 13 30 | 10
#0504-d191 @A: 35 07 30 21 | 04
#0505-d191 @A: 35 32 20 13 | 02
#0506-d191 @A: 26 13 35 08 | 08
#0507-d191 @A: 26 28 35 07 | 11
#0508-d191 @A: 08 03 30 07 | 01
#0509-d191 @A: 27 03 06 29 | 07
#0510-d191 @A: 24 13 03 06 | 12
#0511-d191 @A: 17 29 26 03 | 05
#0512-d191 @A: 26 08 03 27 | 06
#0513-d191 @A: 13 10 03 12 | 03
#0514-d191 @A: 29 10 30 16 | 09
#0515-d191 @A: 25 24 12 30 | 10
#0516-d191 @A: 19 30 24 05 | 04
#0517-d191 @A: 32 20 30 34 | 02
#0518-d191 @A: 30 13 26 12 | 08
#0519-d191 @A: 34 30 13 07 | 11
#0520-d191 @A: 30 34 10 28 | 01
#0521-d191 @A: 24 16 29 25 | 07
#0522-d191 @A: 10 08 27 16 | 12
#0523-d191 @A: 28 10 05 16 | 05
#0524-d191 @A: 10 19 16 20 | 06
#0525-d191 @A: 13 21 25 31 | 03
#0526-d191 @A: 05 13 25 12 | 09
#0527-d191 @A: 25 21 34 08 | 10
#0528-d191 @A: 25 34 17 07 | 04
#0529-d191 @A: 12 19 25 07 | 02
#0530-d191 @A: 26 06 32 10 | 08
#0531-d191 @A: 06 27 28 13 | 11
#0532-d191 @A: 19 31 06 27 | 01
#0533-d191 @A: 08 06 28 10 | 07
#0534-d191 @A: 20 19 29 26 | 12
#0535-d191 @A: 28 29 05 31 | 05
#0536-d191 @A: 26 20 24 32 | 06
#0537-d191 @A: 32 21 17 24 | 03
#0538-d191 @A: 05 27 17 26 | 09
#0539-d191 @A: 34 19 17 28 | 10
#0540-d191 @A: 09 05 15 01 | 04
#0541-d191 @A: 29 01 27 09 | 02
#0542-d191 @A: 24 33 19 09 | 08
#0543-d191 @A: 11 22 09 21 | 11
#0544-d191 @A: 09 22 26 02 | 01
#0545-d191 @A: 25 12 09 22 | 07
#0546-d191 @A: 23 09 08 15 | 12
#0547-d191 @A: 26 09 15 29 | 05
#0548-d191 @A: 09 23 07 02 | 06
#0549-d191 @A: 25 23 27 09 | 03
#0550-d191 @A: 21 09 23 29 | 09
#0551-d191 @A: 23 24 20 09 | 10
#0552-d191 @A: 09 26 11 12 | 04
#0553-d191 @A: 09 02 35 08 | 02
#0554-d191 @A: 04 29 09 24 | 08
#0555-d191 @A: 09 12 04 17 | 11
#0556-d191 @A: 25 14 35 09 | 01
#0557-d191 @A: 25 05 09 03 | 07
#0558-d191 @A: 09 34 08 03 | 12
#0559-d191 @A: 09 31 29 30 | 05
#0560-d191 @A: 30 07 28 09 | 06
#0561-d191 @A: 29 25 09 34 | 03
#0562-d191 @A: 06 26 24 09 | 09
#0563-d191 @A: 13 10 34 09 | 10
#0564-d191 @A: 01 33 23 21 | 04
#0565-d191 @A: 33 28 06 01 | 02
#0566-d191 @A: 22 23 30 01 | 08
#0567-d191 @A: 22 01 11 10 | 11
#0568-d191 @A: 16 28 01 22 | 01
#0569-d191 @A: 01 15 11 31 | 07
#0570-d191 @A: 17 01 29 23 | 12
#0571-d191 @A: 27 25 01 11 | 05
#0572-d191 @A: 07 20 01 11 | 06
#0573-d191 @A: 02 19 01 14 | 03
#0574-d191 @A: 30 01 31 04 | 09
#0575-d191 @A: 16 03 08 01 | 10
#0576-d191 @A: 01 24 03 29 | 04
#0577-d191 @A: 12 01 17 30 | 02
#0578-d191 @A: 20 29 25 01 | 08
#0579-d191 @A: 01 26 27 06 | 11
#0580-d191 @A: 01 05 07 06 | 01
#0581-d191 @A: 32 13 01 26 | 07
#0582-d191 @A: 13 28 07 01 | 12
#0583-d191 @A: 33 23 07 22 | 05
#0584-d191 @A: 24 13 15 33 | 06
#0585-d191 @A: 12 33 08 15 | 03
#0586-d191 @A: 23 11 33 26 | 09
#0587-d191 @A: 12 25 11 33 | 10
#0588-d191 @A: 33 19 16 04 | 04
#0589-d191 @A: 21 25 04 33 | 02
#0590-d191 @A: 35 13 14 33 | 08
#0591-d191 @A: 28 34 25 33 | 11
#0592-d191 @A: 31 33 26 08 | 01
#0593-d191 @A: 33 12 05 10 | 07
#0594-d191 @A: 10 33 19 21 | 12
#0595-d191 @A: 24 22 08 15 | 05
#0596-d191 @A: 22 15 12 32 | 06
#0597-d191 @A: 17 22 30 18 | 03
#0598-d191 @A: 26 22 27 34 | 09
#0599-d191 @A: 26 10 22 08 | 10
#0600-d191 @A: 10 22 07 27 | 04
#0601-d191 @A: 10 27 17 22 | 02
#0602-d191 @A: 14 15 23 26 | 08
#0603-d191 @A: 02 15 13 17 | 11
#0604-d191 @A: 28 04 15 06 | 01
#0605-d191 @A: 10 03 15 14 | 07
#0606-d191 @A: 15 03 31 26 | 12
#0607-d191 @A: 10 31 16 15 | 05
#0608-d191 @A: 28 16 15 20 | 06
#0609-d191 @A: 25 15 31 28 | 03
#0610-d191 @A: 17 34 24 15 | 09
#0611-d191 @A: 02 28 23 14 | 10
#0612-d191 @A: 08 04 23 25 | 04
#0613-d191 @A: 04 23 27 32 | 02
#0614-d191 @A: 23 21 25 16 | 08
#0615-d191 @A: 18 10 20 23 | 11
#0616-d191 @A: 12 32 13 23 | 01
#0617-d191 @A: 08 05 23 07 | 07
#0618-d191 @A: 29 04 11 26 | 12
#0619-d191 @A: 31 11 25 03 | 05
#0620-d191 @A: 06 16 27 11 | 06
#0621-d191 @A: 16 17 20 11 | 03
#0622-d191 @A: 24 25 21 11 | 09
#0623-d191 @A: 11 06 29 31 | 10
#0624-d191 @A: 07 27 18 11 | 04
#0625-d191 @A: 11 27 21 32 | 02
#0626-d191 @A: 34 20 26 11 | 08
#0627-d191 @A: 11 12 08 19 | 11
#0628-d191 @A: 11 12 27 17 | 01
#0629-d191 @A: 03 02 35 13 | 07
#0630-d191 @A: 02 29 34 03 | 12
#0631-d191 @A: 06 16 20 02 | 05
#0632-d191 @A: 02 28 05 08 | 06
#0633-d191 @A: 04 14 03 27 | 03
#0634-d191 @A: 04 25 26 14 | 09
#0635-d191 @A: 17 04 06 03 | 10
#0636-d191 @A: 12 31 26 04 | 04
#0637-d191 @A: 28 34 13 04 | 02
#0638-d191 @A: 19 04 08 28 | 08
#0639-d191 @A: 10 04 12 27 | 11
#0640-d191 @A: 03 06 14 32 | 01
#0641-d191 @A: 29 16 08 14 | 07
#0642-d191 @A: 28 14 06 29 | 12
#0643-d191 @A: 06 08 14 19 | 05
#0644-d191 @A: 12 18 05 14 | 06
#0645-d191 @A: 26 08 14 21 | 03
#0646-d191 @A: 27 21 14 28 | 09
#0647-d191 @A: 16 35 27 30 | 10
#0648-d191 @A: 30 08 35 25 | 04
#0649-d191 @A: 17 31 35 34 | 02
#0650-d191 @A: 35 34 19 28 | 08
#0651-d191 @A: 27 35 34 20 | 11
#0652-d191 @A: 16 12 03 25 | 01
#0653-d191 @A: 18 03 12 34 | 07
#0654-d191 @A: 10 03 27 18 | 12
#0655-d191 @A: 32 34 03 26 | 05
#0656-d191 @A: 32 03 13 07 | 06
#0657-d191 @A: 03 34 17 32 | 03
#0658-d191 @A: 05 32 03 27 | 09
#0659-d191 @A: 21 34 03 13 | 10
#0660-d191 @A: 31 03 13 19 | 04
#0661-d191 @A: 16 20 30 07 | 02
#0662-d191 @A: 21 30 18 12 | 08
#0663-d191 @A: 20 26 30 28 | 11
#0664-d191 @A: 30 13 05 28 | 01
#0665-d191 @A: 07 12 30 27 | 07
#0666-d191 @A: 30 20 27 17 | 12
#0667-d191 @A: 25 16 17 08 | 05
#0668-d191 @A: 12 28 06 16 | 06
#0669-d191 @A: 05 16 19 29 | 03
#0670-d191 @A: 16 20 18 26 | 09
#0671-d191 @A: 16 17 32 31 | 10
#0672-d191 @A: 12 16 19 34 | 04
#0673-d191 @A: 27 16 34 07 | 02
#0674-d191 @A: 18 25 32 13 | 08
#0675-d191 @A: 26 13 34 25 | 11
#0676-d191 @A: 27 07 26 25 | 01
#0677-d191 @A: 20 10 34 25 | 07
#0678-d191 @A: 25 20 31 27 | 12
#0679-d191 @A: 26 20 06 07 | 05
#0680-d191 @A: 05 13 08 06 | 06
#0681-d191 @A: 24 29 18 21 | 03
#0682-d191 @A: 29 31 20 24 | 09
#0683-d191 @A: 21 29 10 26 | 10
#0684-d191 @A: 21 29 19 08 | 04
#0685-d191 @A: 17 29 19 27 | 02
#0686-d191 @A: 24 05 18 10 | 08
#0687-d191 @A: 24 32 13 05 | 11
#0688-d191 @A: 32 10 19 24 | 01
#0689-d191 @A: 33 09 01 20 | 07
#0690-d191 @A: 09 26 10 01 | 12
#0691-d191 @A: 27 33 17 09 | 05
#0692-d191 @A: 03 09 11 28 | 06
#0693-d191 @A: 09 29 11 19 | 03
#0694-d191 @A: 09 13 02 24 | 09
#0695-d191 @A: 14 27 09 16 | 10
#0696-d191 @A: 17 29 25 09 | 04
#0697-d191 @A: 12 29 06 09 | 02
#0698-d191 @A: 08 31 18 09 | 08
#0699-d191 @A: 18 27 09 05 | 11
#0700-d191 @A: 19 05 09 08 | 01
#0701-d191 @A: 33 01 30 34 | 07
#0702-d191 @A: 20 01 24 22 | 12
#0703-d191 @A: 01 15 26 16 | 05
#0704-d191 @A: 01 35 23 10 | 06
#0705-d191 @A: 02 01 11 28 | 03
#0706-d191 @A: 11 01 29 13 | 09
#0707-d191 @A: 03 02 17 01 | 10
#0708-d191 @A: 01 04 18 24 | 04
#0709-d191 @A: 31 01 14 29 | 02
#0710-d191 @A: 20 14 13 01 | 08
#0711-d191 @A: 12 05 03 01 | 11
#0712-d191 @A: 30 07 01 29 | 01
#0713-d191 @A: 01 29 21 16 | 07
#0714-d191 @A: 01 18 10 19 | 12
#0715-d191 @A: 03 28 15 33 | 05
#0716-d191 @A: 23 03 30 33 | 06
#0717-d191 @A: 33 23 20 25 | 03
#0718-d191 @A: 27 33 29 23 | 09
#0719-d191 @A: 29 33 11 28 | 10
#0720-d191 @A: 33 04 30 13 | 04
#0721-d191 @A: 33 30 28 31 | 02
#0722-d191 @A: 24 33 17 16 | 08
#0723-d191 @A: 18 33 12 16 | 11
#0724-d191 @A: 32 33 20 12 | 01
#0725-d191 @A: 33 13 08 17 | 07
#0726-d191 @A: 15 07 22 04 | 12
#0727-d191 @A: 34 30 22 15 | 05
#0728-d191 @A: 15 22 28 05 | 06
#0729-d191 @A: 22 16 08 23 | 03
#0730-d191 @A: 10 22 06 23 | 09
#0731-d191 @A: 27 11 22 03 | 10
#0732-d191 @A: 02 22 30 13 | 04
#0733-d191 @A: 22 27 02 25 | 02
#0734-d191 @A: 13 17 03 22 | 08
#0735-d191 @A: 22 30 31 32 | 11
#0736-d191 @A: 18 20 22 19 | 01
#0737-d191 @A: 22 32 10 05 | 07
#0738-d191 @A: 22 12 26 19 | 12
#0739-d191 @A: 08 31 22 13 | 05
#0740-d191 @A: 22 34 07 19 | 06
#0741-d191 @A: 34 22 20 05 | 03
#0742-d191 @A: 22 28 08 17 | 09
#0743-d191 @A: 19 08 22 27 | 10
#0744-d191 @A: 21 15 23 02 | 04
#0745-d191 @A: 31 06 02 15 | 02
#0746-d191 @A: 02 24 07 15 | 08
#0747-d191 @A: 15 05 02 20 | 11
#0748-d191 @A: 15 14 25 27 | 01
#0749-d191 @A: 35 06 15 27 | 07
#0750-d191 @A: 28 13 21 15 | 12
#0751-d191 @A: 15 12 27 34 | 05
#0752-d191 @A: 19 27 15 21 | 06
#0753-d191 @A: 07 27 05 15 | 03
#0754-d191 @A: 02 23 11 32 | 09
#0755-d191 @A: 03 23 11 35 | 10
#0756-d191 @A: 21 23 11 30 | 04
#0757-d191 @A: 07 16 11 23 | 02
#0758-d191 @A: 11 34 29 23 | 08
#0759-d191 @A: 12 02 23 35 | 11
#0760-d191 @A: 23 16 31 02 | 01
#0761-d191 @A: 02 34 24 23 | 07
#0762-d191 @A: 23 19 24 14 | 12
#0763-d191 @A: 03 23 27 34 | 05
#0764-d191 @A: 23 29 08 31 | 06
#0765-d191 @A: 23 21 18 28 | 03
#0766-d191 @A: 10 08 32 23 | 09
#0767-d191 @A: 13 26 20 23 | 10
#0768-d191 @A: 23 26 21 12 | 04
#0769-d191 @A: 21 23 13 27 | 02
#0770-d191 @A: 28 23 31 10 | 08
#0771-d191 @A: 23 20 12 05 | 11
#0772-d191 @A: 23 28 07 17 | 01
#0773-d191 @A: 16 11 02 10 | 07
#0774-d191 @A: 11 30 10 04 | 12
#0775-d191 @A: 25 04 18 11 | 05
#0776-d191 @A: 03 14 11 07 | 06
#0777-d191 @A: 06 11 14 26 | 03
#0778-d191 @A: 16 26 11 25 | 09
#0779-d191 @A: 11 16 29 12 | 10
#0780-d191 @A: 06 28 11 34 | 04
#0781-d191 @A: 32 29 11 08 | 02
#0782-d191 @A: 11 05 32 20 | 08
#0783-d191 @A: 02 30 07 04 | 11
#0784-d191 @A: 02 03 31 14 | 01
#0785-d191 @A: 02 35 21 25 | 07
#0786-d191 @A: 02 29 16 27 | 12
#0787-d191 @A: 32 17 02 06 | 05
#0788-d191 @A: 02 19 20 08 | 06
#0789-d191 @A: 05 21 07 02 | 03
#0790-d191 @A: 04 19 20 14 | 09
#0791-d191 @A: 06 04 29 18 | 10
#0792-d191 @A: 31 04 21 29 | 04
#0793-d191 @A: 12 19 04 18 | 02
#0794-d191 @A: 26 04 32 17 | 08
#0795-d191 @A: 05 12 04 32 | 11
#0796-d191 @A: 32 07 14 28 | 01
#0797-d191 @A: 14 17 28 20 | 07
#0798-d191 @A: 24 35 06 05 | 12
#0799-d191 @A: 06 32 35 12 | 05
#0800-d191 @A: 28 32 21 35 | 06
#0801-d191 @A: 28 35 13 12 | 03
#0802-d191 @A: 30 07 17 03 | 09
#0803-d191 @A: 19 34 03 10 | 10
#0804-d191 @A: 10 31 05 03 | 04
#0805-d191 @A: 25 20 30 06 | 02
#0806-d191 @A: 30 19 29 34 | 08
#0807-d191 @A: 28 05 17 30 | 11
#0808-d191 @A: 16 32 29 06 | 01
#0809-d191 @A: 18 05 16 21 | 07
#0810-d191 @A: 13 24 25 27 | 12
#0811-d191 @A: 34 32 25 12 | 05
#0812-d191 @A: 05 28 25 32 | 06
#0813-d191 @A: 12 28 25 26 | 03
#0814-d191 @A: 21 06 32 18 | 09
#0815-d191 @A: 17 08 05 06 | 10
#0816-d191 @A: 18 19 29 31 | 04
#0817-d191 @A: 18 29 12 10 | 02
#0818-d191 @A: 31 29 26 27 | 08
#0819-d191 @A: 29 21 07 13 | 11
#0820-d191 @A: 28 07 20 29 | 01
#0821-d191 @A: 29 10 27 19 | 07
#0822-d191 @A: 18 24 34 28 | 12
#0823-d191 @A: 32 12 24 31 | 05
#0824-d191 @A: 24 08 26 34 | 06
#0825-d191 @A: 10 13 24 07 | 03
#0826-d191 @A: 01 32 11 09 | 09
#0827-d191 @A: 09 07 01 24 | 10
#0828-d191 @A: 08 09 29 33 | 04
#0829-d191 @A: 09 20 22 14 | 02
#0830-d191 @A: 14 09 19 15 | 08
#0831-d191 @A: 15 13 09 16 | 11
#0832-d191 @A: 09 28 26 23 | 01
#0833-d191 @A: 09 27 34 11 | 07
#0834-d191 @A: 04 09 21 18 | 12
#0835-d191 @A: 19 07 09 04 | 05
#0836-d191 @A: 29 03 32 09 | 06
#0837-d191 @A: 08 30 09 16 | 03
#0838-d191 @A: 24 12 16 09 | 09
#0839-d191 @A: 17 09 28 06 | 10
#0840-d191 @A: 32 20 09 21 | 04
#0841-d191 @A: 34 09 21 07 | 02
#0842-d191 @A: 20 10 31 09 | 08
#0843-d191 @A: 33 04 26 01 | 11
#0844-d191 @A: 34 01 03 22 | 01
#0845-d191 @A: 01 15 10 06 | 07
#0846-d191 @A: 01 26 02 29 | 12
#0847-d191 @A: 35 21 13 01 | 05
#0848-d191 @A: 30 01 18 03 | 06
#0849-d191 @A: 26 25 21 01 | 03
#0850-d191 @A: 29 01 18 32 | 09
#0851-d191 @A: 32 01 34 07 | 10
#0852-d191 @A: 34 08 01 13 | 04
#0853-d191 @A: 01 20 08 27 | 02
#0854-d191 @A: 30 33 22 19 | 08
#0855-d191 @A: 33 22 29 24 | 11
#0856-d191 @A: 30 15 33 14 | 01
#0857-d191 @A: 17 23 02 33 | 07
#0858-d191 @A: 33 23 04 12 | 12
#0859-d191 @A: 33 23 35 28 | 05
#0860-d191 @A: 02 04 27 33 | 06
#0861-d191 @A: 02 08 33 18 | 03
#0862-d191 @A: 10 33 32 02 | 09
#0863-d191 @A: 06 14 33 20 | 10
#0864-d191 @A: 10 33 14 24 | 04
#0865-d191 @A: 33 32 25 03 | 02
#0866-d191 @A: 05 17 03 33 | 08
#0867-d191 @A: 32 33 24 06 | 11
#0868-d191 @A: 07 33 26 24 | 01
#0869-d191 @A: 19 08 32 33 | 07
#0870-d191 @A: 10 26 20 33 | 12
#0871-d191 @A: 33 27 07 31 | 05
#0872-d191 @A: 21 08 33 07 | 06
#0873-d191 @A: 28 33 27 08 | 03
#0874-d191 @A: 15 22 29 21 | 09
#0875-d191 @A: 28 22 24 23 | 10
#0876-d191 @A: 16 22 34 11 | 04
#0877-d191 @A: 12 04 22 24 | 02
#0878-d191 @A: 22 04 05 08 | 08
#0879-d191 @A: 22 06 12 14 | 11
#0880-d191 @A: 06 31 16 22 | 01
#0881-d191 @A: 28 22 25 06 | 07
#0882-d191 @A: 32 22 08 34 | 12
#0883-d191 @A: 34 12 22 31 | 05
#0884-d191 @A: 15 13 30 11 | 06
#0885-d191 @A: 15 03 02 32 | 03
#0886-d191 @A: 29 27 04 15 | 09
#0887-d191 @A: 30 15 16 19 | 10
#0888-d191 @A: 34 15 25 16 | 04
#0889-d191 @A: 25 19 15 06 | 02
#0890-d191 @A: 10 25 15 29 | 08
#0891-d191 @A: 34 15 29 13 | 11
#0892-d191 @A: 29 12 17 15 | 01
#0893-d191 @A: 13 15 10 18 | 07
#0894-d191 @A: 18 07 15 21 | 12
#0895-d191 @A: 15 08 34 10 | 05
#0896-d191 @A: 30 02 23 08 | 06
#0897-d191 @A: 02 23 06 27 | 03
#0898-d191 @A: 13 23 24 04 | 09
#0899-d191 @A: 29 10 14 23 | 10
#0900-d191 @A: 05 06 30 23 | 04
#0901-d191 @A: 23 31 13 34 | 02
#0902-d191 @A: 31 12 23 19 | 08
#0903-d191 @A: 31 27 23 05 | 11
#0904-d191 @A: 21 07 10 23 | 01
#0905-d191 @A: 27 20 23 19 | 07
#0906-d191 @A: 04 27 19 11 | 12
#0907-d191 @A: 11 35 05 13 | 05
#0908-d191 @A: 03 11 32 24 | 06
#0909-d191 @A: 29 30 11 27 | 03
#0910-d191 @A: 06 13 25 11 | 09
#0911-d191 @A: 13 31 17 11 | 10
#0912-d191 @A: 12 11 34 10 | 04
#0913-d191 @A: 28 08 21 11 | 02
#0914-d191 @A: 02 31 04 35 | 08
#0915-d191 @A: 16 14 02 30 | 11
#0916-d191 @A: 12 14 02 25 | 01
#0917-d191 @A: 02 14 24 20 | 07
#0918-d191 @A: 13 16 02 21 | 12
#0919-d191 @A: 05 02 16 17 | 05
#0920-d191 @A: 24 18 25 02 | 06
#0921-d191 @A: 02 05 26 12 | 03
#0922-d191 @A: 05 30 04 14 | 09
#0923-d191 @A: 20 04 25 35 | 10
#0924-d191 @A: 03 08 13 04 | 04
#0925-d191 @A: 30 28 25 04 | 02
#0926-d191 @A: 30 06 34 04 | 08
#0927-d191 @A: 29 30 08 04 | 11
#0928-d191 @A: 07 04 12 21 | 01
#0929-d191 @A: 13 03 25 14 | 07
#0930-d191 @A: 28 16 14 18 | 12
#0931-d191 @A: 27 14 24 06 | 05
#0932-d191 @A: 29 07 26 14 | 06
#0933-d191 @A: 18 14 34 21 | 03
#0934-d191 @A: 14 12 26 34 | 09
#0935-d191 @A: 13 07 27 14 | 10
#0936-d191 @A: 31 14 28 12 | 04
#0937-d191 @A: 17 19 07 14 | 02
#0938-d191 @A: 06 10 03 35 | 08
#0939-d191 @A: 30 18 29 35 | 11
#0940-d191 @A: 35 16 06 08 | 01
#0941-d191 @A: 17 35 16 12 | 07
#0942-d191 @A: 25 26 32 35 | 12
#0943-d191 @A: 28 35 18 05 | 05
#0944-d191 @A: 35 28 27 31 | 06
#0945-d191 @A: 28 20 35 08 | 03
#0946-d191 @A: 12 19 35 10 | 09
#0947-d191 @A: 06 03 19 07 | 10
#0948-d191 @A: 18 17 20 03 | 04
#0949-d191 @A: 32 20 31 03 | 02
#0950-d191 @A: 20 03 21 19 | 08
#0951-d191 @A: 19 03 28 05 | 11
#0952-d191 @A: 25 30 32 17 | 01
#0953-d191 @A: 07 30 25 10 | 07
#0954-d191 @A: 20 13 30 18 | 12
#0955-d191 @A: 21 08 13 30 | 05
#0956-d191 @A: 10 30 12 31 | 06
#0957-d191 @A: 08 25 28 16 | 03
#0958-d191 @A: 34 16 26 10 | 09
#0959-d191 @A: 21 16 26 28 | 10
#0960-d191 @A: 17 21 27 16 | 04
#0961-d191 @A: 25 26 06 29 | 02
#0962-d191 @A: 18 19 25 28 | 08
#0963-d191 @A: 25 27 08 32 | 11
#0964-d191 @A: 05 25 07 34 | 01
#0965-d191 @A: 07 28 06 18 | 07
#0966-d191 @A: 07 32 27 06 | 12
#0967-d191 @A: 13 06 10 21 | 05
#0968-d191 @A: 20 34 06 17 | 06
#0969-d191 @A: 20 06 19 12 | 03
#0970-d191 @A: 29 08 13 18 | 09
#0971-d191 @A: 31 34 29 32 | 10
#0972-d191 @A: 29 07 19 32 | 04
#0973-d191 @A: 28 17 29 10 | 02
#0974-d191 @A: 34 31 24 05 | 08
#0975-d191 @A: 05 08 24 20 | 11
#0976-d191 @A: 12 17 18 26 | 01
#0977-d191 @A: 05 17 18 31 | 07
#0978-d191 @A: 25 33 18 09 | 12
#0979-d191 @A: 31 09 33 06 | 05
#0980-d191 @A: 22 06 19 09 | 06
#0981-d191 @A: 09 15 25 11 | 03
#0982-d191 @A: 05 09 16 23 | 09
#0983-d191 @A: 13 11 09 07 | 10
#0984-d191 @A: 20 09 02 03 | 04
#0985-d191 @A: 25 19 09 02 | 02
#0986-d191 @A: 09 12 34 04 | 08
#0987-d191 @A: 09 10 18 28 | 11
#0988-d191 @A: 26 09 34 31 | 01
#0989-d191 @A: 28 31 21 09 | 07
#0990-d191 @A: 19 11 33 01 | 12
#0991-d191 @A: 01 12 21 22 | 05
#0992-d191 @A: 01 18 15 02 | 06
#0993-d191 @A: 15 24 21 01 | 03
#0994-d191 @A: 23 07 01 27 | 09
#0995-d191 @A: 04 01 12 25 | 10
#0996-d191 @A: 10 07 04 01 | 04
#0997-d191 @A: 14 05 24 01 | 02
#0998-d191 @A: 35 28 01 24 | 08
#0999-d191 @A: 03 20 01 06 | 11
#1000-d191 @A: 25 13 01 30 | 01
#1001-d191 @A: 25 27 01 17 | 07
#1002-d191 @A: 01 21 06 17 | 12
#1003-d191 @A: 01 18 34 05 | 05
#1004-d191 @A: 26 08 19 01 | 06
#1005-d191 @A: 01 07 19 21 | 03
#1006-d191 @A: 33 23 05 02 | 09
#1007-d191 @A: 34 10 23 33 | 10
#1008-d191 @A: 11 30 07 33 | 04
#1009-d191 @A: 11 24 34 33 | 02
#1010-d191 @A: 17 33 32 11 | 08
#1011-d191 @A: 33 11 27 20 | 11
#1012-d191 @A: 02 33 16 25 | 01
#1013-d191 @A: 29 34 33 04 | 07
#1014-d191 @A: 33 26 35 06 | 12
#1015-d191 @A: 34 33 35 32 | 05
#1016-d191 @A: 25 30 33 27 | 06
#1017-d191 @A: 12 06 33 30 | 03
#1018-d191 @A: 24 25 33 05 | 09
#1019-d191 @A: 33 27 12 26 | 10
#1020-d191 @A: 33 07 10 28 | 04
#1021-d191 @A: 20 19 33 07 | 02
#1022-d191 @A: 22 25 13 15 | 08
#1023-d191 @A: 25 15 22 17 | 11
#1024-d191 @A: 20 22 15 06 | 01
#1025-d191 @A: 14 22 23 27 | 07
#1026-d191 @A: 34 23 22 17 | 12
#1027-d191 @A: 22 06 11 32 | 05
#1028-d191 @A: 05 02 22 16 | 06
#1029-d191 @A: 14 10 22 19 | 03
#1030-d191 @A: 35 31 22 05 | 09
#1031-d191 @A: 16 03 10 22 | 10
#1032-d191 @A: 22 16 30 25 | 04
#1033-d191 @A: 20 12 16 22 | 02
#1034-d191 @A: 22 27 13 29 | 08
#1035-d191 @A: 22 32 18 27 | 11
#1036-d191 @A: 28 22 32 13 | 01
#1037-d191 @A: 22 12 27 05 | 07
#1038-d191 @A: 23 29 15 32 | 12
#1039-d191 @A: 08 11 15 17 | 05
#1040-d191 @A: 19 02 15 29 | 06
#1041-d191 @A: 29 14 24 15 | 03
#1042-d191 @A: 07 15 34 14 | 09
#1043-d191 @A: 16 06 15 03 | 10
#1044-d191 @A: 15 06 32 30 | 04
#1045-d191 @A: 08 18 15 25 | 02
#1046-d191 @A: 18 32 05 15 | 08
#1047-d191 @A: 11 18 12 23 | 11
#1048-d191 @A: 02 26 04 23 | 01
#1049-d191 @A: 14 07 04 23 | 07
#1050-d191 @A: 35 06 04 23 | 12
#1051-d191 @A: 23 04 18 30 | 05
#1052-d191 @A: 06 14 23 21 | 06
#1053-d191 @A: 14 17 32 23 | 03
#1054-d191 @A: 26 23 03 19 | 09
#1055-d191 @A: 17 16 06 23 | 10
#1056-d191 @A: 23 20 31 06 | 04
#1057-d191 @A: 07 23 34 20 | 02
#1058-d191 @A: 19 21 05 23 | 08
#1059-d191 @A: 06 20 11 04 | 11
#1060-d191 @A: 04 13 11 12 | 01
#1061-d191 @A: 35 12 11 14 | 07
#1062-d191 @A: 11 14 17 30 | 12
#1063-d191 @A: 11 35 30 34 | 05
#1064-d191 @A: 25 11 29 07 | 06
#1065-d191 @A: 05 11 08 26 | 03
#1066-d191 @A: 05 11 31 07 | 09
#1067-d191 @A: 02 14 13 08 | 10
#1068-d191 @A: 30 20 02 35 | 04
#1069-d191 @A: 24 32 02 35 | 02
#1070-d191 @A: 26 34 02 07 | 08
#1071-d191 @A: 34 12 02 13 | 11
#1072-d191 @A: 08 17 27 02 | 01
#1073-d191 @A: 02 28 12 21 | 07
#1074-d191 @A: 27 02 07 19 | 12
#1075-d191 @A: 16 04 14 35 | 05
#1076-d191 @A: 26 04 34 35 | 06
#1077-d191 @A: 29 03 05 04 | 03
#1078-d191 @A: 04 34 24 03 | 09
#1079-d191 @A: 20 32 18 04 | 10
#1080-d191 @A: 31 04 20 08 | 04
#1081-d191 @A: 14 03 20 35 | 02
#1082-d191 @A: 35 14 18 19 | 08
#1083-d191 @A: 25 20 14 08 | 11
#1084-d191 @A: 06 34 35 25 | 01
#1085-d191 @A: 25 35 19 29 | 07
#1086-d191 @A: 24 20 10 35 | 12
#1087-d191 @A: 18 35 26 12 | 05
#1088-d191 @A: 34 13 18 35 | 06
#1089-d191 @A: 08 31 35 32 | 03
#1090-d191 @A: 21 35 31 10 | 09
#1091-d191 @A: 20 35 05 17 | 10
#1092-d191 @A: 03 17 08 24 | 04
#1093-d191 @A: 05 26 21 03 | 02
#1094-d191 @A: 07 12 03 31 | 08
#1095-d191 @A: 30 16 31 13 | 11
#1096-d191 @A: 08 05 18 30 | 01
#1097-d191 @A: 21 26 34 30 | 07
#1098-d191 @A: 20 30 12 08 | 12
#1099-d191 @A: 10 08 30 19 | 05
#1100-d191 @A: 16 24 06 34 | 06
#1101-d191 @A: 32 18 34 16 | 03
#1102-d191 @A: 07 16 18 10 | 09
#1103-d191 @A: 16 26 17 34 | 10
#1104-d191 @A: 05 25 21 20 | 04
#1105-d191 @A: 05 06 18 26 | 02
#1106-d191 @A: 06 31 32 28 | 08
#1107-d191 @A: 17 06 08 26 | 11
#1108-d191 @A: 05 31 12 06 | 01
#1109-d191 @A: 24 12 29 19 | 07
#1110-d191 @A: 32 17 29 18 | 12
#1111-d191 @A: 29 28 26 08 | 05
#1112-d191 @A: 29 28 19 13 | 06
#1113-d191 @A: 20 13 29 05 | 03
#1114-d191 @A: 05 34 29 10 | 09
#1115-d191 @A: 34 32 27 24 | 10
#1116-d191 @A: 20 12 24 34 | 04
#1117-d191 @A: 13 26 10 17 | 02
#1118-d191 @A: 12 17 21 13 | 08
#1119-d191 @A: 17 12 07 31 | 11
#1120-d191 @A: 08 01 22 09 | 01
#1121-d191 @A: 03 09 01 35 | 07
#1122-d191 @A: 13 09 31 01 | 12
#1123-d191 @A: 33 21 09 15 | 05
#1124-d191 @A: 09 34 23 22 | 06
#1125-d191 @A: 15 07 09 03 | 03
#1126-d191 @A: 17 09 30 15 | 09
#1127-d191 @A: 23 35 31 09 | 10
#1128-d191 @A: 12 30 23 09 | 04
#1129-d191 @A: 11 18 35 09 | 02
#1130-d191 @A: 14 02 09 18 | 08
#1131-d191 @A: 03 09 12 14 | 11
#1132-d191 @A: 14 13 09 17 | 01
#1133-d191 @A: 09 34 35 24 | 07
#1134-d191 @A: 09 19 26 35 | 12
#1135-d191 @A: 31 27 03 09 | 05
#1136-d191 @A: 09 20 16 25 | 06
#1137-d191 @A: 09 19 18 34 | 03
#1138-d191 @A: 09 28 32 08 | 09
#1139-d191 @A: 05 09 13 21 | 10
#1140-d191 @A: 17 09 07 13 | 04
#1141-d191 @A: 33 01 13 02 | 02
#1142-d191 @A: 15 01 27 22 | 08
#1143-d191 @A: 22 01 25 05 | 11
#1144-d191 @A: 17 31 01 22 | 01
#1145-d191 @A: 15 01 03 13 | 07
#1146-d191 @A: 34 04 01 14 | 12
#1147-d191 @A: 35 32 04 01 | 05
#1148-d191 @A: 01 16 06 14 | 06
#1149-d191 @A: 05 01 14 17 | 03
#1150-d191 @A: 01 19 16 25 | 09
#1151-d191 @A: 01 17 13 16 | 10
#1152-d191 @A: 01 07 26 18 | 04
#1153-d191 @A: 08 01 28 18 | 02
#1154-d191 @A: 01 21 18 20 | 08
#1155-d191 @A: 01 20 26 12 | 11
#1156-d191 @A: 01 34 20 19 | 01
#1157-d191 @A: 14 17 33 22 | 07
#1158-d191 @A: 27 35 33 22 | 12
#1159-d191 @A: 10 22 33 31 | 05
#1160-d191 @A: 31 33 04 15 | 06
#1161-d191 @A: 16 33 23 32 | 03
#1162-d191 @A: 23 06 33 08 | 09
#1163-d191 @A: 11 14 21 33 | 10
#1164-d191 @A: 02 07 14 33 | 04
#1165-d191 @A: 04 33 08 14 | 02
#1166-d191 @A: 10 04 33 03 | 08
#1167-d191 @A: 29 18 33 14 | 11
#1168-d191 @A: 35 33 16 10 | 01
#1169-d191 @A: 33 18 19 03 | 07
#1170-d191 @A: 05 16 33 30 | 12
#1171-d191 @A: 20 33 21 30 | 05
#1172-d191 @A: 25 19 31 33 | 06
#1173-d191 @A: 21 18 33 26 | 03
#1174-d191 @A: 13 18 28 33 | 09
#1175-d191 @A: 31 33 34 18 | 10
#1176-d191 @A: 18 33 20 05 | 04
#1177-d191 @A: 33 19 12 13 | 02
#1178-d191 @A: 31 21 12 33 | 08
#1179-d191 @A: 02 22 29 28 | 11
#1180-d191 @A: 31 22 18 02 | 01
#1181-d191 @A: 22 08 14 35 | 07
#1182-d191 @A: 06 13 22 35 | 12
#1183-d191 @A: 29 22 30 20 | 05
#1184-d191 @A: 10 13 20 22 | 06
#1185-d191 @A: 27 15 11 28 | 03
#1186-d191 @A: 15 26 28 02 | 09
#1187-d191 @A: 15 24 10 04 | 10
#1188-d191 @A: 15 04 17 05 | 04
#1189-d191 @A: 31 29 15 35 | 02
#1190-d191 @A: 10 15 17 35 | 08
#1191-d191 @A: 08 30 27 15 | 11
#1192-d191 @A: 06 29 08 15 | 01
#1193-d191 @A: 27 31 15 32 | 07
#1194-d191 @A: 07 12 15 26 | 12
#1195-d191 @A: 15 17 27 31 | 05
#1196-d191 @A: 07 15 28 08 | 06
#1197-d191 @A: 15 19 12 05 | 03
#1198-d191 @A: 27 20 15 10 | 09
#1199-d191 @A: 14 05 11 23 | 10
#1200-d191 @A: 23 18 02 29 | 04
#1201-d191 @A: 28 16 23 04 | 02
#1202-d191 @A: 14 13 23 18 | 08
#1203-d191 @A: 05 03 23 13 | 11
#1204-d191 @A: 31 24 21 23 | 01
#1205-d191 @A: 34 32 21 23 | 07
#1206-d191 @A: 28 23 32 20 | 12
#1207-d191 @A: 07 26 31 23 | 05
#1208-d191 @A: 23 08 21 20 | 06
#1209-d191 @A: 17 08 23 10 | 03
#1210-d191 @A: 31 30 11 02 | 09
#1211-d191 @A: 04 11 28 14 | 10
#1212-d191 @A: 35 04 21 11 | 04
#1213-d191 @A: 11 07 04 24 | 02
#1214-d191 @A: 19 06 11 30 | 08
#1215-d191 @A: 20 16 24 11 | 11
#1216-d191 @A: 31 11 10 32 | 01
#1217-d191 @A: 07 12 32 11 | 07
#1218-d191 @A: 11 08 13 27 | 12
#1219-d191 @A: 19 13 21 11 | 05
#1220-d191 @A: 32 34 04 02 | 06
#1221-d191 @A: 28 02 35 16 | 03
#1222-d191 @A: 08 24 02 03 | 09
#1223-d191 @A: 30 10 06 02 | 10
#1224-d191 @A: 25 20 26 02 | 04
#1225-d191 @A: 02 27 24 12 | 02
#1226-d191 @A: 34 27 28 02 | 08
#1227-d191 @A: 08 31 27 02 | 11
#1228-d191 @A: 12 02 19 17 | 01
#1229-d191 @A: 19 04 35 13 | 07
#1230-d191 @A: 17 35 04 28 | 12
#1231-d191 @A: 26 03 20 04 | 05
#1232-d191 @A: 26 30 24 04 | 06
#1233-d191 @A: 16 05 06 04 | 03
#1234-d191 @A: 04 06 31 24 | 09
#1235-d191 @A: 08 12 04 06 | 10
#1236-d191 @A: 04 27 26 18 | 04
#1237-d191 @A: 13 31 27 04 | 02
#1238-d191 @A: 04 19 21 34 | 08
#1239-d191 @A: 03 24 14 18 | 11
#1240-d191 @A: 29 30 12 14 | 01
#1241-d191 @A: 06 14 25 05 | 07
#1242-d191 @A: 29 21 14 25 | 12
#1243-d191 @A: 14 24 25 28 | 05
#1244-d191 @A: 07 12 24 14 | 06
#1245-d191 @A: 12 32 08 14 | 03
#1246-d191 @A: 20 31 14 34 | 09
#1247-d191 @A: 20 14 12 10 | 10
#1248-d191 @A: 30 03 32 35 | 04
#1249-d191 @A: 35 06 28 30 | 02
#1250-d191 @A: 30 26 31 35 | 08
#1251-d191 @A: 16 13 25 35 | 11
#1252-d191 @A: 16 12 35 31 | 01
#1253-d191 @A: 07 06 35 29 | 07
#1254-d191 @A: 27 35 21 12 | 12
#1255-d191 @A: 21 17 19 35 | 05
#1256-d191 @A: 03 28 16 30 | 06
#1257-d191 @A: 03 24 30 20 | 03
#1258-d191 @A: 18 03 13 16 | 09
#1259-d191 @A: 03 25 06 21 | 10
#1260-d191 @A: 03 28 07 34 | 04
#1261-d191 @A: 12 08 03 21 | 02
#1262-d191 @A: 03 20 17 19 | 08
#1263-d191 @A: 30 18 27 34 | 11
#1264-d191 @A: 19 28 30 21 | 01
#1265-d191 @A: 10 05 20 30 | 07
#1266-d191 @A: 16 31 19 17 | 12
#1267-d191 @A: 13 05 17 25 | 05
#1268-d191 @A: 10 25 17 31 | 06
#1269-d191 @A: 05 25 10 08 | 03
#1270-d191 @A: 10 27 28 25 | 09
#1271-d191 @A: 17 31 06 29 | 10
#1272-d191 @A: 29 28 24 32 | 04
#1273-d191 @A: 27 24 05 29 | 02
#1274-d191 @A: 05 29 21 32 | 08
#1275-d191 @A: 34 29 05 17 | 11
#1276-d191 @A: 29 08 17 21 | 01
#1277-d191 @A: 18 31 24 26 | 07
#1278-d191 @A: 10 27 24 31 | 12
#1279-d191 @A: 28 24 12 17 | 05
#1280-d191 @A: 09 19 01 30 | 06
#1281-d191 @A: 09 32 22 33 | 03
#1282-d191 @A: 09 33 14 34 | 09
#1283-d191 @A: 09 33 30 35 | 10
#1284-d191 @A: 15 02 27 09 | 04
#1285-d191 @A: 10 19 09 23 | 02
#1286-d191 @A: 09 30 20 11 | 08
#1287-d191 @A: 05 24 11 09 | 11
#1288-d191 @A: 17 02 09 34 | 01
#1289-d191 @A: 09 32 04 30 | 07
#1290-d191 @A: 29 09 13 35 | 12
#1291-d191 @A: 24 35 17 09 | 05
#1292-d191 @A: 21 03 09 24 | 06
#1293-d191 @A: 09 13 06 30 | 03
#1294-d191 @A: 18 13 26 09 | 09
#1295-d191 @A: 20 26 09 05 | 10
#1296-d191 @A: 14 01 32 22 | 04
#1297-d191 @A: 01 25 14 23 | 02
#1298-d191 @A: 23 01 31 03 | 08
#1299-d191 @A: 02 01 30 05 | 11
#1300-d191 @A: 01 08 04 17 | 01
#1301-d191 @A: 27 14 10 01 | 07
#1302-d191 @A: 34 01 06 29 | 12
#1303-d191 @A: 01 19 06 24 | 05
#1304-d191 @A: 34 26 28 01 | 06
#1305-d191 @A: 07 01 12 08 | 03
#1306-d191 @A: 05 01 27 28 | 09
#1307-d191 @A: 19 23 15 33 | 10
#1308-d191 @A: 33 15 06 05 | 04
#1309-d191 @A: 15 07 29 33 | 02
#1310-d191 @A: 35 33 11 31 | 08
#1311-d191 @A: 33 02 21 24 | 11
#1312-d191 @A: 02 33 28 20 | 01
#1313-d191 @A: 08 33 35 03 | 07
#1314-d191 @A: 25 35 07 33 | 12
#1315-d191 @A: 35 12 33 24 | 05
#1316-d191 @A: 33 17 18 35 | 06
#1317-d191 @A: 16 33 27 03 | 03
#1318-d191 @A: 24 31 03 33 | 09
#1319-d191 @A: 32 29 33 30 | 10
#1320-d191 @A: 33 29 20 16 | 04
#1321-d191 @A: 21 34 33 16 | 02
#1322-d191 @A: 33 13 29 25 | 08
#1323-d191 @A: 27 33 06 21 | 11
#1324-d191 @A: 05 33 08 34 | 01
#1325-d191 @A: 11 31 22 14 | 07
#1326-d191 @A: 11 08 22 25 | 12
#1327-d191 @A: 29 22 11 18 | 05
#1328-d191 @A: 35 02 17 22 | 06
#1329-d191 @A: 24 10 02 22 | 03
#1330-d191 @A: 25 04 22 34 | 09
#1331-d191 @A: 22 14 21 05 | 10
#1332-d191 @A: 20 22 25 03 | 04
#1333-d191 @A: 32 24 25 22 | 02
#1334-d191 @A: 22 34 18 10 | 08
#1335-d191 @A: 21 26 22 32 | 11
#1336-d191 @A: 26 05 22 07 | 01
#1337-d191 @A: 19 13 22 05 | 07
#1338-d191 @A: 23 12 10 15 | 12
#1339-d191 @A: 11 15 04 16 | 05
#1340-d191 @A: 35 15 19 11 | 06
#1341-d191 @A: 15 14 18 31 | 03
#1342-d191 @A: 31 30 24 15 | 09
#1343-d191 @A: 32 16 15 24 | 10
#1344-d191 @A: 25 24 15 20 | 04
#1345-d191 @A: 18 12 28 15 | 02
#1346-d191 @A: 27 15 26 13 | 08
#1347-d191 @A: 23 31 04 11 | 11
#1348-d191 @A: 19 28 23 11 | 01
#1349-d191 @A: 04 21 23 03 | 07
#1350-d191 @A: 18 35 27 23 | 12
#1351-d191 @A: 28 03 06 23 | 05
#1352-d191 @A: 10 23 13 30 | 06
#1353-d191 @A: 23 13 08 28 | 03
#1354-d191 @A: 23 34 19 08 | 09
#1355-d191 @A: 14 27 11 02 | 10
#1356-d191 @A: 11 35 07 02 | 04
#1357-d191 @A: 11 35 25 28 | 02
#1358-d191 @A: 29 11 35 24 | 08
#1359-d191 @A: 06 24 11 10 | 11
#1360-d191 @A: 13 32 11 34 | 01
#1361-d191 @A: 10 27 11 05 | 07
#1362-d191 @A: 18 02 04 16 | 12
#1363-d191 @A: 14 17 28 02 | 05
#1364-d191 @A: 12 19 02 30 | 06
#1365-d191 @A: 02 25 07 06 | 03
#1366-d191 @A: 12 08 10 02 | 09
#1367-d191 @A: 29 04 12 35 | 10
#1368-d191 @A: 17 31 30 04 | 04
#1369-d191 @A: 04 32 06 13 | 02
#1370-d191 @A: 21 28 24 04 | 08
#1371-d191 @A: 18 07 04 34 | 11
#1372-d191 @A: 27 04 08 34 | 01
#1373-d191 @A: 35 14 29 27 | 07
#1374-d191 @A: 03 14 16 34 | 12
#1375-d191 @A: 27 17 24 14 | 05
#1376-d191 @A: 13 05 26 14 | 06
#1377-d191 @A: 31 26 17 14 | 03
#1378-d191 @A: 25 27 35 03 | 09
#1379-d191 @A: 21 06 19 35 | 10
#1380-d191 @A: 18 35 21 08 | 04
#1381-d191 @A: 05 26 35 10 | 02
#1382-d191 @A: 31 07 13 35 | 08
#1383-d191 @A: 32 21 10 03 | 11
#1384-d191 @A: 26 07 03 10 | 01
#1385-d191 @A: 12 28 27 03 | 07
#1386-d191 @A: 29 17 30 13 | 12
#1387-d191 @A: 31 34 08 30 | 05
#1388-d191 @A: 16 25 18 06 | 06
#1389-d191 @A: 10 16 32 25 | 03
#1390-d191 @A: 05 25 27 16 | 09
#1391-d191 @A: 19 16 13 32 | 10
#1392-d191 @A: 21 27 20 16 | 04
#1393-d191 @A: 25 27 21 18 | 02
#1394-d191 @A: 17 18 25 19 | 08
#1395-d191 @A: 25 10 31 26 | 11
#1396-d191 @A: 28 13 25 20 | 01
#1397-d191 @A: 07 21 25 28 | 07
#1398-d191 @A: 34 06 18 08 | 12
#1399-d191 @A: 31 06 26 13 | 05
#1400-d191 @A: 06 07 17 10 | 06
#1401-d191 @A: 29 10 24 08 | 03
#1402-d191 @A: 31 29 12 13 | 09
#1403-d191 @A: 10 18 24 17 | 10
#1404-d191 @A: 31 28 13 24 | 04
#1405-d191 @A: 21 34 10 24 | 02
#1406-d191 @A: 24 28 07 05 | 08
#1407-d191 @A: 12 08 17 34 | 11
#1408-d191 @A: 06 18 09 01 | 01
#1409-d191 @A: 09 11 02 33 | 07
#1410-d191 @A: 33 09 12 28 | 12
#1411-d191 @A: 09 30 05 22 | 05
#1412-d191 @A: 09 31 22 24 | 06
#1413-d191 @A: 09 06 34 15 | 03
#1414-d191 @A: 18 09 23 03 | 09
#1415-d191 @A: 09 17 05 23 | 10
#1416-d191 @A: 09 31 04 14 | 04
#1417-d191 @A: 06 09 03 04 | 02
#1418-d191 @A: 27 24 09 30 | 08
#1419-d191 @A: 06 10 09 16 | 11
#1420-d191 @A: 16 18 17 09 | 01
#1421-d191 @A: 06 05 28 09 | 07
#1422-d191 @A: 09 21 08 10 | 12
#1423-d191 @A: 09 28 19 27 | 05
#1424-d191 @A: 13 22 01 04 | 06
#1425-d191 @A: 31 01 07 22 | 03
#1426-d191 @A: 29 01 12 15 | 09
#1427-d191 @A: 20 01 23 02 | 10
#1428-d191 @A: 24 23 26 01 | 04
#1429-d191 @A: 13 19 01 23 | 02
#1430-d191 @A: 11 04 01 03 | 08
#1431-d191 @A: 24 12 01 11 | 11
#1432-d191 @A: 18 35 25 01 | 01
#1433-d191 @A: 32 30 16 01 | 07
#1434-d191 @A: 05 32 19 01 | 12
#1435-d191 @A: 21 10 28 01 | 05
#1436-d191 @A: 08 20 22 33 | 06
#1437-d191 @A: 33 15 10 11 | 03
#1438-d191 @A: 33 31 23 14 | 09
#1439-d191 @A: 33 24 23 18 | 10
#1440-d191 @A: 18 33 11 06 | 04
#1441-d191 @A: 33 26 30 02 | 02
#1442-d191 @A: 04 35 33 18 | 08
#1443-d191 @A: 04 33 24 20 | 11
#1444-d191 @A: 29 21 35 33 | 01
#1445-d191 @A: 06 13 16 33 | 07
#1446-d191 @A: 06 33 25 10 | 12
#1447-d191 @A: 27 13 34 33 | 05
#1448-d191 @A: 33 07 12 34 | 06
#1449-d191 @A: 21 28 05 33 | 03
#1450-d191 @A: 23 31 15 22 | 09
#1451-d191 @A: 03 19 22 15 | 10
#1452-d191 @A: 22 35 11 20 | 04
#1453-d191 @A: 34 35 02 22 | 02
#1454-d191 @A: 22 04 30 35 | 08
#1455-d191 @A: 21 16 22 04 | 11
#1456-d191 @A: 22 10 29 04 | 01
#1457-d191 @A: 19 04 22 17 | 07
#1458-d191 @A: 35 16 19 22 | 12
#1459-d191 @A: 35 22 10 25 | 05
#1460-d191 @A: 24 16 27 22 | 06
#1461-d191 @A: 06 24 22 21 | 03
#1462-d191 @A: 20 22 17 29 | 09
#1463-d191 @A: 12 08 18 22 | 10
#1464-d191 @A: 15 35 23 13 | 04
#1465-d191 @A: 15 11 32 14 | 02
#1466-d191 @A: 32 15 26 04 | 08
#1467-d191 @A: 13 06 15 14 | 11
#1468-d191 @A: 15 05 35 30 | 01
#1469-d191 @A: 15 18 16 29 | 07
#1470-d191 @A: 08 21 16 15 | 12
#1471-d191 @A: 15 06 21 26 | 05
#1472-d191 @A: 15 26 08 20 | 06
#1473-d191 @A: 10 03 23 02 | 03
#1474-d191 @A: 35 23 05 25 | 09
#1475-d191 @A: 35 32 07 23 | 10
#1476-d191 @A: 23 13 17 35 | 04
#1477-d191 @A: 03 23 29 07 | 02
#1478-d191 @A: 07 24 25 23 | 08
#1479-d191 @A: 23 24 06 29 | 11
#1480-d191 @A: 32 31 23 18 | 01
#1481-d191 @A: 26 02 24 11 | 07
#1482-d191 @A: 24 11 25 17 | 12
#1483-d191 @A: 14 21 04 02 | 05
#1484-d191 @A: 02 04 25 10 | 06
#1485-d191 @A: 18 02 05 03 | 03
#1486-d191 @A: 02 32 21 30 | 09
#1487-d191 @A: 28 02 06 24 | 10
#1488-d191 @A: 05 24 02 17 | 04
#1489-d191 @A: 18 13 07 02 | 02
#1490-d191 @A: 31 13 32 02 | 08
#1491-d191 @A: 02 19 34 05 | 11
#1492-d191 @A: 34 20 04 16 | 01
#1493-d191 @A: 08 04 18 10 | 07
#1494-d191 @A: 07 04 32 31 | 12
#1495-d191 @A: 31 19 05 04 | 05
#1496-d191 @A: 10 14 35 30 | 06
#1497-d191 @A: 14 03 25 17 | 03
#1498-d191 @A: 30 25 19 14 | 09
#1499-d191 @A: 18 30 14 06 | 10
#1500-d191 @A: 08 14 18 17 | 04
#1501-d191 @A: 08 05 31 14 | 02
#1502-d191 @A: 19 27 14 12 | 08
#1503-d191 @A: 19 05 14 07 | 11
#1504-d191 @A: 16 03 35 05 | 01
#1505-d191 @A: 03 34 35 31 | 07
#1506-d191 @A: 35 24 18 16 | 12
#1507-d191 @A: 35 05 20 19 | 05
#1508-d191 @A: 30 29 03 13 | 06
#1509-d191 @A: 16 28 17 03 | 03
#1510-d191 @A: 03 32 18 08 | 09
#1511-d191 @A: 20 03 27 13 | 10
#1512-d191 @A: 25 05 30 29 | 04
#1513-d191 @A: 18 30 07 31 | 02
#1514-d191 @A: 27 10 32 30 | 08
#1515-d191 @A: 07 19 30 26 | 11
#1516-d191 @A: 30 26 27 05 | 01
#1517-d191 @A: 27 30 13 19 | 07
#1518-d191 @A: 16 28 27 32 | 12
#1519-d191 @A: 13 05 16 34 | 05
#1520-d191 @A: 16 12 27 13 | 06
#1521-d191 @A: 16 34 28 31 | 03
#1522-d191 @A: 05 18 31 25 | 09
#1523-d191 @A: 25 26 28 17 | 10
#1524-d191 @A: 10 13 25 19 | 04
#1525-d191 @A: 12 25 21 10 | 02
#1526-d191 @A: 19 32 34 06 | 08
#1527-d191 @A: 20 06 08 32 | 11
#1528-d191 @A: 31 06 07 34 | 01
#1529-d191 @A: 10 27 34 06 | 07
#1530-d191 @A: 10 06 12 07 | 12
#1531-d191 @A: 20 28 06 21 | 05
#1532-d191 @A: 26 29 12 32 | 06
#1533-d191 @A: 27 29 21 34 | 03
#1534-d191 @A: 29 27 07 08 | 09
#1535-d191 @A: 07 32 21 24 | 10
#1536-d191 @A: 19 21 26 24 | 04
#1537-d191 @A: 13 21 20 24 | 02
#1538-d191 @A: 24 12 21 05 | 08
#1539-d191 @A: 27 34 17 18 | 11
#1540-d191 @A: 17 27 32 28 | 01
#1541-d191 @A: 17 19 10 13 | 07
#1542-d191 @A: 08 17 07 20 | 12
#1543-d191 @A: 34 01 09 16 | 05
#1544-d191 @A: 05 04 33 09 | 06
#1545-d191 @A: 16 22 09 18 | 03
#1546-d191 @A: 10 11 14 09 | 09
#1547-d191 @A: 17 11 03 09 | 10
#1548-d191 @A: 09 35 10 04 | 04
#1549-d191 @A: 26 09 16 04 | 02
#1550-d191 @A: 14 29 05 09 | 08
#1551-d191 @A: 13 28 09 14 | 11
#1552-d191 @A: 27 09 07 35 | 01
#1553-d191 @A: 19 16 03 09 | 07
#1554-d191 @A: 25 30 09 21 | 12
#1555-d191 @A: 25 24 10 09 | 05
#1556-d191 @A: 25 08 09 26 | 06
#1557-d191 @A: 09 24 18 32 | 03
#1558-d191 @A: 08 09 07 20 | 09
#1559-d191 @A: 19 21 12 09 | 10
#1560-d191 @A: 01 14 12 33 | 04
#1561-d191 @A: 01 33 03 07 | 02
#1562-d191 @A: 33 16 31 01 | 08
#1563-d191 @A: 33 27 24 01 | 11
#1564-d191 @A: 26 35 01 22 | 01
#1565-d191 @A: 19 22 01 29 | 07
#1566-d191 @A: 25 07 15 01 | 12
#1567-d191 @A: 01 29 23 05 | 05
#1568-d191 @A: 11 01 14 18 | 06
#1569-d191 @A: 01 02 21 03 | 03
#1570-d191 @A: 01 02 32 25 | 09
#1571-d191 @A: 16 01 27 04 | 10
#1572-d191 @A: 04 01 29 28 | 04
#1573-d191 @A: 35 30 01 12 | 02
#1574-d191 @A: 01 19 35 31 | 08
#1575-d191 @A: 30 06 01 08 | 11
#1576-d191 @A: 17 01 19 24 | 01
#1577-d191 @A: 27 18 13 01 | 07
#1578-d191 @A: 20 10 32 01 | 12
#1579-d191 @A: 20 28 31 01 | 05
#1580-d191 @A: 01 21 08 05 | 06
#1581-d191 @A: 14 25 22 33 | 03
#1582-d191 @A: 25 04 33 17 | 09
#1583-d191 @A: 28 33 14 19 | 10
#1584-d191 @A: 03 34 20 33 | 04
#1585-d191 @A: 30 34 17 33 | 02
#1586-d191 @A: 05 33 31 32 | 08
#1587-d191 @A: 33 17 20 12 | 11
#1588-d191 @A: 19 02 22 23 | 01
#1589-d191 @A: 23 22 20 04 | 07
#1590-d191 @A: 22 28 11 07 | 12
#1591-d191 @A: 32 02 22 20 | 05
#1592-d191 @A: 02 08 21 22 | 06
#1593-d191 @A: 22 28 14 03 | 03
#1594-d191 @A: 22 12 35 03 | 09
#1595-d191 @A: 22 03 24 05 | 10
#1596-d191 @A: 22 30 18 24 | 04
#1597-d191 @A: 07 16 17 22 | 02
#1598-d191 @A: 22 26 24 17 | 08
#1599-d191 @A: 20 22 31 26 | 11
#1600-d191 @A: 11 24 15 18 | 01
#1601-d191 @A: 10 15 02 35 | 07
#1602-d191 @A: 02 15 30 25 | 12
#1603-d191 @A: 12 04 14 15 | 05
#1604-d191 @A: 04 08 35 15 | 06
#1605-d191 @A: 04 15 05 25 | 03
#1606-d191 @A: 14 28 15 35 | 09
#1607-d191 @A: 29 20 15 03 | 10
#1608-d191 @A: 26 10 15 30 | 04
#1609-d191 @A: 17 15 06 18 | 02
#1610-d191 @A: 32 13 15 08 | 08
#1611-d191 @A: 12 15 32 17 | 11
#1612-d191 @A: 19 20 32 15 | 01
#1613-d191 @A: 20 15 12 13 | 07
#1614-d191 @A: 26 23 35 16 | 12
#1615-d191 @A: 23 20 29 35 | 05
#1616-d191 @A: 30 23 24 32 | 06
#1617-d191 @A: 10 26 23 27 | 03
#1618-d191 @A: 07 23 12 28 | 09
#1619-d191 @A: 03 11 19 02 | 10
#1620-d191 @A: 05 02 11 25 | 04
#1621-d191 @A: 02 11 29 21 | 02
#1622-d191 @A: 16 14 19 11 | 08
#1623-d191 @A: 03 05 11 30 | 11
#1624-d191 @A: 06 08 03 11 | 01
#1625-d191 @A: 18 26 03 11 | 07
#1626-d191 @A: 11 18 16 30 | 12
#1627-d191 @A: 25 32 30 11 | 05
#1628-d191 @A: 21 05 11 06 | 06
#1629-d191 @A: 07 17 11 29 | 03
#1630-d191 @A: 11 26 17 21 | 09
#1631-d191 @A: 11 28 05 12 | 10
#1632-d191 @A: 18 04 02 17 | 04
#1633-d191 @A: 14 32 02 29 | 02
#1634-d191 @A: 35 02 05 29 | 08
#1635-d191 @A: 06 08 26 02 | 11
#1636-d191 @A: 02 18 27 20 | 01
#1637-d191 @A: 02 21 31 26 | 07
#1638-d191 @A: 20 34 21 02 | 12
#1639-d191 @A: 20 07 02 10 | 05
#1640-d191 @A: 13 04 29 14 | 06
#1641-d191 @A: 35 04 24 27 | 03
#1642-d191 @A: 04 16 32 03 | 09
#1643-d191 @A: 25 16 04 31 | 10
#1644-d191 @A: 04 29 16 07 | 04
#1645-d191 @A: 25 24 04 19 | 02
#1646-d191 @A: 08 21 04 32 | 08
#1647-d191 @A: 26 10 04 19 | 11
#1648-d191 @A: 04 12 28 20 | 01
#1649-d191 @A: 21 10 20 04 | 07
#1650-d191 @A: 14 31 27 30 | 12
#1651-d191 @A: 32 14 20 16 | 05
#1652-d191 @A: 25 18 10 14 | 06
#1653-d191 @A: 12 14 17 06 | 03
#1654-d191 @A: 32 18 26 14 | 09
#1655-d191 @A: 14 34 19 13 | 10
#1656-d191 @A: 31 10 13 14 | 04
#1657-d191 @A: 14 21 07 31 | 02
#1658-d191 @A: 35 19 27 32 | 08
#1659-d191 @A: 34 12 08 35 | 11
#1660-d191 @A: 07 34 10 35 | 01
#1661-d191 @A: 27 08 05 35 | 07
#1662-d191 @A: 20 07 12 35 | 12
#1663-d191 @A: 24 03 16 07 | 05
#1664-d191 @A: 25 18 29 03 | 06
#1665-d191 @A: 03 08 19 25 | 03
#1666-d191 @A: 29 03 28 21 | 09
#1667-d191 @A: 28 18 03 20 | 10
#1668-d191 @A: 32 12 19 03 | 04
#1669-d191 @A: 13 03 26 28 | 02
#1670-d191 @A: 10 03 08 20 | 08
#1671-d191 @A: 10 12 03 17 | 11
#1672-d191 @A: 21 30 16 24 | 01
#1673-d191 @A: 17 16 10 30 | 07
#1674-d191 @A: 32 05 30 07 | 12
#1675-d191 @A: 07 21 16 06 | 05
#1676-d191 @A: 19 18 08 16 | 06
#1677-d191 @A: 16 12 21 32 | 03
#1678-d191 @A: 16 13 07 26 | 09
#1679-d191 @A: 12 25 18 20 | 10
#1680-d191 @A: 17 25 32 20 | 04
#1681-d191 @A: 06 20 10 29 | 02
#1682-d191 @A: 19 06 28 26 | 08
#1683-d191 @A: 34 20 13 06 | 11
#1684-d191 @A: 08 06 31 21 | 01
#1685-d191 @A: 12 29 34 28 | 07
#1686-d191 @A: 13 24 18 12 | 12
#1687-d191 @A: 18 08 07 24 | 05
#1688-d191 @A: 27 24 21 08 | 06
#1689-d191 @A: 24 07 27 20 | 03
