#0001-d193 @A: 22 14 32 01 | 06
#0002-d193 @A: 19 22 12 11 | 08
#0003-d193 @A: 22 19 26 33 | 10
#0004-d193 @A: 21 31 22 26 | 11
#0005-d193 @A: 25 26 22 15 | 07
#0006-d193 @A: 33 17 16 22 | 01
#0007-d193 @A: 22 20 16 21 | 04
#0008-d193 @A: 22 16 13 07 | 12
#0009-d193 @A: 16 28 22 29 | 05
#0010-d193 @A: 30 02 22 16 | 02
#0011-d193 @A: 33 22 06 29 | 03
#0012-d193 @A: 04 22 31 07 | 09
#0013-d193 @A: 04 22 29 07 | 06
#0014-d193 @A: 10 22 28 04 | 08
#0015-d193 @A: 32 27 22 04 | 10
#0016-d193 @A: 25 29 22 18 | 11
#0017-d193 @A: 25 22 07 11 | 07
#0018-d193 @A: 22 27 08 11 | 01
#0019-d193 @A: 31 01 11 22 | 04
#0020-d193 @A: 19 21 03 22 | 12
#0021-d193 @A: 34 22 03 15 | 05
#0022-d193 @A: 02 22 03 23 | 02
#0023-d193 @A: 22 10 05 30 | 03
#0024-d193 @A: 05 22 13 25 | 09
#0025-d193 @A: 31 22 20 17 | 06
#0026-d193 @A: 31 24 32 22 | 08
#0027-d193 @A: 22 10 32 34 | 10
#0028-d193 @A: 14 16 20 12 | 11
#0029-d193 @A: 26 15 14 06 | 07
#0030-d193 @A: 14 07 33 32 | 01
#0031-d193 @A: 05 29 14 04 | 04
#0032-d193 @A: 24 09 07 14 | 12
#0033-d193 @A: 15 20 14 09 | 05
#0034-d193 @A: 11 14 30 32 | 02
#0035-d193 @A: 02 29 14 21 | 03
#0036-d193 @A: 28 14 17 23 | 09
#0037-d193 @A: 23 32 14 15 | 06
#0038-d193 @A: 14 24 29 23 | 08
#0039-d193 @A: 05 24 10 14 | 10
#0040-d193 @A: 02 14 06 32 | 11
#0041-d193 @A: 12 26 27 16 | 07
#0042-d193 @A: 26 12 13 33 | 01
#0043-d193 @A: 29 12 11 26 | 04
#0044-d193 @A: 26 08 21 12 | 12
#0045-d193 @A: 21 12 16 10 | 05
#0046-d193 @A: 29 02 16 12 | 02
#0047-d193 @A: 15 12 09 27 | 03
#0048-d193 @A: 30 11 12 05 | 09
#0049-d193 @A: 30 12 24 21 | 06
#0050-d193 @A: 07 29 12 06 | 08
#0051-d193 @A: 01 08 12 19 | 10
#0052-d193 @A: 08 12 17 31 | 11
#0053-d193 @A: 24 31 06 12 | 07
#0054-d193 @A: 13 10 35 12 | 01
#0055-d193 @A: 05 32 09 26 | 04
#0056-d193 @A: 18 26 27 24 | 12
#0057-d193 @A: 21 20 30 26 | 05
#0058-d193 @A: 27 15 26 28 | 02
#0059-d193 @A: 03 24 26 23 | 03
#0060-d193 @A: 02 31 26 05 | 09
#0061-d193 @A: 08 32 26 24 | 06
#0062-d193 @A: 11 02 16 33 | 08
#0063-d193 @A: 16 27 33 08 | 10
#0064-d193 @A: 11 04 20 16 | 11
#0065-d193 @A: 13 09 03 16 | 07
#0066-d193 @A: 06 16 10 09 | 01
#0067-d193 @A: 16 03 15 10 | 04
#0068-d193 @A: 17 15 05 16 | 12
#0069-d193 @A: 16 03 19 29 | 05
#0070-d193 @A: 01 16 35 13 | 02
#0071-d193 @A: 06 16 25 35 | 03
#0072-d193 @A: 31 24 29 16 | 09
#0073-d193 @A: 33 04 27 13 | 06
#0074-d193 @A: 09 34 07 33 | 08
#0075-d193 @A: 11 35 03 33 | 10
#0076-d193 @A: 33 21 06 15 | 11
#0077-d193 @A: 31 08 33 28 | 07
#0078-d193 @A: 33 24 05 29 | 01
#0079-d193 @A: 32 33 06 08 | 04
#0080-d193 @A: 24 09 30 04 | 12
#0081-d193 @A: 01 10 09 04 | 05
#0082-d193 @A: 11 23 04 02 | 02
#0083-d193 @A: 19 04 29 21 | 03
#0084-d193 @A: 07 28 04 06 | 09
#0085-d193 @A: 30 25 27 04 | 06
#0086-d193 @A: 04 35 24 01 | 08
#0087-d193 @A: 04 24 32 10 | 10
#0088-d193 @A: 32 06 04 13 | 11
#0089-d193 @A: 04 25 17 35 | 07
#0090-d193 @A: 35 09 18 23 | 01
#0091-d193 @A: 19 11 09 23 | 04
#0092-d193 @A: 09 29 11 31 | 12
#0093-d193 @A: 09 01 24 27 | 05
#0094-d193 @A: 09 13 23 15 | 02
#0095-d193 @A: 10 09 19 24 | 03
#0096-d193 @A: 19 09 31 08 | 09
#0097-d193 @A: 09 25 34 17 | 06
#0098-d193 @A: 31 09 17 06 | 08
#0099-d193 @A: 29 25 35 09 | 10
#0100-d193 @A: 30 21 25 18 | 11
#0101-d193 @A: 23 18 03 32 | 07
#0102-d193 @A: 25 23 17 18 | 01
#0103-d193 @A: 06 05 01 18 | 04
#0104-d193 @A: 18 05 31 32 | 12
#0105-d193 @A: 20 29 02 18 | 05
#0106-d193 @A: 10 24 29 18 | 02
#0107-d193 @A: 21 11 29 30 | 03
#0108-d193 @A: 20 11 23 07 | 09
#0109-d193 @A: 11 01 02 06 | 06
#0110-d193 @A: 11 10 25 34 | 08
#0111-d193 @A: 19 15 21 23 | 10
#0112-d193 @A: 24 29 21 35 | 11
#0113-d193 @A: 03 10 28 07 | 07
#0114-d193 @A: 01 07 20 13 | 01
#0115-d193 @A: 17 07 10 34 | 04
#0116-d193 @A: 28 32 25 34 | 12
#0117-d193 @A: 27 15 06 08 | 05
#0118-d193 @A: 27 13 05 34 | 02
#0119-d193 @A: 35 08 27 02 | 03
#0120-d193 @A: 35 27 32 29 | 09
#0121-d193 @A: 10 32 27 06 | 06
#0122-d193 @A: 17 08 27 34 | 08
#0123-d193 @A: 20 15 17 08 | 10
#0124-d193 @A: 15 10 32 08 | 11
#0125-d193 @A: 10 34 30 23 | 07
#0126-d193 @A: 06 23 02 05 | 01
#0127-d193 @A: 23 10 13 02 | 04
#0128-d193 @A: 08 01 31 23 | 12
#0129-d193 @A: 19 23 25 24 | 05
#0130-d193 @A: 25 06 23 32 | 02
#0131-d193 @A: 20 30 05 29 | 03
#0132-d193 @A: 06 30 20 24 | 09
#0133-d193 @A: 10 30 06 01 | 06
#0134-d193 @A: 29 30 08 35 | 08
#0135-d193 @A: 05 29 34 03 | 10
#0136-d193 @A: 02 25 34 03 | 11
#0137-d193 @A: 34 03 13 01 | 07
#0138-d193 @A: 35 32 03 13 | 01
#0139-d193 @A: 25 24 03 06 | 04
#0140-d193 @A: 29 06 32 05 | 12
#0141-d193 @A: 29 13 25 32 | 05
#0142-d193 @A: 20 22 26 12 | 02
#0143-d193 @A: 16 24 12 22 | 03
#0144-d193 @A: 22 23 32 12 | 09
#0145-d193 @A: 04 22 26 24 | 06
#0146-d193 @A: 27 05 22 26 | 08
#0147-d193 @A: 26 22 29 24 | 10
#0148-d193 @A: 04 11 22 34 | 11
#0149-d193 @A: 30 22 35 04 | 07
#0150-d193 @A: 05 11 22 09 | 01
#0151-d193 @A: 22 01 15 18 | 04
#0152-d193 @A: 22 18 03 30 | 12
#0153-d193 @A: 21 30 22 01 | 05
#0154-d193 @A: 08 22 07 32 | 02
#0155-d193 @A: 27 23 34 22 | 03
#0156-d193 @A: 27 30 31 22 | 09
#0157-d193 @A: 22 15 17 02 | 06
#0158-d193 @A: 20 22 35 32 | 08
#0159-d193 @A: 22 25 34 20 | 10
#0160-d193 @A: 35 17 22 06 | 11
#0161-d193 @A: 12 13 14 29 | 07
#0162-d193 @A: 16 14 26 08 | 01
#0163-d193 @A: 14 23 09 26 | 04
#0164-d193 @A: 27 14 26 31 | 12
#0165-d193 @A: 16 14 17 11 | 05
#0166-d193 @A: 24 03 16 14 | 02
#0167-d193 @A: 10 09 33 14 | 03
#0168-d193 @A: 27 14 33 05 | 09
#0169-d193 @A: 28 18 14 32 | 06
#0170-d193 @A: 15 14 25 18 | 08
#0171-d193 @A: 07 02 11 14 | 10
#0172-d193 @A: 27 01 29 14 | 11
#0173-d193 @A: 08 29 14 15 | 07
#0174-d193 @A: 20 02 14 01 | 01
#0175-d193 @A: 35 02 17 14 | 04
#0176-d193 @A: 06 26 04 12 | 12
#0177-d193 @A: 12 26 10 17 | 05
#0178-d193 @A: 12 04 32 21 | 02
#0179-d193 @A: 27 04 17 12 | 03
#0180-d193 @A: 12 08 18 09 | 09
#0181-d193 @A: 20 12 34 09 | 06
#0182-d193 @A: 12 30 18 19 | 08
#0183-d193 @A: 12 08 27 07 | 10
#0184-d193 @A: 32 12 03 07 | 11
#0185-d193 @A: 12 17 03 28 | 07
#0186-d193 @A: 12 19 28 29 | 01
#0187-d193 @A: 30 10 27 12 | 04
#0188-d193 @A: 19 31 12 15 | 12
#0189-d193 @A: 23 08 24 12 | 05
#0190-d193 @A: 20 12 24 01 | 02
#0191-d193 @A: 13 25 12 19 | 03
#0192-d193 @A: 26 03 17 16 | 09
#0193-d193 @A: 31 06 16 26 | 06
#0194-d193 @A: 11 08 33 26 | 08
#0195-d193 @A: 03 35 04 26 | 10
#0196-d193 @A: 21 25 07 26 | 11
#0197-d193 @A: 29 20 01 26 | 07
#0198-d193 @A: 10 26 32 02 | 01
#0199-d193 @A: 29 26 31 17 | 04
#0200-d193 @A: 21 35 16 04 | 12
#0201-d193 @A: 28 15 09 16 | 05
#0202-d193 @A: 28 16 20 23 | 02
#0203-d193 @A: 05 27 16 30 | 03
#0204-d193 @A: 05 16 24 13 | 09
#0205-d193 @A: 25 13 16 02 | 06
#0206-d193 @A: 16 01 06 32 | 08
#0207-d193 @A: 16 19 24 32 | 10
#0208-d193 @A: 16 17 35 32 | 11
#0209-d193 @A: 32 04 18 33 | 07
#0210-d193 @A: 04 07 21 33 | 01
#0211-d193 @A: 33 17 28 09 | 04
#0212-d193 @A: 27 02 21 33 | 12
#0213-d193 @A: 01 28 34 33 | 05
#0214-d193 @A: 31 33 30 15 | 02
#0215-d193 @A: 05 19 15 33 | 03
#0216-d193 @A: 33 03 23 30 | 09
#0217-d193 @A: 24 20 33 19 | 06
#0218-d193 @A: 20 33 31 10 | 08
#0219-d193 @A: 25 33 08 17 | 10
#0220-d193 @A: 04 21 03 30 | 11
#0221-d193 @A: 01 04 21 06 | 07
#0222-d193 @A: 04 23 08 27 | 01
#0223-d193 @A: 06 04 20 10 | 04
#0224-d193 @A: 02 24 04 29 | 12
#0225-d193 @A: 19 34 25 04 | 05
#0226-d193 @A: 34 35 04 13 | 02
#0227-d193 @A: 34 10 04 31 | 03
#0228-d193 @A: 11 18 24 09 | 09
#0229-d193 @A: 28 03 30 09 | 06
#0230-d193 @A: 02 09 17 23 | 08
#0231-d193 @A: 20 01 09 32 | 10
#0232-d193 @A: 19 02 13 09 | 11
#0233-d193 @A: 11 29 34 18 | 07
#0234-d193 @A: 28 03 18 02 | 01
#0235-d193 @A: 18 30 13 27 | 04
#0236-d193 @A: 18 20 24 17 | 12
#0237-d193 @A: 01 24 02 18 | 05
#0238-d193 @A: 18 02 06 31 | 02
#0239-d193 @A: 31 08 13 18 | 03
#0240-d193 @A: 24 21 11 03 | 09
#0241-d193 @A: 27 11 19 07 | 06
#0242-d193 @A: 11 08 23 03 | 08
#0243-d193 @A: 29 17 11 05 | 10
#0244-d193 @A: 11 34 19 20 | 11
#0245-d193 @A: 19 11 01 35 | 07
#0246-d193 @A: 13 11 08 01 | 01
#0247-d193 @A: 10 32 11 19 | 04
#0248-d193 @A: 13 11 35 29 | 12
#0249-d193 @A: 29 17 21 28 | 05
#0250-d193 @A: 21 15 23 29 | 02
#0251-d193 @A: 31 21 34 30 | 03
#0252-d193 @A: 21 02 05 25 | 09
#0253-d193 @A: 21 32 05 10 | 06
#0254-d193 @A: 05 06 31 21 | 08
#0255-d193 @A: 34 21 06 02 | 10
#0256-d193 @A: 17 19 25 21 | 11
#0257-d193 @A: 21 08 19 10 | 07
#0258-d193 @A: 21 08 32 31 | 01
#0259-d193 @A: 35 06 10 21 | 04
#0260-d193 @A: 07 15 19 28 | 12
#0261-d193 @A: 30 07 27 32 | 05
#0262-d193 @A: 07 17 20 05 | 02
#0263-d193 @A: 20 29 07 19 | 03
#0264-d193 @A: 02 34 13 07 | 09
#0265-d193 @A: 07 06 32 34 | 06
#0266-d193 @A: 02 19 28 24 | 08
#0267-d193 @A: 28 35 01 08 | 10
#0268-d193 @A: 27 32 08 05 | 11
#0269-d193 @A: 27 20 31 08 | 07
#0270-d193 @A: 29 02 19 27 | 01
#0271-d193 @A: 02 31 27 24 | 04
#0272-d193 @A: 19 32 31 27 | 12
#0273-d193 @A: 27 08 29 24 | 05
#0274-d193 @A: 10 27 34 35 | 02
#0275-d193 @A: 17 15 23 03 | 03
#0276-d193 @A: 13 08 02 15 | 09
#0277-d193 @A: 31 15 10 01 | 06
#0278-d193 @A: 19 35 08 15 | 08
#0279-d193 @A: 20 19 23 35 | 10
#0280-d193 @A: 32 17 23 24 | 11
#0281-d193 @A: 23 34 06 35 | 07
#0282-d193 @A: 08 06 30 03 | 01
#0283-d193 @A: 02 31 30 17 | 04
#0284-d193 @A: 35 02 30 10 | 12
#0285-d193 @A: 30 29 24 17 | 05
#0286-d193 @A: 30 13 17 08 | 02
#0287-d193 @A: 02 19 03 17 | 03
#0288-d193 @A: 01 31 03 32 | 09
#0289-d193 @A: 34 29 35 01 | 06
#0290-d193 @A: 14 23 05 22 | 08
#0291-d193 @A: 08 30 22 14 | 10
#0292-d193 @A: 30 12 17 22 | 11
#0293-d193 @A: 08 34 22 12 | 07
#0294-d193 @A: 22 26 08 18 | 01
#0295-d193 @A: 07 26 22 01 | 04
#0296-d193 @A: 03 22 31 16 | 12
#0297-d193 @A: 33 28 25 22 | 05
#0298-d193 @A: 33 06 27 22 | 02
#0299-d193 @A: 03 01 09 22 | 03
#0300-d193 @A: 15 11 22 21 | 09
#0301-d193 @A: 11 22 29 01 | 06
#0302-d193 @A: 15 06 22 07 | 08
#0303-d193 @A: 22 07 20 30 | 10
#0304-d193 @A: 07 24 03 22 | 11
#0305-d193 @A: 23 08 22 17 | 07
#0306-d193 @A: 01 02 22 05 | 01
#0307-d193 @A: 17 32 05 22 | 04
#0308-d193 @A: 22 24 25 35 | 12
#0309-d193 @A: 26 14 11 20 | 05
#0310-d193 @A: 14 35 26 30 | 02
#0311-d193 @A: 10 26 03 14 | 03
#0312-d193 @A: 25 24 26 14 | 09
#0313-d193 @A: 28 16 10 14 | 06
#0314-d193 @A: 14 30 01 04 | 08
#0315-d193 @A: 21 14 09 08 | 10
#0316-d193 @A: 14 09 27 13 | 11
#0317-d193 @A: 30 31 14 18 | 07
#0318-d193 @A: 34 14 18 13 | 01
#0319-d193 @A: 15 03 19 14 | 04
#0320-d193 @A: 02 14 13 05 | 12
#0321-d193 @A: 25 10 02 14 | 05
#0322-d193 @A: 34 29 14 19 | 02
#0323-d193 @A: 31 25 35 14 | 03
#0324-d193 @A: 26 12 35 28 | 09
#0325-d193 @A: 15 16 12 02 | 06
#0326-d193 @A: 33 12 32 11 | 08
#0327-d193 @A: 04 01 07 12 | 10
#0328-d193 @A: 12 04 08 10 | 11
#0329-d193 @A: 13 11 12 09 | 07
#0330-d193 @A: 07 12 34 18 | 01
#0331-d193 @A: 24 15 18 12 | 04
#0332-d193 @A: 13 18 23 12 | 12
#0333-d193 @A: 23 28 12 25 | 05
#0334-d193 @A: 24 10 28 12 | 02
#0335-d193 @A: 03 12 06 15 | 03
#0336-d193 @A: 35 02 19 12 | 09
#0337-d193 @A: 32 12 10 01 | 06
#0338-d193 @A: 17 12 34 01 | 08
#0339-d193 @A: 12 29 34 24 | 10
#0340-d193 @A: 26 04 19 27 | 11
#0341-d193 @A: 26 30 05 04 | 07
#0342-d193 @A: 10 20 09 26 | 01
#0343-d193 @A: 18 26 07 32 | 04
#0344-d193 @A: 35 34 26 11 | 12
#0345-d193 @A: 01 21 26 23 | 05
#0346-d193 @A: 07 23 05 26 | 02
#0347-d193 @A: 15 35 24 26 | 03
#0348-d193 @A: 06 23 30 26 | 09
#0349-d193 @A: 30 26 29 10 | 06
#0350-d193 @A: 08 20 05 26 | 08
#0351-d193 @A: 26 06 20 34 | 10
#0352-d193 @A: 35 26 31 32 | 11
#0353-d193 @A: 24 26 10 13 | 07
#0354-d193 @A: 30 04 06 16 | 01
#0355-d193 @A: 29 27 16 11 | 04
#0356-d193 @A: 30 28 31 16 | 12
#0357-d193 @A: 23 15 16 35 | 05
#0358-d193 @A: 05 16 35 02 | 02
#0359-d193 @A: 06 08 16 13 | 03
#0360-d193 @A: 16 10 08 34 | 09
#0361-d193 @A: 19 09 03 33 | 06
#0362-d193 @A: 18 33 31 27 | 08
#0363-d193 @A: 28 33 11 10 | 10
#0364-d193 @A: 33 30 34 11 | 11
#0365-d193 @A: 21 33 28 35 | 07
#0366-d193 @A: 35 33 07 02 | 01
#0367-d193 @A: 28 03 20 33 | 04
#0368-d193 @A: 33 29 28 35 | 12
#0369-d193 @A: 23 33 29 27 | 05
#0370-d193 @A: 30 33 01 27 | 02
#0371-d193 @A: 13 05 35 33 | 03
#0372-d193 @A: 06 20 02 33 | 09
#0373-d193 @A: 31 01 17 33 | 06
#0374-d193 @A: 21 09 04 13 | 08
#0375-d193 @A: 18 04 03 13 | 10
#0376-d193 @A: 15 04 29 03 | 11
#0377-d193 @A: 35 04 10 15 | 07
#0378-d193 @A: 30 32 04 23 | 01
#0379-d193 @A: 30 17 20 04 | 04
#0380-d193 @A: 02 17 04 06 | 12
#0381-d193 @A: 17 04 13 19 | 05
#0382-d193 @A: 20 18 09 19 | 02
#0383-d193 @A: 06 05 07 09 | 03
#0384-d193 @A: 20 24 09 28 | 09
#0385-d193 @A: 06 20 23 09 | 06
#0386-d193 @A: 03 29 09 06 | 08
#0387-d193 @A: 24 09 06 13 | 10
#0388-d193 @A: 13 10 34 09 | 11
#0389-d193 @A: 10 08 28 18 | 07
#0390-d193 @A: 18 30 05 23 | 01
#0391-d193 @A: 24 18 03 31 | 04
#0392-d193 @A: 05 34 18 17 | 12
#0393-d193 @A: 18 32 02 25 | 05
#0394-d193 @A: 08 30 21 11 | 02
#0395-d193 @A: 06 20 11 21 | 03
#0396-d193 @A: 11 29 07 15 | 09
#0397-d193 @A: 28 05 23 11 | 06
#0398-d193 @A: 11 15 13 27 | 08
#0399-d193 @A: 13 11 25 03 | 10
#0400-d193 @A: 20 11 25 17 | 11
#0401-d193 @A: 06 32 11 17 | 07
#0402-d193 @A: 29 31 10 11 | 01
#0403-d193 @A: 27 17 21 23 | 04
#0404-d193 @A: 21 23 20 25 | 12
#0405-d193 @A: 20 05 21 34 | 05
#0406-d193 @A: 02 01 17 21 | 02
#0407-d193 @A: 21 31 01 25 | 03
#0408-d193 @A: 34 21 01 08 | 09
#0409-d193 @A: 25 27 15 07 | 06
#0410-d193 @A: 27 31 29 07 | 08
#0411-d193 @A: 05 30 07 15 | 10
#0412-d193 @A: 02 29 30 07 | 11
#0413-d193 @A: 06 07 20 08 | 07
#0414-d193 @A: 08 10 07 01 | 01
#0415-d193 @A: 07 25 13 32 | 04
#0416-d193 @A: 10 23 28 15 | 12
#0417-d193 @A: 28 06 17 05 | 05
#0418-d193 @A: 34 17 35 28 | 02
#0419-d193 @A: 24 28 35 31 | 03
#0420-d193 @A: 27 19 05 20 | 09
#0421-d193 @A: 25 27 17 02 | 06
#0422-d193 @A: 15 01 20 05 | 08
#0423-d193 @A: 15 29 10 20 | 10
#0424-d193 @A: 31 24 13 15 | 11
#0425-d193 @A: 31 15 34 08 | 07
#0426-d193 @A: 02 34 20 23 | 01
#0427-d193 @A: 17 01 23 06 | 04
#0428-d193 @A: 13 32 19 23 | 12
#0429-d193 @A: 30 13 24 01 | 05
#0430-d193 @A: 17 05 13 03 | 02
#0431-d193 @A: 10 20 02 03 | 03
#0432-d193 @A: 29 03 20 24 | 09
#0433-d193 @A: 08 03 31 02 | 06
#0434-d193 @A: 25 19 29 17 | 08
#0435-d193 @A: 06 13 24 29 | 10
#0436-d193 @A: 22 20 14 29 | 11
#0437-d193 @A: 09 22 04 12 | 07
#0438-d193 @A: 09 02 22 26 | 01
#0439-d193 @A: 10 11 22 26 | 04
#0440-d193 @A: 22 08 15 33 | 12
#0441-d193 @A: 22 09 17 21 | 05
#0442-d193 @A: 22 07 09 10 | 02
#0443-d193 @A: 09 22 27 20 | 03
#0444-d193 @A: 32 22 11 18 | 09
#0445-d193 @A: 22 35 02 21 | 06
#0446-d193 @A: 22 08 13 21 | 08
#0447-d193 @A: 23 20 22 15 | 10
#0448-d193 @A: 01 24 22 06 | 11
#0449-d193 @A: 10 13 17 22 | 07
#0450-d193 @A: 01 12 09 14 | 01
#0451-d193 @A: 14 12 08 03 | 04
#0452-d193 @A: 14 26 33 28 | 12
#0453-d193 @A: 32 16 04 14 | 05
#0454-d193 @A: 35 18 14 16 | 02
#0455-d193 @A: 30 14 29 33 | 03
#0456-d193 @A: 04 02 28 14 | 09
#0457-d193 @A: 14 06 10 18 | 06
#0458-d193 @A: 23 14 27 11 | 08
#0459-d193 @A: 07 14 17 27 | 10
#0460-d193 @A: 01 14 28 15 | 11
#0461-d193 @A: 20 14 03 17 | 07
#0462-d193 @A: 08 14 01 05 | 01
#0463-d193 @A: 05 14 17 31 | 04
#0464-d193 @A: 08 20 25 14 | 12
#0465-d193 @A: 01 14 13 31 | 05
#0466-d193 @A: 16 12 18 32 | 02
#0467-d193 @A: 12 05 09 17 | 03
#0468-d193 @A: 12 18 05 21 | 09
#0469-d193 @A: 01 21 11 12 | 06
#0470-d193 @A: 17 21 12 07 | 08
#0471-d193 @A: 21 23 12 02 | 10
#0472-d193 @A: 20 28 30 12 | 11
#0473-d193 @A: 28 32 12 31 | 07
#0474-d193 @A: 12 24 27 19 | 01
#0475-d193 @A: 34 12 23 15 | 04
#0476-d193 @A: 01 12 15 30 | 12
#0477-d193 @A: 12 15 35 32 | 05
#0478-d193 @A: 20 12 03 23 | 02
#0479-d193 @A: 29 12 30 03 | 03
#0480-d193 @A: 20 12 32 06 | 09
#0481-d193 @A: 25 24 32 12 | 06
#0482-d193 @A: 12 13 34 31 | 08
#0483-d193 @A: 12 35 06 08 | 10
#0484-d193 @A: 16 26 11 09 | 11
#0485-d193 @A: 26 18 13 16 | 07
#0486-d193 @A: 17 04 15 26 | 01
#0487-d193 @A: 29 23 26 04 | 04
#0488-d193 @A: 26 09 21 19 | 12
#0489-d193 @A: 07 28 02 26 | 05
#0490-d193 @A: 13 29 27 26 | 02
#0491-d193 @A: 30 01 26 08 | 03
#0492-d193 @A: 18 16 04 27 | 09
#0493-d193 @A: 18 16 23 31 | 06
#0494-d193 @A: 07 16 34 11 | 08
#0495-d193 @A: 24 10 16 11 | 10
#0496-d193 @A: 16 21 08 23 | 11
#0497-d193 @A: 32 16 21 30 | 07
#0498-d193 @A: 16 35 03 19 | 01
#0499-d193 @A: 32 16 08 20 | 04
#0500-d193 @A: 19 06 02 16 | 12
#0501-d193 @A: 16 24 06 34 | 05
#0502-d193 @A: 25 33 09 21 | 02
#0503-d193 @A: 35 30 18 33 | 03
#0504-d193 @A: 34 06 33 18 | 09
#0505-d193 @A: 33 29 21 01 | 06
#0506-d193 @A: 25 07 33 03 | 08
#0507-d193 @A: 27 33 34 03 | 10
#0508-d193 @A: 25 15 33 23 | 11
#0509-d193 @A: 24 10 17 33 | 07
#0510-d193 @A: 33 31 13 25 | 01
#0511-d193 @A: 10 35 33 08 | 04
#0512-d193 @A: 09 08 04 11 | 12
#0513-d193 @A: 25 09 04 23 | 05
#0514-d193 @A: 15 04 18 05 | 02
#0515-d193 @A: 11 10 04 30 | 03
#0516-d193 @A: 20 27 21 04 | 09
#0517-d193 @A: 21 04 15 31 | 06
#0518-d193 @A: 34 17 21 04 | 08
#0519-d193 @A: 34 23 04 03 | 10
#0520-d193 @A: 23 31 04 19 | 11
#0521-d193 @A: 04 03 32 17 | 07
#0522-d193 @A: 13 04 25 20 | 01
#0523-d193 @A: 32 04 02 31 | 04
#0524-d193 @A: 01 29 04 32 | 12
#0525-d193 @A: 01 04 08 17 | 05
#0526-d193 @A: 04 08 34 06 | 02
#0527-d193 @A: 21 18 32 09 | 03
#0528-d193 @A: 15 25 11 09 | 09
#0529-d193 @A: 21 27 31 09 | 06
#0530-d193 @A: 28 09 34 23 | 08
#0531-d193 @A: 09 24 29 15 | 10
#0532-d193 @A: 02 35 01 09 | 11
#0533-d193 @A: 06 01 09 08 | 07
#0534-d193 @A: 10 09 32 29 | 01
#0535-d193 @A: 11 15 02 18 | 04
#0536-d193 @A: 18 03 11 20 | 12
#0537-d193 @A: 31 18 07 21 | 05
#0538-d193 @A: 07 29 18 23 | 02
#0539-d193 @A: 27 18 10 19 | 03
#0540-d193 @A: 18 15 23 08 | 09
#0541-d193 @A: 19 05 18 13 | 06
#0542-d193 @A: 11 15 07 01 | 08
#0543-d193 @A: 11 32 08 28 | 10
#0544-d193 @A: 15 24 30 11 | 11
#0545-d193 @A: 31 23 11 30 | 07
#0546-d193 @A: 13 10 05 11 | 01
#0547-d193 @A: 19 02 11 25 | 04
#0548-d193 @A: 15 21 08 07 | 12
#0549-d193 @A: 21 17 28 15 | 05
#0550-d193 @A: 21 05 28 30 | 02
#0551-d193 @A: 21 27 05 03 | 03
#0552-d193 @A: 05 24 17 21 | 09
#0553-d193 @A: 28 07 31 27 | 06
#0554-d193 @A: 02 15 03 07 | 08
#0555-d193 @A: 07 23 02 25 | 10
#0556-d193 @A: 20 10 32 07 | 11
#0557-d193 @A: 35 20 25 07 | 07
#0558-d193 @A: 34 35 19 07 | 01
#0559-d193 @A: 07 25 17 24 | 04
#0560-d193 @A: 29 15 28 20 | 12
#0561-d193 @A: 28 24 23 30 | 05
#0562-d193 @A: 08 34 28 20 | 02
#0563-d193 @A: 32 27 35 24 | 03
#0564-d193 @A: 06 27 25 13 | 09
#0565-d193 @A: 30 23 15 02 | 06
#0566-d193 @A: 15 29 35 05 | 08
#0567-d193 @A: 32 01 24 15 | 10
#0568-d193 @A: 15 29 13 19 | 11
#0569-d193 @A: 10 19 15 34 | 07
#0570-d193 @A: 15 06 34 17 | 01
#0571-d193 @A: 31 23 05 13 | 04
#0572-d193 @A: 17 29 02 23 | 12
#0573-d193 @A: 19 34 06 30 | 05
#0574-d193 @A: 32 13 34 30 | 02
#0575-d193 @A: 30 17 25 06 | 03
#0576-d193 @A: 03 08 05 35 | 09
#0577-d193 @A: 03 01 06 20 | 06
#0578-d193 @A: 03 29 10 01 | 08
#0579-d193 @A: 03 22 35 12 | 10
#0580-d193 @A: 06 22 28 26 | 11
#0581-d193 @A: 27 16 01 22 | 07
#0582-d193 @A: 22 23 19 16 | 01
#0583-d193 @A: 33 32 21 22 | 04
#0584-d193 @A: 31 02 22 33 | 12
#0585-d193 @A: 04 25 02 22 | 05
#0586-d193 @A: 09 06 32 22 | 02
#0587-d193 @A: 21 22 18 34 | 03
#0588-d193 @A: 27 22 18 02 | 09
#0589-d193 @A: 22 27 05 29 | 06
#0590-d193 @A: 30 15 22 29 | 08
#0591-d193 @A: 19 32 02 22 | 10
#0592-d193 @A: 22 24 19 13 | 11
#0593-d193 @A: 31 23 12 14 | 07
#0594-d193 @A: 14 21 16 19 | 01
#0595-d193 @A: 16 15 13 14 | 04
#0596-d193 @A: 25 19 14 33 | 12
#0597-d193 @A: 08 18 27 14 | 05
#0598-d193 @A: 18 14 23 24 | 02
#0599-d193 @A: 18 05 14 03 | 03
#0600-d193 @A: 14 21 01 24 | 09
#0601-d193 @A: 05 28 07 14 | 06
#0602-d193 @A: 02 14 15 24 | 08
#0603-d193 @A: 06 14 13 23 | 10
#0604-d193 @A: 20 13 19 14 | 11
#0605-d193 @A: 14 10 35 19 | 07
#0606-d193 @A: 12 07 31 16 | 01
#0607-d193 @A: 09 33 29 12 | 04
#0608-d193 @A: 34 19 12 33 | 12
#0609-d193 @A: 12 01 28 18 | 05
#0610-d193 @A: 07 12 11 06 | 02
#0611-d193 @A: 03 34 12 11 | 03
#0612-d193 @A: 12 03 21 25 | 09
#0613-d193 @A: 05 12 25 27 | 06
#0614-d193 @A: 12 06 30 02 | 08
#0615-d193 @A: 12 10 20 25 | 10
#0616-d193 @A: 02 25 08 12 | 11
#0617-d193 @A: 31 12 32 29 | 07
#0618-d193 @A: 24 12 13 17 | 01
#0619-d193 @A: 35 24 34 12 | 04
#0620-d193 @A: 06 26 27 09 | 12
#0621-d193 @A: 11 18 26 05 | 05
#0622-d193 @A: 18 26 17 06 | 02
#0623-d193 @A: 26 18 29 35 | 03
#0624-d193 @A: 07 34 27 26 | 09
#0625-d193 @A: 02 27 26 30 | 06
#0626-d193 @A: 27 08 26 03 | 08
#0627-d193 @A: 05 24 01 26 | 10
#0628-d193 @A: 02 08 26 19 | 11
#0629-d193 @A: 25 02 35 26 | 07
#0630-d193 @A: 02 13 26 06 | 01
#0631-d193 @A: 13 25 26 01 | 04
#0632-d193 @A: 01 35 06 26 | 12
#0633-d193 @A: 19 26 13 35 | 05
#0634-d193 @A: 08 26 35 17 | 02
#0635-d193 @A: 34 26 31 25 | 03
#0636-d193 @A: 26 34 29 08 | 09
#0637-d193 @A: 16 33 10 04 | 06
#0638-d193 @A: 16 07 15 33 | 08
#0639-d193 @A: 09 04 16 17 | 10
#0640-d193 @A: 11 16 18 25 | 11
#0641-d193 @A: 28 24 16 18 | 07
#0642-d193 @A: 18 16 06 29 | 01
#0643-d193 @A: 06 16 21 28 | 04
#0644-d193 @A: 10 30 07 16 | 12
#0645-d193 @A: 35 16 27 28 | 05
#0646-d193 @A: 16 05 01 34 | 02
#0647-d193 @A: 01 25 10 16 | 03
#0648-d193 @A: 19 16 34 17 | 09
#0649-d193 @A: 08 16 35 24 | 06
#0650-d193 @A: 33 15 01 09 | 08
#0651-d193 @A: 09 33 30 05 | 10
#0652-d193 @A: 18 17 15 33 | 11
#0653-d193 @A: 28 19 27 33 | 07
#0654-d193 @A: 20 15 35 33 | 01
#0655-d193 @A: 33 34 05 10 | 04
#0656-d193 @A: 34 17 33 20 | 12
#0657-d193 @A: 02 33 24 25 | 05
#0658-d193 @A: 19 35 17 33 | 02
#0659-d193 @A: 09 15 04 06 | 03
#0660-d193 @A: 30 02 04 18 | 09
#0661-d193 @A: 11 21 25 04 | 06
#0662-d193 @A: 11 13 07 04 | 08
#0663-d193 @A: 04 11 35 27 | 10
#0664-d193 @A: 31 04 03 28 | 11
#0665-d193 @A: 04 05 35 06 | 07
#0666-d193 @A: 34 15 18 09 | 01
#0667-d193 @A: 30 15 17 09 | 04
#0668-d193 @A: 13 30 09 25 | 12
#0669-d193 @A: 09 10 25 32 | 05
#0670-d193 @A: 09 31 13 32 | 02
#0671-d193 @A: 08 09 29 17 | 03
#0672-d193 @A: 07 08 11 18 | 09
#0673-d193 @A: 29 28 32 18 | 06
#0674-d193 @A: 18 19 31 01 | 08
#0675-d193 @A: 32 06 35 18 | 10
#0676-d193 @A: 34 08 25 18 | 11
#0677-d193 @A: 11 07 35 30 | 07
#0678-d193 @A: 11 05 34 15 | 01
#0679-d193 @A: 17 15 10 11 | 04
#0680-d193 @A: 05 25 11 06 | 12
#0681-d193 @A: 19 31 11 17 | 05
#0682-d193 @A: 24 29 11 19 | 02
#0683-d193 @A: 13 32 11 24 | 03
#0684-d193 @A: 23 34 21 07 | 09
#0685-d193 @A: 20 31 21 24 | 06
#0686-d193 @A: 24 02 21 10 | 08
#0687-d193 @A: 21 24 19 06 | 10
#0688-d193 @A: 35 21 25 34 | 11
#0689-d193 @A: 32 23 07 28 | 07
#0690-d193 @A: 07 27 13 03 | 01
#0691-d193 @A: 17 29 07 03 | 04
#0692-d193 @A: 05 07 19 25 | 12
#0693-d193 @A: 01 35 07 32 | 05
#0694-d193 @A: 24 29 07 32 | 02
#0695-d193 @A: 28 34 27 29 | 03
#0696-d193 @A: 15 28 25 03 | 09
#0697-d193 @A: 31 34 19 28 | 06
#0698-d193 @A: 06 32 28 24 | 08
#0699-d193 @A: 27 31 17 15 | 10
#0700-d193 @A: 27 13 24 23 | 11
#0701-d193 @A: 30 06 27 35 | 07
#0702-d193 @A: 20 02 32 27 | 01
#0703-d193 @A: 20 24 27 25 | 04
#0704-d193 @A: 08 27 24 10 | 12
#0705-d193 @A: 15 06 20 31 | 05
#0706-d193 @A: 05 03 23 10 | 02
#0707-d193 @A: 24 23 34 01 | 03
#0708-d193 @A: 01 08 23 29 | 09
#0709-d193 @A: 29 10 19 23 | 06
#0710-d193 @A: 34 25 23 13 | 08
#0711-d193 @A: 30 03 02 01 | 10
#0712-d193 @A: 31 08 05 30 | 11
#0713-d193 @A: 01 34 30 20 | 07
#0714-d193 @A: 02 30 24 34 | 01
#0715-d193 @A: 19 30 25 31 | 04
#0716-d193 @A: 24 10 25 30 | 12
#0717-d193 @A: 32 06 03 19 | 05
#0718-d193 @A: 06 31 13 03 | 02
#0719-d193 @A: 25 29 02 05 | 03
#0720-d193 @A: 29 10 17 13 | 09
#0721-d193 @A: 22 14 04 20 | 06
#0722-d193 @A: 22 31 15 14 | 08
#0723-d193 @A: 18 22 06 12 | 10
#0724-d193 @A: 22 33 10 03 | 11
#0725-d193 @A: 22 08 04 19 | 07
#0726-d193 @A: 22 18 31 09 | 01
#0727-d193 @A: 29 22 19 09 | 04
#0728-d193 @A: 13 22 23 11 | 12
#0729-d193 @A: 22 21 10 23 | 05
#0730-d193 @A: 22 28 07 34 | 02
#0731-d193 @A: 22 17 19 07 | 03
#0732-d193 @A: 03 22 28 08 | 09
#0733-d193 @A: 22 31 06 23 | 06
#0734-d193 @A: 13 20 02 22 | 08
#0735-d193 @A: 02 08 22 24 | 10
#0736-d193 @A: 04 14 35 12 | 11
#0737-d193 @A: 30 34 14 12 | 07
#0738-d193 @A: 21 02 26 14 | 01
#0739-d193 @A: 02 27 16 14 | 04
#0740-d193 @A: 15 33 11 14 | 12
#0741-d193 @A: 33 14 03 02 | 05
#0742-d193 @A: 13 14 04 10 | 02
#0743-d193 @A: 14 09 19 34 | 03
#0744-d193 @A: 14 11 29 06 | 09
#0745-d193 @A: 25 07 06 14 | 06
#0746-d193 @A: 13 30 14 28 | 08
#0747-d193 @A: 28 25 14 29 | 10
#0748-d193 @A: 14 08 24 28 | 11
#0749-d193 @A: 30 05 14 20 | 07
#0750-d193 @A: 35 03 29 14 | 01
#0751-d193 @A: 20 14 24 32 | 04
#0752-d193 @A: 14 24 06 17 | 12
#0753-d193 @A: 24 34 14 31 | 05
#0754-d193 @A: 12 26 18 31 | 02
#0755-d193 @A: 01 12 03 16 | 03
#0756-d193 @A: 16 17 12 25 | 09
#0757-d193 @A: 07 28 12 33 | 06
#0758-d193 @A: 07 23 12 09 | 08
#0759-d193 @A: 12 09 30 32 | 10
#0760-d193 @A: 12 09 24 03 | 11
#0761-d193 @A: 03 31 27 12 | 07
#0762-d193 @A: 13 12 20 05 | 01
#0763-d193 @A: 06 12 17 19 | 04
#0764-d193 @A: 16 26 07 35 | 12
#0765-d193 @A: 26 24 16 30 | 05
#0766-d193 @A: 20 07 33 26 | 02
#0767-d193 @A: 07 26 09 13 | 03
#0768-d193 @A: 26 28 09 01 | 09
#0769-d193 @A: 18 19 15 26 | 06
#0770-d193 @A: 30 26 34 18 | 08
#0771-d193 @A: 26 21 17 11 | 10
#0772-d193 @A: 21 26 03 13 | 11
#0773-d193 @A: 26 15 07 10 | 07
#0774-d193 @A: 07 26 06 03 | 01
#0775-d193 @A: 26 13 23 17 | 04
#0776-d193 @A: 17 26 20 19 | 12
#0777-d193 @A: 19 25 26 32 | 05
#0778-d193 @A: 24 31 19 26 | 02
#0779-d193 @A: 06 25 26 08 | 03
#0780-d193 @A: 09 24 16 33 | 09
#0781-d193 @A: 34 33 25 16 | 06
#0782-d193 @A: 16 11 31 21 | 08
#0783-d193 @A: 07 24 21 16 | 10
#0784-d193 @A: 03 16 27 20 | 11
#0785-d193 @A: 10 32 13 16 | 07
#0786-d193 @A: 13 35 16 29 | 01
#0787-d193 @A: 33 30 04 19 | 04
#0788-d193 @A: 09 31 33 11 | 12
#0789-d193 @A: 27 33 32 09 | 05
#0790-d193 @A: 18 23 33 21 | 02
#0791-d193 @A: 18 07 33 24 | 03
#0792-d193 @A: 33 08 18 29 | 09
#0793-d193 @A: 13 33 01 23 | 06
#0794-d193 @A: 32 17 33 30 | 08
#0795-d193 @A: 19 32 01 33 | 10
#0796-d193 @A: 34 04 09 27 | 11
#0797-d193 @A: 04 05 19 09 | 07
#0798-d193 @A: 17 28 11 04 | 01
#0799-d193 @A: 04 15 32 07 | 04
#0800-d193 @A: 04 07 03 20 | 12
#0801-d193 @A: 28 30 08 04 | 05
#0802-d193 @A: 27 04 15 02 | 02
#0803-d193 @A: 05 32 01 04 | 03
#0804-d193 @A: 08 13 05 04 | 09
#0805-d193 @A: 11 09 34 06 | 06
#0806-d193 @A: 09 03 07 17 | 08
#0807-d193 @A: 29 09 28 30 | 10
#0808-d193 @A: 25 35 28 09 | 11
#0809-d193 @A: 23 09 20 29 | 07
#0810-d193 @A: 08 09 24 34 | 01
#0811-d193 @A: 35 13 09 08 | 04
#0812-d193 @A: 10 18 15 21 | 12
#0813-d193 @A: 18 28 25 27 | 05
#0814-d193 @A: 23 06 27 18 | 02
#0815-d193 @A: 18 13 01 10 | 03
#0816-d193 @A: 08 17 18 19 | 09
#0817-d193 @A: 24 35 19 18 | 06
#0818-d193 @A: 34 28 11 21 | 08
#0819-d193 @A: 35 21 05 11 | 10
#0820-d193 @A: 28 11 15 35 | 11
#0821-d193 @A: 31 05 27 11 | 07
#0822-d193 @A: 10 11 27 20 | 01
#0823-d193 @A: 34 02 11 31 | 04
#0824-d193 @A: 11 01 24 25 | 12
#0825-d193 @A: 07 13 21 05 | 05
#0826-d193 @A: 07 29 21 08 | 02
#0827-d193 @A: 21 03 01 28 | 03
#0828-d193 @A: 13 20 21 29 | 09
#0829-d193 @A: 02 21 31 13 | 06
#0830-d193 @A: 07 02 17 08 | 08
#0831-d193 @A: 13 08 07 24 | 10
#0832-d193 @A: 19 35 30 28 | 11
#0833-d193 @A: 05 28 32 13 | 07
#0834-d193 @A: 05 24 28 25 | 01
#0835-d193 @A: 28 17 20 02 | 04
#0836-d193 @A: 20 10 28 19 | 12
#0837-d193 @A: 20 31 25 28 | 05
#0838-d193 @A: 28 17 24 01 | 02
#0839-d193 @A: 23 15 27 05 | 03
#0840-d193 @A: 27 05 02 10 | 09
#0841-d193 @A: 27 06 24 05 | 06
#0842-d193 @A: 29 27 32 20 | 08
#0843-d193 @A: 27 06 19 01 | 10
#0844-d193 @A: 25 05 10 15 | 11
#0845-d193 @A: 05 35 31 15 | 07
#0846-d193 @A: 01 15 06 29 | 01
#0847-d193 @A: 19 15 13 06 | 04
#0848-d193 @A: 32 01 23 02 | 12
#0849-d193 @A: 35 32 23 08 | 05
#0850-d193 @A: 24 03 05 30 | 02
#0851-d193 @A: 25 02 30 20 | 03
#0852-d193 @A: 30 19 06 29 | 09
#0853-d193 @A: 03 19 05 31 | 06
#0854-d193 @A: 25 32 20 03 | 08
#0855-d193 @A: 34 03 32 08 | 10
#0856-d193 @A: 10 06 17 03 | 11
#0857-d193 @A: 08 19 05 29 | 07
#0858-d193 @A: 34 29 06 20 | 01
#0859-d193 @A: 22 14 26 17 | 04
#0860-d193 @A: 06 14 16 22 | 12
#0861-d193 @A: 11 14 24 22 | 05
#0862-d193 @A: 21 28 22 12 | 02
#0863-d193 @A: 03 04 22 06 | 03
#0864-d193 @A: 18 28 20 22 | 09
#0865-d193 @A: 35 22 18 13 | 06
#0866-d193 @A: 11 22 02 28 | 08
#0867-d193 @A: 24 27 22 21 | 10
#0868-d193 @A: 01 28 23 22 | 11
#0869-d193 @A: 15 13 22 32 | 07
#0870-d193 @A: 02 29 22 35 | 01
#0871-d193 @A: 22 06 02 10 | 04
#0872-d193 @A: 22 19 34 01 | 12
#0873-d193 @A: 22 31 19 10 | 05
#0874-d193 @A: 17 24 34 22 | 02
#0875-d193 @A: 14 07 13 12 | 03
#0876-d193 @A: 16 31 33 14 | 09
#0877-d193 @A: 14 10 16 29 | 06
#0878-d193 @A: 31 04 09 14 | 08
#0879-d193 @A: 31 04 14 29 | 10
#0880-d193 @A: 09 18 14 17 | 11
#0881-d193 @A: 19 14 18 11 | 07
#0882-d193 @A: 20 18 14 21 | 01
#0883-d193 @A: 28 14 21 25 | 04
#0884-d193 @A: 14 07 30 03 | 12
#0885-d193 @A: 28 14 03 34 | 05
#0886-d193 @A: 27 14 01 03 | 02
#0887-d193 @A: 32 05 14 25 | 03
#0888-d193 @A: 19 01 17 14 | 09
#0889-d193 @A: 26 15 12 11 | 06
#0890-d193 @A: 12 32 26 34 | 08
#0891-d193 @A: 33 12 15 10 | 10
#0892-d193 @A: 28 04 13 12 | 11
#0893-d193 @A: 10 12 09 31 | 07
#0894-d193 @A: 12 10 11 23 | 01
#0895-d193 @A: 31 11 35 12 | 04
#0896-d193 @A: 28 06 27 12 | 12
#0897-d193 @A: 05 28 12 34 | 05
#0898-d193 @A: 12 23 27 01 | 02
#0899-d193 @A: 12 05 06 10 | 03
#0900-d193 @A: 02 12 31 20 | 09
#0901-d193 @A: 12 13 08 32 | 06
#0902-d193 @A: 33 16 32 26 | 08
#0903-d193 @A: 33 26 04 01 | 10
#0904-d193 @A: 26 10 18 33 | 11
#0905-d193 @A: 33 26 27 17 | 07
#0906-d193 @A: 04 26 21 10 | 01
#0907-d193 @A: 07 26 04 08 | 04
#0908-d193 @A: 09 17 26 24 | 12
#0909-d193 @A: 26 35 18 20 | 05
#0910-d193 @A: 02 11 26 03 | 02
#0911-d193 @A: 26 34 28 24 | 03
#0912-d193 @A: 26 23 31 15 | 09
#0913-d193 @A: 32 15 30 26 | 06
#0914-d193 @A: 05 26 10 35 | 08
#0915-d193 @A: 19 10 06 26 | 10
#0916-d193 @A: 25 26 06 29 | 11
#0917-d193 @A: 09 16 27 25 | 07
#0918-d193 @A: 11 16 06 27 | 01
#0919-d193 @A: 21 16 29 34 | 04
#0920-d193 @A: 17 16 28 08 | 12
#0921-d193 @A: 16 27 34 32 | 05
#0922-d193 @A: 17 27 16 24 | 02
#0923-d193 @A: 16 10 27 31 | 03
#0924-d193 @A: 15 30 34 16 | 09
#0925-d193 @A: 30 23 17 16 | 06
#0926-d193 @A: 23 16 25 03 | 08
#0927-d193 @A: 16 20 06 05 | 10
#0928-d193 @A: 16 01 24 31 | 11
#0929-d193 @A: 18 05 33 28 | 07
#0930-d193 @A: 33 25 11 27 | 01
#0931-d193 @A: 33 23 31 07 | 04
#0932-d193 @A: 33 02 30 28 | 12
#0933-d193 @A: 25 15 33 29 | 05
#0934-d193 @A: 20 05 32 33 | 02
#0935-d193 @A: 08 02 34 33 | 03
#0936-d193 @A: 35 08 18 04 | 09
#0937-d193 @A: 15 19 04 11 | 06
#0938-d193 @A: 19 21 04 28 | 08
#0939-d193 @A: 30 04 07 34 | 10
#0940-d193 @A: 28 27 04 05 | 11
#0941-d193 @A: 29 30 13 04 | 07
#0942-d193 @A: 04 05 24 34 | 01
#0943-d193 @A: 19 20 04 01 | 04
#0944-d193 @A: 34 02 01 04 | 12
#0945-d193 @A: 10 04 19 02 | 05
#0946-d193 @A: 06 29 35 04 | 02
#0947-d193 @A: 09 02 21 11 | 03
#0948-d193 @A: 27 11 28 09 | 09
#0949-d193 @A: 28 10 21 09 | 06
#0950-d193 @A: 27 08 30 09 | 08
#0951-d193 @A: 27 06 29 09 | 10
#0952-d193 @A: 05 09 15 03 | 11
#0953-d193 @A: 09 20 17 13 | 07
#0954-d193 @A: 31 09 35 20 | 01
#0955-d193 @A: 13 02 09 29 | 04
#0956-d193 @A: 01 19 09 25 | 12
#0957-d193 @A: 11 23 34 18 | 05
#0958-d193 @A: 32 24 30 18 | 02
#0959-d193 @A: 08 01 18 32 | 03
#0960-d193 @A: 11 19 28 03 | 09
#0961-d193 @A: 11 20 01 28 | 06
#0962-d193 @A: 11 17 27 30 | 08
#0963-d193 @A: 11 27 03 32 | 10
#0964-d193 @A: 08 25 11 35 | 11
#0965-d193 @A: 11 31 08 24 | 07
#0966-d193 @A: 10 31 11 06 | 01
#0967-d193 @A: 24 13 21 28 | 04
#0968-d193 @A: 27 32 21 25 | 12
#0969-d193 @A: 21 02 20 15 | 05
#0970-d193 @A: 35 21 23 24 | 02
#0971-d193 @A: 05 21 01 19 | 03
#0972-d193 @A: 17 07 13 28 | 09
#0973-d193 @A: 10 07 29 05 | 06
#0974-d193 @A: 13 10 07 06 | 08
#0975-d193 @A: 02 23 28 27 | 10
#0976-d193 @A: 10 13 27 28 | 11
#0977-d193 @A: 02 05 15 28 | 07
#0978-d193 @A: 28 29 23 03 | 01
#0979-d193 @A: 27 17 35 05 | 04
#0980-d193 @A: 35 01 27 20 | 12
#0981-d193 @A: 01 13 27 02 | 05
#0982-d193 @A: 13 27 31 35 | 02
#0983-d193 @A: 30 25 15 08 | 03
#0984-d193 @A: 24 15 05 08 | 09
#0985-d193 @A: 32 31 23 20 | 06
#0986-d193 @A: 13 20 23 08 | 08
#0987-d193 @A: 01 10 19 23 | 10
#0988-d193 @A: 23 13 34 29 | 11
#0989-d193 @A: 19 30 13 03 | 07
#0990-d193 @A: 30 25 35 03 | 01
#0991-d193 @A: 02 05 19 30 | 04
#0992-d193 @A: 05 35 32 30 | 12
#0993-d193 @A: 20 35 30 13 | 05
#0994-d193 @A: 19 17 10 30 | 02
#0995-d193 @A: 19 08 24 30 | 03
#0996-d193 @A: 20 19 08 03 | 09
#0997-d193 @A: 10 03 24 01 | 06
#0998-d193 @A: 24 17 03 08 | 08
#0999-d193 @A: 12 22 10 14 | 10
#1000-d193 @A: 22 12 01 33 | 11
#1001-d193 @A: 15 22 05 12 | 07
#1002-d193 @A: 22 35 23 26 | 01
#1003-d193 @A: 13 26 30 22 | 04
#1004-d193 @A: 32 22 26 03 | 12
#1005-d193 @A: 11 16 22 35 | 05
#1006-d193 @A: 32 25 22 16 | 02
#1007-d193 @A: 35 22 33 34 | 03
#1008-d193 @A: 22 23 09 24 | 09
#1009-d193 @A: 05 18 24 22 | 06
#1010-d193 @A: 15 27 22 10 | 08
#1011-d193 @A: 22 03 20 05 | 10
#1012-d193 @A: 05 35 19 22 | 11
#1013-d193 @A: 08 22 20 01 | 07
#1014-d193 @A: 20 19 22 06 | 01
#1015-d193 @A: 22 20 24 10 | 04
#1016-d193 @A: 17 29 32 22 | 12
#1017-d193 @A: 12 11 25 14 | 05
#1018-d193 @A: 12 14 21 06 | 02
#1019-d193 @A: 17 15 12 14 | 03
#1020-d193 @A: 16 05 09 14 | 09
#1021-d193 @A: 14 07 16 01 | 06
#1022-d193 @A: 23 34 14 16 | 08
#1023-d193 @A: 33 04 17 14 | 10
#1024-d193 @A: 21 23 14 04 | 11
#1025-d193 @A: 11 13 14 21 | 07
#1026-d193 @A: 31 28 14 11 | 01
#1027-d193 @A: 14 08 11 34 | 04
#1028-d193 @A: 14 10 27 21 | 12
#1029-d193 @A: 17 14 30 21 | 05
#1030-d193 @A: 35 23 14 03 | 02
#1031-d193 @A: 20 06 14 35 | 03
#1032-d193 @A: 06 01 34 14 | 09
#1033-d193 @A: 31 10 14 32 | 06
#1034-d193 @A: 12 26 03 30 | 08
#1035-d193 @A: 02 26 01 12 | 10
#1036-d193 @A: 16 13 30 12 | 11
#1037-d193 @A: 12 08 16 05 | 07
#1038-d193 @A: 04 12 02 33 | 01
#1039-d193 @A: 12 18 25 33 | 04
#1040-d193 @A: 23 12 17 33 | 12
#1041-d193 @A: 29 04 20 12 | 05
#1042-d193 @A: 09 21 35 12 | 02
#1043-d193 @A: 28 09 12 02 | 03
#1044-d193 @A: 11 08 20 12 | 09
#1045-d193 @A: 05 21 12 29 | 06
#1046-d193 @A: 20 21 12 19 | 08
#1047-d193 @A: 12 29 23 35 | 10
#1048-d193 @A: 01 31 05 12 | 11
#1049-d193 @A: 12 06 01 13 | 07
#1050-d193 @A: 31 13 04 26 | 01
#1051-d193 @A: 15 08 09 26 | 04
#1052-d193 @A: 02 18 26 23 | 12
#1053-d193 @A: 11 23 26 25 | 05
#1054-d193 @A: 28 26 03 05 | 02
#1055-d193 @A: 26 25 10 27 | 03
#1056-d193 @A: 15 13 26 05 | 09
#1057-d193 @A: 02 26 29 03 | 06
#1058-d193 @A: 17 26 01 32 | 08
#1059-d193 @A: 04 16 05 03 | 10
#1060-d193 @A: 09 34 16 21 | 11
#1061-d193 @A: 20 09 07 16 | 07
#1062-d193 @A: 05 07 16 18 | 01
#1063-d193 @A: 15 24 16 20 | 04
#1064-d193 @A: 17 16 20 01 | 12
#1065-d193 @A: 16 25 20 29 | 05
#1066-d193 @A: 13 20 34 16 | 02
#1067-d193 @A: 02 17 16 10 | 03
#1068-d193 @A: 17 16 13 31 | 09
#1069-d193 @A: 24 28 04 33 | 06
#1070-d193 @A: 25 33 04 05 | 08
#1071-d193 @A: 33 08 05 21 | 10
#1072-d193 @A: 08 19 33 07 | 11
#1073-d193 @A: 03 33 13 15 | 07
#1074-d193 @A: 33 01 20 25 | 01
#1075-d193 @A: 33 25 32 35 | 04
#1076-d193 @A: 13 06 17 33 | 12
#1077-d193 @A: 35 06 33 24 | 05
#1078-d193 @A: 09 32 28 04 | 02
#1079-d193 @A: 21 24 18 04 | 03
#1080-d193 @A: 23 04 18 10 | 09
#1081-d193 @A: 11 04 28 29 | 06
#1082-d193 @A: 23 04 07 17 | 08
#1083-d193 @A: 28 20 15 04 | 10
#1084-d193 @A: 01 27 31 04 | 11
#1085-d193 @A: 10 29 04 27 | 07
#1086-d193 @A: 23 06 04 24 | 01
#1087-d193 @A: 19 35 32 04 | 04
#1088-d193 @A: 25 04 08 29 | 12
#1089-d193 @A: 07 09 25 18 | 05
#1090-d193 @A: 09 27 18 05 | 02
#1091-d193 @A: 10 11 03 09 | 03
#1092-d193 @A: 09 21 15 24 | 09
#1093-d193 @A: 17 27 19 09 | 06
#1094-d193 @A: 05 09 02 34 | 08
#1095-d193 @A: 19 09 35 06 | 10
#1096-d193 @A: 09 08 17 32 | 11
#1097-d193 @A: 09 32 35 34 | 07
#1098-d193 @A: 17 35 10 09 | 01
#1099-d193 @A: 18 11 27 21 | 04
#1100-d193 @A: 11 18 06 28 | 12
#1101-d193 @A: 18 07 30 06 | 05
#1102-d193 @A: 01 20 23 18 | 02
#1103-d193 @A: 05 18 10 20 | 03
#1104-d193 @A: 10 34 24 18 | 09
#1105-d193 @A: 07 10 11 21 | 06
#1106-d193 @A: 05 19 24 11 | 08
#1107-d193 @A: 32 02 11 35 | 10
#1108-d193 @A: 11 32 31 25 | 11
#1109-d193 @A: 21 02 30 07 | 07
#1110-d193 @A: 35 03 21 07 | 01
#1111-d193 @A: 32 21 19 07 | 04
#1112-d193 @A: 35 30 21 15 | 12
#1113-d193 @A: 21 06 23 03 | 05
#1114-d193 @A: 19 35 31 21 | 02
#1115-d193 @A: 34 32 24 21 | 03
#1116-d193 @A: 08 06 17 21 | 09
#1117-d193 @A: 15 35 07 17 | 06
#1118-d193 @A: 06 19 23 07 | 08
#1119-d193 @A: 07 06 02 24 | 10
#1120-d193 @A: 13 07 31 19 | 11
#1121-d193 @A: 10 24 07 35 | 07
#1122-d193 @A: 28 15 30 06 | 01
#1123-d193 @A: 34 28 13 15 | 04
#1124-d193 @A: 05 35 28 20 | 12
#1125-d193 @A: 28 13 20 06 | 05
#1126-d193 @A: 25 01 28 02 | 02
#1127-d193 @A: 13 35 28 02 | 03
#1128-d193 @A: 13 28 19 01 | 09
#1129-d193 @A: 28 32 35 10 | 06
#1130-d193 @A: 25 08 13 28 | 08
#1131-d193 @A: 08 10 28 29 | 10
#1132-d193 @A: 27 15 03 30 | 11
#1133-d193 @A: 02 27 34 19 | 07
#1134-d193 @A: 02 15 29 31 | 01
#1135-d193 @A: 23 19 05 17 | 04
#1136-d193 @A: 02 31 23 35 | 12
#1137-d193 @A: 08 23 19 34 | 05
#1138-d193 @A: 08 10 23 06 | 02
#1139-d193 @A: 03 20 30 31 | 03
#1140-d193 @A: 34 17 03 30 | 09
#1141-d193 @A: 30 01 17 05 | 06
#1142-d193 @A: 06 05 30 13 | 08
#1143-d193 @A: 30 02 32 08 | 10
#1144-d193 @A: 25 32 01 30 | 11
#1145-d193 @A: 35 17 24 30 | 07
#1146-d193 @A: 25 03 01 05 | 01
#1147-d193 @A: 31 29 25 03 | 04
#1148-d193 @A: 17 35 20 29 | 12
#1149-d193 @A: 06 02 08 29 | 05
#1150-d193 @A: 12 25 22 31 | 02
#1151-d193 @A: 08 22 09 16 | 03
#1152-d193 @A: 09 22 34 30 | 09
#1153-d193 @A: 22 13 31 28 | 06
#1154-d193 @A: 01 25 17 22 | 08
#1155-d193 @A: 06 22 34 13 | 10
#1156-d193 @A: 08 35 31 22 | 11
#1157-d193 @A: 05 12 26 14 | 07
#1158-d193 @A: 12 18 14 02 | 01
#1159-d193 @A: 07 14 26 19 | 04
#1160-d193 @A: 11 14 04 05 | 12
#1161-d193 @A: 04 24 14 19 | 05
#1162-d193 @A: 14 09 35 11 | 02
#1163-d193 @A: 07 14 15 34 | 03
#1164-d193 @A: 07 10 14 23 | 09
#1165-d193 @A: 14 30 19 23 | 06
#1166-d193 @A: 23 14 25 01 | 08
#1167-d193 @A: 14 06 19 05 | 10
#1168-d193 @A: 26 24 12 07 | 11
#1169-d193 @A: 35 16 33 12 | 07
#1170-d193 @A: 04 12 34 16 | 01
#1171-d193 @A: 06 33 09 12 | 04
#1172-d193 @A: 05 03 12 33 | 12
#1173-d193 @A: 12 04 20 18 | 05
#1174-d193 @A: 03 04 12 19 | 02
#1175-d193 @A: 21 27 34 12 | 03
#1176-d193 @A: 23 35 30 12 | 09
#1177-d193 @A: 34 12 02 10 | 06
#1178-d193 @A: 25 12 06 34 | 08
#1179-d193 @A: 05 16 26 21 | 10
#1180-d193 @A: 26 16 15 01 | 11
#1181-d193 @A: 26 02 15 33 | 07
#1182-d193 @A: 25 26 30 33 | 01
#1183-d193 @A: 18 09 26 04 | 04
#1184-d193 @A: 09 21 26 29 | 12
#1185-d193 @A: 26 09 03 34 | 05
#1186-d193 @A: 21 26 28 18 | 02
#1187-d193 @A: 26 31 11 07 | 03
#1188-d193 @A: 24 06 26 11 | 09
#1189-d193 @A: 26 21 06 32 | 06
#1190-d193 @A: 07 17 26 30 | 08
#1191-d193 @A: 05 29 28 26 | 10
#1192-d193 @A: 23 32 26 27 | 11
#1193-d193 @A: 19 26 05 34 | 07
#1194-d193 @A: 08 13 26 34 | 01
#1195-d193 @A: 13 16 28 33 | 04
#1196-d193 @A: 04 16 19 07 | 12
#1197-d193 @A: 16 29 09 01 | 05
#1198-d193 @A: 16 15 11 08 | 02
#1199-d193 @A: 16 01 11 23 | 03
#1200-d193 @A: 16 11 03 30 | 09
#1201-d193 @A: 19 13 16 11 | 06
#1202-d193 @A: 16 15 25 21 | 08
#1203-d193 @A: 07 02 32 16 | 10
#1204-d193 @A: 17 16 06 07 | 11
#1205-d193 @A: 29 23 05 16 | 07
#1206-d193 @A: 29 25 30 16 | 01
#1207-d193 @A: 08 29 32 16 | 04
#1208-d193 @A: 33 04 29 18 | 12
#1209-d193 @A: 11 04 33 06 | 05
#1210-d193 @A: 33 24 23 11 | 02
#1211-d193 @A: 01 05 33 11 | 03
#1212-d193 @A: 33 13 21 20 | 09
#1213-d193 @A: 27 24 15 33 | 06
#1214-d193 @A: 32 10 23 33 | 08
#1215-d193 @A: 33 32 34 31 | 10
#1216-d193 @A: 25 10 06 33 | 11
#1217-d193 @A: 13 33 34 24 | 07
#1218-d193 @A: 07 04 09 35 | 01
#1219-d193 @A: 18 04 25 01 | 04
#1220-d193 @A: 08 21 04 02 | 12
#1221-d193 @A: 28 04 35 23 | 05
#1222-d193 @A: 25 32 04 08 | 02
#1223-d193 @A: 21 09 07 01 | 03
#1224-d193 @A: 15 09 31 07 | 09
#1225-d193 @A: 05 31 28 09 | 06
#1226-d193 @A: 27 10 23 09 | 08
#1227-d193 @A: 15 32 19 09 | 10
#1228-d193 @A: 08 03 25 09 | 11
#1229-d193 @A: 24 05 35 09 | 07
#1230-d193 @A: 09 32 02 24 | 01
#1231-d193 @A: 27 07 20 18 | 04
#1232-d193 @A: 10 18 07 02 | 12
#1233-d193 @A: 27 17 18 03 | 05
#1234-d193 @A: 02 13 18 17 | 02
#1235-d193 @A: 19 29 01 18 | 03
#1236-d193 @A: 18 34 32 19 | 09
#1237-d193 @A: 18 25 24 13 | 06
#1238-d193 @A: 06 08 18 24 | 08
#1239-d193 @A: 11 32 21 23 | 10
#1240-d193 @A: 27 34 11 24 | 11
#1241-d193 @A: 11 15 31 03 | 07
#1242-d193 @A: 35 17 11 23 | 01
#1243-d193 @A: 11 23 25 29 | 04
#1244-d193 @A: 02 11 30 13 | 12
#1245-d193 @A: 05 20 02 11 | 05
#1246-d193 @A: 20 24 11 35 | 02
#1247-d193 @A: 32 29 11 02 | 03
#1248-d193 @A: 11 01 32 34 | 09
#1249-d193 @A: 31 21 23 28 | 06
#1250-d193 @A: 21 19 27 30 | 08
#1251-d193 @A: 25 21 27 29 | 10
#1252-d193 @A: 10 03 34 21 | 11
#1253-d193 @A: 10 01 21 20 | 07
#1254-d193 @A: 21 35 17 13 | 01
#1255-d193 @A: 24 08 21 25 | 04
#1256-d193 @A: 10 21 13 25 | 12
#1257-d193 @A: 07 23 24 15 | 05
#1258-d193 @A: 23 01 03 07 | 02
#1259-d193 @A: 07 35 13 23 | 03
#1260-d193 @A: 05 24 07 32 | 09
#1261-d193 @A: 19 07 01 24 | 06
#1262-d193 @A: 07 31 08 25 | 08
#1263-d193 @A: 28 01 27 32 | 10
#1264-d193 @A: 03 23 28 13 | 11
#1265-d193 @A: 06 03 28 35 | 07
#1266-d193 @A: 06 34 28 10 | 01
#1267-d193 @A: 20 15 27 34 | 04
#1268-d193 @A: 01 25 08 27 | 12
#1269-d193 @A: 19 35 27 25 | 05
#1270-d193 @A: 01 15 19 02 | 02
#1271-d193 @A: 06 35 02 15 | 03
#1272-d193 @A: 15 13 01 17 | 09
#1273-d193 @A: 32 29 15 34 | 06
#1274-d193 @A: 05 32 23 34 | 08
#1275-d193 @A: 25 23 05 08 | 10
#1276-d193 @A: 23 10 17 20 | 11
#1277-d193 @A: 08 30 10 20 | 07
#1278-d193 @A: 01 31 30 35 | 01
#1279-d193 @A: 32 05 02 03 | 04
#1280-d193 @A: 13 20 03 24 | 12
#1281-d193 @A: 02 24 03 35 | 05
#1282-d193 @A: 01 17 03 35 | 02
#1283-d193 @A: 03 24 19 34 | 03
#1284-d193 @A: 10 03 13 08 | 09
#1285-d193 @A: 29 31 19 35 | 06
#1286-d193 @A: 14 35 28 22 | 08
#1287-d193 @A: 02 22 12 07 | 10
#1288-d193 @A: 26 16 22 34 | 11
#1289-d193 @A: 15 22 04 16 | 07
#1290-d193 @A: 18 10 16 22 | 01
#1291-d193 @A: 22 28 16 05 | 04
#1292-d193 @A: 22 11 20 33 | 12
#1293-d193 @A: 07 22 05 33 | 05
#1294-d193 @A: 30 24 33 22 | 02
#1295-d193 @A: 21 22 05 04 | 03
#1296-d193 @A: 04 01 22 13 | 09
#1297-d193 @A: 09 28 19 22 | 06
#1298-d193 @A: 22 09 35 15 | 08
#1299-d193 @A: 22 15 28 24 | 10
#1300-d193 @A: 22 30 28 32 | 11
#1301-d193 @A: 35 22 10 01 | 07
#1302-d193 @A: 33 12 14 24 | 01
#1303-d193 @A: 01 18 14 26 | 04
#1304-d193 @A: 30 16 25 14 | 12
#1305-d193 @A: 20 14 33 23 | 05
#1306-d193 @A: 13 08 14 33 | 02
#1307-d193 @A: 08 14 04 15 | 03
#1308-d193 @A: 25 14 04 03 | 09
#1309-d193 @A: 17 14 18 29 | 06
#1310-d193 @A: 14 11 03 06 | 08
#1311-d193 @A: 14 01 10 11 | 10
#1312-d193 @A: 07 35 14 08 | 11
#1313-d193 @A: 24 27 30 14 | 07
#1314-d193 @A: 25 34 14 27 | 01
#1315-d193 @A: 23 02 14 08 | 04
#1316-d193 @A: 34 05 14 35 | 12
#1317-d193 @A: 14 34 20 10 | 05
#1318-d193 @A: 14 19 02 31 | 02
#1319-d193 @A: 17 13 25 14 | 03
#1320-d193 @A: 17 14 10 08 | 09
#1321-d193 @A: 08 31 14 06 | 06
#1322-d193 @A: 26 09 25 12 | 08
#1323-d193 @A: 30 33 08 12 | 10
#1324-d193 @A: 04 12 11 24 | 11
#1325-d193 @A: 04 23 12 05 | 07
#1326-d193 @A: 12 04 30 31 | 01
#1327-d193 @A: 35 27 12 18 | 04
#1328-d193 @A: 29 12 15 18 | 12
#1329-d193 @A: 27 11 02 12 | 05
#1330-d193 @A: 15 12 13 21 | 02
#1331-d193 @A: 35 07 12 05 | 03
#1332-d193 @A: 03 12 13 02 | 09
#1333-d193 @A: 24 05 12 02 | 06
#1334-d193 @A: 17 32 12 02 | 08
#1335-d193 @A: 10 23 16 26 | 10
#1336-d193 @A: 26 16 25 20 | 11
#1337-d193 @A: 33 26 35 09 | 07
#1338-d193 @A: 33 26 03 31 | 01
#1339-d193 @A: 25 26 04 28 | 04
#1340-d193 @A: 26 20 23 04 | 12
#1341-d193 @A: 26 09 30 31 | 05
#1342-d193 @A: 27 26 11 01 | 02
#1343-d193 @A: 30 19 11 26 | 03
#1344-d193 @A: 35 27 21 26 | 09
#1345-d193 @A: 26 15 34 21 | 06
#1346-d193 @A: 26 03 19 01 | 08
#1347-d193 @A: 25 26 05 17 | 10
#1348-d193 @A: 20 26 24 02 | 11
#1349-d193 @A: 17 26 34 02 | 07
#1350-d193 @A: 08 31 26 10 | 01
#1351-d193 @A: 33 16 18 19 | 04
#1352-d193 @A: 01 21 16 33 | 12
#1353-d193 @A: 23 16 09 32 | 05
#1354-d193 @A: 16 31 09 02 | 02
#1355-d193 @A: 21 27 16 13 | 03
#1356-d193 @A: 08 16 07 03 | 09
#1357-d193 @A: 02 34 16 28 | 06
#1358-d193 @A: 19 15 27 16 | 08
#1359-d193 @A: 05 31 25 16 | 10
#1360-d193 @A: 19 20 16 31 | 11
#1361-d193 @A: 09 33 23 08 | 07
#1362-d193 @A: 33 08 18 20 | 01
#1363-d193 @A: 11 17 33 07 | 04
#1364-d193 @A: 21 30 10 33 | 12
#1365-d193 @A: 15 33 32 28 | 05
#1366-d193 @A: 33 23 28 06 | 02
#1367-d193 @A: 29 02 10 33 | 03
#1368-d193 @A: 08 33 24 01 | 09
#1369-d193 @A: 04 31 11 18 | 06
#1370-d193 @A: 03 11 04 01 | 08
#1371-d193 @A: 05 04 02 07 | 10
#1372-d193 @A: 10 04 07 25 | 11
#1373-d193 @A: 27 03 10 04 | 07
#1374-d193 @A: 04 13 15 30 | 01
#1375-d193 @A: 31 06 25 04 | 04
#1376-d193 @A: 10 09 30 18 | 12
#1377-d193 @A: 21 20 09 03 | 05
#1378-d193 @A: 09 19 30 07 | 02
#1379-d193 @A: 23 01 09 30 | 03
#1380-d193 @A: 09 25 20 05 | 09
#1381-d193 @A: 01 31 34 09 | 06
#1382-d193 @A: 18 01 11 30 | 08
#1383-d193 @A: 35 21 18 01 | 10
#1384-d193 @A: 31 21 18 29 | 11
#1385-d193 @A: 13 18 15 07 | 07
#1386-d193 @A: 17 07 18 01 | 01
#1387-d193 @A: 28 31 15 18 | 04
#1388-d193 @A: 19 28 23 18 | 12
#1389-d193 @A: 17 18 30 28 | 05
#1390-d193 @A: 03 18 35 15 | 02
#1391-d193 @A: 25 18 05 35 | 03
#1392-d193 @A: 31 34 20 18 | 09
#1393-d193 @A: 07 11 05 03 | 06
#1394-d193 @A: 03 08 29 11 | 08
#1395-d193 @A: 08 02 11 10 | 10
#1396-d193 @A: 34 11 17 13 | 11
#1397-d193 @A: 07 20 21 28 | 07
#1398-d193 @A: 27 06 21 07 | 01
#1399-d193 @A: 32 02 28 21 | 04
#1400-d193 @A: 01 15 27 21 | 12
#1401-d193 @A: 32 15 21 03 | 05
#1402-d193 @A: 31 21 10 17 | 02
#1403-d193 @A: 01 28 30 07 | 03
#1404-d193 @A: 31 30 07 24 | 09
#1405-d193 @A: 02 31 01 07 | 06
#1406-d193 @A: 30 34 28 27 | 08
#1407-d193 @A: 05 01 10 28 | 10
#1408-d193 @A: 17 28 25 10 | 11
#1409-d193 @A: 17 27 15 29 | 07
#1410-d193 @A: 32 05 06 15 | 01
#1411-d193 @A: 13 20 10 15 | 04
#1412-d193 @A: 15 32 17 25 | 12
#1413-d193 @A: 10 06 24 15 | 05
#1414-d193 @A: 23 20 24 05 | 02
#1415-d193 @A: 10 30 03 32 | 03
#1416-d193 @A: 25 34 05 30 | 09
#1417-d193 @A: 34 35 08 30 | 06
#1418-d193 @A: 34 20 03 35 | 08
#1419-d193 @A: 03 19 10 25 | 10
#1420-d193 @A: 17 31 25 03 | 11
#1421-d193 @A: 05 01 31 29 | 07
#1422-d193 @A: 18 33 14 22 | 01
#1423-d193 @A: 09 25 14 22 | 04
#1424-d193 @A: 22 27 14 19 | 12
#1425-d193 @A: 34 02 14 22 | 05
#1426-d193 @A: 29 08 12 22 | 02
#1427-d193 @A: 22 09 33 13 | 03
#1428-d193 @A: 22 11 30 06 | 09
#1429-d193 @A: 21 22 06 25 | 06
#1430-d193 @A: 28 27 17 22 | 08
#1431-d193 @A: 29 22 01 13 | 10
#1432-d193 @A: 10 25 22 08 | 11
#1433-d193 @A: 34 29 22 10 | 07
#1434-d193 @A: 14 32 27 12 | 01
#1435-d193 @A: 26 14 34 04 | 04
#1436-d193 @A: 13 14 26 32 | 12
#1437-d193 @A: 33 30 06 14 | 05
#1438-d193 @A: 18 14 07 04 | 02
#1439-d193 @A: 27 14 06 04 | 03
#1440-d193 @A: 15 21 14 05 | 09
#1441-d193 @A: 31 14 20 07 | 06
#1442-d193 @A: 14 28 27 20 | 08
#1443-d193 @A: 14 35 27 15 | 10
#1444-d193 @A: 17 14 34 32 | 11
#1445-d193 @A: 09 12 16 19 | 07
#1446-d193 @A: 11 28 16 12 | 01
#1447-d193 @A: 21 12 33 31 | 04
#1448-d193 @A: 15 08 12 28 | 12
#1449-d193 @A: 12 17 01 29 | 05
#1450-d193 @A: 25 35 01 12 | 02
#1451-d193 @A: 02 16 26 04 | 03
#1452-d193 @A: 26 28 16 19 | 09
#1453-d193 @A: 26 29 15 16 | 06
#1454-d193 @A: 24 21 26 33 | 08
#1455-d193 @A: 33 26 34 23 | 10
#1456-d193 @A: 25 18 26 03 | 11
#1457-d193 @A: 26 11 28 13 | 07
#1458-d193 @A: 29 01 07 26 | 01
#1459-d193 @A: 26 15 03 20 | 04
#1460-d193 @A: 29 07 33 16 | 12
#1461-d193 @A: 05 33 23 16 | 05
#1462-d193 @A: 06 16 03 33 | 02
#1463-d193 @A: 04 01 16 28 | 03
#1464-d193 @A: 16 25 24 04 | 09
#1465-d193 @A: 16 01 18 09 | 06
#1466-d193 @A: 35 16 30 09 | 08
#1467-d193 @A: 17 16 21 18 | 10
#1468-d193 @A: 16 08 30 18 | 11
#1469-d193 @A: 05 16 11 32 | 07
#1470-d193 @A: 07 28 25 16 | 01
#1471-d193 @A: 16 03 28 32 | 04
#1472-d193 @A: 16 32 15 31 | 12
#1473-d193 @A: 23 16 24 02 | 05
#1474-d193 @A: 30 16 01 19 | 02
#1475-d193 @A: 19 16 05 10 | 03
#1476-d193 @A: 20 10 16 35 | 09
#1477-d193 @A: 16 34 35 31 | 06
#1478-d193 @A: 04 33 34 15 | 08
#1479-d193 @A: 31 33 04 35 | 10
#1480-d193 @A: 33 18 09 02 | 11
#1481-d193 @A: 33 01 18 03 | 07
#1482-d193 @A: 21 03 33 17 | 01
#1483-d193 @A: 27 33 10 07 | 04
#1484-d193 @A: 01 06 33 07 | 12
#1485-d193 @A: 33 02 23 19 | 05
#1486-d193 @A: 03 33 29 32 | 02
#1487-d193 @A: 33 02 05 17 | 03
#1488-d193 @A: 24 33 05 31 | 09
#1489-d193 @A: 33 10 02 01 | 06
#1490-d193 @A: 32 13 33 02 | 08
#1491-d193 @A: 10 19 33 13 | 10
#1492-d193 @A: 34 29 04 09 | 11
#1493-d193 @A: 04 03 24 15 | 07
#1494-d193 @A: 05 04 17 10 | 01
#1495-d193 @A: 35 20 04 02 | 04
#1496-d193 @A: 04 20 34 32 | 12
#1497-d193 @A: 08 04 24 20 | 05
#1498-d193 @A: 31 24 17 04 | 02
#1499-d193 @A: 18 29 09 05 | 03
#1500-d193 @A: 07 09 32 11 | 09
#1501-d193 @A: 09 05 23 21 | 06
#1502-d193 @A: 21 30 09 06 | 08
#1503-d193 @A: 27 02 09 07 | 10
#1504-d193 @A: 27 03 35 09 | 11
#1505-d193 @A: 03 23 31 09 | 07
#1506-d193 @A: 10 09 08 05 | 01
#1507-d193 @A: 20 02 09 08 | 04
#1508-d193 @A: 25 09 02 06 | 12
#1509-d193 @A: 11 35 18 10 | 05
#1510-d193 @A: 02 21 19 18 | 02
#1511-d193 @A: 18 06 21 13 | 03
#1512-d193 @A: 18 07 35 28 | 09
#1513-d193 @A: 18 27 15 32 | 06
#1514-d193 @A: 27 18 30 29 | 08
#1515-d193 @A: 03 13 29 18 | 10
#1516-d193 @A: 32 18 20 13 | 11
#1517-d193 @A: 20 25 06 18 | 07
#1518-d193 @A: 02 34 18 35 | 01
#1519-d193 @A: 18 10 25 31 | 04
#1520-d193 @A: 24 07 28 11 | 12
#1521-d193 @A: 02 24 11 17 | 05
#1522-d193 @A: 13 21 30 23 | 02
#1523-d193 @A: 13 21 32 01 | 03
#1524-d193 @A: 13 19 34 21 | 09
#1525-d193 @A: 13 29 28 07 | 06
#1526-d193 @A: 05 07 27 01 | 08
#1527-d193 @A: 23 07 08 30 | 10
#1528-d193 @A: 31 03 07 34 | 11
#1529-d193 @A: 07 10 31 05 | 07
#1530-d193 @A: 31 07 32 17 | 01
#1531-d193 @A: 25 34 07 29 | 04
#1532-d193 @A: 07 31 06 35 | 12
#1533-d193 @A: 10 29 07 35 | 05
#1534-d193 @A: 28 27 03 24 | 02
#1535-d193 @A: 05 28 08 19 | 03
#1536-d193 @A: 02 10 31 28 | 09
#1537-d193 @A: 17 28 19 32 | 06
#1538-d193 @A: 31 28 29 06 | 08
#1539-d193 @A: 27 30 20 23 | 10
#1540-d193 @A: 23 25 31 27 | 11
#1541-d193 @A: 06 27 02 03 | 07
#1542-d193 @A: 10 17 01 27 | 01
#1543-d193 @A: 34 02 15 32 | 04
#1544-d193 @A: 15 02 31 25 | 12
#1545-d193 @A: 24 34 15 25 | 05
#1546-d193 @A: 15 25 35 13 | 02
#1547-d193 @A: 29 23 06 17 | 03
#1548-d193 @A: 23 35 25 10 | 09
#1549-d193 @A: 31 23 24 10 | 06
#1550-d193 @A: 30 32 19 20 | 08
#1551-d193 @A: 13 31 10 30 | 10
#1552-d193 @A: 31 30 29 34 | 11
#1553-d193 @A: 34 06 03 05 | 07
#1554-d193 @A: 29 31 08 20 | 01
#1555-d193 @A: 22 21 14 07 | 04
#1556-d193 @A: 14 03 13 22 | 12
#1557-d193 @A: 12 22 13 27 | 05
#1558-d193 @A: 22 23 04 33 | 02
#1559-d193 @A: 18 22 17 04 | 03
#1560-d193 @A: 07 22 18 23 | 09
#1561-d193 @A: 18 25 19 22 | 06
#1562-d193 @A: 22 11 17 03 | 08
#1563-d193 @A: 29 22 21 03 | 10
#1564-d193 @A: 27 35 07 22 | 11
#1565-d193 @A: 22 25 03 27 | 07
#1566-d193 @A: 30 19 22 15 | 01
#1567-d193 @A: 22 30 25 23 | 04
#1568-d193 @A: 23 22 29 31 | 12
#1569-d193 @A: 05 22 34 31 | 05
#1570-d193 @A: 05 06 22 08 | 02
#1571-d193 @A: 19 12 28 14 | 03
#1572-d193 @A: 26 14 32 29 | 09
#1573-d193 @A: 34 33 14 21 | 06
#1574-d193 @A: 01 14 35 33 | 08
#1575-d193 @A: 29 09 07 14 | 10
#1576-d193 @A: 09 06 14 28 | 11
#1577-d193 @A: 30 14 09 02 | 07
#1578-d193 @A: 14 09 32 03 | 01
#1579-d193 @A: 14 21 31 03 | 04
#1580-d193 @A: 14 35 32 21 | 12
#1581-d193 @A: 10 15 14 30 | 05
#1582-d193 @A: 19 08 32 14 | 02
#1583-d193 @A: 24 35 13 14 | 03
#1584-d193 @A: 12 26 19 23 | 09
#1585-d193 @A: 12 23 06 16 | 06
#1586-d193 @A: 12 33 20 27 | 08
#1587-d193 @A: 25 12 15 04 | 10
#1588-d193 @A: 12 11 17 18 | 11
#1589-d193 @A: 18 12 10 03 | 07
#1590-d193 @A: 15 20 12 07 | 01
#1591-d193 @A: 30 07 25 12 | 04
#1592-d193 @A: 07 10 12 19 | 12
#1593-d193 @A: 27 29 12 03 | 05
#1594-d193 @A: 19 12 32 05 | 02
#1595-d193 @A: 20 12 35 17 | 03
#1596-d193 @A: 12 29 10 25 | 09
#1597-d193 @A: 05 06 26 33 | 06
#1598-d193 @A: 26 33 29 19 | 08
#1599-d193 @A: 04 11 32 26 | 10
#1600-d193 @A: 08 28 23 26 | 11
#1601-d193 @A: 26 28 10 30 | 07
#1602-d193 @A: 20 26 32 28 | 01
#1603-d193 @A: 26 17 28 31 | 04
#1604-d193 @A: 13 20 27 26 | 12
#1605-d193 @A: 01 26 20 31 | 05
#1606-d193 @A: 01 26 10 34 | 02
#1607-d193 @A: 33 30 20 16 | 03
#1608-d193 @A: 16 04 13 23 | 09
#1609-d193 @A: 17 16 04 29 | 06
#1610-d193 @A: 31 08 16 04 | 08
#1611-d193 @A: 06 15 18 16 | 10
#1612-d193 @A: 16 18 34 03 | 11
#1613-d193 @A: 20 18 02 16 | 07
#1614-d193 @A: 16 03 21 02 | 01
#1615-d193 @A: 16 07 23 27 | 04
#1616-d193 @A: 08 01 02 16 | 12
#1617-d193 @A: 08 19 16 25 | 05
#1618-d193 @A: 04 20 09 33 | 02
#1619-d193 @A: 04 08 33 03 | 03
#1620-d193 @A: 13 11 18 33 | 09
#1621-d193 @A: 11 19 33 21 | 06
#1622-d193 @A: 29 20 33 11 | 08
#1623-d193 @A: 07 13 30 33 | 10
#1624-d193 @A: 27 33 23 35 | 11
#1625-d193 @A: 32 33 03 24 | 07
#1626-d193 @A: 06 31 19 33 | 01
#1627-d193 @A: 29 34 33 17 | 04
#1628-d193 @A: 33 13 31 29 | 12
#1629-d193 @A: 02 04 03 09 | 05
#1630-d193 @A: 04 34 18 28 | 02
#1631-d193 @A: 06 19 04 18 | 03
#1632-d193 @A: 27 07 04 24 | 09
#1633-d193 @A: 04 23 01 15 | 06
#1634-d193 @A: 31 04 05 20 | 08
#1635-d193 @A: 04 13 24 02 | 10
#1636-d193 @A: 09 13 28 18 | 11
#1637-d193 @A: 03 06 18 09 | 07
#1638-d193 @A: 11 30 20 09 | 01
#1639-d193 @A: 17 09 01 11 | 04
#1640-d193 @A: 08 07 28 09 | 12
#1641-d193 @A: 15 02 09 10 | 05
#1642-d193 @A: 05 09 13 01 | 02
#1643-d193 @A: 25 24 09 31 | 03
#1644-d193 @A: 03 21 18 08 | 09
#1645-d193 @A: 19 18 03 07 | 06
#1646-d193 @A: 18 27 01 34 | 08
#1647-d193 @A: 30 18 15 20 | 10
#1648-d193 @A: 02 05 18 08 | 11
#1649-d193 @A: 32 17 18 10 | 07
#1650-d193 @A: 17 35 18 31 | 01
#1651-d193 @A: 30 11 28 25 | 04
#1652-d193 @A: 23 15 06 11 | 12
#1653-d193 @A: 15 20 32 11 | 05
#1654-d193 @A: 17 08 11 05 | 02
#1655-d193 @A: 13 31 20 11 | 03
#1656-d193 @A: 19 06 08 11 | 09
#1657-d193 @A: 11 13 06 35 | 06
#1658-d193 @A: 28 08 21 27 | 08
#1659-d193 @A: 21 20 17 32 | 10
#1660-d193 @A: 08 21 20 35 | 11
#1661-d193 @A: 29 21 19 32 | 07
#1662-d193 @A: 21 06 10 29 | 01
#1663-d193 @A: 34 05 08 07 | 04
#1664-d193 @A: 19 07 20 02 | 12
#1665-d193 @A: 07 20 24 34 | 05
#1666-d193 @A: 34 01 25 07 | 02
#1667-d193 @A: 30 28 01 29 | 03
#1668-d193 @A: 29 24 28 02 | 09
#1669-d193 @A: 06 02 08 28 | 06
#1670-d193 @A: 28 01 06 31 | 08
#1671-d193 @A: 19 25 06 28 | 10
#1672-d193 @A: 19 27 03 23 | 11
#1673-d193 @A: 20 17 06 27 | 07
#1674-d193 @A: 27 08 19 13 | 01
#1675-d193 @A: 17 32 27 13 | 04
#1676-d193 @A: 34 31 06 27 | 12
#1677-d193 @A: 03 01 08 15 | 05
#1678-d193 @A: 20 19 15 25 | 02
#1679-d193 @A: 01 25 06 15 | 03
#1680-d193 @A: 01 34 35 15 | 09
#1681-d193 @A: 15 19 17 24 | 06
#1682-d193 @A: 29 23 32 30 | 08
#1683-d193 @A: 35 23 05 01 | 10
#1684-d193 @A: 23 17 34 31 | 11
#1685-d193 @A: 06 31 32 30 | 07
#1686-d193 @A: 10 35 31 03 | 01
#1687-d193 @A: 13 08 05 29 | 04
#1688-d193 @A: 34 29 02 01 | 12
#1689-d193 @A: 25 01 29 24 | 05
