#0001-d201 @A: 32 17 33 09 | 09
#0002-d201 @A: 21 33 17 03 | 10
#0003-d201 @A: 25 01 27 33 | 03
#0004-d201 @A: 18 33 23 32 | 12
#0005-d201 @A: 32 33 30 22 | 01
#0006-d201 @A: 35 12 10 33 | 04
#0007-d201 @A: 33 06 02 11 | 02
#0008-d201 @A: 33 27 19 11 | 07
#0009-d201 @A: 19 24 21 33 | 05
#0010-d201 @A: 33 18 31 21 | 11
#0011-d201 @A: 33 10 05 24 | 08
#0012-d201 @A: 22 33 34 24 | 06
#0013-d201 @A: 15 27 33 24 | 09
#0014-d201 @A: 16 18 33 13 | 10
#0015-d201 @A: 33 22 18 15 | 03
#0016-d201 @A: 33 34 30 18 | 12
#0017-d201 @A: 33 27 09 22 | 01
#0018-d201 @A: 10 33 03 04 | 04
#0019-d201 @A: 33 01 04 06 | 02
#0020-d201 @A: 08 10 01 33 | 07
#0021-d201 @A: 29 21 07 15 | 05
#0022-d201 @A: 05 29 17 30 | 11
#0023-d201 @A: 27 17 15 29 | 08
#0024-d201 @A: 25 30 29 32 | 06
#0025-d201 @A: 35 34 32 29 | 09
#0026-d201 @A: 29 22 32 13 | 10
#0027-d201 @A: 20 09 23 29 | 03
#0028-d201 @A: 05 23 29 02 | 12
#0029-d201 @A: 29 23 10 03 | 01
#0030-d201 @A: 16 12 29 21 | 04
#0031-d201 @A: 19 29 21 01 | 02
#0032-d201 @A: 34 12 02 29 | 07
#0033-d201 @A: 24 29 05 04 | 05
#0034-d201 @A: 09 13 24 29 | 11
#0035-d201 @A: 02 29 08 22 | 08
#0036-d201 @A: 34 16 29 30 | 06
#0037-d201 @A: 26 29 09 14 | 09
#0038-d201 @A: 07 19 35 17 | 10
#0039-d201 @A: 03 22 07 17 | 03
#0040-d201 @A: 02 19 07 25 | 12
#0041-d201 @A: 07 20 35 18 | 01
#0042-d201 @A: 28 07 27 35 | 04
#0043-d201 @A: 35 14 07 18 | 02
#0044-d201 @A: 31 07 27 11 | 07
#0045-d201 @A: 26 11 18 07 | 05
#0046-d201 @A: 26 07 21 20 | 11
#0047-d201 @A: 10 07 02 23 | 08
#0048-d201 @A: 30 07 23 04 | 06
#0049-d201 @A: 21 07 19 14 | 09
#0050-d201 @A: 02 12 07 01 | 10
#0051-d201 @A: 05 07 10 31 | 03
#0052-d201 @A: 01 05 07 16 | 12
#0053-d201 @A: 16 22 06 07 | 01
#0054-d201 @A: 15 03 19 07 | 04
#0055-d201 @A: 07 34 09 19 | 02
#0056-d201 @A: 04 21 25 17 | 07
#0057-d201 @A: 17 01 25 18 | 05
#0058-d201 @A: 23 08 17 32 | 11
#0059-d201 @A: 03 12 17 11 | 08
#0060-d201 @A: 05 20 17 06 | 06
#0061-d201 @A: 17 31 26 20 | 09
#0062-d201 @A: 13 01 17 20 | 10
#0063-d201 @A: 17 21 22 12 | 03
#0064-d201 @A: 16 01 34 17 | 12
#0065-d201 @A: 25 12 03 35 | 01
#0066-d201 @A: 11 28 26 25 | 04
#0067-d201 @A: 25 14 20 19 | 02
#0068-d201 @A: 25 10 06 23 | 07
#0069-d201 @A: 21 06 25 28 | 05
#0070-d201 @A: 05 25 28 15 | 11
#0071-d201 @A: 02 04 24 25 | 08
#0072-d201 @A: 25 09 13 04 | 06
#0073-d201 @A: 25 09 16 10 | 09
#0074-d201 @A: 18 34 03 25 | 10
#0075-d201 @A: 19 27 03 25 | 03
#0076-d201 @A: 25 10 01 03 | 12
#0077-d201 @A: 20 08 32 18 | 01
#0078-d201 @A: 32 06 02 23 | 04
#0079-d201 @A: 31 32 10 28 | 02
#0080-d201 @A: 28 14 32 03 | 07
#0081-d201 @A: 01 32 24 14 | 05
#0082-d201 @A: 27 32 10 02 | 11
#0083-d201 @A: 16 06 32 30 | 08
#0084-d201 @A: 32 34 14 26 | 06
#0085-d201 @A: 35 15 28 11 | 09
#0086-d201 @A: 12 35 27 11 | 10
#0087-d201 @A: 06 28 35 20 | 03
#0088-d201 @A: 35 14 12 23 | 12
#0089-d201 @A: 08 28 22 35 | 01
#0090-d201 @A: 35 05 12 16 | 04
#0091-d201 @A: 08 05 02 35 | 02
#0092-d201 @A: 03 30 05 35 | 07
#0093-d201 @A: 14 03 27 35 | 05
#0094-d201 @A: 01 19 35 30 | 11
#0095-d201 @A: 11 06 20 23 | 08
#0096-d201 @A: 24 21 30 11 | 06
#0097-d201 @A: 09 21 31 11 | 09
#0098-d201 @A: 34 13 21 11 | 10
#0099-d201 @A: 11 09 34 05 | 03
#0100-d201 @A: 19 11 14 05 | 12
#0101-d201 @A: 22 11 02 34 | 01
#0102-d201 @A: 30 11 01 06 | 04
#0103-d201 @A: 21 20 08 23 | 02
#0104-d201 @A: 13 02 20 27 | 07
#0105-d201 @A: 18 20 02 03 | 05
#0106-d201 @A: 06 20 30 13 | 11
#0107-d201 @A: 16 03 19 20 | 08
#0108-d201 @A: 20 06 22 03 | 06
#0109-d201 @A: 27 03 08 20 | 09
#0110-d201 @A: 06 04 09 20 | 10
#0111-d201 @A: 19 18 23 28 | 03
#0112-d201 @A: 13 23 05 27 | 12
#0113-d201 @A: 06 23 30 08 | 01
#0114-d201 @A: 12 14 34 28 | 04
#0115-d201 @A: 15 06 12 28 | 02
#0116-d201 @A: 14 24 02 28 | 07
#0117-d201 @A: 34 30 10 28 | 05
#0118-d201 @A: 26 04 01 28 | 11
#0119-d201 @A: 28 06 14 04 | 08
#0120-d201 @A: 30 10 21 16 | 06
#0121-d201 @A: 14 21 16 10 | 09
#0122-d201 @A: 04 03 21 27 | 10
#0123-d201 @A: 21 08 10 03 | 03
#0124-d201 @A: 18 12 30 01 | 12
#0125-d201 @A: 03 19 09 05 | 01
#0126-d201 @A: 18 24 01 09 | 04
#0127-d201 @A: 24 09 22 03 | 02
#0128-d201 @A: 15 08 24 22 | 07
#0129-d201 @A: 01 03 24 19 | 05
#0130-d201 @A: 26 19 24 34 | 11
#0131-d201 @A: 09 34 02 16 | 08
#0132-d201 @A: 01 16 02 08 | 06
#0133-d201 @A: 19 34 03 02 | 09
#0134-d201 @A: 13 19 08 31 | 10
#0135-d201 @A: 16 27 31 04 | 03
#0136-d201 @A: 06 19 31 18 | 12
#0137-d201 @A: 34 13 19 10 | 01
#0138-d201 @A: 22 19 08 14 | 04
#0139-d201 @A: 33 29 19 25 | 02
#0140-d201 @A: 23 17 33 10 | 07
#0141-d201 @A: 24 01 17 33 | 05
#0142-d201 @A: 14 17 33 06 | 11
#0143-d201 @A: 20 33 10 25 | 08
#0144-d201 @A: 09 25 33 02 | 06
#0145-d201 @A: 02 32 35 33 | 09
#0146-d201 @A: 35 20 33 34 | 10
#0147-d201 @A: 33 05 35 27 | 03
#0148-d201 @A: 01 09 20 33 | 12
#0149-d201 @A: 26 24 33 13 | 01
#0150-d201 @A: 04 29 35 07 | 04
#0151-d201 @A: 29 07 19 28 | 02
#0152-d201 @A: 12 09 07 29 | 07
#0153-d201 @A: 26 31 29 07 | 05
#0154-d201 @A: 13 17 10 29 | 11
#0155-d201 @A: 17 06 29 01 | 08
#0156-d201 @A: 25 29 31 01 | 06
#0157-d201 @A: 29 13 25 06 | 09
#0158-d201 @A: 26 28 32 29 | 10
#0159-d201 @A: 21 29 35 20 | 03
#0160-d201 @A: 35 28 29 02 | 12
#0161-d201 @A: 14 16 29 35 | 01
#0162-d201 @A: 30 29 35 14 | 04
#0163-d201 @A: 23 28 15 29 | 02
#0164-d201 @A: 23 13 19 29 | 07
#0165-d201 @A: 28 10 29 05 | 05
#0166-d201 @A: 34 28 31 29 | 11
#0167-d201 @A: 22 14 29 28 | 08
#0168-d201 @A: 29 21 34 05 | 06
#0169-d201 @A: 21 08 04 29 | 09
#0170-d201 @A: 10 01 29 22 | 10
#0171-d201 @A: 19 03 26 29 | 03
#0172-d201 @A: 29 01 34 15 | 12
#0173-d201 @A: 04 29 06 15 | 01
#0174-d201 @A: 23 14 17 07 | 04
#0175-d201 @A: 21 06 17 07 | 02
#0176-d201 @A: 25 35 07 26 | 07
#0177-d201 @A: 20 27 07 25 | 05
#0178-d201 @A: 22 07 25 24 | 11
#0179-d201 @A: 32 07 21 12 | 08
#0180-d201 @A: 18 05 32 07 | 06
#0181-d201 @A: 12 08 24 07 | 09
#0182-d201 @A: 02 26 07 24 | 10
#0183-d201 @A: 24 07 31 03 | 03
#0184-d201 @A: 14 07 02 04 | 12
#0185-d201 @A: 18 22 07 30 | 01
#0186-d201 @A: 17 22 25 35 | 04
#0187-d201 @A: 25 11 23 17 | 02
#0188-d201 @A: 17 32 04 11 | 07
#0189-d201 @A: 17 04 20 14 | 05
#0190-d201 @A: 30 17 34 12 | 11
#0191-d201 @A: 15 18 05 17 | 08
#0192-d201 @A: 30 02 24 17 | 06
#0193-d201 @A: 17 03 09 13 | 09
#0194-d201 @A: 17 16 30 22 | 10
#0195-d201 @A: 03 30 17 18 | 03
#0196-d201 @A: 04 17 03 19 | 12
#0197-d201 @A: 19 08 01 17 | 01
#0198-d201 @A: 10 15 17 06 | 04
#0199-d201 @A: 25 20 32 09 | 02
#0200-d201 @A: 23 25 20 01 | 07
#0201-d201 @A: 25 12 06 20 | 05
#0202-d201 @A: 30 02 20 25 | 11
#0203-d201 @A: 08 24 23 25 | 08
#0204-d201 @A: 02 23 25 03 | 06
#0205-d201 @A: 27 23 25 16 | 09
#0206-d201 @A: 21 02 05 25 | 10
#0207-d201 @A: 12 13 25 27 | 03
#0208-d201 @A: 05 06 34 25 | 12
#0209-d201 @A: 24 10 13 25 | 01
#0210-d201 @A: 01 14 25 31 | 04
#0211-d201 @A: 27 18 25 08 | 02
#0212-d201 @A: 25 10 22 34 | 07
#0213-d201 @A: 06 09 27 25 | 05
#0214-d201 @A: 26 34 25 09 | 11
#0215-d201 @A: 04 27 25 34 | 08
#0216-d201 @A: 27 10 15 25 | 06
#0217-d201 @A: 32 27 35 20 | 09
#0218-d201 @A: 21 32 26 11 | 10
#0219-d201 @A: 13 32 09 11 | 03
#0220-d201 @A: 16 20 12 32 | 12
#0221-d201 @A: 08 14 32 20 | 01
#0222-d201 @A: 01 23 05 32 | 04
#0223-d201 @A: 24 19 32 28 | 02
#0224-d201 @A: 05 21 10 32 | 07
#0225-d201 @A: 12 32 19 02 | 05
#0226-d201 @A: 30 32 09 19 | 11
#0227-d201 @A: 32 06 04 19 | 08
#0228-d201 @A: 19 24 35 11 | 06
#0229-d201 @A: 22 11 35 13 | 09
#0230-d201 @A: 20 23 30 35 | 10
#0231-d201 @A: 31 10 23 35 | 03
#0232-d201 @A: 35 05 21 06 | 12
#0233-d201 @A: 02 34 35 21 | 01
#0234-d201 @A: 35 09 30 02 | 04
#0235-d201 @A: 04 35 03 06 | 02
#0236-d201 @A: 15 34 35 09 | 07
#0237-d201 @A: 06 28 11 24 | 05
#0238-d201 @A: 21 05 11 22 | 11
#0239-d201 @A: 30 11 12 16 | 08
#0240-d201 @A: 12 11 04 01 | 06
#0241-d201 @A: 13 08 11 01 | 09
#0242-d201 @A: 14 13 19 11 | 10
#0243-d201 @A: 16 15 11 03 | 03
#0244-d201 @A: 01 11 03 09 | 12
#0245-d201 @A: 11 10 04 34 | 01
#0246-d201 @A: 30 28 20 14 | 04
#0247-d201 @A: 19 31 20 21 | 02
#0248-d201 @A: 14 05 31 20 | 07
#0249-d201 @A: 31 18 20 24 | 05
#0250-d201 @A: 02 01 20 34 | 11
#0251-d201 @A: 20 06 34 18 | 08
#0252-d201 @A: 22 15 20 34 | 06
#0253-d201 @A: 20 34 08 09 | 09
#0254-d201 @A: 01 06 20 15 | 10
#0255-d201 @A: 20 19 08 06 | 03
#0256-d201 @A: 02 23 28 27 | 12
#0257-d201 @A: 28 06 23 13 | 01
#0258-d201 @A: 23 18 27 24 | 04
#0259-d201 @A: 34 02 04 23 | 02
#0260-d201 @A: 01 03 06 23 | 07
#0261-d201 @A: 14 06 09 23 | 05
#0262-d201 @A: 14 21 28 08 | 11
#0263-d201 @A: 16 28 05 13 | 08
#0264-d201 @A: 19 28 26 22 | 06
#0265-d201 @A: 15 09 26 28 | 09
#0266-d201 @A: 05 12 30 21 | 10
#0267-d201 @A: 13 21 10 12 | 03
#0268-d201 @A: 21 24 05 01 | 12
#0269-d201 @A: 15 13 21 05 | 01
#0270-d201 @A: 21 03 05 16 | 04
#0271-d201 @A: 13 24 22 21 | 02
#0272-d201 @A: 01 22 21 02 | 07
#0273-d201 @A: 22 14 31 21 | 05
#0274-d201 @A: 06 21 30 31 | 11
#0275-d201 @A: 24 19 31 12 | 08
#0276-d201 @A: 13 12 01 24 | 06
#0277-d201 @A: 22 19 12 08 | 09
#0278-d201 @A: 12 27 04 10 | 10
#0279-d201 @A: 10 01 12 34 | 03
#0280-d201 @A: 24 05 08 19 | 12
#0281-d201 @A: 09 16 05 18 | 01
#0282-d201 @A: 14 09 22 05 | 04
#0283-d201 @A: 22 27 26 24 | 02
#0284-d201 @A: 30 06 24 15 | 07
#0285-d201 @A: 16 13 10 02 | 05
#0286-d201 @A: 18 06 16 02 | 11
#0287-d201 @A: 02 10 03 09 | 08
#0288-d201 @A: 02 09 08 26 | 06
#0289-d201 @A: 30 26 34 02 | 09
#0290-d201 @A: 16 31 09 22 | 10
#0291-d201 @A: 15 31 19 16 | 03
#0292-d201 @A: 31 04 15 18 | 12
#0293-d201 @A: 03 31 15 06 | 01
#0294-d201 @A: 14 30 04 09 | 04
#0295-d201 @A: 29 34 33 17 | 02
#0296-d201 @A: 13 29 33 15 | 07
#0297-d201 @A: 33 25 07 06 | 05
#0298-d201 @A: 33 02 27 07 | 11
#0299-d201 @A: 31 07 33 34 | 08
#0300-d201 @A: 32 25 34 33 | 06
#0301-d201 @A: 28 32 33 27 | 09
#0302-d201 @A: 33 23 35 26 | 10
#0303-d201 @A: 30 11 20 33 | 03
#0304-d201 @A: 28 34 11 33 | 12
#0305-d201 @A: 33 12 23 22 | 01
#0306-d201 @A: 04 22 33 28 | 04
#0307-d201 @A: 21 33 12 26 | 02
#0308-d201 @A: 02 03 12 33 | 07
#0309-d201 @A: 33 27 12 31 | 05
#0310-d201 @A: 01 33 02 31 | 11
#0311-d201 @A: 14 33 02 30 | 08
#0312-d201 @A: 16 09 33 04 | 06
#0313-d201 @A: 34 33 16 27 | 09
#0314-d201 @A: 26 33 10 14 | 10
#0315-d201 @A: 33 30 08 04 | 03
#0316-d201 @A: 17 02 29 11 | 12
#0317-d201 @A: 23 29 17 18 | 01
#0318-d201 @A: 29 22 25 05 | 04
#0319-d201 @A: 29 01 32 09 | 02
#0320-d201 @A: 12 35 29 22 | 07
#0321-d201 @A: 35 13 01 29 | 05
#0322-d201 @A: 29 15 05 11 | 11
#0323-d201 @A: 20 08 29 05 | 08
#0324-d201 @A: 27 23 31 29 | 06
#0325-d201 @A: 23 29 19 14 | 09
#0326-d201 @A: 31 09 29 02 | 10
#0327-d201 @A: 13 04 14 29 | 03
#0328-d201 @A: 29 09 16 19 | 12
#0329-d201 @A: 29 16 27 01 | 01
#0330-d201 @A: 09 15 29 18 | 04
#0331-d201 @A: 30 15 29 03 | 02
#0332-d201 @A: 10 29 34 08 | 07
#0333-d201 @A: 08 28 07 17 | 05
#0334-d201 @A: 19 07 32 11 | 11
#0335-d201 @A: 07 24 10 32 | 08
#0336-d201 @A: 35 03 21 07 | 06
#0337-d201 @A: 22 12 11 07 | 09
#0338-d201 @A: 12 07 20 03 | 10
#0339-d201 @A: 02 15 20 07 | 03
#0340-d201 @A: 13 01 07 28 | 12
#0341-d201 @A: 18 28 09 07 | 01
#0342-d201 @A: 07 13 05 30 | 04
#0343-d201 @A: 07 24 04 27 | 02
#0344-d201 @A: 22 15 13 07 | 07
#0345-d201 @A: 04 07 19 08 | 05
#0346-d201 @A: 17 25 13 34 | 11
#0347-d201 @A: 06 32 17 28 | 08
#0348-d201 @A: 13 17 32 30 | 06
#0349-d201 @A: 35 17 21 08 | 09
#0350-d201 @A: 17 30 15 35 | 10
#0351-d201 @A: 17 11 15 21 | 03
#0352-d201 @A: 23 12 15 17 | 12
#0353-d201 @A: 23 31 09 17 | 01
#0354-d201 @A: 26 04 17 23 | 04
#0355-d201 @A: 28 17 05 04 | 02
#0356-d201 @A: 17 08 27 06 | 07
#0357-d201 @A: 25 18 23 35 | 05
#0358-d201 @A: 25 28 35 04 | 11
#0359-d201 @A: 01 05 25 11 | 08
#0360-d201 @A: 25 22 11 30 | 06
#0361-d201 @A: 25 23 21 26 | 09
#0362-d201 @A: 01 25 13 02 | 10
#0363-d201 @A: 25 31 09 03 | 03
#0364-d201 @A: 25 18 30 09 | 12
#0365-d201 @A: 06 25 14 30 | 01
#0366-d201 @A: 25 15 14 04 | 04
#0367-d201 @A: 32 14 20 35 | 02
#0368-d201 @A: 24 11 03 32 | 07
#0369-d201 @A: 20 34 32 24 | 05
#0370-d201 @A: 32 34 21 23 | 11
#0371-d201 @A: 21 15 32 31 | 08
#0372-d201 @A: 09 12 05 32 | 06
#0373-d201 @A: 27 12 24 32 | 09
#0374-d201 @A: 32 12 03 26 | 10
#0375-d201 @A: 32 05 02 14 | 03
#0376-d201 @A: 31 30 32 24 | 12
#0377-d201 @A: 32 13 15 24 | 01
#0378-d201 @A: 26 35 05 11 | 04
#0379-d201 @A: 35 23 28 01 | 02
#0380-d201 @A: 15 35 21 23 | 07
#0381-d201 @A: 28 09 14 35 | 05
#0382-d201 @A: 35 28 26 34 | 11
#0383-d201 @A: 12 08 31 35 | 08
#0384-d201 @A: 13 26 02 35 | 06
#0385-d201 @A: 02 19 35 06 | 09
#0386-d201 @A: 08 35 16 15 | 10
#0387-d201 @A: 35 18 04 22 | 03
#0388-d201 @A: 19 18 35 10 | 12
#0389-d201 @A: 11 02 24 15 | 01
#0390-d201 @A: 11 30 03 26 | 04
#0391-d201 @A: 27 11 08 34 | 02
#0392-d201 @A: 04 27 26 11 | 07
#0393-d201 @A: 22 24 20 23 | 05
#0394-d201 @A: 02 26 23 20 | 11
#0395-d201 @A: 04 20 12 21 | 08
#0396-d201 @A: 08 24 02 20 | 06
#0397-d201 @A: 27 01 22 20 | 09
#0398-d201 @A: 04 20 19 27 | 10
#0399-d201 @A: 14 10 20 06 | 03
#0400-d201 @A: 26 12 28 23 | 12
#0401-d201 @A: 08 31 23 28 | 01
#0402-d201 @A: 21 23 06 12 | 04
#0403-d201 @A: 23 02 18 21 | 02
#0404-d201 @A: 12 13 09 23 | 07
#0405-d201 @A: 16 05 23 30 | 05
#0406-d201 @A: 23 06 24 31 | 11
#0407-d201 @A: 23 30 13 24 | 08
#0408-d201 @A: 23 14 08 13 | 06
#0409-d201 @A: 19 23 16 01 | 09
#0410-d201 @A: 15 23 16 10 | 10
#0411-d201 @A: 03 27 23 26 | 03
#0412-d201 @A: 08 19 23 09 | 12
#0413-d201 @A: 15 23 34 26 | 01
#0414-d201 @A: 21 28 19 05 | 04
#0415-d201 @A: 05 28 09 31 | 02
#0416-d201 @A: 02 28 31 15 | 07
#0417-d201 @A: 34 16 28 06 | 05
#0418-d201 @A: 28 16 30 19 | 11
#0419-d201 @A: 05 14 30 21 | 08
#0420-d201 @A: 26 18 06 21 | 06
#0421-d201 @A: 21 30 15 09 | 09
#0422-d201 @A: 30 21 34 27 | 10
#0423-d201 @A: 08 30 01 21 | 03
#0424-d201 @A: 16 12 03 10 | 12
#0425-d201 @A: 18 12 26 08 | 01
#0426-d201 @A: 01 27 12 26 | 04
#0427-d201 @A: 24 05 26 18 | 02
#0428-d201 @A: 03 18 04 05 | 07
#0429-d201 @A: 22 05 08 04 | 05
#0430-d201 @A: 14 06 08 05 | 11
#0431-d201 @A: 27 34 01 24 | 08
#0432-d201 @A: 31 02 10 26 | 06
#0433-d201 @A: 19 04 26 02 | 09
#0434-d201 @A: 15 13 31 09 | 10
#0435-d201 @A: 01 03 27 31 | 03
#0436-d201 @A: 27 26 15 31 | 12
#0437-d201 @A: 16 27 13 22 | 01
#0438-d201 @A: 03 01 13 16 | 04
#0439-d201 @A: 09 13 16 30 | 02
#0440-d201 @A: 13 04 06 22 | 07
#0441-d201 @A: 30 08 13 22 | 05
#0442-d201 @A: 22 01 14 16 | 11
#0443-d201 @A: 01 29 33 11 | 08
#0444-d201 @A: 33 29 02 16 | 06
#0445-d201 @A: 33 35 07 11 | 09
#0446-d201 @A: 33 17 28 30 | 10
#0447-d201 @A: 33 16 17 05 | 03
#0448-d201 @A: 03 33 25 05 | 12
#0449-d201 @A: 16 21 32 33 | 01
#0450-d201 @A: 14 32 19 33 | 04
#0451-d201 @A: 33 21 20 02 | 02
#0452-d201 @A: 02 15 33 23 | 07
#0453-d201 @A: 33 30 03 23 | 05
#0454-d201 @A: 33 28 08 15 | 11
#0455-d201 @A: 31 09 24 33 | 08
#0456-d201 @A: 13 02 33 22 | 06
#0457-d201 @A: 18 03 08 33 | 09
#0458-d201 @A: 15 09 33 06 | 10
#0459-d201 @A: 25 27 29 35 | 03
#0460-d201 @A: 02 25 29 26 | 12
#0461-d201 @A: 35 19 05 29 | 01
#0462-d201 @A: 23 29 04 11 | 04
#0463-d201 @A: 01 20 24 29 | 02
#0464-d201 @A: 12 29 30 23 | 07
#0465-d201 @A: 13 29 21 31 | 05
#0466-d201 @A: 21 18 29 30 | 11
#0467-d201 @A: 14 01 12 29 | 08
#0468-d201 @A: 05 14 03 29 | 06
#0469-d201 @A: 01 29 02 03 | 09
#0470-d201 @A: 29 30 26 06 | 10
#0471-d201 @A: 11 17 07 01 | 03
#0472-d201 @A: 21 25 30 07 | 12
#0473-d201 @A: 22 35 07 32 | 01
#0474-d201 @A: 07 13 35 09 | 04
#0475-d201 @A: 21 02 11 07 | 02
#0476-d201 @A: 05 07 13 14 | 07
#0477-d201 @A: 07 13 31 14 | 05
#0478-d201 @A: 15 07 06 34 | 11
#0479-d201 @A: 30 08 34 07 | 08
#0480-d201 @A: 19 07 30 06 | 06
#0481-d201 @A: 24 22 32 17 | 09
#0482-d201 @A: 01 17 32 31 | 10
#0483-d201 @A: 17 35 04 13 | 03
#0484-d201 @A: 21 27 20 17 | 12
#0485-d201 @A: 20 18 04 17 | 01
#0486-d201 @A: 12 02 08 17 | 04
#0487-d201 @A: 17 05 10 01 | 02
#0488-d201 @A: 24 13 18 17 | 07
#0489-d201 @A: 14 22 13 17 | 05
#0490-d201 @A: 08 18 17 16 | 11
#0491-d201 @A: 22 15 19 17 | 08
#0492-d201 @A: 25 15 12 32 | 06
#0493-d201 @A: 20 16 21 25 | 09
#0494-d201 @A: 19 24 25 20 | 10
#0495-d201 @A: 25 09 23 15 | 03
#0496-d201 @A: 13 21 08 25 | 12
#0497-d201 @A: 25 05 09 24 | 01
#0498-d201 @A: 25 30 24 27 | 04
#0499-d201 @A: 25 08 01 09 | 02
#0500-d201 @A: 35 31 09 32 | 07
#0501-d201 @A: 13 32 08 35 | 05
#0502-d201 @A: 22 32 11 20 | 11
#0503-d201 @A: 32 20 06 21 | 08
#0504-d201 @A: 32 04 28 12 | 06
#0505-d201 @A: 32 21 13 01 | 09
#0506-d201 @A: 22 21 32 04 | 10
#0507-d201 @A: 09 21 32 08 | 03
#0508-d201 @A: 24 09 32 16 | 12
#0509-d201 @A: 24 04 18 32 | 01
#0510-d201 @A: 32 15 02 03 | 04
#0511-d201 @A: 14 32 16 06 | 02
#0512-d201 @A: 16 15 04 32 | 07
#0513-d201 @A: 32 15 14 30 | 05
#0514-d201 @A: 23 08 35 11 | 11
#0515-d201 @A: 20 10 02 35 | 08
#0516-d201 @A: 28 35 31 13 | 06
#0517-d201 @A: 27 21 24 35 | 09
#0518-d201 @A: 35 04 12 02 | 10
#0519-d201 @A: 35 13 10 05 | 03
#0520-d201 @A: 14 35 05 10 | 12
#0521-d201 @A: 03 02 35 24 | 01
#0522-d201 @A: 15 14 35 31 | 04
#0523-d201 @A: 35 09 04 27 | 02
#0524-d201 @A: 09 18 11 20 | 07
#0525-d201 @A: 05 11 12 23 | 05
#0526-d201 @A: 11 18 28 13 | 11
#0527-d201 @A: 10 05 11 02 | 08
#0528-d201 @A: 16 18 11 01 | 06
#0529-d201 @A: 11 18 27 03 | 09
#0530-d201 @A: 15 09 22 11 | 10
#0531-d201 @A: 06 22 27 11 | 03
#0532-d201 @A: 11 26 10 15 | 12
#0533-d201 @A: 18 13 23 20 | 01
#0534-d201 @A: 14 02 21 20 | 04
#0535-d201 @A: 14 20 12 27 | 02
#0536-d201 @A: 20 05 15 31 | 07
#0537-d201 @A: 20 18 01 19 | 05
#0538-d201 @A: 03 30 09 20 | 11
#0539-d201 @A: 27 20 09 26 | 08
#0540-d201 @A: 27 20 34 10 | 06
#0541-d201 @A: 26 06 20 10 | 09
#0542-d201 @A: 21 23 16 13 | 10
#0543-d201 @A: 02 23 01 14 | 03
#0544-d201 @A: 10 22 23 08 | 12
#0545-d201 @A: 28 13 04 21 | 01
#0546-d201 @A: 28 24 13 27 | 04
#0547-d201 @A: 26 16 18 28 | 02
#0548-d201 @A: 27 28 16 10 | 07
#0549-d201 @A: 18 10 28 03 | 05
#0550-d201 @A: 18 06 28 30 | 11
#0551-d201 @A: 28 34 19 08 | 08
#0552-d201 @A: 04 28 10 19 | 06
#0553-d201 @A: 15 12 21 14 | 09
#0554-d201 @A: 01 21 04 18 | 10
#0555-d201 @A: 15 21 01 27 | 03
#0556-d201 @A: 12 10 24 02 | 12
#0557-d201 @A: 34 18 22 12 | 01
#0558-d201 @A: 12 18 10 09 | 04
#0559-d201 @A: 01 22 03 12 | 02
#0560-d201 @A: 22 06 14 12 | 07
#0561-d201 @A: 08 04 03 12 | 05
#0562-d201 @A: 04 30 12 06 | 11
#0563-d201 @A: 19 05 31 04 | 08
#0564-d201 @A: 05 22 19 13 | 06
#0565-d201 @A: 30 18 08 05 | 09
#0566-d201 @A: 05 15 30 04 | 10
#0567-d201 @A: 24 03 13 08 | 03
#0568-d201 @A: 18 34 08 24 | 12
#0569-d201 @A: 10 18 14 24 | 01
#0570-d201 @A: 22 01 30 24 | 04
#0571-d201 @A: 27 24 03 06 | 02
#0572-d201 @A: 10 26 09 24 | 07
#0573-d201 @A: 04 24 01 15 | 05
#0574-d201 @A: 22 03 31 13 | 11
#0575-d201 @A: 31 16 30 08 | 08
#0576-d201 @A: 01 22 18 31 | 06
#0577-d201 @A: 30 22 31 34 | 09
#0578-d201 @A: 06 31 10 01 | 10
#0579-d201 @A: 03 13 34 04 | 03
#0580-d201 @A: 09 13 27 19 | 12
#0581-d201 @A: 13 09 01 10 | 01
#0582-d201 @A: 18 34 14 04 | 04
#0583-d201 @A: 33 29 14 18 | 02
#0584-d201 @A: 19 12 17 33 | 07
#0585-d201 @A: 23 33 04 25 | 05
#0586-d201 @A: 21 15 33 25 | 11
#0587-d201 @A: 14 25 12 33 | 08
#0588-d201 @A: 33 32 26 04 | 06
#0589-d201 @A: 22 33 01 35 | 09
#0590-d201 @A: 33 01 21 23 | 10
#0591-d201 @A: 13 33 06 21 | 03
#0592-d201 @A: 30 33 19 02 | 12
#0593-d201 @A: 33 18 06 10 | 01
#0594-d201 @A: 14 34 27 33 | 04
#0595-d201 @A: 33 30 06 27 | 02
#0596-d201 @A: 27 07 05 29 | 07
#0597-d201 @A: 07 29 34 24 | 05
#0598-d201 @A: 17 14 27 29 | 11
#0599-d201 @A: 29 16 25 11 | 08
#0600-d201 @A: 12 25 10 29 | 06
#0601-d201 @A: 15 29 24 25 | 09
#0602-d201 @A: 19 29 31 32 | 10
#0603-d201 @A: 14 29 20 34 | 03
#0604-d201 @A: 29 03 24 12 | 12
#0605-d201 @A: 08 06 29 12 | 01
#0606-d201 @A: 05 01 29 26 | 04
#0607-d201 @A: 10 31 29 24 | 02
#0608-d201 @A: 29 09 08 27 | 07
#0609-d201 @A: 07 01 32 20 | 05
#0610-d201 @A: 08 32 31 07 | 11
#0611-d201 @A: 07 30 11 10 | 08
#0612-d201 @A: 05 04 07 20 | 06
#0613-d201 @A: 02 07 22 28 | 09
#0614-d201 @A: 28 07 31 06 | 10
#0615-d201 @A: 07 01 21 31 | 03
#0616-d201 @A: 04 21 07 16 | 12
#0617-d201 @A: 18 07 31 12 | 01
#0618-d201 @A: 30 07 12 27 | 04
#0619-d201 @A: 09 06 07 05 | 02
#0620-d201 @A: 03 07 18 06 | 07
#0621-d201 @A: 07 10 27 03 | 05
#0622-d201 @A: 04 07 03 01 | 11
#0623-d201 @A: 17 03 24 25 | 08
#0624-d201 @A: 17 30 25 19 | 06
#0625-d201 @A: 10 20 17 32 | 09
#0626-d201 @A: 32 17 26 02 | 10
#0627-d201 @A: 11 17 06 34 | 03
#0628-d201 @A: 17 23 34 28 | 12
#0629-d201 @A: 18 17 31 28 | 01
#0630-d201 @A: 12 16 17 13 | 04
#0631-d201 @A: 14 17 18 03 | 02
#0632-d201 @A: 09 19 10 17 | 07
#0633-d201 @A: 14 17 08 26 | 05
#0634-d201 @A: 08 17 30 10 | 11
#0635-d201 @A: 35 25 32 10 | 08
#0636-d201 @A: 16 32 25 02 | 06
#0637-d201 @A: 31 32 25 18 | 09
#0638-d201 @A: 30 08 25 35 | 10
#0639-d201 @A: 11 02 25 27 | 03
#0640-d201 @A: 12 19 25 28 | 12
#0641-d201 @A: 28 25 02 08 | 01
#0642-d201 @A: 25 16 05 31 | 04
#0643-d201 @A: 11 18 32 35 | 02
#0644-d201 @A: 26 35 24 32 | 07
#0645-d201 @A: 35 01 16 32 | 05
#0646-d201 @A: 14 12 04 32 | 11
#0647-d201 @A: 05 32 13 26 | 08
#0648-d201 @A: 32 16 34 22 | 06
#0649-d201 @A: 13 14 35 24 | 09
#0650-d201 @A: 35 24 04 10 | 10
#0651-d201 @A: 31 35 34 18 | 03
#0652-d201 @A: 18 09 03 35 | 12
#0653-d201 @A: 27 18 26 35 | 01
#0654-d201 @A: 20 11 28 27 | 04
#0655-d201 @A: 21 28 03 11 | 02
#0656-d201 @A: 31 11 28 19 | 07
#0657-d201 @A: 05 31 08 11 | 05
#0658-d201 @A: 10 16 08 11 | 11
#0659-d201 @A: 11 19 03 08 | 08
#0660-d201 @A: 11 06 09 10 | 06
#0661-d201 @A: 11 14 27 10 | 09
#0662-d201 @A: 23 28 20 05 | 10
#0663-d201 @A: 03 04 28 20 | 03
#0664-d201 @A: 21 18 05 20 | 12
#0665-d201 @A: 09 13 21 20 | 01
#0666-d201 @A: 22 16 20 08 | 04
#0667-d201 @A: 26 20 22 04 | 02
#0668-d201 @A: 20 30 19 22 | 07
#0669-d201 @A: 10 21 23 28 | 05
#0670-d201 @A: 05 21 09 23 | 11
#0671-d201 @A: 02 12 23 16 | 08
#0672-d201 @A: 14 22 23 27 | 06
#0673-d201 @A: 23 10 26 01 | 09
#0674-d201 @A: 15 19 23 04 | 10
#0675-d201 @A: 23 10 30 14 | 03
#0676-d201 @A: 31 21 28 22 | 12
#0677-d201 @A: 24 12 34 28 | 01
#0678-d201 @A: 09 02 28 24 | 04
#0679-d201 @A: 28 24 18 22 | 02
#0680-d201 @A: 09 28 27 14 | 07
#0681-d201 @A: 19 28 06 09 | 05
#0682-d201 @A: 21 27 06 16 | 11
#0683-d201 @A: 18 27 10 21 | 08
#0684-d201 @A: 22 30 21 03 | 06
#0685-d201 @A: 08 34 21 22 | 09
#0686-d201 @A: 22 06 21 19 | 10
#0687-d201 @A: 21 26 09 04 | 03
#0688-d201 @A: 26 05 12 14 | 12
#0689-d201 @A: 31 06 02 12 | 01
#0690-d201 @A: 09 31 12 04 | 04
#0691-d201 @A: 13 19 12 04 | 02
#0692-d201 @A: 03 09 12 15 | 07
#0693-d201 @A: 09 30 12 26 | 05
#0694-d201 @A: 12 19 10 26 | 11
#0695-d201 @A: 02 30 01 05 | 08
#0696-d201 @A: 10 22 16 05 | 06
#0697-d201 @A: 15 22 03 05 | 09
#0698-d201 @A: 01 34 22 05 | 10
#0699-d201 @A: 05 09 04 01 | 03
#0700-d201 @A: 30 05 26 19 | 12
#0701-d201 @A: 09 04 08 24 | 01
#0702-d201 @A: 14 02 34 22 | 04
#0703-d201 @A: 02 03 14 08 | 02
#0704-d201 @A: 01 31 13 04 | 07
#0705-d201 @A: 10 03 19 31 | 05
#0706-d201 @A: 06 04 34 31 | 11
#0707-d201 @A: 31 14 34 06 | 08
#0708-d201 @A: 08 09 14 16 | 06
#0709-d201 @A: 16 08 14 15 | 09
#0710-d201 @A: 33 29 12 04 | 10
#0711-d201 @A: 33 30 29 24 | 03
#0712-d201 @A: 33 26 22 29 | 12
#0713-d201 @A: 07 33 22 21 | 01
#0714-d201 @A: 07 26 08 33 | 04
#0715-d201 @A: 13 27 17 33 | 02
#0716-d201 @A: 25 24 33 35 | 07
#0717-d201 @A: 33 11 08 25 | 05
#0718-d201 @A: 25 33 28 18 | 11
#0719-d201 @A: 31 33 22 25 | 08
#0720-d201 @A: 35 13 33 19 | 06
#0721-d201 @A: 33 11 10 21 | 09
#0722-d201 @A: 27 33 23 20 | 10
#0723-d201 @A: 22 33 05 20 | 03
#0724-d201 @A: 28 33 06 05 | 12
#0725-d201 @A: 33 28 03 31 | 01
#0726-d201 @A: 30 15 33 12 | 04
#0727-d201 @A: 33 26 05 02 | 02
#0728-d201 @A: 18 24 33 02 | 07
#0729-d201 @A: 27 18 04 33 | 05
#0730-d201 @A: 09 26 03 33 | 11
#0731-d201 @A: 34 03 33 01 | 08
#0732-d201 @A: 04 33 34 19 | 06
#0733-d201 @A: 16 29 07 17 | 09
#0734-d201 @A: 14 15 07 29 | 10
#0735-d201 @A: 17 26 29 35 | 03
#0736-d201 @A: 03 20 29 17 | 12
#0737-d201 @A: 28 29 22 17 | 01
#0738-d201 @A: 25 03 29 21 | 04
#0739-d201 @A: 06 29 21 11 | 02
#0740-d201 @A: 20 29 10 19 | 07
#0741-d201 @A: 29 28 12 01 | 05
#0742-d201 @A: 28 29 04 27 | 11
#0743-d201 @A: 15 12 29 31 | 08
#0744-d201 @A: 13 05 29 03 | 06
#0745-d201 @A: 29 08 03 16 | 09
#0746-d201 @A: 03 29 18 22 | 10
#0747-d201 @A: 27 18 06 29 | 03
#0748-d201 @A: 22 04 29 34 | 12
#0749-d201 @A: 30 01 04 29 | 01
#0750-d201 @A: 32 07 17 15 | 04
#0751-d201 @A: 12 07 23 25 | 02
#0752-d201 @A: 07 34 02 32 | 07
#0753-d201 @A: 07 24 05 11 | 05
#0754-d201 @A: 06 11 07 13 | 11
#0755-d201 @A: 03 23 07 28 | 08
#0756-d201 @A: 21 28 07 34 | 06
#0757-d201 @A: 07 21 13 27 | 09
#0758-d201 @A: 07 34 13 12 | 10
#0759-d201 @A: 09 07 24 30 | 03
#0760-d201 @A: 16 15 18 07 | 12
#0761-d201 @A: 07 19 16 10 | 01
#0762-d201 @A: 19 18 27 07 | 04
#0763-d201 @A: 01 07 08 22 | 02
#0764-d201 @A: 07 19 01 26 | 07
#0765-d201 @A: 24 17 14 25 | 05
#0766-d201 @A: 11 08 24 17 | 11
#0767-d201 @A: 02 22 17 20 | 08
#0768-d201 @A: 17 23 05 03 | 06
#0769-d201 @A: 15 17 13 28 | 09
#0770-d201 @A: 21 17 26 05 | 10
#0771-d201 @A: 17 13 08 05 | 03
#0772-d201 @A: 17 26 09 16 | 12
#0773-d201 @A: 27 22 10 17 | 01
#0774-d201 @A: 26 30 17 01 | 04
#0775-d201 @A: 35 01 25 06 | 02
#0776-d201 @A: 10 25 19 11 | 07
#0777-d201 @A: 05 19 23 25 | 05
#0778-d201 @A: 14 25 05 23 | 11
#0779-d201 @A: 13 25 31 23 | 08
#0780-d201 @A: 13 25 22 28 | 06
#0781-d201 @A: 34 25 21 19 | 09
#0782-d201 @A: 12 02 25 18 | 10
#0783-d201 @A: 02 25 22 06 | 03
#0784-d201 @A: 09 13 25 14 | 12
#0785-d201 @A: 03 26 16 25 | 01
#0786-d201 @A: 01 25 14 18 | 04
#0787-d201 @A: 25 22 01 15 | 02
#0788-d201 @A: 15 30 34 25 | 07
#0789-d201 @A: 12 35 32 06 | 05
#0790-d201 @A: 05 27 32 11 | 11
#0791-d201 @A: 20 02 32 28 | 08
#0792-d201 @A: 32 04 20 31 | 06
#0793-d201 @A: 13 32 04 23 | 09
#0794-d201 @A: 22 10 32 14 | 10
#0795-d201 @A: 19 27 08 32 | 03
#0796-d201 @A: 35 11 14 26 | 12
#0797-d201 @A: 12 19 35 21 | 01
#0798-d201 @A: 21 35 18 13 | 04
#0799-d201 @A: 06 18 35 08 | 02
#0800-d201 @A: 10 22 09 35 | 07
#0801-d201 @A: 22 35 15 06 | 05
#0802-d201 @A: 35 08 27 01 | 11
#0803-d201 @A: 27 35 15 19 | 08
#0804-d201 @A: 24 26 20 11 | 06
#0805-d201 @A: 11 04 20 02 | 09
#0806-d201 @A: 23 11 22 28 | 10
#0807-d201 @A: 23 11 18 31 | 03
#0808-d201 @A: 16 21 19 11 | 12
#0809-d201 @A: 13 11 12 31 | 01
#0810-d201 @A: 01 11 15 31 | 04
#0811-d201 @A: 22 19 11 01 | 02
#0812-d201 @A: 04 11 09 19 | 07
#0813-d201 @A: 11 30 15 27 | 05
#0814-d201 @A: 11 04 15 08 | 11
#0815-d201 @A: 20 12 02 09 | 08
#0816-d201 @A: 04 13 20 24 | 06
#0817-d201 @A: 27 30 20 16 | 09
#0818-d201 @A: 28 23 04 16 | 10
#0819-d201 @A: 24 23 03 21 | 03
#0820-d201 @A: 24 16 23 26 | 12
#0821-d201 @A: 34 08 23 16 | 01
#0822-d201 @A: 04 06 23 18 | 04
#0823-d201 @A: 23 01 09 22 | 02
#0824-d201 @A: 23 09 30 34 | 07
#0825-d201 @A: 04 08 23 01 | 05
#0826-d201 @A: 02 28 26 21 | 11
#0827-d201 @A: 28 15 04 34 | 08
#0828-d201 @A: 02 12 21 27 | 06
#0829-d201 @A: 02 13 21 03 | 09
#0830-d201 @A: 16 08 26 21 | 10
#0831-d201 @A: 21 18 09 22 | 03
#0832-d201 @A: 08 21 19 18 | 12
#0833-d201 @A: 03 09 21 06 | 01
#0834-d201 @A: 01 03 26 21 | 04
#0835-d201 @A: 21 08 15 06 | 02
#0836-d201 @A: 22 12 24 16 | 07
#0837-d201 @A: 08 14 10 12 | 05
#0838-d201 @A: 31 05 18 02 | 11
#0839-d201 @A: 16 08 27 05 | 08
#0840-d201 @A: 34 15 05 27 | 06
#0841-d201 @A: 27 10 19 05 | 09
#0842-d201 @A: 16 10 24 01 | 10
#0843-d201 @A: 27 10 24 08 | 03
#0844-d201 @A: 16 02 03 04 | 12
#0845-d201 @A: 01 26 15 02 | 01
#0846-d201 @A: 06 26 22 31 | 04
#0847-d201 @A: 31 22 10 04 | 02
#0848-d201 @A: 31 03 30 04 | 07
#0849-d201 @A: 34 31 15 08 | 05
#0850-d201 @A: 26 04 08 31 | 11
#0851-d201 @A: 18 10 22 13 | 08
#0852-d201 @A: 18 13 06 15 | 06
#0853-d201 @A: 01 22 13 26 | 09
#0854-d201 @A: 26 27 13 08 | 10
#0855-d201 @A: 34 01 14 09 | 03
#0856-d201 @A: 32 29 33 20 | 12
#0857-d201 @A: 09 29 05 33 | 01
#0858-d201 @A: 33 18 07 17 | 04
#0859-d201 @A: 23 07 33 09 | 02
#0860-d201 @A: 15 17 31 33 | 07
#0861-d201 @A: 11 15 33 32 | 05
#0862-d201 @A: 31 33 32 06 | 11
#0863-d201 @A: 11 16 33 23 | 08
#0864-d201 @A: 09 33 11 14 | 06
#0865-d201 @A: 33 28 24 23 | 09
#0866-d201 @A: 23 31 19 33 | 10
#0867-d201 @A: 31 33 16 10 | 03
#0868-d201 @A: 06 34 33 26 | 12
#0869-d201 @A: 19 15 26 33 | 01
#0870-d201 @A: 08 25 17 29 | 04
#0871-d201 @A: 32 17 12 29 | 02
#0872-d201 @A: 21 17 29 09 | 07
#0873-d201 @A: 29 35 15 10 | 05
#0874-d201 @A: 13 29 30 28 | 11
#0875-d201 @A: 29 05 18 12 | 08
#0876-d201 @A: 06 29 31 05 | 06
#0877-d201 @A: 15 02 19 29 | 09
#0878-d201 @A: 29 06 10 16 | 10
#0879-d201 @A: 29 10 18 26 | 03
#0880-d201 @A: 10 30 27 29 | 12
#0881-d201 @A: 34 19 29 06 | 01
#0882-d201 @A: 17 07 05 25 | 04
#0883-d201 @A: 17 04 07 12 | 02
#0884-d201 @A: 25 15 31 07 | 07
#0885-d201 @A: 16 08 07 25 | 05
#0886-d201 @A: 34 25 01 07 | 11
#0887-d201 @A: 32 07 28 30 | 08
#0888-d201 @A: 35 06 23 07 | 06
#0889-d201 @A: 35 15 12 07 | 09
#0890-d201 @A: 07 18 08 23 | 10
#0891-d201 @A: 24 18 21 07 | 03
#0892-d201 @A: 12 06 10 07 | 12
#0893-d201 @A: 03 05 02 07 | 01
#0894-d201 @A: 08 03 07 09 | 04
#0895-d201 @A: 26 03 34 07 | 02
#0896-d201 @A: 30 07 27 14 | 07
#0897-d201 @A: 02 17 10 25 | 05
#0898-d201 @A: 17 19 32 16 | 11
#0899-d201 @A: 35 10 17 28 | 08
#0900-d201 @A: 01 12 35 17 | 06
#0901-d201 @A: 17 22 13 23 | 09
#0902-d201 @A: 31 17 27 24 | 10
#0903-d201 @A: 31 17 14 10 | 03
#0904-d201 @A: 25 06 11 32 | 12
#0905-d201 @A: 32 19 25 13 | 01
#0906-d201 @A: 19 35 31 25 | 04
#0907-d201 @A: 18 25 11 21 | 02
#0908-d201 @A: 04 11 31 25 | 07
#0909-d201 @A: 28 34 20 25 | 05
#0910-d201 @A: 16 25 34 24 | 11
#0911-d201 @A: 18 25 19 16 | 08
#0912-d201 @A: 32 15 35 05 | 06
#0913-d201 @A: 32 12 18 13 | 09
#0914-d201 @A: 02 31 13 32 | 10
#0915-d201 @A: 27 13 06 32 | 03
#0916-d201 @A: 09 27 03 32 | 12
#0917-d201 @A: 01 08 34 32 | 01
#0918-d201 @A: 15 30 01 32 | 04
#0919-d201 @A: 15 06 26 32 | 02
#0920-d201 @A: 31 22 35 20 | 07
#0921-d201 @A: 15 24 35 31 | 05
#0922-d201 @A: 16 35 03 27 | 11
#0923-d201 @A: 22 03 26 35 | 08
#0924-d201 @A: 19 34 35 22 | 06
#0925-d201 @A: 35 26 09 01 | 09
#0926-d201 @A: 15 12 20 11 | 10
#0927-d201 @A: 19 20 13 11 | 03
#0928-d201 @A: 11 10 13 23 | 12
#0929-d201 @A: 14 11 30 23 | 01
#0930-d201 @A: 13 05 04 11 | 04
#0931-d201 @A: 27 11 24 09 | 02
#0932-d201 @A: 30 02 13 11 | 07
#0933-d201 @A: 09 08 30 11 | 05
#0934-d201 @A: 11 01 26 34 | 11
#0935-d201 @A: 11 08 34 14 | 08
#0936-d201 @A: 14 04 11 01 | 06
#0937-d201 @A: 20 28 15 19 | 09
#0938-d201 @A: 20 31 12 34 | 10
#0939-d201 @A: 24 05 20 27 | 03
#0940-d201 @A: 31 27 06 20 | 12
#0941-d201 @A: 23 24 21 14 | 01
#0942-d201 @A: 03 12 18 23 | 04
#0943-d201 @A: 18 23 10 05 | 02
#0944-d201 @A: 34 23 19 27 | 07
#0945-d201 @A: 14 05 28 01 | 05
#0946-d201 @A: 13 19 28 02 | 11
#0947-d201 @A: 09 01 34 28 | 08
#0948-d201 @A: 28 09 30 04 | 06
#0949-d201 @A: 28 10 15 01 | 09
#0950-d201 @A: 15 02 21 04 | 10
#0951-d201 @A: 18 03 21 15 | 03
#0952-d201 @A: 14 18 21 09 | 12
#0953-d201 @A: 01 26 21 14 | 01
#0954-d201 @A: 12 02 22 05 | 04
#0955-d201 @A: 12 05 06 13 | 02
#0956-d201 @A: 05 12 10 15 | 07
#0957-d201 @A: 12 18 19 15 | 05
#0958-d201 @A: 34 14 24 05 | 11
#0959-d201 @A: 05 04 16 34 | 08
#0960-d201 @A: 18 22 27 05 | 06
#0961-d201 @A: 03 05 01 08 | 09
#0962-d201 @A: 05 09 27 30 | 10
#0963-d201 @A: 08 26 05 34 | 03
#0964-d201 @A: 01 24 08 31 | 12
#0965-d201 @A: 04 26 03 24 | 01
#0966-d201 @A: 10 30 24 03 | 04
#0967-d201 @A: 24 06 09 34 | 02
#0968-d201 @A: 24 26 01 06 | 07
#0969-d201 @A: 22 02 19 16 | 05
#0970-d201 @A: 30 02 18 27 | 11
#0971-d201 @A: 02 09 01 06 | 08
#0972-d201 @A: 10 02 09 14 | 06
#0973-d201 @A: 15 14 26 02 | 09
#0974-d201 @A: 31 30 18 13 | 10
#0975-d201 @A: 14 16 31 18 | 03
#0976-d201 @A: 01 16 26 31 | 12
#0977-d201 @A: 08 10 18 31 | 01
#0978-d201 @A: 27 31 22 08 | 04
#0979-d201 @A: 09 08 31 06 | 02
#0980-d201 @A: 26 04 18 13 | 07
#0981-d201 @A: 03 10 13 06 | 05
#0982-d201 @A: 03 13 15 26 | 11
#0983-d201 @A: 34 30 13 01 | 08
#0984-d201 @A: 30 19 13 15 | 06
#0985-d201 @A: 19 15 14 06 | 09
#0986-d201 @A: 07 15 33 05 | 10
#0987-d201 @A: 07 08 14 33 | 03
#0988-d201 @A: 17 06 35 33 | 12
#0989-d201 @A: 32 33 12 01 | 01
#0990-d201 @A: 33 28 35 16 | 04
#0991-d201 @A: 04 11 24 33 | 02
#0992-d201 @A: 03 33 13 11 | 07
#0993-d201 @A: 16 33 20 06 | 05
#0994-d201 @A: 20 15 04 33 | 11
#0995-d201 @A: 08 05 23 33 | 08
#0996-d201 @A: 33 28 10 02 | 06
#0997-d201 @A: 33 12 34 05 | 09
#0998-d201 @A: 33 13 08 12 | 10
#0999-d201 @A: 30 33 05 31 | 03
#1000-d201 @A: 13 05 01 33 | 12
#1001-d201 @A: 33 34 02 08 | 01
#1002-d201 @A: 16 33 26 30 | 04
#1003-d201 @A: 03 19 33 06 | 02
#1004-d201 @A: 29 18 25 07 | 07
#1005-d201 @A: 02 07 29 30 | 05
#1006-d201 @A: 29 27 13 11 | 11
#1007-d201 @A: 29 13 16 20 | 08
#1008-d201 @A: 20 26 15 29 | 06
#1009-d201 @A: 03 06 29 28 | 09
#1010-d201 @A: 13 29 26 12 | 10
#1011-d201 @A: 34 13 29 18 | 03
#1012-d201 @A: 15 29 16 22 | 12
#1013-d201 @A: 22 30 29 09 | 01
#1014-d201 @A: 27 22 29 19 | 04
#1015-d201 @A: 20 17 30 07 | 02
#1016-d201 @A: 07 26 27 17 | 07
#1017-d201 @A: 10 07 28 25 | 05
#1018-d201 @A: 07 13 25 03 | 11
#1019-d201 @A: 25 22 07 14 | 08
#1020-d201 @A: 32 07 23 27 | 06
#1021-d201 @A: 31 30 35 07 | 09
#1022-d201 @A: 23 34 07 20 | 10
#1023-d201 @A: 24 06 20 07 | 03
#1024-d201 @A: 20 31 09 07 | 12
#1025-d201 @A: 07 13 23 26 | 01
#1026-d201 @A: 26 16 12 07 | 04
#1027-d201 @A: 22 07 19 31 | 02
#1028-d201 @A: 22 07 34 27 | 07
#1029-d201 @A: 07 01 14 10 | 05
#1030-d201 @A: 26 07 06 04 | 11
#1031-d201 @A: 26 07 15 30 | 08
#1032-d201 @A: 12 09 25 17 | 06
#1033-d201 @A: 27 17 23 35 | 09
#1034-d201 @A: 09 17 05 35 | 10
#1035-d201 @A: 17 35 02 18 | 03
#1036-d201 @A: 17 11 19 05 | 12
#1037-d201 @A: 17 16 27 11 | 01
#1038-d201 @A: 17 20 16 23 | 04
#1039-d201 @A: 12 17 20 28 | 02
#1040-d201 @A: 17 02 16 21 | 07
#1041-d201 @A: 31 05 22 17 | 05
#1042-d201 @A: 05 15 17 14 | 11
#1043-d201 @A: 22 09 17 08 | 08
#1044-d201 @A: 09 06 30 17 | 06
#1045-d201 @A: 04 15 09 17 | 09
#1046-d201 @A: 27 30 04 17 | 10
#1047-d201 @A: 05 25 08 32 | 03
#1048-d201 @A: 18 25 20 22 | 12
#1049-d201 @A: 25 21 10 31 | 01
#1050-d201 @A: 25 05 04 12 | 04
#1051-d201 @A: 22 03 08 25 | 02
#1052-d201 @A: 09 19 25 22 | 07
#1053-d201 @A: 08 15 25 19 | 05
#1054-d201 @A: 26 25 08 10 | 11
#1055-d201 @A: 32 23 19 35 | 08
#1056-d201 @A: 30 23 32 11 | 06
#1057-d201 @A: 01 28 32 11 | 09
#1058-d201 @A: 16 31 11 32 | 10
#1059-d201 @A: 19 32 21 03 | 03
#1060-d201 @A: 08 32 12 30 | 12
#1061-d201 @A: 32 04 02 05 | 01
#1062-d201 @A: 27 31 32 34 | 04
#1063-d201 @A: 18 34 26 32 | 02
#1064-d201 @A: 26 22 32 08 | 07
#1065-d201 @A: 01 27 04 32 | 05
#1066-d201 @A: 12 26 35 20 | 11
#1067-d201 @A: 13 35 20 15 | 08
#1068-d201 @A: 20 03 01 35 | 06
#1069-d201 @A: 27 30 22 35 | 09
#1070-d201 @A: 20 31 10 11 | 10
#1071-d201 @A: 20 14 11 16 | 03
#1072-d201 @A: 21 23 27 11 | 12
#1073-d201 @A: 08 21 11 12 | 01
#1074-d201 @A: 24 06 11 14 | 04
#1075-d201 @A: 11 01 10 27 | 02
#1076-d201 @A: 20 03 23 31 | 07
#1077-d201 @A: 23 04 20 10 | 05
#1078-d201 @A: 20 28 24 10 | 11
#1079-d201 @A: 28 31 20 01 | 08
#1080-d201 @A: 28 08 20 13 | 06
#1081-d201 @A: 20 09 22 28 | 09
#1082-d201 @A: 34 05 13 20 | 10
#1083-d201 @A: 20 15 10 03 | 03
#1084-d201 @A: 01 23 31 12 | 12
#1085-d201 @A: 23 31 02 30 | 01
#1086-d201 @A: 23 16 14 34 | 04
#1087-d201 @A: 18 30 23 15 | 02
#1088-d201 @A: 22 03 19 23 | 07
#1089-d201 @A: 06 22 34 23 | 05
#1090-d201 @A: 10 27 23 09 | 11
#1091-d201 @A: 21 28 12 18 | 08
#1092-d201 @A: 09 27 21 28 | 06
#1093-d201 @A: 16 31 28 12 | 09
#1094-d201 @A: 02 18 01 28 | 10
#1095-d201 @A: 06 04 28 02 | 03
#1096-d201 @A: 09 03 16 28 | 12
#1097-d201 @A: 04 08 28 18 | 01
#1098-d201 @A: 28 30 22 15 | 04
#1099-d201 @A: 27 08 30 28 | 02
#1100-d201 @A: 06 08 01 28 | 07
#1101-d201 @A: 21 15 34 12 | 05
#1102-d201 @A: 16 21 34 18 | 11
#1103-d201 @A: 01 16 09 21 | 08
#1104-d201 @A: 19 27 26 21 | 06
#1105-d201 @A: 01 06 21 34 | 09
#1106-d201 @A: 02 13 14 12 | 10
#1107-d201 @A: 10 03 05 34 | 03
#1108-d201 @A: 04 26 10 05 | 12
#1109-d201 @A: 18 03 24 16 | 01
#1110-d201 @A: 30 04 24 16 | 04
#1111-d201 @A: 24 16 14 04 | 02
#1112-d201 @A: 34 24 15 03 | 07
#1113-d201 @A: 19 15 24 09 | 05
#1114-d201 @A: 02 27 26 16 | 11
#1115-d201 @A: 30 16 15 02 | 08
#1116-d201 @A: 03 02 22 27 | 06
#1117-d201 @A: 06 34 02 27 | 09
#1118-d201 @A: 02 19 34 14 | 10
#1119-d201 @A: 27 13 10 31 | 03
#1120-d201 @A: 18 03 31 26 | 12
#1121-d201 @A: 10 31 09 34 | 01
#1122-d201 @A: 31 19 34 01 | 04
#1123-d201 @A: 26 16 13 14 | 02
#1124-d201 @A: 01 27 18 13 | 07
#1125-d201 @A: 14 10 13 03 | 05
#1126-d201 @A: 19 14 27 16 | 11
#1127-d201 @A: 14 30 18 08 | 08
#1128-d201 @A: 19 33 20 07 | 06
#1129-d201 @A: 07 13 33 04 | 09
#1130-d201 @A: 30 01 07 33 | 10
#1131-d201 @A: 05 19 32 33 | 03
#1132-d201 @A: 33 15 03 35 | 12
#1133-d201 @A: 04 21 33 05 | 01
#1134-d201 @A: 08 16 19 33 | 04
#1135-d201 @A: 33 22 04 14 | 02
#1136-d201 @A: 07 22 20 29 | 07
#1137-d201 @A: 23 29 25 34 | 05
#1138-d201 @A: 25 28 29 09 | 11
#1139-d201 @A: 10 11 29 32 | 08
#1140-d201 @A: 32 24 23 29 | 06
#1141-d201 @A: 32 05 29 16 | 09
#1142-d201 @A: 20 11 34 29 | 10
#1143-d201 @A: 29 11 31 22 | 03
#1144-d201 @A: 20 29 12 27 | 12
#1145-d201 @A: 29 21 22 23 | 01
#1146-d201 @A: 29 24 21 26 | 04
#1147-d201 @A: 29 13 04 02 | 02
#1148-d201 @A: 16 31 18 29 | 07
#1149-d201 @A: 18 04 19 29 | 05
#1150-d201 @A: 08 29 19 30 | 11
#1151-d201 @A: 07 32 13 16 | 08
#1152-d201 @A: 07 09 32 26 | 06
#1153-d201 @A: 07 05 35 34 | 09
#1154-d201 @A: 01 35 07 24 | 10
#1155-d201 @A: 07 10 35 08 | 03
#1156-d201 @A: 07 34 16 11 | 12
#1157-d201 @A: 07 16 28 20 | 01
#1158-d201 @A: 07 22 09 04 | 04
#1159-d201 @A: 17 24 35 34 | 02
#1160-d201 @A: 31 35 16 17 | 07
#1161-d201 @A: 09 28 11 17 | 05
#1162-d201 @A: 17 11 28 14 | 11
#1163-d201 @A: 17 19 20 34 | 08
#1164-d201 @A: 17 21 31 34 | 06
#1165-d201 @A: 04 24 06 17 | 09
#1166-d201 @A: 13 06 17 02 | 10
#1167-d201 @A: 16 10 17 04 | 03
#1168-d201 @A: 34 18 17 09 | 12
#1169-d201 @A: 22 04 17 01 | 01
#1170-d201 @A: 01 25 32 26 | 04
#1171-d201 @A: 11 35 25 34 | 02
#1172-d201 @A: 20 05 25 35 | 07
#1173-d201 @A: 21 09 35 25 | 05
#1174-d201 @A: 14 25 34 35 | 11
#1175-d201 @A: 11 20 25 03 | 08
#1176-d201 @A: 13 25 15 11 | 06
#1177-d201 @A: 25 14 03 11 | 09
#1178-d201 @A: 25 20 08 31 | 10
#1179-d201 @A: 12 22 26 25 | 03
#1180-d201 @A: 34 25 12 08 | 12
#1181-d201 @A: 24 06 18 25 | 01
#1182-d201 @A: 02 25 31 34 | 04
#1183-d201 @A: 16 14 25 02 | 02
#1184-d201 @A: 04 16 22 25 | 07
#1185-d201 @A: 25 16 01 30 | 05
#1186-d201 @A: 14 25 27 08 | 11
#1187-d201 @A: 28 32 23 09 | 08
#1188-d201 @A: 23 03 32 16 | 06
#1189-d201 @A: 28 18 15 32 | 09
#1190-d201 @A: 02 09 22 32 | 10
#1191-d201 @A: 01 32 22 06 | 03
#1192-d201 @A: 01 32 10 19 | 12
#1193-d201 @A: 22 23 02 35 | 01
#1194-d201 @A: 03 13 23 35 | 04
#1195-d201 @A: 24 28 30 35 | 02
#1196-d201 @A: 21 31 35 26 | 07
#1197-d201 @A: 21 35 10 01 | 05
#1198-d201 @A: 35 31 27 02 | 11
#1199-d201 @A: 19 04 16 35 | 08
#1200-d201 @A: 26 15 04 35 | 06
#1201-d201 @A: 21 11 20 01 | 09
#1202-d201 @A: 11 01 24 23 | 10
#1203-d201 @A: 11 02 26 12 | 03
#1204-d201 @A: 34 31 11 24 | 12
#1205-d201 @A: 31 11 02 03 | 01
#1206-d201 @A: 18 11 19 02 | 04
#1207-d201 @A: 08 18 22 11 | 02
#1208-d201 @A: 34 03 21 20 | 07
#1209-d201 @A: 12 01 20 05 | 05
#1210-d201 @A: 22 20 13 12 | 11
#1211-d201 @A: 08 10 20 12 | 08
#1212-d201 @A: 20 13 15 14 | 06
#1213-d201 @A: 18 16 10 20 | 09
#1214-d201 @A: 30 04 20 34 | 10
#1215-d201 @A: 13 08 23 02 | 03
#1216-d201 @A: 09 04 03 23 | 12
#1217-d201 @A: 03 15 23 08 | 01
#1218-d201 @A: 15 06 23 27 | 04
#1219-d201 @A: 28 12 30 02 | 02
#1220-d201 @A: 28 34 05 02 | 07
#1221-d201 @A: 28 04 31 24 | 05
#1222-d201 @A: 18 28 14 15 | 11
#1223-d201 @A: 28 22 10 06 | 08
#1224-d201 @A: 28 03 30 01 | 06
#1225-d201 @A: 08 28 10 09 | 09
#1226-d201 @A: 28 14 19 10 | 10
#1227-d201 @A: 06 24 21 02 | 03
#1228-d201 @A: 09 02 21 19 | 12
#1229-d201 @A: 22 15 26 21 | 01
#1230-d201 @A: 21 34 10 26 | 04
#1231-d201 @A: 21 10 19 15 | 02
#1232-d201 @A: 18 24 14 12 | 07
#1233-d201 @A: 34 16 19 12 | 05
#1234-d201 @A: 06 09 22 12 | 11
#1235-d201 @A: 12 34 03 06 | 08
#1236-d201 @A: 03 30 19 12 | 06
#1237-d201 @A: 05 15 06 02 | 09
#1238-d201 @A: 05 06 16 19 | 10
#1239-d201 @A: 05 30 06 22 | 03
#1240-d201 @A: 09 15 05 08 | 12
#1241-d201 @A: 13 24 34 02 | 01
#1242-d201 @A: 27 19 16 24 | 04
#1243-d201 @A: 18 19 24 30 | 02
#1244-d201 @A: 14 22 30 24 | 07
#1245-d201 @A: 19 24 04 22 | 05
#1246-d201 @A: 14 19 03 24 | 11
#1247-d201 @A: 24 15 14 09 | 08
#1248-d201 @A: 24 14 26 27 | 06
#1249-d201 @A: 30 08 24 26 | 09
#1250-d201 @A: 02 01 04 10 | 10
#1251-d201 @A: 08 02 10 19 | 03
#1252-d201 @A: 13 06 31 16 | 12
#1253-d201 @A: 18 09 31 27 | 01
#1254-d201 @A: 14 31 08 04 | 04
#1255-d201 @A: 16 13 15 34 | 02
#1256-d201 @A: 03 18 13 19 | 07
#1257-d201 @A: 09 22 34 13 | 05
#1258-d201 @A: 30 04 10 13 | 11
#1259-d201 @A: 01 27 14 15 | 08
#1260-d201 @A: 07 29 10 33 | 06
#1261-d201 @A: 31 29 08 33 | 09
#1262-d201 @A: 03 33 07 32 | 10
#1263-d201 @A: 26 17 25 33 | 03
#1264-d201 @A: 14 33 35 21 | 12
#1265-d201 @A: 09 08 33 35 | 01
#1266-d201 @A: 11 33 31 26 | 04
#1267-d201 @A: 26 20 28 33 | 02
#1268-d201 @A: 12 20 18 33 | 07
#1269-d201 @A: 01 33 20 14 | 05
#1270-d201 @A: 13 28 33 14 | 11
#1271-d201 @A: 15 33 01 16 | 08
#1272-d201 @A: 22 19 10 33 | 06
#1273-d201 @A: 13 08 07 29 | 09
#1274-d201 @A: 17 24 19 29 | 10
#1275-d201 @A: 29 25 10 14 | 03
#1276-d201 @A: 32 02 18 29 | 12
#1277-d201 @A: 08 32 15 29 | 01
#1278-d201 @A: 08 29 24 35 | 04
#1279-d201 @A: 35 31 03 29 | 02
#1280-d201 @A: 11 28 08 29 | 07
#1281-d201 @A: 16 28 24 29 | 05
#1282-d201 @A: 02 21 10 29 | 11
#1283-d201 @A: 02 27 24 29 | 08
#1284-d201 @A: 24 06 29 22 | 06
#1285-d201 @A: 14 24 08 29 | 09
#1286-d201 @A: 01 29 18 08 | 10
#1287-d201 @A: 02 17 09 07 | 03
#1288-d201 @A: 17 07 13 31 | 12
#1289-d201 @A: 11 23 07 15 | 01
#1290-d201 @A: 24 07 15 28 | 04
#1291-d201 @A: 08 21 07 05 | 02
#1292-d201 @A: 12 05 07 19 | 07
#1293-d201 @A: 09 12 07 14 | 05
#1294-d201 @A: 16 07 30 03 | 11
#1295-d201 @A: 10 18 07 01 | 08
#1296-d201 @A: 07 01 15 09 | 06
#1297-d201 @A: 06 26 07 14 | 09
#1298-d201 @A: 10 04 15 07 | 10
#1299-d201 @A: 17 03 35 32 | 03
#1300-d201 @A: 05 32 17 34 | 12
#1301-d201 @A: 35 20 17 11 | 01
#1302-d201 @A: 35 02 14 17 | 04
#1303-d201 @A: 10 17 11 18 | 02
#1304-d201 @A: 28 17 21 01 | 07
#1305-d201 @A: 03 02 28 17 | 05
#1306-d201 @A: 12 05 17 24 | 11
#1307-d201 @A: 17 18 12 27 | 08
#1308-d201 @A: 31 19 17 02 | 06
#1309-d201 @A: 15 02 17 34 | 09
#1310-d201 @A: 31 17 03 08 | 10
#1311-d201 @A: 17 03 06 16 | 03
#1312-d201 @A: 17 26 19 18 | 12
#1313-d201 @A: 22 26 34 17 | 01
#1314-d201 @A: 03 17 01 15 | 04
#1315-d201 @A: 19 01 17 14 | 02
#1316-d201 @A: 28 03 25 32 | 07
#1317-d201 @A: 24 32 25 21 | 05
#1318-d201 @A: 16 25 13 35 | 11
#1319-d201 @A: 24 11 25 12 | 08
#1320-d201 @A: 28 26 25 14 | 06
#1321-d201 @A: 12 25 21 01 | 09
#1322-d201 @A: 25 05 18 13 | 10
#1323-d201 @A: 25 30 05 10 | 03
#1324-d201 @A: 06 16 15 25 | 12
#1325-d201 @A: 06 26 25 19 | 01
#1326-d201 @A: 30 04 32 35 | 04
#1327-d201 @A: 34 32 11 12 | 02
#1328-d201 @A: 32 23 26 31 | 07
#1329-d201 @A: 32 22 05 28 | 05
#1330-d201 @A: 24 05 06 32 | 11
#1331-d201 @A: 32 05 31 03 | 08
#1332-d201 @A: 14 27 32 13 | 06
#1333-d201 @A: 32 19 22 18 | 09
#1334-d201 @A: 22 32 10 03 | 10
#1335-d201 @A: 06 32 10 34 | 03
#1336-d201 @A: 34 15 32 19 | 12
#1337-d201 @A: 16 11 35 09 | 01
#1338-d201 @A: 35 19 09 20 | 04
#1339-d201 @A: 08 20 04 35 | 02
#1340-d201 @A: 35 05 23 04 | 07
#1341-d201 @A: 23 09 24 35 | 05
#1342-d201 @A: 35 24 18 12 | 11
#1343-d201 @A: 35 13 12 30 | 08
#1344-d201 @A: 35 30 16 18 | 06
#1345-d201 @A: 34 06 35 30 | 09
#1346-d201 @A: 28 11 12 10 | 10
#1347-d201 @A: 14 18 02 11 | 03
#1348-d201 @A: 16 26 22 11 | 12
#1349-d201 @A: 15 18 34 11 | 01
#1350-d201 @A: 04 30 18 11 | 04
#1351-d201 @A: 22 11 14 15 | 02
#1352-d201 @A: 11 30 19 34 | 07
#1353-d201 @A: 20 19 12 23 | 05
#1354-d201 @A: 19 20 05 02 | 11
#1355-d201 @A: 20 26 05 03 | 08
#1356-d201 @A: 20 27 18 15 | 06
#1357-d201 @A: 18 30 20 26 | 09
#1358-d201 @A: 23 04 24 12 | 10
#1359-d201 @A: 05 34 31 23 | 03
#1360-d201 @A: 23 24 10 34 | 12
#1361-d201 @A: 09 23 16 06 | 01
#1362-d201 @A: 26 09 18 23 | 04
#1363-d201 @A: 18 23 34 01 | 02
#1364-d201 @A: 23 26 22 30 | 07
#1365-d201 @A: 08 28 24 21 | 05
#1366-d201 @A: 28 08 12 05 | 11
#1367-d201 @A: 30 26 28 31 | 08
#1368-d201 @A: 13 28 26 10 | 06
#1369-d201 @A: 01 28 16 22 | 09
#1370-d201 @A: 21 31 24 16 | 10
#1371-d201 @A: 21 08 02 31 | 03
#1372-d201 @A: 14 03 12 31 | 12
#1373-d201 @A: 27 12 16 15 | 01
#1374-d201 @A: 01 09 12 19 | 04
#1375-d201 @A: 24 05 16 02 | 02
#1376-d201 @A: 18 05 34 19 | 07
#1377-d201 @A: 19 15 05 01 | 05
#1378-d201 @A: 22 24 31 02 | 11
#1379-d201 @A: 16 06 08 24 | 08
#1380-d201 @A: 10 22 15 02 | 06
#1381-d201 @A: 02 22 30 04 | 09
#1382-d201 @A: 15 02 09 27 | 10
#1383-d201 @A: 27 19 02 01 | 03
#1384-d201 @A: 30 06 02 10 | 12
#1385-d201 @A: 26 34 31 13 | 01
#1386-d201 @A: 26 19 31 09 | 04
#1387-d201 @A: 19 31 09 14 | 02
#1388-d201 @A: 15 31 30 10 | 07
#1389-d201 @A: 14 26 31 30 | 05
#1390-d201 @A: 06 13 26 09 | 11
#1391-d201 @A: 15 13 04 27 | 08
#1392-d201 @A: 14 30 13 01 | 06
#1393-d201 @A: 13 15 10 08 | 09
#1394-d201 @A: 03 14 30 16 | 10
#1395-d201 @A: 18 14 26 19 | 03
#1396-d201 @A: 26 03 14 04 | 12
#1397-d201 @A: 18 29 33 35 | 01
#1398-d201 @A: 33 06 29 23 | 04
#1399-d201 @A: 33 21 29 28 | 02
#1400-d201 @A: 07 12 33 28 | 07
#1401-d201 @A: 33 16 24 07 | 05
#1402-d201 @A: 33 17 02 04 | 11
#1403-d201 @A: 12 25 33 16 | 08
#1404-d201 @A: 33 32 10 13 | 06
#1405-d201 @A: 20 33 13 31 | 09
#1406-d201 @A: 27 33 21 08 | 10
#1407-d201 @A: 14 05 16 33 | 03
#1408-d201 @A: 16 33 22 03 | 12
#1409-d201 @A: 08 22 06 33 | 01
#1410-d201 @A: 33 10 26 27 | 04
#1411-d201 @A: 15 34 10 33 | 02
#1412-d201 @A: 06 32 07 29 | 07
#1413-d201 @A: 07 03 29 11 | 05
#1414-d201 @A: 29 17 31 04 | 11
#1415-d201 @A: 20 25 04 29 | 08
#1416-d201 @A: 04 32 03 29 | 06
#1417-d201 @A: 29 35 16 23 | 09
#1418-d201 @A: 21 14 11 29 | 10
#1419-d201 @A: 11 24 18 29 | 03
#1420-d201 @A: 11 29 26 09 | 12
#1421-d201 @A: 20 18 29 28 | 01
#1422-d201 @A: 06 29 02 20 | 04
#1423-d201 @A: 20 31 29 30 | 02
#1424-d201 @A: 26 29 08 23 | 07
#1425-d201 @A: 29 04 16 26 | 05
#1426-d201 @A: 24 07 17 23 | 11
#1427-d201 @A: 25 04 32 07 | 08
#1428-d201 @A: 16 07 35 02 | 06
#1429-d201 @A: 19 21 07 23 | 09
#1430-d201 @A: 23 22 05 07 | 10
#1431-d201 @A: 21 10 07 09 | 03
#1432-d201 @A: 07 34 18 04 | 12
#1433-d201 @A: 26 22 10 07 | 01
#1434-d201 @A: 06 27 07 01 | 04
#1435-d201 @A: 15 08 27 07 | 02
#1436-d201 @A: 17 25 27 32 | 07
#1437-d201 @A: 31 25 06 17 | 05
#1438-d201 @A: 32 21 18 17 | 11
#1439-d201 @A: 24 20 17 09 | 08
#1440-d201 @A: 23 30 21 17 | 06
#1441-d201 @A: 28 24 26 17 | 09
#1442-d201 @A: 10 24 21 17 | 10
#1443-d201 @A: 13 21 19 17 | 03
#1444-d201 @A: 14 03 21 17 | 12
#1445-d201 @A: 10 12 17 31 | 01
#1446-d201 @A: 12 17 16 14 | 04
#1447-d201 @A: 12 06 26 17 | 02
#1448-d201 @A: 17 02 05 27 | 07
#1449-d201 @A: 17 18 06 22 | 05
#1450-d201 @A: 17 27 01 09 | 11
#1451-d201 @A: 25 28 31 27 | 08
#1452-d201 @A: 26 31 24 25 | 06
#1453-d201 @A: 25 26 15 18 | 09
#1454-d201 @A: 04 01 19 25 | 10
#1455-d201 @A: 26 25 30 04 | 03
#1456-d201 @A: 30 20 32 05 | 12
#1457-d201 @A: 20 03 32 13 | 01
#1458-d201 @A: 32 19 20 26 | 04
#1459-d201 @A: 32 18 14 23 | 02
#1460-d201 @A: 30 02 32 21 | 07
#1461-d201 @A: 01 32 24 02 | 05
#1462-d201 @A: 16 26 10 32 | 11
#1463-d201 @A: 18 10 30 32 | 08
#1464-d201 @A: 30 34 32 03 | 06
#1465-d201 @A: 32 04 34 09 | 09
#1466-d201 @A: 32 10 15 09 | 10
#1467-d201 @A: 27 26 32 30 | 03
#1468-d201 @A: 08 04 32 10 | 12
#1469-d201 @A: 04 21 11 35 | 01
#1470-d201 @A: 01 35 11 02 | 04
#1471-d201 @A: 10 03 11 35 | 02
#1472-d201 @A: 20 35 16 24 | 07
#1473-d201 @A: 34 23 35 12 | 05
#1474-d201 @A: 35 12 09 28 | 11
#1475-d201 @A: 35 28 03 19 | 08
#1476-d201 @A: 22 16 21 35 | 06
#1477-d201 @A: 05 24 35 22 | 09
#1478-d201 @A: 10 34 35 16 | 10
#1479-d201 @A: 16 26 06 35 | 03
#1480-d201 @A: 35 18 15 01 | 12
#1481-d201 @A: 35 04 19 14 | 01
#1482-d201 @A: 16 05 20 11 | 04
#1483-d201 @A: 23 34 11 03 | 02
#1484-d201 @A: 05 11 30 28 | 07
#1485-d201 @A: 31 11 14 12 | 05
#1486-d201 @A: 06 18 11 12 | 11
#1487-d201 @A: 11 03 05 06 | 08
#1488-d201 @A: 11 24 10 22 | 06
#1489-d201 @A: 16 11 06 04 | 09
#1490-d201 @A: 11 04 22 03 | 10
#1491-d201 @A: 20 28 30 21 | 03
#1492-d201 @A: 24 21 15 20 | 12
#1493-d201 @A: 09 05 20 10 | 01
#1494-d201 @A: 16 02 31 20 | 04
#1495-d201 @A: 20 16 15 09 | 02
#1496-d201 @A: 16 20 34 26 | 07
#1497-d201 @A: 18 14 22 20 | 05
#1498-d201 @A: 20 14 09 03 | 11
#1499-d201 @A: 20 26 08 01 | 08
#1500-d201 @A: 01 10 30 20 | 06
#1501-d201 @A: 15 08 30 20 | 09
#1502-d201 @A: 23 31 21 04 | 10
#1503-d201 @A: 27 08 23 12 | 03
#1504-d201 @A: 23 15 31 22 | 12
#1505-d201 @A: 01 15 23 13 | 01
#1506-d201 @A: 23 22 18 16 | 04
#1507-d201 @A: 27 04 23 22 | 02
#1508-d201 @A: 23 15 04 14 | 07
#1509-d201 @A: 16 28 21 15 | 05
#1510-d201 @A: 03 34 28 22 | 11
#1511-d201 @A: 26 03 28 08 | 08
#1512-d201 @A: 12 09 24 21 | 06
#1513-d201 @A: 12 21 03 31 | 09
#1514-d201 @A: 06 04 21 10 | 10
#1515-d201 @A: 04 10 21 14 | 03
#1516-d201 @A: 31 12 26 05 | 12
#1517-d201 @A: 12 27 03 05 | 01
#1518-d201 @A: 04 15 12 22 | 04
#1519-d201 @A: 12 06 19 27 | 02
#1520-d201 @A: 19 12 30 14 | 07
#1521-d201 @A: 05 26 15 16 | 05
#1522-d201 @A: 01 05 18 06 | 11
#1523-d201 @A: 09 22 26 05 | 08
#1524-d201 @A: 04 05 27 06 | 06
#1525-d201 @A: 06 10 08 05 | 09
#1526-d201 @A: 15 18 24 10 | 10
#1527-d201 @A: 18 02 10 34 | 03
#1528-d201 @A: 15 02 08 18 | 12
#1529-d201 @A: 03 08 30 02 | 01
#1530-d201 @A: 08 02 27 04 | 04
#1531-d201 @A: 16 34 03 31 | 02
#1532-d201 @A: 09 13 08 18 | 07
#1533-d201 @A: 08 13 06 34 | 05
#1534-d201 @A: 26 22 03 14 | 11
#1535-d201 @A: 01 14 03 06 | 08
#1536-d201 @A: 10 14 34 15 | 06
#1537-d201 @A: 03 29 27 33 | 09
#1538-d201 @A: 33 17 22 11 | 10
#1539-d201 @A: 20 33 08 17 | 03
#1540-d201 @A: 13 25 33 30 | 12
#1541-d201 @A: 32 33 08 24 | 01
#1542-d201 @A: 30 33 21 35 | 04
#1543-d201 @A: 35 04 31 33 | 02
#1544-d201 @A: 11 09 33 12 | 07
#1545-d201 @A: 11 33 05 18 | 05
#1546-d201 @A: 20 24 33 03 | 11
#1547-d201 @A: 34 33 13 23 | 08
#1548-d201 @A: 14 33 23 03 | 06
#1549-d201 @A: 33 13 28 09 | 09
#1550-d201 @A: 28 33 01 19 | 10
#1551-d201 @A: 21 34 09 33 | 03
#1552-d201 @A: 24 12 06 33 | 12
#1553-d201 @A: 33 31 14 24 | 01
#1554-d201 @A: 19 33 09 18 | 04
#1555-d201 @A: 33 26 18 01 | 02
#1556-d201 @A: 15 03 14 33 | 07
#1557-d201 @A: 09 30 10 33 | 05
#1558-d201 @A: 07 23 01 29 | 11
#1559-d201 @A: 29 32 27 21 | 08
#1560-d201 @A: 14 31 29 32 | 06
#1561-d201 @A: 11 35 29 30 | 09
#1562-d201 @A: 35 09 29 06 | 10
#1563-d201 @A: 29 19 12 11 | 03
#1564-d201 @A: 14 29 02 06 | 12
#1565-d201 @A: 09 29 03 34 | 01
#1566-d201 @A: 29 09 10 04 | 04
#1567-d201 @A: 26 34 29 27 | 02
#1568-d201 @A: 10 07 17 34 | 07
#1569-d201 @A: 07 09 25 11 | 05
#1570-d201 @A: 07 11 32 14 | 11
#1571-d201 @A: 11 07 20 08 | 08
#1572-d201 @A: 07 04 28 11 | 06
#1573-d201 @A: 24 20 07 14 | 09
#1574-d201 @A: 07 10 20 13 | 10
#1575-d201 @A: 31 16 07 23 | 03
#1576-d201 @A: 07 05 26 28 | 12
#1577-d201 @A: 28 16 14 07 | 01
#1578-d201 @A: 19 13 24 07 | 04
#1579-d201 @A: 04 07 31 02 | 02
#1580-d201 @A: 02 18 13 07 | 07
#1581-d201 @A: 02 07 06 08 | 05
#1582-d201 @A: 16 07 27 09 | 11
#1583-d201 @A: 14 34 03 07 | 08
#1584-d201 @A: 15 25 17 20 | 06
#1585-d201 @A: 17 28 16 25 | 09
#1586-d201 @A: 09 32 14 17 | 10
#1587-d201 @A: 31 17 30 11 | 03
#1588-d201 @A: 13 11 17 26 | 12
#1589-d201 @A: 23 17 02 01 | 01
#1590-d201 @A: 19 23 17 06 | 04
#1591-d201 @A: 28 17 27 19 | 02
#1592-d201 @A: 15 16 17 24 | 07
#1593-d201 @A: 27 34 17 03 | 05
#1594-d201 @A: 17 10 26 03 | 11
#1595-d201 @A: 30 14 34 17 | 08
#1596-d201 @A: 08 34 04 17 | 06
#1597-d201 @A: 08 15 17 26 | 09
#1598-d201 @A: 23 32 25 22 | 10
#1599-d201 @A: 14 21 32 25 | 03
#1600-d201 @A: 02 35 15 25 | 12
#1601-d201 @A: 20 25 13 26 | 01
#1602-d201 @A: 23 25 30 28 | 04
#1603-d201 @A: 24 01 25 28 | 02
#1604-d201 @A: 21 22 27 25 | 07
#1605-d201 @A: 12 30 25 31 | 05
#1606-d201 @A: 05 26 25 27 | 11
#1607-d201 @A: 25 18 10 04 | 08
#1608-d201 @A: 25 03 06 30 | 06
#1609-d201 @A: 15 04 03 25 | 09
#1610-d201 @A: 25 06 08 04 | 10
#1611-d201 @A: 21 28 35 32 | 03
#1612-d201 @A: 08 11 32 02 | 12
#1613-d201 @A: 32 23 15 20 | 01
#1614-d201 @A: 23 12 32 10 | 04
#1615-d201 @A: 28 13 32 34 | 02
#1616-d201 @A: 28 08 16 32 | 07
#1617-d201 @A: 12 31 22 32 | 05
#1618-d201 @A: 16 27 18 32 | 11
#1619-d201 @A: 03 18 32 01 | 08
#1620-d201 @A: 09 06 18 32 | 06
#1621-d201 @A: 15 22 32 27 | 09
#1622-d201 @A: 08 06 32 03 | 10
#1623-d201 @A: 06 11 31 35 | 03
#1624-d201 @A: 18 28 05 35 | 12
#1625-d201 @A: 31 35 01 05 | 01
#1626-d201 @A: 06 24 13 35 | 04
#1627-d201 @A: 27 35 34 13 | 02
#1628-d201 @A: 35 06 22 14 | 07
#1629-d201 @A: 03 34 08 35 | 05
#1630-d201 @A: 06 35 10 27 | 11
#1631-d201 @A: 04 35 01 34 | 08
#1632-d201 @A: 35 08 01 14 | 06
#1633-d201 @A: 26 35 10 30 | 09
#1634-d201 @A: 35 08 19 26 | 10
#1635-d201 @A: 09 11 23 02 | 03
#1636-d201 @A: 11 19 26 23 | 12
#1637-d201 @A: 02 11 28 16 | 01
#1638-d201 @A: 13 24 16 11 | 04
#1639-d201 @A: 19 11 06 15 | 02
#1640-d201 @A: 08 06 26 11 | 07
#1641-d201 @A: 26 14 20 23 | 05
#1642-d201 @A: 20 21 22 10 | 11
#1643-d201 @A: 24 20 12 30 | 08
#1644-d201 @A: 01 20 16 04 | 06
#1645-d201 @A: 31 28 14 23 | 09
#1646-d201 @A: 15 23 05 24 | 10
#1647-d201 @A: 26 06 05 23 | 03
#1648-d201 @A: 02 19 24 23 | 12
#1649-d201 @A: 30 23 27 01 | 01
#1650-d201 @A: 10 30 19 23 | 04
#1651-d201 @A: 28 03 13 12 | 02
#1652-d201 @A: 28 27 12 22 | 07
#1653-d201 @A: 05 24 28 03 | 05
#1654-d201 @A: 28 05 27 01 | 11
#1655-d201 @A: 27 34 28 18 | 08
#1656-d201 @A: 28 03 15 27 | 06
#1657-d201 @A: 26 27 06 28 | 09
#1658-d201 @A: 31 05 21 27 | 10
#1659-d201 @A: 24 21 04 34 | 03
#1660-d201 @A: 13 21 14 34 | 12
#1661-d201 @A: 26 21 13 30 | 01
#1662-d201 @A: 21 06 14 27 | 04
#1663-d201 @A: 30 04 21 19 | 02
#1664-d201 @A: 24 15 26 12 | 07
#1665-d201 @A: 02 12 13 15 | 05
#1666-d201 @A: 18 04 16 12 | 11
#1667-d201 @A: 16 09 08 12 | 08
#1668-d201 @A: 16 06 12 01 | 06
#1669-d201 @A: 12 10 22 30 | 09
#1670-d201 @A: 27 09 12 34 | 10
#1671-d201 @A: 12 26 04 34 | 03
#1672-d201 @A: 08 15 01 12 | 12
#1673-d201 @A: 24 13 05 31 | 01
#1674-d201 @A: 34 05 30 24 | 04
#1675-d201 @A: 05 13 09 02 | 02
#1676-d201 @A: 27 18 05 14 | 07
#1677-d201 @A: 05 04 14 27 | 05
#1678-d201 @A: 19 10 06 24 | 11
#1679-d201 @A: 02 31 14 27 | 08
#1680-d201 @A: 02 22 26 18 | 06
#1681-d201 @A: 02 09 04 18 | 09
#1682-d201 @A: 03 02 26 06 | 10
#1683-d201 @A: 31 30 09 01 | 03
#1684-d201 @A: 27 19 31 30 | 12
#1685-d201 @A: 13 19 26 16 | 01
#1686-d201 @A: 08 16 13 04 | 04
#1687-d201 @A: 14 13 06 18 | 02
#1688-d201 @A: 30 27 13 03 | 07
#1689-d201 @A: 13 01 19 06 | 05
