#0001-d202 @A: 22 14 24 13 | 12
#0002-d202 @A: 26 35 24 14 | 02
#0003-d202 @A: 14 05 19 33 | 05
#0004-d202 @A: 14 27 16 18 | 01
#0005-d202 @A: 22 35 18 14 | 07
#0006-d202 @A: 21 14 08 18 | 04
#0007-d202 @A: 32 06 02 14 | 08
#0008-d202 @A: 32 14 08 03 | 10
#0009-d202 @A: 10 16 14 32 | 11
#0010-d202 @A: 14 04 12 10 | 03
#0011-d202 @A: 31 14 12 26 | 06
#0012-d202 @A: 07 25 31 14 | 09
#0013-d202 @A: 04 16 31 14 | 12
#0014-d202 @A: 08 14 34 04 | 02
#0015-d202 @A: 28 14 11 02 | 05
#0016-d202 @A: 17 21 14 02 | 01
#0017-d202 @A: 32 29 05 24 | 07
#0018-d202 @A: 24 29 03 17 | 04
#0019-d202 @A: 33 18 24 27 | 08
#0020-d202 @A: 23 24 06 33 | 10
#0021-d202 @A: 24 20 08 15 | 11
#0022-d202 @A: 01 18 05 24 | 03
#0023-d202 @A: 24 11 07 32 | 06
#0024-d202 @A: 11 19 12 24 | 09
#0025-d202 @A: 25 24 17 06 | 12
#0026-d202 @A: 24 11 25 01 | 02
#0027-d202 @A: 05 03 24 35 | 05
#0028-d202 @A: 23 24 27 04 | 01
#0029-d202 @A: 27 24 22 01 | 07
#0030-d202 @A: 11 08 24 19 | 04
#0031-d202 @A: 24 34 26 23 | 08
#0032-d202 @A: 24 02 01 21 | 10
#0033-d202 @A: 28 35 24 15 | 11
#0034-d202 @A: 05 11 17 24 | 03
#0035-d202 @A: 16 33 29 30 | 06
#0036-d202 @A: 33 01 10 29 | 09
#0037-d202 @A: 31 34 18 29 | 12
#0038-d202 @A: 10 25 29 19 | 02
#0039-d202 @A: 01 29 04 19 | 05
#0040-d202 @A: 04 29 08 31 | 01
#0041-d202 @A: 11 29 35 19 | 07
#0042-d202 @A: 28 07 21 29 | 04
#0043-d202 @A: 29 16 07 17 | 08
#0044-d202 @A: 29 09 16 11 | 10
#0045-d202 @A: 33 18 20 09 | 11
#0046-d202 @A: 33 08 22 20 | 03
#0047-d202 @A: 31 28 20 33 | 06
#0048-d202 @A: 33 18 30 05 | 09
#0049-d202 @A: 33 12 18 15 | 12
#0050-d202 @A: 18 33 23 03 | 02
#0051-d202 @A: 07 08 18 33 | 05
#0052-d202 @A: 05 08 12 33 | 01
#0053-d202 @A: 21 33 06 11 | 07
#0054-d202 @A: 25 09 33 21 | 04
#0055-d202 @A: 15 33 26 27 | 08
#0056-d202 @A: 19 26 33 21 | 10
#0057-d202 @A: 20 06 32 23 | 11
#0058-d202 @A: 25 05 20 32 | 03
#0059-d202 @A: 01 20 30 12 | 06
#0060-d202 @A: 02 30 25 20 | 09
#0061-d202 @A: 15 30 21 20 | 12
#0062-d202 @A: 13 06 20 25 | 02
#0063-d202 @A: 06 20 21 04 | 05
#0064-d202 @A: 09 06 34 20 | 01
#0065-d202 @A: 20 10 02 27 | 07
#0066-d202 @A: 04 20 15 13 | 04
#0067-d202 @A: 28 19 26 20 | 08
#0068-d202 @A: 34 15 07 20 | 10
#0069-d202 @A: 10 01 20 35 | 11
#0070-d202 @A: 18 32 35 31 | 03
#0071-d202 @A: 03 16 18 31 | 06
#0072-d202 @A: 27 08 18 05 | 09
#0073-d202 @A: 28 02 23 18 | 12
#0074-d202 @A: 10 35 02 18 | 02
#0075-d202 @A: 07 28 05 18 | 05
#0076-d202 @A: 32 30 11 26 | 01
#0077-d202 @A: 22 06 32 07 | 07
#0078-d202 @A: 32 21 03 27 | 04
#0079-d202 @A: 22 32 01 19 | 08
#0080-d202 @A: 31 19 32 02 | 10
#0081-d202 @A: 01 32 23 07 | 11
#0082-d202 @A: 23 32 17 16 | 03
#0083-d202 @A: 16 08 35 32 | 06
#0084-d202 @A: 27 30 12 17 | 09
#0085-d202 @A: 30 12 23 07 | 12
#0086-d202 @A: 22 30 25 11 | 02
#0087-d202 @A: 23 30 31 25 | 05
#0088-d202 @A: 30 04 03 10 | 01
#0089-d202 @A: 26 30 27 31 | 07
#0090-d202 @A: 35 04 26 30 | 04
#0091-d202 @A: 22 19 17 30 | 08
#0092-d202 @A: 01 23 09 30 | 10
#0093-d202 @A: 10 09 11 30 | 11
#0094-d202 @A: 08 10 30 17 | 03
#0095-d202 @A: 02 01 13 30 | 06
#0096-d202 @A: 16 15 30 09 | 09
#0097-d202 @A: 02 28 30 16 | 12
#0098-d202 @A: 30 15 28 05 | 02
#0099-d202 @A: 16 12 27 04 | 05
#0100-d202 @A: 27 09 12 08 | 01
#0101-d202 @A: 22 12 05 31 | 07
#0102-d202 @A: 28 23 11 12 | 04
#0103-d202 @A: 10 05 02 12 | 08
#0104-d202 @A: 06 03 08 22 | 10
#0105-d202 @A: 31 35 06 08 | 11
#0106-d202 @A: 01 10 21 06 | 03
#0107-d202 @A: 07 06 21 35 | 06
#0108-d202 @A: 13 11 35 06 | 09
#0109-d202 @A: 28 09 23 25 | 12
#0110-d202 @A: 13 10 17 25 | 02
#0111-d202 @A: 16 15 17 25 | 05
#0112-d202 @A: 10 22 03 31 | 01
#0113-d202 @A: 03 19 21 07 | 07
#0114-d202 @A: 03 07 34 16 | 04
#0115-d202 @A: 11 03 09 34 | 08
#0116-d202 @A: 03 05 01 09 | 10
#0117-d202 @A: 07 05 02 03 | 11
#0118-d202 @A: 13 09 03 28 | 03
#0119-d202 @A: 11 08 09 03 | 06
#0120-d202 @A: 15 03 11 05 | 09
#0121-d202 @A: 04 27 08 02 | 12
#0122-d202 @A: 17 02 22 27 | 02
#0123-d202 @A: 31 21 27 05 | 05
#0124-d202 @A: 34 27 35 07 | 01
#0125-d202 @A: 17 27 23 21 | 07
#0126-d202 @A: 21 27 07 16 | 04
#0127-d202 @A: 19 11 17 04 | 08
#0128-d202 @A: 07 04 13 09 | 10
#0129-d202 @A: 04 05 16 07 | 11
#0130-d202 @A: 17 04 09 28 | 03
#0131-d202 @A: 11 35 04 15 | 06
#0132-d202 @A: 05 34 13 22 | 09
#0133-d202 @A: 19 35 13 01 | 12
#0134-d202 @A: 09 17 07 19 | 02
#0135-d202 @A: 16 19 21 09 | 05
#0136-d202 @A: 05 26 34 09 | 01
#0137-d202 @A: 26 07 21 02 | 07
#0138-d202 @A: 26 17 13 15 | 04
#0139-d202 @A: 34 31 02 08 | 08
#0140-d202 @A: 34 31 35 05 | 10
#0141-d202 @A: 23 01 21 31 | 11
#0142-d202 @A: 10 21 35 08 | 03
#0143-d202 @A: 24 33 14 28 | 06
#0144-d202 @A: 17 24 31 14 | 09
#0145-d202 @A: 08 14 24 23 | 12
#0146-d202 @A: 35 12 14 33 | 02
#0147-d202 @A: 31 09 33 14 | 05
#0148-d202 @A: 08 11 14 33 | 01
#0149-d202 @A: 22 20 32 14 | 07
#0150-d202 @A: 12 15 20 14 | 04
#0151-d202 @A: 34 11 12 14 | 08
#0152-d202 @A: 14 06 04 35 | 10
#0153-d202 @A: 06 14 13 01 | 11
#0154-d202 @A: 11 14 04 25 | 03
#0155-d202 @A: 19 15 25 14 | 06
#0156-d202 @A: 14 21 22 03 | 09
#0157-d202 @A: 27 14 22 11 | 12
#0158-d202 @A: 04 14 22 15 | 02
#0159-d202 @A: 15 26 34 14 | 05
#0160-d202 @A: 34 23 31 14 | 01
#0161-d202 @A: 02 14 16 23 | 07
#0162-d202 @A: 10 09 14 07 | 04
#0163-d202 @A: 24 28 22 29 | 08
#0164-d202 @A: 24 08 17 29 | 10
#0165-d202 @A: 24 13 33 04 | 11
#0166-d202 @A: 33 05 26 24 | 03
#0167-d202 @A: 17 09 33 24 | 06
#0168-d202 @A: 30 24 34 20 | 09
#0169-d202 @A: 22 20 17 24 | 12
#0170-d202 @A: 09 03 24 18 | 02
#0171-d202 @A: 24 10 27 32 | 05
#0172-d202 @A: 31 16 32 24 | 01
#0173-d202 @A: 03 30 08 24 | 07
#0174-d202 @A: 25 10 24 08 | 04
#0175-d202 @A: 31 03 26 24 | 08
#0176-d202 @A: 19 31 05 24 | 10
#0177-d202 @A: 16 34 09 24 | 11
#0178-d202 @A: 23 16 35 24 | 03
#0179-d202 @A: 24 02 23 15 | 06
#0180-d202 @A: 24 05 28 10 | 09
#0181-d202 @A: 26 20 29 17 | 12
#0182-d202 @A: 06 32 11 29 | 02
#0183-d202 @A: 29 25 34 12 | 05
#0184-d202 @A: 29 22 11 12 | 01
#0185-d202 @A: 22 25 17 29 | 07
#0186-d202 @A: 03 05 29 34 | 04
#0187-d202 @A: 34 17 29 23 | 08
#0188-d202 @A: 16 29 08 15 | 10
#0189-d202 @A: 22 10 33 18 | 11
#0190-d202 @A: 32 30 33 12 | 03
#0191-d202 @A: 25 33 15 32 | 06
#0192-d202 @A: 33 03 30 17 | 09
#0193-d202 @A: 33 06 17 27 | 12
#0194-d202 @A: 05 02 33 06 | 02
#0195-d202 @A: 03 33 21 31 | 05
#0196-d202 @A: 10 26 04 33 | 01
#0197-d202 @A: 33 19 11 31 | 07
#0198-d202 @A: 10 15 33 09 | 04
#0199-d202 @A: 28 10 33 02 | 08
#0200-d202 @A: 33 35 08 02 | 10
#0201-d202 @A: 34 31 20 32 | 11
#0202-d202 @A: 30 01 08 20 | 03
#0203-d202 @A: 20 25 21 27 | 06
#0204-d202 @A: 03 21 28 20 | 09
#0205-d202 @A: 31 20 23 04 | 12
#0206-d202 @A: 20 16 19 31 | 02
#0207-d202 @A: 08 16 20 26 | 05
#0208-d202 @A: 05 07 31 20 | 01
#0209-d202 @A: 20 07 08 31 | 07
#0210-d202 @A: 05 11 20 35 | 04
#0211-d202 @A: 20 08 17 05 | 08
#0212-d202 @A: 26 07 18 32 | 10
#0213-d202 @A: 01 18 30 22 | 11
#0214-d202 @A: 12 18 11 03 | 03
#0215-d202 @A: 03 18 06 28 | 06
#0216-d202 @A: 19 07 10 18 | 09
#0217-d202 @A: 18 09 31 08 | 12
#0218-d202 @A: 11 23 18 07 | 02
#0219-d202 @A: 13 18 02 09 | 05
#0220-d202 @A: 16 18 15 21 | 01
#0221-d202 @A: 05 12 35 32 | 07
#0222-d202 @A: 02 26 03 32 | 04
#0223-d202 @A: 27 26 35 32 | 08
#0224-d202 @A: 04 22 10 32 | 10
#0225-d202 @A: 28 34 32 15 | 11
#0226-d202 @A: 15 32 02 13 | 03
#0227-d202 @A: 30 12 09 25 | 06
#0228-d202 @A: 06 27 30 04 | 09
#0229-d202 @A: 13 06 30 08 | 12
#0230-d202 @A: 01 03 25 30 | 02
#0231-d202 @A: 25 04 13 30 | 05
#0232-d202 @A: 30 11 27 23 | 01
#0233-d202 @A: 22 31 34 30 | 07
#0234-d202 @A: 30 11 22 08 | 04
#0235-d202 @A: 19 30 08 23 | 08
#0236-d202 @A: 05 10 30 01 | 10
#0237-d202 @A: 01 30 07 16 | 11
#0238-d202 @A: 23 06 12 31 | 03
#0239-d202 @A: 23 03 04 12 | 06
#0240-d202 @A: 22 12 09 04 | 09
#0241-d202 @A: 35 19 22 12 | 12
#0242-d202 @A: 28 12 34 02 | 02
#0243-d202 @A: 11 06 04 02 | 05
#0244-d202 @A: 06 28 16 23 | 01
#0245-d202 @A: 11 06 05 23 | 07
#0246-d202 @A: 16 11 06 01 | 04
#0247-d202 @A: 06 11 07 08 | 08
#0248-d202 @A: 06 02 28 17 | 10
#0249-d202 @A: 25 03 04 21 | 11
#0250-d202 @A: 07 03 09 25 | 03
#0251-d202 @A: 25 10 34 16 | 06
#0252-d202 @A: 23 11 13 25 | 09
#0253-d202 @A: 16 25 01 13 | 12
#0254-d202 @A: 05 07 25 13 | 02
#0255-d202 @A: 25 11 09 02 | 05
#0256-d202 @A: 05 08 25 11 | 01
#0257-d202 @A: 17 03 13 07 | 07
#0258-d202 @A: 15 01 34 27 | 04
#0259-d202 @A: 28 01 11 27 | 08
#0260-d202 @A: 04 08 09 23 | 10
#0261-d202 @A: 07 01 04 21 | 11
#0262-d202 @A: 05 09 11 04 | 03
#0263-d202 @A: 22 23 13 21 | 06
#0264-d202 @A: 01 22 11 09 | 09
#0265-d202 @A: 17 01 22 28 | 12
#0266-d202 @A: 01 16 22 21 | 02
#0267-d202 @A: 15 22 01 13 | 05
#0268-d202 @A: 19 26 09 08 | 01
#0269-d202 @A: 21 19 35 15 | 07
#0270-d202 @A: 26 05 10 15 | 04
#0271-d202 @A: 13 31 28 16 | 08
#0272-d202 @A: 01 10 08 02 | 10
#0273-d202 @A: 14 04 24 07 | 11
#0274-d202 @A: 12 14 21 29 | 03
#0275-d202 @A: 29 14 35 02 | 06
#0276-d202 @A: 27 21 14 33 | 09
#0277-d202 @A: 34 33 14 04 | 12
#0278-d202 @A: 26 33 14 17 | 02
#0279-d202 @A: 14 09 16 20 | 05
#0280-d202 @A: 35 07 14 32 | 01
#0281-d202 @A: 14 30 06 34 | 07
#0282-d202 @A: 14 08 30 07 | 04
#0283-d202 @A: 06 14 12 09 | 08
#0284-d202 @A: 25 02 14 12 | 10
#0285-d202 @A: 28 27 14 04 | 11
#0286-d202 @A: 35 27 31 14 | 03
#0287-d202 @A: 13 27 14 17 | 06
#0288-d202 @A: 02 14 04 19 | 09
#0289-d202 @A: 22 14 26 08 | 12
#0290-d202 @A: 14 22 09 17 | 02
#0291-d202 @A: 11 23 15 14 | 05
#0292-d202 @A: 17 07 11 14 | 01
#0293-d202 @A: 05 16 14 11 | 07
#0294-d202 @A: 14 35 05 13 | 04
#0295-d202 @A: 20 27 24 15 | 08
#0296-d202 @A: 18 24 26 21 | 10
#0297-d202 @A: 34 32 24 08 | 11
#0298-d202 @A: 32 15 24 17 | 03
#0299-d202 @A: 11 03 24 30 | 06
#0300-d202 @A: 06 02 35 24 | 09
#0301-d202 @A: 24 25 34 22 | 12
#0302-d202 @A: 24 15 26 22 | 02
#0303-d202 @A: 22 10 11 24 | 05
#0304-d202 @A: 21 24 05 23 | 01
#0305-d202 @A: 24 09 21 10 | 07
#0306-d202 @A: 06 22 33 29 | 04
#0307-d202 @A: 29 35 25 33 | 08
#0308-d202 @A: 26 29 31 33 | 10
#0309-d202 @A: 29 18 04 23 | 11
#0310-d202 @A: 01 32 03 29 | 03
#0311-d202 @A: 17 29 12 19 | 06
#0312-d202 @A: 21 06 29 03 | 09
#0313-d202 @A: 34 29 08 25 | 12
#0314-d202 @A: 21 29 03 08 | 02
#0315-d202 @A: 29 27 26 23 | 05
#0316-d202 @A: 26 10 29 21 | 01
#0317-d202 @A: 28 29 11 17 | 07
#0318-d202 @A: 33 17 20 12 | 04
#0319-d202 @A: 19 02 33 18 | 08
#0320-d202 @A: 03 35 33 32 | 10
#0321-d202 @A: 33 25 07 30 | 11
#0322-d202 @A: 35 33 22 30 | 03
#0323-d202 @A: 30 23 33 15 | 06
#0324-d202 @A: 25 12 33 27 | 09
#0325-d202 @A: 28 33 21 12 | 12
#0326-d202 @A: 33 10 31 06 | 02
#0327-d202 @A: 05 04 25 33 | 05
#0328-d202 @A: 33 03 15 22 | 01
#0329-d202 @A: 33 22 27 04 | 07
#0330-d202 @A: 08 10 33 31 | 04
#0331-d202 @A: 34 15 33 05 | 08
#0332-d202 @A: 10 16 33 05 | 10
#0333-d202 @A: 12 20 06 16 | 11
#0334-d202 @A: 20 03 34 12 | 03
#0335-d202 @A: 16 22 20 25 | 06
#0336-d202 @A: 20 03 19 04 | 09
#0337-d202 @A: 27 23 20 19 | 12
#0338-d202 @A: 20 19 34 08 | 02
#0339-d202 @A: 01 20 26 07 | 05
#0340-d202 @A: 20 13 16 34 | 01
#0341-d202 @A: 20 23 16 08 | 07
#0342-d202 @A: 17 20 02 23 | 04
#0343-d202 @A: 07 20 02 28 | 08
#0344-d202 @A: 20 17 15 09 | 10
#0345-d202 @A: 02 05 20 13 | 11
#0346-d202 @A: 18 30 07 31 | 03
#0347-d202 @A: 01 31 12 18 | 06
#0348-d202 @A: 17 18 25 23 | 09
#0349-d202 @A: 27 18 26 10 | 12
#0350-d202 @A: 11 18 09 31 | 02
#0351-d202 @A: 18 01 11 35 | 05
#0352-d202 @A: 32 09 27 30 | 01
#0353-d202 @A: 26 32 10 12 | 07
#0354-d202 @A: 32 22 23 27 | 04
#0355-d202 @A: 32 15 08 04 | 08
#0356-d202 @A: 31 22 32 08 | 10
#0357-d202 @A: 26 08 17 32 | 11
#0358-d202 @A: 09 32 34 01 | 03
#0359-d202 @A: 01 02 32 10 | 06
#0360-d202 @A: 32 28 01 35 | 09
#0361-d202 @A: 28 06 01 30 | 12
#0362-d202 @A: 21 30 26 25 | 02
#0363-d202 @A: 30 35 27 03 | 05
#0364-d202 @A: 27 19 30 02 | 01
#0365-d202 @A: 08 30 28 35 | 07
#0366-d202 @A: 30 16 08 05 | 04
#0367-d202 @A: 21 11 17 30 | 08
#0368-d202 @A: 30 17 05 35 | 10
#0369-d202 @A: 03 31 12 07 | 11
#0370-d202 @A: 19 21 04 12 | 03
#0371-d202 @A: 12 09 31 19 | 06
#0372-d202 @A: 12 15 09 28 | 09
#0373-d202 @A: 17 12 13 35 | 12
#0374-d202 @A: 23 06 03 19 | 02
#0375-d202 @A: 26 05 03 06 | 05
#0376-d202 @A: 27 07 31 06 | 01
#0377-d202 @A: 34 04 06 13 | 07
#0378-d202 @A: 22 26 06 11 | 04
#0379-d202 @A: 28 06 19 05 | 08
#0380-d202 @A: 06 34 16 21 | 10
#0381-d202 @A: 09 06 08 10 | 11
#0382-d202 @A: 25 04 01 22 | 03
#0383-d202 @A: 15 02 25 31 | 06
#0384-d202 @A: 23 25 05 35 | 09
#0385-d202 @A: 07 25 28 16 | 12
#0386-d202 @A: 09 35 25 13 | 02
#0387-d202 @A: 27 09 03 19 | 05
#0388-d202 @A: 17 04 31 03 | 01
#0389-d202 @A: 23 03 34 28 | 07
#0390-d202 @A: 03 35 02 34 | 04
#0391-d202 @A: 11 10 03 21 | 08
#0392-d202 @A: 11 27 26 19 | 10
#0393-d202 @A: 08 27 01 26 | 11
#0394-d202 @A: 07 27 11 10 | 03
#0395-d202 @A: 01 27 05 35 | 06
#0396-d202 @A: 13 28 04 22 | 09
#0397-d202 @A: 31 04 19 07 | 12
#0398-d202 @A: 02 28 04 35 | 02
#0399-d202 @A: 22 21 34 09 | 05
#0400-d202 @A: 17 11 22 13 | 01
#0401-d202 @A: 11 22 15 21 | 07
#0402-d202 @A: 23 35 17 19 | 04
#0403-d202 @A: 28 01 19 21 | 08
#0404-d202 @A: 13 15 11 19 | 10
#0405-d202 @A: 08 02 17 19 | 11
#0406-d202 @A: 26 01 28 34 | 03
#0407-d202 @A: 08 31 01 15 | 06
#0408-d202 @A: 34 16 08 10 | 09
#0409-d202 @A: 16 17 09 08 | 12
#0410-d202 @A: 14 35 29 08 | 02
#0411-d202 @A: 14 35 20 30 | 05
#0412-d202 @A: 09 18 25 14 | 01
#0413-d202 @A: 11 14 30 19 | 07
#0414-d202 @A: 14 16 12 08 | 04
#0415-d202 @A: 03 14 06 16 | 08
#0416-d202 @A: 02 14 27 03 | 10
#0417-d202 @A: 26 14 23 03 | 11
#0418-d202 @A: 14 03 28 07 | 03
#0419-d202 @A: 07 14 26 22 | 06
#0420-d202 @A: 26 16 14 19 | 09
#0421-d202 @A: 15 21 14 10 | 12
#0422-d202 @A: 14 01 21 11 | 02
#0423-d202 @A: 11 14 09 13 | 05
#0424-d202 @A: 28 17 14 15 | 01
#0425-d202 @A: 21 14 28 05 | 07
#0426-d202 @A: 06 29 16 24 | 04
#0427-d202 @A: 24 01 33 12 | 08
#0428-d202 @A: 15 33 24 31 | 10
#0429-d202 @A: 24 12 20 05 | 11
#0430-d202 @A: 28 20 24 06 | 03
#0431-d202 @A: 20 24 02 19 | 06
#0432-d202 @A: 32 18 24 28 | 09
#0433-d202 @A: 24 18 30 15 | 12
#0434-d202 @A: 32 24 34 06 | 02
#0435-d202 @A: 04 17 24 30 | 05
#0436-d202 @A: 17 12 02 24 | 01
#0437-d202 @A: 13 27 06 24 | 07
#0438-d202 @A: 07 01 24 28 | 04
#0439-d202 @A: 05 07 15 24 | 08
#0440-d202 @A: 24 02 09 28 | 10
#0441-d202 @A: 35 18 26 29 | 11
#0442-d202 @A: 30 06 17 29 | 03
#0443-d202 @A: 11 30 31 29 | 06
#0444-d202 @A: 34 30 28 29 | 09
#0445-d202 @A: 28 29 06 12 | 12
#0446-d202 @A: 31 02 06 29 | 02
#0447-d202 @A: 29 06 13 05 | 05
#0448-d202 @A: 03 29 26 16 | 01
#0449-d202 @A: 03 09 29 31 | 07
#0450-d202 @A: 02 29 27 34 | 04
#0451-d202 @A: 29 26 15 04 | 08
#0452-d202 @A: 02 10 29 15 | 10
#0453-d202 @A: 29 13 08 09 | 11
#0454-d202 @A: 35 29 13 28 | 03
#0455-d202 @A: 21 02 16 29 | 06
#0456-d202 @A: 13 11 29 21 | 09
#0457-d202 @A: 29 05 21 35 | 12
#0458-d202 @A: 23 20 33 16 | 02
#0459-d202 @A: 01 27 30 33 | 05
#0460-d202 @A: 09 30 34 33 | 01
#0461-d202 @A: 33 11 02 27 | 07
#0462-d202 @A: 19 33 04 09 | 04
#0463-d202 @A: 13 19 22 33 | 08
#0464-d202 @A: 01 33 35 26 | 10
#0465-d202 @A: 02 33 07 34 | 11
#0466-d202 @A: 17 10 21 33 | 03
#0467-d202 @A: 15 01 02 33 | 06
#0468-d202 @A: 11 13 07 33 | 09
#0469-d202 @A: 06 20 10 18 | 12
#0470-d202 @A: 20 32 19 17 | 02
#0471-d202 @A: 23 30 20 03 | 05
#0472-d202 @A: 20 25 28 12 | 01
#0473-d202 @A: 20 22 12 21 | 07
#0474-d202 @A: 01 19 20 06 | 04
#0475-d202 @A: 28 04 20 11 | 08
#0476-d202 @A: 05 19 20 22 | 10
#0477-d202 @A: 11 20 23 22 | 11
#0478-d202 @A: 20 17 11 34 | 03
#0479-d202 @A: 20 15 35 02 | 06
#0480-d202 @A: 21 18 32 06 | 09
#0481-d202 @A: 22 18 28 12 | 12
#0482-d202 @A: 03 17 26 18 | 02
#0483-d202 @A: 22 27 09 18 | 05
#0484-d202 @A: 22 34 18 07 | 01
#0485-d202 @A: 31 26 18 19 | 07
#0486-d202 @A: 18 01 13 28 | 04
#0487-d202 @A: 18 15 17 07 | 08
#0488-d202 @A: 35 16 28 18 | 10
#0489-d202 @A: 18 28 17 21 | 11
#0490-d202 @A: 13 18 17 16 | 03
#0491-d202 @A: 32 16 30 19 | 06
#0492-d202 @A: 17 06 03 32 | 09
#0493-d202 @A: 21 01 25 32 | 12
#0494-d202 @A: 03 16 32 15 | 02
#0495-d202 @A: 32 04 26 16 | 05
#0496-d202 @A: 22 26 17 32 | 01
#0497-d202 @A: 32 23 26 28 | 07
#0498-d202 @A: 16 35 09 32 | 04
#0499-d202 @A: 32 13 11 28 | 08
#0500-d202 @A: 32 05 02 17 | 10
#0501-d202 @A: 21 32 02 35 | 11
#0502-d202 @A: 30 31 06 15 | 03
#0503-d202 @A: 34 21 03 30 | 06
#0504-d202 @A: 30 04 28 07 | 09
#0505-d202 @A: 30 22 09 07 | 12
#0506-d202 @A: 23 13 30 05 | 02
#0507-d202 @A: 13 30 35 07 | 05
#0508-d202 @A: 12 04 25 06 | 01
#0509-d202 @A: 08 02 06 12 | 07
#0510-d202 @A: 25 22 12 15 | 04
#0511-d202 @A: 05 27 12 03 | 08
#0512-d202 @A: 22 13 12 27 | 10
#0513-d202 @A: 31 12 10 27 | 11
#0514-d202 @A: 23 12 26 22 | 03
#0515-d202 @A: 12 09 05 21 | 06
#0516-d202 @A: 12 28 13 05 | 09
#0517-d202 @A: 21 11 12 35 | 12
#0518-d202 @A: 25 09 19 06 | 02
#0519-d202 @A: 25 23 21 06 | 05
#0520-d202 @A: 06 07 03 04 | 01
#0521-d202 @A: 07 06 34 11 | 07
#0522-d202 @A: 06 05 10 09 | 04
#0523-d202 @A: 28 09 06 21 | 08
#0524-d202 @A: 03 25 05 31 | 10
#0525-d202 @A: 25 26 27 34 | 11
#0526-d202 @A: 01 27 31 25 | 03
#0527-d202 @A: 25 07 26 04 | 06
#0528-d202 @A: 22 25 19 08 | 09
#0529-d202 @A: 07 25 34 01 | 12
#0530-d202 @A: 21 07 25 11 | 02
#0531-d202 @A: 07 25 35 15 | 05
#0532-d202 @A: 08 27 03 17 | 01
#0533-d202 @A: 03 01 34 04 | 07
#0534-d202 @A: 19 03 35 26 | 04
#0535-d202 @A: 13 16 03 35 | 08
#0536-d202 @A: 19 04 10 27 | 10
#0537-d202 @A: 27 04 01 09 | 11
#0538-d202 @A: 17 31 19 27 | 03
#0539-d202 @A: 34 23 05 27 | 06
#0540-d202 @A: 28 27 34 21 | 09
#0541-d202 @A: 35 10 27 21 | 12
#0542-d202 @A: 22 35 21 04 | 02
#0543-d202 @A: 05 26 04 21 | 05
#0544-d202 @A: 04 05 15 02 | 01
#0545-d202 @A: 26 19 10 22 | 07
#0546-d202 @A: 34 22 01 23 | 04
#0547-d202 @A: 22 07 16 23 | 08
#0548-d202 @A: 28 35 23 22 | 10
#0549-d202 @A: 21 17 22 07 | 11
#0550-d202 @A: 07 02 15 22 | 03
#0551-d202 @A: 17 22 16 05 | 06
#0552-d202 @A: 02 35 13 22 | 09
#0553-d202 @A: 13 05 19 10 | 12
#0554-d202 @A: 05 31 16 26 | 02
#0555-d202 @A: 10 26 07 34 | 05
#0556-d202 @A: 26 21 34 17 | 01
#0557-d202 @A: 35 26 34 13 | 07
#0558-d202 @A: 23 26 17 05 | 04
#0559-d202 @A: 02 26 08 13 | 08
#0560-d202 @A: 34 07 31 13 | 10
#0561-d202 @A: 31 23 07 35 | 11
#0562-d202 @A: 02 31 16 10 | 03
#0563-d202 @A: 31 09 35 02 | 06
#0564-d202 @A: 15 31 28 21 | 09
#0565-d202 @A: 08 05 02 01 | 12
#0566-d202 @A: 14 16 29 13 | 02
#0567-d202 @A: 25 14 23 20 | 05
#0568-d202 @A: 14 20 03 17 | 01
#0569-d202 @A: 08 20 14 27 | 07
#0570-d202 @A: 14 07 20 19 | 04
#0571-d202 @A: 32 19 14 18 | 08
#0572-d202 @A: 14 23 06 18 | 10
#0573-d202 @A: 09 32 04 14 | 11
#0574-d202 @A: 31 14 32 21 | 03
#0575-d202 @A: 25 10 14 05 | 06
#0576-d202 @A: 14 25 17 35 | 09
#0577-d202 @A: 14 13 23 28 | 12
#0578-d202 @A: 08 15 14 02 | 02
#0579-d202 @A: 07 24 25 20 | 05
#0580-d202 @A: 08 18 26 24 | 01
#0581-d202 @A: 35 18 17 24 | 07
#0582-d202 @A: 30 35 25 24 | 04
#0583-d202 @A: 26 24 12 13 | 08
#0584-d202 @A: 24 05 09 25 | 10
#0585-d202 @A: 16 24 03 21 | 11
#0586-d202 @A: 24 19 28 27 | 03
#0587-d202 @A: 05 22 04 24 | 06
#0588-d202 @A: 26 24 11 04 | 09
#0589-d202 @A: 04 24 01 31 | 12
#0590-d202 @A: 24 09 19 22 | 02
#0591-d202 @A: 08 31 05 24 | 05
#0592-d202 @A: 24 34 17 10 | 01
#0593-d202 @A: 24 23 07 17 | 07
#0594-d202 @A: 10 24 15 16 | 04
#0595-d202 @A: 24 17 01 13 | 08
#0596-d202 @A: 08 07 02 24 | 10
#0597-d202 @A: 09 15 24 13 | 11
#0598-d202 @A: 17 16 24 28 | 03
#0599-d202 @A: 29 20 22 10 | 06
#0600-d202 @A: 20 29 01 31 | 09
#0601-d202 @A: 16 29 20 28 | 12
#0602-d202 @A: 03 18 27 29 | 02
#0603-d202 @A: 16 29 22 32 | 05
#0604-d202 @A: 29 08 22 12 | 01
#0605-d202 @A: 26 06 34 29 | 07
#0606-d202 @A: 25 03 29 28 | 04
#0607-d202 @A: 16 29 27 19 | 08
#0608-d202 @A: 29 15 11 27 | 10
#0609-d202 @A: 07 04 29 11 | 11
#0610-d202 @A: 13 34 29 01 | 03
#0611-d202 @A: 01 29 15 09 | 06
#0612-d202 @A: 05 02 11 29 | 09
#0613-d202 @A: 11 20 26 33 | 12
#0614-d202 @A: 33 32 34 26 | 02
#0615-d202 @A: 06 03 13 33 | 05
#0616-d202 @A: 07 33 15 21 | 01
#0617-d202 @A: 13 05 33 09 | 07
#0618-d202 @A: 33 08 16 21 | 04
#0619-d202 @A: 35 17 33 02 | 08
#0620-d202 @A: 01 20 25 18 | 10
#0621-d202 @A: 20 28 32 08 | 11
#0622-d202 @A: 27 30 22 20 | 03
#0623-d202 @A: 13 10 20 30 | 06
#0624-d202 @A: 02 31 20 12 | 09
#0625-d202 @A: 06 15 11 20 | 12
#0626-d202 @A: 27 05 20 04 | 02
#0627-d202 @A: 20 22 15 31 | 05
#0628-d202 @A: 20 22 34 28 | 01
#0629-d202 @A: 15 10 28 20 | 07
#0630-d202 @A: 05 20 21 16 | 04
#0631-d202 @A: 12 18 32 09 | 08
#0632-d202 @A: 11 32 18 27 | 10
#0633-d202 @A: 19 30 18 35 | 11
#0634-d202 @A: 05 18 26 12 | 03
#0635-d202 @A: 25 07 18 06 | 06
#0636-d202 @A: 06 26 18 02 | 09
#0637-d202 @A: 18 23 08 06 | 12
#0638-d202 @A: 15 03 04 18 | 02
#0639-d202 @A: 17 01 18 19 | 05
#0640-d202 @A: 09 15 18 19 | 01
#0641-d202 @A: 34 18 11 13 | 07
#0642-d202 @A: 18 16 01 23 | 04
#0643-d202 @A: 01 10 15 18 | 08
#0644-d202 @A: 07 18 01 09 | 10
#0645-d202 @A: 18 08 13 17 | 11
#0646-d202 @A: 32 30 06 35 | 03
#0647-d202 @A: 03 32 05 30 | 06
#0648-d202 @A: 31 10 32 30 | 09
#0649-d202 @A: 06 27 32 28 | 12
#0650-d202 @A: 32 28 02 25 | 02
#0651-d202 @A: 27 32 31 13 | 05
#0652-d202 @A: 31 15 04 32 | 01
#0653-d202 @A: 32 02 11 34 | 07
#0654-d202 @A: 21 15 32 23 | 04
#0655-d202 @A: 13 32 09 10 | 08
#0656-d202 @A: 32 10 28 21 | 10
#0657-d202 @A: 09 32 11 15 | 11
#0658-d202 @A: 12 34 04 30 | 03
#0659-d202 @A: 19 30 06 07 | 06
#0660-d202 @A: 30 15 25 27 | 09
#0661-d202 @A: 25 30 34 19 | 12
#0662-d202 @A: 27 30 26 08 | 02
#0663-d202 @A: 19 21 30 23 | 05
#0664-d202 @A: 35 30 15 34 | 01
#0665-d202 @A: 01 05 25 12 | 07
#0666-d202 @A: 19 08 12 03 | 04
#0667-d202 @A: 23 16 21 12 | 08
#0668-d202 @A: 12 21 10 13 | 10
#0669-d202 @A: 01 07 08 12 | 11
#0670-d202 @A: 01 15 12 17 | 03
#0671-d202 @A: 06 08 26 25 | 06
#0672-d202 @A: 06 11 25 31 | 09
#0673-d202 @A: 25 06 34 05 | 12
#0674-d202 @A: 03 06 22 01 | 02
#0675-d202 @A: 27 06 35 09 | 05
#0676-d202 @A: 31 04 09 06 | 01
#0677-d202 @A: 19 06 22 21 | 07
#0678-d202 @A: 10 06 26 17 | 04
#0679-d202 @A: 34 17 06 15 | 08
#0680-d202 @A: 02 23 07 06 | 10
#0681-d202 @A: 06 07 01 05 | 11
#0682-d202 @A: 15 21 06 13 | 03
#0683-d202 @A: 03 25 02 19 | 06
#0684-d202 @A: 25 26 10 03 | 09
#0685-d202 @A: 11 27 17 25 | 12
#0686-d202 @A: 26 02 25 13 | 02
#0687-d202 @A: 25 35 02 01 | 05
#0688-d202 @A: 31 01 03 19 | 01
#0689-d202 @A: 23 09 03 15 | 07
#0690-d202 @A: 03 28 15 02 | 04
#0691-d202 @A: 27 34 17 09 | 08
#0692-d202 @A: 01 10 16 27 | 10
#0693-d202 @A: 02 23 04 22 | 11
#0694-d202 @A: 08 22 04 28 | 03
#0695-d202 @A: 04 35 01 16 | 06
#0696-d202 @A: 22 35 26 16 | 09
#0697-d202 @A: 21 22 05 10 | 12
#0698-d202 @A: 05 35 22 07 | 02
#0699-d202 @A: 19 26 15 02 | 05
#0700-d202 @A: 34 07 28 19 | 01
#0701-d202 @A: 19 02 10 23 | 07
#0702-d202 @A: 02 01 19 11 | 04
#0703-d202 @A: 11 26 34 31 | 08
#0704-d202 @A: 07 31 26 17 | 10
#0705-d202 @A: 26 21 31 35 | 11
#0706-d202 @A: 16 10 26 23 | 03
#0707-d202 @A: 26 10 35 09 | 06
#0708-d202 @A: 01 09 16 26 | 09
#0709-d202 @A: 26 01 15 21 | 12
#0710-d202 @A: 26 21 08 07 | 02
#0711-d202 @A: 26 17 09 02 | 05
#0712-d202 @A: 28 11 05 26 | 01
#0713-d202 @A: 17 35 28 26 | 07
#0714-d202 @A: 07 28 10 31 | 04
#0715-d202 @A: 11 31 28 35 | 08
#0716-d202 @A: 08 01 13 34 | 10
#0717-d202 @A: 28 08 05 23 | 11
#0718-d202 @A: 10 24 14 02 | 03
#0719-d202 @A: 14 24 01 09 | 06
#0720-d202 @A: 29 14 27 25 | 09
#0721-d202 @A: 29 10 03 14 | 12
#0722-d202 @A: 29 31 14 05 | 02
#0723-d202 @A: 32 33 11 14 | 05
#0724-d202 @A: 20 31 14 13 | 01
#0725-d202 @A: 18 13 10 14 | 07
#0726-d202 @A: 26 14 30 02 | 04
#0727-d202 @A: 27 23 14 12 | 08
#0728-d202 @A: 14 21 26 06 | 10
#0729-d202 @A: 14 09 03 35 | 11
#0730-d202 @A: 13 14 04 26 | 03
#0731-d202 @A: 34 14 28 09 | 06
#0732-d202 @A: 05 14 23 09 | 09
#0733-d202 @A: 14 28 01 16 | 12
#0734-d202 @A: 09 14 08 28 | 02
#0735-d202 @A: 13 19 24 29 | 05
#0736-d202 @A: 03 24 33 07 | 01
#0737-d202 @A: 24 32 20 09 | 07
#0738-d202 @A: 24 03 32 12 | 04
#0739-d202 @A: 05 30 24 06 | 08
#0740-d202 @A: 31 34 12 24 | 10
#0741-d202 @A: 24 21 15 12 | 11
#0742-d202 @A: 25 27 16 24 | 03
#0743-d202 @A: 25 24 26 28 | 06
#0744-d202 @A: 21 19 24 17 | 09
#0745-d202 @A: 31 24 23 28 | 12
#0746-d202 @A: 02 34 05 24 | 02
#0747-d202 @A: 29 13 12 33 | 05
#0748-d202 @A: 20 02 29 32 | 01
#0749-d202 @A: 34 19 29 32 | 07
#0750-d202 @A: 32 07 31 29 | 04
#0751-d202 @A: 27 10 29 30 | 08
#0752-d202 @A: 23 30 02 29 | 10
#0753-d202 @A: 23 35 06 29 | 11
#0754-d202 @A: 03 29 04 35 | 03
#0755-d202 @A: 04 27 21 29 | 06
#0756-d202 @A: 13 27 09 29 | 09
#0757-d202 @A: 04 29 16 34 | 12
#0758-d202 @A: 08 31 29 26 | 02
#0759-d202 @A: 17 10 29 31 | 05
#0760-d202 @A: 29 11 34 10 | 01
#0761-d202 @A: 09 29 23 21 | 07
#0762-d202 @A: 23 16 29 15 | 04
#0763-d202 @A: 10 20 32 33 | 08
#0764-d202 @A: 20 21 13 33 | 10
#0765-d202 @A: 32 18 01 33 | 11
#0766-d202 @A: 18 04 33 28 | 03
#0767-d202 @A: 13 33 17 32 | 06
#0768-d202 @A: 31 33 16 12 | 09
#0769-d202 @A: 16 25 03 33 | 12
#0770-d202 @A: 25 22 33 02 | 02
#0771-d202 @A: 33 26 25 23 | 05
#0772-d202 @A: 23 33 04 17 | 01
#0773-d202 @A: 33 16 04 15 | 07
#0774-d202 @A: 33 34 22 17 | 04
#0775-d202 @A: 35 13 33 15 | 08
#0776-d202 @A: 17 27 20 18 | 10
#0777-d202 @A: 06 20 26 31 | 11
#0778-d202 @A: 10 34 05 20 | 03
#0779-d202 @A: 05 20 23 15 | 06
#0780-d202 @A: 01 17 05 20 | 09
#0781-d202 @A: 35 20 09 08 | 12
#0782-d202 @A: 12 02 21 18 | 02
#0783-d202 @A: 05 31 18 06 | 05
#0784-d202 @A: 03 07 35 18 | 01
#0785-d202 @A: 16 22 18 19 | 07
#0786-d202 @A: 02 34 15 18 | 04
#0787-d202 @A: 18 16 10 11 | 08
#0788-d202 @A: 09 21 35 18 | 10
#0789-d202 @A: 11 18 17 02 | 11
#0790-d202 @A: 21 30 32 22 | 03
#0791-d202 @A: 15 01 32 30 | 06
#0792-d202 @A: 32 01 12 16 | 09
#0793-d202 @A: 06 32 01 31 | 12
#0794-d202 @A: 27 07 32 25 | 02
#0795-d202 @A: 04 11 03 32 | 05
#0796-d202 @A: 32 05 19 27 | 01
#0797-d202 @A: 09 19 32 26 | 07
#0798-d202 @A: 32 35 23 11 | 04
#0799-d202 @A: 02 16 32 07 | 08
#0800-d202 @A: 12 30 08 34 | 10
#0801-d202 @A: 30 31 28 03 | 11
#0802-d202 @A: 30 17 26 16 | 03
#0803-d202 @A: 30 34 16 23 | 06
#0804-d202 @A: 21 30 16 10 | 09
#0805-d202 @A: 21 12 27 06 | 12
#0806-d202 @A: 12 02 06 19 | 02
#0807-d202 @A: 25 12 16 26 | 05
#0808-d202 @A: 12 26 17 04 | 01
#0809-d202 @A: 17 07 12 34 | 07
#0810-d202 @A: 09 12 17 23 | 04
#0811-d202 @A: 12 09 07 02 | 08
#0812-d202 @A: 03 15 06 25 | 10
#0813-d202 @A: 06 35 19 31 | 11
#0814-d202 @A: 06 01 09 02 | 03
#0815-d202 @A: 16 13 06 09 | 06
#0816-d202 @A: 08 25 27 28 | 09
#0817-d202 @A: 22 25 19 07 | 12
#0818-d202 @A: 25 19 05 11 | 02
#0819-d202 @A: 34 25 02 23 | 05
#0820-d202 @A: 25 09 15 34 | 01
#0821-d202 @A: 23 03 16 05 | 07
#0822-d202 @A: 01 03 11 07 | 04
#0823-d202 @A: 21 02 03 09 | 08
#0824-d202 @A: 11 04 27 31 | 10
#0825-d202 @A: 15 17 27 04 | 11
#0826-d202 @A: 16 31 27 22 | 03
#0827-d202 @A: 26 07 05 27 | 06
#0828-d202 @A: 01 07 17 27 | 09
#0829-d202 @A: 07 27 28 09 | 12
#0830-d202 @A: 09 02 27 16 | 02
#0831-d202 @A: 21 13 08 27 | 05
#0832-d202 @A: 08 35 27 15 | 01
#0833-d202 @A: 04 15 34 10 | 07
#0834-d202 @A: 01 04 17 10 | 04
#0835-d202 @A: 10 04 07 02 | 08
#0836-d202 @A: 08 04 10 07 | 10
#0837-d202 @A: 02 21 04 13 | 11
#0838-d202 @A: 35 22 31 01 | 03
#0839-d202 @A: 09 08 22 02 | 06
#0840-d202 @A: 34 19 10 21 | 09
#0841-d202 @A: 35 19 34 16 | 12
#0842-d202 @A: 16 11 19 07 | 02
#0843-d202 @A: 28 11 19 09 | 05
#0844-d202 @A: 31 02 26 28 | 01
#0845-d202 @A: 15 35 26 23 | 07
#0846-d202 @A: 09 21 13 26 | 04
#0847-d202 @A: 28 26 21 16 | 08
#0848-d202 @A: 31 10 23 15 | 10
#0849-d202 @A: 31 23 11 08 | 11
#0850-d202 @A: 21 11 16 31 | 03
#0851-d202 @A: 21 13 31 17 | 06
#0852-d202 @A: 28 15 08 17 | 09
#0853-d202 @A: 14 24 15 29 | 12
#0854-d202 @A: 24 25 14 03 | 02
#0855-d202 @A: 33 14 22 16 | 05
#0856-d202 @A: 20 14 26 10 | 01
#0857-d202 @A: 14 23 04 30 | 07
#0858-d202 @A: 14 08 01 06 | 04
#0859-d202 @A: 19 01 27 14 | 08
#0860-d202 @A: 08 13 14 19 | 10
#0861-d202 @A: 14 16 34 17 | 11
#0862-d202 @A: 21 35 34 14 | 03
#0863-d202 @A: 10 11 35 14 | 06
#0864-d202 @A: 05 14 08 10 | 09
#0865-d202 @A: 15 14 13 07 | 12
#0866-d202 @A: 24 29 01 30 | 02
#0867-d202 @A: 24 29 12 10 | 05
#0868-d202 @A: 21 29 25 24 | 01
#0869-d202 @A: 22 21 24 33 | 07
#0870-d202 @A: 03 10 06 24 | 04
#0871-d202 @A: 24 06 04 19 | 08
#0872-d202 @A: 27 24 35 11 | 10
#0873-d202 @A: 24 31 22 07 | 11
#0874-d202 @A: 13 28 34 24 | 03
#0875-d202 @A: 33 04 29 20 | 06
#0876-d202 @A: 19 29 33 07 | 09
#0877-d202 @A: 18 05 20 29 | 12
#0878-d202 @A: 32 10 18 29 | 02
#0879-d202 @A: 32 12 23 29 | 05
#0880-d202 @A: 03 30 19 29 | 01
#0881-d202 @A: 31 22 29 21 | 07
#0882-d202 @A: 22 09 05 29 | 04
#0883-d202 @A: 31 19 23 29 | 08
#0884-d202 @A: 29 16 35 10 | 10
#0885-d202 @A: 28 08 01 29 | 11
#0886-d202 @A: 29 11 02 08 | 03
#0887-d202 @A: 33 07 12 22 | 06
#0888-d202 @A: 33 06 28 25 | 09
#0889-d202 @A: 33 06 04 01 | 12
#0890-d202 @A: 01 25 19 33 | 02
#0891-d202 @A: 34 27 33 08 | 05
#0892-d202 @A: 35 04 33 31 | 01
#0893-d202 @A: 19 28 17 33 | 07
#0894-d202 @A: 34 23 33 35 | 04
#0895-d202 @A: 28 07 33 23 | 08
#0896-d202 @A: 33 02 23 21 | 10
#0897-d202 @A: 01 21 05 33 | 11
#0898-d202 @A: 07 17 33 05 | 03
#0899-d202 @A: 32 20 28 30 | 06
#0900-d202 @A: 04 17 25 20 | 09
#0901-d202 @A: 09 10 03 20 | 12
#0902-d202 @A: 20 02 09 04 | 02
#0903-d202 @A: 34 23 21 20 | 05
#0904-d202 @A: 23 01 20 28 | 01
#0905-d202 @A: 20 09 11 07 | 07
#0906-d202 @A: 08 20 13 11 | 04
#0907-d202 @A: 18 30 16 25 | 08
#0908-d202 @A: 12 18 25 19 | 10
#0909-d202 @A: 22 25 18 21 | 11
#0910-d202 @A: 01 18 21 03 | 03
#0911-d202 @A: 08 19 18 04 | 06
#0912-d202 @A: 18 04 26 01 | 09
#0913-d202 @A: 22 08 18 16 | 12
#0914-d202 @A: 02 27 12 32 | 02
#0915-d202 @A: 25 16 06 32 | 05
#0916-d202 @A: 05 06 04 32 | 01
#0917-d202 @A: 17 32 35 34 | 07
#0918-d202 @A: 11 12 06 30 | 04
#0919-d202 @A: 12 05 19 30 | 08
#0920-d202 @A: 26 07 30 03 | 10
#0921-d202 @A: 04 15 30 19 | 11
#0922-d202 @A: 05 31 04 30 | 03
#0923-d202 @A: 26 22 28 30 | 06
#0924-d202 @A: 07 17 30 10 | 09
#0925-d202 @A: 30 21 07 05 | 12
#0926-d202 @A: 13 12 25 08 | 02
#0927-d202 @A: 21 26 12 03 | 05
#0928-d202 @A: 26 12 27 28 | 01
#0929-d202 @A: 15 12 35 27 | 07
#0930-d202 @A: 31 12 04 28 | 04
#0931-d202 @A: 31 12 13 11 | 08
#0932-d202 @A: 31 08 17 12 | 10
#0933-d202 @A: 12 01 34 21 | 11
#0934-d202 @A: 10 08 12 23 | 03
#0935-d202 @A: 11 02 15 12 | 06
#0936-d202 @A: 23 09 22 06 | 09
#0937-d202 @A: 22 28 06 15 | 12
#0938-d202 @A: 10 11 06 28 | 02
#0939-d202 @A: 15 06 10 35 | 05
#0940-d202 @A: 15 09 06 07 | 01
#0941-d202 @A: 13 28 07 06 | 07
#0942-d202 @A: 05 06 17 21 | 04
#0943-d202 @A: 25 27 19 13 | 08
#0944-d202 @A: 25 22 10 23 | 10
#0945-d202 @A: 25 21 31 19 | 11
#0946-d202 @A: 11 15 25 10 | 03
#0947-d202 @A: 08 03 26 10 | 06
#0948-d202 @A: 13 03 31 02 | 09
#0949-d202 @A: 23 07 08 03 | 12
#0950-d202 @A: 10 01 13 03 | 02
#0951-d202 @A: 17 03 35 11 | 05
#0952-d202 @A: 22 23 27 08 | 01
#0953-d202 @A: 11 34 27 16 | 07
#0954-d202 @A: 27 10 28 23 | 04
#0955-d202 @A: 23 13 16 27 | 08
#0956-d202 @A: 02 13 07 27 | 10
#0957-d202 @A: 16 27 35 17 | 11
#0958-d202 @A: 34 19 22 04 | 03
#0959-d202 @A: 09 04 10 23 | 06
#0960-d202 @A: 10 11 13 04 | 09
#0961-d202 @A: 16 17 04 21 | 12
#0962-d202 @A: 11 22 34 35 | 02
#0963-d202 @A: 08 17 07 22 | 05
#0964-d202 @A: 15 23 19 28 | 01
#0965-d202 @A: 07 19 01 15 | 07
#0966-d202 @A: 08 35 19 01 | 04
#0967-d202 @A: 16 05 15 19 | 08
#0968-d202 @A: 19 21 02 05 | 10
#0969-d202 @A: 34 08 26 23 | 11
#0970-d202 @A: 28 10 13 26 | 03
#0971-d202 @A: 16 34 01 31 | 06
#0972-d202 @A: 17 01 02 31 | 09
#0973-d202 @A: 16 15 31 07 | 12
#0974-d202 @A: 35 34 08 07 | 02
#0975-d202 @A: 01 14 29 18 | 05
#0976-d202 @A: 14 26 28 29 | 01
#0977-d202 @A: 06 14 15 33 | 07
#0978-d202 @A: 28 32 14 12 | 04
#0979-d202 @A: 14 13 32 03 | 08
#0980-d202 @A: 32 05 26 14 | 10
#0981-d202 @A: 05 22 30 14 | 11
#0982-d202 @A: 01 12 14 22 | 03
#0983-d202 @A: 31 28 14 06 | 06
#0984-d202 @A: 23 22 14 19 | 09
#0985-d202 @A: 21 19 14 13 | 12
#0986-d202 @A: 02 07 14 01 | 02
#0987-d202 @A: 01 08 14 17 | 05
#0988-d202 @A: 23 20 29 24 | 01
#0989-d202 @A: 27 29 24 07 | 07
#0990-d202 @A: 33 24 35 20 | 04
#0991-d202 @A: 19 24 30 33 | 08
#0992-d202 @A: 10 33 25 24 | 10
#0993-d202 @A: 20 26 24 16 | 11
#0994-d202 @A: 24 18 02 25 | 03
#0995-d202 @A: 18 04 24 34 | 06
#0996-d202 @A: 30 26 24 10 | 09
#0997-d202 @A: 24 12 27 09 | 12
#0998-d202 @A: 35 24 04 12 | 02
#0999-d202 @A: 09 26 06 24 | 05
#1000-d202 @A: 21 08 06 24 | 01
#1001-d202 @A: 25 31 13 24 | 07
#1002-d202 @A: 02 24 03 22 | 04
#1003-d202 @A: 03 23 24 13 | 08
#1004-d202 @A: 24 04 08 01 | 10
#1005-d202 @A: 10 19 24 35 | 11
#1006-d202 @A: 24 13 10 07 | 03
#1007-d202 @A: 30 08 18 29 | 06
#1008-d202 @A: 07 18 02 29 | 09
#1009-d202 @A: 04 28 32 29 | 12
#1010-d202 @A: 23 32 29 08 | 02
#1011-d202 @A: 30 04 29 22 | 05
#1012-d202 @A: 01 29 06 25 | 01
#1013-d202 @A: 15 29 19 06 | 07
#1014-d202 @A: 25 04 29 02 | 04
#1015-d202 @A: 27 08 29 07 | 08
#1016-d202 @A: 04 29 31 13 | 10
#1017-d202 @A: 13 10 29 23 | 11
#1018-d202 @A: 11 23 29 01 | 03
#1019-d202 @A: 33 25 11 18 | 06
#1020-d202 @A: 33 13 18 31 | 09
#1021-d202 @A: 32 27 33 16 | 12
#1022-d202 @A: 32 33 04 07 | 02
#1023-d202 @A: 33 04 30 21 | 05
#1024-d202 @A: 30 33 26 13 | 01
#1025-d202 @A: 06 07 26 33 | 07
#1026-d202 @A: 33 08 03 01 | 04
#1027-d202 @A: 33 19 27 35 | 08
#1028-d202 @A: 23 09 33 27 | 10
#1029-d202 @A: 16 01 33 17 | 11
#1030-d202 @A: 33 28 13 08 | 03
#1031-d202 @A: 20 03 18 22 | 06
#1032-d202 @A: 08 03 20 18 | 09
#1033-d202 @A: 20 18 19 34 | 12
#1034-d202 @A: 13 19 12 20 | 02
#1035-d202 @A: 20 35 12 26 | 05
#1036-d202 @A: 20 12 21 08 | 01
#1037-d202 @A: 31 20 35 03 | 07
#1038-d202 @A: 13 20 07 23 | 04
#1039-d202 @A: 05 09 20 28 | 08
#1040-d202 @A: 25 03 18 32 | 10
#1041-d202 @A: 32 04 18 17 | 11
#1042-d202 @A: 16 32 34 18 | 03
#1043-d202 @A: 34 18 27 12 | 06
#1044-d202 @A: 12 04 18 13 | 09
#1045-d202 @A: 04 16 06 18 | 12
#1046-d202 @A: 18 25 04 10 | 02
#1047-d202 @A: 04 18 11 22 | 05
#1048-d202 @A: 09 28 18 26 | 01
#1049-d202 @A: 18 15 13 23 | 07
#1050-d202 @A: 18 10 09 17 | 04
#1051-d202 @A: 18 07 13 21 | 08
#1052-d202 @A: 02 08 28 18 | 10
#1053-d202 @A: 05 15 35 18 | 11
#1054-d202 @A: 32 30 17 25 | 03
#1055-d202 @A: 32 30 07 34 | 06
#1056-d202 @A: 32 22 34 12 | 09
#1057-d202 @A: 06 26 32 15 | 12
#1058-d202 @A: 25 32 10 35 | 02
#1059-d202 @A: 08 32 25 07 | 05
#1060-d202 @A: 03 32 09 22 | 01
#1061-d202 @A: 35 19 04 32 | 07
#1062-d202 @A: 09 28 31 32 | 04
#1063-d202 @A: 02 32 09 23 | 08
#1064-d202 @A: 15 10 32 07 | 10
#1065-d202 @A: 01 11 05 32 | 11
#1066-d202 @A: 07 28 32 17 | 03
#1067-d202 @A: 05 32 21 08 | 06
#1068-d202 @A: 09 06 03 30 | 09
#1069-d202 @A: 08 21 04 30 | 12
#1070-d202 @A: 22 30 10 15 | 02
#1071-d202 @A: 30 23 17 28 | 05
#1072-d202 @A: 11 15 30 07 | 01
#1073-d202 @A: 09 35 28 30 | 07
#1074-d202 @A: 30 08 09 15 | 04
#1075-d202 @A: 19 07 12 27 | 08
#1076-d202 @A: 15 12 23 34 | 10
#1077-d202 @A: 34 05 16 12 | 11
#1078-d202 @A: 10 12 11 01 | 03
#1079-d202 @A: 12 13 07 01 | 06
#1080-d202 @A: 17 11 16 12 | 09
#1081-d202 @A: 12 02 16 35 | 12
#1082-d202 @A: 15 08 11 12 | 02
#1083-d202 @A: 27 11 06 03 | 05
#1084-d202 @A: 06 26 27 16 | 01
#1085-d202 @A: 13 31 06 22 | 07
#1086-d202 @A: 23 10 06 34 | 04
#1087-d202 @A: 06 16 15 02 | 08
#1088-d202 @A: 16 05 06 35 | 10
#1089-d202 @A: 03 23 27 25 | 11
#1090-d202 @A: 09 25 16 04 | 03
#1091-d202 @A: 25 26 17 19 | 06
#1092-d202 @A: 13 25 21 34 | 09
#1093-d202 @A: 10 25 21 02 | 12
#1094-d202 @A: 25 28 21 35 | 02
#1095-d202 @A: 27 15 31 03 | 05
#1096-d202 @A: 17 03 27 28 | 01
#1097-d202 @A: 03 04 13 08 | 07
#1098-d202 @A: 08 15 05 03 | 04
#1099-d202 @A: 10 08 27 11 | 08
#1100-d202 @A: 13 15 10 27 | 10
#1101-d202 @A: 27 05 28 02 | 11
#1102-d202 @A: 02 17 34 04 | 03
#1103-d202 @A: 01 05 04 23 | 06
#1104-d202 @A: 04 35 10 05 | 09
#1105-d202 @A: 04 07 17 35 | 12
#1106-d202 @A: 04 15 21 09 | 02
#1107-d202 @A: 11 04 08 35 | 05
#1108-d202 @A: 19 31 28 22 | 01
#1109-d202 @A: 10 01 22 07 | 07
#1110-d202 @A: 22 02 16 11 | 04
#1111-d202 @A: 28 19 10 08 | 08
#1112-d202 @A: 28 21 19 08 | 10
#1113-d202 @A: 17 16 19 02 | 11
#1114-d202 @A: 07 26 23 09 | 03
#1115-d202 @A: 26 23 21 11 | 06
#1116-d202 @A: 11 07 26 35 | 09
#1117-d202 @A: 21 34 02 31 | 12
#1118-d202 @A: 11 23 31 17 | 02
#1119-d202 @A: 31 17 15 35 | 05
#1120-d202 @A: 08 01 16 11 | 01
#1121-d202 @A: 07 08 05 13 | 07
#1122-d202 @A: 21 20 24 14 | 04
#1123-d202 @A: 24 18 12 14 | 08
#1124-d202 @A: 05 27 24 14 | 10
#1125-d202 @A: 32 29 30 14 | 11
#1126-d202 @A: 20 02 33 14 | 03
#1127-d202 @A: 14 33 18 07 | 06
#1128-d202 @A: 14 33 30 10 | 09
#1129-d202 @A: 03 14 33 01 | 12
#1130-d202 @A: 18 04 14 21 | 02
#1131-d202 @A: 14 15 27 32 | 05
#1132-d202 @A: 15 14 03 30 | 01
#1133-d202 @A: 06 22 25 14 | 07
#1134-d202 @A: 01 14 25 26 | 04
#1135-d202 @A: 25 21 14 16 | 08
#1136-d202 @A: 01 14 10 34 | 10
#1137-d202 @A: 01 23 14 35 | 11
#1138-d202 @A: 29 33 34 24 | 03
#1139-d202 @A: 04 09 24 29 | 06
#1140-d202 @A: 33 24 02 32 | 09
#1141-d202 @A: 24 13 20 18 | 12
#1142-d202 @A: 10 04 24 20 | 02
#1143-d202 @A: 24 04 32 21 | 05
#1144-d202 @A: 24 30 21 27 | 01
#1145-d202 @A: 30 22 23 24 | 07
#1146-d202 @A: 24 07 06 12 | 04
#1147-d202 @A: 28 24 12 08 | 08
#1148-d202 @A: 06 31 21 24 | 10
#1149-d202 @A: 24 03 27 34 | 11
#1150-d202 @A: 03 19 15 24 | 03
#1151-d202 @A: 01 35 24 34 | 06
#1152-d202 @A: 09 11 24 23 | 09
#1153-d202 @A: 09 07 35 24 | 12
#1154-d202 @A: 17 33 18 29 | 02
#1155-d202 @A: 05 29 33 27 | 05
#1156-d202 @A: 03 29 20 13 | 01
#1157-d202 @A: 19 20 29 21 | 07
#1158-d202 @A: 10 29 20 08 | 04
#1159-d202 @A: 18 21 30 29 | 08
#1160-d202 @A: 29 32 09 25 | 10
#1161-d202 @A: 04 29 05 12 | 11
#1162-d202 @A: 10 04 29 06 | 03
#1163-d202 @A: 03 22 23 29 | 06
#1164-d202 @A: 03 07 15 29 | 09
#1165-d202 @A: 07 29 13 22 | 12
#1166-d202 @A: 29 09 34 07 | 02
#1167-d202 @A: 29 21 34 15 | 05
#1168-d202 @A: 29 28 23 05 | 01
#1169-d202 @A: 29 13 17 02 | 07
#1170-d202 @A: 05 15 29 17 | 04
#1171-d202 @A: 16 33 18 26 | 08
#1172-d202 @A: 28 22 32 33 | 10
#1173-d202 @A: 31 05 33 32 | 11
#1174-d202 @A: 08 25 30 33 | 03
#1175-d202 @A: 12 23 33 05 | 06
#1176-d202 @A: 09 33 28 01 | 09
#1177-d202 @A: 35 33 09 11 | 12
#1178-d202 @A: 33 28 05 35 | 02
#1179-d202 @A: 02 13 33 16 | 05
#1180-d202 @A: 33 17 15 11 | 01
#1181-d202 @A: 20 11 18 30 | 07
#1182-d202 @A: 07 12 18 20 | 04
#1183-d202 @A: 21 20 31 18 | 08
#1184-d202 @A: 01 20 27 32 | 10
#1185-d202 @A: 32 20 13 35 | 11
#1186-d202 @A: 19 20 30 09 | 03
#1187-d202 @A: 20 23 12 10 | 06
#1188-d202 @A: 22 06 35 20 | 09
#1189-d202 @A: 25 20 09 26 | 12
#1190-d202 @A: 04 20 26 34 | 02
#1191-d202 @A: 01 20 13 11 | 05
#1192-d202 @A: 13 28 17 20 | 01
#1193-d202 @A: 20 21 17 35 | 07
#1194-d202 @A: 05 18 25 27 | 04
#1195-d202 @A: 18 25 34 35 | 08
#1196-d202 @A: 04 18 19 05 | 10
#1197-d202 @A: 18 31 04 02 | 11
#1198-d202 @A: 26 22 18 13 | 03
#1199-d202 @A: 16 05 09 18 | 06
#1200-d202 @A: 30 08 02 32 | 09
#1201-d202 @A: 32 12 13 06 | 12
#1202-d202 @A: 23 04 32 25 | 02
#1203-d202 @A: 13 07 32 19 | 05
#1204-d202 @A: 32 23 05 10 | 01
#1205-d202 @A: 32 11 08 10 | 07
#1206-d202 @A: 09 08 32 01 | 04
#1207-d202 @A: 05 09 32 07 | 08
#1208-d202 @A: 32 09 21 17 | 10
#1209-d202 @A: 21 13 32 16 | 11
#1210-d202 @A: 30 22 12 02 | 03
#1211-d202 @A: 01 19 30 26 | 06
#1212-d202 @A: 34 01 30 17 | 09
#1213-d202 @A: 30 11 05 34 | 12
#1214-d202 @A: 30 10 23 35 | 02
#1215-d202 @A: 17 13 30 09 | 05
#1216-d202 @A: 30 11 02 35 | 01
#1217-d202 @A: 06 12 22 10 | 07
#1218-d202 @A: 25 12 31 35 | 04
#1219-d202 @A: 12 10 25 07 | 08
#1220-d202 @A: 21 25 17 12 | 10
#1221-d202 @A: 12 03 15 10 | 11
#1222-d202 @A: 26 34 12 19 | 03
#1223-d202 @A: 28 19 16 12 | 06
#1224-d202 @A: 13 12 23 02 | 09
#1225-d202 @A: 01 35 12 09 | 12
#1226-d202 @A: 27 06 25 02 | 02
#1227-d202 @A: 25 35 26 06 | 05
#1228-d202 @A: 06 03 34 31 | 01
#1229-d202 @A: 22 05 27 06 | 07
#1230-d202 @A: 06 34 02 22 | 04
#1231-d202 @A: 34 06 28 08 | 08
#1232-d202 @A: 17 23 13 06 | 10
#1233-d202 @A: 25 15 23 01 | 11
#1234-d202 @A: 07 08 25 09 | 03
#1235-d202 @A: 17 25 02 07 | 06
#1236-d202 @A: 13 28 25 15 | 09
#1237-d202 @A: 04 26 09 03 | 12
#1238-d202 @A: 03 05 22 28 | 02
#1239-d202 @A: 03 34 13 15 | 05
#1240-d202 @A: 11 23 02 03 | 01
#1241-d202 @A: 10 28 35 03 | 07
#1242-d202 @A: 35 03 01 15 | 04
#1243-d202 @A: 03 09 16 17 | 08
#1244-d202 @A: 03 11 28 16 | 10
#1245-d202 @A: 03 16 02 08 | 11
#1246-d202 @A: 19 22 15 27 | 03
#1247-d202 @A: 27 21 13 01 | 06
#1248-d202 @A: 22 04 26 31 | 09
#1249-d202 @A: 26 04 19 23 | 12
#1250-d202 @A: 07 04 23 34 | 02
#1251-d202 @A: 04 01 15 28 | 05
#1252-d202 @A: 13 10 22 16 | 01
#1253-d202 @A: 17 10 35 22 | 07
#1254-d202 @A: 05 22 02 01 | 04
#1255-d202 @A: 19 01 05 34 | 08
#1256-d202 @A: 13 26 23 31 | 10
#1257-d202 @A: 02 26 34 16 | 11
#1258-d202 @A: 26 01 02 23 | 03
#1259-d202 @A: 02 26 10 11 | 06
#1260-d202 @A: 01 13 05 26 | 09
#1261-d202 @A: 26 05 02 35 | 12
#1262-d202 @A: 05 35 08 26 | 02
#1263-d202 @A: 31 09 10 34 | 05
#1264-d202 @A: 17 31 34 28 | 01
#1265-d202 @A: 16 09 23 31 | 07
#1266-d202 @A: 14 30 24 16 | 04
#1267-d202 @A: 11 06 14 24 | 08
#1268-d202 @A: 11 20 14 29 | 10
#1269-d202 @A: 04 29 17 14 | 11
#1270-d202 @A: 14 29 34 22 | 03
#1271-d202 @A: 14 33 13 25 | 06
#1272-d202 @A: 18 17 14 30 | 09
#1273-d202 @A: 18 15 14 31 | 12
#1274-d202 @A: 14 28 25 30 | 02
#1275-d202 @A: 19 14 03 12 | 05
#1276-d202 @A: 16 07 12 14 | 01
#1277-d202 @A: 08 31 14 25 | 07
#1278-d202 @A: 09 26 14 27 | 04
#1279-d202 @A: 31 22 02 14 | 08
#1280-d202 @A: 07 14 05 34 | 10
#1281-d202 @A: 02 14 13 34 | 11
#1282-d202 @A: 01 14 05 15 | 03
#1283-d202 @A: 14 16 15 35 | 06
#1284-d202 @A: 24 11 29 18 | 09
#1285-d202 @A: 29 31 24 35 | 12
#1286-d202 @A: 01 24 20 03 | 02
#1287-d202 @A: 06 24 22 18 | 05
#1288-d202 @A: 32 22 24 35 | 01
#1289-d202 @A: 24 31 09 30 | 07
#1290-d202 @A: 24 12 23 25 | 04
#1291-d202 @A: 24 28 04 03 | 08
#1292-d202 @A: 27 02 24 31 | 10
#1293-d202 @A: 16 24 08 27 | 11
#1294-d202 @A: 16 04 24 02 | 03
#1295-d202 @A: 24 34 21 07 | 06
#1296-d202 @A: 15 11 34 24 | 09
#1297-d202 @A: 21 33 29 32 | 12
#1298-d202 @A: 29 02 33 09 | 02
#1299-d202 @A: 20 07 30 29 | 05
#1300-d202 @A: 06 18 09 29 | 01
#1301-d202 @A: 29 28 19 18 | 07
#1302-d202 @A: 32 17 27 29 | 04
#1303-d202 @A: 12 30 29 35 | 08
#1304-d202 @A: 30 25 29 05 | 10
#1305-d202 @A: 26 09 30 29 | 11
#1306-d202 @A: 25 16 29 31 | 03
#1307-d202 @A: 27 29 22 35 | 06
#1308-d202 @A: 29 22 19 02 | 09
#1309-d202 @A: 07 05 10 29 | 12
#1310-d202 @A: 35 29 01 07 | 02
#1311-d202 @A: 29 01 02 28 | 05
#1312-d202 @A: 09 35 29 17 | 01
#1313-d202 @A: 18 33 35 06 | 07
#1314-d202 @A: 21 34 18 33 | 04
#1315-d202 @A: 33 08 32 19 | 08
#1316-d202 @A: 33 06 12 34 | 10
#1317-d202 @A: 16 33 19 06 | 11
#1318-d202 @A: 26 28 03 33 | 03
#1319-d202 @A: 28 13 33 27 | 06
#1320-d202 @A: 33 26 15 08 | 09
#1321-d202 @A: 11 34 33 01 | 12
#1322-d202 @A: 35 07 33 10 | 02
#1323-d202 @A: 16 33 07 09 | 05
#1324-d202 @A: 04 20 12 32 | 01
#1325-d202 @A: 20 32 26 21 | 07
#1326-d202 @A: 16 11 20 32 | 04
#1327-d202 @A: 30 20 04 16 | 08
#1328-d202 @A: 30 05 20 26 | 10
#1329-d202 @A: 27 12 11 20 | 11
#1330-d202 @A: 06 02 03 20 | 03
#1331-d202 @A: 31 20 25 10 | 06
#1332-d202 @A: 16 20 27 03 | 09
#1333-d202 @A: 27 20 26 13 | 12
#1334-d202 @A: 28 35 27 20 | 02
#1335-d202 @A: 10 19 11 20 | 05
#1336-d202 @A: 34 01 20 02 | 01
#1337-d202 @A: 20 09 21 01 | 07
#1338-d202 @A: 20 15 01 16 | 04
#1339-d202 @A: 11 20 02 21 | 08
#1340-d202 @A: 32 23 30 18 | 10
#1341-d202 @A: 13 05 18 32 | 11
#1342-d202 @A: 30 18 13 06 | 03
#1343-d202 @A: 30 27 18 28 | 06
#1344-d202 @A: 27 18 06 15 | 09
#1345-d202 @A: 18 01 34 06 | 12
#1346-d202 @A: 26 18 25 15 | 02
#1347-d202 @A: 28 31 18 25 | 05
#1348-d202 @A: 08 25 18 01 | 01
#1349-d202 @A: 13 18 19 03 | 07
#1350-d202 @A: 04 27 18 07 | 04
#1351-d202 @A: 35 13 18 27 | 08
#1352-d202 @A: 17 22 18 31 | 10
#1353-d202 @A: 22 18 05 23 | 11
#1354-d202 @A: 23 34 18 09 | 03
#1355-d202 @A: 18 34 11 08 | 06
#1356-d202 @A: 21 23 18 10 | 09
#1357-d202 @A: 08 18 10 15 | 12
#1358-d202 @A: 25 11 32 12 | 02
#1359-d202 @A: 06 32 27 08 | 05
#1360-d202 @A: 10 32 03 34 | 01
#1361-d202 @A: 15 30 26 12 | 07
#1362-d202 @A: 30 06 10 25 | 04
#1363-d202 @A: 16 22 30 06 | 08
#1364-d202 @A: 27 30 13 34 | 10
#1365-d202 @A: 08 31 30 21 | 11
#1366-d202 @A: 30 13 16 11 | 03
#1367-d202 @A: 12 05 06 15 | 06
#1368-d202 @A: 12 25 13 03 | 09
#1369-d202 @A: 04 26 08 12 | 12
#1370-d202 @A: 12 23 19 01 | 02
#1371-d202 @A: 34 12 10 35 | 05
#1372-d202 @A: 13 09 12 34 | 01
#1373-d202 @A: 16 09 12 10 | 07
#1374-d202 @A: 10 12 17 28 | 04
#1375-d202 @A: 28 06 26 04 | 08
#1376-d202 @A: 06 04 23 15 | 10
#1377-d202 @A: 16 10 07 06 | 11
#1378-d202 @A: 06 17 35 01 | 03
#1379-d202 @A: 25 03 08 35 | 06
#1380-d202 @A: 25 35 27 04 | 09
#1381-d202 @A: 22 27 28 25 | 12
#1382-d202 @A: 23 16 19 25 | 02
#1383-d202 @A: 28 25 17 05 | 05
#1384-d202 @A: 25 15 05 21 | 01
#1385-d202 @A: 15 25 21 08 | 07
#1386-d202 @A: 16 04 22 03 | 04
#1387-d202 @A: 17 19 03 05 | 08
#1388-d202 @A: 11 26 13 03 | 10
#1389-d202 @A: 03 07 23 10 | 11
#1390-d202 @A: 03 23 35 21 | 03
#1391-d202 @A: 10 03 02 17 | 06
#1392-d202 @A: 27 31 19 08 | 09
#1393-d202 @A: 27 35 23 02 | 12
#1394-d202 @A: 05 10 27 17 | 02
#1395-d202 @A: 16 15 28 27 | 05
#1396-d202 @A: 27 02 21 15 | 01
#1397-d202 @A: 04 13 16 19 | 07
#1398-d202 @A: 28 04 16 10 | 04
#1399-d202 @A: 17 04 13 05 | 08
#1400-d202 @A: 02 09 22 10 | 10
#1401-d202 @A: 28 16 22 09 | 11
#1402-d202 @A: 28 22 02 21 | 03
#1403-d202 @A: 13 19 34 17 | 06
#1404-d202 @A: 19 10 01 09 | 09
#1405-d202 @A: 07 35 02 19 | 12
#1406-d202 @A: 26 28 15 07 | 02
#1407-d202 @A: 10 05 11 31 | 05
#1408-d202 @A: 13 35 31 10 | 01
#1409-d202 @A: 11 15 01 31 | 07
#1410-d202 @A: 31 05 09 17 | 04
#1411-d202 @A: 13 31 08 16 | 08
#1412-d202 @A: 08 35 17 34 | 10
#1413-d202 @A: 23 14 33 29 | 11
#1414-d202 @A: 19 14 29 09 | 03
#1415-d202 @A: 18 20 14 28 | 06
#1416-d202 @A: 06 20 05 14 | 09
#1417-d202 @A: 18 26 11 14 | 12
#1418-d202 @A: 14 05 02 18 | 02
#1419-d202 @A: 01 17 14 32 | 05
#1420-d202 @A: 13 30 14 12 | 01
#1421-d202 @A: 12 05 17 14 | 07
#1422-d202 @A: 10 27 06 14 | 04
#1423-d202 @A: 06 19 14 17 | 08
#1424-d202 @A: 14 31 03 11 | 10
#1425-d202 @A: 31 10 14 19 | 11
#1426-d202 @A: 35 14 19 28 | 03
#1427-d202 @A: 24 08 33 09 | 06
#1428-d202 @A: 24 16 33 11 | 09
#1429-d202 @A: 19 23 18 24 | 12
#1430-d202 @A: 31 24 10 18 | 02
#1431-d202 @A: 32 30 13 24 | 05
#1432-d202 @A: 24 32 26 01 | 01
#1433-d202 @A: 32 24 13 08 | 07
#1434-d202 @A: 24 30 28 12 | 04
#1435-d202 @A: 24 07 30 02 | 08
#1436-d202 @A: 04 15 24 25 | 10
#1437-d202 @A: 27 26 17 24 | 11
#1438-d202 @A: 35 24 22 08 | 03
#1439-d202 @A: 26 24 19 07 | 06
#1440-d202 @A: 19 24 16 01 | 09
#1441-d202 @A: 24 10 23 01 | 12
#1442-d202 @A: 05 24 16 13 | 02
#1443-d202 @A: 13 35 24 21 | 05
#1444-d202 @A: 08 06 33 29 | 01
#1445-d202 @A: 15 28 29 33 | 07
#1446-d202 @A: 06 29 27 20 | 04
#1447-d202 @A: 20 15 29 25 | 08
#1448-d202 @A: 34 20 29 35 | 10
#1449-d202 @A: 18 25 13 29 | 11
#1450-d202 @A: 32 35 15 29 | 03
#1451-d202 @A: 01 27 29 12 | 06
#1452-d202 @A: 26 29 07 12 | 09
#1453-d202 @A: 29 31 27 28 | 12
#1454-d202 @A: 10 09 28 29 | 02
#1455-d202 @A: 27 20 33 07 | 05
#1456-d202 @A: 32 09 33 06 | 01
#1457-d202 @A: 31 02 33 30 | 07
#1458-d202 @A: 33 04 11 12 | 04
#1459-d202 @A: 33 12 10 19 | 08
#1460-d202 @A: 33 27 34 31 | 10
#1461-d202 @A: 09 33 26 22 | 11
#1462-d202 @A: 11 22 05 33 | 03
#1463-d202 @A: 07 01 31 33 | 06
#1464-d202 @A: 13 34 33 10 | 09
#1465-d202 @A: 33 16 34 28 | 12
#1466-d202 @A: 33 13 23 01 | 02
#1467-d202 @A: 08 01 33 23 | 05
#1468-d202 @A: 21 16 35 33 | 01
#1469-d202 @A: 15 20 18 32 | 07
#1470-d202 @A: 04 35 20 18 | 04
#1471-d202 @A: 20 18 23 26 | 08
#1472-d202 @A: 16 20 02 18 | 10
#1473-d202 @A: 08 06 20 04 | 11
#1474-d202 @A: 20 07 06 17 | 03
#1475-d202 @A: 25 20 03 11 | 06
#1476-d202 @A: 25 19 20 35 | 09
#1477-d202 @A: 02 20 25 08 | 12
#1478-d202 @A: 02 22 26 20 | 02
#1479-d202 @A: 20 23 09 35 | 05
#1480-d202 @A: 21 20 10 07 | 01
#1481-d202 @A: 20 10 17 16 | 07
#1482-d202 @A: 20 07 35 16 | 04
#1483-d202 @A: 18 32 12 08 | 08
#1484-d202 @A: 10 12 30 18 | 10
#1485-d202 @A: 30 02 18 03 | 11
#1486-d202 @A: 04 30 09 18 | 03
#1487-d202 @A: 34 18 26 30 | 06
#1488-d202 @A: 17 34 05 18 | 09
#1489-d202 @A: 32 19 15 12 | 12
#1490-d202 @A: 21 12 32 07 | 02
#1491-d202 @A: 13 25 32 22 | 05
#1492-d202 @A: 32 31 25 26 | 01
#1493-d202 @A: 27 04 34 32 | 07
#1494-d202 @A: 22 11 32 31 | 04
#1495-d202 @A: 32 22 15 05 | 08
#1496-d202 @A: 11 19 32 21 | 10
#1497-d202 @A: 23 13 34 32 | 11
#1498-d202 @A: 32 17 11 10 | 03
#1499-d202 @A: 27 30 16 05 | 06
#1500-d202 @A: 01 04 30 11 | 09
#1501-d202 @A: 19 13 31 30 | 12
#1502-d202 @A: 30 35 21 01 | 02
#1503-d202 @A: 30 02 17 15 | 05
#1504-d202 @A: 12 03 35 06 | 01
#1505-d202 @A: 03 17 22 12 | 07
#1506-d202 @A: 28 12 03 01 | 04
#1507-d202 @A: 12 01 04 02 | 08
#1508-d202 @A: 16 15 12 13 | 10
#1509-d202 @A: 06 27 23 01 | 11
#1510-d202 @A: 06 26 19 13 | 03
#1511-d202 @A: 17 06 31 16 | 06
#1512-d202 @A: 06 02 13 10 | 09
#1513-d202 @A: 09 11 06 17 | 12
#1514-d202 @A: 08 06 15 13 | 02
#1515-d202 @A: 03 22 35 25 | 05
#1516-d202 @A: 34 25 28 11 | 01
#1517-d202 @A: 23 25 08 17 | 07
#1518-d202 @A: 11 25 16 35 | 04
#1519-d202 @A: 05 02 16 25 | 08
#1520-d202 @A: 13 03 27 04 | 10
#1521-d202 @A: 03 27 07 22 | 11
#1522-d202 @A: 03 22 34 26 | 03
#1523-d202 @A: 10 16 19 03 | 06
#1524-d202 @A: 03 08 31 28 | 09
#1525-d202 @A: 08 34 15 03 | 12
#1526-d202 @A: 02 03 16 01 | 02
#1527-d202 @A: 17 03 15 21 | 05
#1528-d202 @A: 13 03 05 21 | 01
#1529-d202 @A: 04 26 27 02 | 07
#1530-d202 @A: 26 21 27 22 | 04
#1531-d202 @A: 15 27 07 23 | 08
#1532-d202 @A: 11 21 09 27 | 10
#1533-d202 @A: 09 15 05 27 | 11
#1534-d202 @A: 27 13 05 11 | 03
#1535-d202 @A: 04 31 10 21 | 06
#1536-d202 @A: 04 05 34 28 | 09
#1537-d202 @A: 04 23 21 28 | 12
#1538-d202 @A: 34 08 22 05 | 02
#1539-d202 @A: 22 23 15 17 | 05
#1540-d202 @A: 08 10 22 13 | 01
#1541-d202 @A: 23 34 11 19 | 07
#1542-d202 @A: 09 19 02 34 | 04
#1543-d202 @A: 23 05 07 19 | 08
#1544-d202 @A: 13 02 28 19 | 10
#1545-d202 @A: 10 31 01 26 | 11
#1546-d202 @A: 15 26 31 09 | 03
#1547-d202 @A: 26 17 01 11 | 06
#1548-d202 @A: 15 26 16 11 | 09
#1549-d202 @A: 31 09 13 01 | 12
#1550-d202 @A: 28 31 01 05 | 02
#1551-d202 @A: 09 31 07 21 | 05
#1552-d202 @A: 21 09 08 34 | 01
#1553-d202 @A: 21 17 08 11 | 07
#1554-d202 @A: 24 32 14 23 | 04
#1555-d202 @A: 34 24 19 14 | 08
#1556-d202 @A: 14 06 07 29 | 10
#1557-d202 @A: 14 27 20 34 | 11
#1558-d202 @A: 04 14 01 20 | 03
#1559-d202 @A: 18 34 14 03 | 06
#1560-d202 @A: 14 32 25 34 | 09
#1561-d202 @A: 07 30 14 27 | 12
#1562-d202 @A: 31 14 30 01 | 02
#1563-d202 @A: 30 21 14 09 | 05
#1564-d202 @A: 05 14 03 04 | 01
#1565-d202 @A: 14 22 10 28 | 07
#1566-d202 @A: 23 14 17 10 | 04
#1567-d202 @A: 07 23 21 14 | 08
#1568-d202 @A: 09 02 14 15 | 10
#1569-d202 @A: 02 24 29 26 | 11
#1570-d202 @A: 11 20 31 24 | 03
#1571-d202 @A: 18 07 24 16 | 06
#1572-d202 @A: 24 19 32 25 | 09
#1573-d202 @A: 24 22 12 16 | 12
#1574-d202 @A: 01 06 24 15 | 02
#1575-d202 @A: 28 21 11 24 | 05
#1576-d202 @A: 11 02 13 24 | 01
#1577-d202 @A: 33 29 11 03 | 07
#1578-d202 @A: 20 12 29 09 | 04
#1579-d202 @A: 16 18 29 12 | 08
#1580-d202 @A: 15 29 22 18 | 10
#1581-d202 @A: 13 29 26 32 | 11
#1582-d202 @A: 29 13 30 15 | 03
#1583-d202 @A: 12 29 02 03 | 06
#1584-d202 @A: 12 31 15 29 | 09
#1585-d202 @A: 25 29 11 26 | 12
#1586-d202 @A: 07 29 23 25 | 02
#1587-d202 @A: 29 22 26 01 | 05
#1588-d202 @A: 19 05 26 29 | 01
#1589-d202 @A: 29 19 08 05 | 07
#1590-d202 @A: 16 29 05 01 | 04
#1591-d202 @A: 29 01 21 17 | 08
#1592-d202 @A: 06 20 30 33 | 10
#1593-d202 @A: 33 34 25 20 | 11
#1594-d202 @A: 20 05 33 03 | 03
#1595-d202 @A: 22 01 33 20 | 06
#1596-d202 @A: 19 33 15 20 | 09
#1597-d202 @A: 19 23 32 33 | 12
#1598-d202 @A: 28 33 30 11 | 02
#1599-d202 @A: 03 09 33 12 | 05
#1600-d202 @A: 02 33 12 26 | 01
#1601-d202 @A: 25 31 17 33 | 07
#1602-d202 @A: 03 10 33 27 | 04
#1603-d202 @A: 03 02 04 33 | 08
#1604-d202 @A: 03 19 34 33 | 10
#1605-d202 @A: 04 17 08 33 | 11
#1606-d202 @A: 22 31 23 33 | 03
#1607-d202 @A: 33 23 11 10 | 06
#1608-d202 @A: 20 03 07 32 | 09
#1609-d202 @A: 30 20 17 31 | 12
#1610-d202 @A: 26 15 20 03 | 02
#1611-d202 @A: 09 20 31 27 | 05
#1612-d202 @A: 07 20 22 04 | 01
#1613-d202 @A: 22 20 09 13 | 07
#1614-d202 @A: 22 18 32 02 | 04
#1615-d202 @A: 12 06 17 18 | 08
#1616-d202 @A: 23 12 18 35 | 10
#1617-d202 @A: 08 18 12 35 | 11
#1618-d202 @A: 06 18 11 19 | 03
#1619-d202 @A: 05 10 18 03 | 06
#1620-d202 @A: 19 18 21 27 | 09
#1621-d202 @A: 18 23 31 27 | 12
#1622-d202 @A: 18 02 27 01 | 02
#1623-d202 @A: 10 18 28 34 | 05
#1624-d202 @A: 15 18 11 28 | 01
#1625-d202 @A: 18 21 05 11 | 07
#1626-d202 @A: 02 30 04 32 | 04
#1627-d202 @A: 17 32 31 12 | 08
#1628-d202 @A: 32 06 19 10 | 10
#1629-d202 @A: 03 28 19 32 | 11
#1630-d202 @A: 03 32 23 31 | 03
#1631-d202 @A: 04 32 01 13 | 06
#1632-d202 @A: 34 21 05 32 | 09
#1633-d202 @A: 16 32 05 28 | 12
#1634-d202 @A: 30 03 12 16 | 02
#1635-d202 @A: 21 30 31 12 | 05
#1636-d202 @A: 06 23 30 26 | 01
#1637-d202 @A: 02 06 30 21 | 07
#1638-d202 @A: 13 30 22 03 | 04
#1639-d202 @A: 30 19 10 28 | 08
#1640-d202 @A: 30 16 35 31 | 10
#1641-d202 @A: 34 02 10 30 | 11
#1642-d202 @A: 05 09 30 02 | 03
#1643-d202 @A: 28 21 13 30 | 06
#1644-d202 @A: 01 26 12 06 | 09
#1645-d202 @A: 15 12 04 07 | 12
#1646-d202 @A: 11 12 09 26 | 02
#1647-d202 @A: 35 12 07 28 | 05
#1648-d202 @A: 05 07 12 11 | 01
#1649-d202 @A: 34 19 27 06 | 07
#1650-d202 @A: 04 22 06 17 | 04
#1651-d202 @A: 19 06 16 08 | 08
#1652-d202 @A: 35 34 06 28 | 10
#1653-d202 @A: 06 08 17 05 | 11
#1654-d202 @A: 34 17 25 03 | 03
#1655-d202 @A: 10 27 25 09 | 06
#1656-d202 @A: 28 04 19 25 | 09
#1657-d202 @A: 25 31 04 34 | 12
#1658-d202 @A: 25 04 08 16 | 02
#1659-d202 @A: 25 22 05 26 | 05
#1660-d202 @A: 09 25 22 31 | 01
#1661-d202 @A: 25 10 01 28 | 07
#1662-d202 @A: 17 01 09 25 | 04
#1663-d202 @A: 27 01 26 03 | 08
#1664-d202 @A: 19 11 22 03 | 10
#1665-d202 @A: 01 03 17 23 | 11
#1666-d202 @A: 34 10 27 22 | 03
#1667-d202 @A: 35 09 04 34 | 06
#1668-d202 @A: 34 11 21 04 | 09
#1669-d202 @A: 11 04 16 23 | 12
#1670-d202 @A: 23 04 13 35 | 02
#1671-d202 @A: 05 08 04 09 | 05
#1672-d202 @A: 16 34 15 22 | 01
#1673-d202 @A: 22 15 08 23 | 07
#1674-d202 @A: 22 01 21 08 | 04
#1675-d202 @A: 11 28 22 07 | 08
#1676-d202 @A: 35 22 09 15 | 10
#1677-d202 @A: 19 15 31 34 | 11
#1678-d202 @A: 19 13 09 23 | 03
#1679-d202 @A: 10 19 15 17 | 06
#1680-d202 @A: 07 15 19 08 | 09
#1681-d202 @A: 05 19 09 35 | 12
#1682-d202 @A: 13 07 26 16 | 02
#1683-d202 @A: 28 26 11 08 | 05
#1684-d202 @A: 05 02 31 23 | 01
#1685-d202 @A: 02 11 31 07 | 07
#1686-d202 @A: 13 31 15 05 | 04
#1687-d202 @A: 21 08 02 23 | 08
#1688-d202 @A: 35 23 13 08 | 10
#1689-d202 @A: 16 07 28 08 | 11
