#0001-d213 @A: 20 06 34 03 | 08
#0002-d213 @A: 13 34 11 03 | 12
#0003-d213 @A: 14 03 24 34 | 09
#0004-d213 @A: 03 34 08 16 | 06
#0005-d213 @A: 34 35 12 03 | 10
#0006-d213 @A: 34 11 04 31 | 11
#0007-d213 @A: 34 14 10 28 | 05
#0008-d213 @A: 34 29 15 08 | 03
#0009-d213 @A: 08 22 10 34 | 04
#0010-d213 @A: 34 15 32 21 | 01
#0011-d213 @A: 34 12 10 23 | 07
#0012-d213 @A: 06 34 35 07 | 02
#0013-d213 @A: 01 16 27 03 | 08
#0014-d213 @A: 07 09 27 03 | 12
#0015-d213 @A: 27 19 08 03 | 09
#0016-d213 @A: 27 33 22 03 | 06
#0017-d213 @A: 31 20 03 04 | 10
#0018-d213 @A: 20 33 03 13 | 11
#0019-d213 @A: 26 01 03 13 | 05
#0020-d213 @A: 13 18 03 23 | 03
#0021-d213 @A: 29 14 03 09 | 04
#0022-d213 @A: 03 07 05 30 | 01
#0023-d213 @A: 22 18 03 30 | 07
#0024-d213 @A: 03 17 10 30 | 02
#0025-d213 @A: 32 12 05 03 | 08
#0026-d213 @A: 09 03 33 02 | 12
#0027-d213 @A: 03 02 08 18 | 09
#0028-d213 @A: 15 16 18 03 | 06
#0029-d213 @A: 33 25 17 03 | 10
#0030-d213 @A: 27 15 31 30 | 11
#0031-d213 @A: 27 31 28 21 | 05
#0032-d213 @A: 27 16 13 20 | 03
#0033-d213 @A: 27 28 20 10 | 04
#0034-d213 @A: 06 13 14 27 | 01
#0035-d213 @A: 13 27 15 17 | 07
#0036-d213 @A: 27 13 22 26 | 02
#0037-d213 @A: 27 32 01 02 | 08
#0038-d213 @A: 05 16 27 14 | 12
#0039-d213 @A: 11 32 15 27 | 09
#0040-d213 @A: 06 27 09 30 | 06
#0041-d213 @A: 06 27 32 09 | 10
#0042-d213 @A: 21 17 18 27 | 11
#0043-d213 @A: 33 19 15 27 | 05
#0044-d213 @A: 27 02 26 16 | 03
#0045-d213 @A: 27 16 19 12 | 04
#0046-d213 @A: 29 24 27 25 | 01
#0047-d213 @A: 27 24 17 32 | 07
#0048-d213 @A: 31 05 17 01 | 02
#0049-d213 @A: 31 01 09 04 | 08
#0050-d213 @A: 10 31 14 08 | 12
#0051-d213 @A: 14 23 25 31 | 09
#0052-d213 @A: 11 18 29 31 | 06
#0053-d213 @A: 22 31 05 10 | 10
#0054-d213 @A: 31 15 33 22 | 11
#0055-d213 @A: 06 31 21 22 | 05
#0056-d213 @A: 23 26 31 24 | 03
#0057-d213 @A: 10 02 32 31 | 04
#0058-d213 @A: 31 02 06 35 | 01
#0059-d213 @A: 10 26 31 25 | 07
#0060-d213 @A: 10 35 31 17 | 02
#0061-d213 @A: 04 31 29 25 | 08
#0062-d213 @A: 14 01 20 26 | 12
#0063-d213 @A: 06 20 21 01 | 09
#0064-d213 @A: 11 06 20 15 | 06
#0065-d213 @A: 12 11 02 20 | 10
#0066-d213 @A: 07 30 20 19 | 11
#0067-d213 @A: 21 09 20 17 | 05
#0068-d213 @A: 35 12 08 20 | 03
#0069-d213 @A: 20 15 23 26 | 04
#0070-d213 @A: 20 23 32 22 | 01
#0071-d213 @A: 12 17 20 26 | 07
#0072-d213 @A: 26 20 25 16 | 02
#0073-d213 @A: 32 04 25 20 | 08
#0074-d213 @A: 11 32 01 13 | 12
#0075-d213 @A: 13 24 05 14 | 09
#0076-d213 @A: 18 17 09 13 | 06
#0077-d213 @A: 25 13 26 21 | 10
#0078-d213 @A: 25 13 02 23 | 11
#0079-d213 @A: 23 26 12 13 | 05
#0080-d213 @A: 24 13 26 04 | 03
#0081-d213 @A: 13 29 26 17 | 04
#0082-d213 @A: 14 16 09 01 | 01
#0083-d213 @A: 07 01 30 09 | 07
#0084-d213 @A: 26 30 01 08 | 02
#0085-d213 @A: 32 08 30 01 | 08
#0086-d213 @A: 02 18 05 01 | 12
#0087-d213 @A: 01 05 12 04 | 09
#0088-d213 @A: 25 06 01 07 | 06
#0089-d213 @A: 07 11 08 14 | 10
#0090-d213 @A: 14 04 08 09 | 11
#0091-d213 @A: 29 15 14 32 | 05
#0092-d213 @A: 14 28 22 33 | 03
#0093-d213 @A: 14 07 21 24 | 04
#0094-d213 @A: 14 16 32 24 | 01
#0095-d213 @A: 11 07 18 21 | 07
#0096-d213 @A: 11 06 29 04 | 02
#0097-d213 @A: 05 17 30 09 | 08
#0098-d213 @A: 30 21 24 08 | 12
#0099-d213 @A: 30 23 33 18 | 09
#0100-d213 @A: 30 12 21 07 | 06
#0101-d213 @A: 30 28 04 32 | 10
#0102-d213 @A: 32 30 12 25 | 11
#0103-d213 @A: 08 05 02 09 | 05
#0104-d213 @A: 18 05 24 32 | 03
#0105-d213 @A: 24 35 05 16 | 04
#0106-d213 @A: 05 17 32 06 | 01
#0107-d213 @A: 09 08 18 33 | 07
#0108-d213 @A: 09 08 26 07 | 02
#0109-d213 @A: 33 09 18 32 | 08
#0110-d213 @A: 15 09 22 29 | 12
#0111-d213 @A: 09 04 21 22 | 09
#0112-d213 @A: 09 29 02 35 | 06
#0113-d213 @A: 09 12 33 10 | 10
#0114-d213 @A: 09 10 35 24 | 11
#0115-d213 @A: 29 09 25 32 | 05
#0116-d213 @A: 08 24 02 33 | 03
#0117-d213 @A: 21 18 06 16 | 04
#0118-d213 @A: 24 18 02 29 | 01
#0119-d213 @A: 32 18 19 12 | 07
#0120-d213 @A: 33 18 25 19 | 02
#0121-d213 @A: 18 29 25 16 | 08
#0122-d213 @A: 17 06 18 25 | 12
#0123-d213 @A: 35 17 18 16 | 09
#0124-d213 @A: 19 15 24 02 | 06
#0125-d213 @A: 02 26 15 04 | 10
#0126-d213 @A: 15 17 02 07 | 11
#0127-d213 @A: 33 15 17 10 | 05
#0128-d213 @A: 10 06 32 15 | 03
#0129-d213 @A: 15 19 29 26 | 04
#0130-d213 @A: 19 07 15 32 | 01
#0131-d213 @A: 15 24 07 16 | 07
#0132-d213 @A: 17 35 21 22 | 02
#0133-d213 @A: 22 23 16 10 | 08
#0134-d213 @A: 22 24 06 25 | 12
#0135-d213 @A: 12 21 28 10 | 09
#0136-d213 @A: 21 28 35 26 | 06
#0137-d213 @A: 28 21 24 16 | 10
#0138-d213 @A: 25 23 16 21 | 11
#0139-d213 @A: 33 24 19 21 | 05
#0140-d213 @A: 24 21 26 06 | 03
#0141-d213 @A: 24 10 23 28 | 04
#0142-d213 @A: 07 28 29 02 | 01
#0143-d213 @A: 19 28 17 24 | 07
#0144-d213 @A: 24 29 32 10 | 02
#0145-d213 @A: 19 24 32 26 | 08
#0146-d213 @A: 34 03 17 27 | 12
#0147-d213 @A: 31 03 34 26 | 09
#0148-d213 @A: 03 29 30 34 | 06
#0149-d213 @A: 29 27 34 20 | 10
#0150-d213 @A: 01 27 34 14 | 11
#0151-d213 @A: 34 04 27 32 | 05
#0152-d213 @A: 32 31 29 34 | 03
#0153-d213 @A: 17 34 20 11 | 04
#0154-d213 @A: 13 23 09 34 | 01
#0155-d213 @A: 18 13 34 06 | 07
#0156-d213 @A: 30 34 35 01 | 02
#0157-d213 @A: 34 12 24 01 | 08
#0158-d213 @A: 02 14 34 18 | 12
#0159-d213 @A: 30 32 34 10 | 09
#0160-d213 @A: 34 17 22 05 | 06
#0161-d213 @A: 12 19 25 34 | 10
#0162-d213 @A: 17 12 34 06 | 11
#0163-d213 @A: 19 34 10 35 | 05
#0164-d213 @A: 32 07 10 34 | 03
#0165-d213 @A: 31 03 35 01 | 04
#0166-d213 @A: 31 03 22 14 | 01
#0167-d213 @A: 18 03 33 31 | 07
#0168-d213 @A: 15 13 30 03 | 02
#0169-d213 @A: 07 04 03 13 | 08
#0170-d213 @A: 04 03 14 05 | 12
#0171-d213 @A: 07 03 14 18 | 09
#0172-d213 @A: 22 03 29 11 | 06
#0173-d213 @A: 03 24 05 08 | 10
#0174-d213 @A: 29 05 10 03 | 11
#0175-d213 @A: 35 03 24 18 | 05
#0176-d213 @A: 15 21 03 17 | 03
#0177-d213 @A: 16 32 03 28 | 04
#0178-d213 @A: 03 02 16 06 | 01
#0179-d213 @A: 31 18 27 20 | 07
#0180-d213 @A: 27 19 31 22 | 02
#0181-d213 @A: 27 20 30 08 | 08
#0182-d213 @A: 09 33 20 27 | 12
#0183-d213 @A: 27 13 33 05 | 09
#0184-d213 @A: 27 26 01 18 | 06
#0185-d213 @A: 12 14 08 27 | 10
#0186-d213 @A: 09 11 27 35 | 11
#0187-d213 @A: 27 08 11 10 | 05
#0188-d213 @A: 27 29 12 23 | 03
#0189-d213 @A: 32 27 35 29 | 04
#0190-d213 @A: 29 27 33 06 | 01
#0191-d213 @A: 20 31 14 30 | 07
#0192-d213 @A: 32 13 31 19 | 02
#0193-d213 @A: 31 11 23 30 | 08
#0194-d213 @A: 09 05 31 24 | 12
#0195-d213 @A: 09 35 18 31 | 09
#0196-d213 @A: 19 26 02 31 | 06
#0197-d213 @A: 32 24 06 31 | 10
#0198-d213 @A: 31 32 35 04 | 11
#0199-d213 @A: 20 14 29 13 | 05
#0200-d213 @A: 19 20 13 11 | 03
#0201-d213 @A: 30 13 12 20 | 04
#0202-d213 @A: 20 04 13 18 | 01
#0203-d213 @A: 01 18 11 20 | 07
#0204-d213 @A: 01 20 30 02 | 02
#0205-d213 @A: 20 09 19 01 | 08
#0206-d213 @A: 14 10 11 20 | 12
#0207-d213 @A: 05 14 20 35 | 09
#0208-d213 @A: 10 14 32 20 | 06
#0209-d213 @A: 24 11 20 30 | 10
#0210-d213 @A: 08 20 25 28 | 11
#0211-d213 @A: 23 20 21 18 | 05
#0212-d213 @A: 20 15 16 22 | 03
#0213-d213 @A: 02 04 25 20 | 04
#0214-d213 @A: 25 29 20 19 | 01
#0215-d213 @A: 01 13 02 14 | 07
#0216-d213 @A: 29 01 08 13 | 02
#0217-d213 @A: 13 12 14 11 | 08
#0218-d213 @A: 13 15 14 10 | 12
#0219-d213 @A: 13 30 07 11 | 09
#0220-d213 @A: 11 13 05 22 | 06
#0221-d213 @A: 13 21 35 30 | 10
#0222-d213 @A: 05 13 08 16 | 11
#0223-d213 @A: 05 02 13 07 | 05
#0224-d213 @A: 07 15 13 28 | 03
#0225-d213 @A: 23 32 29 13 | 04
#0226-d213 @A: 23 35 13 17 | 01
#0227-d213 @A: 29 13 02 19 | 07
#0228-d213 @A: 10 13 29 04 | 02
#0229-d213 @A: 29 07 35 13 | 08
#0230-d213 @A: 01 04 14 30 | 12
#0231-d213 @A: 14 01 06 15 | 09
#0232-d213 @A: 33 01 15 05 | 06
#0233-d213 @A: 01 28 29 15 | 10
#0234-d213 @A: 26 17 23 01 | 11
#0235-d213 @A: 10 32 01 25 | 05
#0236-d213 @A: 07 16 35 01 | 03
#0237-d213 @A: 05 21 06 14 | 04
#0238-d213 @A: 15 09 14 33 | 01
#0239-d213 @A: 32 08 14 21 | 07
#0240-d213 @A: 28 23 15 14 | 02
#0241-d213 @A: 32 14 26 04 | 08
#0242-d213 @A: 29 24 33 14 | 12
#0243-d213 @A: 29 14 07 06 | 09
#0244-d213 @A: 05 30 11 18 | 06
#0245-d213 @A: 28 11 07 32 | 10
#0246-d213 @A: 32 12 11 02 | 11
#0247-d213 @A: 11 25 12 24 | 05
#0248-d213 @A: 28 05 30 29 | 03
#0249-d213 @A: 30 05 16 23 | 04
#0250-d213 @A: 28 15 30 33 | 01
#0251-d213 @A: 33 12 35 30 | 07
#0252-d213 @A: 17 04 12 30 | 02
#0253-d213 @A: 30 33 19 26 | 08
#0254-d213 @A: 07 25 30 29 | 12
#0255-d213 @A: 23 09 07 05 | 09
#0256-d213 @A: 05 09 25 19 | 06
#0257-d213 @A: 32 05 26 08 | 10
#0258-d213 @A: 10 05 18 15 | 11
#0259-d213 @A: 35 05 21 33 | 05
#0260-d213 @A: 02 04 05 16 | 03
#0261-d213 @A: 24 05 19 26 | 04
#0262-d213 @A: 05 06 26 04 | 01
#0263-d213 @A: 10 21 08 09 | 07
#0264-d213 @A: 09 24 18 15 | 02
#0265-d213 @A: 09 07 16 22 | 08
#0266-d213 @A: 02 09 26 23 | 12
#0267-d213 @A: 09 10 02 07 | 09
#0268-d213 @A: 24 33 09 04 | 06
#0269-d213 @A: 22 21 29 08 | 10
#0270-d213 @A: 26 06 08 23 | 11
#0271-d213 @A: 04 12 08 06 | 05
#0272-d213 @A: 06 33 10 08 | 03
#0273-d213 @A: 33 08 35 19 | 04
#0274-d213 @A: 15 18 21 28 | 01
#0275-d213 @A: 18 12 25 02 | 07
#0276-d213 @A: 26 18 04 35 | 02
#0277-d213 @A: 35 33 18 06 | 08
#0278-d213 @A: 26 28 15 22 | 12
#0279-d213 @A: 15 04 23 29 | 09
#0280-d213 @A: 33 15 16 23 | 06
#0281-d213 @A: 16 22 12 33 | 10
#0282-d213 @A: 24 22 35 07 | 11
#0283-d213 @A: 07 28 21 19 | 05
#0284-d213 @A: 35 07 25 21 | 03
#0285-d213 @A: 29 24 21 17 | 04
#0286-d213 @A: 35 28 32 23 | 01
#0287-d213 @A: 10 29 17 28 | 07
#0288-d213 @A: 06 28 07 33 | 02
#0289-d213 @A: 25 23 32 06 | 08
#0290-d213 @A: 07 32 04 23 | 12
#0291-d213 @A: 02 32 26 16 | 09
#0292-d213 @A: 35 02 06 32 | 06
#0293-d213 @A: 07 32 25 24 | 10
#0294-d213 @A: 31 34 07 21 | 11
#0295-d213 @A: 21 34 29 13 | 05
#0296-d213 @A: 13 34 35 16 | 03
#0297-d213 @A: 34 32 09 01 | 04
#0298-d213 @A: 34 14 16 15 | 01
#0299-d213 @A: 22 14 29 34 | 07
#0300-d213 @A: 11 05 35 34 | 02
#0301-d213 @A: 23 29 34 11 | 08
#0302-d213 @A: 30 07 34 22 | 12
#0303-d213 @A: 30 06 21 34 | 09
#0304-d213 @A: 09 35 08 34 | 06
#0305-d213 @A: 34 06 15 09 | 10
#0306-d213 @A: 15 17 34 18 | 11
#0307-d213 @A: 19 34 15 21 | 05
#0308-d213 @A: 12 15 26 34 | 03
#0309-d213 @A: 34 19 17 33 | 04
#0310-d213 @A: 04 34 16 33 | 01
#0311-d213 @A: 03 27 02 20 | 07
#0312-d213 @A: 14 10 27 03 | 02
#0313-d213 @A: 27 25 03 18 | 08
#0314-d213 @A: 10 20 03 09 | 12
#0315-d213 @A: 20 17 08 03 | 09
#0316-d213 @A: 23 01 32 03 | 06
#0317-d213 @A: 23 28 03 11 | 10
#0318-d213 @A: 33 05 28 03 | 11
#0319-d213 @A: 18 03 28 10 | 05
#0320-d213 @A: 03 25 22 15 | 03
#0321-d213 @A: 28 15 03 19 | 04
#0322-d213 @A: 32 29 03 22 | 01
#0323-d213 @A: 16 12 26 03 | 07
#0324-d213 @A: 06 03 35 10 | 02
#0325-d213 @A: 06 33 04 03 | 08
#0326-d213 @A: 32 20 27 12 | 12
#0327-d213 @A: 24 20 26 27 | 09
#0328-d213 @A: 27 01 12 13 | 06
#0329-d213 @A: 30 27 29 01 | 10
#0330-d213 @A: 01 19 28 27 | 11
#0331-d213 @A: 30 26 27 11 | 05
#0332-d213 @A: 07 15 27 05 | 03
#0333-d213 @A: 23 32 05 27 | 04
#0334-d213 @A: 18 04 27 09 | 01
#0335-d213 @A: 09 23 16 27 | 07
#0336-d213 @A: 27 06 18 08 | 02
#0337-d213 @A: 32 27 19 08 | 08
#0338-d213 @A: 32 27 33 25 | 12
#0339-d213 @A: 04 16 27 06 | 09
#0340-d213 @A: 13 02 09 31 | 06
#0341-d213 @A: 14 31 11 01 | 10
#0342-d213 @A: 12 22 11 31 | 11
#0343-d213 @A: 16 31 11 32 | 05
#0344-d213 @A: 31 30 24 22 | 03
#0345-d213 @A: 12 28 31 30 | 04
#0346-d213 @A: 06 25 05 31 | 01
#0347-d213 @A: 08 31 23 28 | 07
#0348-d213 @A: 07 15 31 23 | 02
#0349-d213 @A: 33 25 31 16 | 08
#0350-d213 @A: 13 20 09 32 | 12
#0351-d213 @A: 10 01 08 20 | 09
#0352-d213 @A: 20 08 14 15 | 06
#0353-d213 @A: 22 25 14 20 | 10
#0354-d213 @A: 33 12 14 20 | 11
#0355-d213 @A: 23 20 11 09 | 05
#0356-d213 @A: 21 20 25 05 | 03
#0357-d213 @A: 20 06 09 26 | 04
#0358-d213 @A: 16 18 20 08 | 01
#0359-d213 @A: 02 08 22 20 | 07
#0360-d213 @A: 20 18 02 28 | 02
#0361-d213 @A: 23 20 10 35 | 08
#0362-d213 @A: 19 35 26 20 | 12
#0363-d213 @A: 13 23 11 08 | 09
#0364-d213 @A: 13 06 15 05 | 06
#0365-d213 @A: 04 13 05 23 | 10
#0366-d213 @A: 35 28 18 13 | 11
#0367-d213 @A: 19 12 13 22 | 05
#0368-d213 @A: 13 10 07 22 | 03
#0369-d213 @A: 07 23 16 13 | 04
#0370-d213 @A: 17 33 02 13 | 01
#0371-d213 @A: 13 04 17 16 | 07
#0372-d213 @A: 14 32 01 35 | 02
#0373-d213 @A: 21 01 02 26 | 08
#0374-d213 @A: 32 07 01 21 | 12
#0375-d213 @A: 35 10 01 12 | 09
#0376-d213 @A: 29 12 32 01 | 06
#0377-d213 @A: 35 01 17 33 | 10
#0378-d213 @A: 28 30 14 17 | 11
#0379-d213 @A: 28 14 24 04 | 05
#0380-d213 @A: 02 33 14 16 | 03
#0381-d213 @A: 25 07 14 33 | 04
#0382-d213 @A: 33 14 06 26 | 01
#0383-d213 @A: 16 14 17 26 | 07
#0384-d213 @A: 11 15 05 17 | 02
#0385-d213 @A: 04 11 17 08 | 08
#0386-d213 @A: 07 29 24 11 | 12
#0387-d213 @A: 32 17 11 29 | 09
#0388-d213 @A: 22 15 30 06 | 06
#0389-d213 @A: 23 15 35 30 | 10
#0390-d213 @A: 12 30 02 23 | 11
#0391-d213 @A: 24 23 06 30 | 05
#0392-d213 @A: 10 30 19 16 | 03
#0393-d213 @A: 24 30 10 29 | 04
#0394-d213 @A: 07 35 30 26 | 01
#0395-d213 @A: 06 30 17 33 | 07
#0396-d213 @A: 08 33 05 22 | 02
#0397-d213 @A: 26 05 22 18 | 08
#0398-d213 @A: 05 25 15 28 | 12
#0399-d213 @A: 17 05 19 04 | 09
#0400-d213 @A: 21 09 23 15 | 06
#0401-d213 @A: 09 33 21 29 | 10
#0402-d213 @A: 23 32 09 17 | 11
#0403-d213 @A: 19 02 09 12 | 05
#0404-d213 @A: 16 19 09 35 | 03
#0405-d213 @A: 08 07 17 18 | 04
#0406-d213 @A: 18 08 32 35 | 01
#0407-d213 @A: 23 29 08 24 | 07
#0408-d213 @A: 24 12 08 10 | 02
#0409-d213 @A: 19 24 08 06 | 08
#0410-d213 @A: 19 28 22 18 | 12
#0411-d213 @A: 18 33 22 24 | 09
#0412-d213 @A: 07 22 29 18 | 06
#0413-d213 @A: 06 12 28 18 | 10
#0414-d213 @A: 23 25 18 04 | 11
#0415-d213 @A: 02 16 10 18 | 05
#0416-d213 @A: 04 18 19 07 | 03
#0417-d213 @A: 23 10 15 02 | 04
#0418-d213 @A: 23 15 24 17 | 01
#0419-d213 @A: 04 15 35 33 | 07
#0420-d213 @A: 32 22 21 25 | 02
#0421-d213 @A: 22 35 12 02 | 08
#0422-d213 @A: 25 02 33 22 | 12
#0423-d213 @A: 17 26 02 22 | 09
#0424-d213 @A: 25 22 10 12 | 06
#0425-d213 @A: 22 16 35 06 | 10
#0426-d213 @A: 21 35 23 24 | 11
#0427-d213 @A: 21 02 29 06 | 05
#0428-d213 @A: 02 21 04 17 | 03
#0429-d213 @A: 29 19 21 04 | 04
#0430-d213 @A: 28 06 10 02 | 01
#0431-d213 @A: 25 28 02 24 | 07
#0432-d213 @A: 35 02 16 28 | 02
#0433-d213 @A: 28 24 35 12 | 08
#0434-d213 @A: 28 12 33 04 | 12
#0435-d213 @A: 13 20 26 34 | 09
#0436-d213 @A: 14 13 07 34 | 06
#0437-d213 @A: 18 34 01 25 | 10
#0438-d213 @A: 14 11 33 34 | 11
#0439-d213 @A: 06 14 25 34 | 05
#0440-d213 @A: 30 09 24 34 | 03
#0441-d213 @A: 34 26 28 30 | 04
#0442-d213 @A: 34 05 12 16 | 01
#0443-d213 @A: 18 33 34 21 | 07
#0444-d213 @A: 34 12 02 07 | 02
#0445-d213 @A: 32 34 25 26 | 08
#0446-d213 @A: 32 03 07 27 | 12
#0447-d213 @A: 20 11 16 03 | 09
#0448-d213 @A: 03 20 19 05 | 06
#0449-d213 @A: 03 12 18 20 | 10
#0450-d213 @A: 03 14 13 17 | 11
#0451-d213 @A: 21 13 06 03 | 05
#0452-d213 @A: 01 03 21 10 | 03
#0453-d213 @A: 29 19 01 03 | 04
#0454-d213 @A: 15 14 02 03 | 01
#0455-d213 @A: 19 03 14 35 | 07
#0456-d213 @A: 11 03 30 19 | 02
#0457-d213 @A: 30 03 08 33 | 08
#0458-d213 @A: 30 06 32 03 | 12
#0459-d213 @A: 03 09 17 22 | 09
#0460-d213 @A: 03 08 26 22 | 06
#0461-d213 @A: 29 04 03 08 | 10
#0462-d213 @A: 12 22 03 04 | 11
#0463-d213 @A: 03 23 24 25 | 05
#0464-d213 @A: 03 23 35 16 | 03
#0465-d213 @A: 17 27 26 31 | 04
#0466-d213 @A: 07 01 08 27 | 01
#0467-d213 @A: 23 05 11 27 | 07
#0468-d213 @A: 21 24 09 27 | 02
#0469-d213 @A: 09 27 17 19 | 08
#0470-d213 @A: 27 35 22 15 | 12
#0471-d213 @A: 23 27 07 02 | 09
#0472-d213 @A: 16 24 27 10 | 06
#0473-d213 @A: 11 31 07 20 | 10
#0474-d213 @A: 02 24 31 20 | 11
#0475-d213 @A: 31 12 15 13 | 05
#0476-d213 @A: 13 22 31 35 | 03
#0477-d213 @A: 05 14 31 19 | 04
#0478-d213 @A: 25 11 09 31 | 01
#0479-d213 @A: 30 26 31 05 | 07
#0480-d213 @A: 30 21 31 19 | 02
#0481-d213 @A: 23 22 31 09 | 08
#0482-d213 @A: 09 21 31 26 | 12
#0483-d213 @A: 21 31 08 17 | 09
#0484-d213 @A: 21 31 10 04 | 06
#0485-d213 @A: 31 23 02 04 | 10
#0486-d213 @A: 31 12 23 33 | 11
#0487-d213 @A: 20 18 19 15 | 05
#0488-d213 @A: 29 02 20 15 | 03
#0489-d213 @A: 21 26 20 22 | 04
#0490-d213 @A: 02 26 20 10 | 01
#0491-d213 @A: 24 06 20 16 | 07
#0492-d213 @A: 13 04 01 28 | 02
#0493-d213 @A: 14 13 30 33 | 08
#0494-d213 @A: 09 14 35 13 | 12
#0495-d213 @A: 21 11 16 13 | 09
#0496-d213 @A: 11 13 06 35 | 06
#0497-d213 @A: 32 04 11 13 | 10
#0498-d213 @A: 09 13 06 10 | 11
#0499-d213 @A: 28 08 02 13 | 05
#0500-d213 @A: 33 08 04 13 | 03
#0501-d213 @A: 16 18 13 22 | 04
#0502-d213 @A: 26 35 02 13 | 01
#0503-d213 @A: 25 12 07 13 | 07
#0504-d213 @A: 35 04 13 12 | 02
#0505-d213 @A: 33 26 13 10 | 08
#0506-d213 @A: 22 14 24 01 | 12
#0507-d213 @A: 11 12 21 01 | 09
#0508-d213 @A: 08 01 19 05 | 06
#0509-d213 @A: 08 01 02 15 | 10
#0510-d213 @A: 35 28 01 22 | 11
#0511-d213 @A: 12 33 25 01 | 05
#0512-d213 @A: 23 14 11 32 | 03
#0513-d213 @A: 29 14 05 15 | 04
#0514-d213 @A: 26 09 28 14 | 01
#0515-d213 @A: 18 14 04 21 | 07
#0516-d213 @A: 10 25 14 02 | 02
#0517-d213 @A: 25 04 14 26 | 08
#0518-d213 @A: 25 17 24 14 | 12
#0519-d213 @A: 30 21 11 10 | 09
#0520-d213 @A: 26 28 11 18 | 06
#0521-d213 @A: 22 11 26 24 | 10
#0522-d213 @A: 10 06 23 11 | 11
#0523-d213 @A: 24 16 11 23 | 05
#0524-d213 @A: 02 26 11 29 | 03
#0525-d213 @A: 11 17 24 33 | 04
#0526-d213 @A: 05 30 32 21 | 01
#0527-d213 @A: 29 09 30 08 | 07
#0528-d213 @A: 22 30 09 02 | 02
#0529-d213 @A: 17 18 30 02 | 08
#0530-d213 @A: 28 04 30 22 | 12
#0531-d213 @A: 07 23 30 17 | 09
#0532-d213 @A: 19 35 02 30 | 06
#0533-d213 @A: 26 12 30 29 | 10
#0534-d213 @A: 29 19 32 30 | 11
#0535-d213 @A: 25 26 06 30 | 05
#0536-d213 @A: 30 17 24 35 | 03
#0537-d213 @A: 29 07 05 08 | 04
#0538-d213 @A: 05 32 15 22 | 01
#0539-d213 @A: 28 06 05 22 | 07
#0540-d213 @A: 22 05 24 02 | 02
#0541-d213 @A: 33 05 23 06 | 08
#0542-d213 @A: 29 35 25 05 | 12
#0543-d213 @A: 16 32 05 29 | 09
#0544-d213 @A: 10 18 23 09 | 06
#0545-d213 @A: 26 15 09 16 | 10
#0546-d213 @A: 35 17 09 26 | 11
#0547-d213 @A: 18 08 10 25 | 05
#0548-d213 @A: 15 21 08 06 | 03
#0549-d213 @A: 23 08 25 07 | 04
#0550-d213 @A: 08 06 17 35 | 01
#0551-d213 @A: 23 29 18 06 | 07
#0552-d213 @A: 07 18 10 12 | 02
#0553-d213 @A: 18 06 19 10 | 08
#0554-d213 @A: 15 35 17 19 | 12
#0555-d213 @A: 25 26 22 29 | 09
#0556-d213 @A: 21 12 24 02 | 06
#0557-d213 @A: 33 21 26 12 | 10
#0558-d213 @A: 24 25 21 10 | 11
#0559-d213 @A: 04 26 07 21 | 05
#0560-d213 @A: 28 02 19 04 | 03
#0561-d213 @A: 28 17 10 32 | 04
#0562-d213 @A: 24 33 32 28 | 01
#0563-d213 @A: 19 18 34 03 | 07
#0564-d213 @A: 03 34 28 07 | 02
#0565-d213 @A: 34 27 08 05 | 08
#0566-d213 @A: 26 27 34 21 | 12
#0567-d213 @A: 35 04 34 27 | 09
#0568-d213 @A: 31 35 20 34 | 06
#0569-d213 @A: 13 31 19 34 | 10
#0570-d213 @A: 28 20 34 33 | 11
#0571-d213 @A: 34 25 05 13 | 05
#0572-d213 @A: 23 34 14 30 | 03
#0573-d213 @A: 11 34 09 22 | 04
#0574-d213 @A: 28 11 34 21 | 01
#0575-d213 @A: 34 15 30 05 | 07
#0576-d213 @A: 05 24 06 34 | 02
#0577-d213 @A: 28 15 34 35 | 08
#0578-d213 @A: 21 34 23 17 | 12
#0579-d213 @A: 07 24 34 23 | 09
#0580-d213 @A: 07 19 34 29 | 06
#0581-d213 @A: 34 17 07 26 | 10
#0582-d213 @A: 27 35 21 03 | 11
#0583-d213 @A: 31 19 03 09 | 05
#0584-d213 @A: 31 03 25 32 | 03
#0585-d213 @A: 20 30 03 26 | 04
#0586-d213 @A: 13 03 32 21 | 01
#0587-d213 @A: 03 09 01 11 | 07
#0588-d213 @A: 30 23 03 01 | 02
#0589-d213 @A: 06 08 03 14 | 08
#0590-d213 @A: 21 03 12 14 | 12
#0591-d213 @A: 04 35 03 30 | 09
#0592-d213 @A: 16 25 05 03 | 06
#0593-d213 @A: 24 22 03 10 | 10
#0594-d213 @A: 02 23 03 21 | 11
#0595-d213 @A: 23 10 03 04 | 05
#0596-d213 @A: 23 17 03 29 | 03
#0597-d213 @A: 27 31 32 30 | 04
#0598-d213 @A: 05 04 27 31 | 01
#0599-d213 @A: 27 19 20 14 | 07
#0600-d213 @A: 20 22 06 27 | 02
#0601-d213 @A: 11 27 13 24 | 08
#0602-d213 @A: 08 09 13 27 | 12
#0603-d213 @A: 02 27 22 28 | 09
#0604-d213 @A: 27 06 21 12 | 06
#0605-d213 @A: 12 07 28 27 | 10
#0606-d213 @A: 17 12 35 27 | 11
#0607-d213 @A: 06 27 10 07 | 05
#0608-d213 @A: 27 16 07 17 | 03
#0609-d213 @A: 16 09 31 20 | 04
#0610-d213 @A: 14 31 16 13 | 01
#0611-d213 @A: 06 31 23 13 | 07
#0612-d213 @A: 25 01 30 31 | 02
#0613-d213 @A: 01 15 26 31 | 08
#0614-d213 @A: 31 22 32 01 | 12
#0615-d213 @A: 11 02 16 31 | 09
#0616-d213 @A: 05 31 16 18 | 06
#0617-d213 @A: 21 12 31 18 | 10
#0618-d213 @A: 32 12 28 31 | 11
#0619-d213 @A: 35 20 24 13 | 05
#0620-d213 @A: 14 20 24 18 | 03
#0621-d213 @A: 11 20 32 06 | 04
#0622-d213 @A: 20 29 09 05 | 01
#0623-d213 @A: 15 05 20 24 | 07
#0624-d213 @A: 09 25 20 12 | 02
#0625-d213 @A: 15 21 20 35 | 08
#0626-d213 @A: 20 10 12 04 | 12
#0627-d213 @A: 13 23 01 24 | 09
#0628-d213 @A: 13 18 30 24 | 06
#0629-d213 @A: 13 09 33 22 | 10
#0630-d213 @A: 06 19 33 13 | 11
#0631-d213 @A: 13 24 33 07 | 05
#0632-d213 @A: 01 35 14 18 | 03
#0633-d213 @A: 11 30 01 33 | 04
#0634-d213 @A: 01 11 28 07 | 01
#0635-d213 @A: 28 05 21 01 | 07
#0636-d213 @A: 02 33 23 01 | 02
#0637-d213 @A: 29 35 23 01 | 08
#0638-d213 @A: 16 01 06 23 | 12
#0639-d213 @A: 19 01 24 35 | 09
#0640-d213 @A: 01 04 06 35 | 06
#0641-d213 @A: 30 14 05 12 | 10
#0642-d213 @A: 23 14 08 33 | 11
#0643-d213 @A: 14 17 18 22 | 05
#0644-d213 @A: 14 29 10 18 | 03
#0645-d213 @A: 26 14 15 21 | 04
#0646-d213 @A: 21 14 10 22 | 01
#0647-d213 @A: 14 29 16 23 | 07
#0648-d213 @A: 14 06 24 12 | 02
#0649-d213 @A: 04 14 33 19 | 08
#0650-d213 @A: 19 16 06 14 | 12
#0651-d213 @A: 16 35 25 14 | 09
#0652-d213 @A: 11 09 04 30 | 06
#0653-d213 @A: 11 06 08 30 | 10
#0654-d213 @A: 09 06 21 11 | 11
#0655-d213 @A: 18 35 10 11 | 05
#0656-d213 @A: 28 11 25 22 | 03
#0657-d213 @A: 07 23 11 19 | 04
#0658-d213 @A: 06 24 02 11 | 01
#0659-d213 @A: 12 29 10 11 | 07
#0660-d213 @A: 30 04 05 21 | 02
#0661-d213 @A: 22 23 30 08 | 08
#0662-d213 @A: 10 30 08 02 | 12
#0663-d213 @A: 15 17 30 26 | 09
#0664-d213 @A: 33 22 21 30 | 06
#0665-d213 @A: 02 07 33 30 | 10
#0666-d213 @A: 30 19 24 12 | 11
#0667-d213 @A: 30 07 10 04 | 05
#0668-d213 @A: 06 30 04 19 | 03
#0669-d213 @A: 05 08 10 28 | 04
#0670-d213 @A: 05 21 07 22 | 01
#0671-d213 @A: 05 12 24 23 | 07
#0672-d213 @A: 02 05 25 26 | 02
#0673-d213 @A: 24 10 33 05 | 08
#0674-d213 @A: 09 18 28 07 | 12
#0675-d213 @A: 28 09 32 26 | 09
#0676-d213 @A: 29 09 25 23 | 06
#0677-d213 @A: 18 08 35 21 | 10
#0678-d213 @A: 15 08 28 24 | 11
#0679-d213 @A: 35 26 08 16 | 05
#0680-d213 @A: 04 32 17 08 | 03
#0681-d213 @A: 25 26 07 18 | 04
#0682-d213 @A: 24 33 12 15 | 01
#0683-d213 @A: 15 29 10 25 | 07
#0684-d213 @A: 15 24 10 06 | 02
#0685-d213 @A: 19 26 22 23 | 08
#0686-d213 @A: 24 04 23 22 | 12
#0687-d213 @A: 23 33 21 04 | 09
#0688-d213 @A: 32 06 19 21 | 06
#0689-d213 @A: 29 16 12 28 | 10
#0690-d213 @A: 10 35 28 07 | 11
#0691-d213 @A: 32 33 23 10 | 05
#0692-d213 @A: 10 12 32 35 | 03
#0693-d213 @A: 16 33 19 32 | 04
#0694-d213 @A: 18 27 07 34 | 01
#0695-d213 @A: 28 34 25 31 | 07
#0696-d213 @A: 15 34 20 01 | 02
#0697-d213 @A: 20 34 04 14 | 08
#0698-d213 @A: 10 34 20 18 | 12
#0699-d213 @A: 30 34 13 02 | 09
#0700-d213 @A: 34 01 17 08 | 06
#0701-d213 @A: 17 09 14 34 | 10
#0702-d213 @A: 05 04 34 07 | 11
#0703-d213 @A: 02 09 34 21 | 05
#0704-d213 @A: 08 34 25 21 | 03
#0705-d213 @A: 08 07 33 34 | 04
#0706-d213 @A: 15 02 34 22 | 01
#0707-d213 @A: 28 23 34 02 | 07
#0708-d213 @A: 02 24 34 35 | 02
#0709-d213 @A: 34 10 24 26 | 08
#0710-d213 @A: 35 34 32 17 | 12
#0711-d213 @A: 30 27 24 03 | 09
#0712-d213 @A: 31 03 02 30 | 06
#0713-d213 @A: 03 29 28 20 | 10
#0714-d213 @A: 03 13 05 35 | 11
#0715-d213 @A: 01 14 03 33 | 05
#0716-d213 @A: 03 01 32 33 | 03
#0717-d213 @A: 18 04 03 11 | 04
#0718-d213 @A: 08 23 09 03 | 01
#0719-d213 @A: 21 29 03 18 | 07
#0720-d213 @A: 28 02 26 03 | 02
#0721-d213 @A: 23 06 03 19 | 08
#0722-d213 @A: 12 25 06 03 | 12
#0723-d213 @A: 17 24 03 12 | 09
#0724-d213 @A: 33 35 29 03 | 06
#0725-d213 @A: 31 27 09 29 | 10
#0726-d213 @A: 27 19 35 13 | 11
#0727-d213 @A: 27 22 14 09 | 05
#0728-d213 @A: 21 25 27 14 | 03
#0729-d213 @A: 28 27 14 29 | 04
#0730-d213 @A: 11 22 07 27 | 01
#0731-d213 @A: 30 10 27 05 | 07
#0732-d213 @A: 17 27 30 22 | 02
#0733-d213 @A: 27 33 16 30 | 08
#0734-d213 @A: 08 21 02 27 | 12
#0735-d213 @A: 08 23 27 35 | 09
#0736-d213 @A: 08 27 33 25 | 06
#0737-d213 @A: 27 29 19 18 | 10
#0738-d213 @A: 21 10 27 15 | 11
#0739-d213 @A: 21 32 28 27 | 05
#0740-d213 @A: 26 27 06 19 | 03
#0741-d213 @A: 27 24 19 07 | 04
#0742-d213 @A: 33 35 07 27 | 01
#0743-d213 @A: 20 17 22 31 | 07
#0744-d213 @A: 30 13 31 04 | 02
#0745-d213 @A: 31 13 05 29 | 08
#0746-d213 @A: 06 31 14 18 | 12
#0747-d213 @A: 31 21 14 33 | 09
#0748-d213 @A: 28 14 31 35 | 06
#0749-d213 @A: 35 05 15 31 | 10
#0750-d213 @A: 31 05 28 07 | 11
#0751-d213 @A: 10 09 31 32 | 05
#0752-d213 @A: 18 31 17 24 | 03
#0753-d213 @A: 21 31 15 25 | 04
#0754-d213 @A: 01 16 05 20 | 01
#0755-d213 @A: 01 23 20 28 | 07
#0756-d213 @A: 23 25 20 30 | 02
#0757-d213 @A: 05 08 06 20 | 08
#0758-d213 @A: 04 26 20 08 | 12
#0759-d213 @A: 20 18 26 29 | 09
#0760-d213 @A: 20 19 21 10 | 06
#0761-d213 @A: 12 23 20 16 | 10
#0762-d213 @A: 20 19 23 17 | 11
#0763-d213 @A: 02 19 20 33 | 05
#0764-d213 @A: 16 17 02 20 | 03
#0765-d213 @A: 20 12 07 24 | 04
#0766-d213 @A: 10 06 25 20 | 01
#0767-d213 @A: 04 24 19 20 | 07
#0768-d213 @A: 20 25 17 07 | 02
#0769-d213 @A: 15 18 13 29 | 08
#0770-d213 @A: 22 18 32 13 | 12
#0771-d213 @A: 17 13 12 10 | 09
#0772-d213 @A: 19 25 10 13 | 06
#0773-d213 @A: 23 15 01 11 | 10
#0774-d213 @A: 28 30 10 01 | 11
#0775-d213 @A: 32 01 19 05 | 05
#0776-d213 @A: 01 23 12 09 | 03
#0777-d213 @A: 01 04 18 22 | 04
#0778-d213 @A: 15 32 01 28 | 01
#0779-d213 @A: 01 10 19 02 | 07
#0780-d213 @A: 01 07 02 24 | 02
#0781-d213 @A: 26 12 06 01 | 08
#0782-d213 @A: 07 01 29 12 | 12
#0783-d213 @A: 01 25 19 16 | 09
#0784-d213 @A: 11 14 23 18 | 06
#0785-d213 @A: 08 30 14 18 | 10
#0786-d213 @A: 02 30 14 21 | 11
#0787-d213 @A: 30 26 10 14 | 05
#0788-d213 @A: 05 18 33 14 | 03
#0789-d213 @A: 05 28 14 02 | 04
#0790-d213 @A: 02 14 29 08 | 01
#0791-d213 @A: 06 04 14 10 | 07
#0792-d213 @A: 24 05 11 21 | 02
#0793-d213 @A: 11 28 09 19 | 08
#0794-d213 @A: 11 09 26 10 | 12
#0795-d213 @A: 11 25 08 32 | 09
#0796-d213 @A: 28 11 15 16 | 06
#0797-d213 @A: 11 23 35 26 | 10
#0798-d213 @A: 11 25 07 02 | 11
#0799-d213 @A: 06 12 33 11 | 05
#0800-d213 @A: 11 19 10 32 | 03
#0801-d213 @A: 29 35 17 11 | 04
#0802-d213 @A: 30 23 28 09 | 01
#0803-d213 @A: 18 30 07 15 | 07
#0804-d213 @A: 30 35 29 18 | 02
#0805-d213 @A: 30 16 32 07 | 08
#0806-d213 @A: 09 04 05 15 | 12
#0807-d213 @A: 23 05 18 28 | 09
#0808-d213 @A: 05 35 23 02 | 06
#0809-d213 @A: 23 05 17 25 | 10
#0810-d213 @A: 05 16 19 33 | 11
#0811-d213 @A: 28 17 09 08 | 05
#0812-d213 @A: 09 22 12 24 | 03
#0813-d213 @A: 06 22 09 19 | 04
#0814-d213 @A: 23 04 35 09 | 01
#0815-d213 @A: 09 06 02 04 | 07
#0816-d213 @A: 04 09 12 26 | 02
#0817-d213 @A: 19 33 09 07 | 08
#0818-d213 @A: 35 32 09 24 | 12
#0819-d213 @A: 29 09 04 07 | 09
#0820-d213 @A: 09 06 07 17 | 06
#0821-d213 @A: 22 08 18 12 | 10
#0822-d213 @A: 08 22 32 28 | 11
#0823-d213 @A: 21 08 16 19 | 05
#0824-d213 @A: 08 06 16 28 | 03
#0825-d213 @A: 04 08 35 02 | 04
#0826-d213 @A: 04 29 18 17 | 01
#0827-d213 @A: 23 16 15 32 | 07
#0828-d213 @A: 02 06 15 33 | 02
#0829-d213 @A: 07 17 22 12 | 08
#0830-d213 @A: 22 10 35 29 | 12
#0831-d213 @A: 28 21 02 33 | 09
#0832-d213 @A: 02 35 21 10 | 06
#0833-d213 @A: 04 21 25 12 | 10
#0834-d213 @A: 04 16 32 21 | 11
#0835-d213 @A: 28 16 26 10 | 05
#0836-d213 @A: 28 24 33 26 | 03
#0837-d213 @A: 09 34 12 27 | 04
#0838-d213 @A: 34 25 27 22 | 01
#0839-d213 @A: 33 27 34 24 | 07
#0840-d213 @A: 34 30 17 31 | 02
#0841-d213 @A: 34 31 33 05 | 08
#0842-d213 @A: 31 10 34 09 | 12
#0843-d213 @A: 34 20 23 08 | 09
#0844-d213 @A: 34 20 24 25 | 06
#0845-d213 @A: 04 34 15 13 | 10
#0846-d213 @A: 01 26 11 34 | 11
#0847-d213 @A: 34 23 05 01 | 05
#0848-d213 @A: 34 01 28 06 | 03
#0849-d213 @A: 34 26 14 05 | 04
#0850-d213 @A: 24 11 19 34 | 01
#0851-d213 @A: 26 04 34 22 | 07
#0852-d213 @A: 34 06 04 23 | 02
#0853-d213 @A: 16 29 24 34 | 08
#0854-d213 @A: 12 27 11 03 | 12
#0855-d213 @A: 28 03 27 04 | 09
#0856-d213 @A: 15 06 31 03 | 06
#0857-d213 @A: 24 29 03 31 | 10
#0858-d213 @A: 24 21 03 20 | 11
#0859-d213 @A: 20 03 32 17 | 05
#0860-d213 @A: 03 10 13 16 | 03
#0861-d213 @A: 03 11 33 21 | 04
#0862-d213 @A: 06 17 11 03 | 01
#0863-d213 @A: 03 09 30 12 | 07
#0864-d213 @A: 03 18 05 17 | 02
#0865-d213 @A: 28 21 09 03 | 08
#0866-d213 @A: 08 24 03 32 | 12
#0867-d213 @A: 10 12 03 02 | 09
#0868-d213 @A: 02 24 04 03 | 06
#0869-d213 @A: 07 03 10 33 | 10
#0870-d213 @A: 03 17 16 19 | 11
#0871-d213 @A: 31 12 10 27 | 05
#0872-d213 @A: 20 17 27 05 | 03
#0873-d213 @A: 11 27 02 01 | 04
#0874-d213 @A: 02 27 35 14 | 01
#0875-d213 @A: 29 11 27 15 | 07
#0876-d213 @A: 18 27 30 12 | 02
#0877-d213 @A: 26 08 27 28 | 08
#0878-d213 @A: 27 18 23 24 | 12
#0879-d213 @A: 29 04 22 27 | 09
#0880-d213 @A: 16 32 22 27 | 06
#0881-d213 @A: 33 23 27 10 | 10
#0882-d213 @A: 20 15 10 31 | 11
#0883-d213 @A: 33 06 20 31 | 05
#0884-d213 @A: 13 10 31 01 | 03
#0885-d213 @A: 31 28 13 33 | 04
#0886-d213 @A: 33 31 01 07 | 01
#0887-d213 @A: 31 18 22 25 | 07
#0888-d213 @A: 32 17 31 21 | 02
#0889-d213 @A: 33 31 10 02 | 08
#0890-d213 @A: 04 19 12 31 | 12
#0891-d213 @A: 31 17 25 12 | 09
#0892-d213 @A: 31 06 12 07 | 06
#0893-d213 @A: 13 20 02 21 | 10
#0894-d213 @A: 20 01 07 22 | 11
#0895-d213 @A: 17 06 20 14 | 05
#0896-d213 @A: 35 11 28 20 | 03
#0897-d213 @A: 05 30 20 33 | 04
#0898-d213 @A: 20 30 35 09 | 01
#0899-d213 @A: 30 17 20 29 | 07
#0900-d213 @A: 15 17 28 20 | 02
#0901-d213 @A: 22 24 20 28 | 08
#0902-d213 @A: 29 12 22 20 | 12
#0903-d213 @A: 32 24 21 20 | 09
#0904-d213 @A: 20 04 16 29 | 06
#0905-d213 @A: 33 13 16 01 | 10
#0906-d213 @A: 13 28 19 14 | 11
#0907-d213 @A: 13 30 05 19 | 05
#0908-d213 @A: 13 16 30 28 | 03
#0909-d213 @A: 23 30 10 13 | 04
#0910-d213 @A: 05 17 21 13 | 01
#0911-d213 @A: 12 21 13 08 | 07
#0912-d213 @A: 24 15 32 13 | 02
#0913-d213 @A: 19 07 17 13 | 08
#0914-d213 @A: 06 16 13 29 | 12
#0915-d213 @A: 21 14 01 29 | 09
#0916-d213 @A: 06 11 01 19 | 06
#0917-d213 @A: 01 04 16 11 | 10
#0918-d213 @A: 15 19 01 30 | 11
#0919-d213 @A: 17 01 18 32 | 05
#0920-d213 @A: 06 02 17 01 | 03
#0921-d213 @A: 01 10 29 16 | 04
#0922-d213 @A: 04 25 01 24 | 01
#0923-d213 @A: 16 01 24 26 | 07
#0924-d213 @A: 01 29 33 26 | 02
#0925-d213 @A: 35 15 14 11 | 08
#0926-d213 @A: 14 11 28 06 | 12
#0927-d213 @A: 25 30 14 09 | 09
#0928-d213 @A: 14 06 30 35 | 06
#0929-d213 @A: 09 05 14 10 | 10
#0930-d213 @A: 28 16 14 18 | 11
#0931-d213 @A: 26 14 22 12 | 05
#0932-d213 @A: 14 02 12 04 | 03
#0933-d213 @A: 24 14 35 26 | 04
#0934-d213 @A: 11 09 12 17 | 01
#0935-d213 @A: 11 08 26 21 | 07
#0936-d213 @A: 28 11 12 08 | 02
#0937-d213 @A: 15 21 02 11 | 08
#0938-d213 @A: 11 17 02 23 | 12
#0939-d213 @A: 16 11 12 35 | 09
#0940-d213 @A: 17 11 07 10 | 06
#0941-d213 @A: 19 26 11 04 | 10
#0942-d213 @A: 11 16 26 33 | 11
#0943-d213 @A: 11 33 07 04 | 05
#0944-d213 @A: 30 16 09 21 | 03
#0945-d213 @A: 26 23 30 04 | 04
#0946-d213 @A: 08 15 26 05 | 01
#0947-d213 @A: 08 05 23 21 | 07
#0948-d213 @A: 24 18 25 05 | 02
#0949-d213 @A: 17 05 10 02 | 08
#0950-d213 @A: 29 02 33 05 | 12
#0951-d213 @A: 12 05 26 10 | 09
#0952-d213 @A: 19 25 32 05 | 06
#0953-d213 @A: 04 33 25 05 | 10
#0954-d213 @A: 17 05 24 07 | 11
#0955-d213 @A: 16 05 06 17 | 05
#0956-d213 @A: 08 15 09 19 | 03
#0957-d213 @A: 02 19 32 09 | 04
#0958-d213 @A: 29 10 19 09 | 01
#0959-d213 @A: 09 04 10 17 | 07
#0960-d213 @A: 25 26 33 09 | 02
#0961-d213 @A: 09 24 07 25 | 08
#0962-d213 @A: 06 09 16 33 | 12
#0963-d213 @A: 08 15 07 35 | 09
#0964-d213 @A: 08 21 10 32 | 06
#0965-d213 @A: 08 19 02 17 | 10
#0966-d213 @A: 06 08 07 02 | 11
#0967-d213 @A: 17 08 12 33 | 05
#0968-d213 @A: 10 19 07 08 | 03
#0969-d213 @A: 29 08 26 10 | 04
#0970-d213 @A: 29 06 08 25 | 01
#0971-d213 @A: 18 33 15 26 | 07
#0972-d213 @A: 15 04 06 18 | 02
#0973-d213 @A: 19 18 23 02 | 08
#0974-d213 @A: 23 18 17 12 | 12
#0975-d213 @A: 04 10 28 15 | 09
#0976-d213 @A: 10 12 15 19 | 06
#0977-d213 @A: 12 15 32 33 | 10
#0978-d213 @A: 15 26 10 07 | 11
#0979-d213 @A: 32 25 35 15 | 05
#0980-d213 @A: 35 22 25 23 | 03
#0981-d213 @A: 10 21 33 16 | 04
#0982-d213 @A: 06 19 21 35 | 01
#0983-d213 @A: 33 25 21 06 | 07
#0984-d213 @A: 28 25 12 23 | 02
#0985-d213 @A: 32 29 28 02 | 08
#0986-d213 @A: 25 28 33 10 | 12
#0987-d213 @A: 19 28 29 35 | 09
#0988-d213 @A: 16 07 28 25 | 06
#0989-d213 @A: 28 29 26 04 | 10
#0990-d213 @A: 28 17 33 16 | 11
#0991-d213 @A: 04 19 23 32 | 05
#0992-d213 @A: 03 34 23 22 | 03
#0993-d213 @A: 11 34 27 06 | 04
#0994-d213 @A: 31 29 01 34 | 01
#0995-d213 @A: 08 06 31 34 | 07
#0996-d213 @A: 34 31 22 16 | 02
#0997-d213 @A: 32 20 34 08 | 08
#0998-d213 @A: 34 22 01 13 | 12
#0999-d213 @A: 14 34 08 19 | 09
#1000-d213 @A: 15 11 10 34 | 06
#1001-d213 @A: 21 34 05 10 | 10
#1002-d213 @A: 04 34 08 28 | 11
#1003-d213 @A: 18 28 34 24 | 05
#1004-d213 @A: 34 22 28 12 | 03
#1005-d213 @A: 06 22 33 34 | 04
#1006-d213 @A: 34 10 04 02 | 01
#1007-d213 @A: 34 02 17 29 | 07
#1008-d213 @A: 16 17 10 34 | 02
#1009-d213 @A: 03 13 29 27 | 08
#1010-d213 @A: 05 31 12 03 | 12
#1011-d213 @A: 31 03 25 07 | 09
#1012-d213 @A: 03 35 20 22 | 06
#1013-d213 @A: 03 28 24 01 | 10
#1014-d213 @A: 14 11 26 03 | 11
#1015-d213 @A: 16 14 30 03 | 05
#1016-d213 @A: 03 14 32 09 | 03
#1017-d213 @A: 08 03 25 11 | 04
#1018-d213 @A: 21 25 30 03 | 01
#1019-d213 @A: 21 08 03 07 | 07
#1020-d213 @A: 19 02 03 07 | 02
#1021-d213 @A: 26 06 29 03 | 08
#1022-d213 @A: 17 26 03 04 | 12
#1023-d213 @A: 31 14 27 24 | 09
#1024-d213 @A: 27 35 20 01 | 06
#1025-d213 @A: 04 20 23 27 | 10
#1026-d213 @A: 27 18 13 02 | 11
#1027-d213 @A: 27 13 23 28 | 05
#1028-d213 @A: 15 14 27 18 | 03
#1029-d213 @A: 19 11 27 21 | 04
#1030-d213 @A: 35 27 18 05 | 01
#1031-d213 @A: 27 05 24 28 | 07
#1032-d213 @A: 27 18 32 28 | 02
#1033-d213 @A: 27 06 15 28 | 08
#1034-d213 @A: 06 25 02 27 | 12
#1035-d213 @A: 26 32 10 27 | 09
#1036-d213 @A: 25 20 31 13 | 06
#1037-d213 @A: 22 02 31 01 | 10
#1038-d213 @A: 15 19 11 31 | 11
#1039-d213 @A: 06 11 26 31 | 05
#1040-d213 @A: 28 06 09 31 | 03
#1041-d213 @A: 31 02 28 15 | 04
#1042-d213 @A: 22 29 31 28 | 01
#1043-d213 @A: 31 17 23 16 | 07
#1044-d213 @A: 10 07 31 24 | 02
#1045-d213 @A: 06 19 17 31 | 08
#1046-d213 @A: 32 33 26 31 | 12
#1047-d213 @A: 05 13 10 20 | 09
#1048-d213 @A: 07 20 08 13 | 06
#1049-d213 @A: 20 11 08 29 | 10
#1050-d213 @A: 22 05 04 20 | 11
#1051-d213 @A: 21 08 20 33 | 05
#1052-d213 @A: 17 18 33 20 | 03
#1053-d213 @A: 07 20 33 26 | 04
#1054-d213 @A: 18 13 01 07 | 01
#1055-d213 @A: 18 14 13 25 | 07
#1056-d213 @A: 18 13 33 11 | 02
#1057-d213 @A: 09 26 30 13 | 08
#1058-d213 @A: 13 30 02 32 | 12
#1059-d213 @A: 09 21 13 07 | 09
#1060-d213 @A: 09 16 12 13 | 06
#1061-d213 @A: 19 09 04 13 | 10
#1062-d213 @A: 08 13 16 32 | 11
#1063-d213 @A: 13 23 15 19 | 05
#1064-d213 @A: 28 25 32 13 | 03
#1065-d213 @A: 13 24 16 25 | 04
#1066-d213 @A: 04 13 25 06 | 01
#1067-d213 @A: 06 24 17 13 | 07
#1068-d213 @A: 07 05 01 14 | 02
#1069-d213 @A: 08 11 01 35 | 08
#1070-d213 @A: 17 22 01 11 | 12
#1071-d213 @A: 24 10 01 11 | 09
#1072-d213 @A: 05 06 10 01 | 06
#1073-d213 @A: 01 26 09 22 | 10
#1074-d213 @A: 33 01 08 28 | 11
#1075-d213 @A: 15 01 12 18 | 05
#1076-d213 @A: 15 01 16 17 | 03
#1077-d213 @A: 33 01 22 19 | 04
#1078-d213 @A: 06 29 22 01 | 01
#1079-d213 @A: 07 23 04 01 | 07
#1080-d213 @A: 26 01 10 04 | 02
#1081-d213 @A: 11 05 14 25 | 08
#1082-d213 @A: 22 11 14 16 | 12
#1083-d213 @A: 17 14 08 05 | 09
#1084-d213 @A: 05 22 23 14 | 06
#1085-d213 @A: 14 21 09 19 | 10
#1086-d213 @A: 19 18 14 26 | 11
#1087-d213 @A: 14 22 15 07 | 05
#1088-d213 @A: 22 02 14 32 | 03
#1089-d213 @A: 07 10 23 14 | 04
#1090-d213 @A: 14 29 25 12 | 01
#1091-d213 @A: 33 35 10 14 | 07
#1092-d213 @A: 14 25 17 32 | 02
#1093-d213 @A: 07 16 14 04 | 08
#1094-d213 @A: 12 15 11 30 | 12
#1095-d213 @A: 30 22 35 11 | 09
#1096-d213 @A: 11 02 28 30 | 06
#1097-d213 @A: 11 16 30 17 | 10
#1098-d213 @A: 11 18 09 02 | 11
#1099-d213 @A: 11 09 32 22 | 05
#1100-d213 @A: 10 11 02 22 | 03
#1101-d213 @A: 25 23 33 11 | 04
#1102-d213 @A: 04 11 25 10 | 01
#1103-d213 @A: 11 19 16 29 | 07
#1104-d213 @A: 04 35 24 11 | 02
#1105-d213 @A: 05 22 25 30 | 08
#1106-d213 @A: 02 26 30 24 | 12
#1107-d213 @A: 25 12 16 30 | 09
#1108-d213 @A: 10 35 30 25 | 06
#1109-d213 @A: 22 05 35 09 | 10
#1110-d213 @A: 15 02 12 05 | 11
#1111-d213 @A: 29 22 16 05 | 05
#1112-d213 @A: 29 26 23 05 | 03
#1113-d213 @A: 33 28 35 09 | 04
#1114-d213 @A: 08 32 29 12 | 01
#1115-d213 @A: 25 17 16 08 | 07
#1116-d213 @A: 07 04 08 24 | 02
#1117-d213 @A: 18 33 12 29 | 08
#1118-d213 @A: 04 16 18 12 | 12
#1119-d213 @A: 29 15 07 33 | 09
#1120-d213 @A: 12 06 23 22 | 06
#1121-d213 @A: 17 19 10 22 | 10
#1122-d213 @A: 22 19 32 17 | 11
#1123-d213 @A: 25 22 04 16 | 05
#1124-d213 @A: 07 35 32 22 | 03
#1125-d213 @A: 29 23 28 21 | 04
#1126-d213 @A: 25 17 28 21 | 01
#1127-d213 @A: 24 29 28 06 | 07
#1128-d213 @A: 02 34 03 01 | 02
#1129-d213 @A: 27 31 34 02 | 08
#1130-d213 @A: 31 12 14 34 | 12
#1131-d213 @A: 12 13 33 34 | 09
#1132-d213 @A: 32 13 06 34 | 06
#1133-d213 @A: 01 10 34 07 | 10
#1134-d213 @A: 14 19 32 34 | 11
#1135-d213 @A: 34 30 11 25 | 05
#1136-d213 @A: 04 30 18 34 | 03
#1137-d213 @A: 07 25 15 34 | 04
#1138-d213 @A: 25 26 34 23 | 01
#1139-d213 @A: 02 06 19 34 | 07
#1140-d213 @A: 31 23 03 27 | 02
#1141-d213 @A: 31 03 11 10 | 08
#1142-d213 @A: 16 03 31 21 | 12
#1143-d213 @A: 13 03 25 09 | 09
#1144-d213 @A: 03 18 01 06 | 06
#1145-d213 @A: 11 02 03 05 | 10
#1146-d213 @A: 30 06 03 28 | 11
#1147-d213 @A: 26 21 05 03 | 05
#1148-d213 @A: 03 35 08 28 | 03
#1149-d213 @A: 04 03 15 32 | 04
#1150-d213 @A: 03 21 19 22 | 01
#1151-d213 @A: 03 28 16 22 | 07
#1152-d213 @A: 03 04 25 19 | 02
#1153-d213 @A: 25 03 35 26 | 08
#1154-d213 @A: 03 26 07 24 | 12
#1155-d213 @A: 03 16 29 07 | 09
#1156-d213 @A: 07 31 27 13 | 06
#1157-d213 @A: 01 06 31 27 | 10
#1158-d213 @A: 27 33 31 11 | 11
#1159-d213 @A: 08 16 31 27 | 05
#1160-d213 @A: 31 35 25 27 | 03
#1161-d213 @A: 11 27 20 25 | 04
#1162-d213 @A: 21 07 27 20 | 01
#1163-d213 @A: 04 13 21 27 | 07
#1164-d213 @A: 01 05 25 27 | 02
#1165-d213 @A: 01 27 09 10 | 08
#1166-d213 @A: 24 15 27 01 | 12
#1167-d213 @A: 17 04 27 01 | 09
#1168-d213 @A: 27 26 23 14 | 06
#1169-d213 @A: 30 04 27 02 | 10
#1170-d213 @A: 05 21 29 27 | 11
#1171-d213 @A: 02 27 09 15 | 05
#1172-d213 @A: 17 08 27 29 | 03
#1173-d213 @A: 16 15 27 25 | 04
#1174-d213 @A: 02 17 24 27 | 01
#1175-d213 @A: 25 26 27 12 | 07
#1176-d213 @A: 27 35 29 16 | 02
#1177-d213 @A: 31 23 05 20 | 08
#1178-d213 @A: 29 21 20 31 | 12
#1179-d213 @A: 20 26 31 28 | 09
#1180-d213 @A: 31 24 08 01 | 06
#1181-d213 @A: 28 01 16 31 | 10
#1182-d213 @A: 07 08 30 31 | 11
#1183-d213 @A: 21 05 31 02 | 05
#1184-d213 @A: 08 09 12 31 | 03
#1185-d213 @A: 31 23 08 32 | 04
#1186-d213 @A: 08 25 31 02 | 01
#1187-d213 @A: 31 35 29 08 | 07
#1188-d213 @A: 18 02 31 07 | 02
#1189-d213 @A: 26 22 07 31 | 08
#1190-d213 @A: 12 26 31 35 | 12
#1191-d213 @A: 19 33 31 29 | 09
#1192-d213 @A: 24 35 31 33 | 06
#1193-d213 @A: 06 24 04 31 | 10
#1194-d213 @A: 04 07 31 35 | 11
#1195-d213 @A: 18 20 30 32 | 05
#1196-d213 @A: 10 22 30 20 | 03
#1197-d213 @A: 25 33 20 15 | 04
#1198-d213 @A: 28 20 19 16 | 01
#1199-d213 @A: 16 07 10 20 | 07
#1200-d213 @A: 29 20 06 35 | 02
#1201-d213 @A: 33 29 32 20 | 08
#1202-d213 @A: 06 04 20 07 | 12
#1203-d213 @A: 17 04 35 20 | 09
#1204-d213 @A: 26 14 08 13 | 06
#1205-d213 @A: 18 13 05 12 | 10
#1206-d213 @A: 24 13 28 09 | 11
#1207-d213 @A: 13 21 33 15 | 05
#1208-d213 @A: 28 13 22 21 | 03
#1209-d213 @A: 12 02 13 06 | 04
#1210-d213 @A: 26 19 16 13 | 01
#1211-d213 @A: 13 26 35 32 | 07
#1212-d213 @A: 30 01 22 12 | 02
#1213-d213 @A: 18 09 01 29 | 08
#1214-d213 @A: 21 01 18 24 | 12
#1215-d213 @A: 15 10 22 01 | 09
#1216-d213 @A: 25 02 01 35 | 06
#1217-d213 @A: 02 14 19 11 | 10
#1218-d213 @A: 12 09 14 18 | 11
#1219-d213 @A: 18 14 32 06 | 05
#1220-d213 @A: 23 24 14 02 | 03
#1221-d213 @A: 17 04 23 14 | 04
#1222-d213 @A: 14 16 10 12 | 01
#1223-d213 @A: 19 14 12 07 | 07
#1224-d213 @A: 17 14 35 07 | 02
#1225-d213 @A: 05 33 11 09 | 08
#1226-d213 @A: 33 11 32 05 | 12
#1227-d213 @A: 09 15 11 07 | 09
#1228-d213 @A: 11 08 33 15 | 06
#1229-d213 @A: 18 11 25 15 | 10
#1230-d213 @A: 21 29 11 25 | 11
#1231-d213 @A: 23 04 12 11 | 05
#1232-d213 @A: 12 26 11 07 | 03
#1233-d213 @A: 26 17 25 11 | 04
#1234-d213 @A: 06 11 25 16 | 01
#1235-d213 @A: 19 30 09 18 | 07
#1236-d213 @A: 08 30 16 15 | 02
#1237-d213 @A: 15 30 25 02 | 08
#1238-d213 @A: 16 22 26 30 | 12
#1239-d213 @A: 07 30 24 28 | 09
#1240-d213 @A: 12 30 06 10 | 06
#1241-d213 @A: 08 12 25 05 | 10
#1242-d213 @A: 21 15 05 16 | 11
#1243-d213 @A: 05 07 16 26 | 05
#1244-d213 @A: 08 09 25 22 | 03
#1245-d213 @A: 10 28 09 22 | 04
#1246-d213 @A: 17 23 09 33 | 01
#1247-d213 @A: 35 25 09 06 | 07
#1248-d213 @A: 16 09 17 32 | 02
#1249-d213 @A: 29 08 18 28 | 08
#1250-d213 @A: 12 08 15 23 | 12
#1251-d213 @A: 08 02 16 23 | 09
#1252-d213 @A: 19 08 26 25 | 06
#1253-d213 @A: 18 15 32 26 | 10
#1254-d213 @A: 21 22 18 02 | 11
#1255-d213 @A: 25 02 18 32 | 05
#1256-d213 @A: 10 18 17 26 | 03
#1257-d213 @A: 07 18 33 16 | 04
#1258-d213 @A: 19 06 07 15 | 01
#1259-d213 @A: 04 19 15 16 | 07
#1260-d213 @A: 06 26 15 35 | 02
#1261-d213 @A: 29 24 15 35 | 08
#1262-d213 @A: 02 29 22 23 | 12
#1263-d213 @A: 26 12 22 32 | 09
#1264-d213 @A: 07 22 25 19 | 06
#1265-d213 @A: 17 16 22 24 | 10
#1266-d213 @A: 02 32 23 21 | 11
#1267-d213 @A: 19 12 21 23 | 05
#1268-d213 @A: 12 29 21 35 | 03
#1269-d213 @A: 06 21 17 10 | 04
#1270-d213 @A: 06 28 35 23 | 01
#1271-d213 @A: 16 28 04 23 | 07
#1272-d213 @A: 28 25 04 35 | 02
#1273-d213 @A: 32 04 02 33 | 08
#1274-d213 @A: 10 32 16 35 | 12
#1275-d213 @A: 34 27 10 13 | 09
#1276-d213 @A: 34 15 23 27 | 06
#1277-d213 @A: 19 34 20 22 | 10
#1278-d213 @A: 12 21 20 34 | 11
#1279-d213 @A: 34 24 08 13 | 05
#1280-d213 @A: 09 33 01 34 | 03
#1281-d213 @A: 02 11 08 34 | 04
#1282-d213 @A: 11 32 24 34 | 01
#1283-d213 @A: 08 30 12 34 | 07
#1284-d213 @A: 26 09 34 19 | 02
#1285-d213 @A: 18 26 08 34 | 08
#1286-d213 @A: 18 35 34 22 | 12
#1287-d213 @A: 16 34 23 19 | 09
#1288-d213 @A: 33 02 26 34 | 06
#1289-d213 @A: 17 34 04 24 | 10
#1290-d213 @A: 26 03 15 27 | 11
#1291-d213 @A: 20 25 03 01 | 05
#1292-d213 @A: 15 03 07 20 | 03
#1293-d213 @A: 03 05 01 22 | 04
#1294-d213 @A: 26 11 32 03 | 01
#1295-d213 @A: 11 35 07 03 | 07
#1296-d213 @A: 05 03 23 15 | 02
#1297-d213 @A: 03 35 09 15 | 08
#1298-d213 @A: 09 03 16 04 | 12
#1299-d213 @A: 03 02 29 25 | 09
#1300-d213 @A: 03 19 12 33 | 06
#1301-d213 @A: 33 24 16 03 | 10
#1302-d213 @A: 27 12 15 20 | 11
#1303-d213 @A: 04 14 11 27 | 05
#1304-d213 @A: 28 17 27 11 | 03
#1305-d213 @A: 28 27 35 30 | 04
#1306-d213 @A: 12 05 22 27 | 01
#1307-d213 @A: 05 19 02 27 | 07
#1308-d213 @A: 27 24 22 08 | 02
#1309-d213 @A: 21 16 22 27 | 08
#1310-d213 @A: 27 25 19 23 | 12
#1311-d213 @A: 27 06 17 23 | 09
#1312-d213 @A: 04 27 24 12 | 06
#1313-d213 @A: 17 25 27 10 | 10
#1314-d213 @A: 26 33 04 27 | 11
#1315-d213 @A: 35 06 27 24 | 05
#1316-d213 @A: 26 13 18 31 | 03
#1317-d213 @A: 18 31 19 01 | 04
#1318-d213 @A: 26 29 14 31 | 01
#1319-d213 @A: 17 09 31 15 | 07
#1320-d213 @A: 31 22 08 04 | 02
#1321-d213 @A: 26 33 31 08 | 08
#1322-d213 @A: 32 07 31 18 | 12
#1323-d213 @A: 28 31 10 19 | 09
#1324-d213 @A: 10 29 23 31 | 06
#1325-d213 @A: 12 31 24 16 | 10
#1326-d213 @A: 10 06 16 31 | 11
#1327-d213 @A: 20 17 01 13 | 05
#1328-d213 @A: 20 09 13 15 | 03
#1329-d213 @A: 29 20 01 24 | 04
#1330-d213 @A: 20 05 11 26 | 01
#1331-d213 @A: 33 20 22 11 | 07
#1332-d213 @A: 20 25 35 18 | 02
#1333-d213 @A: 32 20 28 19 | 08
#1334-d213 @A: 20 24 17 10 | 12
#1335-d213 @A: 02 11 04 13 | 09
#1336-d213 @A: 30 13 29 22 | 06
#1337-d213 @A: 13 10 32 05 | 10
#1338-d213 @A: 35 10 08 13 | 11
#1339-d213 @A: 13 15 02 16 | 05
#1340-d213 @A: 25 17 22 13 | 03
#1341-d213 @A: 25 13 28 29 | 04
#1342-d213 @A: 29 24 13 12 | 01
#1343-d213 @A: 30 05 01 24 | 07
#1344-d213 @A: 28 09 01 02 | 02
#1345-d213 @A: 17 01 24 09 | 08
#1346-d213 @A: 22 08 16 01 | 12
#1347-d213 @A: 08 21 01 04 | 09
#1348-d213 @A: 17 28 18 01 | 06
#1349-d213 @A: 07 15 21 01 | 10
#1350-d213 @A: 01 25 22 21 | 11
#1351-d213 @A: 19 01 12 17 | 05
#1352-d213 @A: 01 24 06 33 | 03
#1353-d213 @A: 29 14 11 30 | 04
#1354-d213 @A: 22 30 19 14 | 01
#1355-d213 @A: 32 33 30 14 | 07
#1356-d213 @A: 14 23 09 06 | 02
#1357-d213 @A: 12 17 14 15 | 08
#1358-d213 @A: 19 14 25 15 | 12
#1359-d213 @A: 02 22 14 06 | 09
#1360-d213 @A: 14 23 12 35 | 06
#1361-d213 @A: 06 11 07 05 | 10
#1362-d213 @A: 16 08 09 11 | 11
#1363-d213 @A: 21 22 23 11 | 05
#1364-d213 @A: 11 33 02 35 | 03
#1365-d213 @A: 05 35 30 08 | 04
#1366-d213 @A: 30 21 26 18 | 01
#1367-d213 @A: 28 18 25 30 | 07
#1368-d213 @A: 24 32 30 22 | 02
#1369-d213 @A: 19 30 23 29 | 08
#1370-d213 @A: 26 32 30 23 | 12
#1371-d213 @A: 32 30 17 33 | 09
#1372-d213 @A: 16 05 09 28 | 06
#1373-d213 @A: 32 04 09 05 | 10
#1374-d213 @A: 05 07 12 33 | 11
#1375-d213 @A: 35 06 12 05 | 05
#1376-d213 @A: 18 09 25 21 | 03
#1377-d213 @A: 32 21 12 09 | 04
#1378-d213 @A: 19 23 24 09 | 01
#1379-d213 @A: 17 02 09 25 | 07
#1380-d213 @A: 09 35 12 07 | 02
#1381-d213 @A: 09 16 25 10 | 08
#1382-d213 @A: 17 09 16 29 | 12
#1383-d213 @A: 23 19 08 04 | 09
#1384-d213 @A: 35 24 08 25 | 06
#1385-d213 @A: 15 35 18 02 | 10
#1386-d213 @A: 18 04 33 02 | 11
#1387-d213 @A: 24 26 12 18 | 05
#1388-d213 @A: 10 24 18 04 | 03
#1389-d213 @A: 16 18 24 19 | 04
#1390-d213 @A: 12 21 22 15 | 01
#1391-d213 @A: 16 15 10 35 | 07
#1392-d213 @A: 23 33 22 07 | 02
#1393-d213 @A: 22 26 10 06 | 08
#1394-d213 @A: 04 06 28 21 | 12
#1395-d213 @A: 07 06 23 21 | 09
#1396-d213 @A: 25 02 21 19 | 06
#1397-d213 @A: 02 07 16 21 | 10
#1398-d213 @A: 33 07 21 17 | 11
#1399-d213 @A: 35 21 33 32 | 05
#1400-d213 @A: 04 16 35 21 | 03
#1401-d213 @A: 28 12 17 02 | 04
#1402-d213 @A: 28 25 06 19 | 01
#1403-d213 @A: 04 17 28 07 | 07
#1404-d213 @A: 32 29 06 07 | 02
#1405-d213 @A: 05 34 03 09 | 08
#1406-d213 @A: 33 34 15 03 | 12
#1407-d213 @A: 10 03 25 34 | 09
#1408-d213 @A: 27 34 30 19 | 06
#1409-d213 @A: 27 28 16 34 | 10
#1410-d213 @A: 34 18 23 31 | 11
#1411-d213 @A: 17 34 13 28 | 05
#1412-d213 @A: 01 34 04 19 | 03
#1413-d213 @A: 21 14 35 34 | 04
#1414-d213 @A: 18 12 34 11 | 01
#1415-d213 @A: 30 33 10 34 | 07
#1416-d213 @A: 19 34 05 28 | 02
#1417-d213 @A: 25 34 04 09 | 08
#1418-d213 @A: 34 33 23 35 | 12
#1419-d213 @A: 02 25 16 34 | 09
#1420-d213 @A: 29 34 33 25 | 06
#1421-d213 @A: 25 17 35 34 | 10
#1422-d213 @A: 05 27 03 06 | 11
#1423-d213 @A: 03 31 17 28 | 05
#1424-d213 @A: 20 23 03 14 | 03
#1425-d213 @A: 12 01 03 08 | 04
#1426-d213 @A: 28 03 14 25 | 01
#1427-d213 @A: 10 03 15 08 | 07
#1428-d213 @A: 15 12 29 03 | 02
#1429-d213 @A: 06 07 03 22 | 08
#1430-d213 @A: 23 12 03 07 | 12
#1431-d213 @A: 35 17 02 03 | 09
#1432-d213 @A: 25 30 27 13 | 06
#1433-d213 @A: 27 23 22 01 | 10
#1434-d213 @A: 14 30 27 07 | 11
#1435-d213 @A: 27 17 33 14 | 05
#1436-d213 @A: 11 16 18 27 | 03
#1437-d213 @A: 30 27 21 23 | 04
#1438-d213 @A: 28 27 25 09 | 01
#1439-d213 @A: 27 15 08 04 | 07
#1440-d213 @A: 28 33 27 18 | 02
#1441-d213 @A: 27 07 25 04 | 08
#1442-d213 @A: 08 31 20 19 | 12
#1443-d213 @A: 11 31 17 13 | 09
#1444-d213 @A: 21 13 31 24 | 06
#1445-d213 @A: 01 21 23 31 | 10
#1446-d213 @A: 07 31 14 09 | 11
#1447-d213 @A: 14 02 31 17 | 05
#1448-d213 @A: 11 05 08 31 | 03
#1449-d213 @A: 24 28 11 31 | 04
#1450-d213 @A: 30 31 10 18 | 01
#1451-d213 @A: 16 31 35 30 | 07
#1452-d213 @A: 18 31 08 15 | 02
#1453-d213 @A: 28 31 04 18 | 08
#1454-d213 @A: 12 02 29 31 | 12
#1455-d213 @A: 19 16 31 07 | 09
#1456-d213 @A: 26 16 31 04 | 06
#1457-d213 @A: 29 07 31 17 | 10
#1458-d213 @A: 33 04 17 31 | 11
#1459-d213 @A: 23 20 13 22 | 05
#1460-d213 @A: 26 01 32 20 | 03
#1461-d213 @A: 01 33 20 04 | 04
#1462-d213 @A: 09 14 02 20 | 01
#1463-d213 @A: 14 07 20 28 | 07
#1464-d213 @A: 18 30 20 06 | 02
#1465-d213 @A: 20 08 24 09 | 08
#1466-d213 @A: 22 18 20 09 | 12
#1467-d213 @A: 20 07 29 23 | 09
#1468-d213 @A: 12 06 20 19 | 06
#1469-d213 @A: 10 29 20 33 | 10
#1470-d213 @A: 16 35 33 20 | 11
#1471-d213 @A: 06 01 13 30 | 05
#1472-d213 @A: 13 35 01 15 | 03
#1473-d213 @A: 19 13 21 01 | 04
#1474-d213 @A: 22 13 04 14 | 01
#1475-d213 @A: 23 21 13 14 | 07
#1476-d213 @A: 13 09 11 29 | 02
#1477-d213 @A: 08 18 19 13 | 08
#1478-d213 @A: 06 13 22 08 | 12
#1479-d213 @A: 23 29 13 33 | 09
#1480-d213 @A: 24 13 10 02 | 06
#1481-d213 @A: 32 12 17 13 | 10
#1482-d213 @A: 14 01 28 12 | 11
#1483-d213 @A: 19 23 14 01 | 05
#1484-d213 @A: 01 10 17 14 | 03
#1485-d213 @A: 29 01 11 05 | 04
#1486-d213 @A: 01 30 16 18 | 01
#1487-d213 @A: 35 01 05 26 | 07
#1488-d213 @A: 06 09 01 08 | 02
#1489-d213 @A: 25 15 09 01 | 08
#1490-d213 @A: 21 09 35 01 | 12
#1491-d213 @A: 01 18 23 08 | 09
#1492-d213 @A: 33 18 01 10 | 06
#1493-d213 @A: 25 01 28 26 | 10
#1494-d213 @A: 02 01 29 04 | 11
#1495-d213 @A: 26 19 07 01 | 05
#1496-d213 @A: 14 15 30 24 | 03
#1497-d213 @A: 14 08 28 21 | 04
#1498-d213 @A: 24 16 14 08 | 01
#1499-d213 @A: 14 26 07 02 | 07
#1500-d213 @A: 10 14 24 19 | 02
#1501-d213 @A: 30 11 35 32 | 08
#1502-d213 @A: 11 28 05 04 | 12
#1503-d213 @A: 19 05 12 11 | 09
#1504-d213 @A: 21 11 32 18 | 06
#1505-d213 @A: 11 18 19 17 | 10
#1506-d213 @A: 33 29 28 11 | 11
#1507-d213 @A: 33 10 19 11 | 05
#1508-d213 @A: 30 06 02 05 | 03
#1509-d213 @A: 15 32 30 09 | 04
#1510-d213 @A: 04 30 25 08 | 01
#1511-d213 @A: 29 15 30 21 | 07
#1512-d213 @A: 19 17 30 25 | 02
#1513-d213 @A: 25 30 24 33 | 08
#1514-d213 @A: 29 04 33 30 | 12
#1515-d213 @A: 04 05 18 08 | 09
#1516-d213 @A: 21 18 19 05 | 06
#1517-d213 @A: 19 22 05 15 | 10
#1518-d213 @A: 05 19 10 23 | 11
#1519-d213 @A: 05 02 07 32 | 05
#1520-d213 @A: 17 05 29 12 | 03
#1521-d213 @A: 05 25 07 10 | 04
#1522-d213 @A: 05 06 29 19 | 01
#1523-d213 @A: 07 19 35 05 | 07
#1524-d213 @A: 05 17 33 26 | 02
#1525-d213 @A: 08 32 09 07 | 08
#1526-d213 @A: 09 16 24 02 | 12
#1527-d213 @A: 12 06 09 29 | 09
#1528-d213 @A: 26 09 24 29 | 06
#1529-d213 @A: 08 15 32 02 | 10
#1530-d213 @A: 17 08 23 10 | 11
#1531-d213 @A: 12 29 08 19 | 05
#1532-d213 @A: 17 24 08 26 | 03
#1533-d213 @A: 16 29 08 33 | 04
#1534-d213 @A: 26 18 02 06 | 01
#1535-d213 @A: 06 24 07 18 | 07
#1536-d213 @A: 04 18 32 29 | 02
#1537-d213 @A: 02 17 15 32 | 08
#1538-d213 @A: 35 15 25 12 | 12
#1539-d213 @A: 25 26 15 24 | 09
#1540-d213 @A: 04 15 25 17 | 06
#1541-d213 @A: 17 29 06 15 | 10
#1542-d213 @A: 22 23 17 28 | 11
#1543-d213 @A: 22 02 16 19 | 05
#1544-d213 @A: 10 04 33 22 | 03
#1545-d213 @A: 10 32 04 22 | 04
#1546-d213 @A: 22 24 29 19 | 01
#1547-d213 @A: 35 33 22 26 | 07
#1548-d213 @A: 22 32 26 06 | 02
#1549-d213 @A: 22 06 17 04 | 08
#1550-d213 @A: 26 29 16 21 | 12
#1551-d213 @A: 26 32 21 29 | 09
#1552-d213 @A: 28 23 19 33 | 06
#1553-d213 @A: 28 26 07 23 | 10
#1554-d213 @A: 26 32 07 17 | 11
#1555-d213 @A: 34 21 04 03 | 05
#1556-d213 @A: 32 02 03 34 | 03
#1557-d213 @A: 15 31 24 34 | 04
#1558-d213 @A: 20 30 16 34 | 01
#1559-d213 @A: 20 34 05 02 | 07
#1560-d213 @A: 07 20 09 34 | 02
#1561-d213 @A: 01 34 16 21 | 08
#1562-d213 @A: 34 11 16 07 | 12
#1563-d213 @A: 34 29 18 05 | 09
#1564-d213 @A: 32 34 05 28 | 06
#1565-d213 @A: 16 18 09 34 | 10
#1566-d213 @A: 34 28 29 09 | 11
#1567-d213 @A: 18 34 32 23 | 05
#1568-d213 @A: 22 21 24 34 | 03
#1569-d213 @A: 22 32 34 33 | 04
#1570-d213 @A: 04 12 34 29 | 01
#1571-d213 @A: 32 12 34 16 | 07
#1572-d213 @A: 10 06 34 29 | 02
#1573-d213 @A: 35 34 26 29 | 08
#1574-d213 @A: 06 16 34 26 | 12
#1575-d213 @A: 31 08 03 13 | 09
#1576-d213 @A: 03 02 13 22 | 06
#1577-d213 @A: 28 13 12 03 | 10
#1578-d213 @A: 19 13 24 03 | 11
#1579-d213 @A: 03 04 15 01 | 05
#1580-d213 @A: 01 17 07 03 | 03
#1581-d213 @A: 03 15 11 24 | 04
#1582-d213 @A: 18 03 26 09 | 01
#1583-d213 @A: 09 24 03 06 | 07
#1584-d213 @A: 03 32 10 18 | 02
#1585-d213 @A: 23 33 03 26 | 08
#1586-d213 @A: 03 26 10 19 | 12
#1587-d213 @A: 35 19 32 03 | 09
#1588-d213 @A: 14 13 27 32 | 06
#1589-d213 @A: 33 27 21 01 | 10
#1590-d213 @A: 26 27 09 05 | 11
#1591-d213 @A: 27 10 22 18 | 05
#1592-d213 @A: 02 12 27 33 | 03
#1593-d213 @A: 27 29 10 02 | 04
#1594-d213 @A: 19 10 27 04 | 01
#1595-d213 @A: 27 10 35 26 | 07
#1596-d213 @A: 26 29 07 27 | 02
#1597-d213 @A: 01 12 20 31 | 08
#1598-d213 @A: 20 32 31 15 | 12
#1599-d213 @A: 05 14 32 31 | 09
#1600-d213 @A: 04 31 14 15 | 06
#1601-d213 @A: 21 31 11 35 | 10
#1602-d213 @A: 09 30 33 31 | 11
#1603-d213 @A: 29 06 30 31 | 05
#1604-d213 @A: 15 16 31 29 | 03
#1605-d213 @A: 19 31 23 35 | 04
#1606-d213 @A: 19 25 24 31 | 01
#1607-d213 @A: 28 20 13 06 | 07
#1608-d213 @A: 20 14 16 21 | 02
#1609-d213 @A: 20 11 04 21 | 08
#1610-d213 @A: 30 15 20 04 | 12
#1611-d213 @A: 20 21 30 28 | 09
#1612-d213 @A: 07 18 20 05 | 06
#1613-d213 @A: 28 20 05 12 | 10
#1614-d213 @A: 32 20 35 05 | 11
#1615-d213 @A: 09 04 20 28 | 05
#1616-d213 @A: 20 02 06 23 | 03
#1617-d213 @A: 20 24 23 33 | 04
#1618-d213 @A: 02 24 20 32 | 01
#1619-d213 @A: 07 20 35 02 | 07
#1620-d213 @A: 16 07 20 32 | 02
#1621-d213 @A: 01 11 25 13 | 08
#1622-d213 @A: 09 05 13 01 | 12
#1623-d213 @A: 11 13 15 26 | 09
#1624-d213 @A: 11 13 10 28 | 06
#1625-d213 @A: 17 30 08 13 | 10
#1626-d213 @A: 05 26 13 28 | 11
#1627-d213 @A: 13 25 15 08 | 05
#1628-d213 @A: 21 10 18 13 | 03
#1629-d213 @A: 13 22 15 24 | 04
#1630-d213 @A: 13 35 25 33 | 01
#1631-d213 @A: 07 26 06 13 | 07
#1632-d213 @A: 33 13 07 32 | 02
#1633-d213 @A: 08 25 01 14 | 08
#1634-d213 @A: 30 01 17 21 | 12
#1635-d213 @A: 10 23 25 01 | 09
#1636-d213 @A: 01 02 16 12 | 06
#1637-d213 @A: 01 17 29 25 | 10
#1638-d213 @A: 04 32 24 01 | 11
#1639-d213 @A: 32 06 01 16 | 05
#1640-d213 @A: 11 09 24 14 | 03
#1641-d213 @A: 21 11 14 17 | 04
#1642-d213 @A: 14 22 35 08 | 01
#1643-d213 @A: 28 14 06 32 | 07
#1644-d213 @A: 07 32 14 12 | 02
#1645-d213 @A: 29 19 14 17 | 08
#1646-d213 @A: 14 29 04 35 | 12
#1647-d213 @A: 16 10 05 11 | 09
#1648-d213 @A: 08 11 24 18 | 06
#1649-d213 @A: 22 11 19 08 | 10
#1650-d213 @A: 06 22 11 18 | 11
#1651-d213 @A: 22 04 15 11 | 05
#1652-d213 @A: 35 25 11 19 | 03
#1653-d213 @A: 10 15 30 09 | 04
#1654-d213 @A: 30 19 28 08 | 01
#1655-d213 @A: 16 30 29 02 | 07
#1656-d213 @A: 30 04 16 24 | 02
#1657-d213 @A: 07 16 06 30 | 08
#1658-d213 @A: 18 05 06 09 | 12
#1659-d213 @A: 12 09 05 21 | 09
#1660-d213 @A: 05 28 17 35 | 06
#1661-d213 @A: 10 05 04 35 | 10
#1662-d213 @A: 24 04 05 29 | 11
#1663-d213 @A: 28 09 15 12 | 05
#1664-d213 @A: 17 15 22 08 | 03
#1665-d213 @A: 07 08 22 28 | 04
#1666-d213 @A: 26 02 12 08 | 01
#1667-d213 @A: 16 08 07 12 | 07
#1668-d213 @A: 16 08 10 04 | 02
#1669-d213 @A: 08 06 32 33 | 08
#1670-d213 @A: 22 15 18 23 | 12
#1671-d213 @A: 18 23 16 26 | 09
#1672-d213 @A: 18 35 07 23 | 06
#1673-d213 @A: 19 18 12 35 | 10
#1674-d213 @A: 32 16 25 18 | 11
#1675-d213 @A: 15 24 21 04 | 05
#1676-d213 @A: 25 23 06 15 | 03
#1677-d213 @A: 07 04 12 15 | 04
#1678-d213 @A: 15 12 06 16 | 01
#1679-d213 @A: 02 22 04 07 | 07
#1680-d213 @A: 04 22 35 19 | 02
#1681-d213 @A: 17 29 22 33 | 08
#1682-d213 @A: 21 10 26 23 | 12
#1683-d213 @A: 21 17 16 12 | 09
#1684-d213 @A: 10 07 29 21 | 06
#1685-d213 @A: 17 21 26 19 | 10
#1686-d213 @A: 19 28 26 12 | 11
#1687-d213 @A: 26 17 06 28 | 05
#1688-d213 @A: 32 24 23 12 | 03
#1689-d213 @A: 12 04 32 06 | 04
