#0001-d232 @A: 21 11 24 10 | 11
#0002-d232 @A: 24 28 15 01 | 09
#0003-d232 @A: 24 15 26 29 | 07
#0004-d232 @A: 18 27 21 24 | 01
#0005-d232 @A: 23 24 15 02 | 10
#0006-d232 @A: 27 15 03 24 | 08
#0007-d232 @A: 33 11 02 24 | 06
#0008-d232 @A: 28 24 04 03 | 12
#0009-d232 @A: 17 29 24 34 | 05
#0010-d232 @A: 32 11 24 13 | 03
#0011-d232 @A: 32 27 24 29 | 04
#0012-d232 @A: 14 25 32 24 | 02
#0013-d232 @A: 10 21 35 13 | 11
#0014-d232 @A: 06 10 35 04 | 09
#0015-d232 @A: 19 12 10 04 | 07
#0016-d232 @A: 15 19 10 05 | 01
#0017-d232 @A: 19 11 02 10 | 10
#0018-d232 @A: 14 22 01 10 | 08
#0019-d232 @A: 27 08 10 21 | 06
#0020-d232 @A: 10 14 04 20 | 12
#0021-d232 @A: 31 13 07 10 | 05
#0022-d232 @A: 03 23 10 32 | 03
#0023-d232 @A: 18 17 10 30 | 04
#0024-d232 @A: 10 28 25 32 | 02
#0025-d232 @A: 35 25 12 08 | 11
#0026-d232 @A: 28 21 35 01 | 09
#0027-d232 @A: 07 01 30 35 | 07
#0028-d232 @A: 32 33 35 01 | 01
#0029-d232 @A: 35 26 13 08 | 10
#0030-d232 @A: 23 21 35 30 | 08
#0031-d232 @A: 09 35 22 03 | 06
#0032-d232 @A: 35 09 07 25 | 12
#0033-d232 @A: 20 35 15 05 | 05
#0034-d232 @A: 20 30 33 35 | 03
#0035-d232 @A: 03 35 14 31 | 04
#0036-d232 @A: 35 15 18 25 | 02
#0037-d232 @A: 30 35 05 14 | 11
#0038-d232 @A: 13 30 35 29 | 09
#0039-d232 @A: 23 35 25 28 | 07
#0040-d232 @A: 16 30 17 35 | 01
#0041-d232 @A: 09 16 19 12 | 10
#0042-d232 @A: 19 03 12 22 | 08
#0043-d232 @A: 27 12 07 19 | 06
#0044-d232 @A: 33 12 30 19 | 12
#0045-d232 @A: 34 08 12 01 | 05
#0046-d232 @A: 28 12 21 15 | 03
#0047-d232 @A: 12 07 04 21 | 04
#0048-d232 @A: 20 14 17 12 | 02
#0049-d232 @A: 22 06 16 12 | 11
#0050-d232 @A: 12 31 30 02 | 09
#0051-d232 @A: 12 29 31 34 | 07
#0052-d232 @A: 12 23 31 32 | 01
#0053-d232 @A: 29 30 05 12 | 10
#0054-d232 @A: 14 11 23 12 | 08
#0055-d232 @A: 04 30 12 23 | 06
#0056-d232 @A: 01 19 22 13 | 12
#0057-d232 @A: 04 01 19 15 | 05
#0058-d232 @A: 19 01 03 33 | 03
#0059-d232 @A: 11 25 26 19 | 04
#0060-d232 @A: 08 25 22 19 | 02
#0061-d232 @A: 19 34 33 31 | 11
#0062-d232 @A: 11 06 19 33 | 09
#0063-d232 @A: 16 17 19 13 | 07
#0064-d232 @A: 17 14 23 19 | 01
#0065-d232 @A: 20 18 01 22 | 10
#0066-d232 @A: 01 34 27 20 | 08
#0067-d232 @A: 11 01 08 06 | 06
#0068-d232 @A: 31 02 01 05 | 12
#0069-d232 @A: 06 01 31 34 | 05
#0070-d232 @A: 01 32 34 14 | 03
#0071-d232 @A: 01 17 25 28 | 04
#0072-d232 @A: 27 16 23 01 | 02
#0073-d232 @A: 26 03 21 18 | 11
#0074-d232 @A: 06 26 02 22 | 09
#0075-d232 @A: 22 27 18 26 | 07
#0076-d232 @A: 29 26 07 08 | 01
#0077-d232 @A: 31 07 34 26 | 10
#0078-d232 @A: 30 17 07 26 | 08
#0079-d232 @A: 23 31 03 21 | 06
#0080-d232 @A: 21 07 32 02 | 12
#0081-d232 @A: 13 34 29 21 | 05
#0082-d232 @A: 21 23 14 13 | 03
#0083-d232 @A: 09 02 16 15 | 04
#0084-d232 @A: 14 15 09 13 | 02
#0085-d232 @A: 34 07 09 02 | 11
#0086-d232 @A: 14 29 18 09 | 09
#0087-d232 @A: 09 23 30 11 | 07
#0088-d232 @A: 30 20 08 22 | 01
#0089-d232 @A: 03 31 20 33 | 10
#0090-d232 @A: 20 03 07 14 | 08
#0091-d232 @A: 20 05 03 34 | 06
#0092-d232 @A: 03 20 16 30 | 12
#0093-d232 @A: 13 05 20 28 | 05
#0094-d232 @A: 11 14 30 20 | 03
#0095-d232 @A: 15 08 22 28 | 04
#0096-d232 @A: 16 08 22 03 | 02
#0097-d232 @A: 02 22 33 16 | 11
#0098-d232 @A: 29 22 25 14 | 09
#0099-d232 @A: 17 14 22 11 | 07
#0100-d232 @A: 30 27 28 22 | 01
#0101-d232 @A: 18 08 07 31 | 10
#0102-d232 @A: 16 15 06 08 | 08
#0103-d232 @A: 11 08 03 18 | 06
#0104-d232 @A: 14 02 15 31 | 12
#0105-d232 @A: 25 31 06 15 | 05
#0106-d232 @A: 07 31 34 27 | 03
#0107-d232 @A: 28 03 31 32 | 04
#0108-d232 @A: 18 16 31 13 | 02
#0109-d232 @A: 33 03 07 15 | 11
#0110-d232 @A: 15 02 33 34 | 09
#0111-d232 @A: 07 05 23 27 | 07
#0112-d232 @A: 13 16 07 32 | 01
#0113-d232 @A: 07 18 27 16 | 10
#0114-d232 @A: 04 07 23 14 | 08
#0115-d232 @A: 23 03 16 33 | 06
#0116-d232 @A: 27 32 05 33 | 12
#0117-d232 @A: 33 27 04 13 | 05
#0118-d232 @A: 25 18 11 33 | 03
#0119-d232 @A: 33 28 29 11 | 04
#0120-d232 @A: 33 04 29 17 | 02
#0121-d232 @A: 03 14 11 02 | 11
#0122-d232 @A: 04 02 18 25 | 09
#0123-d232 @A: 30 11 25 02 | 07
#0124-d232 @A: 14 06 28 03 | 01
#0125-d232 @A: 06 34 27 25 | 10
#0126-d232 @A: 06 23 04 05 | 08
#0127-d232 @A: 29 13 23 06 | 06
#0128-d232 @A: 13 06 32 17 | 12
#0129-d232 @A: 06 17 30 23 | 05
#0130-d232 @A: 22 08 10 24 | 03
#0131-d232 @A: 10 24 06 16 | 04
#0132-d232 @A: 19 35 24 25 | 02
#0133-d232 @A: 26 35 24 21 | 11
#0134-d232 @A: 17 24 06 35 | 09
#0135-d232 @A: 23 24 35 11 | 07
#0136-d232 @A: 01 24 32 19 | 01
#0137-d232 @A: 31 19 24 03 | 10
#0138-d232 @A: 24 19 13 15 | 08
#0139-d232 @A: 33 24 18 19 | 06
#0140-d232 @A: 24 02 25 01 | 12
#0141-d232 @A: 30 24 26 31 | 05
#0142-d232 @A: 21 23 24 09 | 03
#0143-d232 @A: 21 31 18 24 | 04
#0144-d232 @A: 20 24 29 09 | 02
#0145-d232 @A: 16 20 33 24 | 11
#0146-d232 @A: 24 05 17 22 | 09
#0147-d232 @A: 31 13 33 24 | 07
#0148-d232 @A: 05 07 24 32 | 01
#0149-d232 @A: 24 16 34 05 | 10
#0150-d232 @A: 14 27 30 24 | 08
#0151-d232 @A: 35 01 10 25 | 06
#0152-d232 @A: 10 09 05 35 | 12
#0153-d232 @A: 22 35 28 10 | 05
#0154-d232 @A: 10 12 09 13 | 03
#0155-d232 @A: 12 10 22 05 | 04
#0156-d232 @A: 19 20 32 10 | 02
#0157-d232 @A: 30 10 21 01 | 11
#0158-d232 @A: 08 09 26 10 | 09
#0159-d232 @A: 10 20 26 03 | 07
#0160-d232 @A: 30 13 20 10 | 01
#0161-d232 @A: 02 10 22 32 | 10
#0162-d232 @A: 22 10 23 06 | 08
#0163-d232 @A: 17 22 10 29 | 06
#0164-d232 @A: 14 10 11 15 | 12
#0165-d232 @A: 10 07 18 06 | 05
#0166-d232 @A: 29 03 11 10 | 03
#0167-d232 @A: 16 10 25 17 | 04
#0168-d232 @A: 23 10 28 04 | 02
#0169-d232 @A: 32 30 12 35 | 11
#0170-d232 @A: 05 01 35 26 | 09
#0171-d232 @A: 09 01 11 35 | 07
#0172-d232 @A: 31 16 35 26 | 01
#0173-d232 @A: 09 35 13 31 | 10
#0174-d232 @A: 35 08 29 06 | 08
#0175-d232 @A: 35 03 17 08 | 06
#0176-d232 @A: 27 35 18 31 | 12
#0177-d232 @A: 18 35 03 29 | 05
#0178-d232 @A: 32 17 35 34 | 03
#0179-d232 @A: 35 14 23 16 | 04
#0180-d232 @A: 30 12 34 21 | 02
#0181-d232 @A: 17 12 34 09 | 11
#0182-d232 @A: 09 32 12 28 | 09
#0183-d232 @A: 28 22 29 12 | 07
#0184-d232 @A: 31 12 05 08 | 01
#0185-d232 @A: 12 27 02 30 | 10
#0186-d232 @A: 03 05 12 23 | 08
#0187-d232 @A: 16 11 13 12 | 06
#0188-d232 @A: 23 29 12 17 | 12
#0189-d232 @A: 18 01 19 09 | 05
#0190-d232 @A: 27 26 32 19 | 03
#0191-d232 @A: 16 21 06 19 | 04
#0192-d232 @A: 27 13 21 19 | 02
#0193-d232 @A: 30 19 21 28 | 11
#0194-d232 @A: 09 06 19 14 | 09
#0195-d232 @A: 03 32 07 19 | 07
#0196-d232 @A: 19 28 03 34 | 01
#0197-d232 @A: 34 19 11 27 | 10
#0198-d232 @A: 19 29 30 16 | 08
#0199-d232 @A: 21 20 23 01 | 06
#0200-d232 @A: 14 21 08 01 | 12
#0201-d232 @A: 15 02 01 13 | 05
#0202-d232 @A: 27 01 07 11 | 03
#0203-d232 @A: 01 25 03 27 | 04
#0204-d232 @A: 01 11 25 05 | 02
#0205-d232 @A: 29 11 17 01 | 11
#0206-d232 @A: 11 01 04 32 | 09
#0207-d232 @A: 01 16 28 32 | 07
#0208-d232 @A: 03 07 26 09 | 01
#0209-d232 @A: 26 09 18 28 | 10
#0210-d232 @A: 05 20 26 33 | 08
#0211-d232 @A: 32 26 28 05 | 06
#0212-d232 @A: 21 15 20 31 | 12
#0213-d232 @A: 15 21 23 22 | 05
#0214-d232 @A: 31 34 25 21 | 03
#0215-d232 @A: 15 21 18 32 | 04
#0216-d232 @A: 33 02 13 21 | 02
#0217-d232 @A: 21 11 34 03 | 11
#0218-d232 @A: 05 21 14 03 | 09
#0219-d232 @A: 21 34 04 05 | 07
#0220-d232 @A: 23 28 21 32 | 01
#0221-d232 @A: 08 09 32 13 | 10
#0222-d232 @A: 06 23 09 25 | 08
#0223-d232 @A: 09 03 18 16 | 06
#0224-d232 @A: 09 18 17 25 | 12
#0225-d232 @A: 09 14 11 04 | 05
#0226-d232 @A: 13 20 07 08 | 03
#0227-d232 @A: 22 07 04 08 | 04
#0228-d232 @A: 22 29 31 05 | 02
#0229-d232 @A: 25 22 34 23 | 11
#0230-d232 @A: 05 13 22 32 | 09
#0231-d232 @A: 22 05 16 23 | 07
#0232-d232 @A: 29 13 22 16 | 01
#0233-d232 @A: 18 27 29 22 | 10
#0234-d232 @A: 22 16 18 14 | 08
#0235-d232 @A: 11 25 04 22 | 06
#0236-d232 @A: 08 15 29 02 | 12
#0237-d232 @A: 02 33 04 08 | 05
#0238-d232 @A: 17 08 16 33 | 03
#0239-d232 @A: 34 05 08 18 | 04
#0240-d232 @A: 29 16 11 08 | 02
#0241-d232 @A: 29 25 27 08 | 11
#0242-d232 @A: 25 11 32 08 | 09
#0243-d232 @A: 32 30 14 08 | 07
#0244-d232 @A: 15 31 16 30 | 01
#0245-d232 @A: 31 17 03 34 | 10
#0246-d232 @A: 31 30 23 05 | 08
#0247-d232 @A: 14 31 18 23 | 06
#0248-d232 @A: 30 11 32 31 | 12
#0249-d232 @A: 34 15 28 32 | 05
#0250-d232 @A: 14 05 15 18 | 03
#0251-d232 @A: 18 05 27 15 | 04
#0252-d232 @A: 25 15 17 29 | 02
#0253-d232 @A: 25 27 04 15 | 11
#0254-d232 @A: 07 18 32 25 | 09
#0255-d232 @A: 33 25 14 13 | 07
#0256-d232 @A: 04 14 33 18 | 01
#0257-d232 @A: 33 11 30 17 | 10
#0258-d232 @A: 06 02 34 23 | 08
#0259-d232 @A: 13 02 05 06 | 06
#0260-d232 @A: 02 06 11 17 | 12
#0261-d232 @A: 27 02 03 34 | 05
#0262-d232 @A: 14 18 28 02 | 03
#0263-d232 @A: 11 13 03 06 | 04
#0264-d232 @A: 05 34 30 06 | 02
#0265-d232 @A: 06 05 17 25 | 11
#0266-d232 @A: 06 14 25 18 | 09
#0267-d232 @A: 28 34 14 27 | 07
#0268-d232 @A: 14 27 13 05 | 01
#0269-d232 @A: 30 27 32 16 | 10
#0270-d232 @A: 24 02 04 10 | 08
#0271-d232 @A: 15 35 24 16 | 06
#0272-d232 @A: 04 35 27 24 | 12
#0273-d232 @A: 24 05 26 11 | 05
#0274-d232 @A: 13 16 24 26 | 03
#0275-d232 @A: 21 17 24 07 | 04
#0276-d232 @A: 18 11 09 24 | 02
#0277-d232 @A: 31 24 20 05 | 11
#0278-d232 @A: 22 24 06 18 | 09
#0279-d232 @A: 22 11 24 28 | 07
#0280-d232 @A: 31 08 14 24 | 01
#0281-d232 @A: 08 24 02 34 | 10
#0282-d232 @A: 24 18 32 08 | 08
#0283-d232 @A: 23 29 25 24 | 06
#0284-d232 @A: 35 07 32 10 | 12
#0285-d232 @A: 29 16 12 10 | 05
#0286-d232 @A: 25 11 12 10 | 03
#0287-d232 @A: 01 32 10 26 | 04
#0288-d232 @A: 01 10 08 29 | 02
#0289-d232 @A: 27 10 32 09 | 11
#0290-d232 @A: 10 34 08 23 | 09
#0291-d232 @A: 10 27 15 13 | 07
#0292-d232 @A: 33 10 11 13 | 01
#0293-d232 @A: 03 17 14 10 | 10
#0294-d232 @A: 17 32 05 10 | 08
#0295-d232 @A: 18 35 33 12 | 06
#0296-d232 @A: 01 19 35 17 | 12
#0297-d232 @A: 35 04 02 01 | 05
#0298-d232 @A: 35 17 22 21 | 03
#0299-d232 @A: 21 05 31 35 | 04
#0300-d232 @A: 21 03 35 32 | 02
#0301-d232 @A: 09 14 35 08 | 11
#0302-d232 @A: 20 02 35 03 | 09
#0303-d232 @A: 34 07 08 35 | 07
#0304-d232 @A: 28 35 15 31 | 01
#0305-d232 @A: 35 03 15 11 | 10
#0306-d232 @A: 06 07 35 28 | 08
#0307-d232 @A: 18 35 07 23 | 06
#0308-d232 @A: 11 12 19 34 | 12
#0309-d232 @A: 30 09 01 12 | 05
#0310-d232 @A: 01 33 12 14 | 03
#0311-d232 @A: 03 28 01 12 | 04
#0312-d232 @A: 21 12 26 09 | 02
#0313-d232 @A: 26 17 06 12 | 11
#0314-d232 @A: 23 26 12 16 | 09
#0315-d232 @A: 27 22 21 12 | 07
#0316-d232 @A: 12 07 18 09 | 01
#0317-d232 @A: 20 23 08 12 | 10
#0318-d232 @A: 33 15 29 12 | 08
#0319-d232 @A: 14 12 30 13 | 06
#0320-d232 @A: 19 32 26 21 | 12
#0321-d232 @A: 26 06 03 19 | 05
#0322-d232 @A: 22 21 14 19 | 03
#0323-d232 @A: 21 19 23 05 | 04
#0324-d232 @A: 20 19 23 22 | 02
#0325-d232 @A: 22 29 19 02 | 11
#0326-d232 @A: 22 06 19 05 | 09
#0327-d232 @A: 11 08 19 31 | 07
#0328-d232 @A: 32 08 19 28 | 01
#0329-d232 @A: 34 15 19 06 | 10
#0330-d232 @A: 03 16 25 19 | 08
#0331-d232 @A: 34 19 32 13 | 06
#0332-d232 @A: 19 23 34 18 | 12
#0333-d232 @A: 13 30 11 19 | 05
#0334-d232 @A: 06 01 26 04 | 03
#0335-d232 @A: 01 17 06 20 | 04
#0336-d232 @A: 31 01 18 15 | 02
#0337-d232 @A: 23 07 02 01 | 11
#0338-d232 @A: 17 07 34 01 | 09
#0339-d232 @A: 01 28 34 05 | 07
#0340-d232 @A: 21 04 20 26 | 01
#0341-d232 @A: 31 32 26 20 | 10
#0342-d232 @A: 22 26 14 32 | 08
#0343-d232 @A: 26 28 08 31 | 06
#0344-d232 @A: 26 25 14 03 | 12
#0345-d232 @A: 04 14 28 26 | 05
#0346-d232 @A: 09 11 08 21 | 03
#0347-d232 @A: 08 22 13 21 | 04
#0348-d232 @A: 07 21 27 25 | 02
#0349-d232 @A: 30 04 21 03 | 11
#0350-d232 @A: 21 25 18 30 | 09
#0351-d232 @A: 21 17 18 28 | 07
#0352-d232 @A: 30 21 27 29 | 01
#0353-d232 @A: 23 25 11 21 | 10
#0354-d232 @A: 27 11 17 21 | 08
#0355-d232 @A: 20 09 08 04 | 06
#0356-d232 @A: 20 09 34 06 | 12
#0357-d232 @A: 20 09 14 27 | 05
#0358-d232 @A: 15 28 33 09 | 03
#0359-d232 @A: 04 07 33 09 | 04
#0360-d232 @A: 30 09 03 34 | 02
#0361-d232 @A: 13 09 03 28 | 11
#0362-d232 @A: 09 23 18 13 | 09
#0363-d232 @A: 25 28 09 04 | 07
#0364-d232 @A: 20 15 23 03 | 01
#0365-d232 @A: 07 28 20 33 | 10
#0366-d232 @A: 25 20 07 02 | 08
#0367-d232 @A: 20 03 04 32 | 06
#0368-d232 @A: 20 17 05 29 | 12
#0369-d232 @A: 05 32 25 20 | 05
#0370-d232 @A: 23 29 11 20 | 03
#0371-d232 @A: 23 20 30 27 | 04
#0372-d232 @A: 22 30 13 34 | 02
#0373-d232 @A: 27 16 22 34 | 11
#0374-d232 @A: 23 08 06 14 | 09
#0375-d232 @A: 34 08 03 32 | 07
#0376-d232 @A: 27 15 31 14 | 01
#0377-d232 @A: 31 02 07 28 | 10
#0378-d232 @A: 30 31 03 13 | 08
#0379-d232 @A: 34 23 31 11 | 06
#0380-d232 @A: 05 31 16 17 | 12
#0381-d232 @A: 28 04 05 31 | 05
#0382-d232 @A: 32 29 18 31 | 03
#0383-d232 @A: 15 07 23 32 | 04
#0384-d232 @A: 15 18 06 33 | 02
#0385-d232 @A: 13 17 34 15 | 11
#0386-d232 @A: 15 32 29 16 | 09
#0387-d232 @A: 29 17 15 27 | 07
#0388-d232 @A: 25 15 30 04 | 01
#0389-d232 @A: 15 14 28 23 | 10
#0390-d232 @A: 05 33 02 07 | 08
#0391-d232 @A: 32 07 06 33 | 06
#0392-d232 @A: 05 18 13 07 | 12
#0393-d232 @A: 05 16 04 07 | 05
#0394-d232 @A: 07 28 13 11 | 03
#0395-d232 @A: 02 30 14 33 | 04
#0396-d232 @A: 16 34 04 33 | 02
#0397-d232 @A: 33 05 23 17 | 11
#0398-d232 @A: 16 29 18 33 | 09
#0399-d232 @A: 16 14 33 11 | 07
#0400-d232 @A: 17 02 29 03 | 01
#0401-d232 @A: 02 30 05 17 | 10
#0402-d232 @A: 16 32 02 04 | 08
#0403-d232 @A: 30 02 16 23 | 06
#0404-d232 @A: 16 25 06 34 | 12
#0405-d232 @A: 13 06 27 30 | 05
#0406-d232 @A: 11 06 23 32 | 03
#0407-d232 @A: 06 32 04 25 | 04
#0408-d232 @A: 34 27 04 23 | 02
#0409-d232 @A: 17 27 14 13 | 11
#0410-d232 @A: 16 29 27 11 | 09
#0411-d232 @A: 10 35 24 30 | 07
#0412-d232 @A: 10 24 32 12 | 01
#0413-d232 @A: 08 12 24 13 | 10
#0414-d232 @A: 28 31 24 12 | 08
#0415-d232 @A: 07 12 11 24 | 06
#0416-d232 @A: 09 24 30 19 | 12
#0417-d232 @A: 24 16 19 08 | 05
#0418-d232 @A: 24 01 30 06 | 03
#0419-d232 @A: 01 05 24 23 | 04
#0420-d232 @A: 26 22 03 24 | 02
#0421-d232 @A: 20 24 11 08 | 11
#0422-d232 @A: 24 02 30 03 | 09
#0423-d232 @A: 25 34 24 30 | 07
#0424-d232 @A: 29 24 05 18 | 01
#0425-d232 @A: 27 16 35 10 | 10
#0426-d232 @A: 07 28 10 12 | 08
#0427-d232 @A: 13 08 19 10 | 06
#0428-d232 @A: 01 20 07 10 | 12
#0429-d232 @A: 28 02 10 01 | 05
#0430-d232 @A: 16 04 10 01 | 03
#0431-d232 @A: 26 27 03 10 | 04
#0432-d232 @A: 15 04 09 10 | 02
#0433-d232 @A: 14 10 16 09 | 11
#0434-d232 @A: 10 08 20 05 | 09
#0435-d232 @A: 02 10 20 29 | 07
#0436-d232 @A: 14 10 06 31 | 01
#0437-d232 @A: 10 33 02 18 | 10
#0438-d232 @A: 05 04 10 33 | 08
#0439-d232 @A: 04 10 18 29 | 06
#0440-d232 @A: 19 12 15 35 | 12
#0441-d232 @A: 35 11 12 21 | 05
#0442-d232 @A: 35 12 20 27 | 03
#0443-d232 @A: 12 31 35 17 | 04
#0444-d232 @A: 35 32 11 19 | 02
#0445-d232 @A: 34 35 14 21 | 11
#0446-d232 @A: 35 07 09 27 | 09
#0447-d232 @A: 35 09 30 06 | 07
#0448-d232 @A: 04 35 34 20 | 01
#0449-d232 @A: 06 15 27 35 | 10
#0450-d232 @A: 18 32 28 35 | 08
#0451-d232 @A: 35 27 25 14 | 06
#0452-d232 @A: 12 19 28 23 | 12
#0453-d232 @A: 32 15 01 12 | 05
#0454-d232 @A: 25 15 09 12 | 03
#0455-d232 @A: 22 12 13 33 | 04
#0456-d232 @A: 12 02 34 22 | 02
#0457-d232 @A: 31 04 12 33 | 11
#0458-d232 @A: 32 16 33 12 | 09
#0459-d232 @A: 12 14 28 34 | 07
#0460-d232 @A: 01 08 27 19 | 01
#0461-d232 @A: 31 16 01 19 | 10
#0462-d232 @A: 23 26 04 19 | 08
#0463-d232 @A: 11 15 19 21 | 06
#0464-d232 @A: 09 19 20 11 | 12
#0465-d232 @A: 05 19 09 34 | 05
#0466-d232 @A: 07 04 19 20 | 03
#0467-d232 @A: 20 13 19 33 | 04
#0468-d232 @A: 19 29 06 31 | 02
#0469-d232 @A: 14 34 16 19 | 11
#0470-d232 @A: 13 19 05 04 | 09
#0471-d232 @A: 26 29 09 01 | 07
#0472-d232 @A: 03 11 26 01 | 01
#0473-d232 @A: 11 20 01 15 | 10
#0474-d232 @A: 01 17 33 15 | 08
#0475-d232 @A: 33 01 16 13 | 06
#0476-d232 @A: 01 29 30 33 | 12
#0477-d232 @A: 01 03 17 16 | 05
#0478-d232 @A: 18 16 01 30 | 03
#0479-d232 @A: 27 14 32 01 | 04
#0480-d232 @A: 17 04 30 01 | 02
#0481-d232 @A: 21 15 26 14 | 11
#0482-d232 @A: 08 15 26 25 | 09
#0483-d232 @A: 08 26 03 05 | 07
#0484-d232 @A: 26 31 04 02 | 01
#0485-d232 @A: 27 26 06 07 | 10
#0486-d232 @A: 21 18 20 33 | 08
#0487-d232 @A: 34 21 22 06 | 06
#0488-d232 @A: 21 05 15 08 | 12
#0489-d232 @A: 21 33 14 31 | 05
#0490-d232 @A: 11 31 21 17 | 03
#0491-d232 @A: 33 15 30 21 | 04
#0492-d232 @A: 15 04 02 21 | 02
#0493-d232 @A: 15 06 17 21 | 11
#0494-d232 @A: 05 21 30 07 | 09
#0495-d232 @A: 33 09 20 14 | 07
#0496-d232 @A: 09 17 08 31 | 01
#0497-d232 @A: 16 07 08 09 | 10
#0498-d232 @A: 09 32 06 15 | 08
#0499-d232 @A: 29 09 02 25 | 06
#0500-d232 @A: 17 09 03 11 | 12
#0501-d232 @A: 25 27 09 30 | 05
#0502-d232 @A: 22 27 02 20 | 03
#0503-d232 @A: 22 17 03 20 | 04
#0504-d232 @A: 34 15 30 20 | 02
#0505-d232 @A: 33 32 20 17 | 11
#0506-d232 @A: 20 18 34 14 | 09
#0507-d232 @A: 11 17 20 04 | 07
#0508-d232 @A: 08 02 22 05 | 01
#0509-d232 @A: 22 06 07 29 | 10
#0510-d232 @A: 33 28 06 22 | 08
#0511-d232 @A: 14 30 22 06 | 06
#0512-d232 @A: 22 14 03 34 | 12
#0513-d232 @A: 28 14 05 22 | 05
#0514-d232 @A: 22 04 30 18 | 03
#0515-d232 @A: 22 16 11 30 | 04
#0516-d232 @A: 29 33 31 08 | 02
#0517-d232 @A: 11 07 08 15 | 11
#0518-d232 @A: 30 08 23 03 | 09
#0519-d232 @A: 34 16 13 08 | 07
#0520-d232 @A: 25 34 08 14 | 01
#0521-d232 @A: 13 08 25 18 | 10
#0522-d232 @A: 16 03 31 29 | 08
#0523-d232 @A: 33 15 11 23 | 06
#0524-d232 @A: 05 15 06 28 | 12
#0525-d232 @A: 03 15 18 34 | 05
#0526-d232 @A: 15 29 34 27 | 03
#0527-d232 @A: 17 07 27 03 | 04
#0528-d232 @A: 28 34 23 07 | 02
#0529-d232 @A: 13 27 28 07 | 11
#0530-d232 @A: 17 04 18 07 | 09
#0531-d232 @A: 07 14 25 11 | 07
#0532-d232 @A: 13 33 05 29 | 01
#0533-d232 @A: 06 02 30 29 | 10
#0534-d232 @A: 18 02 34 29 | 08
#0535-d232 @A: 13 17 02 23 | 06
#0536-d232 @A: 23 02 14 27 | 12
#0537-d232 @A: 23 06 03 18 | 05
#0538-d232 @A: 06 30 13 25 | 03
#0539-d232 @A: 30 06 04 16 | 04
#0540-d232 @A: 16 04 27 03 | 02
#0541-d232 @A: 34 10 26 24 | 11
#0542-d232 @A: 23 24 10 07 | 09
#0543-d232 @A: 24 35 02 32 | 07
#0544-d232 @A: 24 25 26 12 | 01
#0545-d232 @A: 24 12 03 15 | 10
#0546-d232 @A: 24 16 01 21 | 08
#0547-d232 @A: 24 01 22 29 | 06
#0548-d232 @A: 26 27 24 08 | 12
#0549-d232 @A: 24 22 32 21 | 05
#0550-d232 @A: 06 02 09 24 | 03
#0551-d232 @A: 22 24 20 07 | 04
#0552-d232 @A: 15 25 22 24 | 02
#0553-d232 @A: 22 04 24 16 | 11
#0554-d232 @A: 02 24 07 18 | 09
#0555-d232 @A: 14 24 11 34 | 07
#0556-d232 @A: 24 05 25 04 | 01
#0557-d232 @A: 30 24 28 05 | 10
#0558-d232 @A: 24 25 18 16 | 08
#0559-d232 @A: 11 25 17 24 | 06
#0560-d232 @A: 35 08 16 10 | 12
#0561-d232 @A: 12 10 02 17 | 05
#0562-d232 @A: 06 30 12 10 | 03
#0563-d232 @A: 27 12 29 10 | 04
#0564-d232 @A: 01 23 19 10 | 02
#0565-d232 @A: 29 26 19 10 | 11
#0566-d232 @A: 18 25 26 10 | 09
#0567-d232 @A: 31 10 28 21 | 07
#0568-d232 @A: 15 21 10 16 | 01
#0569-d232 @A: 10 22 11 31 | 10
#0570-d232 @A: 10 05 27 22 | 08
#0571-d232 @A: 33 30 08 10 | 06
#0572-d232 @A: 10 31 04 25 | 12
#0573-d232 @A: 10 30 03 25 | 05
#0574-d232 @A: 29 10 34 25 | 03
#0575-d232 @A: 29 10 28 05 | 04
#0576-d232 @A: 10 14 13 28 | 02
#0577-d232 @A: 13 06 19 35 | 11
#0578-d232 @A: 26 35 34 09 | 09
#0579-d232 @A: 20 26 35 25 | 07
#0580-d232 @A: 26 27 35 34 | 01
#0581-d232 @A: 35 21 02 29 | 10
#0582-d232 @A: 23 35 20 17 | 08
#0583-d232 @A: 35 11 02 08 | 06
#0584-d232 @A: 31 04 07 35 | 12
#0585-d232 @A: 31 35 11 33 | 05
#0586-d232 @A: 15 13 35 33 | 03
#0587-d232 @A: 15 30 02 35 | 04
#0588-d232 @A: 35 13 07 02 | 02
#0589-d232 @A: 14 32 13 35 | 11
#0590-d232 @A: 35 11 13 17 | 09
#0591-d232 @A: 25 35 11 29 | 07
#0592-d232 @A: 32 35 23 04 | 01
#0593-d232 @A: 21 17 01 12 | 10
#0594-d232 @A: 12 31 13 21 | 08
#0595-d232 @A: 20 12 05 06 | 06
#0596-d232 @A: 12 11 08 22 | 12
#0597-d232 @A: 07 15 31 12 | 05
#0598-d232 @A: 04 02 12 13 | 03
#0599-d232 @A: 28 12 16 05 | 04
#0600-d232 @A: 13 29 12 32 | 02
#0601-d232 @A: 01 20 05 19 | 11
#0602-d232 @A: 19 21 29 33 | 09
#0603-d232 @A: 09 22 19 32 | 07
#0604-d232 @A: 31 15 19 17 | 01
#0605-d232 @A: 17 07 33 19 | 10
#0606-d232 @A: 11 03 23 19 | 08
#0607-d232 @A: 05 19 16 11 | 06
#0608-d232 @A: 19 11 04 18 | 12
#0609-d232 @A: 23 19 27 25 | 05
#0610-d232 @A: 09 27 26 01 | 03
#0611-d232 @A: 01 26 18 02 | 04
#0612-d232 @A: 08 01 09 25 | 02
#0613-d232 @A: 01 17 22 31 | 11
#0614-d232 @A: 07 06 16 01 | 09
#0615-d232 @A: 03 01 14 30 | 07
#0616-d232 @A: 01 25 04 13 | 01
#0617-d232 @A: 23 01 28 18 | 10
#0618-d232 @A: 29 01 14 23 | 08
#0619-d232 @A: 26 22 25 09 | 06
#0620-d232 @A: 06 26 34 08 | 12
#0621-d232 @A: 15 26 30 06 | 05
#0622-d232 @A: 29 33 26 02 | 03
#0623-d232 @A: 23 18 26 33 | 04
#0624-d232 @A: 05 34 26 17 | 02
#0625-d232 @A: 11 26 16 34 | 11
#0626-d232 @A: 34 28 30 26 | 09
#0627-d232 @A: 17 26 11 32 | 07
#0628-d232 @A: 14 16 26 17 | 01
#0629-d232 @A: 09 02 30 21 | 10
#0630-d232 @A: 07 20 21 11 | 08
#0631-d232 @A: 21 23 27 20 | 06
#0632-d232 @A: 07 25 21 22 | 12
#0633-d232 @A: 16 21 07 33 | 05
#0634-d232 @A: 21 33 34 27 | 03
#0635-d232 @A: 25 17 21 03 | 04
#0636-d232 @A: 21 34 32 16 | 02
#0637-d232 @A: 18 21 16 05 | 11
#0638-d232 @A: 21 05 16 27 | 09
#0639-d232 @A: 21 17 30 32 | 07
#0640-d232 @A: 14 16 21 30 | 01
#0641-d232 @A: 23 22 08 09 | 10
#0642-d232 @A: 15 09 07 29 | 08
#0643-d232 @A: 09 13 33 34 | 06
#0644-d232 @A: 25 34 09 32 | 12
#0645-d232 @A: 25 05 09 13 | 05
#0646-d232 @A: 25 14 09 30 | 03
#0647-d232 @A: 07 34 20 29 | 04
#0648-d232 @A: 20 04 33 06 | 02
#0649-d232 @A: 04 06 27 20 | 11
#0650-d232 @A: 28 20 03 11 | 09
#0651-d232 @A: 20 25 23 04 | 07
#0652-d232 @A: 31 23 22 33 | 01
#0653-d232 @A: 22 06 13 31 | 10
#0654-d232 @A: 27 22 32 31 | 08
#0655-d232 @A: 22 27 11 15 | 06
#0656-d232 @A: 32 03 25 22 | 12
#0657-d232 @A: 04 22 13 14 | 05
#0658-d232 @A: 18 23 17 22 | 03
#0659-d232 @A: 23 31 08 15 | 04
#0660-d232 @A: 27 02 05 08 | 02
#0661-d232 @A: 18 27 34 08 | 11
#0662-d232 @A: 13 23 08 05 | 09
#0663-d232 @A: 08 14 18 17 | 07
#0664-d232 @A: 32 23 08 29 | 01
#0665-d232 @A: 07 14 31 16 | 10
#0666-d232 @A: 31 04 18 03 | 08
#0667-d232 @A: 31 23 28 13 | 06
#0668-d232 @A: 18 31 11 28 | 12
#0669-d232 @A: 07 14 15 34 | 05
#0670-d232 @A: 03 15 14 16 | 03
#0671-d232 @A: 05 15 34 29 | 04
#0672-d232 @A: 04 05 15 17 | 02
#0673-d232 @A: 18 15 28 13 | 11
#0674-d232 @A: 15 16 18 04 | 09
#0675-d232 @A: 17 05 28 07 | 07
#0676-d232 @A: 29 07 25 13 | 01
#0677-d232 @A: 06 03 33 30 | 10
#0678-d232 @A: 05 03 33 28 | 08
#0679-d232 @A: 33 32 03 18 | 06
#0680-d232 @A: 14 33 32 23 | 12
#0681-d232 @A: 28 33 14 17 | 05
#0682-d232 @A: 06 25 02 03 | 03
#0683-d232 @A: 03 23 02 04 | 04
#0684-d232 @A: 14 34 13 02 | 02
#0685-d232 @A: 02 25 13 16 | 11
#0686-d232 @A: 29 02 16 14 | 09
#0687-d232 @A: 06 17 04 03 | 07
#0688-d232 @A: 25 10 20 24 | 01
#0689-d232 @A: 35 24 12 34 | 10
#0690-d232 @A: 24 35 28 09 | 08
#0691-d232 @A: 19 24 14 12 | 06
#0692-d232 @A: 05 12 21 24 | 12
#0693-d232 @A: 12 33 17 24 | 05
#0694-d232 @A: 19 21 04 24 | 03
#0695-d232 @A: 20 34 01 24 | 04
#0696-d232 @A: 03 24 08 01 | 02
#0697-d232 @A: 24 33 08 09 | 11
#0698-d232 @A: 09 27 24 11 | 09
#0699-d232 @A: 24 27 20 13 | 07
#0700-d232 @A: 27 06 24 22 | 01
#0701-d232 @A: 17 08 15 24 | 10
#0702-d232 @A: 08 04 29 24 | 08
#0703-d232 @A: 14 15 33 24 | 06
#0704-d232 @A: 07 34 33 24 | 12
#0705-d232 @A: 16 07 24 29 | 05
#0706-d232 @A: 06 03 34 24 | 03
#0707-d232 @A: 32 24 34 23 | 04
#0708-d232 @A: 13 14 18 24 | 02
#0709-d232 @A: 23 10 12 15 | 11
#0710-d232 @A: 19 17 10 09 | 09
#0711-d232 @A: 22 19 18 10 | 07
#0712-d232 @A: 17 10 01 13 | 01
#0713-d232 @A: 10 28 26 15 | 10
#0714-d232 @A: 10 27 20 28 | 08
#0715-d232 @A: 06 17 10 33 | 06
#0716-d232 @A: 17 10 28 34 | 12
#0717-d232 @A: 30 10 05 11 | 05
#0718-d232 @A: 14 32 29 10 | 03
#0719-d232 @A: 23 25 10 14 | 04
#0720-d232 @A: 35 19 31 20 | 02
#0721-d232 @A: 35 28 19 33 | 11
#0722-d232 @A: 19 35 04 03 | 09
#0723-d232 @A: 32 35 15 26 | 07
#0724-d232 @A: 33 35 21 08 | 01
#0725-d232 @A: 35 15 07 21 | 10
#0726-d232 @A: 18 09 35 02 | 08
#0727-d232 @A: 35 22 11 06 | 06
#0728-d232 @A: 17 33 35 02 | 12
#0729-d232 @A: 34 16 03 35 | 05
#0730-d232 @A: 17 18 05 35 | 03
#0731-d232 @A: 35 05 11 04 | 04
#0732-d232 @A: 01 22 25 12 | 02
#0733-d232 @A: 15 22 12 17 | 11
#0734-d232 @A: 12 13 08 27 | 09
#0735-d232 @A: 02 05 12 15 | 07
#0736-d232 @A: 12 16 34 15 | 01
#0737-d232 @A: 12 29 07 02 | 10
#0738-d232 @A: 12 06 34 07 | 08
#0739-d232 @A: 06 18 13 12 | 06
#0740-d232 @A: 12 32 03 11 | 12
#0741-d232 @A: 30 17 12 03 | 05
#0742-d232 @A: 18 29 11 12 | 03
#0743-d232 @A: 02 01 19 34 | 04
#0744-d232 @A: 14 11 19 01 | 02
#0745-d232 @A: 26 19 17 22 | 11
#0746-d232 @A: 08 26 18 19 | 09
#0747-d232 @A: 19 17 02 21 | 07
#0748-d232 @A: 19 09 23 33 | 01
#0749-d232 @A: 32 15 19 25 | 10
#0750-d232 @A: 30 06 19 07 | 08
#0751-d232 @A: 19 05 25 33 | 06
#0752-d232 @A: 13 19 03 14 | 12
#0753-d232 @A: 18 30 03 19 | 05
#0754-d232 @A: 11 19 17 28 | 03
#0755-d232 @A: 14 25 19 28 | 04
#0756-d232 @A: 16 19 04 28 | 02
#0757-d232 @A: 01 26 20 28 | 11
#0758-d232 @A: 01 26 16 15 | 09
#0759-d232 @A: 09 01 22 33 | 07
#0760-d232 @A: 09 06 13 01 | 01
#0761-d232 @A: 01 20 13 03 | 10
#0762-d232 @A: 08 05 17 01 | 08
#0763-d232 @A: 01 06 27 29 | 06
#0764-d232 @A: 04 05 01 14 | 12
#0765-d232 @A: 18 13 01 29 | 05
#0766-d232 @A: 21 16 26 22 | 03
#0767-d232 @A: 07 28 21 26 | 04
#0768-d232 @A: 26 30 21 13 | 02
#0769-d232 @A: 26 30 09 33 | 11
#0770-d232 @A: 22 20 26 11 | 09
#0771-d232 @A: 26 20 16 08 | 07
#0772-d232 @A: 27 31 20 26 | 01
#0773-d232 @A: 31 26 18 22 | 10
#0774-d232 @A: 26 34 22 15 | 08
#0775-d232 @A: 33 06 26 14 | 06
#0776-d232 @A: 06 32 29 26 | 12
#0777-d232 @A: 05 13 14 26 | 05
#0778-d232 @A: 25 27 05 26 | 03
#0779-d232 @A: 17 27 28 26 | 04
#0780-d232 @A: 07 14 09 21 | 02
#0781-d232 @A: 33 21 17 09 | 11
#0782-d232 @A: 20 02 34 21 | 09
#0783-d232 @A: 06 30 21 20 | 07
#0784-d232 @A: 15 21 28 27 | 01
#0785-d232 @A: 17 34 21 23 | 10
#0786-d232 @A: 05 29 21 25 | 08
#0787-d232 @A: 28 21 04 13 | 06
#0788-d232 @A: 04 21 23 18 | 12
#0789-d232 @A: 20 31 28 09 | 05
#0790-d232 @A: 05 09 20 07 | 03
#0791-d232 @A: 09 05 22 18 | 04
#0792-d232 @A: 27 09 22 23 | 02
#0793-d232 @A: 09 33 08 27 | 11
#0794-d232 @A: 30 04 31 09 | 09
#0795-d232 @A: 29 30 09 32 | 07
#0796-d232 @A: 32 09 17 23 | 01
#0797-d232 @A: 08 20 31 25 | 10
#0798-d232 @A: 20 27 08 07 | 08
#0799-d232 @A: 11 27 33 20 | 06
#0800-d232 @A: 13 20 11 25 | 12
#0801-d232 @A: 23 32 20 18 | 05
#0802-d232 @A: 29 20 25 16 | 03
#0803-d232 @A: 20 27 16 17 | 04
#0804-d232 @A: 28 30 23 20 | 02
#0805-d232 @A: 31 22 34 08 | 11
#0806-d232 @A: 22 11 15 29 | 09
#0807-d232 @A: 33 11 22 34 | 07
#0808-d232 @A: 13 22 18 03 | 01
#0809-d232 @A: 32 22 29 34 | 10
#0810-d232 @A: 16 17 22 32 | 08
#0811-d232 @A: 15 13 08 03 | 06
#0812-d232 @A: 05 07 06 08 | 12
#0813-d232 @A: 05 33 08 11 | 05
#0814-d232 @A: 28 04 34 08 | 03
#0815-d232 @A: 30 27 08 17 | 04
#0816-d232 @A: 05 15 31 33 | 02
#0817-d232 @A: 31 33 27 06 | 11
#0818-d232 @A: 34 32 05 31 | 09
#0819-d232 @A: 32 31 13 25 | 07
#0820-d232 @A: 29 11 14 31 | 01
#0821-d232 @A: 31 14 30 28 | 10
#0822-d232 @A: 02 06 15 07 | 08
#0823-d232 @A: 28 02 15 17 | 06
#0824-d232 @A: 05 03 15 30 | 12
#0825-d232 @A: 13 15 16 05 | 05
#0826-d232 @A: 13 32 30 15 | 03
#0827-d232 @A: 29 28 15 30 | 04
#0828-d232 @A: 03 07 28 29 | 02
#0829-d232 @A: 03 17 23 07 | 11
#0830-d232 @A: 11 07 34 18 | 09
#0831-d232 @A: 32 07 04 34 | 07
#0832-d232 @A: 07 34 30 27 | 01
#0833-d232 @A: 07 14 17 13 | 10
#0834-d232 @A: 07 16 28 18 | 08
#0835-d232 @A: 17 11 16 07 | 06
#0836-d232 @A: 30 05 33 16 | 12
#0837-d232 @A: 13 33 28 32 | 05
#0838-d232 @A: 33 29 32 25 | 03
#0839-d232 @A: 30 25 33 23 | 04
#0840-d232 @A: 34 04 02 30 | 02
#0841-d232 @A: 29 11 13 02 | 11
#0842-d232 @A: 28 18 29 06 | 09
#0843-d232 @A: 30 11 18 06 | 07
#0844-d232 @A: 27 03 04 18 | 01
#0845-d232 @A: 11 29 24 19 | 10
#0846-d232 @A: 08 24 21 30 | 08
#0847-d232 @A: 24 13 09 07 | 06
#0848-d232 @A: 24 04 20 15 | 12
#0849-d232 @A: 31 29 24 02 | 05
#0850-d232 @A: 24 07 15 30 | 03
#0851-d232 @A: 29 03 32 24 | 04
#0852-d232 @A: 30 23 18 24 | 02
#0853-d232 @A: 03 12 10 35 | 11
#0854-d232 @A: 31 35 18 10 | 09
#0855-d232 @A: 35 10 29 15 | 07
#0856-d232 @A: 14 12 26 10 | 01
#0857-d232 @A: 10 19 03 21 | 10
#0858-d232 @A: 26 11 06 10 | 08
#0859-d232 @A: 26 10 30 16 | 06
#0860-d232 @A: 09 10 21 32 | 12
#0861-d232 @A: 03 06 10 09 | 05
#0862-d232 @A: 10 32 15 08 | 03
#0863-d232 @A: 02 10 25 15 | 04
#0864-d232 @A: 04 27 07 10 | 02
#0865-d232 @A: 34 11 10 04 | 11
#0866-d232 @A: 19 29 09 35 | 09
#0867-d232 @A: 30 35 26 04 | 07
#0868-d232 @A: 06 35 25 21 | 01
#0869-d232 @A: 22 18 34 35 | 10
#0870-d232 @A: 02 27 06 35 | 08
#0871-d232 @A: 35 16 04 29 | 06
#0872-d232 @A: 29 27 35 23 | 12
#0873-d232 @A: 28 35 14 11 | 05
#0874-d232 @A: 07 13 19 12 | 03
#0875-d232 @A: 31 11 26 12 | 04
#0876-d232 @A: 15 18 26 12 | 02
#0877-d232 @A: 03 02 12 26 | 11
#0878-d232 @A: 20 03 09 12 | 09
#0879-d232 @A: 20 02 12 18 | 07
#0880-d232 @A: 12 28 20 25 | 01
#0881-d232 @A: 33 08 12 03 | 10
#0882-d232 @A: 27 12 03 31 | 08
#0883-d232 @A: 25 07 12 17 | 06
#0884-d232 @A: 25 12 34 05 | 12
#0885-d232 @A: 27 13 12 34 | 05
#0886-d232 @A: 32 27 12 23 | 03
#0887-d232 @A: 30 01 19 26 | 04
#0888-d232 @A: 31 13 26 19 | 02
#0889-d232 @A: 20 19 18 16 | 11
#0890-d232 @A: 04 31 19 32 | 09
#0891-d232 @A: 30 19 23 15 | 07
#0892-d232 @A: 33 02 32 19 | 01
#0893-d232 @A: 19 27 03 33 | 10
#0894-d232 @A: 18 02 13 19 | 08
#0895-d232 @A: 17 03 19 05 | 06
#0896-d232 @A: 32 14 19 18 | 12
#0897-d232 @A: 17 29 19 32 | 05
#0898-d232 @A: 19 27 29 04 | 03
#0899-d232 @A: 27 16 17 19 | 04
#0900-d232 @A: 01 15 29 21 | 02
#0901-d232 @A: 09 16 01 20 | 11
#0902-d232 @A: 34 01 09 04 | 09
#0903-d232 @A: 32 20 08 01 | 07
#0904-d232 @A: 14 01 02 20 | 01
#0905-d232 @A: 22 03 04 01 | 10
#0906-d232 @A: 01 27 22 13 | 08
#0907-d232 @A: 05 30 01 13 | 06
#0908-d232 @A: 01 04 29 28 | 12
#0909-d232 @A: 29 31 21 26 | 05
#0910-d232 @A: 05 21 26 06 | 03
#0911-d232 @A: 21 27 26 14 | 04
#0912-d232 @A: 20 18 26 07 | 02
#0913-d232 @A: 26 02 14 08 | 11
#0914-d232 @A: 08 26 11 30 | 09
#0915-d232 @A: 26 15 03 31 | 07
#0916-d232 @A: 15 26 04 33 | 01
#0917-d232 @A: 25 26 33 28 | 10
#0918-d232 @A: 26 30 03 32 | 08
#0919-d232 @A: 23 05 26 29 | 06
#0920-d232 @A: 26 13 32 04 | 12
#0921-d232 @A: 11 14 26 18 | 05
#0922-d232 @A: 20 32 13 21 | 03
#0923-d232 @A: 22 21 30 31 | 04
#0924-d232 @A: 03 22 33 21 | 02
#0925-d232 @A: 31 21 08 04 | 11
#0926-d232 @A: 21 08 23 07 | 09
#0927-d232 @A: 16 21 11 02 | 07
#0928-d232 @A: 21 04 29 32 | 01
#0929-d232 @A: 21 11 30 29 | 10
#0930-d232 @A: 20 09 02 13 | 08
#0931-d232 @A: 22 13 17 09 | 06
#0932-d232 @A: 31 09 29 27 | 12
#0933-d232 @A: 15 09 30 18 | 05
#0934-d232 @A: 11 09 32 33 | 03
#0935-d232 @A: 16 09 34 29 | 04
#0936-d232 @A: 17 09 14 05 | 02
#0937-d232 @A: 13 29 04 09 | 11
#0938-d232 @A: 20 22 06 25 | 09
#0939-d232 @A: 31 13 20 34 | 07
#0940-d232 @A: 31 29 04 20 | 01
#0941-d232 @A: 20 23 07 06 | 10
#0942-d232 @A: 05 20 27 29 | 08
#0943-d232 @A: 29 30 20 18 | 06
#0944-d232 @A: 32 28 20 29 | 12
#0945-d232 @A: 20 16 32 14 | 05
#0946-d232 @A: 13 15 22 07 | 03
#0947-d232 @A: 22 15 33 32 | 04
#0948-d232 @A: 17 07 22 02 | 02
#0949-d232 @A: 34 07 22 05 | 11
#0950-d232 @A: 22 02 23 14 | 09
#0951-d232 @A: 23 04 29 22 | 07
#0952-d232 @A: 22 28 32 04 | 01
#0953-d232 @A: 06 33 13 08 | 10
#0954-d232 @A: 31 07 33 30 | 08
#0955-d232 @A: 11 06 07 31 | 06
#0956-d232 @A: 02 31 25 33 | 12
#0957-d232 @A: 06 28 31 17 | 05
#0958-d232 @A: 34 28 31 16 | 03
#0959-d232 @A: 27 04 30 31 | 04
#0960-d232 @A: 04 15 29 03 | 02
#0961-d232 @A: 14 15 04 32 | 11
#0962-d232 @A: 02 04 07 11 | 09
#0963-d232 @A: 06 07 04 13 | 07
#0964-d232 @A: 07 28 14 32 | 01
#0965-d232 @A: 25 30 07 28 | 10
#0966-d232 @A: 18 33 30 13 | 08
#0967-d232 @A: 11 02 05 34 | 06
#0968-d232 @A: 23 32 02 05 | 12
#0969-d232 @A: 17 02 14 04 | 05
#0970-d232 @A: 29 03 05 06 | 03
#0971-d232 @A: 14 34 06 17 | 04
#0972-d232 @A: 25 06 11 28 | 02
#0973-d232 @A: 32 27 34 17 | 11
#0974-d232 @A: 28 24 19 10 | 09
#0975-d232 @A: 22 24 35 31 | 07
#0976-d232 @A: 04 14 24 35 | 01
#0977-d232 @A: 01 12 18 24 | 10
#0978-d232 @A: 12 24 09 04 | 08
#0979-d232 @A: 24 22 34 19 | 06
#0980-d232 @A: 28 01 27 24 | 12
#0981-d232 @A: 21 25 33 24 | 05
#0982-d232 @A: 06 13 21 24 | 03
#0983-d232 @A: 33 30 24 22 | 04
#0984-d232 @A: 28 24 07 08 | 02
#0985-d232 @A: 31 25 24 07 | 11
#0986-d232 @A: 07 24 27 02 | 09
#0987-d232 @A: 23 24 28 33 | 07
#0988-d232 @A: 17 03 24 18 | 01
#0989-d232 @A: 24 34 13 04 | 10
#0990-d232 @A: 25 24 28 13 | 08
#0991-d232 @A: 13 16 24 27 | 06
#0992-d232 @A: 16 32 30 24 | 12
#0993-d232 @A: 17 35 26 10 | 05
#0994-d232 @A: 19 14 10 33 | 03
#0995-d232 @A: 10 01 33 34 | 04
#0996-d232 @A: 27 10 02 01 | 02
#0997-d232 @A: 10 07 26 04 | 11
#0998-d232 @A: 26 13 02 10 | 09
#0999-d232 @A: 10 34 09 22 | 07
#1000-d232 @A: 10 09 07 11 | 01
#1001-d232 @A: 20 22 10 16 | 10
#1002-d232 @A: 10 33 15 20 | 08
#1003-d232 @A: 06 20 28 10 | 06
#1004-d232 @A: 10 06 08 02 | 12
#1005-d232 @A: 10 11 27 31 | 05
#1006-d232 @A: 33 29 10 07 | 03
#1007-d232 @A: 33 10 25 27 | 04
#1008-d232 @A: 11 17 10 23 | 02
#1009-d232 @A: 05 12 35 13 | 11
#1010-d232 @A: 19 35 23 08 | 09
#1011-d232 @A: 35 01 34 15 | 07
#1012-d232 @A: 01 35 14 18 | 01
#1013-d232 @A: 18 35 26 06 | 10
#1014-d232 @A: 33 16 35 09 | 08
#1015-d232 @A: 22 20 35 13 | 06
#1016-d232 @A: 02 25 35 22 | 12
#1017-d232 @A: 22 03 35 27 | 05
#1018-d232 @A: 29 31 35 23 | 03
#1019-d232 @A: 35 16 05 06 | 04
#1020-d232 @A: 35 03 05 25 | 02
#1021-d232 @A: 34 29 35 28 | 11
#1022-d232 @A: 34 35 11 30 | 09
#1023-d232 @A: 35 16 32 25 | 07
#1024-d232 @A: 30 35 27 11 | 01
#1025-d232 @A: 04 17 28 35 | 10
#1026-d232 @A: 32 19 12 06 | 08
#1027-d232 @A: 11 01 02 12 | 06
#1028-d232 @A: 18 12 22 21 | 12
#1029-d232 @A: 12 08 21 16 | 05
#1030-d232 @A: 32 22 20 12 | 03
#1031-d232 @A: 20 11 12 33 | 04
#1032-d232 @A: 12 07 22 14 | 02
#1033-d232 @A: 12 03 06 31 | 11
#1034-d232 @A: 14 25 12 31 | 09
#1035-d232 @A: 13 34 12 23 | 07
#1036-d232 @A: 17 13 28 12 | 01
#1037-d232 @A: 17 16 18 12 | 10
#1038-d232 @A: 12 17 04 32 | 08
#1039-d232 @A: 04 12 14 27 | 06
#1040-d232 @A: 26 16 19 33 | 12
#1041-d232 @A: 28 02 26 19 | 05
#1042-d232 @A: 07 21 31 19 | 03
#1043-d232 @A: 27 19 20 15 | 04
#1044-d232 @A: 06 02 20 19 | 02
#1045-d232 @A: 03 20 19 29 | 11
#1046-d232 @A: 28 31 19 22 | 09
#1047-d232 @A: 04 22 19 33 | 07
#1048-d232 @A: 07 29 19 23 | 01
#1049-d232 @A: 25 19 18 29 | 10
#1050-d232 @A: 30 14 04 19 | 08
#1051-d232 @A: 18 01 06 21 | 06
#1052-d232 @A: 01 09 23 15 | 12
#1053-d232 @A: 01 04 27 09 | 05
#1054-d232 @A: 33 25 01 20 | 03
#1055-d232 @A: 27 17 01 31 | 04
#1056-d232 @A: 15 07 25 01 | 02
#1057-d232 @A: 01 05 32 03 | 11
#1058-d232 @A: 03 23 01 25 | 09
#1059-d232 @A: 11 34 13 01 | 07
#1060-d232 @A: 01 34 18 25 | 01
#1061-d232 @A: 29 05 01 16 | 10
#1062-d232 @A: 02 20 26 30 | 08
#1063-d232 @A: 15 30 26 27 | 06
#1064-d232 @A: 26 23 34 03 | 12
#1065-d232 @A: 05 26 18 30 | 05
#1066-d232 @A: 04 26 29 11 | 03
#1067-d232 @A: 25 30 29 26 | 04
#1068-d232 @A: 26 11 04 27 | 02
#1069-d232 @A: 21 22 09 29 | 11
#1070-d232 @A: 15 21 03 09 | 09
#1071-d232 @A: 22 20 05 21 | 07
#1072-d232 @A: 08 21 28 03 | 01
#1073-d232 @A: 02 31 21 27 | 10
#1074-d232 @A: 21 05 13 17 | 08
#1075-d232 @A: 20 09 17 30 | 06
#1076-d232 @A: 09 07 22 30 | 12
#1077-d232 @A: 31 09 15 11 | 05
#1078-d232 @A: 07 17 09 06 | 03
#1079-d232 @A: 29 33 09 06 | 04
#1080-d232 @A: 29 05 11 09 | 02
#1081-d232 @A: 08 02 17 20 | 11
#1082-d232 @A: 20 02 05 16 | 09
#1083-d232 @A: 28 20 17 16 | 07
#1084-d232 @A: 06 17 22 08 | 01
#1085-d232 @A: 22 32 07 31 | 10
#1086-d232 @A: 25 22 05 30 | 08
#1087-d232 @A: 22 28 25 18 | 06
#1088-d232 @A: 28 17 22 30 | 12
#1089-d232 @A: 02 03 08 07 | 05
#1090-d232 @A: 04 14 08 03 | 03
#1091-d232 @A: 27 30 03 08 | 04
#1092-d232 @A: 05 14 08 16 | 02
#1093-d232 @A: 11 14 13 08 | 11
#1094-d232 @A: 08 11 04 23 | 09
#1095-d232 @A: 18 17 31 02 | 07
#1096-d232 @A: 29 17 30 31 | 01
#1097-d232 @A: 17 23 31 25 | 10
#1098-d232 @A: 17 18 15 11 | 08
#1099-d232 @A: 16 15 23 17 | 06
#1100-d232 @A: 15 17 14 30 | 12
#1101-d232 @A: 27 14 29 07 | 05
#1102-d232 @A: 07 23 25 16 | 03
#1103-d232 @A: 02 29 27 33 | 04
#1104-d232 @A: 02 18 05 03 | 02
#1105-d232 @A: 02 13 28 30 | 11
#1106-d232 @A: 02 27 28 18 | 09
#1107-d232 @A: 28 02 23 29 | 07
#1108-d232 @A: 02 32 28 11 | 01
#1109-d232 @A: 14 03 27 06 | 10
#1110-d232 @A: 34 06 29 11 | 08
#1111-d232 @A: 14 11 06 05 | 06
#1112-d232 @A: 29 14 06 04 | 12
#1113-d232 @A: 23 16 28 06 | 05
#1114-d232 @A: 11 32 27 18 | 03
#1115-d232 @A: 35 24 08 05 | 04
#1116-d232 @A: 24 12 25 27 | 02
#1117-d232 @A: 19 24 17 20 | 11
#1118-d232 @A: 19 27 31 24 | 09
#1119-d232 @A: 24 11 01 31 | 07
#1120-d232 @A: 14 01 24 17 | 01
#1121-d232 @A: 17 24 02 26 | 10
#1122-d232 @A: 21 20 24 03 | 08
#1123-d232 @A: 24 22 09 14 | 06
#1124-d232 @A: 05 24 15 09 | 12
#1125-d232 @A: 32 24 31 15 | 05
#1126-d232 @A: 24 04 31 06 | 03
#1127-d232 @A: 24 33 32 04 | 04
#1128-d232 @A: 16 28 24 14 | 02
#1129-d232 @A: 19 34 35 10 | 11
#1130-d232 @A: 12 08 10 18 | 09
#1131-d232 @A: 05 10 26 31 | 07
#1132-d232 @A: 21 10 06 29 | 01
#1133-d232 @A: 10 18 21 14 | 10
#1134-d232 @A: 09 10 18 20 | 08
#1135-d232 @A: 23 10 02 09 | 06
#1136-d232 @A: 07 10 08 14 | 12
#1137-d232 @A: 10 31 15 34 | 05
#1138-d232 @A: 31 32 33 10 | 03
#1139-d232 @A: 07 10 15 17 | 04
#1140-d232 @A: 30 07 02 10 | 02
#1141-d232 @A: 25 05 10 07 | 11
#1142-d232 @A: 03 02 34 10 | 09
#1143-d232 @A: 10 03 16 05 | 07
#1144-d232 @A: 04 13 03 10 | 01
#1145-d232 @A: 32 10 13 18 | 10
#1146-d232 @A: 35 26 12 28 | 08
#1147-d232 @A: 35 23 12 09 | 06
#1148-d232 @A: 02 35 06 12 | 12
#1149-d232 @A: 19 18 21 35 | 05
#1150-d232 @A: 19 30 22 35 | 03
#1151-d232 @A: 05 35 07 19 | 04
#1152-d232 @A: 02 16 35 19 | 02
#1153-d232 @A: 11 07 35 26 | 11
#1154-d232 @A: 16 35 20 21 | 09
#1155-d232 @A: 08 28 35 20 | 07
#1156-d232 @A: 08 35 32 22 | 01
#1157-d232 @A: 02 31 35 34 | 10
#1158-d232 @A: 30 35 31 25 | 08
#1159-d232 @A: 07 14 35 33 | 06
#1160-d232 @A: 33 35 04 25 | 12
#1161-d232 @A: 05 35 23 34 | 05
#1162-d232 @A: 17 08 19 12 | 03
#1163-d232 @A: 12 22 26 30 | 04
#1164-d232 @A: 12 26 33 34 | 02
#1165-d232 @A: 02 23 12 21 | 11
#1166-d232 @A: 12 09 29 08 | 09
#1167-d232 @A: 12 09 14 02 | 07
#1168-d232 @A: 28 12 08 06 | 01
#1169-d232 @A: 30 12 15 11 | 10
#1170-d232 @A: 03 07 16 12 | 08
#1171-d232 @A: 06 33 12 25 | 06
#1172-d232 @A: 12 03 13 25 | 12
#1173-d232 @A: 12 03 18 14 | 05
#1174-d232 @A: 04 05 12 18 | 03
#1175-d232 @A: 12 14 32 05 | 04
#1176-d232 @A: 11 28 12 04 | 02
#1177-d232 @A: 21 19 09 13 | 11
#1178-d232 @A: 09 08 03 19 | 09
#1179-d232 @A: 02 04 19 09 | 07
#1180-d232 @A: 28 20 19 15 | 01
#1181-d232 @A: 19 15 16 22 | 10
#1182-d232 @A: 08 15 19 33 | 08
#1183-d232 @A: 19 08 30 02 | 06
#1184-d232 @A: 07 19 25 34 | 12
#1185-d232 @A: 19 18 06 27 | 05
#1186-d232 @A: 19 30 32 05 | 03
#1187-d232 @A: 23 25 19 13 | 04
#1188-d232 @A: 23 16 32 19 | 02
#1189-d232 @A: 26 21 01 34 | 11
#1190-d232 @A: 01 07 14 26 | 09
#1191-d232 @A: 01 26 23 17 | 07
#1192-d232 @A: 01 21 05 09 | 01
#1193-d232 @A: 02 03 01 21 | 10
#1194-d232 @A: 01 20 30 31 | 08
#1195-d232 @A: 01 06 22 32 | 06
#1196-d232 @A: 01 08 16 02 | 12
#1197-d232 @A: 29 31 07 01 | 05
#1198-d232 @A: 18 07 03 01 | 03
#1199-d232 @A: 18 01 05 33 | 04
#1200-d232 @A: 23 13 01 32 | 02
#1201-d232 @A: 32 25 30 01 | 11
#1202-d232 @A: 17 08 26 21 | 09
#1203-d232 @A: 21 11 33 26 | 07
#1204-d232 @A: 33 31 17 26 | 01
#1205-d232 @A: 34 32 02 26 | 10
#1206-d232 @A: 25 17 26 13 | 08
#1207-d232 @A: 23 26 32 25 | 06
#1208-d232 @A: 30 14 26 23 | 12
#1209-d232 @A: 21 13 25 15 | 05
#1210-d232 @A: 29 21 18 07 | 03
#1211-d232 @A: 06 21 28 27 | 04
#1212-d232 @A: 28 05 21 11 | 02
#1213-d232 @A: 18 13 11 21 | 11
#1214-d232 @A: 23 16 21 29 | 09
#1215-d232 @A: 09 08 30 05 | 07
#1216-d232 @A: 23 09 07 31 | 01
#1217-d232 @A: 03 14 32 09 | 10
#1218-d232 @A: 09 05 23 28 | 08
#1219-d232 @A: 28 17 29 09 | 06
#1220-d232 @A: 16 25 11 09 | 12
#1221-d232 @A: 16 04 23 09 | 05
#1222-d232 @A: 22 31 14 20 | 03
#1223-d232 @A: 33 29 22 20 | 04
#1224-d232 @A: 20 05 30 04 | 02
#1225-d232 @A: 04 20 16 13 | 11
#1226-d232 @A: 27 20 25 18 | 09
#1227-d232 @A: 08 27 22 04 | 07
#1228-d232 @A: 15 04 31 22 | 01
#1229-d232 @A: 22 02 31 03 | 10
#1230-d232 @A: 06 22 03 15 | 08
#1231-d232 @A: 33 07 22 18 | 06
#1232-d232 @A: 29 30 22 03 | 12
#1233-d232 @A: 34 17 22 04 | 05
#1234-d232 @A: 11 18 32 22 | 03
#1235-d232 @A: 30 32 22 23 | 04
#1236-d232 @A: 17 27 25 22 | 02
#1237-d232 @A: 08 32 17 07 | 11
#1238-d232 @A: 08 18 28 33 | 09
#1239-d232 @A: 02 25 08 23 | 07
#1240-d232 @A: 25 31 03 11 | 01
#1241-d232 @A: 14 31 34 04 | 10
#1242-d232 @A: 31 11 05 13 | 08
#1243-d232 @A: 05 25 27 31 | 06
#1244-d232 @A: 25 28 31 29 | 12
#1245-d232 @A: 07 28 04 15 | 05
#1246-d232 @A: 15 25 03 28 | 03
#1247-d232 @A: 34 25 15 11 | 04
#1248-d232 @A: 28 04 30 33 | 02
#1249-d232 @A: 25 02 05 14 | 11
#1250-d232 @A: 11 02 18 23 | 09
#1251-d232 @A: 11 06 23 27 | 07
#1252-d232 @A: 13 03 27 23 | 01
#1253-d232 @A: 25 16 28 27 | 10
#1254-d232 @A: 10 24 09 01 | 08
#1255-d232 @A: 18 10 15 24 | 06
#1256-d232 @A: 10 24 13 29 | 12
#1257-d232 @A: 18 24 35 20 | 05
#1258-d232 @A: 35 03 07 24 | 03
#1259-d232 @A: 12 24 22 23 | 04
#1260-d232 @A: 06 24 12 29 | 02
#1261-d232 @A: 19 05 02 24 | 11
#1262-d232 @A: 01 33 24 26 | 09
#1263-d232 @A: 26 09 24 32 | 07
#1264-d232 @A: 14 24 26 20 | 01
#1265-d232 @A: 23 08 24 26 | 10
#1266-d232 @A: 15 34 24 21 | 08
#1267-d232 @A: 14 02 21 24 | 06
#1268-d232 @A: 13 23 20 24 | 12
#1269-d232 @A: 02 24 22 13 | 05
#1270-d232 @A: 06 24 25 08 | 03
#1271-d232 @A: 11 24 06 15 | 04
#1272-d232 @A: 24 06 05 33 | 02
#1273-d232 @A: 28 24 18 34 | 11
#1274-d232 @A: 14 29 24 30 | 09
#1275-d232 @A: 24 23 04 17 | 07
#1276-d232 @A: 35 10 11 20 | 01
#1277-d232 @A: 10 35 23 33 | 10
#1278-d232 @A: 02 14 10 35 | 08
#1279-d232 @A: 31 30 10 19 | 06
#1280-d232 @A: 10 19 06 25 | 12
#1281-d232 @A: 10 27 19 30 | 05
#1282-d232 @A: 07 21 10 34 | 03
#1283-d232 @A: 02 10 05 21 | 04
#1284-d232 @A: 25 09 33 10 | 02
#1285-d232 @A: 20 23 10 31 | 11
#1286-d232 @A: 08 28 11 10 | 09
#1287-d232 @A: 06 27 17 10 | 07
#1288-d232 @A: 18 05 10 23 | 01
#1289-d232 @A: 13 23 10 16 | 10
#1290-d232 @A: 29 10 23 30 | 08
#1291-d232 @A: 29 35 14 12 | 06
#1292-d232 @A: 27 01 21 35 | 12
#1293-d232 @A: 08 31 01 35 | 05
#1294-d232 @A: 32 20 35 09 | 03
#1295-d232 @A: 17 35 15 09 | 04
#1296-d232 @A: 16 07 35 22 | 02
#1297-d232 @A: 08 35 18 30 | 11
#1298-d232 @A: 32 06 35 31 | 09
#1299-d232 @A: 17 07 35 29 | 07
#1300-d232 @A: 06 34 33 35 | 01
#1301-d232 @A: 35 30 28 03 | 10
#1302-d232 @A: 35 04 13 18 | 08
#1303-d232 @A: 01 19 12 29 | 06
#1304-d232 @A: 26 12 19 05 | 12
#1305-d232 @A: 18 12 31 19 | 05
#1306-d232 @A: 12 02 19 25 | 03
#1307-d232 @A: 05 07 01 12 | 04
#1308-d232 @A: 26 12 08 04 | 02
#1309-d232 @A: 26 12 27 33 | 11
#1310-d232 @A: 33 12 05 09 | 09
#1311-d232 @A: 12 06 09 11 | 07
#1312-d232 @A: 12 31 20 16 | 01
#1313-d232 @A: 13 15 20 12 | 10
#1314-d232 @A: 08 32 02 12 | 08
#1315-d232 @A: 27 12 16 15 | 06
#1316-d232 @A: 28 02 12 33 | 12
#1317-d232 @A: 04 34 12 03 | 05
#1318-d232 @A: 12 27 11 28 | 03
#1319-d232 @A: 14 04 16 12 | 04
#1320-d232 @A: 28 19 06 01 | 02
#1321-d232 @A: 20 34 26 19 | 11
#1322-d232 @A: 34 08 21 19 | 09
#1323-d232 @A: 25 30 19 20 | 07
#1324-d232 @A: 07 19 11 22 | 01
#1325-d232 @A: 14 27 22 19 | 10
#1326-d232 @A: 06 04 08 19 | 08
#1327-d232 @A: 19 18 07 15 | 06
#1328-d232 @A: 19 02 03 15 | 12
#1329-d232 @A: 19 07 02 14 | 05
#1330-d232 @A: 18 06 17 19 | 03
#1331-d232 @A: 28 18 19 05 | 04
#1332-d232 @A: 08 22 26 01 | 02
#1333-d232 @A: 22 11 21 01 | 11
#1334-d232 @A: 09 32 07 01 | 09
#1335-d232 @A: 01 14 09 28 | 07
#1336-d232 @A: 18 01 08 04 | 01
#1337-d232 @A: 11 07 33 01 | 10
#1338-d232 @A: 32 02 01 29 | 08
#1339-d232 @A: 03 29 01 34 | 06
#1340-d232 @A: 32 17 18 01 | 12
#1341-d232 @A: 14 09 26 31 | 05
#1342-d232 @A: 26 16 09 06 | 03
#1343-d232 @A: 26 17 15 20 | 04
#1344-d232 @A: 26 20 06 13 | 02
#1345-d232 @A: 15 02 26 11 | 11
#1346-d232 @A: 26 07 25 06 | 09
#1347-d232 @A: 27 29 13 26 | 07
#1348-d232 @A: 18 29 26 17 | 01
#1349-d232 @A: 18 26 32 16 | 10
#1350-d232 @A: 16 29 28 26 | 08
#1351-d232 @A: 28 02 21 22 | 06
#1352-d232 @A: 02 21 06 31 | 12
#1353-d232 @A: 23 21 06 33 | 05
#1354-d232 @A: 33 34 28 21 | 03
#1355-d232 @A: 11 21 06 04 | 04
#1356-d232 @A: 21 29 17 14 | 02
#1357-d232 @A: 11 32 14 21 | 11
#1358-d232 @A: 09 06 18 08 | 09
#1359-d232 @A: 09 33 31 18 | 07
#1360-d232 @A: 09 15 02 27 | 01
#1361-d232 @A: 04 09 05 03 | 10
#1362-d232 @A: 32 04 09 18 | 08
#1363-d232 @A: 04 20 22 02 | 06
#1364-d232 @A: 22 28 20 34 | 12
#1365-d232 @A: 07 31 20 17 | 05
#1366-d232 @A: 29 15 20 06 | 03
#1367-d232 @A: 20 03 18 25 | 04
#1368-d232 @A: 20 34 23 16 | 02
#1369-d232 @A: 05 20 11 18 | 11
#1370-d232 @A: 14 29 20 13 | 09
#1371-d232 @A: 20 18 04 28 | 07
#1372-d232 @A: 22 08 18 29 | 01
#1373-d232 @A: 31 16 25 22 | 10
#1374-d232 @A: 17 22 25 33 | 08
#1375-d232 @A: 23 13 22 11 | 06
#1376-d232 @A: 15 08 27 23 | 12
#1377-d232 @A: 33 25 08 07 | 05
#1378-d232 @A: 08 25 29 03 | 03
#1379-d232 @A: 17 08 13 29 | 04
#1380-d232 @A: 14 29 28 08 | 02
#1381-d232 @A: 08 14 27 11 | 11
#1382-d232 @A: 16 04 08 25 | 09
#1383-d232 @A: 30 25 17 08 | 07
#1384-d232 @A: 28 17 08 23 | 01
#1385-d232 @A: 05 31 07 03 | 10
#1386-d232 @A: 23 15 34 04 | 08
#1387-d232 @A: 15 32 05 11 | 06
#1388-d232 @A: 11 15 13 04 | 12
#1389-d232 @A: 15 18 29 23 | 05
#1390-d232 @A: 05 11 23 07 | 03
#1391-d232 @A: 23 13 07 30 | 04
#1392-d232 @A: 33 34 25 03 | 02
#1393-d232 @A: 17 33 13 03 | 11
#1394-d232 @A: 02 04 28 06 | 09
#1395-d232 @A: 06 03 32 16 | 07
#1396-d232 @A: 32 05 18 06 | 01
#1397-d232 @A: 04 05 27 28 | 10
#1398-d232 @A: 34 10 27 24 | 08
#1399-d232 @A: 24 05 14 10 | 06
#1400-d232 @A: 01 13 35 24 | 12
#1401-d232 @A: 24 19 23 06 | 05
#1402-d232 @A: 24 07 01 04 | 03
#1403-d232 @A: 09 31 34 24 | 04
#1404-d232 @A: 25 24 03 09 | 02
#1405-d232 @A: 20 28 02 24 | 11
#1406-d232 @A: 24 32 20 06 | 09
#1407-d232 @A: 05 03 13 24 | 07
#1408-d232 @A: 17 27 24 05 | 01
#1409-d232 @A: 11 24 04 30 | 10
#1410-d232 @A: 33 10 12 21 | 08
#1411-d232 @A: 10 19 07 16 | 06
#1412-d232 @A: 01 10 05 06 | 12
#1413-d232 @A: 10 01 18 11 | 05
#1414-d232 @A: 26 23 27 10 | 03
#1415-d232 @A: 10 21 04 22 | 04
#1416-d232 @A: 10 25 08 21 | 02
#1417-d232 @A: 29 31 09 10 | 11
#1418-d232 @A: 10 07 03 22 | 09
#1419-d232 @A: 10 22 13 25 | 07
#1420-d232 @A: 08 31 10 03 | 01
#1421-d232 @A: 08 04 17 10 | 10
#1422-d232 @A: 10 31 02 16 | 08
#1423-d232 @A: 06 15 10 13 | 06
#1424-d232 @A: 28 33 10 16 | 12
#1425-d232 @A: 34 06 10 32 | 05
#1426-d232 @A: 27 10 14 18 | 03
#1427-d232 @A: 16 10 32 11 | 04
#1428-d232 @A: 20 12 35 07 | 02
#1429-d232 @A: 22 23 01 35 | 11
#1430-d232 @A: 35 06 01 03 | 09
#1431-d232 @A: 35 29 22 26 | 07
#1432-d232 @A: 23 35 26 02 | 01
#1433-d232 @A: 35 21 09 04 | 10
#1434-d232 @A: 14 35 20 06 | 08
#1435-d232 @A: 22 15 35 14 | 06
#1436-d232 @A: 06 15 23 35 | 12
#1437-d232 @A: 35 33 17 27 | 05
#1438-d232 @A: 35 28 05 02 | 03
#1439-d232 @A: 35 34 25 13 | 04
#1440-d232 @A: 32 35 29 05 | 02
#1441-d232 @A: 35 16 18 11 | 11
#1442-d232 @A: 01 26 13 12 | 09
#1443-d232 @A: 01 27 18 12 | 07
#1444-d232 @A: 20 12 29 26 | 01
#1445-d232 @A: 03 12 21 29 | 10
#1446-d232 @A: 09 31 22 12 | 08
#1447-d232 @A: 06 04 15 12 | 06
#1448-d232 @A: 12 05 06 27 | 12
#1449-d232 @A: 18 32 12 34 | 05
#1450-d232 @A: 12 17 05 11 | 03
#1451-d232 @A: 12 23 25 18 | 04
#1452-d232 @A: 25 29 04 12 | 02
#1453-d232 @A: 08 19 01 07 | 11
#1454-d232 @A: 19 09 27 28 | 09
#1455-d232 @A: 19 14 31 05 | 07
#1456-d232 @A: 29 19 34 04 | 01
#1457-d232 @A: 28 13 29 19 | 10
#1458-d232 @A: 33 01 04 21 | 08
#1459-d232 @A: 31 03 01 09 | 06
#1460-d232 @A: 09 01 17 02 | 12
#1461-d232 @A: 01 22 15 05 | 05
#1462-d232 @A: 16 22 01 34 | 03
#1463-d232 @A: 08 01 15 30 | 04
#1464-d232 @A: 08 33 23 01 | 02
#1465-d232 @A: 31 01 33 28 | 11
#1466-d232 @A: 29 06 25 01 | 09
#1467-d232 @A: 11 01 30 28 | 07
#1468-d232 @A: 09 04 26 17 | 01
#1469-d232 @A: 07 23 22 26 | 10
#1470-d232 @A: 04 26 22 05 | 08
#1471-d232 @A: 23 06 26 31 | 06
#1472-d232 @A: 07 26 05 15 | 12
#1473-d232 @A: 23 15 26 13 | 05
#1474-d232 @A: 33 13 07 26 | 03
#1475-d232 @A: 27 26 02 16 | 04
#1476-d232 @A: 25 05 16 26 | 02
#1477-d232 @A: 09 21 31 16 | 11
#1478-d232 @A: 06 21 28 09 | 09
#1479-d232 @A: 09 21 03 27 | 07
#1480-d232 @A: 34 21 18 09 | 01
#1481-d232 @A: 28 14 21 20 | 10
#1482-d232 @A: 18 02 21 08 | 08
#1483-d232 @A: 32 33 21 05 | 06
#1484-d232 @A: 03 13 21 16 | 12
#1485-d232 @A: 32 04 27 21 | 05
#1486-d232 @A: 04 21 16 17 | 03
#1487-d232 @A: 22 09 15 20 | 04
#1488-d232 @A: 06 22 04 09 | 02
#1489-d232 @A: 28 22 16 09 | 11
#1490-d232 @A: 15 09 34 08 | 09
#1491-d232 @A: 02 09 28 08 | 07
#1492-d232 @A: 32 31 02 09 | 01
#1493-d232 @A: 03 02 33 09 | 10
#1494-d232 @A: 09 06 27 16 | 08
#1495-d232 @A: 34 23 14 09 | 06
#1496-d232 @A: 05 09 32 16 | 12
#1497-d232 @A: 13 09 27 18 | 05
#1498-d232 @A: 30 16 13 09 | 03
#1499-d232 @A: 08 20 06 03 | 04
#1500-d232 @A: 06 18 31 20 | 02
#1501-d232 @A: 15 07 20 16 | 11
#1502-d232 @A: 32 34 20 11 | 09
#1503-d232 @A: 34 17 25 20 | 07
#1504-d232 @A: 18 13 20 17 | 01
#1505-d232 @A: 08 22 33 14 | 10
#1506-d232 @A: 22 18 15 02 | 08
#1507-d232 @A: 22 03 11 05 | 06
#1508-d232 @A: 28 23 03 22 | 12
#1509-d232 @A: 16 32 31 08 | 05
#1510-d232 @A: 06 32 27 08 | 03
#1511-d232 @A: 30 08 34 29 | 04
#1512-d232 @A: 08 04 30 13 | 02
#1513-d232 @A: 16 18 08 23 | 11
#1514-d232 @A: 16 06 33 31 | 09
#1515-d232 @A: 05 18 31 25 | 07
#1516-d232 @A: 31 13 17 04 | 01
#1517-d232 @A: 16 31 04 11 | 10
#1518-d232 @A: 03 17 15 32 | 08
#1519-d232 @A: 15 11 16 28 | 06
#1520-d232 @A: 13 03 34 07 | 12
#1521-d232 @A: 03 25 04 07 | 05
#1522-d232 @A: 07 16 34 30 | 03
#1523-d232 @A: 14 29 33 03 | 04
#1524-d232 @A: 05 14 34 33 | 02
#1525-d232 @A: 18 34 33 17 | 11
#1526-d232 @A: 13 23 33 04 | 09
#1527-d232 @A: 30 18 27 33 | 07
#1528-d232 @A: 27 14 16 33 | 01
#1529-d232 @A: 06 14 32 02 | 10
#1530-d232 @A: 16 02 28 03 | 08
#1531-d232 @A: 25 34 02 28 | 06
#1532-d232 @A: 17 25 02 32 | 12
#1533-d232 @A: 04 17 02 27 | 05
#1534-d232 @A: 34 28 06 13 | 03
#1535-d232 @A: 06 16 13 14 | 04
#1536-d232 @A: 10 17 31 24 | 02
#1537-d232 @A: 03 24 10 33 | 11
#1538-d232 @A: 35 29 33 24 | 09
#1539-d232 @A: 24 30 12 20 | 07
#1540-d232 @A: 02 12 24 16 | 01
#1541-d232 @A: 24 26 07 19 | 10
#1542-d232 @A: 24 26 06 28 | 08
#1543-d232 @A: 26 04 18 24 | 06
#1544-d232 @A: 24 21 29 28 | 12
#1545-d232 @A: 16 24 09 17 | 05
#1546-d232 @A: 23 24 31 16 | 03
#1547-d232 @A: 24 14 06 07 | 04
#1548-d232 @A: 24 33 27 23 | 02
#1549-d232 @A: 24 11 16 03 | 11
#1550-d232 @A: 23 24 03 14 | 09
#1551-d232 @A: 17 30 13 24 | 07
#1552-d232 @A: 28 24 17 32 | 01
#1553-d232 @A: 31 12 01 10 | 10
#1554-d232 @A: 20 34 10 12 | 08
#1555-d232 @A: 15 10 03 01 | 06
#1556-d232 @A: 23 10 21 26 | 12
#1557-d232 @A: 10 26 22 33 | 05
#1558-d232 @A: 17 20 10 21 | 03
#1559-d232 @A: 28 30 10 09 | 04
#1560-d232 @A: 10 22 15 30 | 02
#1561-d232 @A: 03 28 10 18 | 11
#1562-d232 @A: 34 10 13 05 | 09
#1563-d232 @A: 34 18 16 10 | 07
#1564-d232 @A: 30 34 10 14 | 01
#1565-d232 @A: 10 30 04 32 | 10
#1566-d232 @A: 35 12 16 01 | 08
#1567-d232 @A: 04 35 22 12 | 06
#1568-d232 @A: 19 14 26 35 | 12
#1569-d232 @A: 05 19 35 27 | 05
#1570-d232 @A: 01 20 35 29 | 03
#1571-d232 @A: 33 03 35 26 | 04
#1572-d232 @A: 22 05 35 33 | 02
#1573-d232 @A: 35 15 04 08 | 11
#1574-d232 @A: 08 27 35 28 | 09
#1575-d232 @A: 35 13 03 23 | 07
#1576-d232 @A: 27 13 32 35 | 01
#1577-d232 @A: 35 28 16 13 | 10
#1578-d232 @A: 25 17 35 14 | 08
#1579-d232 @A: 19 20 21 12 | 06
#1580-d232 @A: 01 20 12 04 | 12
#1581-d232 @A: 01 12 06 23 | 05
#1582-d232 @A: 26 07 32 12 | 03
#1583-d232 @A: 14 21 06 12 | 04
#1584-d232 @A: 12 32 21 25 | 02
#1585-d232 @A: 12 27 09 17 | 11
#1586-d232 @A: 08 15 12 14 | 09
#1587-d232 @A: 30 08 12 07 | 07
#1588-d232 @A: 12 07 23 33 | 01
#1589-d232 @A: 30 28 18 12 | 10
#1590-d232 @A: 25 30 16 12 | 08
#1591-d232 @A: 25 01 21 19 | 06
#1592-d232 @A: 09 15 19 26 | 12
#1593-d232 @A: 25 31 19 09 | 05
#1594-d232 @A: 19 09 28 07 | 03
#1595-d232 @A: 19 08 20 14 | 04
#1596-d232 @A: 08 29 05 19 | 02
#1597-d232 @A: 02 19 23 31 | 11
#1598-d232 @A: 15 29 19 14 | 09
#1599-d232 @A: 02 11 27 19 | 07
#1600-d232 @A: 17 34 19 30 | 01
#1601-d232 @A: 17 19 04 25 | 10
#1602-d232 @A: 01 25 31 26 | 08
#1603-d232 @A: 21 01 31 32 | 06
#1604-d232 @A: 01 07 21 13 | 12
#1605-d232 @A: 01 22 07 28 | 05
#1606-d232 @A: 01 22 02 30 | 03
#1607-d232 @A: 28 13 08 01 | 04
#1608-d232 @A: 14 01 13 31 | 02
#1609-d232 @A: 23 04 01 31 | 11
#1610-d232 @A: 33 15 27 01 | 09
#1611-d232 @A: 01 06 15 14 | 07
#1612-d232 @A: 02 06 33 01 | 01
#1613-d232 @A: 34 30 01 23 | 10
#1614-d232 @A: 27 05 30 01 | 08
#1615-d232 @A: 11 01 16 23 | 06
#1616-d232 @A: 16 01 14 25 | 12
#1617-d232 @A: 02 25 21 26 | 05
#1618-d232 @A: 09 23 20 26 | 03
#1619-d232 @A: 05 09 26 02 | 04
#1620-d232 @A: 11 09 13 26 | 02
#1621-d232 @A: 13 22 28 26 | 11
#1622-d232 @A: 32 26 33 08 | 09
#1623-d232 @A: 02 07 16 26 | 07
#1624-d232 @A: 13 26 03 29 | 01
#1625-d232 @A: 16 26 03 04 | 10
#1626-d232 @A: 03 26 17 28 | 08
#1627-d232 @A: 18 34 26 13 | 06
#1628-d232 @A: 34 14 29 26 | 12
#1629-d232 @A: 04 26 25 34 | 05
#1630-d232 @A: 11 28 23 26 | 03
#1631-d232 @A: 20 25 09 21 | 04
#1632-d232 @A: 29 20 08 21 | 02
#1633-d232 @A: 08 32 06 21 | 11
#1634-d232 @A: 21 03 06 07 | 09
#1635-d232 @A: 21 25 28 16 | 07
#1636-d232 @A: 04 14 25 21 | 01
#1637-d232 @A: 02 09 22 11 | 10
#1638-d232 @A: 06 31 09 05 | 08
#1639-d232 @A: 29 09 03 23 | 06
#1640-d232 @A: 09 05 34 27 | 12
#1641-d232 @A: 34 09 11 28 | 05
#1642-d232 @A: 15 18 20 08 | 03
#1643-d232 @A: 33 20 08 34 | 04
#1644-d232 @A: 02 31 20 11 | 02
#1645-d232 @A: 32 20 02 15 | 11
#1646-d232 @A: 15 20 14 25 | 09
#1647-d232 @A: 32 20 07 30 | 07
#1648-d232 @A: 02 20 33 23 | 01
#1649-d232 @A: 20 11 16 06 | 10
#1650-d232 @A: 03 32 20 27 | 08
#1651-d232 @A: 23 05 20 14 | 06
#1652-d232 @A: 33 27 07 22 | 12
#1653-d232 @A: 08 13 31 02 | 05
#1654-d232 @A: 31 08 30 06 | 03
#1655-d232 @A: 16 31 27 08 | 04
#1656-d232 @A: 34 08 11 17 | 02
#1657-d232 @A: 05 08 04 32 | 11
#1658-d232 @A: 28 05 08 25 | 09
#1659-d232 @A: 28 16 08 30 | 07
#1660-d232 @A: 13 29 15 31 | 01
#1661-d232 @A: 27 13 02 31 | 10
#1662-d232 @A: 31 18 30 34 | 08
#1663-d232 @A: 32 14 31 17 | 06
#1664-d232 @A: 28 27 31 23 | 12
#1665-d232 @A: 07 15 27 32 | 05
#1666-d232 @A: 33 15 25 16 | 03
#1667-d232 @A: 25 15 05 23 | 04
#1668-d232 @A: 30 07 11 03 | 02
#1669-d232 @A: 07 05 14 29 | 11
#1670-d232 @A: 18 07 14 30 | 09
#1671-d232 @A: 11 29 07 32 | 07
#1672-d232 @A: 07 30 04 29 | 01
#1673-d232 @A: 11 04 03 33 | 10
#1674-d232 @A: 34 23 33 29 | 08
#1675-d232 @A: 32 34 33 30 | 06
#1676-d232 @A: 33 32 27 28 | 12
#1677-d232 @A: 06 02 16 18 | 05
#1678-d232 @A: 13 03 02 32 | 03
#1679-d232 @A: 02 34 16 17 | 04
#1680-d232 @A: 02 05 29 04 | 02
#1681-d232 @A: 02 30 18 32 | 11
#1682-d232 @A: 25 02 32 27 | 09
#1683-d232 @A: 34 18 06 04 | 07
#1684-d232 @A: 16 06 29 17 | 01
#1685-d232 @A: 06 30 32 28 | 10
#1686-d232 @A: 05 27 11 03 | 08
#1687-d232 @A: 28 27 03 29 | 06
#1688-d232 @A: 27 25 13 11 | 12
#1689-d232 @A: 23 17 27 18 | 05
