#0001-d242 @A: 12 03 31 02 | 09
#0002-d242 @A: 23 31 12 01 | 12
#0003-d242 @A: 17 16 24 31 | 06
#0004-d242 @A: 11 33 24 31 | 01
#0005-d242 @A: 25 31 21 15 | 11
#0006-d242 @A: 32 17 15 31 | 10
#0007-d242 @A: 31 26 17 29 | 03
#0008-d242 @A: 31 27 23 17 | 08
#0009-d242 @A: 11 23 13 31 | 04
#0010-d242 @A: 32 02 31 19 | 07
#0011-d242 @A: 35 30 21 31 | 05
#0012-d242 @A: 22 31 35 27 | 02
#0013-d242 @A: 18 30 31 27 | 09
#0014-d242 @A: 16 30 31 09 | 12
#0015-d242 @A: 31 29 07 01 | 06
#0016-d242 @A: 31 33 19 06 | 01
#0017-d242 @A: 35 31 08 10 | 11
#0018-d242 @A: 07 31 03 05 | 10
#0019-d242 @A: 34 04 08 12 | 03
#0020-d242 @A: 10 25 04 27 | 08
#0021-d242 @A: 30 17 04 05 | 04
#0022-d242 @A: 04 19 09 34 | 07
#0023-d242 @A: 16 07 04 20 | 05
#0024-d242 @A: 04 19 08 26 | 02
#0025-d242 @A: 27 23 11 04 | 09
#0026-d242 @A: 06 04 29 03 | 12
#0027-d242 @A: 19 04 29 35 | 06
#0028-d242 @A: 04 08 23 01 | 01
#0029-d242 @A: 33 07 04 01 | 11
#0030-d242 @A: 12 02 25 24 | 10
#0031-d242 @A: 12 27 24 08 | 03
#0032-d242 @A: 34 12 07 25 | 08
#0033-d242 @A: 20 25 16 12 | 04
#0034-d242 @A: 05 12 17 20 | 07
#0035-d242 @A: 11 20 12 17 | 05
#0036-d242 @A: 32 03 12 20 | 02
#0037-d242 @A: 28 32 12 13 | 09
#0038-d242 @A: 01 12 32 08 | 12
#0039-d242 @A: 12 33 21 30 | 06
#0040-d242 @A: 01 12 06 15 | 01
#0041-d242 @A: 07 12 33 11 | 11
#0042-d242 @A: 25 21 24 29 | 10
#0043-d242 @A: 26 24 08 25 | 03
#0044-d242 @A: 24 10 17 13 | 08
#0045-d242 @A: 24 14 17 01 | 04
#0046-d242 @A: 24 16 21 20 | 07
#0047-d242 @A: 24 13 07 30 | 05
#0048-d242 @A: 32 24 26 01 | 02
#0049-d242 @A: 32 07 24 08 | 09
#0050-d242 @A: 07 26 24 02 | 12
#0051-d242 @A: 02 09 24 27 | 06
#0052-d242 @A: 02 14 19 24 | 01
#0053-d242 @A: 15 24 09 14 | 11
#0054-d242 @A: 24 06 33 15 | 10
#0055-d242 @A: 03 33 10 24 | 03
#0056-d242 @A: 17 25 35 21 | 08
#0057-d242 @A: 17 02 25 19 | 04
#0058-d242 @A: 22 18 20 25 | 07
#0059-d242 @A: 08 25 30 20 | 05
#0060-d242 @A: 13 28 25 21 | 02
#0061-d242 @A: 09 32 25 19 | 09
#0062-d242 @A: 25 22 32 35 | 12
#0063-d242 @A: 14 21 25 06 | 06
#0064-d242 @A: 25 19 28 27 | 01
#0065-d242 @A: 25 22 11 29 | 11
#0066-d242 @A: 06 29 25 08 | 10
#0067-d242 @A: 28 06 25 10 | 03
#0068-d242 @A: 28 16 07 25 | 08
#0069-d242 @A: 03 01 25 28 | 04
#0070-d242 @A: 13 18 34 17 | 07
#0071-d242 @A: 11 13 17 34 | 05
#0072-d242 @A: 30 20 29 17 | 02
#0073-d242 @A: 21 03 17 15 | 09
#0074-d242 @A: 17 26 14 23 | 12
#0075-d242 @A: 17 35 15 23 | 06
#0076-d242 @A: 17 15 01 10 | 01
#0077-d242 @A: 23 06 33 17 | 11
#0078-d242 @A: 34 21 13 33 | 10
#0079-d242 @A: 19 34 08 13 | 03
#0080-d242 @A: 32 23 34 21 | 08
#0081-d242 @A: 01 34 21 09 | 04
#0082-d242 @A: 22 34 19 02 | 07
#0083-d242 @A: 02 01 35 34 | 05
#0084-d242 @A: 33 34 09 14 | 02
#0085-d242 @A: 34 14 22 07 | 09
#0086-d242 @A: 16 34 22 01 | 12
#0087-d242 @A: 15 30 34 28 | 06
#0088-d242 @A: 35 33 08 34 | 01
#0089-d242 @A: 03 28 16 34 | 11
#0090-d242 @A: 34 05 08 11 | 10
#0091-d242 @A: 20 18 13 21 | 03
#0092-d242 @A: 02 20 13 29 | 08
#0093-d242 @A: 20 09 23 32 | 04
#0094-d242 @A: 20 28 35 32 | 07
#0095-d242 @A: 20 19 26 27 | 05
#0096-d242 @A: 20 06 26 02 | 02
#0097-d242 @A: 05 26 29 20 | 09
#0098-d242 @A: 22 10 20 02 | 12
#0099-d242 @A: 14 08 20 02 | 06
#0100-d242 @A: 35 20 29 03 | 01
#0101-d242 @A: 29 20 08 33 | 11
#0102-d242 @A: 20 18 10 11 | 10
#0103-d242 @A: 20 19 11 28 | 03
#0104-d242 @A: 19 07 20 33 | 08
#0105-d242 @A: 19 20 03 08 | 04
#0106-d242 @A: 02 13 22 05 | 07
#0107-d242 @A: 13 05 29 35 | 05
#0108-d242 @A: 15 13 23 05 | 02
#0109-d242 @A: 33 07 10 13 | 09
#0110-d242 @A: 27 23 30 32 | 12
#0111-d242 @A: 15 09 18 32 | 06
#0112-d242 @A: 11 21 09 22 | 01
#0113-d242 @A: 16 29 35 21 | 11
#0114-d242 @A: 21 28 33 29 | 10
#0115-d242 @A: 06 01 03 21 | 03
#0116-d242 @A: 16 19 10 21 | 08
#0117-d242 @A: 29 26 10 11 | 04
#0118-d242 @A: 26 06 05 33 | 07
#0119-d242 @A: 35 19 26 10 | 05
#0120-d242 @A: 28 01 26 18 | 02
#0121-d242 @A: 14 27 22 11 | 09
#0122-d242 @A: 16 08 27 30 | 12
#0123-d242 @A: 33 16 27 06 | 06
#0124-d242 @A: 10 07 27 05 | 01
#0125-d242 @A: 03 15 10 09 | 11
#0126-d242 @A: 09 15 01 05 | 10
#0127-d242 @A: 35 09 11 05 | 03
#0128-d242 @A: 14 10 29 22 | 08
#0129-d242 @A: 07 18 29 22 | 04
#0130-d242 @A: 19 08 18 22 | 07
#0131-d242 @A: 10 35 05 30 | 05
#0132-d242 @A: 08 30 11 19 | 02
#0133-d242 @A: 18 29 14 06 | 09
#0134-d242 @A: 23 29 14 35 | 12
#0135-d242 @A: 08 14 15 07 | 06
#0136-d242 @A: 05 16 18 14 | 01
#0137-d242 @A: 23 11 18 03 | 11
#0138-d242 @A: 35 31 04 18 | 10
#0139-d242 @A: 35 31 12 17 | 03
#0140-d242 @A: 13 12 31 05 | 08
#0141-d242 @A: 19 11 12 31 | 04
#0142-d242 @A: 19 24 31 13 | 07
#0143-d242 @A: 24 31 05 27 | 05
#0144-d242 @A: 24 30 31 03 | 02
#0145-d242 @A: 03 31 35 34 | 09
#0146-d242 @A: 31 11 16 20 | 12
#0147-d242 @A: 20 05 31 18 | 06
#0148-d242 @A: 13 18 31 32 | 01
#0149-d242 @A: 30 14 31 13 | 11
#0150-d242 @A: 13 31 33 29 | 10
#0151-d242 @A: 32 06 27 31 | 03
#0152-d242 @A: 31 21 02 33 | 08
#0153-d242 @A: 08 31 21 06 | 04
#0154-d242 @A: 08 26 02 31 | 07
#0155-d242 @A: 30 26 31 15 | 05
#0156-d242 @A: 09 28 31 06 | 02
#0157-d242 @A: 31 29 30 10 | 09
#0158-d242 @A: 07 16 35 31 | 12
#0159-d242 @A: 10 16 31 01 | 06
#0160-d242 @A: 35 12 20 04 | 01
#0161-d242 @A: 04 05 12 21 | 11
#0162-d242 @A: 11 04 12 03 | 10
#0163-d242 @A: 17 24 04 27 | 03
#0164-d242 @A: 24 04 15 32 | 08
#0165-d242 @A: 28 25 32 04 | 04
#0166-d242 @A: 35 04 26 25 | 07
#0167-d242 @A: 04 02 25 06 | 05
#0168-d242 @A: 17 16 23 04 | 02
#0169-d242 @A: 22 21 04 34 | 09
#0170-d242 @A: 30 04 35 34 | 12
#0171-d242 @A: 11 04 20 26 | 06
#0172-d242 @A: 16 04 32 13 | 01
#0173-d242 @A: 04 35 10 32 | 11
#0174-d242 @A: 32 07 19 04 | 10
#0175-d242 @A: 35 04 27 09 | 03
#0176-d242 @A: 14 28 04 15 | 08
#0177-d242 @A: 07 29 04 08 | 04
#0178-d242 @A: 06 04 28 08 | 07
#0179-d242 @A: 23 04 10 06 | 05
#0180-d242 @A: 08 03 33 04 | 02
#0181-d242 @A: 21 19 24 12 | 09
#0182-d242 @A: 12 27 17 26 | 12
#0183-d242 @A: 28 12 34 02 | 06
#0184-d242 @A: 34 23 09 12 | 01
#0185-d242 @A: 14 16 12 34 | 11
#0186-d242 @A: 12 29 30 32 | 10
#0187-d242 @A: 21 12 16 15 | 03
#0188-d242 @A: 16 26 10 12 | 08
#0189-d242 @A: 19 12 35 16 | 04
#0190-d242 @A: 23 18 33 12 | 07
#0191-d242 @A: 13 24 06 22 | 05
#0192-d242 @A: 30 24 28 26 | 02
#0193-d242 @A: 28 01 24 27 | 09
#0194-d242 @A: 03 02 24 11 | 12
#0195-d242 @A: 14 33 22 24 | 06
#0196-d242 @A: 11 14 06 24 | 01
#0197-d242 @A: 29 06 01 24 | 11
#0198-d242 @A: 23 24 35 03 | 10
#0199-d242 @A: 24 08 35 05 | 03
#0200-d242 @A: 25 32 17 06 | 08
#0201-d242 @A: 34 25 15 32 | 04
#0202-d242 @A: 33 13 25 27 | 07
#0203-d242 @A: 05 13 11 25 | 05
#0204-d242 @A: 07 26 32 25 | 02
#0205-d242 @A: 32 25 29 18 | 09
#0206-d242 @A: 21 07 11 25 | 12
#0207-d242 @A: 08 09 22 25 | 06
#0208-d242 @A: 01 23 29 25 | 01
#0209-d242 @A: 23 03 06 25 | 11
#0210-d242 @A: 01 11 25 33 | 10
#0211-d242 @A: 25 07 08 01 | 03
#0212-d242 @A: 17 01 08 34 | 08
#0213-d242 @A: 01 02 17 13 | 04
#0214-d242 @A: 17 28 13 09 | 07
#0215-d242 @A: 13 17 14 35 | 05
#0216-d242 @A: 32 17 26 28 | 02
#0217-d242 @A: 17 09 21 05 | 09
#0218-d242 @A: 17 35 21 11 | 12
#0219-d242 @A: 17 23 09 11 | 06
#0220-d242 @A: 17 22 14 30 | 01
#0221-d242 @A: 06 07 19 17 | 11
#0222-d242 @A: 18 27 20 34 | 10
#0223-d242 @A: 30 20 34 33 | 03
#0224-d242 @A: 06 20 14 34 | 08
#0225-d242 @A: 21 35 34 05 | 04
#0226-d242 @A: 26 34 14 15 | 07
#0227-d242 @A: 34 06 02 09 | 05
#0228-d242 @A: 10 14 34 02 | 02
#0229-d242 @A: 30 03 34 09 | 09
#0230-d242 @A: 08 09 10 34 | 12
#0231-d242 @A: 33 07 29 34 | 06
#0232-d242 @A: 26 13 23 20 | 01
#0233-d242 @A: 11 20 29 13 | 11
#0234-d242 @A: 30 20 26 16 | 10
#0235-d242 @A: 20 27 07 22 | 03
#0236-d242 @A: 20 27 29 01 | 08
#0237-d242 @A: 07 28 20 23 | 04
#0238-d242 @A: 20 08 10 28 | 07
#0239-d242 @A: 32 07 13 22 | 05
#0240-d242 @A: 27 26 13 08 | 02
#0241-d242 @A: 27 13 19 10 | 09
#0242-d242 @A: 13 10 16 02 | 12
#0243-d242 @A: 33 14 13 01 | 06
#0244-d242 @A: 03 14 11 13 | 01
#0245-d242 @A: 28 15 13 33 | 11
#0246-d242 @A: 13 08 07 06 | 10
#0247-d242 @A: 01 35 13 16 | 03
#0248-d242 @A: 10 03 35 13 | 08
#0249-d242 @A: 28 13 16 19 | 04
#0250-d242 @A: 10 01 13 23 | 07
#0251-d242 @A: 13 10 33 11 | 05
#0252-d242 @A: 32 26 27 33 | 02
#0253-d242 @A: 26 32 02 16 | 09
#0254-d242 @A: 09 26 35 32 | 12
#0255-d242 @A: 32 30 26 08 | 06
#0256-d242 @A: 16 29 33 32 | 01
#0257-d242 @A: 33 06 32 28 | 11
#0258-d242 @A: 10 06 32 19 | 10
#0259-d242 @A: 32 01 16 28 | 03
#0260-d242 @A: 03 05 08 32 | 08
#0261-d242 @A: 21 16 18 26 | 04
#0262-d242 @A: 21 22 28 02 | 07
#0263-d242 @A: 21 35 07 19 | 05
#0264-d242 @A: 08 33 21 11 | 02
#0265-d242 @A: 22 19 26 30 | 09
#0266-d242 @A: 16 23 29 26 | 12
#0267-d242 @A: 26 35 03 15 | 06
#0268-d242 @A: 26 33 15 07 | 01
#0269-d242 @A: 33 26 35 16 | 11
#0270-d242 @A: 33 23 26 28 | 10
#0271-d242 @A: 07 28 26 10 | 03
#0272-d242 @A: 01 26 08 05 | 08
#0273-d242 @A: 27 02 30 07 | 04
#0274-d242 @A: 02 14 27 33 | 07
#0275-d242 @A: 30 27 33 22 | 05
#0276-d242 @A: 27 23 06 35 | 02
#0277-d242 @A: 29 16 15 02 | 09
#0278-d242 @A: 28 29 02 08 | 12
#0279-d242 @A: 05 02 15 28 | 06
#0280-d242 @A: 35 09 14 19 | 01
#0281-d242 @A: 10 23 09 29 | 11
#0282-d242 @A: 16 15 23 09 | 10
#0283-d242 @A: 05 09 08 06 | 03
#0284-d242 @A: 16 07 10 09 | 08
#0285-d242 @A: 23 09 08 03 | 04
#0286-d242 @A: 22 15 18 01 | 07
#0287-d242 @A: 07 30 14 28 | 05
#0288-d242 @A: 01 16 14 29 | 02
#0289-d242 @A: 14 07 35 03 | 09
#0290-d242 @A: 03 14 01 05 | 12
#0291-d242 @A: 01 14 10 08 | 06
#0292-d242 @A: 15 05 07 11 | 01
#0293-d242 @A: 07 35 11 08 | 11
#0294-d242 @A: 24 31 12 15 | 10
#0295-d242 @A: 25 32 31 08 | 03
#0296-d242 @A: 07 17 31 08 | 08
#0297-d242 @A: 32 31 29 20 | 04
#0298-d242 @A: 31 13 27 15 | 07
#0299-d242 @A: 16 13 23 31 | 05
#0300-d242 @A: 22 03 32 31 | 02
#0301-d242 @A: 16 21 31 14 | 09
#0302-d242 @A: 26 05 31 09 | 12
#0303-d242 @A: 28 02 27 31 | 06
#0304-d242 @A: 27 33 09 31 | 01
#0305-d242 @A: 31 01 27 03 | 11
#0306-d242 @A: 02 11 31 29 | 10
#0307-d242 @A: 11 31 09 30 | 03
#0308-d242 @A: 01 05 22 31 | 08
#0309-d242 @A: 31 23 03 29 | 04
#0310-d242 @A: 04 33 12 17 | 07
#0311-d242 @A: 19 25 04 24 | 05
#0312-d242 @A: 14 10 24 04 | 02
#0313-d242 @A: 30 25 04 23 | 09
#0314-d242 @A: 17 29 02 04 | 12
#0315-d242 @A: 30 17 11 04 | 06
#0316-d242 @A: 17 04 35 08 | 01
#0317-d242 @A: 33 34 04 16 | 11
#0318-d242 @A: 28 13 20 04 | 10
#0319-d242 @A: 20 04 30 06 | 03
#0320-d242 @A: 04 32 26 06 | 08
#0321-d242 @A: 32 05 04 11 | 04
#0322-d242 @A: 21 14 01 04 | 07
#0323-d242 @A: 15 04 26 01 | 05
#0324-d242 @A: 22 04 28 27 | 02
#0325-d242 @A: 08 09 04 02 | 09
#0326-d242 @A: 30 09 10 04 | 12
#0327-d242 @A: 05 04 16 29 | 06
#0328-d242 @A: 24 07 12 18 | 01
#0329-d242 @A: 30 12 25 03 | 11
#0330-d242 @A: 01 12 21 17 | 10
#0331-d242 @A: 28 17 22 12 | 03
#0332-d242 @A: 13 15 34 12 | 08
#0333-d242 @A: 18 34 12 21 | 04
#0334-d242 @A: 27 03 34 12 | 07
#0335-d242 @A: 01 30 12 34 | 05
#0336-d242 @A: 29 08 26 12 | 02
#0337-d242 @A: 27 19 12 09 | 09
#0338-d242 @A: 12 09 22 07 | 12
#0339-d242 @A: 11 14 30 12 | 06
#0340-d242 @A: 12 05 06 30 | 01
#0341-d242 @A: 29 33 12 06 | 11
#0342-d242 @A: 18 24 17 25 | 10
#0343-d242 @A: 23 24 15 25 | 03
#0344-d242 @A: 32 24 19 17 | 08
#0345-d242 @A: 11 16 24 17 | 04
#0346-d242 @A: 24 27 20 35 | 07
#0347-d242 @A: 02 24 05 20 | 05
#0348-d242 @A: 01 20 30 24 | 02
#0349-d242 @A: 35 24 32 02 | 09
#0350-d242 @A: 24 27 10 30 | 12
#0351-d242 @A: 24 05 22 30 | 06
#0352-d242 @A: 24 06 16 19 | 01
#0353-d242 @A: 24 28 06 07 | 11
#0354-d242 @A: 35 11 20 25 | 10
#0355-d242 @A: 25 15 13 06 | 03
#0356-d242 @A: 25 21 32 01 | 08
#0357-d242 @A: 25 14 18 27 | 04
#0358-d242 @A: 09 18 25 01 | 07
#0359-d242 @A: 22 25 30 28 | 05
#0360-d242 @A: 15 07 03 25 | 02
#0361-d242 @A: 25 23 10 35 | 09
#0362-d242 @A: 03 35 25 08 | 12
#0363-d242 @A: 17 34 03 02 | 06
#0364-d242 @A: 30 17 34 16 | 01
#0365-d242 @A: 05 13 07 17 | 11
#0366-d242 @A: 26 17 08 06 | 10
#0367-d242 @A: 26 05 17 35 | 03
#0368-d242 @A: 17 16 02 27 | 08
#0369-d242 @A: 09 29 17 16 | 04
#0370-d242 @A: 17 33 15 16 | 07
#0371-d242 @A: 07 01 18 17 | 05
#0372-d242 @A: 07 17 03 33 | 02
#0373-d242 @A: 32 01 13 34 | 09
#0374-d242 @A: 34 13 03 14 | 12
#0375-d242 @A: 34 21 07 28 | 06
#0376-d242 @A: 27 14 34 01 | 01
#0377-d242 @A: 34 03 11 30 | 11
#0378-d242 @A: 33 34 06 11 | 10
#0379-d242 @A: 34 28 33 01 | 03
#0380-d242 @A: 05 34 07 19 | 08
#0381-d242 @A: 32 13 20 33 | 04
#0382-d242 @A: 32 20 15 30 | 07
#0383-d242 @A: 21 20 22 29 | 05
#0384-d242 @A: 09 20 03 22 | 02
#0385-d242 @A: 20 30 35 22 | 09
#0386-d242 @A: 05 32 27 13 | 12
#0387-d242 @A: 26 14 13 16 | 06
#0388-d242 @A: 28 27 30 13 | 01
#0389-d242 @A: 03 02 30 13 | 11
#0390-d242 @A: 13 29 10 15 | 10
#0391-d242 @A: 21 15 05 32 | 03
#0392-d242 @A: 05 32 22 09 | 08
#0393-d242 @A: 22 32 11 23 | 04
#0394-d242 @A: 19 32 29 28 | 07
#0395-d242 @A: 05 29 23 32 | 05
#0396-d242 @A: 10 32 03 29 | 02
#0397-d242 @A: 32 05 28 18 | 09
#0398-d242 @A: 09 27 21 28 | 12
#0399-d242 @A: 21 18 27 06 | 06
#0400-d242 @A: 21 02 35 09 | 01
#0401-d242 @A: 02 23 18 21 | 11
#0402-d242 @A: 21 28 15 18 | 10
#0403-d242 @A: 33 01 15 21 | 03
#0404-d242 @A: 10 21 06 33 | 08
#0405-d242 @A: 16 05 22 26 | 04
#0406-d242 @A: 18 02 27 35 | 07
#0407-d242 @A: 15 29 08 27 | 05
#0408-d242 @A: 27 19 07 15 | 02
#0409-d242 @A: 08 27 06 03 | 09
#0410-d242 @A: 11 27 19 10 | 12
#0411-d242 @A: 02 30 15 22 | 06
#0412-d242 @A: 01 15 19 02 | 01
#0413-d242 @A: 02 06 28 23 | 11
#0414-d242 @A: 23 35 19 02 | 10
#0415-d242 @A: 09 11 10 15 | 03
#0416-d242 @A: 07 09 35 08 | 08
#0417-d242 @A: 16 05 09 03 | 04
#0418-d242 @A: 16 08 19 09 | 07
#0419-d242 @A: 09 18 28 23 | 05
#0420-d242 @A: 29 22 16 28 | 02
#0421-d242 @A: 22 28 11 05 | 09
#0422-d242 @A: 30 28 35 29 | 12
#0423-d242 @A: 15 35 07 30 | 06
#0424-d242 @A: 35 30 01 08 | 01
#0425-d242 @A: 28 19 30 03 | 11
#0426-d242 @A: 08 29 14 19 | 10
#0427-d242 @A: 14 06 23 07 | 03
#0428-d242 @A: 01 19 06 14 | 08
#0429-d242 @A: 35 11 29 01 | 04
#0430-d242 @A: 33 05 11 03 | 07
#0431-d242 @A: 23 31 04 20 | 05
#0432-d242 @A: 31 04 06 07 | 02
#0433-d242 @A: 31 25 33 12 | 09
#0434-d242 @A: 29 12 31 09 | 12
#0435-d242 @A: 24 31 33 34 | 06
#0436-d242 @A: 31 25 09 34 | 01
#0437-d242 @A: 27 31 25 29 | 11
#0438-d242 @A: 25 02 31 35 | 10
#0439-d242 @A: 16 22 25 31 | 03
#0440-d242 @A: 20 03 17 31 | 08
#0441-d242 @A: 31 01 06 17 | 04
#0442-d242 @A: 34 13 28 31 | 07
#0443-d242 @A: 10 31 34 27 | 05
#0444-d242 @A: 34 31 05 14 | 02
#0445-d242 @A: 10 31 02 09 | 09
#0446-d242 @A: 31 19 22 28 | 12
#0447-d242 @A: 31 15 16 05 | 06
#0448-d242 @A: 05 31 10 06 | 01
#0449-d242 @A: 05 31 33 35 | 11
#0450-d242 @A: 04 23 12 32 | 10
#0451-d242 @A: 18 12 04 02 | 03
#0452-d242 @A: 04 07 25 22 | 08
#0453-d242 @A: 34 05 02 04 | 04
#0454-d242 @A: 21 20 04 19 | 07
#0455-d242 @A: 13 04 09 23 | 05
#0456-d242 @A: 04 03 13 07 | 02
#0457-d242 @A: 27 04 26 29 | 09
#0458-d242 @A: 22 10 26 04 | 12
#0459-d242 @A: 01 04 06 16 | 06
#0460-d242 @A: 04 16 19 18 | 01
#0461-d242 @A: 33 05 04 28 | 11
#0462-d242 @A: 24 28 10 12 | 10
#0463-d242 @A: 12 23 25 28 | 03
#0464-d242 @A: 11 15 34 12 | 08
#0465-d242 @A: 12 22 20 26 | 04
#0466-d242 @A: 14 12 20 33 | 07
#0467-d242 @A: 21 12 13 29 | 05
#0468-d242 @A: 11 12 09 13 | 02
#0469-d242 @A: 12 35 21 32 | 09
#0470-d242 @A: 26 32 12 05 | 12
#0471-d242 @A: 12 32 06 02 | 06
#0472-d242 @A: 21 26 28 12 | 01
#0473-d242 @A: 14 26 12 18 | 11
#0474-d242 @A: 05 12 26 11 | 10
#0475-d242 @A: 27 12 23 22 | 03
#0476-d242 @A: 01 02 12 14 | 08
#0477-d242 @A: 02 11 14 12 | 04
#0478-d242 @A: 12 09 05 14 | 07
#0479-d242 @A: 12 09 16 01 | 05
#0480-d242 @A: 15 12 18 05 | 02
#0481-d242 @A: 17 09 24 06 | 09
#0482-d242 @A: 07 17 24 22 | 12
#0483-d242 @A: 24 26 03 20 | 06
#0484-d242 @A: 24 28 13 05 | 01
#0485-d242 @A: 32 30 16 24 | 11
#0486-d242 @A: 30 19 24 35 | 10
#0487-d242 @A: 24 08 23 06 | 03
#0488-d242 @A: 28 08 24 19 | 08
#0489-d242 @A: 25 34 14 29 | 04
#0490-d242 @A: 01 25 22 13 | 07
#0491-d242 @A: 33 10 32 25 | 05
#0492-d242 @A: 23 21 09 25 | 02
#0493-d242 @A: 08 02 25 27 | 09
#0494-d242 @A: 01 16 25 15 | 12
#0495-d242 @A: 25 08 15 10 | 06
#0496-d242 @A: 21 26 17 34 | 01
#0497-d242 @A: 34 17 23 29 | 11
#0498-d242 @A: 17 32 10 27 | 10
#0499-d242 @A: 32 14 08 17 | 03
#0500-d242 @A: 26 17 16 19 | 08
#0501-d242 @A: 17 22 05 27 | 04
#0502-d242 @A: 14 17 02 07 | 07
#0503-d242 @A: 23 17 09 22 | 05
#0504-d242 @A: 22 10 18 17 | 02
#0505-d242 @A: 28 17 05 03 | 09
#0506-d242 @A: 23 22 34 20 | 12
#0507-d242 @A: 23 34 35 13 | 06
#0508-d242 @A: 32 02 34 08 | 01
#0509-d242 @A: 21 11 16 34 | 11
#0510-d242 @A: 34 26 10 23 | 10
#0511-d242 @A: 27 34 29 02 | 03
#0512-d242 @A: 11 10 02 34 | 08
#0513-d242 @A: 34 08 05 29 | 04
#0514-d242 @A: 16 06 34 10 | 07
#0515-d242 @A: 34 18 11 35 | 05
#0516-d242 @A: 16 34 23 07 | 02
#0517-d242 @A: 23 18 19 34 | 09
#0518-d242 @A: 20 09 13 07 | 12
#0519-d242 @A: 32 20 14 10 | 06
#0520-d242 @A: 27 30 11 20 | 01
#0521-d242 @A: 07 06 29 20 | 11
#0522-d242 @A: 06 03 20 16 | 10
#0523-d242 @A: 23 06 05 20 | 03
#0524-d242 @A: 07 18 08 20 | 08
#0525-d242 @A: 01 05 20 28 | 04
#0526-d242 @A: 13 26 32 19 | 07
#0527-d242 @A: 13 09 32 06 | 05
#0528-d242 @A: 21 35 13 08 | 02
#0529-d242 @A: 16 22 27 13 | 09
#0530-d242 @A: 16 03 29 13 | 12
#0531-d242 @A: 08 23 29 13 | 06
#0532-d242 @A: 13 35 11 16 | 01
#0533-d242 @A: 21 10 32 26 | 11
#0534-d242 @A: 28 02 32 30 | 10
#0535-d242 @A: 22 30 01 32 | 03
#0536-d242 @A: 19 05 16 32 | 08
#0537-d242 @A: 32 10 01 11 | 04
#0538-d242 @A: 03 29 21 26 | 07
#0539-d242 @A: 27 21 01 22 | 05
#0540-d242 @A: 14 10 21 07 | 02
#0541-d242 @A: 29 10 21 18 | 09
#0542-d242 @A: 19 21 15 08 | 12
#0543-d242 @A: 21 28 16 23 | 06
#0544-d242 @A: 16 21 33 05 | 01
#0545-d242 @A: 28 19 05 21 | 11
#0546-d242 @A: 33 21 19 23 | 10
#0547-d242 @A: 23 08 15 26 | 03
#0548-d242 @A: 15 27 11 09 | 08
#0549-d242 @A: 22 14 27 03 | 04
#0550-d242 @A: 27 05 28 29 | 07
#0551-d242 @A: 27 28 18 16 | 05
#0552-d242 @A: 07 27 18 23 | 02
#0553-d242 @A: 07 02 29 03 | 09
#0554-d242 @A: 02 18 06 15 | 12
#0555-d242 @A: 05 16 02 35 | 06
#0556-d242 @A: 18 10 19 09 | 01
#0557-d242 @A: 28 07 09 05 | 11
#0558-d242 @A: 22 35 16 10 | 10
#0559-d242 @A: 03 22 16 18 | 03
#0560-d242 @A: 23 03 22 07 | 08
#0561-d242 @A: 29 23 07 30 | 04
#0562-d242 @A: 06 30 19 18 | 07
#0563-d242 @A: 16 07 30 05 | 05
#0564-d242 @A: 01 30 11 07 | 02
#0565-d242 @A: 29 28 14 03 | 09
#0566-d242 @A: 14 15 33 11 | 12
#0567-d242 @A: 35 01 18 14 | 06
#0568-d242 @A: 14 33 07 16 | 01
#0569-d242 @A: 03 19 11 29 | 11
#0570-d242 @A: 21 04 31 26 | 10
#0571-d242 @A: 31 09 01 04 | 03
#0572-d242 @A: 16 32 12 31 | 08
#0573-d242 @A: 28 31 12 30 | 04
#0574-d242 @A: 31 17 34 22 | 07
#0575-d242 @A: 34 30 31 08 | 05
#0576-d242 @A: 05 31 30 32 | 02
#0577-d242 @A: 14 11 21 31 | 09
#0578-d242 @A: 19 31 26 18 | 12
#0579-d242 @A: 10 31 33 15 | 06
#0580-d242 @A: 01 18 33 31 | 01
#0581-d242 @A: 31 08 01 19 | 11
#0582-d242 @A: 12 28 09 04 | 10
#0583-d242 @A: 24 04 01 02 | 03
#0584-d242 @A: 18 04 11 24 | 08
#0585-d242 @A: 18 34 04 25 | 04
#0586-d242 @A: 06 04 17 14 | 07
#0587-d242 @A: 04 17 03 19 | 05
#0588-d242 @A: 19 13 04 02 | 02
#0589-d242 @A: 13 22 04 33 | 09
#0590-d242 @A: 33 04 06 09 | 12
#0591-d242 @A: 16 30 04 22 | 06
#0592-d242 @A: 05 22 04 03 | 01
#0593-d242 @A: 15 08 04 05 | 11
#0594-d242 @A: 04 16 08 10 | 10
#0595-d242 @A: 19 05 01 04 | 03
#0596-d242 @A: 24 12 06 35 | 08
#0597-d242 @A: 02 12 20 09 | 04
#0598-d242 @A: 12 07 15 20 | 07
#0599-d242 @A: 22 12 13 03 | 05
#0600-d242 @A: 13 16 12 30 | 02
#0601-d242 @A: 02 21 07 12 | 09
#0602-d242 @A: 12 14 21 23 | 12
#0603-d242 @A: 11 16 12 27 | 06
#0604-d242 @A: 27 01 18 12 | 01
#0605-d242 @A: 12 08 30 22 | 11
#0606-d242 @A: 07 06 12 10 | 10
#0607-d242 @A: 01 12 07 03 | 03
#0608-d242 @A: 34 24 06 25 | 08
#0609-d242 @A: 11 09 25 24 | 04
#0610-d242 @A: 24 35 34 17 | 07
#0611-d242 @A: 08 24 20 17 | 05
#0612-d242 @A: 21 17 24 33 | 02
#0613-d242 @A: 17 23 24 30 | 09
#0614-d242 @A: 27 24 34 23 | 12
#0615-d242 @A: 14 06 24 32 | 06
#0616-d242 @A: 02 24 08 21 | 01
#0617-d242 @A: 24 15 30 21 | 11
#0618-d242 @A: 24 05 18 21 | 10
#0619-d242 @A: 26 10 24 09 | 03
#0620-d242 @A: 11 27 29 24 | 08
#0621-d242 @A: 10 23 24 02 | 04
#0622-d242 @A: 24 33 19 18 | 07
#0623-d242 @A: 11 05 23 24 | 05
#0624-d242 @A: 15 30 25 17 | 02
#0625-d242 @A: 20 28 25 34 | 09
#0626-d242 @A: 34 25 26 16 | 12
#0627-d242 @A: 25 28 11 34 | 06
#0628-d242 @A: 02 20 25 23 | 01
#0629-d242 @A: 16 03 32 25 | 11
#0630-d242 @A: 02 15 25 14 | 10
#0631-d242 @A: 25 28 33 02 | 03
#0632-d242 @A: 08 25 14 16 | 08
#0633-d242 @A: 19 25 06 35 | 04
#0634-d242 @A: 11 19 25 18 | 07
#0635-d242 @A: 25 08 23 05 | 05
#0636-d242 @A: 13 20 17 06 | 02
#0637-d242 @A: 21 22 17 13 | 09
#0638-d242 @A: 21 14 17 28 | 12
#0639-d242 @A: 17 07 27 35 | 06
#0640-d242 @A: 01 09 17 30 | 01
#0641-d242 @A: 35 22 03 17 | 11
#0642-d242 @A: 18 17 05 19 | 10
#0643-d242 @A: 07 11 17 28 | 03
#0644-d242 @A: 10 23 05 17 | 08
#0645-d242 @A: 34 09 13 29 | 04
#0646-d242 @A: 16 13 05 34 | 07
#0647-d242 @A: 06 34 22 32 | 05
#0648-d242 @A: 30 07 34 26 | 02
#0649-d242 @A: 07 15 34 18 | 09
#0650-d242 @A: 34 18 01 06 | 12
#0651-d242 @A: 06 34 28 05 | 06
#0652-d242 @A: 20 13 10 30 | 01
#0653-d242 @A: 33 02 20 35 | 11
#0654-d242 @A: 11 09 33 20 | 10
#0655-d242 @A: 23 29 15 20 | 03
#0656-d242 @A: 20 06 19 15 | 08
#0657-d242 @A: 06 35 08 20 | 04
#0658-d242 @A: 20 35 16 23 | 07
#0659-d242 @A: 15 32 13 14 | 05
#0660-d242 @A: 14 08 09 13 | 02
#0661-d242 @A: 15 22 35 13 | 09
#0662-d242 @A: 28 29 13 07 | 12
#0663-d242 @A: 03 13 18 15 | 06
#0664-d242 @A: 28 06 03 13 | 01
#0665-d242 @A: 15 27 35 32 | 11
#0666-d242 @A: 32 09 14 01 | 10
#0667-d242 @A: 32 14 23 03 | 03
#0668-d242 @A: 28 32 11 29 | 08
#0669-d242 @A: 06 16 23 32 | 04
#0670-d242 @A: 07 32 18 35 | 07
#0671-d242 @A: 01 19 33 32 | 05
#0672-d242 @A: 03 08 11 32 | 02
#0673-d242 @A: 21 05 26 02 | 09
#0674-d242 @A: 21 22 30 03 | 12
#0675-d242 @A: 15 03 21 11 | 06
#0676-d242 @A: 28 01 21 10 | 01
#0677-d242 @A: 22 18 27 26 | 11
#0678-d242 @A: 26 09 30 29 | 10
#0679-d242 @A: 35 26 14 22 | 03
#0680-d242 @A: 03 27 15 05 | 08
#0681-d242 @A: 27 35 03 16 | 04
#0682-d242 @A: 27 28 07 08 | 07
#0683-d242 @A: 19 27 03 23 | 05
#0684-d242 @A: 22 33 03 02 | 02
#0685-d242 @A: 01 11 06 09 | 09
#0686-d242 @A: 22 08 16 15 | 12
#0687-d242 @A: 19 22 15 03 | 06
#0688-d242 @A: 28 06 11 22 | 01
#0689-d242 @A: 22 06 03 10 | 11
#0690-d242 @A: 19 35 22 01 | 10
#0691-d242 @A: 22 35 19 11 | 03
#0692-d242 @A: 01 07 22 28 | 08
#0693-d242 @A: 05 22 10 19 | 04
#0694-d242 @A: 18 29 08 30 | 07
#0695-d242 @A: 23 30 05 28 | 05
#0696-d242 @A: 03 30 10 01 | 02
#0697-d242 @A: 18 19 07 14 | 09
#0698-d242 @A: 14 33 28 19 | 12
#0699-d242 @A: 11 28 10 03 | 06
#0700-d242 @A: 31 04 28 24 | 01
#0701-d242 @A: 31 04 15 34 | 11
#0702-d242 @A: 19 04 31 30 | 10
#0703-d242 @A: 11 25 31 27 | 03
#0704-d242 @A: 21 34 31 29 | 08
#0705-d242 @A: 13 07 21 31 | 04
#0706-d242 @A: 28 14 32 31 | 07
#0707-d242 @A: 29 28 31 18 | 05
#0708-d242 @A: 03 11 31 35 | 02
#0709-d242 @A: 33 03 16 31 | 09
#0710-d242 @A: 31 18 10 07 | 12
#0711-d242 @A: 31 11 10 07 | 06
#0712-d242 @A: 27 12 04 16 | 01
#0713-d242 @A: 04 24 09 05 | 11
#0714-d242 @A: 04 11 10 25 | 10
#0715-d242 @A: 04 27 06 34 | 03
#0716-d242 @A: 09 04 15 20 | 08
#0717-d242 @A: 26 07 04 09 | 04
#0718-d242 @A: 05 26 23 04 | 07
#0719-d242 @A: 27 30 03 04 | 05
#0720-d242 @A: 35 02 11 04 | 02
#0721-d242 @A: 22 09 04 18 | 09
#0722-d242 @A: 11 14 08 04 | 12
#0723-d242 @A: 19 28 04 10 | 06
#0724-d242 @A: 12 25 11 06 | 01
#0725-d242 @A: 27 12 06 20 | 11
#0726-d242 @A: 27 13 35 12 | 10
#0727-d242 @A: 29 21 12 11 | 03
#0728-d242 @A: 12 19 26 02 | 08
#0729-d242 @A: 27 15 12 30 | 04
#0730-d242 @A: 12 16 02 33 | 07
#0731-d242 @A: 22 11 12 08 | 05
#0732-d242 @A: 03 12 14 06 | 02
#0733-d242 @A: 12 35 01 29 | 09
#0734-d242 @A: 10 12 05 29 | 12
#0735-d242 @A: 08 12 15 28 | 06
#0736-d242 @A: 06 12 16 08 | 01
#0737-d242 @A: 12 35 05 03 | 11
#0738-d242 @A: 16 03 23 12 | 10
#0739-d242 @A: 05 19 12 08 | 03
#0740-d242 @A: 25 35 09 24 | 08
#0741-d242 @A: 25 24 05 01 | 04
#0742-d242 @A: 24 34 08 14 | 07
#0743-d242 @A: 20 11 21 24 | 05
#0744-d242 @A: 24 20 29 18 | 02
#0745-d242 @A: 27 21 13 24 | 09
#0746-d242 @A: 21 32 24 28 | 12
#0747-d242 @A: 24 23 22 32 | 06
#0748-d242 @A: 24 05 32 33 | 01
#0749-d242 @A: 29 07 16 24 | 11
#0750-d242 @A: 24 06 18 10 | 10
#0751-d242 @A: 07 01 23 24 | 03
#0752-d242 @A: 23 32 13 25 | 08
#0753-d242 @A: 02 25 01 10 | 04
#0754-d242 @A: 09 28 25 29 | 07
#0755-d242 @A: 06 25 22 33 | 05
#0756-d242 @A: 09 17 07 34 | 02
#0757-d242 @A: 02 18 17 20 | 09
#0758-d242 @A: 03 32 17 13 | 12
#0759-d242 @A: 13 11 17 19 | 06
#0760-d242 @A: 32 22 33 17 | 01
#0761-d242 @A: 08 27 21 17 | 11
#0762-d242 @A: 17 08 22 02 | 10
#0763-d242 @A: 06 17 28 29 | 03
#0764-d242 @A: 19 23 17 28 | 08
#0765-d242 @A: 34 20 10 35 | 04
#0766-d242 @A: 13 06 34 30 | 07
#0767-d242 @A: 11 34 27 32 | 05
#0768-d242 @A: 34 35 32 14 | 02
#0769-d242 @A: 19 21 06 34 | 09
#0770-d242 @A: 27 26 34 05 | 12
#0771-d242 @A: 34 27 22 08 | 06
#0772-d242 @A: 29 34 01 15 | 01
#0773-d242 @A: 35 34 18 29 | 11
#0774-d242 @A: 15 34 08 06 | 10
#0775-d242 @A: 34 15 33 19 | 03
#0776-d242 @A: 08 34 28 23 | 08
#0777-d242 @A: 14 15 20 21 | 04
#0778-d242 @A: 05 20 02 11 | 07
#0779-d242 @A: 06 10 20 09 | 05
#0780-d242 @A: 01 20 07 35 | 02
#0781-d242 @A: 35 20 19 05 | 09
#0782-d242 @A: 08 05 20 16 | 12
#0783-d242 @A: 03 20 10 07 | 06
#0784-d242 @A: 13 30 35 32 | 01
#0785-d242 @A: 07 32 11 13 | 11
#0786-d242 @A: 02 28 13 14 | 10
#0787-d242 @A: 30 15 09 13 | 03
#0788-d242 @A: 01 18 29 13 | 08
#0789-d242 @A: 08 28 13 01 | 04
#0790-d242 @A: 01 13 19 03 | 07
#0791-d242 @A: 21 14 33 32 | 05
#0792-d242 @A: 32 08 21 29 | 02
#0793-d242 @A: 09 32 08 27 | 09
#0794-d242 @A: 29 22 32 27 | 12
#0795-d242 @A: 16 27 14 32 | 06
#0796-d242 @A: 32 18 19 27 | 01
#0797-d242 @A: 08 22 32 28 | 11
#0798-d242 @A: 30 32 06 03 | 10
#0799-d242 @A: 08 32 33 15 | 03
#0800-d242 @A: 21 22 07 26 | 08
#0801-d242 @A: 27 33 21 03 | 04
#0802-d242 @A: 29 21 23 06 | 07
#0803-d242 @A: 07 21 05 06 | 05
#0804-d242 @A: 30 35 27 26 | 02
#0805-d242 @A: 27 26 28 03 | 09
#0806-d242 @A: 26 02 18 30 | 12
#0807-d242 @A: 29 02 26 35 | 06
#0808-d242 @A: 22 33 26 09 | 01
#0809-d242 @A: 22 03 08 26 | 11
#0810-d242 @A: 01 10 26 29 | 10
#0811-d242 @A: 26 18 15 10 | 03
#0812-d242 @A: 05 19 15 26 | 08
#0813-d242 @A: 03 33 19 26 | 04
#0814-d242 @A: 26 08 33 10 | 07
#0815-d242 @A: 26 11 08 10 | 05
#0816-d242 @A: 03 18 27 29 | 02
#0817-d242 @A: 23 27 16 05 | 09
#0818-d242 @A: 30 14 02 09 | 12
#0819-d242 @A: 15 09 02 07 | 06
#0820-d242 @A: 11 02 09 28 | 01
#0821-d242 @A: 19 02 16 03 | 11
#0822-d242 @A: 01 02 07 05 | 10
#0823-d242 @A: 35 09 15 29 | 03
#0824-d242 @A: 06 01 09 23 | 08
#0825-d242 @A: 09 10 35 01 | 04
#0826-d242 @A: 05 35 28 22 | 07
#0827-d242 @A: 08 07 05 22 | 05
#0828-d242 @A: 14 29 30 33 | 02
#0829-d242 @A: 01 15 30 14 | 09
#0830-d242 @A: 14 05 30 19 | 12
#0831-d242 @A: 30 07 06 33 | 06
#0832-d242 @A: 10 33 30 23 | 01
#0833-d242 @A: 05 15 35 14 | 11
#0834-d242 @A: 10 11 35 14 | 10
#0835-d242 @A: 28 14 23 01 | 03
#0836-d242 @A: 15 08 28 11 | 08
#0837-d242 @A: 01 19 11 15 | 04
#0838-d242 @A: 28 16 23 11 | 07
#0839-d242 @A: 27 08 31 04 | 05
#0840-d242 @A: 31 12 08 14 | 02
#0841-d242 @A: 31 24 25 07 | 09
#0842-d242 @A: 32 31 34 07 | 12
#0843-d242 @A: 31 20 30 07 | 06
#0844-d242 @A: 35 14 20 31 | 01
#0845-d242 @A: 09 35 31 13 | 11
#0846-d242 @A: 14 27 19 31 | 10
#0847-d242 @A: 31 22 07 02 | 03
#0848-d242 @A: 31 02 23 14 | 08
#0849-d242 @A: 31 18 15 08 | 04
#0850-d242 @A: 28 01 15 31 | 07
#0851-d242 @A: 23 10 31 19 | 05
#0852-d242 @A: 25 12 04 15 | 02
#0853-d242 @A: 04 12 06 13 | 09
#0854-d242 @A: 24 34 07 04 | 12
#0855-d242 @A: 34 04 26 13 | 06
#0856-d242 @A: 18 13 27 04 | 01
#0857-d242 @A: 05 10 04 13 | 11
#0858-d242 @A: 32 21 03 04 | 10
#0859-d242 @A: 26 02 28 04 | 03
#0860-d242 @A: 04 09 11 19 | 08
#0861-d242 @A: 04 16 35 28 | 04
#0862-d242 @A: 05 35 07 04 | 07
#0863-d242 @A: 01 04 18 10 | 05
#0864-d242 @A: 08 25 12 17 | 02
#0865-d242 @A: 25 18 13 12 | 09
#0866-d242 @A: 17 19 12 30 | 12
#0867-d242 @A: 17 29 14 12 | 06
#0868-d242 @A: 12 34 29 22 | 01
#0869-d242 @A: 12 07 13 26 | 11
#0870-d242 @A: 03 15 12 29 | 10
#0871-d242 @A: 23 12 10 15 | 03
#0872-d242 @A: 28 12 35 07 | 08
#0873-d242 @A: 16 28 12 05 | 04
#0874-d242 @A: 01 12 18 11 | 07
#0875-d242 @A: 33 07 12 08 | 05
#0876-d242 @A: 22 24 25 10 | 02
#0877-d242 @A: 24 14 25 28 | 09
#0878-d242 @A: 34 18 24 32 | 12
#0879-d242 @A: 34 19 24 26 | 06
#0880-d242 @A: 21 26 23 24 | 01
#0881-d242 @A: 24 09 21 07 | 11
#0882-d242 @A: 26 24 06 27 | 10
#0883-d242 @A: 29 22 24 26 | 03
#0884-d242 @A: 24 22 27 19 | 08
#0885-d242 @A: 22 18 02 24 | 04
#0886-d242 @A: 30 24 02 06 | 07
#0887-d242 @A: 33 08 09 24 | 05
#0888-d242 @A: 28 03 24 22 | 02
#0889-d242 @A: 24 15 07 05 | 09
#0890-d242 @A: 13 25 20 35 | 12
#0891-d242 @A: 25 10 20 05 | 06
#0892-d242 @A: 25 07 14 13 | 01
#0893-d242 @A: 21 25 05 27 | 11
#0894-d242 @A: 21 02 03 25 | 10
#0895-d242 @A: 25 15 27 22 | 03
#0896-d242 @A: 33 09 25 15 | 08
#0897-d242 @A: 16 30 25 35 | 04
#0898-d242 @A: 05 19 25 03 | 07
#0899-d242 @A: 35 09 17 20 | 05
#0900-d242 @A: 14 16 20 17 | 02
#0901-d242 @A: 17 30 07 32 | 09
#0902-d242 @A: 27 14 17 15 | 12
#0903-d242 @A: 17 14 09 03 | 06
#0904-d242 @A: 17 06 16 22 | 01
#0905-d242 @A: 29 17 18 15 | 11
#0906-d242 @A: 10 33 28 17 | 10
#0907-d242 @A: 26 34 22 28 | 03
#0908-d242 @A: 10 28 34 29 | 08
#0909-d242 @A: 34 35 15 16 | 04
#0910-d242 @A: 03 23 34 15 | 07
#0911-d242 @A: 07 35 34 06 | 05
#0912-d242 @A: 33 06 34 03 | 02
#0913-d242 @A: 32 02 27 20 | 09
#0914-d242 @A: 16 22 20 32 | 12
#0915-d242 @A: 26 21 20 35 | 06
#0916-d242 @A: 19 20 10 29 | 01
#0917-d242 @A: 15 18 35 20 | 11
#0918-d242 @A: 16 19 01 20 | 10
#0919-d242 @A: 13 02 21 32 | 03
#0920-d242 @A: 22 13 26 11 | 08
#0921-d242 @A: 06 10 26 13 | 04
#0922-d242 @A: 26 35 13 28 | 07
#0923-d242 @A: 11 02 13 30 | 05
#0924-d242 @A: 06 33 35 13 | 02
#0925-d242 @A: 18 16 13 07 | 09
#0926-d242 @A: 19 13 33 05 | 12
#0927-d242 @A: 27 32 21 07 | 06
#0928-d242 @A: 21 18 22 32 | 01
#0929-d242 @A: 21 11 32 30 | 11
#0930-d242 @A: 32 11 09 26 | 10
#0931-d242 @A: 32 22 26 15 | 03
#0932-d242 @A: 32 01 29 02 | 08
#0933-d242 @A: 03 01 32 15 | 04
#0934-d242 @A: 32 23 33 35 | 07
#0935-d242 @A: 10 07 32 23 | 05
#0936-d242 @A: 30 16 21 02 | 02
#0937-d242 @A: 21 22 09 16 | 09
#0938-d242 @A: 05 21 01 29 | 12
#0939-d242 @A: 26 03 11 27 | 06
#0940-d242 @A: 30 26 06 11 | 01
#0941-d242 @A: 14 26 07 01 | 11
#0942-d242 @A: 18 26 29 33 | 10
#0943-d242 @A: 16 26 15 11 | 03
#0944-d242 @A: 28 19 06 26 | 08
#0945-d242 @A: 23 18 26 03 | 04
#0946-d242 @A: 07 18 26 05 | 07
#0947-d242 @A: 09 06 29 27 | 05
#0948-d242 @A: 14 08 27 05 | 02
#0949-d242 @A: 29 19 27 16 | 09
#0950-d242 @A: 16 10 27 15 | 12
#0951-d242 @A: 33 27 35 28 | 06
#0952-d242 @A: 05 27 35 01 | 01
#0953-d242 @A: 01 27 16 07 | 11
#0954-d242 @A: 27 01 33 08 | 10
#0955-d242 @A: 09 01 02 28 | 03
#0956-d242 @A: 02 08 05 30 | 08
#0957-d242 @A: 02 06 35 03 | 04
#0958-d242 @A: 35 10 28 02 | 07
#0959-d242 @A: 08 02 18 33 | 05
#0960-d242 @A: 06 09 19 03 | 02
#0961-d242 @A: 16 28 09 33 | 09
#0962-d242 @A: 01 03 22 29 | 12
#0963-d242 @A: 07 15 06 22 | 06
#0964-d242 @A: 07 19 16 22 | 01
#0965-d242 @A: 22 33 18 28 | 11
#0966-d242 @A: 15 30 23 06 | 10
#0967-d242 @A: 30 08 28 33 | 03
#0968-d242 @A: 16 23 10 14 | 08
#0969-d242 @A: 31 04 29 22 | 04
#0970-d242 @A: 31 12 21 27 | 07
#0971-d242 @A: 13 31 10 25 | 05
#0972-d242 @A: 25 01 14 31 | 02
#0973-d242 @A: 25 23 31 18 | 09
#0974-d242 @A: 31 21 18 17 | 12
#0975-d242 @A: 02 05 31 17 | 06
#0976-d242 @A: 11 26 31 34 | 01
#0977-d242 @A: 02 18 31 34 | 11
#0978-d242 @A: 20 31 13 01 | 10
#0979-d242 @A: 28 21 31 20 | 03
#0980-d242 @A: 31 05 23 21 | 08
#0981-d242 @A: 07 31 33 28 | 04
#0982-d242 @A: 04 07 12 30 | 07
#0983-d242 @A: 26 24 16 04 | 05
#0984-d242 @A: 25 13 04 08 | 02
#0985-d242 @A: 32 17 09 04 | 09
#0986-d242 @A: 04 20 34 01 | 12
#0987-d242 @A: 03 04 10 34 | 06
#0988-d242 @A: 03 02 20 04 | 01
#0989-d242 @A: 14 29 13 04 | 11
#0990-d242 @A: 14 05 32 04 | 10
#0991-d242 @A: 02 04 07 23 | 03
#0992-d242 @A: 04 22 19 06 | 08
#0993-d242 @A: 15 30 29 04 | 04
#0994-d242 @A: 04 03 01 35 | 07
#0995-d242 @A: 07 04 11 16 | 05
#0996-d242 @A: 24 17 12 03 | 02
#0997-d242 @A: 13 12 24 01 | 09
#0998-d242 @A: 33 26 12 24 | 12
#0999-d242 @A: 25 32 12 27 | 06
#1000-d242 @A: 19 12 10 34 | 01
#1001-d242 @A: 20 30 12 18 | 11
#1002-d242 @A: 02 13 08 12 | 10
#1003-d242 @A: 09 30 35 12 | 03
#1004-d242 @A: 18 09 12 08 | 08
#1005-d242 @A: 12 16 18 29 | 04
#1006-d242 @A: 28 18 12 06 | 07
#1007-d242 @A: 35 10 12 18 | 05
#1008-d242 @A: 12 28 03 33 | 02
#1009-d242 @A: 16 24 27 25 | 09
#1010-d242 @A: 20 34 24 13 | 12
#1011-d242 @A: 34 09 28 24 | 06
#1012-d242 @A: 01 34 03 24 | 01
#1013-d242 @A: 14 24 20 07 | 11
#1014-d242 @A: 20 15 24 10 | 10
#1015-d242 @A: 29 24 32 13 | 03
#1016-d242 @A: 13 24 26 18 | 08
#1017-d242 @A: 24 14 29 27 | 04
#1018-d242 @A: 18 24 27 15 | 07
#1019-d242 @A: 33 27 07 24 | 05
#1020-d242 @A: 30 10 11 24 | 02
#1021-d242 @A: 33 29 35 24 | 09
#1022-d242 @A: 24 29 08 10 | 12
#1023-d242 @A: 35 01 24 15 | 06
#1024-d242 @A: 25 27 17 03 | 01
#1025-d242 @A: 23 25 33 34 | 11
#1026-d242 @A: 25 21 20 07 | 10
#1027-d242 @A: 20 01 06 25 | 03
#1028-d242 @A: 21 19 25 22 | 08
#1029-d242 @A: 25 05 28 26 | 04
#1030-d242 @A: 27 25 07 06 | 07
#1031-d242 @A: 16 11 14 25 | 05
#1032-d242 @A: 19 08 33 25 | 02
#1033-d242 @A: 11 03 08 25 | 09
#1034-d242 @A: 17 20 01 32 | 12
#1035-d242 @A: 20 23 17 21 | 06
#1036-d242 @A: 20 19 22 17 | 01
#1037-d242 @A: 22 17 26 01 | 11
#1038-d242 @A: 11 17 08 27 | 10
#1039-d242 @A: 02 17 30 35 | 03
#1040-d242 @A: 28 17 18 30 | 08
#1041-d242 @A: 29 03 17 08 | 04
#1042-d242 @A: 06 17 35 10 | 07
#1043-d242 @A: 35 17 18 16 | 05
#1044-d242 @A: 05 01 17 16 | 02
#1045-d242 @A: 02 20 07 34 | 09
#1046-d242 @A: 20 34 05 09 | 12
#1047-d242 @A: 07 27 13 34 | 06
#1048-d242 @A: 27 34 28 32 | 01
#1049-d242 @A: 32 30 10 34 | 11
#1050-d242 @A: 34 26 02 33 | 10
#1051-d242 @A: 26 09 18 34 | 03
#1052-d242 @A: 19 27 34 30 | 08
#1053-d242 @A: 09 11 34 14 | 04
#1054-d242 @A: 34 33 05 22 | 07
#1055-d242 @A: 28 18 14 34 | 05
#1056-d242 @A: 15 10 34 05 | 02
#1057-d242 @A: 11 23 34 19 | 09
#1058-d242 @A: 13 20 03 27 | 12
#1059-d242 @A: 20 32 26 18 | 06
#1060-d242 @A: 01 32 11 20 | 01
#1061-d242 @A: 33 20 09 21 | 11
#1062-d242 @A: 14 20 27 30 | 10
#1063-d242 @A: 09 29 14 20 | 03
#1064-d242 @A: 20 14 22 01 | 08
#1065-d242 @A: 11 20 15 22 | 04
#1066-d242 @A: 05 14 20 11 | 07
#1067-d242 @A: 10 23 20 18 | 05
#1068-d242 @A: 13 09 02 18 | 02
#1069-d242 @A: 14 18 13 22 | 09
#1070-d242 @A: 23 28 13 22 | 12
#1071-d242 @A: 23 13 06 18 | 06
#1072-d242 @A: 05 06 13 01 | 01
#1073-d242 @A: 08 33 13 16 | 11
#1074-d242 @A: 28 10 13 18 | 10
#1075-d242 @A: 29 14 26 32 | 03
#1076-d242 @A: 15 06 29 32 | 08
#1077-d242 @A: 35 05 32 06 | 04
#1078-d242 @A: 18 32 23 01 | 07
#1079-d242 @A: 21 26 19 11 | 05
#1080-d242 @A: 27 02 21 19 | 02
#1081-d242 @A: 21 14 27 35 | 09
#1082-d242 @A: 28 11 21 27 | 12
#1083-d242 @A: 23 21 11 02 | 06
#1084-d242 @A: 06 28 35 21 | 01
#1085-d242 @A: 08 21 01 16 | 11
#1086-d242 @A: 19 18 01 21 | 10
#1087-d242 @A: 02 27 26 01 | 03
#1088-d242 @A: 26 10 14 27 | 08
#1089-d242 @A: 11 14 28 26 | 04
#1090-d242 @A: 06 35 26 01 | 07
#1091-d242 @A: 26 35 08 18 | 05
#1092-d242 @A: 07 23 11 26 | 02
#1093-d242 @A: 07 27 11 02 | 09
#1094-d242 @A: 07 09 03 27 | 12
#1095-d242 @A: 27 11 33 06 | 06
#1096-d242 @A: 05 02 06 14 | 01
#1097-d242 @A: 02 06 16 07 | 11
#1098-d242 @A: 11 16 06 02 | 10
#1099-d242 @A: 02 01 33 06 | 03
#1100-d242 @A: 03 18 02 28 | 08
#1101-d242 @A: 19 11 33 02 | 04
#1102-d242 @A: 06 22 30 09 | 07
#1103-d242 @A: 09 29 19 33 | 05
#1104-d242 @A: 09 35 33 18 | 02
#1105-d242 @A: 03 09 28 35 | 09
#1106-d242 @A: 07 11 18 09 | 12
#1107-d242 @A: 22 07 10 30 | 06
#1108-d242 @A: 05 23 22 18 | 01
#1109-d242 @A: 29 11 30 15 | 11
#1110-d242 @A: 30 06 10 08 | 10
#1111-d242 @A: 30 28 16 10 | 03
#1112-d242 @A: 30 23 16 01 | 08
#1113-d242 @A: 14 07 29 05 | 04
#1114-d242 @A: 06 15 14 10 | 07
#1115-d242 @A: 23 18 15 14 | 05
#1116-d242 @A: 14 03 15 33 | 02
#1117-d242 @A: 14 33 05 23 | 09
#1118-d242 @A: 03 14 19 10 | 12
#1119-d242 @A: 23 11 06 29 | 06
#1120-d242 @A: 12 07 31 19 | 01
#1121-d242 @A: 20 24 06 31 | 11
#1122-d242 @A: 31 24 32 10 | 10
#1123-d242 @A: 31 29 02 24 | 03
#1124-d242 @A: 17 31 28 25 | 08
#1125-d242 @A: 31 20 25 19 | 04
#1126-d242 @A: 30 06 31 25 | 07
#1127-d242 @A: 17 31 19 09 | 05
#1128-d242 @A: 11 31 17 05 | 02
#1129-d242 @A: 23 31 34 06 | 09
#1130-d242 @A: 31 16 19 34 | 12
#1131-d242 @A: 02 15 20 31 | 06
#1132-d242 @A: 26 22 13 31 | 01
#1133-d242 @A: 23 31 32 26 | 11
#1134-d242 @A: 03 19 21 31 | 10
#1135-d242 @A: 31 29 08 16 | 03
#1136-d242 @A: 05 29 19 31 | 08
#1137-d242 @A: 06 11 08 31 | 04
#1138-d242 @A: 08 28 31 05 | 07
#1139-d242 @A: 08 23 31 33 | 05
#1140-d242 @A: 26 04 03 12 | 02
#1141-d242 @A: 19 04 14 12 | 09
#1142-d242 @A: 14 04 33 25 | 12
#1143-d242 @A: 17 04 21 07 | 06
#1144-d242 @A: 15 22 04 17 | 01
#1145-d242 @A: 34 04 29 32 | 11
#1146-d242 @A: 21 13 04 15 | 10
#1147-d242 @A: 30 13 04 01 | 03
#1148-d242 @A: 02 32 04 22 | 08
#1149-d242 @A: 18 04 30 32 | 04
#1150-d242 @A: 04 21 09 29 | 07
#1151-d242 @A: 04 30 21 28 | 05
#1152-d242 @A: 04 06 21 11 | 02
#1153-d242 @A: 21 04 35 33 | 09
#1154-d242 @A: 04 21 08 18 | 12
#1155-d242 @A: 04 18 33 15 | 06
#1156-d242 @A: 05 34 24 12 | 01
#1157-d242 @A: 12 16 24 22 | 11
#1158-d242 @A: 14 30 24 12 | 10
#1159-d242 @A: 10 12 25 21 | 03
#1160-d242 @A: 17 23 12 13 | 08
#1161-d242 @A: 09 17 10 12 | 04
#1162-d242 @A: 19 12 20 13 | 07
#1163-d242 @A: 08 12 20 21 | 05
#1164-d242 @A: 02 12 22 35 | 02
#1165-d242 @A: 02 30 10 12 | 09
#1166-d242 @A: 33 15 35 12 | 12
#1167-d242 @A: 19 12 23 06 | 06
#1168-d242 @A: 23 12 07 05 | 01
#1169-d242 @A: 33 05 12 01 | 11
#1170-d242 @A: 03 13 25 24 | 10
#1171-d242 @A: 15 26 17 24 | 03
#1172-d242 @A: 13 09 16 24 | 08
#1173-d242 @A: 11 08 24 13 | 04
#1174-d242 @A: 02 13 25 34 | 07
#1175-d242 @A: 21 25 34 08 | 05
#1176-d242 @A: 19 30 25 13 | 02
#1177-d242 @A: 32 30 14 25 | 09
#1178-d242 @A: 25 21 18 30 | 12
#1179-d242 @A: 23 25 27 26 | 06
#1180-d242 @A: 26 25 18 06 | 01
#1181-d242 @A: 18 02 07 25 | 11
#1182-d242 @A: 07 09 25 30 | 10
#1183-d242 @A: 25 16 29 10 | 03
#1184-d242 @A: 05 06 16 25 | 08
#1185-d242 @A: 25 18 16 33 | 04
#1186-d242 @A: 10 18 25 03 | 07
#1187-d242 @A: 32 34 17 05 | 05
#1188-d242 @A: 19 14 34 17 | 02
#1189-d242 @A: 20 17 07 26 | 09
#1190-d242 @A: 17 20 27 28 | 12
#1191-d242 @A: 02 32 23 17 | 06
#1192-d242 @A: 17 29 19 21 | 01
#1193-d242 @A: 17 26 03 30 | 11
#1194-d242 @A: 02 11 17 22 | 10
#1195-d242 @A: 11 14 17 18 | 03
#1196-d242 @A: 11 29 33 17 | 08
#1197-d242 @A: 28 35 17 01 | 04
#1198-d242 @A: 34 29 20 16 | 07
#1199-d242 @A: 32 03 26 34 | 05
#1200-d242 @A: 32 16 09 34 | 02
#1201-d242 @A: 34 21 27 16 | 09
#1202-d242 @A: 26 06 34 29 | 12
#1203-d242 @A: 22 09 35 34 | 06
#1204-d242 @A: 34 30 18 22 | 01
#1205-d242 @A: 30 20 02 19 | 11
#1206-d242 @A: 20 15 22 05 | 10
#1207-d242 @A: 03 20 33 05 | 03
#1208-d242 @A: 21 09 13 10 | 08
#1209-d242 @A: 26 05 30 13 | 04
#1210-d242 @A: 27 23 13 02 | 07
#1211-d242 @A: 13 22 30 29 | 05
#1212-d242 @A: 29 06 19 13 | 02
#1213-d242 @A: 13 07 01 15 | 09
#1214-d242 @A: 07 01 06 32 | 12
#1215-d242 @A: 32 19 35 03 | 06
#1216-d242 @A: 21 09 08 30 | 01
#1217-d242 @A: 06 15 21 09 | 11
#1218-d242 @A: 07 03 16 21 | 10
#1219-d242 @A: 21 08 23 07 | 03
#1220-d242 @A: 10 21 08 05 | 08
#1221-d242 @A: 14 02 26 03 | 04
#1222-d242 @A: 11 26 01 02 | 07
#1223-d242 @A: 28 26 09 08 | 05
#1224-d242 @A: 23 22 26 06 | 02
#1225-d242 @A: 15 29 28 26 | 09
#1226-d242 @A: 26 15 16 06 | 12
#1227-d242 @A: 18 33 26 11 | 06
#1228-d242 @A: 05 03 26 10 | 01
#1229-d242 @A: 22 02 27 06 | 11
#1230-d242 @A: 09 30 05 27 | 10
#1231-d242 @A: 35 10 29 27 | 03
#1232-d242 @A: 10 27 06 01 | 08
#1233-d242 @A: 29 09 22 02 | 04
#1234-d242 @A: 02 05 19 09 | 07
#1235-d242 @A: 11 18 02 08 | 05
#1236-d242 @A: 02 33 19 10 | 02
#1237-d242 @A: 19 30 23 09 | 09
#1238-d242 @A: 06 07 09 18 | 12
#1239-d242 @A: 05 35 09 23 | 06
#1240-d242 @A: 11 16 03 09 | 01
#1241-d242 @A: 03 09 33 01 | 11
#1242-d242 @A: 19 07 01 09 | 10
#1243-d242 @A: 15 22 29 33 | 03
#1244-d242 @A: 07 22 35 33 | 08
#1245-d242 @A: 10 33 01 22 | 04
#1246-d242 @A: 14 16 03 30 | 07
#1247-d242 @A: 30 29 19 01 | 05
#1248-d242 @A: 11 07 14 29 | 02
#1249-d242 @A: 18 03 08 14 | 09
#1250-d242 @A: 10 04 12 31 | 12
#1251-d242 @A: 13 04 17 31 | 06
#1252-d242 @A: 12 06 31 26 | 01
#1253-d242 @A: 18 12 31 22 | 11
#1254-d242 @A: 31 35 26 24 | 10
#1255-d242 @A: 24 08 22 31 | 03
#1256-d242 @A: 14 24 18 31 | 08
#1257-d242 @A: 16 27 31 20 | 04
#1258-d242 @A: 33 20 22 31 | 07
#1259-d242 @A: 01 35 31 32 | 05
#1260-d242 @A: 10 22 21 31 | 02
#1261-d242 @A: 31 26 14 33 | 09
#1262-d242 @A: 16 31 26 28 | 12
#1263-d242 @A: 30 01 02 31 | 06
#1264-d242 @A: 03 18 31 09 | 01
#1265-d242 @A: 23 22 30 31 | 11
#1266-d242 @A: 01 31 22 11 | 10
#1267-d242 @A: 19 15 31 35 | 03
#1268-d242 @A: 04 22 20 24 | 08
#1269-d242 @A: 04 25 21 16 | 04
#1270-d242 @A: 04 18 26 17 | 07
#1271-d242 @A: 14 34 04 23 | 05
#1272-d242 @A: 20 05 04 27 | 02
#1273-d242 @A: 27 19 04 33 | 09
#1274-d242 @A: 02 14 04 35 | 12
#1275-d242 @A: 16 14 04 09 | 06
#1276-d242 @A: 22 04 08 14 | 01
#1277-d242 @A: 04 35 22 23 | 11
#1278-d242 @A: 04 22 11 33 | 10
#1279-d242 @A: 29 23 04 18 | 03
#1280-d242 @A: 04 28 01 29 | 08
#1281-d242 @A: 04 19 15 23 | 04
#1282-d242 @A: 04 10 07 15 | 07
#1283-d242 @A: 03 23 04 28 | 05
#1284-d242 @A: 24 11 32 12 | 02
#1285-d242 @A: 12 22 05 25 | 09
#1286-d242 @A: 07 17 16 12 | 12
#1287-d242 @A: 01 20 12 10 | 06
#1288-d242 @A: 22 10 12 32 | 01
#1289-d242 @A: 15 32 12 19 | 11
#1290-d242 @A: 26 12 23 30 | 10
#1291-d242 @A: 27 33 12 10 | 03
#1292-d242 @A: 22 12 19 33 | 08
#1293-d242 @A: 12 18 03 19 | 04
#1294-d242 @A: 19 12 28 01 | 07
#1295-d242 @A: 10 12 08 03 | 05
#1296-d242 @A: 24 20 32 25 | 02
#1297-d242 @A: 02 28 17 24 | 09
#1298-d242 @A: 24 11 34 22 | 12
#1299-d242 @A: 24 20 33 28 | 06
#1300-d242 @A: 21 24 22 35 | 01
#1301-d242 @A: 24 21 14 03 | 11
#1302-d242 @A: 30 09 18 24 | 10
#1303-d242 @A: 23 28 24 29 | 03
#1304-d242 @A: 35 15 24 11 | 08
#1305-d242 @A: 16 15 28 24 | 04
#1306-d242 @A: 08 03 16 24 | 07
#1307-d242 @A: 11 19 07 24 | 05
#1308-d242 @A: 29 25 22 17 | 02
#1309-d242 @A: 14 05 17 25 | 09
#1310-d242 @A: 25 23 07 17 | 12
#1311-d242 @A: 26 15 20 25 | 06
#1312-d242 @A: 09 27 25 20 | 01
#1313-d242 @A: 09 13 25 05 | 11
#1314-d242 @A: 05 32 02 25 | 10
#1315-d242 @A: 26 02 25 22 | 03
#1316-d242 @A: 16 02 09 25 | 08
#1317-d242 @A: 23 30 25 11 | 04
#1318-d242 @A: 25 29 07 35 | 07
#1319-d242 @A: 33 01 35 25 | 05
#1320-d242 @A: 28 25 18 08 | 02
#1321-d242 @A: 10 25 19 07 | 09
#1322-d242 @A: 33 13 26 17 | 12
#1323-d242 @A: 17 19 13 15 | 06
#1324-d242 @A: 10 21 17 30 | 01
#1325-d242 @A: 02 26 17 10 | 11
#1326-d242 @A: 08 05 17 33 | 10
#1327-d242 @A: 19 17 08 10 | 03
#1328-d242 @A: 34 10 13 22 | 08
#1329-d242 @A: 34 23 02 30 | 04
#1330-d242 @A: 18 08 16 34 | 07
#1331-d242 @A: 34 05 18 03 | 05
#1332-d242 @A: 13 20 22 08 | 02
#1333-d242 @A: 32 07 20 05 | 09
#1334-d242 @A: 20 21 02 01 | 12
#1335-d242 @A: 15 27 20 33 | 06
#1336-d242 @A: 27 08 23 20 | 01
#1337-d242 @A: 20 16 28 02 | 11
#1338-d242 @A: 20 16 09 18 | 10
#1339-d242 @A: 20 23 03 30 | 03
#1340-d242 @A: 23 19 20 14 | 08
#1341-d242 @A: 06 03 11 20 | 04
#1342-d242 @A: 28 20 19 18 | 07
#1343-d242 @A: 20 03 01 18 | 05
#1344-d242 @A: 33 23 01 20 | 02
#1345-d242 @A: 19 13 21 14 | 09
#1346-d242 @A: 26 13 15 02 | 12
#1347-d242 @A: 13 27 01 09 | 06
#1348-d242 @A: 13 22 19 09 | 01
#1349-d242 @A: 08 13 18 05 | 11
#1350-d242 @A: 03 33 23 13 | 10
#1351-d242 @A: 32 09 10 28 | 03
#1352-d242 @A: 14 22 19 32 | 08
#1353-d242 @A: 19 14 11 32 | 04
#1354-d242 @A: 16 32 15 07 | 07
#1355-d242 @A: 32 35 16 08 | 05
#1356-d242 @A: 32 33 16 11 | 02
#1357-d242 @A: 03 32 07 28 | 09
#1358-d242 @A: 10 01 32 05 | 12
#1359-d242 @A: 15 27 26 21 | 06
#1360-d242 @A: 07 21 01 30 | 01
#1361-d242 @A: 18 35 21 03 | 11
#1362-d242 @A: 35 01 21 23 | 10
#1363-d242 @A: 16 18 21 11 | 03
#1364-d242 @A: 10 21 03 23 | 08
#1365-d242 @A: 06 26 14 09 | 04
#1366-d242 @A: 26 03 16 01 | 07
#1367-d242 @A: 10 02 03 27 | 05
#1368-d242 @A: 27 33 29 23 | 02
#1369-d242 @A: 01 27 15 23 | 09
#1370-d242 @A: 06 27 19 05 | 12
#1371-d242 @A: 27 19 08 35 | 06
#1372-d242 @A: 27 05 18 33 | 01
#1373-d242 @A: 27 08 18 10 | 11
#1374-d242 @A: 10 23 27 28 | 10
#1375-d242 @A: 22 14 16 02 | 03
#1376-d242 @A: 18 02 29 19 | 08
#1377-d242 @A: 33 29 05 02 | 04
#1378-d242 @A: 15 23 33 02 | 07
#1379-d242 @A: 08 02 06 19 | 05
#1380-d242 @A: 03 23 05 02 | 02
#1381-d242 @A: 02 08 10 07 | 09
#1382-d242 @A: 23 19 22 29 | 12
#1383-d242 @A: 28 22 15 10 | 06
#1384-d242 @A: 22 06 01 08 | 01
#1385-d242 @A: 22 33 23 16 | 11
#1386-d242 @A: 11 07 22 03 | 10
#1387-d242 @A: 30 35 06 14 | 03
#1388-d242 @A: 14 30 18 10 | 08
#1389-d242 @A: 10 15 30 19 | 04
#1390-d242 @A: 16 30 33 19 | 07
#1391-d242 @A: 30 28 11 33 | 05
#1392-d242 @A: 28 35 14 08 | 02
#1393-d242 @A: 14 28 10 05 | 09
#1394-d242 @A: 01 11 23 14 | 12
#1395-d242 @A: 11 05 29 18 | 06
#1396-d242 @A: 33 04 32 31 | 01
#1397-d242 @A: 03 04 14 31 | 11
#1398-d242 @A: 31 04 15 11 | 10
#1399-d242 @A: 34 12 31 20 | 03
#1400-d242 @A: 01 21 31 24 | 08
#1401-d242 @A: 31 23 24 09 | 04
#1402-d242 @A: 34 31 01 26 | 07
#1403-d242 @A: 10 26 31 20 | 05
#1404-d242 @A: 31 13 02 06 | 02
#1405-d242 @A: 08 31 03 13 | 09
#1406-d242 @A: 31 32 21 09 | 12
#1407-d242 @A: 31 11 32 35 | 06
#1408-d242 @A: 15 31 22 09 | 01
#1409-d242 @A: 06 15 03 31 | 11
#1410-d242 @A: 31 07 15 23 | 10
#1411-d242 @A: 10 31 03 28 | 03
#1412-d242 @A: 04 35 13 24 | 08
#1413-d242 @A: 23 04 33 24 | 04
#1414-d242 @A: 17 04 25 01 | 07
#1415-d242 @A: 10 17 04 20 | 05
#1416-d242 @A: 08 32 04 20 | 02
#1417-d242 @A: 26 33 04 20 | 09
#1418-d242 @A: 13 11 04 28 | 12
#1419-d242 @A: 01 27 04 32 | 06
#1420-d242 @A: 21 27 23 04 | 01
#1421-d242 @A: 04 02 21 10 | 11
#1422-d242 @A: 14 30 04 26 | 10
#1423-d242 @A: 04 27 07 14 | 03
#1424-d242 @A: 30 33 02 04 | 08
#1425-d242 @A: 16 03 04 15 | 04
#1426-d242 @A: 18 04 05 06 | 07
#1427-d242 @A: 23 12 24 20 | 05
#1428-d242 @A: 24 12 32 09 | 02
#1429-d242 @A: 12 25 01 26 | 09
#1430-d242 @A: 25 12 06 09 | 12
#1431-d242 @A: 35 25 12 14 | 06
#1432-d242 @A: 26 35 34 12 | 01
#1433-d242 @A: 14 13 12 10 | 11
#1434-d242 @A: 12 32 14 07 | 10
#1435-d242 @A: 12 09 21 03 | 03
#1436-d242 @A: 06 12 21 22 | 08
#1437-d242 @A: 27 12 02 05 | 04
#1438-d242 @A: 29 23 12 02 | 07
#1439-d242 @A: 22 15 14 12 | 05
#1440-d242 @A: 23 35 12 08 | 02
#1441-d242 @A: 33 25 30 24 | 09
#1442-d242 @A: 05 29 24 17 | 12
#1443-d242 @A: 10 34 24 21 | 06
#1444-d242 @A: 16 02 34 24 | 01
#1445-d242 @A: 02 13 24 33 | 11
#1446-d242 @A: 02 24 15 03 | 10
#1447-d242 @A: 16 14 35 24 | 03
#1448-d242 @A: 24 15 19 29 | 08
#1449-d242 @A: 24 28 18 35 | 04
#1450-d242 @A: 24 35 07 10 | 07
#1451-d242 @A: 05 16 24 10 | 05
#1452-d242 @A: 23 24 05 19 | 02
#1453-d242 @A: 19 24 03 07 | 09
#1454-d242 @A: 17 10 25 34 | 12
#1455-d242 @A: 34 27 35 25 | 06
#1456-d242 @A: 20 14 25 03 | 01
#1457-d242 @A: 26 10 30 25 | 11
#1458-d242 @A: 30 01 25 27 | 10
#1459-d242 @A: 29 15 05 25 | 03
#1460-d242 @A: 29 03 33 25 | 08
#1461-d242 @A: 11 25 23 15 | 04
#1462-d242 @A: 19 23 16 25 | 07
#1463-d242 @A: 17 13 27 29 | 05
#1464-d242 @A: 29 35 32 17 | 02
#1465-d242 @A: 17 02 21 06 | 09
#1466-d242 @A: 27 17 18 09 | 12
#1467-d242 @A: 17 01 27 19 | 06
#1468-d242 @A: 17 14 33 18 | 01
#1469-d242 @A: 05 15 06 17 | 11
#1470-d242 @A: 07 28 17 15 | 10
#1471-d242 @A: 10 06 11 17 | 03
#1472-d242 @A: 16 28 08 17 | 08
#1473-d242 @A: 18 17 23 08 | 04
#1474-d242 @A: 17 03 01 11 | 07
#1475-d242 @A: 34 32 19 20 | 05
#1476-d242 @A: 21 03 20 34 | 02
#1477-d242 @A: 07 20 34 11 | 09
#1478-d242 @A: 19 34 35 28 | 12
#1479-d242 @A: 18 33 10 34 | 06
#1480-d242 @A: 34 23 05 01 | 01
#1481-d242 @A: 34 03 08 07 | 11
#1482-d242 @A: 16 13 20 15 | 10
#1483-d242 @A: 20 26 09 01 | 03
#1484-d242 @A: 14 20 28 26 | 08
#1485-d242 @A: 28 06 22 20 | 04
#1486-d242 @A: 03 28 15 20 | 07
#1487-d242 @A: 20 01 08 15 | 05
#1488-d242 @A: 18 33 06 20 | 02
#1489-d242 @A: 33 20 16 10 | 09
#1490-d242 @A: 20 11 23 08 | 12
#1491-d242 @A: 08 13 32 10 | 06
#1492-d242 @A: 30 23 13 21 | 01
#1493-d242 @A: 13 06 21 16 | 11
#1494-d242 @A: 05 03 21 13 | 10
#1495-d242 @A: 21 13 11 01 | 03
#1496-d242 @A: 03 09 26 13 | 08
#1497-d242 @A: 13 11 27 18 | 04
#1498-d242 @A: 35 13 07 02 | 07
#1499-d242 @A: 19 23 13 07 | 05
#1500-d242 @A: 19 21 32 30 | 02
#1501-d242 @A: 03 02 32 09 | 09
#1502-d242 @A: 18 32 14 02 | 12
#1503-d242 @A: 32 02 15 10 | 06
#1504-d242 @A: 32 09 33 30 | 01
#1505-d242 @A: 15 28 32 23 | 11
#1506-d242 @A: 32 23 19 08 | 10
#1507-d242 @A: 26 09 21 19 | 03
#1508-d242 @A: 30 29 21 27 | 08
#1509-d242 @A: 14 21 18 09 | 04
#1510-d242 @A: 05 22 21 14 | 07
#1511-d242 @A: 21 10 35 15 | 05
#1512-d242 @A: 09 02 26 23 | 02
#1513-d242 @A: 26 30 01 33 | 09
#1514-d242 @A: 19 07 29 26 | 12
#1515-d242 @A: 03 06 26 07 | 06
#1516-d242 @A: 35 23 26 07 | 01
#1517-d242 @A: 22 27 09 10 | 11
#1518-d242 @A: 09 23 14 27 | 10
#1519-d242 @A: 27 11 30 35 | 03
#1520-d242 @A: 27 06 28 15 | 08
#1521-d242 @A: 01 27 05 11 | 04
#1522-d242 @A: 02 08 35 15 | 07
#1523-d242 @A: 08 16 23 02 | 05
#1524-d242 @A: 02 07 28 19 | 02
#1525-d242 @A: 02 08 03 01 | 09
#1526-d242 @A: 09 11 29 08 | 12
#1527-d242 @A: 19 09 15 28 | 06
#1528-d242 @A: 23 07 09 33 | 01
#1529-d242 @A: 09 10 33 05 | 11
#1530-d242 @A: 29 08 35 22 | 10
#1531-d242 @A: 18 35 06 22 | 03
#1532-d242 @A: 11 16 10 22 | 08
#1533-d242 @A: 14 23 08 30 | 04
#1534-d242 @A: 30 29 06 16 | 07
#1535-d242 @A: 03 30 05 29 | 05
#1536-d242 @A: 15 16 30 18 | 02
#1537-d242 @A: 01 28 06 30 | 09
#1538-d242 @A: 30 08 19 07 | 12
#1539-d242 @A: 16 19 14 15 | 06
#1540-d242 @A: 06 08 33 14 | 01
#1541-d242 @A: 33 35 10 14 | 11
#1542-d242 @A: 16 19 11 29 | 10
#1543-d242 @A: 35 06 07 11 | 03
#1544-d242 @A: 23 11 35 33 | 08
#1545-d242 @A: 08 16 01 11 | 04
#1546-d242 @A: 05 25 31 04 | 07
#1547-d242 @A: 31 16 02 04 | 05
#1548-d242 @A: 25 31 26 03 | 02
#1549-d242 @A: 33 30 31 17 | 09
#1550-d242 @A: 17 31 10 14 | 12
#1551-d242 @A: 09 31 08 20 | 06
#1552-d242 @A: 27 26 07 31 | 01
#1553-d242 @A: 31 14 07 09 | 11
#1554-d242 @A: 22 31 06 14 | 10
#1555-d242 @A: 31 29 15 14 | 03
#1556-d242 @A: 31 06 29 35 | 08
#1557-d242 @A: 06 18 16 31 | 04
#1558-d242 @A: 28 31 23 35 | 07
#1559-d242 @A: 28 31 18 11 | 05
#1560-d242 @A: 04 24 12 29 | 02
#1561-d242 @A: 01 22 04 12 | 09
#1562-d242 @A: 24 06 21 04 | 12
#1563-d242 @A: 30 24 08 04 | 06
#1564-d242 @A: 18 24 03 04 | 01
#1565-d242 @A: 20 25 04 29 | 11
#1566-d242 @A: 25 04 09 03 | 10
#1567-d242 @A: 04 34 28 17 | 03
#1568-d242 @A: 11 04 29 34 | 08
#1569-d242 @A: 01 04 34 11 | 04
#1570-d242 @A: 04 14 20 18 | 07
#1571-d242 @A: 15 02 27 04 | 05
#1572-d242 @A: 10 04 33 29 | 02
#1573-d242 @A: 35 15 04 06 | 09
#1574-d242 @A: 04 07 28 18 | 12
#1575-d242 @A: 29 19 12 25 | 06
#1576-d242 @A: 12 06 17 34 | 01
#1577-d242 @A: 32 18 17 12 | 11
#1578-d242 @A: 15 12 17 02 | 10
#1579-d242 @A: 32 33 34 12 | 03
#1580-d242 @A: 12 29 28 20 | 08
#1581-d242 @A: 09 13 12 33 | 04
#1582-d242 @A: 15 09 26 12 | 07
#1583-d242 @A: 27 28 12 14 | 05
#1584-d242 @A: 07 29 12 27 | 02
#1585-d242 @A: 12 35 11 28 | 09
#1586-d242 @A: 10 23 11 12 | 12
#1587-d242 @A: 34 22 24 15 | 06
#1588-d242 @A: 29 24 30 34 | 01
#1589-d242 @A: 24 20 19 09 | 11
#1590-d242 @A: 23 24 14 13 | 10
#1591-d242 @A: 24 08 15 13 | 03
#1592-d242 @A: 03 24 27 32 | 08
#1593-d242 @A: 24 26 14 05 | 04
#1594-d242 @A: 26 24 35 11 | 07
#1595-d242 @A: 22 01 24 09 | 05
#1596-d242 @A: 09 29 03 24 | 02
#1597-d242 @A: 03 05 06 24 | 09
#1598-d242 @A: 18 24 23 16 | 12
#1599-d242 @A: 01 16 33 24 | 06
#1600-d242 @A: 01 24 08 18 | 01
#1601-d242 @A: 11 24 01 28 | 11
#1602-d242 @A: 01 10 24 19 | 10
#1603-d242 @A: 20 17 25 33 | 03
#1604-d242 @A: 13 16 25 17 | 08
#1605-d242 @A: 09 25 17 26 | 04
#1606-d242 @A: 11 25 17 26 | 07
#1607-d242 @A: 34 25 22 03 | 05
#1608-d242 @A: 30 05 25 34 | 02
#1609-d242 @A: 25 19 01 34 | 09
#1610-d242 @A: 29 25 26 13 | 12
#1611-d242 @A: 02 11 32 25 | 06
#1612-d242 @A: 25 26 33 21 | 01
#1613-d242 @A: 26 25 14 19 | 11
#1614-d242 @A: 29 25 30 02 | 10
#1615-d242 @A: 10 09 14 25 | 03
#1616-d242 @A: 23 14 22 25 | 08
#1617-d242 @A: 15 28 25 35 | 04
#1618-d242 @A: 15 19 18 25 | 07
#1619-d242 @A: 18 25 35 05 | 05
#1620-d242 @A: 07 05 25 33 | 02
#1621-d242 @A: 15 17 34 20 | 09
#1622-d242 @A: 33 27 34 17 | 12
#1623-d242 @A: 08 13 17 30 | 06
#1624-d242 @A: 17 21 16 32 | 01
#1625-d242 @A: 17 32 11 15 | 11
#1626-d242 @A: 06 27 17 30 | 10
#1627-d242 @A: 09 33 17 02 | 03
#1628-d242 @A: 17 08 15 09 | 08
#1629-d242 @A: 01 29 17 33 | 04
#1630-d242 @A: 07 29 10 17 | 07
#1631-d242 @A: 06 18 03 17 | 05
#1632-d242 @A: 35 19 17 33 | 02
#1633-d242 @A: 10 17 03 16 | 09
#1634-d242 @A: 23 01 03 17 | 12
#1635-d242 @A: 20 26 34 08 | 06
#1636-d242 @A: 02 15 34 21 | 01
#1637-d242 @A: 14 21 34 30 | 11
#1638-d242 @A: 15 34 27 09 | 10
#1639-d242 @A: 34 19 03 29 | 03
#1640-d242 @A: 07 01 34 10 | 08
#1641-d242 @A: 20 05 13 14 | 04
#1642-d242 @A: 20 21 32 06 | 07
#1643-d242 @A: 21 20 10 27 | 05
#1644-d242 @A: 05 30 21 20 | 02
#1645-d242 @A: 30 28 09 20 | 09
#1646-d242 @A: 13 21 01 26 | 12
#1647-d242 @A: 27 13 06 14 | 06
#1648-d242 @A: 13 18 33 30 | 01
#1649-d242 @A: 15 11 13 06 | 11
#1650-d242 @A: 13 35 18 19 | 10
#1651-d242 @A: 33 02 32 07 | 03
#1652-d242 @A: 32 29 07 09 | 08
#1653-d242 @A: 08 18 32 06 | 04
#1654-d242 @A: 32 11 18 06 | 07
#1655-d242 @A: 16 32 18 10 | 05
#1656-d242 @A: 33 03 18 32 | 02
#1657-d242 @A: 21 26 06 30 | 09
#1658-d242 @A: 26 08 14 21 | 12
#1659-d242 @A: 21 14 02 29 | 06
#1660-d242 @A: 15 22 21 23 | 01
#1661-d242 @A: 22 21 08 33 | 11
#1662-d242 @A: 21 07 15 29 | 10
#1663-d242 @A: 33 07 21 18 | 03
#1664-d242 @A: 21 08 28 03 | 08
#1665-d242 @A: 05 10 11 21 | 04
#1666-d242 @A: 27 09 26 16 | 07
#1667-d242 @A: 26 08 07 16 | 05
#1668-d242 @A: 26 19 23 01 | 02
#1669-d242 @A: 02 01 22 23 | 09
#1670-d242 @A: 10 02 06 29 | 12
#1671-d242 @A: 11 15 02 18 | 06
#1672-d242 @A: 02 18 01 16 | 01
#1673-d242 @A: 10 05 02 18 | 11
#1674-d242 @A: 28 09 22 14 | 10
#1675-d242 @A: 09 29 18 05 | 03
#1676-d242 @A: 29 09 01 08 | 08
#1677-d242 @A: 09 06 16 35 | 04
#1678-d242 @A: 22 18 11 30 | 07
#1679-d242 @A: 05 29 06 22 | 05
#1680-d242 @A: 08 22 23 10 | 02
#1681-d242 @A: 05 30 15 33 | 09
#1682-d242 @A: 08 03 30 15 | 12
#1683-d242 @A: 35 30 23 18 | 06
#1684-d242 @A: 30 03 35 33 | 01
#1685-d242 @A: 05 16 30 11 | 11
#1686-d242 @A: 07 30 18 03 | 10
#1687-d242 @A: 18 05 01 30 | 03
#1688-d242 @A: 28 16 14 06 | 08
#1689-d242 @A: 11 05 19 06 | 04
