#0001-d245 @A: 31 18 35 14 | 11
#0002-d245 @A: 32 35 29 26 | 12
#0003-d245 @A: 12 11 25 35 | 08
#0004-d245 @A: 20 35 23 25 | 01
#0005-d245 @A: 08 35 07 02 | 07
#0006-d245 @A: 35 11 08 17 | 03
#0007-d245 @A: 35 17 03 33 | 06
#0008-d245 @A: 35 30 16 15 | 05
#0009-d245 @A: 09 33 30 35 | 04
#0010-d245 @A: 35 11 26 21 | 09
#0011-d245 @A: 35 26 19 33 | 10
#0012-d245 @A: 15 30 34 18 | 02
#0013-d245 @A: 13 33 34 32 | 11
#0014-d245 @A: 21 32 34 17 | 12
#0015-d245 @A: 34 23 22 05 | 08
#0016-d245 @A: 24 34 17 02 | 01
#0017-d245 @A: 34 27 01 13 | 07
#0018-d245 @A: 26 34 07 08 | 03
#0019-d245 @A: 34 06 09 30 | 06
#0020-d245 @A: 10 30 04 34 | 05
#0021-d245 @A: 32 28 08 18 | 04
#0022-d245 @A: 13 18 14 28 | 09
#0023-d245 @A: 27 18 12 28 | 10
#0024-d245 @A: 18 28 26 33 | 02
#0025-d245 @A: 33 25 18 09 | 11
#0026-d245 @A: 25 18 30 01 | 12
#0027-d245 @A: 12 03 18 25 | 08
#0028-d245 @A: 16 18 19 05 | 01
#0029-d245 @A: 24 18 17 09 | 07
#0030-d245 @A: 24 18 33 31 | 03
#0031-d245 @A: 18 33 29 13 | 06
#0032-d245 @A: 29 03 01 18 | 05
#0033-d245 @A: 18 33 17 07 | 04
#0034-d245 @A: 07 14 18 19 | 09
#0035-d245 @A: 01 18 02 07 | 10
#0036-d245 @A: 23 17 18 20 | 02
#0037-d245 @A: 11 18 01 09 | 11
#0038-d245 @A: 09 18 23 11 | 12
#0039-d245 @A: 04 31 18 19 | 08
#0040-d245 @A: 03 27 18 31 | 01
#0041-d245 @A: 18 26 31 20 | 07
#0042-d245 @A: 18 06 10 30 | 03
#0043-d245 @A: 18 11 02 12 | 06
#0044-d245 @A: 26 11 19 18 | 05
#0045-d245 @A: 32 16 28 03 | 04
#0046-d245 @A: 28 05 27 13 | 09
#0047-d245 @A: 09 05 04 28 | 10
#0048-d245 @A: 28 11 15 05 | 02
#0049-d245 @A: 28 03 24 07 | 11
#0050-d245 @A: 24 30 28 14 | 12
#0051-d245 @A: 04 24 26 28 | 08
#0052-d245 @A: 10 15 28 29 | 01
#0053-d245 @A: 26 28 01 23 | 07
#0054-d245 @A: 06 02 28 04 | 03
#0055-d245 @A: 04 28 21 23 | 06
#0056-d245 @A: 06 20 28 19 | 05
#0057-d245 @A: 12 10 28 22 | 04
#0058-d245 @A: 23 10 20 28 | 09
#0059-d245 @A: 02 25 32 24 | 10
#0060-d245 @A: 01 32 25 04 | 02
#0061-d245 @A: 05 32 11 07 | 11
#0062-d245 @A: 15 05 31 32 | 12
#0063-d245 @A: 10 24 32 08 | 08
#0064-d245 @A: 23 20 32 29 | 01
#0065-d245 @A: 23 12 07 32 | 07
#0066-d245 @A: 10 32 17 16 | 03
#0067-d245 @A: 32 15 30 17 | 06
#0068-d245 @A: 32 12 06 16 | 05
#0069-d245 @A: 08 03 14 32 | 04
#0070-d245 @A: 09 14 32 11 | 09
#0071-d245 @A: 02 04 14 32 | 10
#0072-d245 @A: 32 11 26 04 | 02
#0073-d245 @A: 33 03 32 12 | 11
#0074-d245 @A: 12 32 11 22 | 12
#0075-d245 @A: 10 25 07 24 | 08
#0076-d245 @A: 29 25 02 17 | 01
#0077-d245 @A: 25 01 29 11 | 07
#0078-d245 @A: 25 16 11 23 | 03
#0079-d245 @A: 26 27 09 25 | 06
#0080-d245 @A: 31 25 33 06 | 05
#0081-d245 @A: 02 31 25 23 | 04
#0082-d245 @A: 25 33 23 12 | 09
#0083-d245 @A: 19 10 25 22 | 10
#0084-d245 @A: 15 24 05 06 | 02
#0085-d245 @A: 24 12 23 05 | 11
#0086-d245 @A: 05 29 20 03 | 12
#0087-d245 @A: 04 15 17 05 | 08
#0088-d245 @A: 16 09 05 11 | 01
#0089-d245 @A: 05 08 06 14 | 07
#0090-d245 @A: 10 01 05 08 | 03
#0091-d245 @A: 09 05 02 20 | 06
#0092-d245 @A: 13 24 17 27 | 05
#0093-d245 @A: 07 01 20 24 | 04
#0094-d245 @A: 01 16 24 23 | 09
#0095-d245 @A: 08 03 24 33 | 10
#0096-d245 @A: 24 14 33 01 | 02
#0097-d245 @A: 04 24 33 19 | 11
#0098-d245 @A: 24 06 19 03 | 12
#0099-d245 @A: 26 14 29 07 | 08
#0100-d245 @A: 29 06 07 03 | 01
#0101-d245 @A: 21 11 07 29 | 07
#0102-d245 @A: 29 27 16 23 | 03
#0103-d245 @A: 29 09 01 31 | 06
#0104-d245 @A: 15 02 22 29 | 05
#0105-d245 @A: 23 29 15 19 | 04
#0106-d245 @A: 06 22 29 20 | 09
#0107-d245 @A: 20 11 27 29 | 10
#0108-d245 @A: 29 22 33 11 | 02
#0109-d245 @A: 29 02 23 26 | 11
#0110-d245 @A: 15 13 17 31 | 12
#0111-d245 @A: 10 01 13 16 | 08
#0112-d245 @A: 13 23 06 27 | 01
#0113-d245 @A: 02 13 33 06 | 07
#0114-d245 @A: 12 13 27 21 | 03
#0115-d245 @A: 21 13 19 30 | 06
#0116-d245 @A: 13 26 03 27 | 05
#0117-d245 @A: 17 07 01 06 | 04
#0118-d245 @A: 10 08 07 27 | 09
#0119-d245 @A: 20 09 15 07 | 10
#0120-d245 @A: 11 02 09 07 | 02
#0121-d245 @A: 20 31 22 07 | 11
#0122-d245 @A: 07 04 19 23 | 12
#0123-d245 @A: 33 07 21 06 | 08
#0124-d245 @A: 17 16 27 09 | 01
#0125-d245 @A: 16 33 19 17 | 07
#0126-d245 @A: 31 33 04 17 | 03
#0127-d245 @A: 17 11 12 03 | 06
#0128-d245 @A: 17 10 27 19 | 05
#0129-d245 @A: 10 14 16 15 | 04
#0130-d245 @A: 16 09 15 23 | 09
#0131-d245 @A: 06 33 04 16 | 10
#0132-d245 @A: 03 26 04 16 | 02
#0133-d245 @A: 16 20 10 03 | 11
#0134-d245 @A: 08 11 04 21 | 12
#0135-d245 @A: 21 26 33 08 | 08
#0136-d245 @A: 08 21 30 10 | 01
#0137-d245 @A: 27 20 26 08 | 07
#0138-d245 @A: 30 26 02 08 | 03
#0139-d245 @A: 22 20 04 14 | 06
#0140-d245 @A: 22 14 23 06 | 05
#0141-d245 @A: 19 03 14 20 | 04
#0142-d245 @A: 14 20 26 02 | 09
#0143-d245 @A: 21 30 09 22 | 10
#0144-d245 @A: 10 11 26 09 | 02
#0145-d245 @A: 02 09 26 22 | 11
#0146-d245 @A: 33 01 19 30 | 12
#0147-d245 @A: 27 06 31 15 | 08
#0148-d245 @A: 03 04 15 30 | 01
#0149-d245 @A: 22 15 26 11 | 07
#0150-d245 @A: 28 34 35 33 | 03
#0151-d245 @A: 35 20 32 34 | 06
#0152-d245 @A: 34 29 25 35 | 05
#0153-d245 @A: 13 35 34 02 | 04
#0154-d245 @A: 18 28 04 35 | 09
#0155-d245 @A: 18 16 35 07 | 10
#0156-d245 @A: 05 28 35 02 | 02
#0157-d245 @A: 35 29 30 28 | 11
#0158-d245 @A: 05 14 35 32 | 12
#0159-d245 @A: 13 32 35 11 | 08
#0160-d245 @A: 35 24 25 19 | 01
#0161-d245 @A: 14 25 30 35 | 07
#0162-d245 @A: 33 29 35 05 | 03
#0163-d245 @A: 12 13 05 35 | 06
#0164-d245 @A: 26 17 24 35 | 05
#0165-d245 @A: 24 12 35 01 | 04
#0166-d245 @A: 35 08 30 13 | 09
#0167-d245 @A: 15 02 35 17 | 10
#0168-d245 @A: 31 15 35 04 | 02
#0169-d245 @A: 21 12 03 35 | 11
#0170-d245 @A: 21 18 34 24 | 12
#0171-d245 @A: 25 16 28 34 | 08
#0172-d245 @A: 29 21 34 28 | 01
#0173-d245 @A: 02 34 10 28 | 07
#0174-d245 @A: 34 10 32 01 | 03
#0175-d245 @A: 34 05 31 23 | 06
#0176-d245 @A: 19 34 05 26 | 05
#0177-d245 @A: 21 34 13 26 | 04
#0178-d245 @A: 15 04 34 33 | 09
#0179-d245 @A: 32 06 18 14 | 10
#0180-d245 @A: 23 06 32 18 | 02
#0181-d245 @A: 18 17 25 16 | 11
#0182-d245 @A: 15 31 18 25 | 12
#0183-d245 @A: 18 07 27 05 | 08
#0184-d245 @A: 27 18 15 17 | 01
#0185-d245 @A: 18 19 02 33 | 07
#0186-d245 @A: 04 10 28 32 | 03
#0187-d245 @A: 28 11 25 24 | 06
#0188-d245 @A: 25 28 09 12 | 05
#0189-d245 @A: 25 03 28 23 | 04
#0190-d245 @A: 28 14 29 03 | 09
#0191-d245 @A: 23 29 11 28 | 10
#0192-d245 @A: 28 13 19 16 | 02
#0193-d245 @A: 28 08 12 17 | 11
#0194-d245 @A: 16 01 28 26 | 12
#0195-d245 @A: 16 33 22 28 | 08
#0196-d245 @A: 21 28 02 31 | 01
#0197-d245 @A: 28 12 04 20 | 07
#0198-d245 @A: 10 11 28 06 | 03
#0199-d245 @A: 26 19 28 02 | 06
#0200-d245 @A: 29 32 25 03 | 05
#0201-d245 @A: 32 17 14 25 | 04
#0202-d245 @A: 32 08 25 30 | 09
#0203-d245 @A: 21 29 24 32 | 10
#0204-d245 @A: 14 24 32 16 | 02
#0205-d245 @A: 32 16 29 02 | 11
#0206-d245 @A: 32 06 26 33 | 12
#0207-d245 @A: 10 21 26 32 | 08
#0208-d245 @A: 19 22 33 32 | 01
#0209-d245 @A: 23 11 19 32 | 07
#0210-d245 @A: 04 25 29 30 | 03
#0211-d245 @A: 25 07 13 03 | 06
#0212-d245 @A: 25 13 21 31 | 05
#0213-d245 @A: 06 07 25 08 | 04
#0214-d245 @A: 20 25 16 09 | 09
#0215-d245 @A: 01 21 08 25 | 10
#0216-d245 @A: 25 14 15 19 | 02
#0217-d245 @A: 04 03 25 02 | 11
#0218-d245 @A: 25 30 27 20 | 12
#0219-d245 @A: 25 33 19 20 | 08
#0220-d245 @A: 02 05 01 24 | 01
#0221-d245 @A: 05 15 29 19 | 07
#0222-d245 @A: 05 16 13 33 | 03
#0223-d245 @A: 05 03 14 13 | 06
#0224-d245 @A: 05 09 06 13 | 05
#0225-d245 @A: 05 23 07 03 | 04
#0226-d245 @A: 21 22 05 08 | 09
#0227-d245 @A: 27 05 01 09 | 10
#0228-d245 @A: 05 22 31 04 | 02
#0229-d245 @A: 05 03 21 04 | 11
#0230-d245 @A: 02 05 06 19 | 12
#0231-d245 @A: 23 05 21 27 | 08
#0232-d245 @A: 30 05 23 10 | 01
#0233-d245 @A: 09 24 29 11 | 07
#0234-d245 @A: 24 22 23 13 | 03
#0235-d245 @A: 03 24 01 17 | 06
#0236-d245 @A: 09 23 24 04 | 05
#0237-d245 @A: 15 24 20 23 | 04
#0238-d245 @A: 22 02 10 24 | 09
#0239-d245 @A: 29 04 13 15 | 10
#0240-d245 @A: 29 22 17 07 | 02
#0241-d245 @A: 29 07 10 01 | 11
#0242-d245 @A: 30 29 31 06 | 12
#0243-d245 @A: 31 29 19 03 | 08
#0244-d245 @A: 02 33 04 29 | 01
#0245-d245 @A: 23 21 03 29 | 07
#0246-d245 @A: 15 13 07 02 | 03
#0247-d245 @A: 07 31 11 13 | 06
#0248-d245 @A: 13 11 16 14 | 05
#0249-d245 @A: 22 13 14 15 | 04
#0250-d245 @A: 13 09 15 30 | 09
#0251-d245 @A: 20 10 31 13 | 10
#0252-d245 @A: 19 04 13 22 | 02
#0253-d245 @A: 13 21 03 11 | 11
#0254-d245 @A: 03 13 30 20 | 12
#0255-d245 @A: 33 19 13 12 | 08
#0256-d245 @A: 10 11 30 13 | 01
#0257-d245 @A: 30 07 16 08 | 07
#0258-d245 @A: 06 04 14 07 | 03
#0259-d245 @A: 26 07 12 15 | 06
#0260-d245 @A: 06 07 19 22 | 05
#0261-d245 @A: 22 08 17 23 | 04
#0262-d245 @A: 09 14 17 02 | 09
#0263-d245 @A: 17 31 01 14 | 10
#0264-d245 @A: 11 33 17 14 | 02
#0265-d245 @A: 06 01 17 23 | 11
#0266-d245 @A: 12 17 31 30 | 12
#0267-d245 @A: 26 27 04 17 | 08
#0268-d245 @A: 27 33 22 17 | 01
#0269-d245 @A: 22 17 30 10 | 07
#0270-d245 @A: 22 11 17 20 | 03
#0271-d245 @A: 02 16 15 08 | 06
#0272-d245 @A: 09 26 16 14 | 05
#0273-d245 @A: 21 01 23 16 | 04
#0274-d245 @A: 04 16 19 20 | 09
#0275-d245 @A: 26 23 30 16 | 10
#0276-d245 @A: 14 09 08 31 | 02
#0277-d245 @A: 10 08 04 02 | 11
#0278-d245 @A: 08 23 03 06 | 12
#0279-d245 @A: 08 06 11 30 | 08
#0280-d245 @A: 11 03 08 10 | 01
#0281-d245 @A: 11 23 08 27 | 07
#0282-d245 @A: 30 14 31 02 | 03
#0283-d245 @A: 04 26 23 14 | 06
#0284-d245 @A: 21 03 14 06 | 05
#0285-d245 @A: 20 14 11 06 | 04
#0286-d245 @A: 27 14 21 02 | 09
#0287-d245 @A: 01 31 11 27 | 10
#0288-d245 @A: 01 30 22 31 | 02
#0289-d245 @A: 04 03 27 01 | 11
#0290-d245 @A: 15 33 11 21 | 12
#0291-d245 @A: 15 26 23 21 | 08
#0292-d245 @A: 15 02 03 12 | 01
#0293-d245 @A: 15 30 26 19 | 07
#0294-d245 @A: 23 30 04 22 | 03
#0295-d245 @A: 10 33 23 03 | 06
#0296-d245 @A: 18 34 35 26 | 05
#0297-d245 @A: 35 34 05 04 | 04
#0298-d245 @A: 35 21 34 27 | 09
#0299-d245 @A: 20 18 29 35 | 10
#0300-d245 @A: 18 09 35 27 | 02
#0301-d245 @A: 28 31 35 08 | 11
#0302-d245 @A: 32 04 35 07 | 12
#0303-d245 @A: 25 08 20 35 | 08
#0304-d245 @A: 16 35 03 24 | 01
#0305-d245 @A: 35 01 20 13 | 07
#0306-d245 @A: 07 15 35 23 | 03
#0307-d245 @A: 23 35 08 31 | 06
#0308-d245 @A: 01 14 23 35 | 05
#0309-d245 @A: 35 06 04 19 | 04
#0310-d245 @A: 04 35 10 12 | 09
#0311-d245 @A: 11 35 06 23 | 10
#0312-d245 @A: 33 27 35 23 | 02
#0313-d245 @A: 34 28 03 17 | 11
#0314-d245 @A: 32 34 11 29 | 12
#0315-d245 @A: 34 32 19 14 | 08
#0316-d245 @A: 27 17 34 25 | 01
#0317-d245 @A: 26 34 09 17 | 07
#0318-d245 @A: 34 21 23 08 | 03
#0319-d245 @A: 23 11 34 15 | 06
#0320-d245 @A: 21 34 31 30 | 05
#0321-d245 @A: 34 12 11 31 | 04
#0322-d245 @A: 34 33 03 21 | 09
#0323-d245 @A: 23 18 28 13 | 10
#0324-d245 @A: 18 06 28 21 | 02
#0325-d245 @A: 22 25 18 07 | 11
#0326-d245 @A: 26 18 25 14 | 12
#0327-d245 @A: 10 05 14 18 | 08
#0328-d245 @A: 29 08 11 18 | 01
#0329-d245 @A: 30 13 18 04 | 07
#0330-d245 @A: 09 10 18 16 | 03
#0331-d245 @A: 31 10 18 08 | 06
#0332-d245 @A: 21 22 31 18 | 05
#0333-d245 @A: 18 26 10 23 | 04
#0334-d245 @A: 28 01 32 02 | 09
#0335-d245 @A: 25 28 26 29 | 10
#0336-d245 @A: 30 13 28 25 | 02
#0337-d245 @A: 28 25 07 02 | 11
#0338-d245 @A: 26 07 28 05 | 12
#0339-d245 @A: 05 16 28 10 | 08
#0340-d245 @A: 22 05 19 28 | 01
#0341-d245 @A: 29 33 28 20 | 07
#0342-d245 @A: 13 28 07 33 | 03
#0343-d245 @A: 13 20 02 28 | 06
#0344-d245 @A: 28 17 10 07 | 05
#0345-d245 @A: 07 12 28 14 | 04
#0346-d245 @A: 14 16 08 28 | 09
#0347-d245 @A: 08 28 09 27 | 10
#0348-d245 @A: 01 06 28 08 | 02
#0349-d245 @A: 30 15 28 08 | 11
#0350-d245 @A: 21 28 01 30 | 12
#0351-d245 @A: 28 06 12 33 | 08
#0352-d245 @A: 28 10 19 21 | 01
#0353-d245 @A: 28 30 02 27 | 07
#0354-d245 @A: 32 05 16 21 | 03
#0355-d245 @A: 32 24 19 15 | 06
#0356-d245 @A: 29 06 32 04 | 05
#0357-d245 @A: 21 09 13 32 | 04
#0358-d245 @A: 09 30 32 07 | 09
#0359-d245 @A: 06 07 32 15 | 10
#0360-d245 @A: 16 09 04 32 | 02
#0361-d245 @A: 27 16 15 32 | 11
#0362-d245 @A: 14 33 32 31 | 12
#0363-d245 @A: 09 32 06 02 | 08
#0364-d245 @A: 21 03 32 01 | 01
#0365-d245 @A: 06 31 11 32 | 07
#0366-d245 @A: 32 31 22 10 | 03
#0367-d245 @A: 20 10 11 32 | 06
#0368-d245 @A: 25 15 05 30 | 05
#0369-d245 @A: 01 31 25 24 | 04
#0370-d245 @A: 24 25 03 15 | 09
#0371-d245 @A: 09 02 25 13 | 10
#0372-d245 @A: 16 25 14 27 | 02
#0373-d245 @A: 25 02 15 27 | 11
#0374-d245 @A: 26 21 06 25 | 12
#0375-d245 @A: 25 06 02 10 | 08
#0376-d245 @A: 30 25 33 10 | 01
#0377-d245 @A: 25 02 12 19 | 07
#0378-d245 @A: 24 31 03 05 | 03
#0379-d245 @A: 29 13 22 05 | 06
#0380-d245 @A: 02 29 05 07 | 05
#0381-d245 @A: 13 01 05 26 | 04
#0382-d245 @A: 21 09 05 14 | 09
#0383-d245 @A: 04 02 05 30 | 10
#0384-d245 @A: 05 06 03 26 | 02
#0385-d245 @A: 02 11 21 05 | 11
#0386-d245 @A: 06 26 24 14 | 12
#0387-d245 @A: 24 10 03 21 | 08
#0388-d245 @A: 22 21 24 12 | 01
#0389-d245 @A: 03 02 26 24 | 07
#0390-d245 @A: 12 33 10 24 | 03
#0391-d245 @A: 17 08 04 29 | 06
#0392-d245 @A: 03 29 17 15 | 05
#0393-d245 @A: 09 29 03 16 | 04
#0394-d245 @A: 01 29 23 08 | 09
#0395-d245 @A: 11 15 14 29 | 10
#0396-d245 @A: 10 33 09 29 | 02
#0397-d245 @A: 29 04 22 12 | 11
#0398-d245 @A: 03 22 21 29 | 12
#0399-d245 @A: 13 07 23 01 | 08
#0400-d245 @A: 17 13 23 14 | 01
#0401-d245 @A: 03 16 13 15 | 07
#0402-d245 @A: 31 33 13 30 | 03
#0403-d245 @A: 30 06 13 26 | 06
#0404-d245 @A: 10 13 02 21 | 05
#0405-d245 @A: 13 11 19 20 | 04
#0406-d245 @A: 20 13 22 26 | 09
#0407-d245 @A: 15 21 07 16 | 10
#0408-d245 @A: 31 15 07 08 | 02
#0409-d245 @A: 09 19 07 01 | 11
#0410-d245 @A: 07 31 21 03 | 12
#0411-d245 @A: 07 26 10 19 | 08
#0412-d245 @A: 02 27 31 17 | 01
#0413-d245 @A: 12 17 33 26 | 07
#0414-d245 @A: 17 23 12 10 | 03
#0415-d245 @A: 17 20 19 26 | 06
#0416-d245 @A: 04 16 23 14 | 05
#0417-d245 @A: 26 16 22 06 | 04
#0418-d245 @A: 22 16 23 20 | 09
#0419-d245 @A: 01 04 09 08 | 10
#0420-d245 @A: 20 08 06 15 | 02
#0421-d245 @A: 08 31 04 03 | 11
#0422-d245 @A: 11 02 27 08 | 12
#0423-d245 @A: 15 30 14 21 | 08
#0424-d245 @A: 31 27 14 20 | 01
#0425-d245 @A: 27 14 33 10 | 07
#0426-d245 @A: 12 27 14 23 | 03
#0427-d245 @A: 12 01 26 09 | 06
#0428-d245 @A: 09 33 20 21 | 05
#0429-d245 @A: 26 09 23 03 | 04
#0430-d245 @A: 23 12 19 09 | 09
#0431-d245 @A: 11 15 01 10 | 10
#0432-d245 @A: 22 01 03 10 | 02
#0433-d245 @A: 03 02 30 01 | 11
#0434-d245 @A: 20 15 21 04 | 12
#0435-d245 @A: 04 11 12 15 | 08
#0436-d245 @A: 22 15 06 30 | 01
#0437-d245 @A: 15 26 02 21 | 07
#0438-d245 @A: 15 10 22 23 | 03
#0439-d245 @A: 21 22 23 31 | 06
#0440-d245 @A: 30 03 23 31 | 05
#0441-d245 @A: 30 06 20 23 | 04
#0442-d245 @A: 35 05 18 24 | 09
#0443-d245 @A: 15 26 35 25 | 10
#0444-d245 @A: 35 31 05 07 | 02
#0445-d245 @A: 29 35 22 24 | 11
#0446-d245 @A: 35 01 15 29 | 12
#0447-d245 @A: 35 21 23 13 | 08
#0448-d245 @A: 12 35 15 14 | 01
#0449-d245 @A: 01 26 31 35 | 07
#0450-d245 @A: 10 33 21 35 | 03
#0451-d245 @A: 35 23 21 19 | 06
#0452-d245 @A: 12 26 35 27 | 05
#0453-d245 @A: 34 32 09 12 | 04
#0454-d245 @A: 34 26 24 25 | 09
#0455-d245 @A: 31 08 25 34 | 10
#0456-d245 @A: 23 01 34 25 | 02
#0457-d245 @A: 30 07 24 34 | 11
#0458-d245 @A: 33 17 34 08 | 12
#0459-d245 @A: 04 08 16 34 | 08
#0460-d245 @A: 01 02 34 08 | 01
#0461-d245 @A: 34 14 01 26 | 07
#0462-d245 @A: 27 34 02 04 | 03
#0463-d245 @A: 04 12 26 34 | 06
#0464-d245 @A: 10 22 34 11 | 05
#0465-d245 @A: 03 18 09 28 | 04
#0466-d245 @A: 18 15 21 32 | 09
#0467-d245 @A: 24 18 20 25 | 10
#0468-d245 @A: 05 18 04 23 | 02
#0469-d245 @A: 09 29 18 19 | 11
#0470-d245 @A: 17 18 10 01 | 12
#0471-d245 @A: 18 30 16 14 | 08
#0472-d245 @A: 09 18 21 08 | 01
#0473-d245 @A: 08 26 01 18 | 07
#0474-d245 @A: 08 18 22 15 | 03
#0475-d245 @A: 22 03 18 14 | 06
#0476-d245 @A: 04 09 15 18 | 05
#0477-d245 @A: 18 19 30 27 | 04
#0478-d245 @A: 18 12 02 23 | 09
#0479-d245 @A: 20 18 22 02 | 10
#0480-d245 @A: 25 17 28 04 | 02
#0481-d245 @A: 08 05 28 03 | 11
#0482-d245 @A: 05 09 28 23 | 12
#0483-d245 @A: 28 29 07 16 | 08
#0484-d245 @A: 22 28 14 09 | 01
#0485-d245 @A: 33 31 10 28 | 07
#0486-d245 @A: 28 22 26 30 | 03
#0487-d245 @A: 32 13 25 06 | 06
#0488-d245 @A: 32 07 25 21 | 05
#0489-d245 @A: 11 32 01 24 | 04
#0490-d245 @A: 17 32 31 29 | 09
#0491-d245 @A: 32 08 20 13 | 10
#0492-d245 @A: 19 08 07 32 | 02
#0493-d245 @A: 16 01 22 32 | 11
#0494-d245 @A: 02 32 33 08 | 12
#0495-d245 @A: 32 08 26 22 | 08
#0496-d245 @A: 12 14 01 32 | 01
#0497-d245 @A: 32 03 15 23 | 07
#0498-d245 @A: 27 32 23 30 | 03
#0499-d245 @A: 29 25 05 27 | 06
#0500-d245 @A: 33 24 16 25 | 05
#0501-d245 @A: 16 25 13 26 | 04
#0502-d245 @A: 25 33 07 15 | 09
#0503-d245 @A: 30 17 03 25 | 10
#0504-d245 @A: 25 01 15 09 | 02
#0505-d245 @A: 31 26 25 12 | 11
#0506-d245 @A: 25 22 26 04 | 12
#0507-d245 @A: 11 20 25 02 | 08
#0508-d245 @A: 19 05 24 07 | 01
#0509-d245 @A: 07 01 05 15 | 07
#0510-d245 @A: 30 09 05 08 | 03
#0511-d245 @A: 11 31 20 05 | 06
#0512-d245 @A: 22 06 05 27 | 05
#0513-d245 @A: 29 20 15 24 | 04
#0514-d245 @A: 20 12 24 13 | 09
#0515-d245 @A: 24 09 07 31 | 10
#0516-d245 @A: 17 30 24 16 | 02
#0517-d245 @A: 24 01 08 30 | 11
#0518-d245 @A: 27 06 24 02 | 12
#0519-d245 @A: 24 20 11 03 | 08
#0520-d245 @A: 30 33 23 24 | 01
#0521-d245 @A: 17 13 30 29 | 07
#0522-d245 @A: 13 11 29 26 | 03
#0523-d245 @A: 29 22 07 23 | 06
#0524-d245 @A: 08 21 12 29 | 05
#0525-d245 @A: 09 14 29 30 | 04
#0526-d245 @A: 22 29 31 27 | 09
#0527-d245 @A: 12 11 29 06 | 10
#0528-d245 @A: 27 29 12 03 | 02
#0529-d245 @A: 27 29 33 26 | 11
#0530-d245 @A: 15 08 27 13 | 12
#0531-d245 @A: 13 23 26 22 | 08
#0532-d245 @A: 07 33 04 27 | 01
#0533-d245 @A: 07 03 22 11 | 07
#0534-d245 @A: 11 07 33 19 | 03
#0535-d245 @A: 10 11 07 12 | 06
#0536-d245 @A: 16 03 14 17 | 05
#0537-d245 @A: 26 16 15 17 | 04
#0538-d245 @A: 08 31 17 21 | 09
#0539-d245 @A: 22 15 12 17 | 10
#0540-d245 @A: 11 10 17 04 | 02
#0541-d245 @A: 26 11 23 17 | 11
#0542-d245 @A: 09 16 08 06 | 12
#0543-d245 @A: 16 26 08 19 | 08
#0544-d245 @A: 15 16 20 11 | 01
#0545-d245 @A: 23 06 02 16 | 07
#0546-d245 @A: 30 16 11 21 | 03
#0547-d245 @A: 20 04 08 33 | 06
#0548-d245 @A: 10 33 08 06 | 05
#0549-d245 @A: 23 08 30 02 | 04
#0550-d245 @A: 11 08 19 22 | 09
#0551-d245 @A: 14 30 10 01 | 10
#0552-d245 @A: 10 31 14 26 | 02
#0553-d245 @A: 21 14 33 19 | 11
#0554-d245 @A: 02 14 10 12 | 12
#0555-d245 @A: 04 09 03 11 | 08
#0556-d245 @A: 23 09 33 06 | 01
#0557-d245 @A: 10 03 09 02 | 07
#0558-d245 @A: 15 22 04 01 | 03
#0559-d245 @A: 01 19 03 15 | 06
#0560-d245 @A: 33 01 31 21 | 05
#0561-d245 @A: 06 04 01 10 | 04
#0562-d245 @A: 01 30 27 06 | 09
#0563-d245 @A: 11 06 26 01 | 10
#0564-d245 @A: 01 33 23 02 | 02
#0565-d245 @A: 31 21 15 10 | 11
#0566-d245 @A: 10 15 20 02 | 12
#0567-d245 @A: 31 19 30 23 | 08
#0568-d245 @A: 23 35 04 34 | 01
#0569-d245 @A: 08 19 18 35 | 07
#0570-d245 @A: 15 11 35 18 | 03
#0571-d245 @A: 35 28 16 20 | 06
#0572-d245 @A: 14 35 10 28 | 05
#0573-d245 @A: 11 35 09 28 | 04
#0574-d245 @A: 28 15 35 27 | 09
#0575-d245 @A: 35 25 27 07 | 10
#0576-d245 @A: 13 31 24 35 | 02
#0577-d245 @A: 29 02 31 35 | 11
#0578-d245 @A: 13 35 19 09 | 12
#0579-d245 @A: 14 20 35 17 | 08
#0580-d245 @A: 10 19 35 31 | 01
#0581-d245 @A: 35 20 06 26 | 07
#0582-d245 @A: 19 34 18 17 | 03
#0583-d245 @A: 34 28 04 13 | 06
#0584-d245 @A: 16 05 06 34 | 05
#0585-d245 @A: 16 34 13 22 | 04
#0586-d245 @A: 13 12 34 30 | 09
#0587-d245 @A: 14 31 07 34 | 10
#0588-d245 @A: 34 27 26 22 | 02
#0589-d245 @A: 05 13 02 18 | 11
#0590-d245 @A: 22 01 05 18 | 12
#0591-d245 @A: 18 27 01 24 | 08
#0592-d245 @A: 21 29 18 16 | 01
#0593-d245 @A: 22 18 11 13 | 07
#0594-d245 @A: 07 31 18 23 | 03
#0595-d245 @A: 23 18 08 15 | 06
#0596-d245 @A: 14 12 09 18 | 05
#0597-d245 @A: 06 27 33 18 | 04
#0598-d245 @A: 26 09 28 32 | 09
#0599-d245 @A: 28 22 25 15 | 10
#0600-d245 @A: 21 24 16 28 | 02
#0601-d245 @A: 08 28 20 24 | 11
#0602-d245 @A: 04 11 28 29 | 12
#0603-d245 @A: 06 15 13 28 | 08
#0604-d245 @A: 28 01 07 04 | 01
#0605-d245 @A: 17 01 33 28 | 07
#0606-d245 @A: 16 15 31 28 | 03
#0607-d245 @A: 04 31 30 28 | 06
#0608-d245 @A: 31 22 06 28 | 05
#0609-d245 @A: 26 11 31 28 | 04
#0610-d245 @A: 06 30 28 03 | 09
#0611-d245 @A: 03 28 19 11 | 10
#0612-d245 @A: 23 12 28 30 | 02
#0613-d245 @A: 20 24 26 32 | 11
#0614-d245 @A: 27 07 32 01 | 12
#0615-d245 @A: 17 06 27 32 | 08
#0616-d245 @A: 08 32 12 27 | 01
#0617-d245 @A: 32 01 33 09 | 07
#0618-d245 @A: 32 04 10 23 | 03
#0619-d245 @A: 32 10 19 06 | 06
#0620-d245 @A: 16 29 31 25 | 05
#0621-d245 @A: 21 25 29 15 | 04
#0622-d245 @A: 23 25 13 04 | 09
#0623-d245 @A: 17 01 19 25 | 10
#0624-d245 @A: 01 33 27 25 | 02
#0625-d245 @A: 11 25 19 31 | 11
#0626-d245 @A: 30 21 25 02 | 12
#0627-d245 @A: 20 25 10 26 | 08
#0628-d245 @A: 04 05 08 07 | 01
#0629-d245 @A: 05 01 23 19 | 07
#0630-d245 @A: 05 30 33 21 | 03
#0631-d245 @A: 05 26 27 02 | 06
#0632-d245 @A: 05 30 12 20 | 05
#0633-d245 @A: 13 24 02 29 | 04
#0634-d245 @A: 10 14 24 13 | 09
#0635-d245 @A: 24 08 17 06 | 10
#0636-d245 @A: 04 24 16 02 | 02
#0637-d245 @A: 15 24 11 08 | 11
#0638-d245 @A: 21 02 08 24 | 12
#0639-d245 @A: 09 04 20 24 | 08
#0640-d245 @A: 10 15 24 30 | 01
#0641-d245 @A: 31 24 06 12 | 07
#0642-d245 @A: 21 11 06 24 | 03
#0643-d245 @A: 10 11 23 24 | 06
#0644-d245 @A: 17 29 14 19 | 05
#0645-d245 @A: 33 17 21 29 | 04
#0646-d245 @A: 19 08 01 29 | 09
#0647-d245 @A: 03 29 08 26 | 10
#0648-d245 @A: 29 04 31 26 | 02
#0649-d245 @A: 02 06 29 21 | 11
#0650-d245 @A: 29 19 02 10 | 12
#0651-d245 @A: 09 27 13 07 | 08
#0652-d245 @A: 13 09 04 17 | 01
#0653-d245 @A: 27 13 16 30 | 07
#0654-d245 @A: 14 13 33 26 | 03
#0655-d245 @A: 13 19 01 06 | 06
#0656-d245 @A: 31 04 13 06 | 05
#0657-d245 @A: 03 13 04 12 | 04
#0658-d245 @A: 13 33 03 22 | 09
#0659-d245 @A: 27 33 13 20 | 10
#0660-d245 @A: 17 07 11 15 | 02
#0661-d245 @A: 03 07 08 01 | 11
#0662-d245 @A: 12 31 07 04 | 12
#0663-d245 @A: 06 07 31 10 | 08
#0664-d245 @A: 33 07 03 10 | 01
#0665-d245 @A: 02 07 27 12 | 07
#0666-d245 @A: 30 22 27 07 | 03
#0667-d245 @A: 23 07 11 02 | 06
#0668-d245 @A: 20 26 07 23 | 05
#0669-d245 @A: 01 16 17 21 | 04
#0670-d245 @A: 16 19 17 23 | 09
#0671-d245 @A: 06 09 17 10 | 10
#0672-d245 @A: 01 02 17 22 | 02
#0673-d245 @A: 20 17 30 04 | 11
#0674-d245 @A: 17 30 33 06 | 12
#0675-d245 @A: 21 11 27 17 | 08
#0676-d245 @A: 21 10 17 12 | 01
#0677-d245 @A: 17 02 30 19 | 07
#0678-d245 @A: 14 06 31 16 | 03
#0679-d245 @A: 19 16 09 15 | 06
#0680-d245 @A: 04 30 16 12 | 05
#0681-d245 @A: 06 16 02 03 | 04
#0682-d245 @A: 31 33 08 11 | 09
#0683-d245 @A: 08 30 04 22 | 10
#0684-d245 @A: 30 33 12 08 | 02
#0685-d245 @A: 01 14 06 09 | 11
#0686-d245 @A: 31 11 22 14 | 12
#0687-d245 @A: 30 33 14 04 | 08
#0688-d245 @A: 26 04 14 19 | 01
#0689-d245 @A: 30 14 12 22 | 07
#0690-d245 @A: 09 31 20 06 | 03
#0691-d245 @A: 31 33 09 03 | 06
#0692-d245 @A: 09 19 22 31 | 05
#0693-d245 @A: 03 26 09 21 | 04
#0694-d245 @A: 09 27 02 33 | 09
#0695-d245 @A: 10 27 09 20 | 10
#0696-d245 @A: 15 27 26 01 | 02
#0697-d245 @A: 26 33 01 03 | 11
#0698-d245 @A: 01 33 11 02 | 12
#0699-d245 @A: 22 23 12 01 | 08
#0700-d245 @A: 26 03 15 10 | 01
#0701-d245 @A: 27 12 15 30 | 07
#0702-d245 @A: 24 10 35 34 | 03
#0703-d245 @A: 07 17 35 34 | 06
#0704-d245 @A: 03 35 34 08 | 05
#0705-d245 @A: 30 24 32 35 | 04
#0706-d245 @A: 27 10 35 32 | 09
#0707-d245 @A: 25 13 35 04 | 10
#0708-d245 @A: 06 22 25 35 | 02
#0709-d245 @A: 35 05 16 26 | 11
#0710-d245 @A: 35 20 15 05 | 12
#0711-d245 @A: 35 21 19 05 | 08
#0712-d245 @A: 35 24 07 33 | 01
#0713-d245 @A: 07 35 29 12 | 07
#0714-d245 @A: 10 29 23 35 | 03
#0715-d245 @A: 01 21 07 35 | 06
#0716-d245 @A: 07 06 11 35 | 05
#0717-d245 @A: 35 19 07 30 | 04
#0718-d245 @A: 04 35 17 01 | 09
#0719-d245 @A: 22 35 16 19 | 10
#0720-d245 @A: 35 04 14 09 | 02
#0721-d245 @A: 35 03 01 14 | 11
#0722-d245 @A: 27 35 19 14 | 12
#0723-d245 @A: 22 35 09 20 | 08
#0724-d245 @A: 31 35 11 03 | 01
#0725-d245 @A: 35 31 27 33 | 07
#0726-d245 @A: 31 30 35 20 | 03
#0727-d245 @A: 35 11 10 02 | 06
#0728-d245 @A: 28 31 34 18 | 05
#0729-d245 @A: 29 18 06 34 | 04
#0730-d245 @A: 18 20 07 34 | 09
#0731-d245 @A: 34 12 28 05 | 10
#0732-d245 @A: 01 28 34 11 | 02
#0733-d245 @A: 27 34 19 28 | 11
#0734-d245 @A: 29 33 24 34 | 12
#0735-d245 @A: 11 13 24 34 | 08
#0736-d245 @A: 08 30 34 29 | 01
#0737-d245 @A: 29 34 22 01 | 07
#0738-d245 @A: 29 20 34 26 | 03
#0739-d245 @A: 07 34 19 13 | 06
#0740-d245 @A: 33 34 09 16 | 05
#0741-d245 @A: 34 15 14 03 | 04
#0742-d245 @A: 23 34 02 09 | 09
#0743-d245 @A: 19 09 20 34 | 10
#0744-d245 @A: 31 27 34 10 | 02
#0745-d245 @A: 34 10 06 26 | 11
#0746-d245 @A: 03 34 27 30 | 12
#0747-d245 @A: 33 30 26 34 | 08
#0748-d245 @A: 18 07 26 32 | 01
#0749-d245 @A: 32 17 18 22 | 07
#0750-d245 @A: 25 18 24 23 | 03
#0751-d245 @A: 18 13 25 27 | 06
#0752-d245 @A: 09 31 05 18 | 05
#0753-d245 @A: 05 18 03 15 | 04
#0754-d245 @A: 18 24 22 26 | 09
#0755-d245 @A: 12 18 17 29 | 10
#0756-d245 @A: 18 26 15 29 | 02
#0757-d245 @A: 07 15 10 18 | 11
#0758-d245 @A: 01 21 18 14 | 12
#0759-d245 @A: 15 14 18 20 | 08
#0760-d245 @A: 18 06 20 01 | 01
#0761-d245 @A: 02 21 18 04 | 07
#0762-d245 @A: 18 10 26 04 | 03
#0763-d245 @A: 15 28 32 33 | 06
#0764-d245 @A: 21 25 05 28 | 05
#0765-d245 @A: 25 14 06 28 | 04
#0766-d245 @A: 15 12 28 24 | 09
#0767-d245 @A: 02 29 08 28 | 10
#0768-d245 @A: 21 28 09 07 | 02
#0769-d245 @A: 20 27 07 28 | 11
#0770-d245 @A: 28 17 31 09 | 12
#0771-d245 @A: 28 26 10 08 | 08
#0772-d245 @A: 28 31 03 12 | 01
#0773-d245 @A: 33 28 21 27 | 07
#0774-d245 @A: 29 32 08 05 | 03
#0775-d245 @A: 32 01 20 05 | 06
#0776-d245 @A: 09 32 27 24 | 05
#0777-d245 @A: 07 13 22 32 | 04
#0778-d245 @A: 13 32 12 17 | 09
#0779-d245 @A: 02 26 32 13 | 10
#0780-d245 @A: 08 17 09 32 | 02
#0781-d245 @A: 32 26 17 01 | 11
#0782-d245 @A: 20 17 33 32 | 12
#0783-d245 @A: 04 32 31 20 | 08
#0784-d245 @A: 12 21 32 31 | 01
#0785-d245 @A: 04 32 12 19 | 07
#0786-d245 @A: 02 32 21 22 | 03
#0787-d245 @A: 32 27 19 26 | 06
#0788-d245 @A: 05 17 25 07 | 05
#0789-d245 @A: 22 25 24 13 | 04
#0790-d245 @A: 07 25 29 09 | 09
#0791-d245 @A: 22 08 29 25 | 10
#0792-d245 @A: 33 13 17 25 | 02
#0793-d245 @A: 07 25 04 19 | 11
#0794-d245 @A: 17 06 25 11 | 12
#0795-d245 @A: 15 16 04 25 | 08
#0796-d245 @A: 25 04 11 14 | 01
#0797-d245 @A: 04 06 25 20 | 07
#0798-d245 @A: 25 33 12 04 | 03
#0799-d245 @A: 05 17 24 11 | 06
#0800-d245 @A: 14 20 05 24 | 05
#0801-d245 @A: 24 26 21 05 | 04
#0802-d245 @A: 13 07 10 05 | 09
#0803-d245 @A: 14 15 02 05 | 10
#0804-d245 @A: 12 27 05 04 | 02
#0805-d245 @A: 11 05 27 03 | 11
#0806-d245 @A: 20 05 19 27 | 12
#0807-d245 @A: 11 05 10 33 | 08
#0808-d245 @A: 12 26 22 05 | 01
#0809-d245 @A: 27 07 24 29 | 07
#0810-d245 @A: 12 14 24 29 | 03
#0811-d245 @A: 29 24 04 03 | 06
#0812-d245 @A: 13 24 15 26 | 05
#0813-d245 @A: 15 33 17 24 | 04
#0814-d245 @A: 16 10 24 11 | 09
#0815-d245 @A: 24 21 01 09 | 10
#0816-d245 @A: 01 10 19 24 | 02
#0817-d245 @A: 23 24 19 06 | 11
#0818-d245 @A: 30 24 20 21 | 12
#0819-d245 @A: 27 24 11 12 | 08
#0820-d245 @A: 26 11 24 33 | 01
#0821-d245 @A: 30 11 24 19 | 07
#0822-d245 @A: 13 16 29 20 | 03
#0823-d245 @A: 33 01 16 29 | 06
#0824-d245 @A: 02 01 27 29 | 05
#0825-d245 @A: 19 27 29 04 | 04
#0826-d245 @A: 19 29 26 21 | 09
#0827-d245 @A: 11 03 02 29 | 10
#0828-d245 @A: 13 14 17 21 | 02
#0829-d245 @A: 13 31 33 23 | 11
#0830-d245 @A: 19 13 31 26 | 12
#0831-d245 @A: 13 12 06 22 | 08
#0832-d245 @A: 07 21 14 08 | 01
#0833-d245 @A: 03 09 14 07 | 07
#0834-d245 @A: 02 07 33 31 | 03
#0835-d245 @A: 30 12 21 07 | 06
#0836-d245 @A: 07 02 20 03 | 05
#0837-d245 @A: 07 33 22 26 | 04
#0838-d245 @A: 21 15 17 09 | 09
#0839-d245 @A: 26 23 31 17 | 10
#0840-d245 @A: 20 06 02 17 | 02
#0841-d245 @A: 27 17 23 02 | 11
#0842-d245 @A: 17 10 33 02 | 12
#0843-d245 @A: 26 11 17 02 | 08
#0844-d245 @A: 20 01 14 16 | 01
#0845-d245 @A: 16 31 26 21 | 07
#0846-d245 @A: 03 30 16 31 | 03
#0847-d245 @A: 31 27 19 16 | 06
#0848-d245 @A: 22 16 21 20 | 05
#0849-d245 @A: 27 16 12 10 | 04
#0850-d245 @A: 20 02 16 27 | 09
#0851-d245 @A: 12 04 14 08 | 10
#0852-d245 @A: 31 08 06 26 | 02
#0853-d245 @A: 03 08 06 12 | 11
#0854-d245 @A: 21 31 14 04 | 12
#0855-d245 @A: 31 09 27 12 | 08
#0856-d245 @A: 19 09 26 06 | 01
#0857-d245 @A: 09 12 03 30 | 07
#0858-d245 @A: 20 12 09 11 | 03
#0859-d245 @A: 12 01 21 04 | 06
#0860-d245 @A: 01 20 21 26 | 05
#0861-d245 @A: 01 11 30 12 | 04
#0862-d245 @A: 06 15 11 02 | 09
#0863-d245 @A: 03 15 27 20 | 10
#0864-d245 @A: 04 33 11 23 | 02
#0865-d245 @A: 23 20 19 02 | 11
#0866-d245 @A: 31 34 09 35 | 12
#0867-d245 @A: 34 35 19 15 | 08
#0868-d245 @A: 06 35 18 17 | 01
#0869-d245 @A: 25 03 28 35 | 07
#0870-d245 @A: 16 32 23 35 | 03
#0871-d245 @A: 35 17 05 22 | 06
#0872-d245 @A: 27 24 35 20 | 05
#0873-d245 @A: 29 35 16 04 | 04
#0874-d245 @A: 14 29 35 21 | 09
#0875-d245 @A: 35 03 29 10 | 10
#0876-d245 @A: 09 26 35 07 | 02
#0877-d245 @A: 11 04 27 35 | 11
#0878-d245 @A: 35 03 06 27 | 12
#0879-d245 @A: 35 11 20 33 | 08
#0880-d245 @A: 04 34 18 32 | 01
#0881-d245 @A: 34 12 18 01 | 07
#0882-d245 @A: 28 07 06 34 | 03
#0883-d245 @A: 34 03 07 32 | 06
#0884-d245 @A: 32 26 34 16 | 05
#0885-d245 @A: 25 14 13 34 | 04
#0886-d245 @A: 34 25 01 20 | 09
#0887-d245 @A: 34 06 15 25 | 10
#0888-d245 @A: 34 05 31 13 | 02
#0889-d245 @A: 34 24 23 17 | 11
#0890-d245 @A: 15 27 24 34 | 12
#0891-d245 @A: 34 09 29 02 | 08
#0892-d245 @A: 34 15 31 29 | 01
#0893-d245 @A: 20 23 13 34 | 07
#0894-d245 @A: 22 07 15 34 | 03
#0895-d245 @A: 30 11 34 17 | 06
#0896-d245 @A: 34 10 23 16 | 05
#0897-d245 @A: 04 21 06 34 | 04
#0898-d245 @A: 11 33 34 06 | 09
#0899-d245 @A: 34 02 12 22 | 10
#0900-d245 @A: 05 18 28 20 | 02
#0901-d245 @A: 22 28 18 29 | 11
#0902-d245 @A: 28 11 18 16 | 12
#0903-d245 @A: 32 31 30 18 | 08
#0904-d245 @A: 32 10 18 33 | 01
#0905-d245 @A: 29 05 18 04 | 07
#0906-d245 @A: 02 24 18 15 | 03
#0907-d245 @A: 13 26 09 18 | 06
#0908-d245 @A: 06 07 18 09 | 05
#0909-d245 @A: 18 26 02 16 | 04
#0910-d245 @A: 02 08 18 03 | 09
#0911-d245 @A: 14 27 18 11 | 10
#0912-d245 @A: 21 18 30 03 | 02
#0913-d245 @A: 27 18 26 21 | 11
#0914-d245 @A: 12 21 18 33 | 12
#0915-d245 @A: 18 12 10 20 | 08
#0916-d245 @A: 06 28 05 32 | 01
#0917-d245 @A: 05 24 29 28 | 07
#0918-d245 @A: 05 28 01 31 | 03
#0919-d245 @A: 17 13 22 28 | 06
#0920-d245 @A: 19 15 28 07 | 05
#0921-d245 @A: 06 16 28 17 | 04
#0922-d245 @A: 21 28 17 23 | 09
#0923-d245 @A: 11 02 14 28 | 10
#0924-d245 @A: 01 20 28 09 | 02
#0925-d245 @A: 32 26 25 05 | 11
#0926-d245 @A: 24 23 32 21 | 12
#0927-d245 @A: 17 32 07 02 | 08
#0928-d245 @A: 11 08 16 32 | 01
#0929-d245 @A: 21 04 33 32 | 07
#0930-d245 @A: 32 06 03 20 | 03
#0931-d245 @A: 25 03 05 01 | 06
#0932-d245 @A: 25 05 22 11 | 05
#0933-d245 @A: 17 12 25 24 | 04
#0934-d245 @A: 25 14 29 33 | 09
#0935-d245 @A: 10 04 25 21 | 10
#0936-d245 @A: 27 11 25 10 | 02
#0937-d245 @A: 23 25 19 22 | 11
#0938-d245 @A: 25 26 11 30 | 12
#0939-d245 @A: 12 05 08 24 | 08
#0940-d245 @A: 29 26 05 09 | 01
#0941-d245 @A: 11 13 08 05 | 07
#0942-d245 @A: 05 07 20 21 | 03
#0943-d245 @A: 17 27 14 05 | 06
#0944-d245 @A: 19 05 01 14 | 05
#0945-d245 @A: 15 14 23 05 | 04
#0946-d245 @A: 05 09 22 03 | 09
#0947-d245 @A: 21 05 31 27 | 10
#0948-d245 @A: 12 06 21 05 | 02
#0949-d245 @A: 33 05 19 03 | 11
#0950-d245 @A: 22 02 33 05 | 12
#0951-d245 @A: 13 01 24 04 | 08
#0952-d245 @A: 21 24 33 13 | 01
#0953-d245 @A: 04 24 15 07 | 07
#0954-d245 @A: 24 16 31 22 | 03
#0955-d245 @A: 19 09 14 24 | 06
#0956-d245 @A: 14 24 15 31 | 05
#0957-d245 @A: 06 20 24 10 | 04
#0958-d245 @A: 27 24 26 23 | 09
#0959-d245 @A: 19 02 20 24 | 10
#0960-d245 @A: 08 13 29 07 | 02
#0961-d245 @A: 17 23 09 29 | 11
#0962-d245 @A: 08 10 16 29 | 12
#0963-d245 @A: 15 16 06 29 | 08
#0964-d245 @A: 08 20 09 29 | 01
#0965-d245 @A: 15 33 08 29 | 07
#0966-d245 @A: 19 33 29 06 | 03
#0967-d245 @A: 30 03 29 33 | 06
#0968-d245 @A: 29 30 10 12 | 05
#0969-d245 @A: 33 09 13 11 | 04
#0970-d245 @A: 23 09 10 13 | 09
#0971-d245 @A: 15 30 13 23 | 10
#0972-d245 @A: 19 02 13 27 | 02
#0973-d245 @A: 16 07 17 04 | 11
#0974-d245 @A: 31 16 07 01 | 12
#0975-d245 @A: 02 07 19 16 | 08
#0976-d245 @A: 01 07 11 14 | 01
#0977-d245 @A: 07 14 15 27 | 07
#0978-d245 @A: 20 26 11 07 | 03
#0979-d245 @A: 17 09 20 03 | 06
#0980-d245 @A: 17 03 06 04 | 05
#0981-d245 @A: 04 19 21 17 | 04
#0982-d245 @A: 06 12 17 19 | 09
#0983-d245 @A: 16 12 08 01 | 10
#0984-d245 @A: 19 16 12 14 | 02
#0985-d245 @A: 16 09 02 01 | 11
#0986-d245 @A: 10 16 21 06 | 12
#0987-d245 @A: 03 16 19 21 | 08
#0988-d245 @A: 16 02 33 21 | 01
#0989-d245 @A: 26 27 16 11 | 07
#0990-d245 @A: 16 12 33 11 | 03
#0991-d245 @A: 08 14 22 33 | 06
#0992-d245 @A: 08 31 30 27 | 05
#0993-d245 @A: 08 31 20 02 | 04
#0994-d245 @A: 19 12 08 31 | 09
#0995-d245 @A: 08 03 20 21 | 10
#0996-d245 @A: 14 10 04 03 | 02
#0997-d245 @A: 14 03 33 02 | 11
#0998-d245 @A: 26 14 03 12 | 12
#0999-d245 @A: 09 27 04 22 | 08
#1000-d245 @A: 21 09 06 27 | 01
#1001-d245 @A: 15 21 01 06 | 07
#1002-d245 @A: 01 31 10 12 | 03
#1003-d245 @A: 01 22 33 06 | 06
#1004-d245 @A: 31 15 23 12 | 05
#1005-d245 @A: 04 10 15 27 | 04
#1006-d245 @A: 23 15 04 02 | 09
#1007-d245 @A: 33 15 20 26 | 10
#1008-d245 @A: 23 27 20 31 | 02
#1009-d245 @A: 02 10 23 21 | 11
#1010-d245 @A: 12 23 21 11 | 12
#1011-d245 @A: 23 03 22 11 | 08
#1012-d245 @A: 10 27 19 23 | 01
#1013-d245 @A: 23 33 26 19 | 07
#1014-d245 @A: 32 28 35 12 | 03
#1015-d245 @A: 33 32 35 25 | 06
#1016-d245 @A: 15 32 35 22 | 05
#1017-d245 @A: 17 05 35 23 | 04
#1018-d245 @A: 14 24 35 11 | 09
#1019-d245 @A: 35 29 13 27 | 10
#1020-d245 @A: 35 13 21 22 | 02
#1021-d245 @A: 17 16 35 12 | 11
#1022-d245 @A: 22 35 01 08 | 12
#1023-d245 @A: 35 06 33 14 | 08
#1024-d245 @A: 33 35 12 02 | 01
#1025-d245 @A: 11 22 30 35 | 07
#1026-d245 @A: 34 18 11 05 | 03
#1027-d245 @A: 18 03 16 34 | 06
#1028-d245 @A: 18 09 34 22 | 05
#1029-d245 @A: 19 18 34 23 | 04
#1030-d245 @A: 34 32 30 28 | 09
#1031-d245 @A: 28 09 24 34 | 10
#1032-d245 @A: 25 22 34 32 | 02
#1033-d245 @A: 32 06 08 34 | 11
#1034-d245 @A: 12 25 07 34 | 12
#1035-d245 @A: 22 34 05 24 | 08
#1036-d245 @A: 09 07 34 05 | 01
#1037-d245 @A: 24 19 34 08 | 07
#1038-d245 @A: 14 24 04 34 | 03
#1039-d245 @A: 03 12 24 34 | 06
#1040-d245 @A: 17 06 13 34 | 05
#1041-d245 @A: 34 06 23 07 | 04
#1042-d245 @A: 16 31 34 17 | 09
#1043-d245 @A: 34 17 22 04 | 10
#1044-d245 @A: 10 08 34 12 | 02
#1045-d245 @A: 09 21 10 34 | 11
#1046-d245 @A: 19 34 03 04 | 12
#1047-d245 @A: 12 21 20 34 | 08
#1048-d245 @A: 12 34 27 33 | 01
#1049-d245 @A: 25 19 18 28 | 07
#1050-d245 @A: 28 17 02 18 | 03
#1051-d245 @A: 18 13 16 32 | 06
#1052-d245 @A: 01 18 32 19 | 05
#1053-d245 @A: 05 17 21 18 | 04
#1054-d245 @A: 33 18 05 08 | 09
#1055-d245 @A: 18 16 06 24 | 10
#1056-d245 @A: 18 12 24 04 | 02
#1057-d245 @A: 01 18 31 13 | 11
#1058-d245 @A: 14 17 04 18 | 12
#1059-d245 @A: 17 31 18 11 | 08
#1060-d245 @A: 12 31 16 18 | 01
#1061-d245 @A: 33 18 03 20 | 07
#1062-d245 @A: 02 10 18 27 | 03
#1063-d245 @A: 01 28 10 25 | 06
#1064-d245 @A: 28 14 33 05 | 05
#1065-d245 @A: 24 28 27 31 | 04
#1066-d245 @A: 06 28 29 09 | 09
#1067-d245 @A: 01 28 13 03 | 10
#1068-d245 @A: 28 23 16 31 | 02
#1069-d245 @A: 19 28 14 31 | 11
#1070-d245 @A: 28 33 09 19 | 12
#1071-d245 @A: 28 15 06 23 | 08
#1072-d245 @A: 21 26 28 12 | 01
#1073-d245 @A: 03 28 10 27 | 07
#1074-d245 @A: 28 02 03 22 | 03
#1075-d245 @A: 28 22 23 33 | 06
#1076-d245 @A: 05 04 13 32 | 05
#1077-d245 @A: 32 10 29 13 | 04
#1078-d245 @A: 15 32 29 12 | 09
#1079-d245 @A: 19 32 13 03 | 10
#1080-d245 @A: 32 07 14 10 | 02
#1081-d245 @A: 08 04 15 32 | 11
#1082-d245 @A: 32 14 15 26 | 12
#1083-d245 @A: 32 15 11 03 | 08
#1084-d245 @A: 03 31 32 26 | 01
#1085-d245 @A: 27 32 04 30 | 07
#1086-d245 @A: 21 19 11 32 | 03
#1087-d245 @A: 03 32 27 02 | 06
#1088-d245 @A: 14 05 12 25 | 05
#1089-d245 @A: 05 10 31 25 | 04
#1090-d245 @A: 24 29 25 06 | 09
#1091-d245 @A: 16 25 07 11 | 10
#1092-d245 @A: 17 21 20 25 | 02
#1093-d245 @A: 22 30 25 16 | 11
#1094-d245 @A: 09 11 08 25 | 12
#1095-d245 @A: 15 12 25 08 | 08
#1096-d245 @A: 10 09 14 25 | 01
#1097-d245 @A: 03 14 31 25 | 07
#1098-d245 @A: 23 25 14 10 | 03
#1099-d245 @A: 06 03 25 09 | 06
#1100-d245 @A: 22 25 02 31 | 05
#1101-d245 @A: 25 23 26 06 | 04
#1102-d245 @A: 21 25 33 22 | 09
#1103-d245 @A: 03 25 11 33 | 10
#1104-d245 @A: 01 29 06 05 | 02
#1105-d245 @A: 05 13 17 19 | 11
#1106-d245 @A: 05 16 23 13 | 12
#1107-d245 @A: 07 05 06 30 | 08
#1108-d245 @A: 05 33 12 07 | 01
#1109-d245 @A: 17 05 20 16 | 07
#1110-d245 @A: 17 02 08 05 | 03
#1111-d245 @A: 26 15 08 05 | 06
#1112-d245 @A: 33 05 04 01 | 05
#1113-d245 @A: 30 19 31 05 | 04
#1114-d245 @A: 10 29 24 17 | 09
#1115-d245 @A: 31 29 24 23 | 10
#1116-d245 @A: 16 07 24 26 | 02
#1117-d245 @A: 08 24 07 22 | 11
#1118-d245 @A: 14 22 24 17 | 12
#1119-d245 @A: 16 12 09 24 | 08
#1120-d245 @A: 09 06 33 24 | 01
#1121-d245 @A: 06 24 04 30 | 07
#1122-d245 @A: 22 11 24 04 | 03
#1123-d245 @A: 29 23 12 13 | 06
#1124-d245 @A: 07 30 29 15 | 05
#1125-d245 @A: 29 17 20 01 | 04
#1126-d245 @A: 29 16 30 26 | 09
#1127-d245 @A: 14 29 27 08 | 10
#1128-d245 @A: 20 30 29 02 | 02
#1129-d245 @A: 22 29 30 19 | 11
#1130-d245 @A: 12 02 08 13 | 12
#1131-d245 @A: 09 13 14 20 | 08
#1132-d245 @A: 14 13 12 31 | 01
#1133-d245 @A: 10 15 19 13 | 07
#1134-d245 @A: 07 14 17 30 | 03
#1135-d245 @A: 31 19 07 17 | 06
#1136-d245 @A: 04 11 07 30 | 05
#1137-d245 @A: 02 07 06 26 | 04
#1138-d245 @A: 16 17 22 08 | 09
#1139-d245 @A: 08 15 17 19 | 10
#1140-d245 @A: 30 16 10 19 | 02
#1141-d245 @A: 22 02 16 11 | 11
#1142-d245 @A: 08 03 27 22 | 12
#1143-d245 @A: 12 08 26 11 | 08
#1144-d245 @A: 14 33 09 15 | 01
#1145-d245 @A: 21 11 12 14 | 07
#1146-d245 @A: 23 14 03 19 | 03
#1147-d245 @A: 22 19 14 02 | 06
#1148-d245 @A: 04 33 09 26 | 05
#1149-d245 @A: 12 01 15 33 | 04
#1150-d245 @A: 01 20 15 30 | 09
#1151-d245 @A: 01 31 04 23 | 10
#1152-d245 @A: 01 02 21 19 | 02
#1153-d245 @A: 03 01 20 12 | 11
#1154-d245 @A: 03 31 15 22 | 12
#1155-d245 @A: 15 31 33 19 | 08
#1156-d245 @A: 06 15 12 10 | 01
#1157-d245 @A: 10 15 33 22 | 07
#1158-d245 @A: 15 33 30 02 | 03
#1159-d245 @A: 06 12 23 21 | 06
#1160-d245 @A: 34 35 01 30 | 05
#1161-d245 @A: 01 35 18 33 | 04
#1162-d245 @A: 22 10 35 18 | 09
#1163-d245 @A: 01 06 32 35 | 10
#1164-d245 @A: 05 09 25 35 | 02
#1165-d245 @A: 05 35 08 27 | 11
#1166-d245 @A: 11 05 35 01 | 12
#1167-d245 @A: 24 09 35 02 | 08
#1168-d245 @A: 35 29 17 09 | 01
#1169-d245 @A: 35 19 29 11 | 07
#1170-d245 @A: 07 13 35 14 | 03
#1171-d245 @A: 03 35 22 26 | 06
#1172-d245 @A: 26 10 30 35 | 05
#1173-d245 @A: 19 12 35 20 | 04
#1174-d245 @A: 02 18 25 34 | 09
#1175-d245 @A: 26 28 34 15 | 10
#1176-d245 @A: 27 34 32 05 | 02
#1177-d245 @A: 34 33 05 25 | 11
#1178-d245 @A: 25 09 04 34 | 12
#1179-d245 @A: 05 17 34 29 | 08
#1180-d245 @A: 34 30 14 05 | 01
#1181-d245 @A: 15 05 10 34 | 07
#1182-d245 @A: 03 13 29 34 | 03
#1183-d245 @A: 29 27 34 16 | 06
#1184-d245 @A: 12 19 29 34 | 05
#1185-d245 @A: 20 15 13 34 | 04
#1186-d245 @A: 07 21 34 02 | 09
#1187-d245 @A: 17 34 15 01 | 10
#1188-d245 @A: 16 12 34 15 | 02
#1189-d245 @A: 21 15 08 34 | 11
#1190-d245 @A: 01 03 09 34 | 12
#1191-d245 @A: 06 34 31 19 | 08
#1192-d245 @A: 03 34 20 31 | 01
#1193-d245 @A: 21 22 19 34 | 07
#1194-d245 @A: 10 19 33 34 | 03
#1195-d245 @A: 18 24 29 30 | 06
#1196-d245 @A: 13 19 24 18 | 05
#1197-d245 @A: 18 24 11 07 | 04
#1198-d245 @A: 24 18 14 08 | 09
#1199-d245 @A: 18 07 13 21 | 10
#1200-d245 @A: 13 08 06 18 | 02
#1201-d245 @A: 18 13 15 12 | 11
#1202-d245 @A: 15 06 19 18 | 12
#1203-d245 @A: 11 04 33 18 | 08
#1204-d245 @A: 26 18 06 12 | 01
#1205-d245 @A: 33 23 18 21 | 07
#1206-d245 @A: 18 11 21 10 | 03
#1207-d245 @A: 13 28 32 24 | 06
#1208-d245 @A: 32 14 28 23 | 05
#1209-d245 @A: 24 01 28 22 | 04
#1210-d245 @A: 33 28 24 02 | 09
#1211-d245 @A: 14 17 28 26 | 10
#1212-d245 @A: 28 02 16 12 | 02
#1213-d245 @A: 27 14 01 28 | 11
#1214-d245 @A: 15 02 09 28 | 12
#1215-d245 @A: 21 15 28 03 | 08
#1216-d245 @A: 22 21 04 28 | 01
#1217-d245 @A: 03 28 33 04 | 07
#1218-d245 @A: 20 11 21 28 | 03
#1219-d245 @A: 28 20 30 10 | 06
#1220-d245 @A: 25 32 20 15 | 05
#1221-d245 @A: 24 06 32 22 | 04
#1222-d245 @A: 31 32 13 27 | 09
#1223-d245 @A: 33 32 30 16 | 10
#1224-d245 @A: 31 23 32 09 | 02
#1225-d245 @A: 02 32 31 19 | 11
#1226-d245 @A: 32 21 27 20 | 12
#1227-d245 @A: 10 32 30 03 | 08
#1228-d245 @A: 27 11 33 32 | 01
#1229-d245 @A: 23 02 32 22 | 07
#1230-d245 @A: 05 25 04 24 | 03
#1231-d245 @A: 29 05 25 23 | 06
#1232-d245 @A: 20 25 13 05 | 05
#1233-d245 @A: 25 21 24 14 | 04
#1234-d245 @A: 02 08 25 14 | 09
#1235-d245 @A: 25 27 15 23 | 10
#1236-d245 @A: 04 31 27 25 | 02
#1237-d245 @A: 25 33 26 02 | 11
#1238-d245 @A: 05 12 16 29 | 12
#1239-d245 @A: 05 31 14 29 | 08
#1240-d245 @A: 29 30 05 11 | 01
#1241-d245 @A: 06 17 31 05 | 07
#1242-d245 @A: 31 08 05 16 | 03
#1243-d245 @A: 05 11 14 26 | 06
#1244-d245 @A: 05 15 33 27 | 05
#1245-d245 @A: 26 33 05 31 | 04
#1246-d245 @A: 05 12 02 31 | 09
#1247-d245 @A: 24 13 07 06 | 10
#1248-d245 @A: 09 08 24 26 | 02
#1249-d245 @A: 27 03 14 24 | 11
#1250-d245 @A: 14 02 23 24 | 12
#1251-d245 @A: 22 19 24 27 | 08
#1252-d245 @A: 16 11 29 17 | 01
#1253-d245 @A: 17 06 29 26 | 07
#1254-d245 @A: 14 29 04 01 | 03
#1255-d245 @A: 31 12 29 33 | 06
#1256-d245 @A: 04 20 10 29 | 05
#1257-d245 @A: 21 29 30 27 | 04
#1258-d245 @A: 31 09 13 16 | 09
#1259-d245 @A: 01 33 08 13 | 10
#1260-d245 @A: 08 22 13 31 | 02
#1261-d245 @A: 13 09 01 22 | 11
#1262-d245 @A: 02 31 03 13 | 12
#1263-d245 @A: 11 02 04 13 | 08
#1264-d245 @A: 02 13 23 03 | 01
#1265-d245 @A: 12 10 13 26 | 07
#1266-d245 @A: 11 23 19 13 | 03
#1267-d245 @A: 08 07 17 20 | 06
#1268-d245 @A: 03 17 07 27 | 05
#1269-d245 @A: 07 30 23 17 | 04
#1270-d245 @A: 07 16 22 09 | 09
#1271-d245 @A: 08 33 07 09 | 10
#1272-d245 @A: 12 07 01 22 | 02
#1273-d245 @A: 21 19 07 27 | 11
#1274-d245 @A: 03 26 07 30 | 12
#1275-d245 @A: 17 14 08 10 | 08
#1276-d245 @A: 27 01 08 17 | 01
#1277-d245 @A: 09 19 11 17 | 07
#1278-d245 @A: 17 26 21 30 | 03
#1279-d245 @A: 16 11 01 03 | 06
#1280-d245 @A: 20 31 16 33 | 05
#1281-d245 @A: 03 27 16 33 | 04
#1282-d245 @A: 03 16 12 22 | 09
#1283-d245 @A: 10 26 16 33 | 10
#1284-d245 @A: 20 12 26 16 | 02
#1285-d245 @A: 08 09 03 15 | 11
#1286-d245 @A: 06 27 14 12 | 12
#1287-d245 @A: 03 30 14 11 | 08
#1288-d245 @A: 20 12 14 33 | 01
#1289-d245 @A: 11 19 10 14 | 07
#1290-d245 @A: 09 02 04 31 | 03
#1291-d245 @A: 30 31 10 09 | 06
#1292-d245 @A: 27 09 11 30 | 05
#1293-d245 @A: 12 22 09 33 | 04
#1294-d245 @A: 20 19 31 01 | 09
#1295-d245 @A: 26 30 04 01 | 10
#1296-d245 @A: 02 01 12 06 | 02
#1297-d245 @A: 01 22 11 21 | 11
#1298-d245 @A: 15 04 26 06 | 12
#1299-d245 @A: 06 03 33 15 | 08
#1300-d245 @A: 06 23 10 31 | 01
#1301-d245 @A: 35 34 16 11 | 07
#1302-d245 @A: 35 02 18 32 | 03
#1303-d245 @A: 18 30 23 35 | 06
#1304-d245 @A: 35 25 31 17 | 05
#1305-d245 @A: 02 01 35 25 | 04
#1306-d245 @A: 21 15 24 35 | 09
#1307-d245 @A: 23 24 03 35 | 10
#1308-d245 @A: 35 15 07 03 | 02
#1309-d245 @A: 10 07 20 35 | 11
#1310-d245 @A: 35 30 17 27 | 12
#1311-d245 @A: 35 08 16 33 | 08
#1312-d245 @A: 02 35 16 14 | 01
#1313-d245 @A: 16 21 35 09 | 07
#1314-d245 @A: 16 35 01 27 | 03
#1315-d245 @A: 35 04 30 21 | 06
#1316-d245 @A: 33 04 22 35 | 05
#1317-d245 @A: 04 35 26 02 | 04
#1318-d245 @A: 03 19 02 35 | 09
#1319-d245 @A: 27 08 34 18 | 10
#1320-d245 @A: 34 32 26 23 | 02
#1321-d245 @A: 21 34 25 11 | 11
#1322-d245 @A: 34 04 29 07 | 12
#1323-d245 @A: 29 34 10 14 | 08
#1324-d245 @A: 01 33 07 34 | 01
#1325-d245 @A: 10 34 20 17 | 07
#1326-d245 @A: 16 02 30 34 | 03
#1327-d245 @A: 34 14 02 06 | 06
#1328-d245 @A: 34 09 11 15 | 05
#1329-d245 @A: 34 04 01 31 | 04
#1330-d245 @A: 22 03 06 34 | 09
#1331-d245 @A: 34 11 19 02 | 10
#1332-d245 @A: 18 28 30 07 | 02
#1333-d245 @A: 32 18 25 11 | 11
#1334-d245 @A: 20 32 18 09 | 12
#1335-d245 @A: 05 18 06 25 | 08
#1336-d245 @A: 30 05 26 18 | 01
#1337-d245 @A: 07 04 18 03 | 07
#1338-d245 @A: 26 17 03 18 | 03
#1339-d245 @A: 18 22 16 27 | 06
#1340-d245 @A: 19 10 18 03 | 05
#1341-d245 @A: 22 18 23 27 | 04
#1342-d245 @A: 22 19 18 12 | 09
#1343-d245 @A: 32 28 19 29 | 10
#1344-d245 @A: 32 28 11 17 | 02
#1345-d245 @A: 28 20 31 25 | 11
#1346-d245 @A: 28 23 24 07 | 12
#1347-d245 @A: 13 28 09 10 | 08
#1348-d245 @A: 16 28 27 04 | 01
#1349-d245 @A: 08 19 28 04 | 07
#1350-d245 @A: 04 28 15 14 | 03
#1351-d245 @A: 28 06 26 27 | 06
#1352-d245 @A: 03 26 20 28 | 05
#1353-d245 @A: 30 28 11 33 | 04
#1354-d245 @A: 25 32 23 17 | 09
#1355-d245 @A: 25 32 19 16 | 10
#1356-d245 @A: 31 32 25 09 | 02
#1357-d245 @A: 05 33 23 32 | 11
#1358-d245 @A: 10 02 32 05 | 12
#1359-d245 @A: 05 32 30 22 | 08
#1360-d245 @A: 12 24 07 32 | 01
#1361-d245 @A: 20 32 29 14 | 07
#1362-d245 @A: 32 01 29 30 | 03
#1363-d245 @A: 13 23 32 08 | 06
#1364-d245 @A: 14 30 13 32 | 05
#1365-d245 @A: 01 32 31 08 | 04
#1366-d245 @A: 30 25 29 23 | 09
#1367-d245 @A: 13 08 10 25 | 10
#1368-d245 @A: 12 25 13 01 | 02
#1369-d245 @A: 07 25 14 20 | 11
#1370-d245 @A: 15 25 17 10 | 12
#1371-d245 @A: 22 14 01 25 | 08
#1372-d245 @A: 25 06 12 30 | 01
#1373-d245 @A: 25 03 22 20 | 07
#1374-d245 @A: 05 13 15 21 | 03
#1375-d245 @A: 16 05 07 03 | 06
#1376-d245 @A: 07 05 22 14 | 05
#1377-d245 @A: 33 17 09 05 | 04
#1378-d245 @A: 05 12 17 01 | 09
#1379-d245 @A: 14 04 05 16 | 10
#1380-d245 @A: 05 30 16 01 | 02
#1381-d245 @A: 05 20 22 10 | 11
#1382-d245 @A: 12 05 11 19 | 12
#1383-d245 @A: 24 21 17 07 | 08
#1384-d245 @A: 24 07 02 14 | 01
#1385-d245 @A: 20 24 23 08 | 07
#1386-d245 @A: 30 26 31 24 | 03
#1387-d245 @A: 24 30 02 12 | 06
#1388-d245 @A: 19 26 24 12 | 05
#1389-d245 @A: 06 13 29 14 | 04
#1390-d245 @A: 09 13 29 12 | 09
#1391-d245 @A: 27 15 09 29 | 10
#1392-d245 @A: 21 29 09 04 | 02
#1393-d245 @A: 23 29 06 04 | 11
#1394-d245 @A: 10 22 29 26 | 12
#1395-d245 @A: 11 01 17 13 | 08
#1396-d245 @A: 21 04 16 13 | 01
#1397-d245 @A: 04 08 13 26 | 07
#1398-d245 @A: 14 01 13 02 | 03
#1399-d245 @A: 33 04 13 10 | 06
#1400-d245 @A: 06 11 27 13 | 05
#1401-d245 @A: 30 13 22 02 | 04
#1402-d245 @A: 17 12 07 09 | 09
#1403-d245 @A: 06 16 27 07 | 10
#1404-d245 @A: 23 10 07 08 | 02
#1405-d245 @A: 07 10 04 09 | 11
#1406-d245 @A: 12 20 07 06 | 12
#1407-d245 @A: 10 07 21 22 | 08
#1408-d245 @A: 09 30 17 01 | 01
#1409-d245 @A: 17 23 15 33 | 07
#1410-d245 @A: 23 03 04 17 | 03
#1411-d245 @A: 17 22 03 19 | 06
#1412-d245 @A: 08 23 12 16 | 05
#1413-d245 @A: 10 02 31 16 | 04
#1414-d245 @A: 08 06 27 04 | 09
#1415-d245 @A: 08 19 03 30 | 10
#1416-d245 @A: 19 33 08 27 | 02
#1417-d245 @A: 19 20 08 10 | 11
#1418-d245 @A: 23 14 11 31 | 12
#1419-d245 @A: 06 14 10 22 | 08
#1420-d245 @A: 09 22 11 06 | 01
#1421-d245 @A: 09 02 21 12 | 07
#1422-d245 @A: 09 27 03 19 | 03
#1423-d245 @A: 01 23 03 20 | 06
#1424-d245 @A: 22 27 01 20 | 05
#1425-d245 @A: 31 12 15 20 | 04
#1426-d245 @A: 31 11 15 30 | 09
#1427-d245 @A: 19 11 27 15 | 10
#1428-d245 @A: 20 19 22 15 | 02
#1429-d245 @A: 12 34 06 35 | 11
#1430-d245 @A: 35 25 18 21 | 12
#1431-d245 @A: 35 18 03 13 | 08
#1432-d245 @A: 18 35 30 12 | 01
#1433-d245 @A: 35 28 26 13 | 07
#1434-d245 @A: 23 35 28 02 | 03
#1435-d245 @A: 32 19 35 17 | 06
#1436-d245 @A: 16 31 32 35 | 05
#1437-d245 @A: 35 32 08 21 | 04
#1438-d245 @A: 35 25 16 10 | 09
#1439-d245 @A: 35 10 06 05 | 10
#1440-d245 @A: 30 35 05 03 | 02
#1441-d245 @A: 35 13 16 06 | 11
#1442-d245 @A: 13 35 33 15 | 12
#1443-d245 @A: 08 35 15 10 | 08
#1444-d245 @A: 21 06 35 31 | 01
#1445-d245 @A: 12 22 31 35 | 07
#1446-d245 @A: 02 35 30 06 | 03
#1447-d245 @A: 13 10 34 18 | 06
#1448-d245 @A: 28 23 27 34 | 05
#1449-d245 @A: 31 32 24 34 | 04
#1450-d245 @A: 25 34 03 10 | 09
#1451-d245 @A: 19 30 34 25 | 10
#1452-d245 @A: 20 34 05 08 | 02
#1453-d245 @A: 21 34 01 05 | 11
#1454-d245 @A: 03 02 05 34 | 12
#1455-d245 @A: 24 20 34 16 | 08
#1456-d245 @A: 24 06 34 01 | 01
#1457-d245 @A: 13 08 34 09 | 07
#1458-d245 @A: 34 07 10 16 | 03
#1459-d245 @A: 34 16 14 21 | 06
#1460-d245 @A: 19 01 34 16 | 05
#1461-d245 @A: 08 34 14 11 | 04
#1462-d245 @A: 31 33 22 34 | 09
#1463-d245 @A: 26 02 31 34 | 10
#1464-d245 @A: 20 34 27 06 | 02
#1465-d245 @A: 23 03 34 12 | 11
#1466-d245 @A: 34 22 30 20 | 12
#1467-d245 @A: 18 10 28 24 | 08
#1468-d245 @A: 18 03 32 24 | 01
#1469-d245 @A: 18 29 27 32 | 07
#1470-d245 @A: 04 25 18 08 | 03
#1471-d245 @A: 18 07 29 31 | 06
#1472-d245 @A: 08 18 07 12 | 05
#1473-d245 @A: 18 06 31 02 | 04
#1474-d245 @A: 27 18 04 20 | 09
#1475-d245 @A: 21 20 18 19 | 10
#1476-d245 @A: 30 18 22 33 | 02
#1477-d245 @A: 08 28 33 25 | 11
#1478-d245 @A: 17 28 29 27 | 12
#1479-d245 @A: 12 28 01 29 | 08
#1480-d245 @A: 28 21 13 08 | 01
#1481-d245 @A: 28 15 20 17 | 07
#1482-d245 @A: 28 09 30 16 | 03
#1483-d245 @A: 23 28 19 08 | 06
#1484-d245 @A: 11 22 28 27 | 05
#1485-d245 @A: 30 12 28 19 | 04
#1486-d245 @A: 03 32 05 17 | 09
#1487-d245 @A: 32 04 17 24 | 10
#1488-d245 @A: 16 32 07 20 | 02
#1489-d245 @A: 32 22 04 03 | 11
#1490-d245 @A: 30 20 32 19 | 12
#1491-d245 @A: 12 30 32 26 | 08
#1492-d245 @A: 25 16 02 05 | 01
#1493-d245 @A: 08 05 25 19 | 07
#1494-d245 @A: 24 09 30 25 | 03
#1495-d245 @A: 29 25 19 13 | 06
#1496-d245 @A: 12 20 29 25 | 05
#1497-d245 @A: 13 11 25 15 | 04
#1498-d245 @A: 31 30 25 07 | 09
#1499-d245 @A: 16 25 08 03 | 10
#1500-d245 @A: 12 16 25 21 | 02
#1501-d245 @A: 19 09 25 21 | 11
#1502-d245 @A: 25 27 19 06 | 12
#1503-d245 @A: 27 03 25 21 | 08
#1504-d245 @A: 25 03 26 19 | 01
#1505-d245 @A: 05 10 24 09 | 07
#1506-d245 @A: 26 17 10 05 | 03
#1507-d245 @A: 22 05 16 15 | 06
#1508-d245 @A: 19 10 04 05 | 05
#1509-d245 @A: 05 26 20 04 | 04
#1510-d245 @A: 05 33 20 06 | 09
#1511-d245 @A: 27 05 30 10 | 10
#1512-d245 @A: 19 16 29 24 | 02
#1513-d245 @A: 09 13 03 24 | 11
#1514-d245 @A: 15 01 24 16 | 12
#1515-d245 @A: 04 21 27 24 | 08
#1516-d245 @A: 33 27 30 24 | 01
#1517-d245 @A: 26 27 10 24 | 07
#1518-d245 @A: 20 24 22 33 | 03
#1519-d245 @A: 13 01 21 29 | 06
#1520-d245 @A: 29 20 31 21 | 05
#1521-d245 @A: 06 29 10 27 | 04
#1522-d245 @A: 02 12 29 26 | 09
#1523-d245 @A: 13 17 26 07 | 10
#1524-d245 @A: 07 12 16 13 | 02
#1525-d245 @A: 07 20 13 04 | 11
#1526-d245 @A: 13 14 27 04 | 12
#1527-d245 @A: 20 06 13 21 | 08
#1528-d245 @A: 10 03 06 13 | 01
#1529-d245 @A: 14 16 33 07 | 07
#1530-d245 @A: 21 04 26 07 | 03
#1531-d245 @A: 07 19 03 12 | 06
#1532-d245 @A: 10 17 03 31 | 05
#1533-d245 @A: 22 26 17 31 | 04
#1534-d245 @A: 27 21 08 16 | 09
#1535-d245 @A: 04 31 11 16 | 10
#1536-d245 @A: 04 10 22 16 | 02
#1537-d245 @A: 06 16 11 19 | 11
#1538-d245 @A: 30 16 20 06 | 12
#1539-d245 @A: 20 30 08 14 | 08
#1540-d245 @A: 08 09 22 10 | 01
#1541-d245 @A: 09 19 02 08 | 07
#1542-d245 @A: 08 19 06 21 | 03
#1543-d245 @A: 21 10 14 20 | 06
#1544-d245 @A: 21 14 26 22 | 05
#1545-d245 @A: 20 23 14 21 | 04
#1546-d245 @A: 26 27 30 14 | 09
#1547-d245 @A: 27 23 01 09 | 10
#1548-d245 @A: 21 30 23 09 | 02
#1549-d245 @A: 33 20 23 09 | 11
#1550-d245 @A: 12 19 09 10 | 12
#1551-d245 @A: 02 31 01 15 | 08
#1552-d245 @A: 06 03 01 31 | 01
#1553-d245 @A: 19 11 01 04 | 07
#1554-d245 @A: 21 27 01 10 | 03
#1555-d245 @A: 26 10 02 01 | 06
#1556-d245 @A: 22 01 19 26 | 05
#1557-d245 @A: 02 15 04 19 | 04
#1558-d245 @A: 21 22 15 27 | 09
#1559-d245 @A: 19 21 15 12 | 10
#1560-d245 @A: 14 34 22 35 | 02
#1561-d245 @A: 06 35 24 28 | 11
#1562-d245 @A: 35 22 28 07 | 12
#1563-d245 @A: 35 28 21 17 | 08
#1564-d245 @A: 28 35 01 19 | 01
#1565-d245 @A: 09 32 03 35 | 07
#1566-d245 @A: 35 08 24 04 | 03
#1567-d245 @A: 06 35 29 08 | 06
#1568-d245 @A: 13 10 17 35 | 05
#1569-d245 @A: 08 14 35 26 | 04
#1570-d245 @A: 08 09 35 12 | 09
#1571-d245 @A: 10 01 35 09 | 10
#1572-d245 @A: 09 06 35 15 | 02
#1573-d245 @A: 35 23 09 22 | 11
#1574-d245 @A: 03 04 35 20 | 12
#1575-d245 @A: 35 20 02 21 | 08
#1576-d245 @A: 22 02 27 35 | 01
#1577-d245 @A: 35 26 23 12 | 07
#1578-d245 @A: 33 18 34 14 | 03
#1579-d245 @A: 22 28 34 08 | 06
#1580-d245 @A: 14 34 28 20 | 05
#1581-d245 @A: 02 32 15 34 | 04
#1582-d245 @A: 33 23 34 29 | 09
#1583-d245 @A: 27 34 07 11 | 10
#1584-d245 @A: 12 34 14 17 | 02
#1585-d245 @A: 14 34 09 27 | 11
#1586-d245 @A: 14 34 23 30 | 12
#1587-d245 @A: 34 11 20 04 | 08
#1588-d245 @A: 11 03 26 34 | 01
#1589-d245 @A: 34 33 20 02 | 07
#1590-d245 @A: 18 28 15 01 | 03
#1591-d245 @A: 32 05 18 12 | 06
#1592-d245 @A: 10 18 25 29 | 05
#1593-d245 @A: 18 29 14 02 | 04
#1594-d245 @A: 23 18 29 14 | 09
#1595-d245 @A: 18 13 20 17 | 10
#1596-d245 @A: 17 30 08 18 | 02
#1597-d245 @A: 08 16 18 20 | 11
#1598-d245 @A: 04 18 16 01 | 12
#1599-d245 @A: 15 16 33 18 | 08
#1600-d245 @A: 03 23 16 18 | 01
#1601-d245 @A: 09 18 02 30 | 07
#1602-d245 @A: 01 15 23 18 | 03
#1603-d245 @A: 06 04 18 22 | 06
#1604-d245 @A: 03 06 18 11 | 05
#1605-d245 @A: 11 20 18 30 | 04
#1606-d245 @A: 25 28 27 32 | 09
#1607-d245 @A: 32 31 28 07 | 10
#1608-d245 @A: 28 14 21 32 | 02
#1609-d245 @A: 28 22 20 32 | 11
#1610-d245 @A: 30 17 28 05 | 12
#1611-d245 @A: 17 19 28 24 | 08
#1612-d245 @A: 28 29 31 13 | 01
#1613-d245 @A: 28 13 11 12 | 07
#1614-d245 @A: 11 08 28 07 | 03
#1615-d245 @A: 12 10 25 32 | 06
#1616-d245 @A: 32 05 24 33 | 05
#1617-d245 @A: 05 19 09 32 | 04
#1618-d245 @A: 07 32 29 33 | 09
#1619-d245 @A: 22 29 32 09 | 10
#1620-d245 @A: 13 01 15 32 | 02
#1621-d245 @A: 14 22 32 27 | 11
#1622-d245 @A: 15 10 32 09 | 12
#1623-d245 @A: 01 10 23 32 | 08
#1624-d245 @A: 21 30 06 32 | 01
#1625-d245 @A: 20 32 02 12 | 07
#1626-d245 @A: 02 30 11 32 | 03
#1627-d245 @A: 24 27 25 08 | 06
#1628-d245 @A: 26 01 25 07 | 05
#1629-d245 @A: 07 23 21 25 | 04
#1630-d245 @A: 08 26 17 25 | 09
#1631-d245 @A: 17 25 09 22 | 10
#1632-d245 @A: 25 06 01 16 | 02
#1633-d245 @A: 09 25 08 23 | 11
#1634-d245 @A: 27 12 22 25 | 12
#1635-d245 @A: 13 24 30 05 | 08
#1636-d245 @A: 05 16 27 24 | 01
#1637-d245 @A: 05 10 29 21 | 07
#1638-d245 @A: 08 26 23 05 | 03
#1639-d245 @A: 15 09 05 12 | 06
#1640-d245 @A: 05 04 11 06 | 05
#1641-d245 @A: 23 02 05 06 | 04
#1642-d245 @A: 05 10 12 03 | 09
#1643-d245 @A: 20 11 05 23 | 10
#1644-d245 @A: 08 31 29 24 | 02
#1645-d245 @A: 29 26 01 24 | 11
#1646-d245 @A: 13 16 08 24 | 12
#1647-d245 @A: 31 20 17 24 | 08
#1648-d245 @A: 09 15 24 22 | 01
#1649-d245 @A: 31 10 24 04 | 07
#1650-d245 @A: 19 31 21 24 | 03
#1651-d245 @A: 31 02 24 11 | 06
#1652-d245 @A: 30 24 03 22 | 05
#1653-d245 @A: 19 20 29 07 | 04
#1654-d245 @A: 29 16 22 14 | 09
#1655-d245 @A: 11 31 29 10 | 10
#1656-d245 @A: 30 01 07 13 | 02
#1657-d245 @A: 13 16 02 17 | 11
#1658-d245 @A: 17 03 08 13 | 12
#1659-d245 @A: 14 13 08 19 | 08
#1660-d245 @A: 10 22 13 27 | 01
#1661-d245 @A: 23 16 07 33 | 07
#1662-d245 @A: 14 07 09 23 | 03
#1663-d245 @A: 31 07 27 26 | 06
#1664-d245 @A: 07 04 22 02 | 05
#1665-d245 @A: 03 07 23 27 | 04
#1666-d245 @A: 33 07 30 20 | 09
#1667-d245 @A: 30 07 02 10 | 10
#1668-d245 @A: 17 14 15 06 | 02
#1669-d245 @A: 04 02 12 17 | 11
#1670-d245 @A: 21 06 17 22 | 12
#1671-d245 @A: 03 17 02 21 | 08
#1672-d245 @A: 17 27 12 20 | 01
#1673-d245 @A: 14 08 01 15 | 07
#1674-d245 @A: 33 08 23 14 | 03
#1675-d245 @A: 08 20 11 01 | 06
#1676-d245 @A: 27 23 04 08 | 05
#1677-d245 @A: 06 02 08 22 | 04
#1678-d245 @A: 20 12 08 22 | 09
#1679-d245 @A: 06 30 14 19 | 10
#1680-d245 @A: 09 26 31 15 | 02
#1681-d245 @A: 09 21 11 31 | 11
#1682-d245 @A: 06 04 12 09 | 12
#1683-d245 @A: 30 19 09 04 | 08
#1684-d245 @A: 20 09 30 26 | 01
#1685-d245 @A: 01 04 20 02 | 07
#1686-d245 @A: 12 27 19 01 | 03
#1687-d245 @A: 20 10 01 33 | 06
#1688-d245 @A: 30 23 11 01 | 05
#1689-d245 @A: 20 04 23 12 | 04
