#0001-d254 @A: 19 11 24 05 | 05
#0002-d254 @A: 27 34 24 13 | 12
#0003-d254 @A: 24 01 31 34 | 08
#0004-d254 @A: 12 24 18 23 | 07
#0005-d254 @A: 29 30 25 24 | 06
#0006-d254 @A: 25 17 05 24 | 10
#0007-d254 @A: 25 20 15 24 | 02
#0008-d254 @A: 24 08 07 05 | 03
#0009-d254 @A: 12 24 20 26 | 11
#0010-d254 @A: 24 10 22 21 | 09
#0011-d254 @A: 24 10 09 15 | 01
#0012-d254 @A: 04 24 31 22 | 04
#0013-d254 @A: 06 24 30 07 | 05
#0014-d254 @A: 13 25 31 11 | 12
#0015-d254 @A: 26 13 11 02 | 08
#0016-d254 @A: 14 16 11 02 | 07
#0017-d254 @A: 22 18 05 11 | 06
#0018-d254 @A: 25 35 11 16 | 10
#0019-d254 @A: 35 02 07 11 | 02
#0020-d254 @A: 02 11 01 19 | 03
#0021-d254 @A: 11 05 02 03 | 11
#0022-d254 @A: 11 19 15 35 | 09
#0023-d254 @A: 19 12 11 23 | 01
#0024-d254 @A: 08 20 11 28 | 04
#0025-d254 @A: 31 20 11 06 | 05
#0026-d254 @A: 23 13 34 02 | 12
#0027-d254 @A: 13 03 34 35 | 08
#0028-d254 @A: 12 13 34 07 | 07
#0029-d254 @A: 34 18 14 07 | 06
#0030-d254 @A: 22 14 34 29 | 10
#0031-d254 @A: 15 34 33 14 | 02
#0032-d254 @A: 34 21 18 25 | 03
#0033-d254 @A: 32 34 18 04 | 11
#0034-d254 @A: 09 25 34 35 | 09
#0035-d254 @A: 12 34 15 25 | 01
#0036-d254 @A: 34 17 25 33 | 04
#0037-d254 @A: 31 34 02 27 | 05
#0038-d254 @A: 08 34 35 21 | 12
#0039-d254 @A: 05 34 27 32 | 08
#0040-d254 @A: 05 28 22 34 | 07
#0041-d254 @A: 04 10 34 05 | 06
#0042-d254 @A: 32 01 12 34 | 10
#0043-d254 @A: 34 17 10 32 | 02
#0044-d254 @A: 34 07 32 22 | 03
#0045-d254 @A: 34 30 31 20 | 11
#0046-d254 @A: 34 01 30 17 | 09
#0047-d254 @A: 16 14 13 19 | 01
#0048-d254 @A: 27 13 18 05 | 04
#0049-d254 @A: 30 08 18 13 | 05
#0050-d254 @A: 18 33 23 13 | 12
#0051-d254 @A: 02 12 13 20 | 08
#0052-d254 @A: 02 13 28 31 | 07
#0053-d254 @A: 17 35 05 13 | 06
#0054-d254 @A: 19 13 28 15 | 10
#0055-d254 @A: 05 21 12 13 | 02
#0056-d254 @A: 03 13 20 05 | 03
#0057-d254 @A: 12 08 32 13 | 11
#0058-d254 @A: 13 04 12 33 | 09
#0059-d254 @A: 12 22 27 13 | 01
#0060-d254 @A: 06 33 26 13 | 04
#0061-d254 @A: 10 31 16 13 | 05
#0062-d254 @A: 07 04 13 16 | 12
#0063-d254 @A: 13 21 23 07 | 08
#0064-d254 @A: 10 07 15 13 | 07
#0065-d254 @A: 13 09 04 15 | 06
#0066-d254 @A: 01 17 13 04 | 10
#0067-d254 @A: 26 02 22 14 | 02
#0068-d254 @A: 35 08 06 14 | 03
#0069-d254 @A: 14 05 21 22 | 11
#0070-d254 @A: 14 30 32 16 | 09
#0071-d254 @A: 14 23 26 28 | 01
#0072-d254 @A: 22 14 20 06 | 04
#0073-d254 @A: 20 09 17 14 | 05
#0074-d254 @A: 06 15 01 14 | 12
#0075-d254 @A: 15 25 08 18 | 08
#0076-d254 @A: 29 26 18 19 | 07
#0077-d254 @A: 29 07 33 18 | 06
#0078-d254 @A: 32 18 03 23 | 10
#0079-d254 @A: 21 27 06 18 | 02
#0080-d254 @A: 18 10 27 09 | 03
#0081-d254 @A: 17 30 20 18 | 11
#0082-d254 @A: 30 35 25 12 | 09
#0083-d254 @A: 25 20 35 28 | 01
#0084-d254 @A: 19 25 10 12 | 04
#0085-d254 @A: 33 25 26 22 | 05
#0086-d254 @A: 20 25 22 16 | 12
#0087-d254 @A: 04 25 27 06 | 08
#0088-d254 @A: 25 21 17 22 | 07
#0089-d254 @A: 07 22 10 25 | 06
#0090-d254 @A: 29 02 08 16 | 10
#0091-d254 @A: 28 05 02 30 | 02
#0092-d254 @A: 02 28 12 33 | 03
#0093-d254 @A: 09 02 12 27 | 11
#0094-d254 @A: 02 04 26 08 | 09
#0095-d254 @A: 15 02 16 20 | 01
#0096-d254 @A: 27 15 30 02 | 04
#0097-d254 @A: 02 20 23 10 | 05
#0098-d254 @A: 10 06 07 02 | 12
#0099-d254 @A: 17 09 23 02 | 08
#0100-d254 @A: 29 21 28 12 | 07
#0101-d254 @A: 22 12 03 29 | 06
#0102-d254 @A: 32 29 08 22 | 10
#0103-d254 @A: 26 08 06 29 | 02
#0104-d254 @A: 20 08 29 31 | 03
#0105-d254 @A: 33 35 01 19 | 11
#0106-d254 @A: 06 27 35 19 | 09
#0107-d254 @A: 09 05 12 35 | 01
#0108-d254 @A: 32 30 35 04 | 04
#0109-d254 @A: 35 06 20 21 | 05
#0110-d254 @A: 04 01 21 35 | 12
#0111-d254 @A: 09 03 10 35 | 08
#0112-d254 @A: 22 30 06 35 | 07
#0113-d254 @A: 01 12 19 08 | 06
#0114-d254 @A: 12 16 33 19 | 10
#0115-d254 @A: 19 03 08 23 | 02
#0116-d254 @A: 16 19 10 20 | 03
#0117-d254 @A: 31 20 01 19 | 11
#0118-d254 @A: 19 17 01 22 | 09
#0119-d254 @A: 31 19 23 07 | 01
#0120-d254 @A: 15 03 12 05 | 04
#0121-d254 @A: 09 20 10 05 | 05
#0122-d254 @A: 05 01 17 23 | 12
#0123-d254 @A: 09 05 07 04 | 08
#0124-d254 @A: 32 12 33 06 | 07
#0125-d254 @A: 06 28 12 07 | 06
#0126-d254 @A: 15 27 06 12 | 10
#0127-d254 @A: 23 08 10 07 | 02
#0128-d254 @A: 15 04 32 27 | 03
#0129-d254 @A: 09 15 32 17 | 11
#0130-d254 @A: 26 03 22 33 | 09
#0131-d254 @A: 16 27 09 26 | 01
#0132-d254 @A: 15 26 16 17 | 04
#0133-d254 @A: 26 27 15 01 | 05
#0134-d254 @A: 03 20 01 26 | 12
#0135-d254 @A: 27 28 33 17 | 08
#0136-d254 @A: 03 27 33 16 | 07
#0137-d254 @A: 33 22 27 10 | 06
#0138-d254 @A: 33 30 07 09 | 10
#0139-d254 @A: 33 31 01 07 | 02
#0140-d254 @A: 22 10 28 06 | 03
#0141-d254 @A: 28 01 09 30 | 11
#0142-d254 @A: 09 23 28 06 | 09
#0143-d254 @A: 15 28 06 17 | 01
#0144-d254 @A: 03 10 16 01 | 04
#0145-d254 @A: 03 07 30 27 | 05
#0146-d254 @A: 30 03 04 15 | 12
#0147-d254 @A: 24 11 30 13 | 08
#0148-d254 @A: 11 16 24 26 | 07
#0149-d254 @A: 22 20 24 11 | 06
#0150-d254 @A: 02 25 34 24 | 10
#0151-d254 @A: 30 14 18 24 | 02
#0152-d254 @A: 24 19 14 27 | 03
#0153-d254 @A: 14 26 24 10 | 11
#0154-d254 @A: 08 18 06 24 | 09
#0155-d254 @A: 24 12 25 04 | 01
#0156-d254 @A: 24 25 33 07 | 04
#0157-d254 @A: 28 24 25 06 | 05
#0158-d254 @A: 02 10 24 12 | 12
#0159-d254 @A: 24 26 29 05 | 08
#0160-d254 @A: 29 16 24 09 | 07
#0161-d254 @A: 12 15 17 24 | 06
#0162-d254 @A: 24 23 28 08 | 10
#0163-d254 @A: 22 24 15 32 | 02
#0164-d254 @A: 26 01 24 30 | 03
#0165-d254 @A: 24 17 26 03 | 11
#0166-d254 @A: 24 15 23 16 | 09
#0167-d254 @A: 21 11 34 29 | 01
#0168-d254 @A: 33 31 34 11 | 04
#0169-d254 @A: 14 11 07 29 | 05
#0170-d254 @A: 11 10 19 14 | 12
#0171-d254 @A: 18 11 32 35 | 08
#0172-d254 @A: 15 04 25 11 | 07
#0173-d254 @A: 11 33 17 29 | 06
#0174-d254 @A: 30 11 29 03 | 10
#0175-d254 @A: 35 05 21 11 | 02
#0176-d254 @A: 19 33 11 30 | 03
#0177-d254 @A: 05 26 04 11 | 11
#0178-d254 @A: 11 05 27 17 | 09
#0179-d254 @A: 23 03 12 11 | 01
#0180-d254 @A: 26 07 28 11 | 04
#0181-d254 @A: 17 16 30 11 | 05
#0182-d254 @A: 11 30 15 23 | 12
#0183-d254 @A: 28 18 34 16 | 08
#0184-d254 @A: 34 21 02 12 | 07
#0185-d254 @A: 29 31 05 34 | 06
#0186-d254 @A: 28 31 34 35 | 10
#0187-d254 @A: 34 05 30 19 | 02
#0188-d254 @A: 32 34 15 19 | 03
#0189-d254 @A: 08 01 34 05 | 11
#0190-d254 @A: 33 08 34 04 | 09
#0191-d254 @A: 08 34 03 28 | 01
#0192-d254 @A: 34 03 26 07 | 04
#0193-d254 @A: 34 15 16 27 | 05
#0194-d254 @A: 20 09 34 27 | 12
#0195-d254 @A: 07 34 10 21 | 08
#0196-d254 @A: 20 22 04 34 | 07
#0197-d254 @A: 35 13 02 14 | 06
#0198-d254 @A: 16 25 33 13 | 10
#0199-d254 @A: 13 02 32 01 | 02
#0200-d254 @A: 31 33 29 13 | 03
#0201-d254 @A: 29 13 07 27 | 11
#0202-d254 @A: 35 06 09 13 | 09
#0203-d254 @A: 13 27 19 33 | 01
#0204-d254 @A: 06 19 22 13 | 04
#0205-d254 @A: 28 06 13 05 | 05
#0206-d254 @A: 13 09 12 31 | 12
#0207-d254 @A: 08 13 21 33 | 08
#0208-d254 @A: 13 22 33 32 | 07
#0209-d254 @A: 20 01 13 33 | 06
#0210-d254 @A: 06 07 13 20 | 10
#0211-d254 @A: 23 06 13 01 | 02
#0212-d254 @A: 29 14 23 35 | 03
#0213-d254 @A: 14 17 35 19 | 11
#0214-d254 @A: 26 35 20 14 | 09
#0215-d254 @A: 14 22 16 35 | 01
#0216-d254 @A: 19 08 14 15 | 04
#0217-d254 @A: 19 14 26 01 | 05
#0218-d254 @A: 19 28 21 14 | 12
#0219-d254 @A: 17 27 10 14 | 08
#0220-d254 @A: 14 20 01 21 | 07
#0221-d254 @A: 07 14 20 15 | 06
#0222-d254 @A: 01 14 03 22 | 10
#0223-d254 @A: 09 03 17 14 | 02
#0224-d254 @A: 05 18 15 33 | 03
#0225-d254 @A: 05 18 10 01 | 11
#0226-d254 @A: 18 26 06 12 | 09
#0227-d254 @A: 33 18 12 21 | 01
#0228-d254 @A: 18 27 28 12 | 04
#0229-d254 @A: 27 07 32 18 | 05
#0230-d254 @A: 04 18 20 21 | 12
#0231-d254 @A: 23 01 18 30 | 08
#0232-d254 @A: 18 01 07 04 | 07
#0233-d254 @A: 02 20 25 04 | 06
#0234-d254 @A: 30 25 26 05 | 10
#0235-d254 @A: 12 33 01 25 | 02
#0236-d254 @A: 17 20 25 08 | 03
#0237-d254 @A: 03 32 25 28 | 11
#0238-d254 @A: 25 20 21 31 | 09
#0239-d254 @A: 35 02 08 12 | 01
#0240-d254 @A: 32 17 05 02 | 04
#0241-d254 @A: 33 02 08 01 | 05
#0242-d254 @A: 09 07 16 02 | 12
#0243-d254 @A: 21 15 03 02 | 08
#0244-d254 @A: 02 22 15 17 | 07
#0245-d254 @A: 17 06 02 30 | 06
#0246-d254 @A: 35 29 19 08 | 10
#0247-d254 @A: 07 29 19 20 | 02
#0248-d254 @A: 20 05 30 29 | 03
#0249-d254 @A: 32 12 17 29 | 11
#0250-d254 @A: 15 08 29 33 | 09
#0251-d254 @A: 27 20 29 26 | 01
#0252-d254 @A: 28 09 17 29 | 04
#0253-d254 @A: 30 31 16 29 | 05
#0254-d254 @A: 10 17 29 20 | 12
#0255-d254 @A: 29 20 10 03 | 08
#0256-d254 @A: 04 22 30 29 | 07
#0257-d254 @A: 35 03 32 05 | 06
#0258-d254 @A: 23 15 35 28 | 10
#0259-d254 @A: 35 09 21 30 | 02
#0260-d254 @A: 03 12 19 30 | 03
#0261-d254 @A: 26 03 19 32 | 11
#0262-d254 @A: 09 19 26 07 | 09
#0263-d254 @A: 31 33 17 19 | 01
#0264-d254 @A: 06 19 17 16 | 04
#0265-d254 @A: 08 05 12 17 | 05
#0266-d254 @A: 05 21 32 28 | 12
#0267-d254 @A: 20 22 05 07 | 08
#0268-d254 @A: 09 22 05 03 | 07
#0269-d254 @A: 20 12 22 08 | 06
#0270-d254 @A: 33 03 12 20 | 10
#0271-d254 @A: 07 21 15 12 | 02
#0272-d254 @A: 04 31 12 06 | 03
#0273-d254 @A: 04 01 12 03 | 11
#0274-d254 @A: 08 10 16 27 | 09
#0275-d254 @A: 32 23 33 01 | 01
#0276-d254 @A: 27 04 03 32 | 04
#0277-d254 @A: 32 23 20 06 | 05
#0278-d254 @A: 31 32 03 22 | 12
#0279-d254 @A: 23 09 31 32 | 08
#0280-d254 @A: 33 04 26 31 | 07
#0281-d254 @A: 16 26 04 28 | 06
#0282-d254 @A: 17 09 26 04 | 10
#0283-d254 @A: 28 33 31 30 | 02
#0284-d254 @A: 33 09 20 15 | 03
#0285-d254 @A: 28 20 09 04 | 11
#0286-d254 @A: 31 22 28 01 | 09
#0287-d254 @A: 01 28 04 15 | 01
#0288-d254 @A: 04 17 07 28 | 04
#0289-d254 @A: 24 11 34 04 | 05
#0290-d254 @A: 24 34 16 32 | 12
#0291-d254 @A: 01 29 24 13 | 08
#0292-d254 @A: 28 13 22 24 | 07
#0293-d254 @A: 09 33 24 18 | 06
#0294-d254 @A: 10 24 02 03 | 10
#0295-d254 @A: 21 29 24 08 | 02
#0296-d254 @A: 07 24 29 15 | 03
#0297-d254 @A: 32 27 26 24 | 11
#0298-d254 @A: 24 16 21 20 | 09
#0299-d254 @A: 21 15 24 27 | 01
#0300-d254 @A: 04 03 31 24 | 04
#0301-d254 @A: 07 17 24 01 | 05
#0302-d254 @A: 27 11 35 13 | 12
#0303-d254 @A: 13 09 11 23 | 08
#0304-d254 @A: 14 25 11 22 | 07
#0305-d254 @A: 20 05 14 11 | 06
#0306-d254 @A: 03 11 33 18 | 10
#0307-d254 @A: 11 32 01 25 | 02
#0308-d254 @A: 03 11 17 25 | 03
#0309-d254 @A: 28 11 02 22 | 11
#0310-d254 @A: 02 31 10 11 | 09
#0311-d254 @A: 11 35 08 26 | 01
#0312-d254 @A: 20 11 35 04 | 04
#0313-d254 @A: 35 31 01 11 | 05
#0314-d254 @A: 11 20 03 08 | 12
#0315-d254 @A: 32 28 11 10 | 08
#0316-d254 @A: 23 11 26 20 | 07
#0317-d254 @A: 11 26 03 09 | 06
#0318-d254 @A: 31 11 16 07 | 10
#0319-d254 @A: 21 07 30 11 | 02
#0320-d254 @A: 09 31 17 11 | 03
#0321-d254 @A: 34 18 01 33 | 11
#0322-d254 @A: 34 28 10 25 | 09
#0323-d254 @A: 32 08 34 02 | 01
#0324-d254 @A: 19 09 34 33 | 04
#0325-d254 @A: 26 34 09 01 | 05
#0326-d254 @A: 34 09 17 06 | 12
#0327-d254 @A: 14 13 21 25 | 08
#0328-d254 @A: 32 13 14 20 | 07
#0329-d254 @A: 18 07 13 02 | 06
#0330-d254 @A: 09 13 19 18 | 10
#0331-d254 @A: 18 10 13 03 | 02
#0332-d254 @A: 25 30 32 13 | 03
#0333-d254 @A: 15 25 13 17 | 11
#0334-d254 @A: 13 02 15 05 | 09
#0335-d254 @A: 02 13 09 30 | 01
#0336-d254 @A: 26 13 20 19 | 04
#0337-d254 @A: 26 16 13 05 | 05
#0338-d254 @A: 20 17 27 13 | 12
#0339-d254 @A: 13 23 31 17 | 08
#0340-d254 @A: 27 14 18 33 | 07
#0341-d254 @A: 16 29 14 05 | 06
#0342-d254 @A: 28 33 14 35 | 10
#0343-d254 @A: 12 14 06 19 | 02
#0344-d254 @A: 17 14 08 04 | 03
#0345-d254 @A: 14 17 32 22 | 11
#0346-d254 @A: 14 16 03 26 | 09
#0347-d254 @A: 09 22 10 14 | 01
#0348-d254 @A: 02 18 32 20 | 04
#0349-d254 @A: 33 16 18 02 | 05
#0350-d254 @A: 18 26 09 35 | 12
#0351-d254 @A: 19 03 18 20 | 08
#0352-d254 @A: 28 05 18 23 | 07
#0353-d254 @A: 22 32 12 18 | 06
#0354-d254 @A: 32 08 09 18 | 10
#0355-d254 @A: 27 18 17 04 | 02
#0356-d254 @A: 22 18 23 07 | 03
#0357-d254 @A: 18 01 06 22 | 11
#0358-d254 @A: 12 22 25 02 | 09
#0359-d254 @A: 02 21 28 25 | 01
#0360-d254 @A: 26 25 04 29 | 04
#0361-d254 @A: 20 19 06 25 | 05
#0362-d254 @A: 19 31 30 25 | 12
#0363-d254 @A: 25 26 12 07 | 08
#0364-d254 @A: 25 21 32 08 | 07
#0365-d254 @A: 04 21 10 25 | 06
#0366-d254 @A: 25 20 09 07 | 10
#0367-d254 @A: 22 04 09 25 | 02
#0368-d254 @A: 23 05 02 29 | 03
#0369-d254 @A: 02 29 15 12 | 11
#0370-d254 @A: 26 28 02 17 | 09
#0371-d254 @A: 02 01 20 06 | 01
#0372-d254 @A: 04 22 02 23 | 04
#0373-d254 @A: 09 02 06 15 | 05
#0374-d254 @A: 29 17 05 19 | 12
#0375-d254 @A: 32 15 05 29 | 08
#0376-d254 @A: 26 12 29 10 | 07
#0377-d254 @A: 33 09 22 29 | 06
#0378-d254 @A: 23 29 07 16 | 10
#0379-d254 @A: 29 22 27 15 | 02
#0380-d254 @A: 01 30 10 29 | 03
#0381-d254 @A: 10 05 08 35 | 11
#0382-d254 @A: 35 16 08 17 | 09
#0383-d254 @A: 03 01 28 35 | 01
#0384-d254 @A: 21 27 16 35 | 04
#0385-d254 @A: 15 27 35 17 | 05
#0386-d254 @A: 05 33 21 19 | 12
#0387-d254 @A: 22 10 05 19 | 08
#0388-d254 @A: 30 19 32 12 | 07
#0389-d254 @A: 12 09 19 15 | 06
#0390-d254 @A: 22 32 19 28 | 10
#0391-d254 @A: 19 16 04 22 | 02
#0392-d254 @A: 09 27 19 17 | 03
#0393-d254 @A: 15 27 03 19 | 11
#0394-d254 @A: 19 30 21 20 | 09
#0395-d254 @A: 03 09 07 19 | 01
#0396-d254 @A: 06 19 04 07 | 04
#0397-d254 @A: 28 04 12 05 | 05
#0398-d254 @A: 05 26 09 32 | 12
#0399-d254 @A: 26 05 33 01 | 08
#0400-d254 @A: 15 05 26 07 | 07
#0401-d254 @A: 05 31 17 28 | 06
#0402-d254 @A: 05 20 01 04 | 10
#0403-d254 @A: 15 04 05 06 | 02
#0404-d254 @A: 15 16 12 22 | 03
#0405-d254 @A: 12 01 27 31 | 11
#0406-d254 @A: 10 06 12 23 | 09
#0407-d254 @A: 07 22 04 12 | 01
#0408-d254 @A: 32 31 08 27 | 04
#0409-d254 @A: 23 26 17 08 | 05
#0410-d254 @A: 08 30 16 07 | 12
#0411-d254 @A: 01 15 08 10 | 08
#0412-d254 @A: 07 09 22 08 | 07
#0413-d254 @A: 06 16 32 22 | 06
#0414-d254 @A: 30 32 27 01 | 10
#0415-d254 @A: 01 10 07 32 | 02
#0416-d254 @A: 04 20 26 10 | 03
#0417-d254 @A: 26 22 23 06 | 11
#0418-d254 @A: 27 07 33 15 | 09
#0419-d254 @A: 04 09 33 23 | 01
#0420-d254 @A: 31 27 07 28 | 04
#0421-d254 @A: 21 28 17 01 | 05
#0422-d254 @A: 23 03 30 10 | 12
#0423-d254 @A: 06 15 03 09 | 08
#0424-d254 @A: 34 29 06 24 | 07
#0425-d254 @A: 33 30 34 24 | 06
#0426-d254 @A: 01 34 03 24 | 10
#0427-d254 @A: 24 04 35 13 | 02
#0428-d254 @A: 18 26 24 25 | 03
#0429-d254 @A: 24 15 18 02 | 11
#0430-d254 @A: 24 19 22 18 | 09
#0431-d254 @A: 24 28 04 18 | 01
#0432-d254 @A: 29 02 17 24 | 04
#0433-d254 @A: 05 04 24 02 | 05
#0434-d254 @A: 29 24 35 22 | 12
#0435-d254 @A: 10 23 24 29 | 08
#0436-d254 @A: 24 21 12 35 | 07
#0437-d254 @A: 28 35 24 30 | 06
#0438-d254 @A: 24 05 27 33 | 10
#0439-d254 @A: 08 17 24 33 | 02
#0440-d254 @A: 16 07 10 24 | 03
#0441-d254 @A: 24 01 06 16 | 11
#0442-d254 @A: 34 11 13 16 | 09
#0443-d254 @A: 02 20 34 11 | 01
#0444-d254 @A: 34 26 11 17 | 04
#0445-d254 @A: 12 14 04 11 | 05
#0446-d254 @A: 31 11 14 26 | 12
#0447-d254 @A: 18 11 15 01 | 08
#0448-d254 @A: 02 12 11 06 | 07
#0449-d254 @A: 02 08 11 15 | 06
#0450-d254 @A: 11 27 19 29 | 10
#0451-d254 @A: 16 12 11 05 | 02
#0452-d254 @A: 05 08 30 11 | 03
#0453-d254 @A: 33 15 11 12 | 11
#0454-d254 @A: 33 11 08 09 | 09
#0455-d254 @A: 21 04 11 23 | 01
#0456-d254 @A: 10 03 31 11 | 04
#0457-d254 @A: 10 04 07 11 | 05
#0458-d254 @A: 11 09 15 07 | 12
#0459-d254 @A: 01 13 19 34 | 08
#0460-d254 @A: 13 28 34 33 | 07
#0461-d254 @A: 34 25 14 31 | 06
#0462-d254 @A: 14 34 02 10 | 10
#0463-d254 @A: 14 20 28 34 | 02
#0464-d254 @A: 02 19 34 07 | 03
#0465-d254 @A: 02 33 22 34 | 11
#0466-d254 @A: 30 29 34 35 | 09
#0467-d254 @A: 32 09 29 34 | 01
#0468-d254 @A: 26 29 15 34 | 04
#0469-d254 @A: 10 34 29 33 | 05
#0470-d254 @A: 34 35 06 05 | 12
#0471-d254 @A: 26 34 20 08 | 08
#0472-d254 @A: 32 33 34 20 | 07
#0473-d254 @A: 13 29 04 18 | 06
#0474-d254 @A: 06 16 18 13 | 10
#0475-d254 @A: 19 02 13 03 | 02
#0476-d254 @A: 13 19 30 35 | 03
#0477-d254 @A: 12 13 35 15 | 11
#0478-d254 @A: 20 13 08 35 | 09
#0479-d254 @A: 30 13 33 05 | 01
#0480-d254 @A: 13 09 32 07 | 04
#0481-d254 @A: 17 16 21 13 | 05
#0482-d254 @A: 01 13 31 15 | 12
#0483-d254 @A: 18 28 06 14 | 08
#0484-d254 @A: 23 31 18 14 | 07
#0485-d254 @A: 25 23 09 14 | 06
#0486-d254 @A: 15 02 14 28 | 10
#0487-d254 @A: 30 19 29 14 | 02
#0488-d254 @A: 33 01 29 14 | 03
#0489-d254 @A: 28 31 14 29 | 11
#0490-d254 @A: 04 33 14 05 | 09
#0491-d254 @A: 31 12 21 14 | 01
#0492-d254 @A: 26 14 07 32 | 04
#0493-d254 @A: 15 14 27 31 | 05
#0494-d254 @A: 06 14 21 10 | 12
#0495-d254 @A: 23 04 20 14 | 08
#0496-d254 @A: 14 30 10 31 | 07
#0497-d254 @A: 35 10 18 19 | 06
#0498-d254 @A: 07 21 05 18 | 10
#0499-d254 @A: 18 07 03 12 | 02
#0500-d254 @A: 26 08 07 18 | 03
#0501-d254 @A: 18 32 17 33 | 11
#0502-d254 @A: 16 18 03 09 | 09
#0503-d254 @A: 18 15 07 16 | 01
#0504-d254 @A: 30 04 18 09 | 04
#0505-d254 @A: 33 25 09 02 | 05
#0506-d254 @A: 29 25 33 21 | 12
#0507-d254 @A: 23 25 35 19 | 08
#0508-d254 @A: 25 05 35 15 | 07
#0509-d254 @A: 25 08 19 27 | 06
#0510-d254 @A: 25 16 08 12 | 10
#0511-d254 @A: 17 28 25 12 | 02
#0512-d254 @A: 28 25 09 32 | 03
#0513-d254 @A: 26 17 10 25 | 11
#0514-d254 @A: 25 15 27 23 | 09
#0515-d254 @A: 25 09 01 27 | 01
#0516-d254 @A: 21 30 25 06 | 04
#0517-d254 @A: 23 06 17 25 | 05
#0518-d254 @A: 19 04 12 02 | 12
#0519-d254 @A: 31 26 12 02 | 08
#0520-d254 @A: 10 30 02 08 | 07
#0521-d254 @A: 15 02 32 26 | 06
#0522-d254 @A: 21 02 30 26 | 10
#0523-d254 @A: 27 20 02 22 | 02
#0524-d254 @A: 01 09 02 31 | 03
#0525-d254 @A: 27 28 29 35 | 11
#0526-d254 @A: 27 32 33 29 | 09
#0527-d254 @A: 21 20 29 09 | 01
#0528-d254 @A: 22 29 20 01 | 04
#0529-d254 @A: 09 29 31 04 | 05
#0530-d254 @A: 31 12 35 19 | 12
#0531-d254 @A: 05 32 35 20 | 08
#0532-d254 @A: 15 35 01 20 | 07
#0533-d254 @A: 10 04 35 22 | 06
#0534-d254 @A: 30 15 35 31 | 10
#0535-d254 @A: 07 15 03 35 | 02
#0536-d254 @A: 08 05 06 19 | 03
#0537-d254 @A: 32 05 01 19 | 11
#0538-d254 @A: 05 28 07 19 | 09
#0539-d254 @A: 32 19 10 26 | 01
#0540-d254 @A: 27 19 31 16 | 04
#0541-d254 @A: 23 01 19 09 | 05
#0542-d254 @A: 23 26 21 05 | 12
#0543-d254 @A: 10 27 05 21 | 08
#0544-d254 @A: 09 12 28 08 | 07
#0545-d254 @A: 32 23 12 28 | 06
#0546-d254 @A: 32 16 12 21 | 10
#0547-d254 @A: 27 03 12 32 | 02
#0548-d254 @A: 12 33 10 07 | 03
#0549-d254 @A: 12 10 21 09 | 11
#0550-d254 @A: 12 04 17 21 | 09
#0551-d254 @A: 20 30 12 09 | 01
#0552-d254 @A: 01 20 07 12 | 04
#0553-d254 @A: 12 06 22 09 | 05
#0554-d254 @A: 01 23 12 15 | 12
#0555-d254 @A: 08 30 03 32 | 08
#0556-d254 @A: 16 08 21 04 | 07
#0557-d254 @A: 16 08 09 06 | 06
#0558-d254 @A: 30 32 20 15 | 10
#0559-d254 @A: 04 32 06 09 | 02
#0560-d254 @A: 31 21 27 26 | 03
#0561-d254 @A: 21 15 04 26 | 11
#0562-d254 @A: 03 26 10 04 | 09
#0563-d254 @A: 06 04 26 01 | 01
#0564-d254 @A: 16 33 31 23 | 04
#0565-d254 @A: 33 27 23 21 | 05
#0566-d254 @A: 21 31 33 09 | 12
#0567-d254 @A: 33 04 30 10 | 08
#0568-d254 @A: 20 30 07 28 | 07
#0569-d254 @A: 06 14 11 24 | 06
#0570-d254 @A: 21 11 31 24 | 10
#0571-d254 @A: 34 24 05 21 | 02
#0572-d254 @A: 23 34 17 24 | 03
#0573-d254 @A: 13 24 10 18 | 11
#0574-d254 @A: 24 09 25 13 | 09
#0575-d254 @A: 32 23 24 13 | 01
#0576-d254 @A: 07 24 13 26 | 04
#0577-d254 @A: 22 14 23 24 | 05
#0578-d254 @A: 05 25 24 03 | 12
#0579-d254 @A: 02 24 26 09 | 08
#0580-d254 @A: 09 12 32 24 | 07
#0581-d254 @A: 33 16 04 24 | 06
#0582-d254 @A: 27 28 24 16 | 10
#0583-d254 @A: 31 27 23 24 | 02
#0584-d254 @A: 21 01 09 24 | 03
#0585-d254 @A: 10 24 04 17 | 11
#0586-d254 @A: 15 04 30 24 | 09
#0587-d254 @A: 15 24 06 31 | 01
#0588-d254 @A: 34 28 11 01 | 04
#0589-d254 @A: 11 16 08 18 | 05
#0590-d254 @A: 33 06 11 18 | 12
#0591-d254 @A: 11 29 05 25 | 08
#0592-d254 @A: 25 33 20 11 | 07
#0593-d254 @A: 35 29 10 11 | 06
#0594-d254 @A: 09 29 11 26 | 10
#0595-d254 @A: 29 11 04 06 | 02
#0596-d254 @A: 19 17 11 28 | 03
#0597-d254 @A: 11 20 32 12 | 11
#0598-d254 @A: 11 01 16 20 | 09
#0599-d254 @A: 30 04 11 01 | 01
#0600-d254 @A: 03 18 02 34 | 04
#0601-d254 @A: 25 34 27 29 | 05
#0602-d254 @A: 05 20 25 34 | 12
#0603-d254 @A: 02 34 15 35 | 08
#0604-d254 @A: 34 06 12 08 | 07
#0605-d254 @A: 23 12 34 26 | 06
#0606-d254 @A: 31 26 34 32 | 10
#0607-d254 @A: 09 34 21 16 | 02
#0608-d254 @A: 34 21 17 27 | 03
#0609-d254 @A: 15 09 34 30 | 11
#0610-d254 @A: 06 34 07 01 | 09
#0611-d254 @A: 13 22 18 14 | 01
#0612-d254 @A: 13 09 14 33 | 04
#0613-d254 @A: 06 13 14 17 | 05
#0614-d254 @A: 21 18 32 13 | 12
#0615-d254 @A: 17 13 18 28 | 08
#0616-d254 @A: 07 28 13 25 | 07
#0617-d254 @A: 08 02 13 06 | 06
#0618-d254 @A: 33 02 13 17 | 10
#0619-d254 @A: 27 04 13 02 | 02
#0620-d254 @A: 12 19 29 13 | 03
#0621-d254 @A: 21 26 29 13 | 11
#0622-d254 @A: 13 16 12 03 | 09
#0623-d254 @A: 13 03 20 27 | 01
#0624-d254 @A: 10 30 27 13 | 04
#0625-d254 @A: 13 22 20 30 | 05
#0626-d254 @A: 31 03 13 01 | 12
#0627-d254 @A: 18 21 14 35 | 08
#0628-d254 @A: 14 25 35 27 | 07
#0629-d254 @A: 10 05 25 14 | 06
#0630-d254 @A: 12 20 25 14 | 10
#0631-d254 @A: 17 26 29 14 | 02
#0632-d254 @A: 12 28 14 22 | 03
#0633-d254 @A: 14 16 06 27 | 11
#0634-d254 @A: 03 23 27 14 | 09
#0635-d254 @A: 30 14 22 07 | 01
#0636-d254 @A: 15 30 17 14 | 04
#0637-d254 @A: 25 33 18 10 | 05
#0638-d254 @A: 18 02 17 35 | 12
#0639-d254 @A: 12 07 18 19 | 08
#0640-d254 @A: 06 18 19 32 | 07
#0641-d254 @A: 27 19 15 18 | 06
#0642-d254 @A: 18 17 05 26 | 10
#0643-d254 @A: 08 18 28 31 | 02
#0644-d254 @A: 18 30 16 21 | 03
#0645-d254 @A: 18 09 16 17 | 11
#0646-d254 @A: 15 10 04 18 | 09
#0647-d254 @A: 17 31 18 22 | 01
#0648-d254 @A: 18 15 23 17 | 04
#0649-d254 @A: 01 02 35 25 | 05
#0650-d254 @A: 25 19 02 15 | 12
#0651-d254 @A: 03 31 25 02 | 08
#0652-d254 @A: 25 07 01 29 | 07
#0653-d254 @A: 21 01 19 25 | 06
#0654-d254 @A: 08 05 25 09 | 10
#0655-d254 @A: 27 32 12 25 | 02
#0656-d254 @A: 27 10 25 20 | 03
#0657-d254 @A: 03 25 09 21 | 11
#0658-d254 @A: 17 30 09 25 | 09
#0659-d254 @A: 19 20 02 05 | 01
#0660-d254 @A: 28 02 19 27 | 04
#0661-d254 @A: 05 10 33 02 | 05
#0662-d254 @A: 08 28 07 02 | 12
#0663-d254 @A: 02 07 31 22 | 08
#0664-d254 @A: 31 04 02 15 | 07
#0665-d254 @A: 01 02 15 07 | 06
#0666-d254 @A: 33 29 30 12 | 10
#0667-d254 @A: 29 17 22 16 | 02
#0668-d254 @A: 22 29 21 23 | 03
#0669-d254 @A: 07 17 29 30 | 11
#0670-d254 @A: 04 19 05 35 | 09
#0671-d254 @A: 12 20 35 27 | 01
#0672-d254 @A: 01 26 28 35 | 04
#0673-d254 @A: 33 21 35 15 | 05
#0674-d254 @A: 10 20 35 07 | 12
#0675-d254 @A: 31 20 35 22 | 08
#0676-d254 @A: 35 09 23 20 | 07
#0677-d254 @A: 15 09 35 22 | 06
#0678-d254 @A: 16 08 28 19 | 10
#0679-d254 @A: 30 27 19 22 | 02
#0680-d254 @A: 17 23 20 19 | 03
#0681-d254 @A: 10 19 06 09 | 11
#0682-d254 @A: 22 31 09 19 | 09
#0683-d254 @A: 12 30 05 15 | 01
#0684-d254 @A: 32 33 16 05 | 04
#0685-d254 @A: 05 32 07 30 | 05
#0686-d254 @A: 16 03 05 04 | 12
#0687-d254 @A: 27 31 09 05 | 08
#0688-d254 @A: 27 01 05 06 | 07
#0689-d254 @A: 17 06 05 07 | 06
#0690-d254 @A: 08 31 12 03 | 10
#0691-d254 @A: 16 22 08 01 | 02
#0692-d254 @A: 08 10 21 31 | 03
#0693-d254 @A: 08 30 15 22 | 11
#0694-d254 @A: 20 28 01 32 | 09
#0695-d254 @A: 09 32 01 16 | 01
#0696-d254 @A: 17 32 27 06 | 04
#0697-d254 @A: 15 32 06 10 | 05
#0698-d254 @A: 10 26 22 15 | 12
#0699-d254 @A: 23 26 07 04 | 08
#0700-d254 @A: 33 07 22 16 | 07
#0701-d254 @A: 21 04 07 33 | 06
#0702-d254 @A: 17 10 33 23 | 10
#0703-d254 @A: 01 07 28 16 | 02
#0704-d254 @A: 04 28 27 21 | 03
#0705-d254 @A: 20 06 27 28 | 11
#0706-d254 @A: 09 07 28 21 | 09
#0707-d254 @A: 22 20 28 17 | 01
#0708-d254 @A: 07 15 22 28 | 04
#0709-d254 @A: 20 03 16 17 | 05
#0710-d254 @A: 22 16 06 03 | 12
#0711-d254 @A: 31 27 06 03 | 08
#0712-d254 @A: 31 07 03 20 | 07
#0713-d254 @A: 03 23 22 15 | 06
#0714-d254 @A: 11 24 18 29 | 10
#0715-d254 @A: 08 24 15 34 | 02
#0716-d254 @A: 15 13 24 33 | 03
#0717-d254 @A: 24 14 12 16 | 11
#0718-d254 @A: 16 24 18 05 | 09
#0719-d254 @A: 24 25 16 19 | 01
#0720-d254 @A: 25 08 24 22 | 04
#0721-d254 @A: 30 19 02 24 | 05
#0722-d254 @A: 26 35 24 15 | 12
#0723-d254 @A: 21 24 07 19 | 08
#0724-d254 @A: 24 30 10 05 | 07
#0725-d254 @A: 32 08 04 24 | 06
#0726-d254 @A: 26 24 28 21 | 10
#0727-d254 @A: 27 24 20 01 | 02
#0728-d254 @A: 09 24 27 04 | 03
#0729-d254 @A: 21 06 04 24 | 11
#0730-d254 @A: 15 20 03 24 | 09
#0731-d254 @A: 24 07 20 04 | 01
#0732-d254 @A: 09 30 31 24 | 04
#0733-d254 @A: 11 34 06 19 | 05
#0734-d254 @A: 12 13 11 18 | 12
#0735-d254 @A: 11 13 19 21 | 08
#0736-d254 @A: 11 26 27 18 | 07
#0737-d254 @A: 29 32 23 11 | 06
#0738-d254 @A: 19 09 20 11 | 10
#0739-d254 @A: 11 33 27 16 | 02
#0740-d254 @A: 17 20 11 15 | 03
#0741-d254 @A: 23 17 11 07 | 11
#0742-d254 @A: 34 35 13 32 | 09
#0743-d254 @A: 14 03 21 34 | 01
#0744-d254 @A: 29 23 34 18 | 04
#0745-d254 @A: 34 22 19 25 | 05
#0746-d254 @A: 08 34 25 30 | 12
#0747-d254 @A: 26 05 02 34 | 08
#0748-d254 @A: 04 02 17 34 | 07
#0749-d254 @A: 34 07 08 29 | 06
#0750-d254 @A: 35 04 34 26 | 10
#0751-d254 @A: 19 08 31 34 | 02
#0752-d254 @A: 07 34 05 16 | 03
#0753-d254 @A: 05 34 03 06 | 11
#0754-d254 @A: 03 30 20 34 | 09
#0755-d254 @A: 07 23 20 34 | 01
#0756-d254 @A: 10 30 06 34 | 04
#0757-d254 @A: 01 22 15 34 | 05
#0758-d254 @A: 03 34 22 17 | 12
#0759-d254 @A: 04 03 23 34 | 08
#0760-d254 @A: 28 14 30 13 | 07
#0761-d254 @A: 13 25 20 18 | 06
#0762-d254 @A: 26 25 27 13 | 10
#0763-d254 @A: 02 13 16 22 | 02
#0764-d254 @A: 13 29 10 32 | 03
#0765-d254 @A: 28 21 13 35 | 11
#0766-d254 @A: 27 13 32 28 | 09
#0767-d254 @A: 01 27 13 16 | 01
#0768-d254 @A: 18 25 14 04 | 04
#0769-d254 @A: 14 15 12 18 | 05
#0770-d254 @A: 25 14 30 02 | 12
#0771-d254 @A: 23 14 08 02 | 08
#0772-d254 @A: 22 31 08 14 | 07
#0773-d254 @A: 30 14 08 09 | 06
#0774-d254 @A: 30 33 26 14 | 10
#0775-d254 @A: 25 09 18 12 | 02
#0776-d254 @A: 05 29 18 09 | 03
#0777-d254 @A: 18 31 33 35 | 11
#0778-d254 @A: 19 30 18 28 | 09
#0779-d254 @A: 08 12 18 10 | 01
#0780-d254 @A: 12 20 18 31 | 04
#0781-d254 @A: 21 18 04 03 | 05
#0782-d254 @A: 10 07 30 18 | 12
#0783-d254 @A: 06 18 09 07 | 08
#0784-d254 @A: 02 05 25 07 | 07
#0785-d254 @A: 03 25 10 19 | 06
#0786-d254 @A: 01 26 08 25 | 10
#0787-d254 @A: 31 28 25 26 | 02
#0788-d254 @A: 01 16 25 15 | 03
#0789-d254 @A: 06 31 25 01 | 11
#0790-d254 @A: 02 29 35 09 | 09
#0791-d254 @A: 06 02 35 31 | 01
#0792-d254 @A: 08 02 03 06 | 04
#0793-d254 @A: 07 21 02 20 | 05
#0794-d254 @A: 22 01 30 02 | 12
#0795-d254 @A: 23 30 02 31 | 08
#0796-d254 @A: 30 02 04 07 | 07
#0797-d254 @A: 02 03 23 07 | 06
#0798-d254 @A: 29 33 06 05 | 10
#0799-d254 @A: 05 28 29 10 | 02
#0800-d254 @A: 05 21 04 29 | 03
#0801-d254 @A: 29 30 28 08 | 11
#0802-d254 @A: 31 27 29 17 | 09
#0803-d254 @A: 29 30 15 21 | 01
#0804-d254 @A: 21 29 17 06 | 04
#0805-d254 @A: 28 19 35 09 | 05
#0806-d254 @A: 27 05 26 35 | 12
#0807-d254 @A: 31 08 09 35 | 08
#0808-d254 @A: 15 35 16 04 | 07
#0809-d254 @A: 27 07 09 35 | 06
#0810-d254 @A: 10 21 23 35 | 10
#0811-d254 @A: 35 22 21 03 | 02
#0812-d254 @A: 01 17 09 35 | 03
#0813-d254 @A: 08 32 19 20 | 11
#0814-d254 @A: 20 04 27 19 | 09
#0815-d254 @A: 21 19 15 17 | 01
#0816-d254 @A: 15 19 20 22 | 04
#0817-d254 @A: 23 30 19 10 | 05
#0818-d254 @A: 31 19 10 15 | 12
#0819-d254 @A: 26 22 05 12 | 08
#0820-d254 @A: 23 05 08 32 | 07
#0821-d254 @A: 33 05 22 08 | 06
#0822-d254 @A: 01 05 30 21 | 10
#0823-d254 @A: 31 05 20 23 | 02
#0824-d254 @A: 12 06 16 30 | 03
#0825-d254 @A: 10 12 27 04 | 11
#0826-d254 @A: 12 31 23 22 | 09
#0827-d254 @A: 12 06 03 17 | 01
#0828-d254 @A: 08 26 27 33 | 04
#0829-d254 @A: 01 08 21 07 | 05
#0830-d254 @A: 08 04 30 20 | 12
#0831-d254 @A: 08 04 01 09 | 08
#0832-d254 @A: 03 32 16 07 | 07
#0833-d254 @A: 22 30 32 23 | 06
#0834-d254 @A: 06 30 32 31 | 10
#0835-d254 @A: 26 16 23 01 | 02
#0836-d254 @A: 26 17 27 22 | 03
#0837-d254 @A: 10 33 16 21 | 11
#0838-d254 @A: 33 21 22 01 | 09
#0839-d254 @A: 30 21 33 17 | 01
#0840-d254 @A: 33 22 20 23 | 04
#0841-d254 @A: 33 17 20 07 | 05
#0842-d254 @A: 10 06 33 03 | 12
#0843-d254 @A: 33 22 31 15 | 08
#0844-d254 @A: 33 06 17 22 | 07
#0845-d254 @A: 03 33 30 09 | 06
#0846-d254 @A: 01 07 03 33 | 10
#0847-d254 @A: 30 28 23 17 | 02
#0848-d254 @A: 31 03 21 20 | 03
#0849-d254 @A: 27 25 24 11 | 11
#0850-d254 @A: 24 03 11 27 | 09
#0851-d254 @A: 24 18 34 20 | 01
#0852-d254 @A: 24 13 02 21 | 04
#0853-d254 @A: 05 20 13 24 | 05
#0854-d254 @A: 24 29 14 04 | 12
#0855-d254 @A: 33 14 24 21 | 08
#0856-d254 @A: 24 18 32 01 | 07
#0857-d254 @A: 24 27 12 29 | 06
#0858-d254 @A: 29 24 03 23 | 10
#0859-d254 @A: 32 19 35 24 | 02
#0860-d254 @A: 10 19 24 28 | 03
#0861-d254 @A: 08 24 31 26 | 11
#0862-d254 @A: 24 33 32 03 | 09
#0863-d254 @A: 24 28 32 31 | 01
#0864-d254 @A: 16 31 17 24 | 04
#0865-d254 @A: 24 21 07 03 | 05
#0866-d254 @A: 20 24 10 31 | 12
#0867-d254 @A: 22 24 17 09 | 08
#0868-d254 @A: 11 35 34 23 | 07
#0869-d254 @A: 13 11 20 29 | 06
#0870-d254 @A: 05 11 10 13 | 10
#0871-d254 @A: 33 11 07 13 | 02
#0872-d254 @A: 18 11 23 10 | 03
#0873-d254 @A: 11 25 10 09 | 11
#0874-d254 @A: 02 27 32 11 | 09
#0875-d254 @A: 29 11 28 16 | 01
#0876-d254 @A: 12 17 35 11 | 04
#0877-d254 @A: 11 05 31 32 | 05
#0878-d254 @A: 27 08 11 12 | 12
#0879-d254 @A: 33 04 11 32 | 08
#0880-d254 @A: 11 30 27 28 | 07
#0881-d254 @A: 27 11 22 09 | 06
#0882-d254 @A: 11 07 06 27 | 10
#0883-d254 @A: 34 13 15 18 | 02
#0884-d254 @A: 30 13 34 04 | 03
#0885-d254 @A: 27 18 08 34 | 11
#0886-d254 @A: 34 32 23 25 | 09
#0887-d254 @A: 34 02 16 30 | 01
#0888-d254 @A: 34 12 29 20 | 04
#0889-d254 @A: 35 34 20 19 | 05
#0890-d254 @A: 07 34 17 35 | 12
#0891-d254 @A: 34 23 28 19 | 08
#0892-d254 @A: 34 08 23 16 | 07
#0893-d254 @A: 22 27 06 34 | 06
#0894-d254 @A: 23 01 21 34 | 10
#0895-d254 @A: 31 06 34 23 | 02
#0896-d254 @A: 34 07 31 09 | 03
#0897-d254 @A: 13 15 14 29 | 11
#0898-d254 @A: 22 25 35 13 | 09
#0899-d254 @A: 19 02 10 13 | 01
#0900-d254 @A: 05 13 29 22 | 04
#0901-d254 @A: 13 29 06 30 | 05
#0902-d254 @A: 29 03 13 07 | 12
#0903-d254 @A: 35 33 13 10 | 08
#0904-d254 @A: 13 04 05 32 | 07
#0905-d254 @A: 26 12 13 01 | 06
#0906-d254 @A: 12 28 16 13 | 10
#0907-d254 @A: 15 32 13 16 | 02
#0908-d254 @A: 09 13 28 26 | 03
#0909-d254 @A: 23 30 13 16 | 11
#0910-d254 @A: 09 21 27 13 | 09
#0911-d254 @A: 13 22 21 04 | 01
#0912-d254 @A: 15 13 21 06 | 04
#0913-d254 @A: 30 03 17 13 | 05
#0914-d254 @A: 10 18 14 29 | 12
#0915-d254 @A: 14 12 09 29 | 08
#0916-d254 @A: 06 14 03 29 | 07
#0917-d254 @A: 05 14 35 31 | 06
#0918-d254 @A: 10 14 08 32 | 10
#0919-d254 @A: 14 09 27 32 | 02
#0920-d254 @A: 20 16 31 14 | 03
#0921-d254 @A: 04 10 16 14 | 11
#0922-d254 @A: 14 27 01 22 | 09
#0923-d254 @A: 15 14 21 23 | 01
#0924-d254 @A: 01 14 23 10 | 04
#0925-d254 @A: 31 14 09 06 | 05
#0926-d254 @A: 25 18 27 02 | 12
#0927-d254 @A: 25 29 22 18 | 08
#0928-d254 @A: 17 07 18 25 | 07
#0929-d254 @A: 12 02 30 18 | 06
#0930-d254 @A: 29 16 12 18 | 10
#0931-d254 @A: 32 29 30 18 | 02
#0932-d254 @A: 33 08 20 18 | 03
#0933-d254 @A: 18 15 32 28 | 11
#0934-d254 @A: 18 10 21 26 | 09
#0935-d254 @A: 18 04 26 22 | 01
#0936-d254 @A: 28 18 22 03 | 04
#0937-d254 @A: 18 20 01 09 | 05
#0938-d254 @A: 15 18 06 30 | 12
#0939-d254 @A: 18 09 15 31 | 08
#0940-d254 @A: 32 25 02 06 | 07
#0941-d254 @A: 16 25 10 02 | 06
#0942-d254 @A: 09 19 25 29 | 10
#0943-d254 @A: 25 29 10 06 | 02
#0944-d254 @A: 33 25 05 31 | 03
#0945-d254 @A: 21 16 25 05 | 11
#0946-d254 @A: 04 08 25 03 | 09
#0947-d254 @A: 25 20 32 26 | 01
#0948-d254 @A: 28 25 30 22 | 04
#0949-d254 @A: 31 16 25 09 | 05
#0950-d254 @A: 23 01 25 22 | 12
#0951-d254 @A: 23 01 25 03 | 08
#0952-d254 @A: 17 25 31 04 | 07
#0953-d254 @A: 02 35 22 05 | 06
#0954-d254 @A: 32 02 35 23 | 10
#0955-d254 @A: 33 02 27 35 | 02
#0956-d254 @A: 02 12 03 33 | 03
#0957-d254 @A: 02 16 17 12 | 11
#0958-d254 @A: 33 20 26 02 | 09
#0959-d254 @A: 02 01 21 27 | 01
#0960-d254 @A: 07 17 27 02 | 04
#0961-d254 @A: 04 09 02 10 | 05
#0962-d254 @A: 21 29 32 35 | 12
#0963-d254 @A: 28 29 07 32 | 08
#0964-d254 @A: 22 28 26 29 | 07
#0965-d254 @A: 16 29 04 27 | 06
#0966-d254 @A: 09 29 10 07 | 10
#0967-d254 @A: 32 07 12 35 | 02
#0968-d254 @A: 28 35 10 12 | 03
#0969-d254 @A: 35 03 30 16 | 11
#0970-d254 @A: 35 04 06 17 | 09
#0971-d254 @A: 12 27 05 19 | 01
#0972-d254 @A: 20 12 19 28 | 04
#0973-d254 @A: 26 19 33 15 | 05
#0974-d254 @A: 31 28 19 04 | 12
#0975-d254 @A: 03 10 22 19 | 08
#0976-d254 @A: 07 10 17 19 | 07
#0977-d254 @A: 01 04 10 19 | 06
#0978-d254 @A: 19 23 15 04 | 10
#0979-d254 @A: 16 08 20 05 | 02
#0980-d254 @A: 33 03 21 05 | 03
#0981-d254 @A: 01 16 31 05 | 11
#0982-d254 @A: 05 06 22 31 | 09
#0983-d254 @A: 32 26 12 04 | 01
#0984-d254 @A: 32 31 12 15 | 04
#0985-d254 @A: 23 16 12 09 | 05
#0986-d254 @A: 21 27 30 12 | 12
#0987-d254 @A: 10 12 15 20 | 08
#0988-d254 @A: 06 01 32 08 | 07
#0989-d254 @A: 15 26 09 08 | 06
#0990-d254 @A: 23 09 27 08 | 10
#0991-d254 @A: 03 08 10 21 | 02
#0992-d254 @A: 01 23 20 08 | 03
#0993-d254 @A: 07 32 21 06 | 11
#0994-d254 @A: 21 16 06 26 | 09
#0995-d254 @A: 16 07 20 26 | 01
#0996-d254 @A: 31 26 22 16 | 04
#0997-d254 @A: 28 15 33 10 | 05
#0998-d254 @A: 33 28 04 22 | 12
#0999-d254 @A: 20 33 16 30 | 08
#1000-d254 @A: 20 06 04 33 | 07
#1001-d254 @A: 31 33 03 17 | 06
#1002-d254 @A: 06 31 16 28 | 10
#1003-d254 @A: 01 27 28 10 | 02
#1004-d254 @A: 24 11 12 07 | 03
#1005-d254 @A: 24 25 31 35 | 11
#1006-d254 @A: 35 24 16 02 | 09
#1007-d254 @A: 35 01 08 24 | 01
#1008-d254 @A: 19 24 03 28 | 04
#1009-d254 @A: 06 19 24 23 | 05
#1010-d254 @A: 12 31 24 05 | 12
#1011-d254 @A: 24 03 16 08 | 08
#1012-d254 @A: 16 30 22 24 | 07
#1013-d254 @A: 30 34 32 11 | 06
#1014-d254 @A: 13 11 22 03 | 10
#1015-d254 @A: 14 11 21 08 | 02
#1016-d254 @A: 11 15 32 14 | 03
#1017-d254 @A: 18 11 31 19 | 11
#1018-d254 @A: 05 09 11 02 | 09
#1019-d254 @A: 35 33 11 22 | 01
#1020-d254 @A: 21 03 11 19 | 04
#1021-d254 @A: 28 12 31 11 | 05
#1022-d254 @A: 11 22 01 10 | 12
#1023-d254 @A: 31 11 30 22 | 08
#1024-d254 @A: 25 34 13 06 | 07
#1025-d254 @A: 13 20 21 34 | 06
#1026-d254 @A: 34 26 14 06 | 10
#1027-d254 @A: 31 10 18 34 | 02
#1028-d254 @A: 09 02 34 28 | 03
#1029-d254 @A: 19 10 34 27 | 11
#1030-d254 @A: 34 28 21 15 | 09
#1031-d254 @A: 20 16 17 34 | 01
#1032-d254 @A: 22 21 34 30 | 04
#1033-d254 @A: 31 03 09 34 | 05
#1034-d254 @A: 17 31 15 34 | 12
#1035-d254 @A: 13 26 04 14 | 08
#1036-d254 @A: 13 05 25 01 | 07
#1037-d254 @A: 28 23 29 13 | 06
#1038-d254 @A: 13 17 12 30 | 10
#1039-d254 @A: 04 08 13 23 | 02
#1040-d254 @A: 26 13 15 30 | 03
#1041-d254 @A: 33 03 13 04 | 11
#1042-d254 @A: 14 19 20 18 | 09
#1043-d254 @A: 25 14 19 07 | 01
#1044-d254 @A: 16 14 28 25 | 04
#1045-d254 @A: 03 25 14 30 | 05
#1046-d254 @A: 23 32 14 19 | 12
#1047-d254 @A: 07 12 08 14 | 08
#1048-d254 @A: 12 33 14 17 | 07
#1049-d254 @A: 20 14 10 33 | 06
#1050-d254 @A: 23 16 14 17 | 10
#1051-d254 @A: 27 14 20 30 | 02
#1052-d254 @A: 07 14 31 17 | 03
#1053-d254 @A: 06 18 35 25 | 11
#1054-d254 @A: 32 31 18 25 | 09
#1055-d254 @A: 18 08 02 22 | 01
#1056-d254 @A: 27 18 29 01 | 04
#1057-d254 @A: 07 28 35 18 | 05
#1058-d254 @A: 18 20 16 35 | 12
#1059-d254 @A: 27 31 30 18 | 08
#1060-d254 @A: 09 23 18 21 | 07
#1061-d254 @A: 22 18 10 20 | 06
#1062-d254 @A: 06 10 17 18 | 10
#1063-d254 @A: 20 29 23 25 | 02
#1064-d254 @A: 25 08 35 07 | 03
#1065-d254 @A: 21 26 25 35 | 11
#1066-d254 @A: 19 28 33 25 | 09
#1067-d254 @A: 04 25 23 05 | 01
#1068-d254 @A: 16 07 06 25 | 04
#1069-d254 @A: 21 25 07 27 | 05
#1070-d254 @A: 27 31 22 25 | 12
#1071-d254 @A: 30 15 10 25 | 08
#1072-d254 @A: 19 22 29 02 | 07
#1073-d254 @A: 02 32 29 31 | 06
#1074-d254 @A: 33 02 04 29 | 10
#1075-d254 @A: 30 02 20 35 | 02
#1076-d254 @A: 08 02 17 19 | 03
#1077-d254 @A: 32 02 22 10 | 11
#1078-d254 @A: 03 27 26 02 | 09
#1079-d254 @A: 23 33 15 02 | 01
#1080-d254 @A: 16 01 04 02 | 04
#1081-d254 @A: 06 02 21 23 | 05
#1082-d254 @A: 35 01 05 29 | 12
#1083-d254 @A: 35 31 29 26 | 08
#1084-d254 @A: 03 31 35 29 | 07
#1085-d254 @A: 07 35 04 29 | 06
#1086-d254 @A: 12 04 01 29 | 10
#1087-d254 @A: 26 30 29 23 | 02
#1088-d254 @A: 21 01 16 29 | 03
#1089-d254 @A: 06 23 29 27 | 11
#1090-d254 @A: 21 31 29 07 | 09
#1091-d254 @A: 33 35 03 19 | 01
#1092-d254 @A: 01 22 12 35 | 04
#1093-d254 @A: 30 35 33 08 | 05
#1094-d254 @A: 28 32 17 35 | 12
#1095-d254 @A: 32 31 35 16 | 08
#1096-d254 @A: 26 17 33 35 | 07
#1097-d254 @A: 03 23 35 26 | 06
#1098-d254 @A: 16 35 10 09 | 10
#1099-d254 @A: 16 01 35 30 | 02
#1100-d254 @A: 23 31 04 35 | 03
#1101-d254 @A: 23 07 35 01 | 11
#1102-d254 @A: 12 21 22 19 | 09
#1103-d254 @A: 08 22 19 23 | 01
#1104-d254 @A: 07 33 32 19 | 04
#1105-d254 @A: 19 21 27 32 | 05
#1106-d254 @A: 09 19 30 16 | 12
#1107-d254 @A: 19 07 15 30 | 08
#1108-d254 @A: 01 30 19 06 | 07
#1109-d254 @A: 12 05 32 10 | 06
#1110-d254 @A: 17 03 08 05 | 10
#1111-d254 @A: 26 10 06 05 | 02
#1112-d254 @A: 33 17 09 05 | 03
#1113-d254 @A: 16 09 22 05 | 11
#1114-d254 @A: 04 27 22 05 | 09
#1115-d254 @A: 27 23 07 05 | 01
#1116-d254 @A: 06 05 09 21 | 04
#1117-d254 @A: 17 30 05 22 | 05
#1118-d254 @A: 03 05 07 04 | 12
#1119-d254 @A: 12 08 04 15 | 08
#1120-d254 @A: 06 01 21 12 | 07
#1121-d254 @A: 12 17 06 20 | 06
#1122-d254 @A: 12 09 17 07 | 10
#1123-d254 @A: 32 26 08 16 | 02
#1124-d254 @A: 08 27 22 21 | 03
#1125-d254 @A: 20 08 10 06 | 11
#1126-d254 @A: 08 04 22 06 | 09
#1127-d254 @A: 28 32 30 26 | 01
#1128-d254 @A: 10 32 31 04 | 04
#1129-d254 @A: 10 26 27 07 | 05
#1130-d254 @A: 27 04 26 30 | 12
#1131-d254 @A: 07 17 21 26 | 08
#1132-d254 @A: 26 20 06 30 | 07
#1133-d254 @A: 09 26 31 20 | 06
#1134-d254 @A: 01 17 20 26 | 10
#1135-d254 @A: 30 26 03 06 | 02
#1136-d254 @A: 06 26 07 31 | 03
#1137-d254 @A: 20 31 27 33 | 11
#1138-d254 @A: 09 10 33 01 | 09
#1139-d254 @A: 16 21 22 28 | 01
#1140-d254 @A: 30 21 10 28 | 04
#1141-d254 @A: 21 01 06 03 | 05
#1142-d254 @A: 11 09 35 24 | 12
#1143-d254 @A: 24 11 32 17 | 08
#1144-d254 @A: 24 32 14 25 | 07
#1145-d254 @A: 35 07 14 24 | 06
#1146-d254 @A: 35 24 18 27 | 10
#1147-d254 @A: 24 21 18 17 | 02
#1148-d254 @A: 01 25 10 24 | 03
#1149-d254 @A: 08 02 24 27 | 11
#1150-d254 @A: 02 31 24 33 | 09
#1151-d254 @A: 02 24 06 22 | 01
#1152-d254 @A: 24 28 33 29 | 04
#1153-d254 @A: 15 01 24 19 | 05
#1154-d254 @A: 05 32 06 24 | 12
#1155-d254 @A: 21 30 32 24 | 08
#1156-d254 @A: 09 34 18 11 | 07
#1157-d254 @A: 06 11 32 13 | 06
#1158-d254 @A: 14 18 17 11 | 10
#1159-d254 @A: 11 19 26 25 | 02
#1160-d254 @A: 29 30 02 11 | 03
#1161-d254 @A: 02 33 11 21 | 11
#1162-d254 @A: 11 01 29 08 | 09
#1163-d254 @A: 11 15 29 31 | 01
#1164-d254 @A: 04 08 11 19 | 04
#1165-d254 @A: 07 22 11 19 | 05
#1166-d254 @A: 28 11 33 05 | 12
#1167-d254 @A: 07 05 11 01 | 08
#1168-d254 @A: 12 11 09 01 | 07
#1169-d254 @A: 31 11 23 08 | 06
#1170-d254 @A: 03 07 28 11 | 10
#1171-d254 @A: 10 27 11 15 | 02
#1172-d254 @A: 11 04 17 22 | 03
#1173-d254 @A: 13 08 34 14 | 11
#1174-d254 @A: 05 09 13 34 | 09
#1175-d254 @A: 13 26 34 10 | 01
#1176-d254 @A: 14 34 19 04 | 04
#1177-d254 @A: 34 17 05 14 | 05
#1178-d254 @A: 18 06 02 34 | 12
#1179-d254 @A: 05 12 34 18 | 08
#1180-d254 @A: 34 26 25 16 | 07
#1181-d254 @A: 29 16 19 34 | 06
#1182-d254 @A: 19 21 26 34 | 10
#1183-d254 @A: 30 28 34 12 | 02
#1184-d254 @A: 04 09 12 34 | 03
#1185-d254 @A: 28 17 08 34 | 11
#1186-d254 @A: 09 10 34 08 | 09
#1187-d254 @A: 28 34 27 26 | 01
#1188-d254 @A: 33 03 34 28 | 04
#1189-d254 @A: 33 21 06 34 | 05
#1190-d254 @A: 07 27 30 34 | 12
#1191-d254 @A: 04 34 31 21 | 08
#1192-d254 @A: 04 34 07 15 | 07
#1193-d254 @A: 13 19 04 25 | 06
#1194-d254 @A: 03 13 25 26 | 10
#1195-d254 @A: 13 23 26 35 | 02
#1196-d254 @A: 05 13 31 08 | 03
#1197-d254 @A: 13 15 08 03 | 11
#1198-d254 @A: 32 26 17 13 | 09
#1199-d254 @A: 20 13 15 23 | 01
#1200-d254 @A: 10 06 04 13 | 04
#1201-d254 @A: 18 09 14 02 | 05
#1202-d254 @A: 14 05 32 18 | 12
#1203-d254 @A: 14 08 29 25 | 08
#1204-d254 @A: 32 14 02 12 | 07
#1205-d254 @A: 21 17 02 14 | 06
#1206-d254 @A: 27 21 29 14 | 10
#1207-d254 @A: 01 32 35 14 | 02
#1208-d254 @A: 23 05 14 12 | 03
#1209-d254 @A: 14 05 30 06 | 11
#1210-d254 @A: 26 21 14 09 | 09
#1211-d254 @A: 07 10 28 14 | 01
#1212-d254 @A: 28 03 14 10 | 04
#1213-d254 @A: 16 14 07 21 | 05
#1214-d254 @A: 21 04 14 30 | 12
#1215-d254 @A: 09 07 14 01 | 08
#1216-d254 @A: 14 04 01 31 | 07
#1217-d254 @A: 03 25 29 18 | 06
#1218-d254 @A: 18 02 21 29 | 10
#1219-d254 @A: 18 05 31 02 | 02
#1220-d254 @A: 23 35 18 08 | 03
#1221-d254 @A: 08 04 18 05 | 11
#1222-d254 @A: 17 18 01 12 | 09
#1223-d254 @A: 26 20 18 15 | 01
#1224-d254 @A: 17 15 18 03 | 04
#1225-d254 @A: 15 29 28 25 | 05
#1226-d254 @A: 28 25 27 05 | 12
#1227-d254 @A: 23 33 25 08 | 08
#1228-d254 @A: 08 04 28 25 | 07
#1229-d254 @A: 22 06 25 15 | 06
#1230-d254 @A: 07 29 02 26 | 10
#1231-d254 @A: 29 02 16 03 | 02
#1232-d254 @A: 19 26 16 02 | 03
#1233-d254 @A: 32 04 21 02 | 11
#1234-d254 @A: 01 02 28 23 | 09
#1235-d254 @A: 15 21 02 10 | 01
#1236-d254 @A: 01 17 10 02 | 04
#1237-d254 @A: 23 33 29 19 | 05
#1238-d254 @A: 01 19 28 29 | 12
#1239-d254 @A: 06 29 15 19 | 08
#1240-d254 @A: 16 29 10 15 | 07
#1241-d254 @A: 07 22 29 06 | 06
#1242-d254 @A: 29 06 01 09 | 10
#1243-d254 @A: 03 04 09 29 | 02
#1244-d254 @A: 07 16 35 19 | 03
#1245-d254 @A: 16 35 12 26 | 11
#1246-d254 @A: 15 32 08 35 | 09
#1247-d254 @A: 35 28 22 08 | 01
#1248-d254 @A: 26 06 32 35 | 04
#1249-d254 @A: 35 09 32 33 | 05
#1250-d254 @A: 03 01 05 19 | 12
#1251-d254 @A: 17 12 19 26 | 08
#1252-d254 @A: 05 03 30 28 | 07
#1253-d254 @A: 15 05 27 20 | 06
#1254-d254 @A: 31 33 12 08 | 10
#1255-d254 @A: 22 10 12 30 | 02
#1256-d254 @A: 04 23 12 30 | 03
#1257-d254 @A: 08 32 33 28 | 11
#1258-d254 @A: 32 08 17 30 | 09
#1259-d254 @A: 08 28 10 26 | 01
#1260-d254 @A: 07 20 08 27 | 04
#1261-d254 @A: 27 08 06 30 | 05
#1262-d254 @A: 06 23 08 15 | 12
#1263-d254 @A: 32 21 26 33 | 08
#1264-d254 @A: 16 27 32 20 | 07
#1265-d254 @A: 23 10 27 32 | 06
#1266-d254 @A: 10 32 21 20 | 10
#1267-d254 @A: 21 17 23 32 | 02
#1268-d254 @A: 03 21 17 32 | 03
#1269-d254 @A: 03 32 20 06 | 11
#1270-d254 @A: 03 15 32 10 | 09
#1271-d254 @A: 16 30 10 26 | 01
#1272-d254 @A: 22 21 20 26 | 04
#1273-d254 @A: 26 21 03 30 | 05
#1274-d254 @A: 09 23 10 26 | 12
#1275-d254 @A: 30 26 09 22 | 08
#1276-d254 @A: 33 09 16 28 | 07
#1277-d254 @A: 01 33 16 17 | 06
#1278-d254 @A: 06 31 10 33 | 10
#1279-d254 @A: 31 28 03 16 | 02
#1280-d254 @A: 09 27 03 28 | 03
#1281-d254 @A: 21 28 23 31 | 11
#1282-d254 @A: 15 28 20 31 | 09
#1283-d254 @A: 03 20 04 28 | 01
#1284-d254 @A: 23 04 28 10 | 04
#1285-d254 @A: 06 28 04 30 | 05
#1286-d254 @A: 03 23 21 16 | 12
#1287-d254 @A: 01 16 15 03 | 08
#1288-d254 @A: 20 03 09 23 | 07
#1289-d254 @A: 24 34 07 28 | 06
#1290-d254 @A: 13 03 09 24 | 10
#1291-d254 @A: 20 24 14 08 | 02
#1292-d254 @A: 18 03 06 24 | 03
#1293-d254 @A: 20 24 02 28 | 11
#1294-d254 @A: 29 24 32 20 | 09
#1295-d254 @A: 24 35 23 05 | 01
#1296-d254 @A: 20 03 35 24 | 04
#1297-d254 @A: 08 24 09 19 | 05
#1298-d254 @A: 24 08 30 12 | 12
#1299-d254 @A: 22 12 33 24 | 08
#1300-d254 @A: 06 24 17 26 | 07
#1301-d254 @A: 30 27 24 17 | 06
#1302-d254 @A: 24 06 09 20 | 10
#1303-d254 @A: 07 25 11 34 | 02
#1304-d254 @A: 34 11 22 08 | 03
#1305-d254 @A: 11 03 34 15 | 11
#1306-d254 @A: 14 11 30 35 | 09
#1307-d254 @A: 14 23 11 33 | 01
#1308-d254 @A: 28 14 11 09 | 04
#1309-d254 @A: 12 11 21 25 | 05
#1310-d254 @A: 28 25 11 23 | 12
#1311-d254 @A: 32 01 03 11 | 08
#1312-d254 @A: 01 26 21 11 | 07
#1313-d254 @A: 11 15 26 06 | 06
#1314-d254 @A: 15 21 11 16 | 10
#1315-d254 @A: 27 01 23 11 | 02
#1316-d254 @A: 11 01 06 17 | 03
#1317-d254 @A: 17 34 29 13 | 11
#1318-d254 @A: 21 32 14 34 | 09
#1319-d254 @A: 16 01 34 14 | 01
#1320-d254 @A: 34 30 23 14 | 04
#1321-d254 @A: 22 35 34 18 | 05
#1322-d254 @A: 34 17 19 18 | 12
#1323-d254 @A: 30 34 18 26 | 08
#1324-d254 @A: 01 29 02 34 | 07
#1325-d254 @A: 12 34 33 27 | 06
#1326-d254 @A: 17 12 22 34 | 10
#1327-d254 @A: 14 13 05 07 | 02
#1328-d254 @A: 14 10 12 13 | 03
#1329-d254 @A: 25 10 08 13 | 11
#1330-d254 @A: 19 05 13 23 | 09
#1331-d254 @A: 32 19 31 13 | 01
#1332-d254 @A: 13 22 26 08 | 04
#1333-d254 @A: 21 10 13 01 | 05
#1334-d254 @A: 13 17 10 09 | 12
#1335-d254 @A: 01 13 09 22 | 08
#1336-d254 @A: 30 01 13 07 | 07
#1337-d254 @A: 13 06 23 03 | 06
#1338-d254 @A: 29 14 02 20 | 10
#1339-d254 @A: 05 14 02 27 | 02
#1340-d254 @A: 33 07 14 02 | 03
#1341-d254 @A: 03 02 14 20 | 11
#1342-d254 @A: 32 29 14 06 | 09
#1343-d254 @A: 35 09 04 14 | 01
#1344-d254 @A: 30 14 01 12 | 04
#1345-d254 @A: 16 08 33 14 | 05
#1346-d254 @A: 33 31 32 14 | 12
#1347-d254 @A: 15 16 09 14 | 08
#1348-d254 @A: 18 28 25 01 | 07
#1349-d254 @A: 18 23 25 16 | 06
#1350-d254 @A: 02 23 19 18 | 10
#1351-d254 @A: 28 02 10 18 | 02
#1352-d254 @A: 15 29 18 35 | 03
#1353-d254 @A: 18 17 08 29 | 11
#1354-d254 @A: 28 29 20 18 | 09
#1355-d254 @A: 18 35 12 04 | 01
#1356-d254 @A: 18 19 16 01 | 04
#1357-d254 @A: 03 26 08 18 | 05
#1358-d254 @A: 18 10 32 16 | 12
#1359-d254 @A: 18 33 30 22 | 08
#1360-d254 @A: 18 22 09 28 | 07
#1361-d254 @A: 06 23 18 04 | 06
#1362-d254 @A: 26 02 23 25 | 10
#1363-d254 @A: 25 32 35 10 | 02
#1364-d254 @A: 06 12 05 25 | 03
#1365-d254 @A: 04 32 25 07 | 11
#1366-d254 @A: 33 15 25 03 | 09
#1367-d254 @A: 25 16 17 27 | 01
#1368-d254 @A: 15 25 21 09 | 04
#1369-d254 @A: 10 31 23 25 | 05
#1370-d254 @A: 06 29 28 02 | 12
#1371-d254 @A: 21 19 02 35 | 08
#1372-d254 @A: 28 02 04 35 | 07
#1373-d254 @A: 12 01 05 02 | 06
#1374-d254 @A: 02 07 12 23 | 10
#1375-d254 @A: 33 30 32 02 | 02
#1376-d254 @A: 17 02 31 20 | 03
#1377-d254 @A: 29 21 19 10 | 11
#1378-d254 @A: 08 27 29 05 | 09
#1379-d254 @A: 23 08 12 29 | 01
#1380-d254 @A: 08 33 29 03 | 04
#1381-d254 @A: 01 29 32 26 | 05
#1382-d254 @A: 29 09 27 30 | 12
#1383-d254 @A: 31 29 23 01 | 08
#1384-d254 @A: 35 22 19 26 | 07
#1385-d254 @A: 16 35 28 05 | 06
#1386-d254 @A: 30 26 35 07 | 10
#1387-d254 @A: 23 35 06 16 | 02
#1388-d254 @A: 27 35 31 10 | 03
#1389-d254 @A: 23 27 35 30 | 11
#1390-d254 @A: 17 23 35 22 | 09
#1391-d254 @A: 15 07 06 35 | 01
#1392-d254 @A: 26 28 19 06 | 04
#1393-d254 @A: 19 30 17 04 | 05
#1394-d254 @A: 05 08 28 15 | 12
#1395-d254 @A: 17 05 21 20 | 08
#1396-d254 @A: 23 05 22 15 | 07
#1397-d254 @A: 04 05 30 31 | 06
#1398-d254 @A: 31 03 23 05 | 10
#1399-d254 @A: 15 01 09 05 | 02
#1400-d254 @A: 09 12 33 26 | 03
#1401-d254 @A: 27 12 16 07 | 11
#1402-d254 @A: 20 16 04 12 | 09
#1403-d254 @A: 01 12 16 10 | 01
#1404-d254 @A: 31 17 10 12 | 04
#1405-d254 @A: 08 27 01 17 | 05
#1406-d254 @A: 23 30 21 08 | 12
#1407-d254 @A: 08 07 15 17 | 08
#1408-d254 @A: 08 31 17 06 | 07
#1409-d254 @A: 07 08 04 31 | 06
#1410-d254 @A: 32 04 16 23 | 10
#1411-d254 @A: 15 32 01 21 | 02
#1412-d254 @A: 09 32 10 30 | 03
#1413-d254 @A: 23 15 31 26 | 11
#1414-d254 @A: 28 21 33 20 | 09
#1415-d254 @A: 09 27 06 33 | 01
#1416-d254 @A: 23 28 22 27 | 04
#1417-d254 @A: 23 28 03 17 | 05
#1418-d254 @A: 10 07 03 17 | 12
#1419-d254 @A: 08 11 10 24 | 08
#1420-d254 @A: 11 33 24 01 | 07
#1421-d254 @A: 15 11 28 24 | 06
#1422-d254 @A: 14 34 09 24 | 10
#1423-d254 @A: 10 35 24 34 | 02
#1424-d254 @A: 24 31 13 14 | 03
#1425-d254 @A: 24 13 17 19 | 11
#1426-d254 @A: 24 08 13 16 | 09
#1427-d254 @A: 14 01 24 02 | 01
#1428-d254 @A: 14 12 24 03 | 04
#1429-d254 @A: 18 24 07 31 | 05
#1430-d254 @A: 32 24 02 07 | 12
#1431-d254 @A: 28 24 05 09 | 08
#1432-d254 @A: 24 33 32 10 | 07
#1433-d254 @A: 27 24 22 07 | 06
#1434-d254 @A: 09 24 23 07 | 10
#1435-d254 @A: 23 04 24 01 | 02
#1436-d254 @A: 08 11 13 17 | 03
#1437-d254 @A: 22 15 11 13 | 11
#1438-d254 @A: 14 11 04 03 | 09
#1439-d254 @A: 30 25 18 11 | 01
#1440-d254 @A: 11 18 04 02 | 04
#1441-d254 @A: 20 11 18 07 | 05
#1442-d254 @A: 02 25 17 11 | 12
#1443-d254 @A: 11 29 22 12 | 08
#1444-d254 @A: 06 03 35 11 | 07
#1445-d254 @A: 05 06 11 23 | 06
#1446-d254 @A: 11 32 26 22 | 10
#1447-d254 @A: 11 10 33 26 | 02
#1448-d254 @A: 22 11 16 23 | 03
#1449-d254 @A: 09 11 04 16 | 11
#1450-d254 @A: 21 22 06 11 | 09
#1451-d254 @A: 10 20 30 11 | 01
#1452-d254 @A: 27 34 03 25 | 04
#1453-d254 @A: 19 34 03 16 | 05
#1454-d254 @A: 23 05 33 34 | 12
#1455-d254 @A: 32 28 34 06 | 08
#1456-d254 @A: 33 26 34 07 | 07
#1457-d254 @A: 22 10 34 16 | 06
#1458-d254 @A: 34 04 06 16 | 10
#1459-d254 @A: 34 23 04 27 | 02
#1460-d254 @A: 20 01 34 10 | 03
#1461-d254 @A: 06 34 20 15 | 11
#1462-d254 @A: 15 23 10 34 | 09
#1463-d254 @A: 13 03 14 32 | 01
#1464-d254 @A: 14 27 23 13 | 04
#1465-d254 @A: 26 13 31 18 | 05
#1466-d254 @A: 29 13 25 02 | 12
#1467-d254 @A: 13 12 25 23 | 08
#1468-d254 @A: 13 07 35 31 | 07
#1469-d254 @A: 07 13 08 19 | 06
#1470-d254 @A: 10 28 20 13 | 10
#1471-d254 @A: 13 06 27 31 | 02
#1472-d254 @A: 13 31 04 20 | 03
#1473-d254 @A: 17 13 22 07 | 11
#1474-d254 @A: 18 05 03 14 | 09
#1475-d254 @A: 26 18 14 16 | 01
#1476-d254 @A: 25 14 15 26 | 04
#1477-d254 @A: 01 17 25 14 | 05
#1478-d254 @A: 02 19 31 14 | 12
#1479-d254 @A: 08 14 03 35 | 08
#1480-d254 @A: 35 15 14 10 | 07
#1481-d254 @A: 31 03 19 14 | 06
#1482-d254 @A: 14 01 28 05 | 10
#1483-d254 @A: 26 27 14 12 | 02
#1484-d254 @A: 08 14 28 27 | 03
#1485-d254 @A: 32 04 28 14 | 11
#1486-d254 @A: 03 33 14 23 | 09
#1487-d254 @A: 27 04 07 14 | 01
#1488-d254 @A: 14 22 04 15 | 04
#1489-d254 @A: 15 14 07 03 | 05
#1490-d254 @A: 30 18 35 05 | 12
#1491-d254 @A: 03 27 35 18 | 08
#1492-d254 @A: 21 19 08 18 | 07
#1493-d254 @A: 06 05 20 18 | 06
#1494-d254 @A: 23 18 32 26 | 10
#1495-d254 @A: 27 22 18 16 | 02
#1496-d254 @A: 04 16 31 18 | 03
#1497-d254 @A: 20 18 27 23 | 11
#1498-d254 @A: 35 29 25 17 | 09
#1499-d254 @A: 29 31 25 12 | 01
#1500-d254 @A: 04 25 35 33 | 04
#1501-d254 @A: 09 06 26 25 | 05
#1502-d254 @A: 30 33 27 25 | 12
#1503-d254 @A: 25 03 22 20 | 08
#1504-d254 @A: 25 01 30 20 | 07
#1505-d254 @A: 07 25 30 23 | 06
#1506-d254 @A: 35 26 10 02 | 10
#1507-d254 @A: 33 02 19 06 | 02
#1508-d254 @A: 16 06 02 05 | 03
#1509-d254 @A: 08 20 09 02 | 11
#1510-d254 @A: 02 32 09 03 | 09
#1511-d254 @A: 26 02 27 06 | 01
#1512-d254 @A: 16 02 31 21 | 04
#1513-d254 @A: 09 21 02 22 | 05
#1514-d254 @A: 03 02 22 04 | 12
#1515-d254 @A: 01 02 30 03 | 08
#1516-d254 @A: 32 19 29 04 | 07
#1517-d254 @A: 19 29 03 17 | 06
#1518-d254 @A: 04 10 08 29 | 10
#1519-d254 @A: 15 03 28 29 | 02
#1520-d254 @A: 20 04 29 15 | 03
#1521-d254 @A: 10 31 22 29 | 11
#1522-d254 @A: 22 27 35 32 | 09
#1523-d254 @A: 21 22 35 07 | 01
#1524-d254 @A: 17 21 35 31 | 04
#1525-d254 @A: 19 31 26 05 | 05
#1526-d254 @A: 19 26 30 08 | 12
#1527-d254 @A: 20 05 12 33 | 08
#1528-d254 @A: 26 05 20 28 | 07
#1529-d254 @A: 05 10 27 03 | 06
#1530-d254 @A: 21 05 31 15 | 10
#1531-d254 @A: 10 17 05 15 | 02
#1532-d254 @A: 07 10 05 31 | 03
#1533-d254 @A: 09 23 05 30 | 11
#1534-d254 @A: 28 26 12 15 | 09
#1535-d254 @A: 12 27 17 23 | 01
#1536-d254 @A: 03 09 21 12 | 04
#1537-d254 @A: 07 30 12 31 | 05
#1538-d254 @A: 33 07 08 06 | 12
#1539-d254 @A: 21 28 06 08 | 08
#1540-d254 @A: 08 15 31 16 | 07
#1541-d254 @A: 20 21 08 15 | 06
#1542-d254 @A: 09 17 08 21 | 10
#1543-d254 @A: 22 08 10 17 | 02
#1544-d254 @A: 07 03 22 08 | 03
#1545-d254 @A: 08 31 01 30 | 11
#1546-d254 @A: 22 31 32 21 | 09
#1547-d254 @A: 32 22 09 20 | 01
#1548-d254 @A: 20 32 31 07 | 04
#1549-d254 @A: 32 17 20 04 | 05
#1550-d254 @A: 22 32 01 04 | 12
#1551-d254 @A: 15 32 07 23 | 08
#1552-d254 @A: 26 10 01 31 | 07
#1553-d254 @A: 33 28 01 06 | 06
#1554-d254 @A: 30 33 01 15 | 10
#1555-d254 @A: 33 17 15 04 | 02
#1556-d254 @A: 17 10 16 28 | 03
#1557-d254 @A: 15 28 16 30 | 11
#1558-d254 @A: 15 27 09 28 | 09
#1559-d254 @A: 17 27 03 01 | 01
#1560-d254 @A: 02 23 11 24 | 04
#1561-d254 @A: 12 34 19 24 | 05
#1562-d254 @A: 34 24 26 22 | 12
#1563-d254 @A: 24 13 12 06 | 08
#1564-d254 @A: 15 24 05 14 | 07
#1565-d254 @A: 17 24 14 28 | 06
#1566-d254 @A: 25 23 24 21 | 10
#1567-d254 @A: 19 31 29 24 | 02
#1568-d254 @A: 24 06 33 35 | 03
#1569-d254 @A: 17 20 35 24 | 11
#1570-d254 @A: 04 19 26 24 | 09
#1571-d254 @A: 24 19 33 20 | 01
#1572-d254 @A: 05 01 24 22 | 04
#1573-d254 @A: 28 24 01 12 | 05
#1574-d254 @A: 23 24 33 26 | 12
#1575-d254 @A: 27 10 06 24 | 08
#1576-d254 @A: 23 20 24 30 | 07
#1577-d254 @A: 30 24 22 03 | 06
#1578-d254 @A: 27 14 34 11 | 10
#1579-d254 @A: 11 15 34 05 | 02
#1580-d254 @A: 10 34 12 11 | 03
#1581-d254 @A: 01 13 11 14 | 11
#1582-d254 @A: 13 04 28 11 | 09
#1583-d254 @A: 21 28 11 18 | 01
#1584-d254 @A: 06 25 08 11 | 04
#1585-d254 @A: 11 25 03 16 | 05
#1586-d254 @A: 06 35 11 28 | 12
#1587-d254 @A: 32 16 19 11 | 08
#1588-d254 @A: 12 11 26 30 | 07
#1589-d254 @A: 32 11 08 07 | 06
#1590-d254 @A: 21 32 11 09 | 10
#1591-d254 @A: 16 06 11 10 | 02
#1592-d254 @A: 11 20 21 27 | 03
#1593-d254 @A: 27 31 11 04 | 11
#1594-d254 @A: 17 11 21 10 | 09
#1595-d254 @A: 11 06 30 09 | 01
#1596-d254 @A: 22 34 13 31 | 04
#1597-d254 @A: 12 14 34 35 | 05
#1598-d254 @A: 04 34 25 01 | 12
#1599-d254 @A: 03 29 34 32 | 08
#1600-d254 @A: 04 34 28 29 | 07
#1601-d254 @A: 33 34 16 35 | 06
#1602-d254 @A: 01 27 35 34 | 10
#1603-d254 @A: 16 12 31 34 | 02
#1604-d254 @A: 03 10 34 12 | 03
#1605-d254 @A: 09 23 22 34 | 11
#1606-d254 @A: 01 18 13 35 | 09
#1607-d254 @A: 35 29 16 13 | 01
#1608-d254 @A: 13 08 09 29 | 04
#1609-d254 @A: 13 08 01 28 | 05
#1610-d254 @A: 27 13 15 08 | 12
#1611-d254 @A: 03 13 28 21 | 08
#1612-d254 @A: 13 16 20 09 | 07
#1613-d254 @A: 31 30 13 21 | 06
#1614-d254 @A: 22 13 23 10 | 10
#1615-d254 @A: 08 01 14 18 | 02
#1616-d254 @A: 25 06 14 33 | 03
#1617-d254 @A: 02 06 04 14 | 11
#1618-d254 @A: 05 14 09 19 | 09
#1619-d254 @A: 19 22 33 14 | 01
#1620-d254 @A: 08 05 14 26 | 04
#1621-d254 @A: 06 07 23 14 | 05
#1622-d254 @A: 19 18 25 05 | 12
#1623-d254 @A: 01 02 18 26 | 08
#1624-d254 @A: 18 29 06 31 | 07
#1625-d254 @A: 18 29 01 03 | 06
#1626-d254 @A: 04 19 18 33 | 10
#1627-d254 @A: 26 33 28 18 | 02
#1628-d254 @A: 22 15 21 18 | 03
#1629-d254 @A: 01 21 18 31 | 11
#1630-d254 @A: 03 31 18 30 | 09
#1631-d254 @A: 08 31 02 25 | 01
#1632-d254 @A: 32 25 16 29 | 04
#1633-d254 @A: 12 35 03 25 | 05
#1634-d254 @A: 32 17 19 25 | 12
#1635-d254 @A: 22 25 32 05 | 08
#1636-d254 @A: 15 25 33 32 | 07
#1637-d254 @A: 04 16 30 25 | 06
#1638-d254 @A: 15 31 25 07 | 10
#1639-d254 @A: 25 06 03 07 | 02
#1640-d254 @A: 10 02 29 27 | 03
#1641-d254 @A: 35 02 03 17 | 11
#1642-d254 @A: 09 19 32 02 | 09
#1643-d254 @A: 08 05 02 21 | 01
#1644-d254 @A: 02 32 28 16 | 04
#1645-d254 @A: 28 06 02 03 | 05
#1646-d254 @A: 16 23 02 27 | 12
#1647-d254 @A: 35 12 06 29 | 08
#1648-d254 @A: 20 29 35 33 | 07
#1649-d254 @A: 29 07 12 05 | 06
#1650-d254 @A: 03 29 05 26 | 10
#1651-d254 @A: 33 16 29 26 | 02
#1652-d254 @A: 29 20 06 16 | 03
#1653-d254 @A: 21 27 29 03 | 11
#1654-d254 @A: 29 15 23 09 | 09
#1655-d254 @A: 17 29 23 04 | 01
#1656-d254 @A: 29 01 15 17 | 04
#1657-d254 @A: 07 33 05 35 | 05
#1658-d254 @A: 35 12 23 33 | 12
#1659-d254 @A: 27 08 04 35 | 08
#1660-d254 @A: 10 30 17 35 | 07
#1661-d254 @A: 10 06 01 35 | 06
#1662-d254 @A: 17 03 04 35 | 10
#1663-d254 @A: 19 05 16 15 | 02
#1664-d254 @A: 19 10 33 08 | 03
#1665-d254 @A: 19 23 26 27 | 11
#1666-d254 @A: 23 16 21 19 | 09
#1667-d254 @A: 27 07 01 19 | 01
#1668-d254 @A: 21 09 19 04 | 04
#1669-d254 @A: 19 06 21 31 | 05
#1670-d254 @A: 06 03 04 19 | 12
#1671-d254 @A: 16 27 05 30 | 08
#1672-d254 @A: 10 23 05 16 | 07
#1673-d254 @A: 16 05 04 17 | 06
#1674-d254 @A: 26 08 21 12 | 10
#1675-d254 @A: 12 28 26 03 | 02
#1676-d254 @A: 23 21 12 20 | 03
#1677-d254 @A: 08 03 22 27 | 11
#1678-d254 @A: 08 03 01 09 | 09
#1679-d254 @A: 07 32 16 17 | 01
#1680-d254 @A: 01 31 32 17 | 04
#1681-d254 @A: 01 22 07 26 | 05
#1682-d254 @A: 26 17 31 30 | 12
#1683-d254 @A: 31 26 15 03 | 08
#1684-d254 @A: 23 07 33 28 | 07
#1685-d254 @A: 06 16 33 15 | 06
#1686-d254 @A: 04 33 27 01 | 10
#1687-d254 @A: 30 23 06 33 | 02
#1688-d254 @A: 28 23 20 16 | 03
#1689-d254 @A: 28 09 31 10 | 11
