#0001-d256 @A: 19 05 35 02 | 01
#0002-d256 @A: 27 35 23 02 | 08
#0003-d256 @A: 04 02 22 23 | 06
#0004-d256 @A: 01 14 02 12 | 10
#0005-d256 @A: 11 32 02 01 | 05
#0006-d256 @A: 24 13 02 20 | 02
#0007-d256 @A: 29 21 02 24 | 07
#0008-d256 @A: 28 12 10 02 | 12
#0009-d256 @A: 02 11 07 19 | 03
#0010-d256 @A: 23 02 11 08 | 11
#0011-d256 @A: 27 11 02 12 | 09
#0012-d256 @A: 02 11 28 09 | 04
#0013-d256 @A: 02 15 34 03 | 01
#0014-d256 @A: 06 07 32 02 | 08
#0015-d256 @A: 34 32 18 02 | 06
#0016-d256 @A: 16 30 15 02 | 10
#0017-d256 @A: 35 23 03 05 | 05
#0018-d256 @A: 24 35 07 09 | 02
#0019-d256 @A: 35 24 30 34 | 07
#0020-d256 @A: 10 12 08 35 | 12
#0021-d256 @A: 35 33 10 31 | 03
#0022-d256 @A: 10 21 15 35 | 11
#0023-d256 @A: 19 11 08 35 | 09
#0024-d256 @A: 19 30 29 35 | 04
#0025-d256 @A: 35 29 23 21 | 01
#0026-d256 @A: 21 11 35 06 | 08
#0027-d256 @A: 04 03 21 35 | 06
#0028-d256 @A: 13 17 35 04 | 10
#0029-d256 @A: 35 31 27 17 | 05
#0030-d256 @A: 20 16 35 32 | 02
#0031-d256 @A: 07 35 14 04 | 07
#0032-d256 @A: 35 08 04 15 | 12
#0033-d256 @A: 24 29 22 01 | 03
#0034-d256 @A: 01 09 20 22 | 11
#0035-d256 @A: 04 26 10 22 | 09
#0036-d256 @A: 30 12 22 26 | 04
#0037-d256 @A: 26 28 18 22 | 01
#0038-d256 @A: 10 15 22 13 | 08
#0039-d256 @A: 10 30 14 22 | 06
#0040-d256 @A: 06 19 09 22 | 10
#0041-d256 @A: 11 20 22 19 | 05
#0042-d256 @A: 22 04 09 31 | 02
#0043-d256 @A: 22 08 07 18 | 07
#0044-d256 @A: 31 06 28 22 | 12
#0045-d256 @A: 34 18 22 04 | 03
#0046-d256 @A: 29 08 22 20 | 11
#0047-d256 @A: 26 21 01 28 | 09
#0048-d256 @A: 07 03 05 01 | 04
#0049-d256 @A: 24 01 19 10 | 01
#0050-d256 @A: 11 27 19 01 | 08
#0051-d256 @A: 01 06 11 23 | 06
#0052-d256 @A: 01 12 13 25 | 10
#0053-d256 @A: 21 34 01 12 | 05
#0054-d256 @A: 25 01 32 08 | 02
#0055-d256 @A: 01 32 20 30 | 07
#0056-d256 @A: 01 07 08 04 | 12
#0057-d256 @A: 27 01 34 30 | 03
#0058-d256 @A: 23 05 07 26 | 11
#0059-d256 @A: 23 25 26 24 | 09
#0060-d256 @A: 18 27 26 24 | 04
#0061-d256 @A: 03 26 10 09 | 01
#0062-d256 @A: 21 10 26 34 | 08
#0063-d256 @A: 21 23 26 13 | 06
#0064-d256 @A: 21 08 33 26 | 10
#0065-d256 @A: 14 13 09 26 | 05
#0066-d256 @A: 11 26 16 15 | 02
#0067-d256 @A: 30 03 26 21 | 07
#0068-d256 @A: 32 26 03 28 | 12
#0069-d256 @A: 25 06 26 28 | 03
#0070-d256 @A: 15 30 34 26 | 11
#0071-d256 @A: 18 20 26 29 | 09
#0072-d256 @A: 17 08 10 05 | 04
#0073-d256 @A: 29 05 17 09 | 01
#0074-d256 @A: 14 32 05 27 | 08
#0075-d256 @A: 06 28 05 14 | 06
#0076-d256 @A: 28 20 04 05 | 10
#0077-d256 @A: 30 04 34 05 | 05
#0078-d256 @A: 29 20 05 27 | 02
#0079-d256 @A: 18 24 10 17 | 07
#0080-d256 @A: 19 13 24 07 | 12
#0081-d256 @A: 19 34 24 21 | 03
#0082-d256 @A: 24 33 15 03 | 11
#0083-d256 @A: 17 09 24 20 | 09
#0084-d256 @A: 13 24 08 09 | 04
#0085-d256 @A: 24 07 11 03 | 01
#0086-d256 @A: 15 24 17 13 | 08
#0087-d256 @A: 13 31 34 24 | 06
#0088-d256 @A: 24 07 06 16 | 10
#0089-d256 @A: 07 27 24 31 | 05
#0090-d256 @A: 33 06 10 12 | 02
#0091-d256 @A: 13 12 10 29 | 07
#0092-d256 @A: 09 13 10 21 | 12
#0093-d256 @A: 13 10 18 34 | 03
#0094-d256 @A: 06 10 25 15 | 11
#0095-d256 @A: 20 10 28 30 | 09
#0096-d256 @A: 15 11 19 03 | 04
#0097-d256 @A: 14 19 25 16 | 01
#0098-d256 @A: 34 19 28 07 | 08
#0099-d256 @A: 19 06 31 04 | 06
#0100-d256 @A: 34 19 27 18 | 10
#0101-d256 @A: 23 11 04 33 | 05
#0102-d256 @A: 23 21 04 09 | 02
#0103-d256 @A: 23 15 04 30 | 07
#0104-d256 @A: 23 04 27 31 | 12
#0105-d256 @A: 15 18 11 12 | 03
#0106-d256 @A: 12 18 25 17 | 11
#0107-d256 @A: 12 06 14 18 | 09
#0108-d256 @A: 27 12 29 04 | 04
#0109-d256 @A: 34 09 28 33 | 01
#0110-d256 @A: 11 03 18 33 | 08
#0111-d256 @A: 16 04 20 33 | 06
#0112-d256 @A: 15 28 14 33 | 10
#0113-d256 @A: 09 21 27 11 | 05
#0114-d256 @A: 03 09 31 25 | 02
#0115-d256 @A: 20 09 14 27 | 07
#0116-d256 @A: 09 30 08 31 | 12
#0117-d256 @A: 25 14 08 11 | 03
#0118-d256 @A: 11 08 04 34 | 11
#0119-d256 @A: 32 18 30 03 | 09
#0120-d256 @A: 32 03 27 08 | 04
#0121-d256 @A: 25 31 30 03 | 01
#0122-d256 @A: 07 03 14 18 | 08
#0123-d256 @A: 20 06 16 03 | 06
#0124-d256 @A: 31 04 34 03 | 10
#0125-d256 @A: 03 27 18 16 | 05
#0126-d256 @A: 14 16 03 08 | 02
#0127-d256 @A: 34 17 30 07 | 07
#0128-d256 @A: 15 04 34 17 | 12
#0129-d256 @A: 13 14 25 21 | 03
#0130-d256 @A: 21 04 13 34 | 11
#0131-d256 @A: 13 29 08 21 | 09
#0132-d256 @A: 06 30 13 29 | 04
#0133-d256 @A: 27 28 21 08 | 01
#0134-d256 @A: 29 31 15 32 | 08
#0135-d256 @A: 29 31 34 27 | 06
#0136-d256 @A: 02 18 35 10 | 10
#0137-d256 @A: 35 17 32 02 | 05
#0138-d256 @A: 35 31 02 25 | 02
#0139-d256 @A: 35 15 02 06 | 07
#0140-d256 @A: 22 02 25 01 | 12
#0141-d256 @A: 26 02 22 27 | 03
#0142-d256 @A: 19 22 29 02 | 11
#0143-d256 @A: 02 19 01 08 | 09
#0144-d256 @A: 08 10 26 02 | 04
#0145-d256 @A: 02 12 26 25 | 01
#0146-d256 @A: 31 02 05 29 | 08
#0147-d256 @A: 24 02 30 09 | 06
#0148-d256 @A: 02 18 23 33 | 10
#0149-d256 @A: 23 21 28 02 | 05
#0150-d256 @A: 02 23 31 06 | 02
#0151-d256 @A: 33 02 11 20 | 07
#0152-d256 @A: 13 03 02 31 | 12
#0153-d256 @A: 16 25 18 02 | 03
#0154-d256 @A: 04 14 02 30 | 11
#0155-d256 @A: 30 28 34 02 | 09
#0156-d256 @A: 19 22 35 07 | 04
#0157-d256 @A: 35 33 34 22 | 01
#0158-d256 @A: 08 21 35 22 | 08
#0159-d256 @A: 26 32 35 10 | 06
#0160-d256 @A: 35 13 28 12 | 10
#0161-d256 @A: 17 30 33 35 | 05
#0162-d256 @A: 27 07 35 03 | 02
#0163-d256 @A: 22 26 17 29 | 07
#0164-d256 @A: 22 05 10 31 | 12
#0165-d256 @A: 24 22 33 06 | 03
#0166-d256 @A: 32 10 28 22 | 11
#0167-d256 @A: 19 12 32 22 | 09
#0168-d256 @A: 22 11 33 08 | 04
#0169-d256 @A: 27 22 09 30 | 01
#0170-d256 @A: 04 03 22 14 | 08
#0171-d256 @A: 15 03 20 22 | 06
#0172-d256 @A: 20 13 22 17 | 10
#0173-d256 @A: 08 27 17 22 | 05
#0174-d256 @A: 32 15 22 04 | 02
#0175-d256 @A: 30 06 22 15 | 07
#0176-d256 @A: 15 34 08 22 | 12
#0177-d256 @A: 14 28 08 22 | 03
#0178-d256 @A: 16 14 34 22 | 11
#0179-d256 @A: 27 01 12 05 | 09
#0180-d256 @A: 23 01 24 15 | 04
#0181-d256 @A: 24 08 33 01 | 01
#0182-d256 @A: 01 25 17 24 | 08
#0183-d256 @A: 12 10 31 01 | 06
#0184-d256 @A: 28 27 01 10 | 10
#0185-d256 @A: 03 30 01 33 | 05
#0186-d256 @A: 01 08 09 17 | 02
#0187-d256 @A: 32 01 21 09 | 07
#0188-d256 @A: 15 17 01 11 | 12
#0189-d256 @A: 11 01 13 07 | 03
#0190-d256 @A: 13 03 15 01 | 11
#0191-d256 @A: 06 28 01 15 | 09
#0192-d256 @A: 26 05 12 06 | 04
#0193-d256 @A: 26 06 10 19 | 01
#0194-d256 @A: 17 14 26 19 | 08
#0195-d256 @A: 16 33 23 26 | 06
#0196-d256 @A: 17 26 07 27 | 10
#0197-d256 @A: 30 25 20 26 | 05
#0198-d256 @A: 16 26 30 08 | 02
#0199-d256 @A: 16 05 24 03 | 07
#0200-d256 @A: 10 19 07 05 | 12
#0201-d256 @A: 33 10 05 16 | 03
#0202-d256 @A: 28 05 09 10 | 11
#0203-d256 @A: 05 17 12 19 | 09
#0204-d256 @A: 05 28 33 23 | 04
#0205-d256 @A: 33 14 17 05 | 01
#0206-d256 @A: 09 05 07 13 | 08
#0207-d256 @A: 05 08 09 14 | 06
#0208-d256 @A: 03 05 34 21 | 10
#0209-d256 @A: 21 05 15 27 | 05
#0210-d256 @A: 04 05 14 29 | 02
#0211-d256 @A: 30 19 24 17 | 07
#0212-d256 @A: 23 12 18 24 | 12
#0213-d256 @A: 23 24 34 33 | 03
#0214-d256 @A: 12 24 08 07 | 11
#0215-d256 @A: 09 21 14 24 | 09
#0216-d256 @A: 31 03 21 24 | 04
#0217-d256 @A: 28 24 29 07 | 01
#0218-d256 @A: 12 32 17 10 | 08
#0219-d256 @A: 25 32 10 18 | 06
#0220-d256 @A: 10 15 07 27 | 10
#0221-d256 @A: 08 10 27 16 | 05
#0222-d256 @A: 11 19 12 23 | 02
#0223-d256 @A: 19 08 33 23 | 07
#0224-d256 @A: 12 18 13 19 | 12
#0225-d256 @A: 19 34 33 03 | 03
#0226-d256 @A: 29 33 13 19 | 11
#0227-d256 @A: 21 09 07 19 | 09
#0228-d256 @A: 19 20 32 18 | 04
#0229-d256 @A: 19 07 29 14 | 01
#0230-d256 @A: 04 08 19 28 | 08
#0231-d256 @A: 20 14 19 28 | 06
#0232-d256 @A: 30 16 27 19 | 10
#0233-d256 @A: 12 23 27 21 | 05
#0234-d256 @A: 23 09 15 08 | 02
#0235-d256 @A: 23 32 18 29 | 07
#0236-d256 @A: 23 31 34 20 | 12
#0237-d256 @A: 12 33 16 17 | 03
#0238-d256 @A: 30 12 15 32 | 11
#0239-d256 @A: 32 12 14 29 | 09
#0240-d256 @A: 25 20 12 08 | 04
#0241-d256 @A: 30 20 29 12 | 01
#0242-d256 @A: 31 14 33 11 | 08
#0243-d256 @A: 34 33 20 17 | 06
#0244-d256 @A: 25 33 28 32 | 10
#0245-d256 @A: 32 18 04 33 | 05
#0246-d256 @A: 33 31 25 04 | 02
#0247-d256 @A: 04 33 06 27 | 07
#0248-d256 @A: 16 06 33 18 | 12
#0249-d256 @A: 34 09 11 30 | 03
#0250-d256 @A: 09 03 13 29 | 11
#0251-d256 @A: 09 06 20 08 | 09
#0252-d256 @A: 28 09 18 30 | 04
#0253-d256 @A: 17 21 04 11 | 01
#0254-d256 @A: 07 11 29 21 | 08
#0255-d256 @A: 31 25 15 11 | 06
#0256-d256 @A: 03 06 31 29 | 10
#0257-d256 @A: 32 17 30 21 | 05
#0258-d256 @A: 17 04 25 20 | 02
#0259-d256 @A: 21 06 07 13 | 07
#0260-d256 @A: 06 13 28 32 | 12
#0261-d256 @A: 16 07 13 27 | 03
#0262-d256 @A: 13 16 29 04 | 11
#0263-d256 @A: 16 34 13 15 | 09
#0264-d256 @A: 16 25 21 20 | 04
#0265-d256 @A: 07 04 21 28 | 01
#0266-d256 @A: 21 28 30 29 | 08
#0267-d256 @A: 31 34 28 30 | 06
#0268-d256 @A: 12 22 09 02 | 10
#0269-d256 @A: 24 02 27 01 | 05
#0270-d256 @A: 26 02 03 24 | 02
#0271-d256 @A: 02 29 11 05 | 07
#0272-d256 @A: 02 34 24 06 | 12
#0273-d256 @A: 08 02 24 04 | 03
#0274-d256 @A: 02 04 18 19 | 11
#0275-d256 @A: 29 03 33 02 | 09
#0276-d256 @A: 18 11 02 21 | 04
#0277-d256 @A: 28 17 08 02 | 01
#0278-d256 @A: 25 28 02 14 | 08
#0279-d256 @A: 06 02 27 29 | 06
#0280-d256 @A: 29 02 20 28 | 10
#0281-d256 @A: 10 22 06 35 | 05
#0282-d256 @A: 29 22 35 12 | 02
#0283-d256 @A: 01 35 33 04 | 07
#0284-d256 @A: 35 04 26 12 | 12
#0285-d256 @A: 35 26 18 13 | 03
#0286-d256 @A: 35 12 16 05 | 11
#0287-d256 @A: 03 35 10 25 | 09
#0288-d256 @A: 07 13 10 35 | 04
#0289-d256 @A: 19 18 35 03 | 01
#0290-d256 @A: 23 35 12 34 | 08
#0291-d256 @A: 03 35 30 13 | 06
#0292-d256 @A: 35 15 16 28 | 10
#0293-d256 @A: 14 35 30 15 | 05
#0294-d256 @A: 17 22 01 04 | 02
#0295-d256 @A: 18 22 19 05 | 07
#0296-d256 @A: 05 22 25 11 | 12
#0297-d256 @A: 31 25 24 22 | 03
#0298-d256 @A: 33 22 29 23 | 11
#0299-d256 @A: 22 17 23 30 | 09
#0300-d256 @A: 22 13 32 23 | 04
#0301-d256 @A: 11 17 22 06 | 01
#0302-d256 @A: 22 11 30 13 | 08
#0303-d256 @A: 22 06 16 28 | 06
#0304-d256 @A: 22 31 18 30 | 10
#0305-d256 @A: 33 01 26 20 | 05
#0306-d256 @A: 01 17 30 26 | 02
#0307-d256 @A: 05 28 01 11 | 07
#0308-d256 @A: 01 05 13 18 | 12
#0309-d256 @A: 32 13 01 24 | 03
#0310-d256 @A: 01 32 19 23 | 11
#0311-d256 @A: 12 33 01 18 | 09
#0312-d256 @A: 12 11 20 01 | 04
#0313-d256 @A: 33 32 01 17 | 01
#0314-d256 @A: 09 11 01 03 | 08
#0315-d256 @A: 28 14 09 01 | 06
#0316-d256 @A: 14 01 25 06 | 10
#0317-d256 @A: 15 20 01 14 | 05
#0318-d256 @A: 34 09 26 05 | 02
#0319-d256 @A: 18 05 26 16 | 07
#0320-d256 @A: 13 29 26 24 | 12
#0321-d256 @A: 31 26 24 28 | 03
#0322-d256 @A: 28 26 12 19 | 11
#0323-d256 @A: 26 19 27 09 | 09
#0324-d256 @A: 16 12 31 26 | 04
#0325-d256 @A: 26 27 25 03 | 01
#0326-d256 @A: 32 20 26 07 | 08
#0327-d256 @A: 18 06 26 30 | 06
#0328-d256 @A: 28 15 20 26 | 10
#0329-d256 @A: 24 14 20 05 | 05
#0330-d256 @A: 04 05 23 12 | 02
#0331-d256 @A: 33 05 08 04 | 07
#0332-d256 @A: 05 13 14 03 | 12
#0333-d256 @A: 05 31 03 18 | 03
#0334-d256 @A: 28 05 32 07 | 11
#0335-d256 @A: 05 18 06 25 | 09
#0336-d256 @A: 20 05 18 15 | 04
#0337-d256 @A: 34 31 14 05 | 01
#0338-d256 @A: 20 08 30 05 | 08
#0339-d256 @A: 10 24 33 20 | 06
#0340-d256 @A: 24 04 10 32 | 10
#0341-d256 @A: 23 24 17 07 | 05
#0342-d256 @A: 21 23 06 24 | 02
#0343-d256 @A: 12 24 06 29 | 07
#0344-d256 @A: 32 24 11 09 | 12
#0345-d256 @A: 11 24 31 30 | 03
#0346-d256 @A: 06 17 03 24 | 11
#0347-d256 @A: 14 32 24 25 | 09
#0348-d256 @A: 24 28 32 30 | 04
#0349-d256 @A: 32 24 29 20 | 01
#0350-d256 @A: 14 15 07 24 | 08
#0351-d256 @A: 27 07 24 34 | 06
#0352-d256 @A: 34 04 24 28 | 10
#0353-d256 @A: 11 23 09 10 | 05
#0354-d256 @A: 28 06 10 23 | 02
#0355-d256 @A: 33 10 09 08 | 07
#0356-d256 @A: 14 10 33 03 | 12
#0357-d256 @A: 25 09 10 27 | 03
#0358-d256 @A: 17 25 29 10 | 11
#0359-d256 @A: 08 10 32 30 | 09
#0360-d256 @A: 10 06 04 18 | 04
#0361-d256 @A: 10 08 04 14 | 01
#0362-d256 @A: 10 27 18 14 | 08
#0363-d256 @A: 23 25 21 19 | 06
#0364-d256 @A: 23 19 31 16 | 10
#0365-d256 @A: 03 19 12 30 | 05
#0366-d256 @A: 20 19 12 06 | 02
#0367-d256 @A: 31 17 19 33 | 07
#0368-d256 @A: 21 19 04 33 | 12
#0369-d256 @A: 04 30 19 11 | 03
#0370-d256 @A: 25 31 07 19 | 11
#0371-d256 @A: 14 08 34 19 | 09
#0372-d256 @A: 23 32 21 33 | 04
#0373-d256 @A: 28 03 23 30 | 01
#0374-d256 @A: 28 20 17 23 | 08
#0375-d256 @A: 31 18 17 23 | 06
#0376-d256 @A: 25 23 32 07 | 10
#0377-d256 @A: 34 14 23 25 | 05
#0378-d256 @A: 20 23 04 06 | 02
#0379-d256 @A: 28 09 12 03 | 07
#0380-d256 @A: 12 16 13 14 | 12
#0381-d256 @A: 18 07 12 32 | 03
#0382-d256 @A: 33 14 13 27 | 11
#0383-d256 @A: 16 08 32 33 | 09
#0384-d256 @A: 28 30 16 33 | 04
#0385-d256 @A: 29 33 34 30 | 01
#0386-d256 @A: 03 32 09 07 | 08
#0387-d256 @A: 29 20 09 21 | 06
#0388-d256 @A: 29 25 34 09 | 10
#0389-d256 @A: 07 04 27 09 | 05
#0390-d256 @A: 08 29 07 09 | 02
#0391-d256 @A: 14 09 04 16 | 07
#0392-d256 @A: 09 30 20 15 | 12
#0393-d256 @A: 07 34 06 11 | 03
#0394-d256 @A: 06 18 11 08 | 11
#0395-d256 @A: 11 28 15 34 | 09
#0396-d256 @A: 14 34 11 20 | 04
#0397-d256 @A: 18 03 13 08 | 01
#0398-d256 @A: 03 29 15 32 | 08
#0399-d256 @A: 29 04 34 03 | 06
#0400-d256 @A: 27 03 34 14 | 10
#0401-d256 @A: 06 31 08 17 | 05
#0402-d256 @A: 20 30 17 18 | 02
#0403-d256 @A: 34 13 29 32 | 07
#0404-d256 @A: 20 25 13 34 | 12
#0405-d256 @A: 08 07 13 15 | 03
#0406-d256 @A: 18 06 21 32 | 11
#0407-d256 @A: 14 32 04 21 | 09
#0408-d256 @A: 32 31 16 21 | 04
#0409-d256 @A: 21 25 18 15 | 01
#0410-d256 @A: 25 34 27 21 | 08
#0411-d256 @A: 08 34 21 30 | 06
#0412-d256 @A: 02 30 35 22 | 10
#0413-d256 @A: 02 08 35 13 | 05
#0414-d256 @A: 22 34 11 02 | 02
#0415-d256 @A: 02 22 13 28 | 07
#0416-d256 @A: 02 21 22 20 | 12
#0417-d256 @A: 05 02 04 01 | 03
#0418-d256 @A: 09 01 29 02 | 11
#0419-d256 @A: 02 19 30 26 | 09
#0420-d256 @A: 26 20 02 23 | 04
#0421-d256 @A: 23 25 05 02 | 01
#0422-d256 @A: 14 02 19 10 | 08
#0423-d256 @A: 18 31 02 19 | 06
#0424-d256 @A: 25 17 02 03 | 10
#0425-d256 @A: 17 07 21 02 | 05
#0426-d256 @A: 02 29 14 17 | 02
#0427-d256 @A: 20 02 32 04 | 07
#0428-d256 @A: 01 35 10 17 | 12
#0429-d256 @A: 35 03 29 01 | 03
#0430-d256 @A: 35 15 34 01 | 11
#0431-d256 @A: 34 35 03 26 | 09
#0432-d256 @A: 35 05 13 29 | 04
#0433-d256 @A: 23 15 35 13 | 01
#0434-d256 @A: 31 29 35 23 | 08
#0435-d256 @A: 13 25 32 35 | 06
#0436-d256 @A: 31 21 20 35 | 10
#0437-d256 @A: 28 35 14 32 | 05
#0438-d256 @A: 20 04 30 35 | 02
#0439-d256 @A: 14 16 27 35 | 07
#0440-d256 @A: 26 07 22 31 | 12
#0441-d256 @A: 25 19 22 24 | 03
#0442-d256 @A: 34 09 22 24 | 11
#0443-d256 @A: 08 19 22 10 | 09
#0444-d256 @A: 33 22 10 17 | 04
#0445-d256 @A: 22 25 10 16 | 01
#0446-d256 @A: 33 16 19 22 | 08
#0447-d256 @A: 23 20 22 14 | 06
#0448-d256 @A: 09 28 22 21 | 10
#0449-d256 @A: 07 14 22 25 | 05
#0450-d256 @A: 04 20 07 22 | 02
#0451-d256 @A: 34 29 22 06 | 07
#0452-d256 @A: 16 18 29 22 | 12
#0453-d256 @A: 32 26 01 12 | 03
#0454-d256 @A: 23 08 01 05 | 11
#0455-d256 @A: 11 01 04 24 | 09
#0456-d256 @A: 03 01 28 24 | 04
#0457-d256 @A: 23 01 09 34 | 01
#0458-d256 @A: 28 13 33 01 | 08
#0459-d256 @A: 01 21 29 33 | 06
#0460-d256 @A: 01 07 31 21 | 10
#0461-d256 @A: 32 18 01 28 | 05
#0462-d256 @A: 20 29 01 06 | 02
#0463-d256 @A: 01 04 14 27 | 07
#0464-d256 @A: 01 20 28 08 | 12
#0465-d256 @A: 03 26 05 33 | 03
#0466-d256 @A: 17 05 26 32 | 11
#0467-d256 @A: 26 05 21 29 | 09
#0468-d256 @A: 12 16 10 26 | 04
#0469-d256 @A: 07 26 10 14 | 01
#0470-d256 @A: 26 31 10 06 | 08
#0471-d256 @A: 23 26 19 18 | 06
#0472-d256 @A: 19 25 26 07 | 10
#0473-d256 @A: 26 30 23 27 | 05
#0474-d256 @A: 11 26 34 12 | 02
#0475-d256 @A: 33 26 29 28 | 07
#0476-d256 @A: 04 14 25 26 | 12
#0477-d256 @A: 08 15 26 25 | 03
#0478-d256 @A: 26 07 04 29 | 11
#0479-d256 @A: 26 16 28 04 | 09
#0480-d256 @A: 24 23 29 05 | 04
#0481-d256 @A: 21 08 24 05 | 01
#0482-d256 @A: 05 18 32 24 | 08
#0483-d256 @A: 23 34 05 19 | 06
#0484-d256 @A: 13 30 12 05 | 10
#0485-d256 @A: 34 33 05 13 | 05
#0486-d256 @A: 16 05 11 21 | 02
#0487-d256 @A: 28 16 25 05 | 07
#0488-d256 @A: 30 05 25 14 | 12
#0489-d256 @A: 07 27 05 18 | 03
#0490-d256 @A: 04 15 06 05 | 11
#0491-d256 @A: 34 10 24 12 | 09
#0492-d256 @A: 24 10 03 29 | 04
#0493-d256 @A: 19 12 24 27 | 01
#0494-d256 @A: 09 19 24 16 | 08
#0495-d256 @A: 31 09 24 23 | 06
#0496-d256 @A: 24 28 17 33 | 10
#0497-d256 @A: 24 11 13 18 | 05
#0498-d256 @A: 21 30 11 24 | 02
#0499-d256 @A: 34 13 03 24 | 07
#0500-d256 @A: 27 21 03 24 | 12
#0501-d256 @A: 16 24 14 30 | 03
#0502-d256 @A: 29 31 20 24 | 11
#0503-d256 @A: 27 19 10 23 | 09
#0504-d256 @A: 25 04 19 10 | 04
#0505-d256 @A: 30 12 10 09 | 01
#0506-d256 @A: 17 11 30 10 | 08
#0507-d256 @A: 11 20 21 10 | 06
#0508-d256 @A: 17 10 21 14 | 10
#0509-d256 @A: 29 10 21 31 | 05
#0510-d256 @A: 29 23 09 19 | 02
#0511-d256 @A: 12 21 19 08 | 07
#0512-d256 @A: 14 09 03 19 | 12
#0513-d256 @A: 31 15 09 19 | 03
#0514-d256 @A: 19 08 30 09 | 11
#0515-d256 @A: 16 11 06 19 | 09
#0516-d256 @A: 19 32 29 06 | 04
#0517-d256 @A: 28 15 19 30 | 01
#0518-d256 @A: 29 19 20 15 | 08
#0519-d256 @A: 34 23 11 03 | 06
#0520-d256 @A: 23 29 03 17 | 10
#0521-d256 @A: 21 08 31 23 | 05
#0522-d256 @A: 07 06 29 23 | 02
#0523-d256 @A: 23 15 06 16 | 07
#0524-d256 @A: 06 23 08 34 | 12
#0525-d256 @A: 04 12 15 33 | 03
#0526-d256 @A: 08 11 12 09 | 11
#0527-d256 @A: 13 12 32 09 | 09
#0528-d256 @A: 17 28 12 11 | 04
#0529-d256 @A: 06 12 32 04 | 01
#0530-d256 @A: 25 12 28 15 | 08
#0531-d256 @A: 06 12 28 07 | 06
#0532-d256 @A: 15 27 12 16 | 10
#0533-d256 @A: 04 03 33 09 | 05
#0534-d256 @A: 17 03 33 27 | 02
#0535-d256 @A: 14 33 04 34 | 07
#0536-d256 @A: 33 15 18 34 | 12
#0537-d256 @A: 33 27 18 28 | 03
#0538-d256 @A: 07 17 09 11 | 11
#0539-d256 @A: 30 09 03 17 | 09
#0540-d256 @A: 21 17 31 09 | 04
#0541-d256 @A: 31 07 27 09 | 01
#0542-d256 @A: 27 28 09 06 | 08
#0543-d256 @A: 09 29 06 14 | 06
#0544-d256 @A: 09 15 28 04 | 10
#0545-d256 @A: 29 08 03 11 | 05
#0546-d256 @A: 32 11 08 15 | 02
#0547-d256 @A: 20 06 11 25 | 07
#0548-d256 @A: 14 27 11 07 | 12
#0549-d256 @A: 11 06 29 04 | 03
#0550-d256 @A: 15 11 29 30 | 11
#0551-d256 @A: 20 30 16 11 | 09
#0552-d256 @A: 03 32 20 31 | 04
#0553-d256 @A: 20 03 29 07 | 01
#0554-d256 @A: 03 20 04 08 | 08
#0555-d256 @A: 16 17 15 32 | 06
#0556-d256 @A: 17 16 27 06 | 10
#0557-d256 @A: 27 17 18 04 | 05
#0558-d256 @A: 27 30 17 14 | 02
#0559-d256 @A: 08 30 17 29 | 07
#0560-d256 @A: 28 13 21 16 | 12
#0561-d256 @A: 27 21 06 30 | 03
#0562-d256 @A: 07 32 31 18 | 11
#0563-d256 @A: 31 14 32 06 | 09
#0564-d256 @A: 04 32 31 08 | 04
#0565-d256 @A: 31 29 25 16 | 01
#0566-d256 @A: 04 11 35 02 | 08
#0567-d256 @A: 33 02 22 07 | 06
#0568-d256 @A: 02 33 01 06 | 10
#0569-d256 @A: 02 26 05 28 | 05
#0570-d256 @A: 05 02 18 09 | 02
#0571-d256 @A: 24 23 02 16 | 07
#0572-d256 @A: 10 27 02 17 | 12
#0573-d256 @A: 09 15 02 13 | 03
#0574-d256 @A: 07 02 28 03 | 11
#0575-d256 @A: 32 08 29 02 | 09
#0576-d256 @A: 02 25 04 29 | 04
#0577-d256 @A: 15 02 28 31 | 01
#0578-d256 @A: 25 35 26 22 | 08
#0579-d256 @A: 18 23 35 22 | 06
#0580-d256 @A: 22 31 35 34 | 10
#0581-d256 @A: 35 23 01 25 | 05
#0582-d256 @A: 26 35 14 05 | 02
#0583-d256 @A: 35 27 21 26 | 07
#0584-d256 @A: 25 05 17 35 | 12
#0585-d256 @A: 06 35 05 20 | 03
#0586-d256 @A: 05 04 35 18 | 11
#0587-d256 @A: 21 24 18 35 | 09
#0588-d256 @A: 35 33 28 11 | 04
#0589-d256 @A: 13 34 09 35 | 01
#0590-d256 @A: 35 04 29 32 | 08
#0591-d256 @A: 21 26 06 22 | 06
#0592-d256 @A: 22 30 05 03 | 10
#0593-d256 @A: 27 24 22 23 | 05
#0594-d256 @A: 03 22 10 11 | 02
#0595-d256 @A: 31 22 03 19 | 07
#0596-d256 @A: 16 12 11 22 | 12
#0597-d256 @A: 13 22 33 18 | 03
#0598-d256 @A: 14 09 15 22 | 11
#0599-d256 @A: 31 20 22 17 | 09
#0600-d256 @A: 22 25 20 28 | 04
#0601-d256 @A: 04 22 06 08 | 01
#0602-d256 @A: 01 05 29 32 | 08
#0603-d256 @A: 01 09 06 10 | 06
#0604-d256 @A: 29 01 11 10 | 10
#0605-d256 @A: 03 01 10 08 | 05
#0606-d256 @A: 10 01 14 13 | 02
#0607-d256 @A: 01 33 19 15 | 07
#0608-d256 @A: 29 19 01 28 | 12
#0609-d256 @A: 07 01 23 21 | 03
#0610-d256 @A: 06 33 31 01 | 11
#0611-d256 @A: 01 30 13 09 | 09
#0612-d256 @A: 17 01 21 27 | 04
#0613-d256 @A: 01 13 30 31 | 01
#0614-d256 @A: 14 07 32 01 | 08
#0615-d256 @A: 16 01 25 29 | 06
#0616-d256 @A: 01 34 04 20 | 10
#0617-d256 @A: 16 01 18 14 | 05
#0618-d256 @A: 29 01 08 18 | 02
#0619-d256 @A: 30 08 14 01 | 07
#0620-d256 @A: 04 19 26 05 | 12
#0621-d256 @A: 12 21 26 07 | 03
#0622-d256 @A: 26 32 13 11 | 11
#0623-d256 @A: 26 11 27 28 | 09
#0624-d256 @A: 03 26 16 13 | 04
#0625-d256 @A: 03 15 14 26 | 01
#0626-d256 @A: 32 16 26 06 | 08
#0627-d256 @A: 18 26 14 32 | 06
#0628-d256 @A: 18 25 31 26 | 10
#0629-d256 @A: 18 07 34 26 | 05
#0630-d256 @A: 06 26 29 15 | 02
#0631-d256 @A: 26 31 34 20 | 07
#0632-d256 @A: 14 26 16 20 | 12
#0633-d256 @A: 10 14 05 23 | 03
#0634-d256 @A: 05 19 21 06 | 11
#0635-d256 @A: 20 09 12 05 | 09
#0636-d256 @A: 08 32 12 05 | 04
#0637-d256 @A: 25 34 12 05 | 01
#0638-d256 @A: 30 05 11 33 | 08
#0639-d256 @A: 15 05 21 31 | 06
#0640-d256 @A: 05 07 15 34 | 10
#0641-d256 @A: 30 28 05 27 | 05
#0642-d256 @A: 17 11 08 24 | 02
#0643-d256 @A: 17 24 27 29 | 07
#0644-d256 @A: 24 30 15 27 | 12
#0645-d256 @A: 31 10 14 23 | 03
#0646-d256 @A: 16 10 09 17 | 11
#0647-d256 @A: 10 31 15 30 | 09
#0648-d256 @A: 29 10 34 27 | 04
#0649-d256 @A: 12 19 34 29 | 01
#0650-d256 @A: 19 17 03 08 | 08
#0651-d256 @A: 25 32 30 19 | 06
#0652-d256 @A: 25 19 15 34 | 10
#0653-d256 @A: 27 08 19 29 | 05
#0654-d256 @A: 23 12 33 30 | 02
#0655-d256 @A: 23 31 12 13 | 07
#0656-d256 @A: 32 11 23 14 | 12
#0657-d256 @A: 13 23 14 17 | 03
#0658-d256 @A: 13 34 07 23 | 11
#0659-d256 @A: 20 23 07 15 | 09
#0660-d256 @A: 30 07 08 23 | 04
#0661-d256 @A: 14 23 28 04 | 01
#0662-d256 @A: 29 30 23 14 | 08
#0663-d256 @A: 08 12 33 31 | 06
#0664-d256 @A: 21 09 06 12 | 10
#0665-d256 @A: 03 06 12 11 | 05
#0666-d256 @A: 21 12 15 03 | 02
#0667-d256 @A: 29 17 21 12 | 07
#0668-d256 @A: 12 20 04 14 | 12
#0669-d256 @A: 04 08 12 30 | 03
#0670-d256 @A: 12 30 29 31 | 11
#0671-d256 @A: 11 21 34 33 | 09
#0672-d256 @A: 08 14 18 33 | 04
#0673-d256 @A: 29 20 33 14 | 01
#0674-d256 @A: 30 31 33 20 | 08
#0675-d256 @A: 16 09 31 11 | 06
#0676-d256 @A: 27 09 17 13 | 10
#0677-d256 @A: 20 09 32 25 | 05
#0678-d256 @A: 18 09 32 27 | 02
#0679-d256 @A: 30 25 04 09 | 07
#0680-d256 @A: 09 25 18 14 | 12
#0681-d256 @A: 09 18 06 07 | 03
#0682-d256 @A: 20 34 07 09 | 11
#0683-d256 @A: 11 31 03 28 | 09
#0684-d256 @A: 20 29 13 11 | 04
#0685-d256 @A: 11 32 20 28 | 01
#0686-d256 @A: 27 11 25 18 | 08
#0687-d256 @A: 13 17 07 03 | 06
#0688-d256 @A: 32 03 14 20 | 10
#0689-d256 @A: 07 04 03 06 | 05
#0690-d256 @A: 06 29 18 03 | 02
#0691-d256 @A: 28 29 16 03 | 07
#0692-d256 @A: 13 16 17 30 | 12
#0693-d256 @A: 08 34 17 25 | 03
#0694-d256 @A: 15 21 13 30 | 11
#0695-d256 @A: 15 32 13 20 | 09
#0696-d256 @A: 13 34 27 06 | 04
#0697-d256 @A: 20 31 08 13 | 01
#0698-d256 @A: 04 30 21 18 | 08
#0699-d256 @A: 21 27 16 04 | 06
#0700-d256 @A: 31 06 20 16 | 10
#0701-d256 @A: 16 02 07 35 | 05
#0702-d256 @A: 02 01 20 17 | 02
#0703-d256 @A: 01 02 34 13 | 07
#0704-d256 @A: 02 33 32 05 | 12
#0705-d256 @A: 05 02 13 27 | 03
#0706-d256 @A: 14 02 33 24 | 11
#0707-d256 @A: 17 12 30 02 | 09
#0708-d256 @A: 02 21 27 33 | 04
#0709-d256 @A: 33 02 08 15 | 01
#0710-d256 @A: 30 11 03 02 | 08
#0711-d256 @A: 25 20 15 02 | 06
#0712-d256 @A: 30 07 02 29 | 10
#0713-d256 @A: 02 16 06 04 | 05
#0714-d256 @A: 02 18 06 28 | 02
#0715-d256 @A: 02 14 08 20 | 07
#0716-d256 @A: 22 20 24 35 | 12
#0717-d256 @A: 35 21 01 30 | 03
#0718-d256 @A: 18 35 27 01 | 11
#0719-d256 @A: 26 35 15 24 | 09
#0720-d256 @A: 35 23 28 26 | 04
#0721-d256 @A: 35 11 07 26 | 01
#0722-d256 @A: 28 35 24 05 | 08
#0723-d256 @A: 34 35 05 08 | 06
#0724-d256 @A: 33 35 24 19 | 10
#0725-d256 @A: 35 10 04 16 | 05
#0726-d256 @A: 23 16 35 08 | 02
#0727-d256 @A: 35 33 25 14 | 07
#0728-d256 @A: 20 33 35 08 | 12
#0729-d256 @A: 20 11 03 35 | 03
#0730-d256 @A: 25 27 15 35 | 11
#0731-d256 @A: 35 18 25 08 | 09
#0732-d256 @A: 06 29 35 16 | 04
#0733-d256 @A: 28 35 18 34 | 01
#0734-d256 @A: 28 30 08 35 | 08
#0735-d256 @A: 01 11 22 26 | 06
#0736-d256 @A: 01 07 22 06 | 10
#0737-d256 @A: 23 26 22 09 | 05
#0738-d256 @A: 22 03 26 07 | 02
#0739-d256 @A: 05 23 22 15 | 07
#0740-d256 @A: 22 33 05 09 | 12
#0741-d256 @A: 22 16 05 04 | 03
#0742-d256 @A: 24 32 17 22 | 11
#0743-d256 @A: 22 10 23 34 | 09
#0744-d256 @A: 23 22 25 08 | 04
#0745-d256 @A: 27 11 04 22 | 01
#0746-d256 @A: 07 29 13 22 | 08
#0747-d256 @A: 32 25 22 34 | 06
#0748-d256 @A: 18 15 22 27 | 10
#0749-d256 @A: 34 22 27 28 | 05
#0750-d256 @A: 24 01 06 05 | 02
#0751-d256 @A: 05 01 10 20 | 07
#0752-d256 @A: 20 24 01 21 | 12
#0753-d256 @A: 16 23 01 20 | 03
#0754-d256 @A: 01 09 07 33 | 11
#0755-d256 @A: 01 16 11 33 | 09
#0756-d256 @A: 09 16 01 27 | 04
#0757-d256 @A: 01 20 03 27 | 01
#0758-d256 @A: 01 32 16 04 | 08
#0759-d256 @A: 07 01 16 28 | 06
#0760-d256 @A: 29 04 30 01 | 10
#0761-d256 @A: 01 31 16 08 | 05
#0762-d256 @A: 29 26 30 10 | 02
#0763-d256 @A: 03 19 26 29 | 07
#0764-d256 @A: 13 19 08 26 | 12
#0765-d256 @A: 21 19 16 26 | 03
#0766-d256 @A: 26 12 33 27 | 11
#0767-d256 @A: 09 29 12 26 | 09
#0768-d256 @A: 26 33 18 09 | 04
#0769-d256 @A: 21 25 11 26 | 01
#0770-d256 @A: 21 18 26 17 | 08
#0771-d256 @A: 34 32 27 26 | 06
#0772-d256 @A: 26 34 16 25 | 10
#0773-d256 @A: 30 28 07 26 | 05
#0774-d256 @A: 26 34 20 06 | 02
#0775-d256 @A: 32 05 13 10 | 07
#0776-d256 @A: 05 33 27 19 | 12
#0777-d256 @A: 05 09 23 30 | 03
#0778-d256 @A: 11 23 05 18 | 11
#0779-d256 @A: 05 21 23 20 | 09
#0780-d256 @A: 05 25 23 31 | 04
#0781-d256 @A: 33 21 18 05 | 01
#0782-d256 @A: 07 05 33 20 | 08
#0783-d256 @A: 03 27 11 05 | 06
#0784-d256 @A: 03 05 25 20 | 10
#0785-d256 @A: 05 30 15 17 | 05
#0786-d256 @A: 05 28 13 15 | 02
#0787-d256 @A: 30 07 05 06 | 07
#0788-d256 @A: 05 08 27 06 | 12
#0789-d256 @A: 16 31 28 05 | 03
#0790-d256 @A: 14 23 24 19 | 11
#0791-d256 @A: 19 08 24 20 | 09
#0792-d256 @A: 28 09 23 24 | 04
#0793-d256 @A: 23 30 13 24 | 01
#0794-d256 @A: 24 11 25 12 | 08
#0795-d256 @A: 24 29 09 33 | 06
#0796-d256 @A: 33 21 24 25 | 10
#0797-d256 @A: 16 24 32 27 | 05
#0798-d256 @A: 29 30 25 24 | 02
#0799-d256 @A: 04 24 30 07 | 07
#0800-d256 @A: 18 19 10 33 | 12
#0801-d256 @A: 19 32 11 10 | 03
#0802-d256 @A: 20 17 19 10 | 11
#0803-d256 @A: 19 30 10 13 | 09
#0804-d256 @A: 18 23 10 03 | 04
#0805-d256 @A: 23 16 29 10 | 01
#0806-d256 @A: 18 09 10 20 | 08
#0807-d256 @A: 11 06 10 27 | 06
#0808-d256 @A: 20 30 23 19 | 10
#0809-d256 @A: 20 09 19 33 | 05
#0810-d256 @A: 11 13 19 31 | 02
#0811-d256 @A: 28 21 19 11 | 07
#0812-d256 @A: 14 19 15 32 | 12
#0813-d256 @A: 04 27 19 20 | 03
#0814-d256 @A: 23 12 32 20 | 11
#0815-d256 @A: 33 27 09 23 | 09
#0816-d256 @A: 03 06 23 33 | 04
#0817-d256 @A: 23 32 17 09 | 01
#0818-d256 @A: 23 21 03 14 | 08
#0819-d256 @A: 23 21 08 17 | 06
#0820-d256 @A: 27 04 23 32 | 10
#0821-d256 @A: 28 18 25 23 | 05
#0822-d256 @A: 15 23 29 28 | 02
#0823-d256 @A: 34 15 23 27 | 07
#0824-d256 @A: 18 08 20 23 | 12
#0825-d256 @A: 08 12 33 03 | 03
#0826-d256 @A: 07 33 13 12 | 11
#0827-d256 @A: 12 11 04 13 | 09
#0828-d256 @A: 12 13 17 34 | 04
#0829-d256 @A: 12 20 27 17 | 01
#0830-d256 @A: 12 06 34 15 | 08
#0831-d256 @A: 14 12 08 15 | 06
#0832-d256 @A: 08 27 18 12 | 10
#0833-d256 @A: 03 32 33 13 | 05
#0834-d256 @A: 04 17 33 29 | 02
#0835-d256 @A: 34 25 33 06 | 07
#0836-d256 @A: 30 15 33 25 | 12
#0837-d256 @A: 06 33 08 30 | 03
#0838-d256 @A: 33 27 31 15 | 11
#0839-d256 @A: 13 11 16 09 | 09
#0840-d256 @A: 32 09 06 30 | 04
#0841-d256 @A: 28 11 14 03 | 01
#0842-d256 @A: 30 11 32 07 | 08
#0843-d256 @A: 29 25 28 11 | 06
#0844-d256 @A: 30 06 11 28 | 10
#0845-d256 @A: 08 28 16 11 | 05
#0846-d256 @A: 11 16 14 29 | 02
#0847-d256 @A: 28 25 08 03 | 07
#0848-d256 @A: 28 03 18 15 | 12
#0849-d256 @A: 32 28 17 04 | 03
#0850-d256 @A: 32 14 17 34 | 11
#0851-d256 @A: 28 06 29 17 | 09
#0852-d256 @A: 34 17 16 18 | 04
#0853-d256 @A: 13 18 16 32 | 01
#0854-d256 @A: 14 32 13 08 | 08
#0855-d256 @A: 29 13 27 25 | 06
#0856-d256 @A: 20 13 30 07 | 10
#0857-d256 @A: 13 29 04 31 | 05
#0858-d256 @A: 32 29 16 21 | 02
#0859-d256 @A: 25 06 29 21 | 07
#0860-d256 @A: 21 25 27 31 | 12
#0861-d256 @A: 07 08 21 14 | 03
#0862-d256 @A: 14 21 15 06 | 11
#0863-d256 @A: 08 14 31 25 | 09
#0864-d256 @A: 07 31 08 29 | 04
#0865-d256 @A: 31 28 18 04 | 01
#0866-d256 @A: 21 34 02 35 | 08
#0867-d256 @A: 16 22 08 02 | 06
#0868-d256 @A: 01 21 15 02 | 10
#0869-d256 @A: 09 02 26 31 | 05
#0870-d256 @A: 02 13 07 26 | 02
#0871-d256 @A: 30 05 02 21 | 07
#0872-d256 @A: 16 05 20 02 | 12
#0873-d256 @A: 23 32 10 02 | 03
#0874-d256 @A: 02 10 20 03 | 11
#0875-d256 @A: 19 02 16 12 | 09
#0876-d256 @A: 12 18 29 02 | 04
#0877-d256 @A: 04 02 28 33 | 01
#0878-d256 @A: 14 02 11 13 | 08
#0879-d256 @A: 13 02 03 04 | 06
#0880-d256 @A: 02 31 14 17 | 10
#0881-d256 @A: 32 13 30 02 | 05
#0882-d256 @A: 28 15 02 32 | 02
#0883-d256 @A: 34 02 06 31 | 07
#0884-d256 @A: 30 16 31 02 | 12
#0885-d256 @A: 22 16 13 35 | 03
#0886-d256 @A: 35 09 01 05 | 11
#0887-d256 @A: 35 03 08 24 | 09
#0888-d256 @A: 35 06 24 13 | 04
#0889-d256 @A: 35 32 31 24 | 01
#0890-d256 @A: 10 23 20 35 | 08
#0891-d256 @A: 35 19 34 16 | 06
#0892-d256 @A: 35 06 27 12 | 10
#0893-d256 @A: 32 33 09 35 | 05
#0894-d256 @A: 31 06 11 35 | 02
#0895-d256 @A: 32 15 35 18 | 07
#0896-d256 @A: 35 07 28 20 | 12
#0897-d256 @A: 27 29 28 35 | 03
#0898-d256 @A: 05 22 34 01 | 11
#0899-d256 @A: 33 01 22 27 | 09
#0900-d256 @A: 01 13 22 21 | 04
#0901-d256 @A: 20 22 05 26 | 01
#0902-d256 @A: 26 16 24 22 | 08
#0903-d256 @A: 33 26 22 14 | 06
#0904-d256 @A: 13 05 08 22 | 10
#0905-d256 @A: 24 18 22 03 | 05
#0906-d256 @A: 22 33 31 29 | 02
#0907-d256 @A: 13 25 09 22 | 07
#0908-d256 @A: 09 16 32 22 | 12
#0909-d256 @A: 22 31 11 21 | 03
#0910-d256 @A: 14 27 29 22 | 11
#0911-d256 @A: 18 26 25 01 | 09
#0912-d256 @A: 05 04 31 01 | 04
#0913-d256 @A: 30 01 24 12 | 01
#0914-d256 @A: 01 16 10 21 | 08
#0915-d256 @A: 16 13 01 19 | 06
#0916-d256 @A: 19 20 01 31 | 10
#0917-d256 @A: 01 06 17 12 | 05
#0918-d256 @A: 09 31 01 32 | 02
#0919-d256 @A: 11 01 31 34 | 07
#0920-d256 @A: 21 03 25 01 | 12
#0921-d256 @A: 01 07 27 25 | 03
#0922-d256 @A: 24 34 17 26 | 11
#0923-d256 @A: 25 10 26 33 | 09
#0924-d256 @A: 11 26 33 17 | 04
#0925-d256 @A: 26 20 11 09 | 01
#0926-d256 @A: 26 21 31 04 | 08
#0927-d256 @A: 18 26 08 04 | 06
#0928-d256 @A: 10 05 12 18 | 10
#0929-d256 @A: 10 05 15 11 | 05
#0930-d256 @A: 31 08 05 19 | 02
#0931-d256 @A: 32 06 23 05 | 07
#0932-d256 @A: 16 05 09 06 | 12
#0933-d256 @A: 11 05 20 17 | 03
#0934-d256 @A: 05 03 17 18 | 11
#0935-d256 @A: 16 05 32 30 | 09
#0936-d256 @A: 31 07 30 05 | 04
#0937-d256 @A: 15 24 09 10 | 01
#0938-d256 @A: 11 16 10 24 | 08
#0939-d256 @A: 23 11 20 24 | 06
#0940-d256 @A: 34 25 18 24 | 10
#0941-d256 @A: 24 28 08 06 | 05
#0942-d256 @A: 04 15 20 24 | 02
#0943-d256 @A: 18 24 15 08 | 07
#0944-d256 @A: 33 15 10 23 | 12
#0945-d256 @A: 21 12 25 10 | 03
#0946-d256 @A: 29 32 33 10 | 11
#0947-d256 @A: 10 03 28 13 | 09
#0948-d256 @A: 10 07 30 03 | 04
#0949-d256 @A: 15 04 10 03 | 01
#0950-d256 @A: 18 08 21 10 | 08
#0951-d256 @A: 18 10 28 16 | 06
#0952-d256 @A: 10 28 31 08 | 10
#0953-d256 @A: 09 19 18 11 | 05
#0954-d256 @A: 19 11 29 17 | 02
#0955-d256 @A: 20 03 19 21 | 07
#0956-d256 @A: 15 19 17 21 | 12
#0957-d256 @A: 07 19 32 08 | 03
#0958-d256 @A: 19 15 16 04 | 11
#0959-d256 @A: 27 19 30 31 | 09
#0960-d256 @A: 23 25 33 17 | 04
#0961-d256 @A: 20 23 13 33 | 01
#0962-d256 @A: 11 16 23 27 | 08
#0963-d256 @A: 30 32 23 34 | 06
#0964-d256 @A: 20 25 23 27 | 10
#0965-d256 @A: 15 31 07 23 | 05
#0966-d256 @A: 18 30 23 16 | 02
#0967-d256 @A: 29 11 12 33 | 07
#0968-d256 @A: 28 31 09 12 | 12
#0969-d256 @A: 20 03 13 12 | 03
#0970-d256 @A: 30 12 16 21 | 11
#0971-d256 @A: 16 32 12 25 | 09
#0972-d256 @A: 18 04 12 28 | 04
#0973-d256 @A: 28 14 30 12 | 01
#0974-d256 @A: 33 32 11 06 | 08
#0975-d256 @A: 03 20 33 28 | 06
#0976-d256 @A: 07 17 18 33 | 10
#0977-d256 @A: 07 13 31 33 | 05
#0978-d256 @A: 14 33 07 06 | 02
#0979-d256 @A: 29 28 32 09 | 07
#0980-d256 @A: 34 04 09 06 | 12
#0981-d256 @A: 09 27 29 15 | 03
#0982-d256 @A: 03 11 16 25 | 11
#0983-d256 @A: 34 32 16 11 | 09
#0984-d256 @A: 15 14 04 11 | 04
#0985-d256 @A: 31 20 15 11 | 01
#0986-d256 @A: 11 27 30 08 | 08
#0987-d256 @A: 03 06 08 21 | 06
#0988-d256 @A: 27 03 30 29 | 10
#0989-d256 @A: 20 32 17 06 | 05
#0990-d256 @A: 28 25 30 17 | 02
#0991-d256 @A: 16 17 20 29 | 07
#0992-d256 @A: 13 31 16 14 | 12
#0993-d256 @A: 18 28 21 14 | 03
#0994-d256 @A: 21 18 14 31 | 11
#0995-d256 @A: 21 14 29 34 | 09
#0996-d256 @A: 35 14 03 02 | 04
#0997-d256 @A: 22 10 24 02 | 01
#0998-d256 @A: 31 27 01 02 | 08
#0999-d256 @A: 14 26 02 21 | 06
#1000-d256 @A: 05 03 02 08 | 10
#1001-d256 @A: 07 14 02 05 | 05
#1002-d256 @A: 02 33 24 31 | 02
#1003-d256 @A: 02 10 31 04 | 07
#1004-d256 @A: 23 07 09 02 | 12
#1005-d256 @A: 02 06 14 23 | 03
#1006-d256 @A: 13 12 06 02 | 11
#1007-d256 @A: 33 02 09 16 | 09
#1008-d256 @A: 13 25 02 33 | 04
#1009-d256 @A: 02 08 21 09 | 01
#1010-d256 @A: 07 34 25 02 | 08
#1011-d256 @A: 35 04 22 09 | 06
#1012-d256 @A: 01 35 11 14 | 10
#1013-d256 @A: 17 35 26 16 | 05
#1014-d256 @A: 32 11 35 05 | 02
#1015-d256 @A: 32 24 35 23 | 07
#1016-d256 @A: 04 27 35 24 | 12
#1017-d256 @A: 11 10 35 34 | 03
#1018-d256 @A: 19 27 35 17 | 11
#1019-d256 @A: 35 30 06 23 | 09
#1020-d256 @A: 35 13 21 33 | 04
#1021-d256 @A: 09 06 35 03 | 01
#1022-d256 @A: 21 35 09 16 | 08
#1023-d256 @A: 35 09 31 18 | 06
#1024-d256 @A: 31 35 08 03 | 10
#1025-d256 @A: 06 17 18 35 | 05
#1026-d256 @A: 35 34 32 07 | 02
#1027-d256 @A: 32 27 30 35 | 07
#1028-d256 @A: 25 20 35 29 | 12
#1029-d256 @A: 16 04 35 31 | 03
#1030-d256 @A: 35 29 14 08 | 11
#1031-d256 @A: 19 01 14 22 | 09
#1032-d256 @A: 15 12 24 22 | 04
#1033-d256 @A: 22 16 21 23 | 01
#1034-d256 @A: 18 21 12 22 | 08
#1035-d256 @A: 18 32 11 22 | 06
#1036-d256 @A: 25 22 27 06 | 10
#1037-d256 @A: 22 16 30 07 | 05
#1038-d256 @A: 19 26 01 34 | 02
#1039-d256 @A: 01 03 26 31 | 07
#1040-d256 @A: 14 01 05 21 | 12
#1041-d256 @A: 34 01 33 10 | 03
#1042-d256 @A: 01 19 21 18 | 11
#1043-d256 @A: 28 12 23 01 | 09
#1044-d256 @A: 08 01 21 11 | 04
#1045-d256 @A: 01 14 03 17 | 01
#1046-d256 @A: 25 28 01 04 | 08
#1047-d256 @A: 01 15 07 30 | 06
#1048-d256 @A: 11 26 19 24 | 10
#1049-d256 @A: 26 24 21 32 | 05
#1050-d256 @A: 33 26 19 32 | 02
#1051-d256 @A: 23 03 08 26 | 07
#1052-d256 @A: 09 15 26 21 | 12
#1053-d256 @A: 08 09 28 26 | 03
#1054-d256 @A: 26 11 03 04 | 11
#1055-d256 @A: 20 17 03 26 | 09
#1056-d256 @A: 26 18 31 13 | 04
#1057-d256 @A: 14 28 34 26 | 01
#1058-d256 @A: 26 27 16 29 | 08
#1059-d256 @A: 10 25 24 05 | 06
#1060-d256 @A: 05 33 12 24 | 10
#1061-d256 @A: 27 09 05 24 | 05
#1062-d256 @A: 03 05 19 28 | 02
#1063-d256 @A: 05 25 08 19 | 07
#1064-d256 @A: 21 12 28 05 | 12
#1065-d256 @A: 05 17 13 21 | 03
#1066-d256 @A: 05 17 34 06 | 11
#1067-d256 @A: 05 34 29 28 | 09
#1068-d256 @A: 29 18 05 30 | 04
#1069-d256 @A: 13 24 10 27 | 01
#1070-d256 @A: 24 31 10 16 | 08
#1071-d256 @A: 32 19 03 24 | 06
#1072-d256 @A: 11 14 24 06 | 10
#1073-d256 @A: 06 32 15 24 | 05
#1074-d256 @A: 25 04 06 24 | 02
#1075-d256 @A: 24 06 20 27 | 07
#1076-d256 @A: 20 16 24 34 | 12
#1077-d256 @A: 23 07 12 10 | 03
#1078-d256 @A: 10 31 13 09 | 11
#1079-d256 @A: 20 25 14 10 | 09
#1080-d256 @A: 20 06 10 07 | 04
#1081-d256 @A: 10 06 14 16 | 01
#1082-d256 @A: 30 04 10 27 | 08
#1083-d256 @A: 28 15 10 08 | 06
#1084-d256 @A: 10 18 30 15 | 10
#1085-d256 @A: 17 32 13 19 | 05
#1086-d256 @A: 19 07 06 27 | 02
#1087-d256 @A: 16 19 18 08 | 07
#1088-d256 @A: 19 14 18 30 | 12
#1089-d256 @A: 08 12 23 13 | 03
#1090-d256 @A: 13 23 18 09 | 11
#1091-d256 @A: 23 28 11 13 | 09
#1092-d256 @A: 11 25 23 30 | 04
#1093-d256 @A: 16 32 23 03 | 01
#1094-d256 @A: 28 31 23 32 | 08
#1095-d256 @A: 25 12 33 09 | 06
#1096-d256 @A: 27 12 28 32 | 10
#1097-d256 @A: 06 12 30 25 | 05
#1098-d256 @A: 21 33 07 03 | 02
#1099-d256 @A: 07 04 33 25 | 07
#1100-d256 @A: 25 27 16 33 | 12
#1101-d256 @A: 28 08 33 07 | 03
#1102-d256 @A: 06 11 15 09 | 11
#1103-d256 @A: 09 32 15 34 | 09
#1104-d256 @A: 04 29 18 09 | 04
#1105-d256 @A: 11 15 20 27 | 01
#1106-d256 @A: 17 27 32 25 | 08
#1107-d256 @A: 18 08 17 32 | 06
#1108-d256 @A: 06 25 16 13 | 10
#1109-d256 @A: 14 04 18 13 | 05
#1110-d256 @A: 27 04 13 08 | 02
#1111-d256 @A: 34 28 13 08 | 07
#1112-d256 @A: 29 21 15 04 | 12
#1113-d256 @A: 28 02 35 01 | 03
#1114-d256 @A: 02 35 25 24 | 11
#1115-d256 @A: 35 33 12 02 | 09
#1116-d256 @A: 14 02 18 22 | 04
#1117-d256 @A: 02 30 01 23 | 01
#1118-d256 @A: 02 17 26 04 | 08
#1119-d256 @A: 12 05 02 15 | 06
#1120-d256 @A: 19 02 28 24 | 10
#1121-d256 @A: 10 30 02 33 | 05
#1122-d256 @A: 11 10 25 02 | 02
#1123-d256 @A: 25 19 02 09 | 07
#1124-d256 @A: 02 19 06 03 | 12
#1125-d256 @A: 21 13 19 02 | 03
#1126-d256 @A: 23 02 34 17 | 11
#1127-d256 @A: 13 29 23 02 | 09
#1128-d256 @A: 11 32 31 02 | 04
#1129-d256 @A: 21 25 32 02 | 01
#1130-d256 @A: 27 02 25 30 | 08
#1131-d256 @A: 02 07 08 27 | 06
#1132-d256 @A: 20 07 02 31 | 10
#1133-d256 @A: 02 20 30 06 | 05
#1134-d256 @A: 01 22 32 35 | 02
#1135-d256 @A: 35 22 11 15 | 07
#1136-d256 @A: 14 22 17 35 | 12
#1137-d256 @A: 01 20 13 35 | 03
#1138-d256 @A: 26 30 35 09 | 11
#1139-d256 @A: 05 07 21 35 | 09
#1140-d256 @A: 35 17 12 24 | 04
#1141-d256 @A: 35 11 29 24 | 01
#1142-d256 @A: 19 12 35 25 | 08
#1143-d256 @A: 31 19 35 28 | 06
#1144-d256 @A: 14 35 09 23 | 10
#1145-d256 @A: 35 12 14 21 | 05
#1146-d256 @A: 35 15 12 20 | 02
#1147-d256 @A: 35 25 11 09 | 07
#1148-d256 @A: 11 35 16 18 | 12
#1149-d256 @A: 08 07 17 35 | 03
#1150-d256 @A: 04 34 25 35 | 11
#1151-d256 @A: 01 23 03 22 | 09
#1152-d256 @A: 01 15 22 16 | 04
#1153-d256 @A: 17 05 28 22 | 01
#1154-d256 @A: 13 24 14 22 | 08
#1155-d256 @A: 07 10 22 09 | 06
#1156-d256 @A: 03 27 22 19 | 10
#1157-d256 @A: 04 13 22 19 | 05
#1158-d256 @A: 12 23 22 06 | 02
#1159-d256 @A: 12 13 27 22 | 07
#1160-d256 @A: 22 25 04 12 | 12
#1161-d256 @A: 03 33 22 25 | 03
#1162-d256 @A: 18 09 22 17 | 11
#1163-d256 @A: 03 06 13 22 | 09
#1164-d256 @A: 07 22 27 32 | 04
#1165-d256 @A: 06 32 14 22 | 01
#1166-d256 @A: 25 22 29 15 | 08
#1167-d256 @A: 25 22 30 18 | 06
#1168-d256 @A: 29 28 22 04 | 10
#1169-d256 @A: 26 04 09 01 | 05
#1170-d256 @A: 01 14 29 26 | 02
#1171-d256 @A: 01 17 05 16 | 07
#1172-d256 @A: 17 01 24 31 | 12
#1173-d256 @A: 10 01 30 25 | 03
#1174-d256 @A: 01 04 13 23 | 11
#1175-d256 @A: 11 18 30 01 | 09
#1176-d256 @A: 07 20 18 01 | 04
#1177-d256 @A: 30 16 01 06 | 01
#1178-d256 @A: 15 08 01 27 | 08
#1179-d256 @A: 10 24 28 26 | 06
#1180-d256 @A: 33 26 24 04 | 10
#1181-d256 @A: 20 10 13 26 | 05
#1182-d256 @A: 11 23 26 31 | 02
#1183-d256 @A: 30 26 33 13 | 07
#1184-d256 @A: 25 26 29 32 | 12
#1185-d256 @A: 29 26 08 34 | 03
#1186-d256 @A: 09 19 32 05 | 11
#1187-d256 @A: 16 23 13 05 | 09
#1188-d256 @A: 21 05 25 09 | 04
#1189-d256 @A: 25 15 05 32 | 01
#1190-d256 @A: 04 05 25 27 | 08
#1191-d256 @A: 05 16 15 14 | 06
#1192-d256 @A: 05 29 08 15 | 10
#1193-d256 @A: 16 27 05 34 | 05
#1194-d256 @A: 04 19 24 29 | 02
#1195-d256 @A: 03 04 23 24 | 07
#1196-d256 @A: 13 25 28 24 | 12
#1197-d256 @A: 18 24 16 04 | 03
#1198-d256 @A: 28 24 20 18 | 11
#1199-d256 @A: 23 10 21 30 | 09
#1200-d256 @A: 11 10 08 13 | 04
#1201-d256 @A: 28 10 11 04 | 01
#1202-d256 @A: 11 10 31 29 | 08
#1203-d256 @A: 10 03 32 21 | 06
#1204-d256 @A: 28 17 07 10 | 10
#1205-d256 @A: 34 32 06 10 | 05
#1206-d256 @A: 27 20 32 10 | 02
#1207-d256 @A: 07 10 25 08 | 07
#1208-d256 @A: 34 04 10 07 | 12
#1209-d256 @A: 18 07 29 10 | 03
#1210-d256 @A: 34 15 14 10 | 11
#1211-d256 @A: 10 16 34 30 | 09
#1212-d256 @A: 23 03 19 07 | 04
#1213-d256 @A: 19 17 16 23 | 01
#1214-d256 @A: 19 12 14 33 | 08
#1215-d256 @A: 12 07 19 04 | 06
#1216-d256 @A: 19 17 06 25 | 10
#1217-d256 @A: 14 21 27 19 | 05
#1218-d256 @A: 21 19 31 34 | 02
#1219-d256 @A: 32 19 34 04 | 07
#1220-d256 @A: 30 34 19 06 | 12
#1221-d256 @A: 23 03 27 13 | 03
#1222-d256 @A: 23 25 04 16 | 11
#1223-d256 @A: 27 23 14 08 | 09
#1224-d256 @A: 29 23 34 20 | 04
#1225-d256 @A: 09 17 14 12 | 01
#1226-d256 @A: 32 12 21 11 | 08
#1227-d256 @A: 12 30 27 07 | 06
#1228-d256 @A: 12 07 34 14 | 10
#1229-d256 @A: 28 12 34 20 | 05
#1230-d256 @A: 12 29 08 28 | 02
#1231-d256 @A: 34 12 30 18 | 07
#1232-d256 @A: 18 20 16 12 | 12
#1233-d256 @A: 33 09 13 06 | 03
#1234-d256 @A: 16 18 33 31 | 11
#1235-d256 @A: 30 33 20 27 | 09
#1236-d256 @A: 03 34 16 09 | 04
#1237-d256 @A: 13 25 17 11 | 01
#1238-d256 @A: 11 17 27 34 | 08
#1239-d256 @A: 04 32 11 25 | 06
#1240-d256 @A: 29 32 11 27 | 10
#1241-d256 @A: 11 18 20 04 | 05
#1242-d256 @A: 30 08 03 15 | 02
#1243-d256 @A: 07 17 28 31 | 07
#1244-d256 @A: 04 06 30 17 | 12
#1245-d256 @A: 16 28 14 17 | 03
#1246-d256 @A: 28 29 17 31 | 11
#1247-d256 @A: 25 15 13 04 | 09
#1248-d256 @A: 13 08 25 30 | 04
#1249-d256 @A: 20 06 13 14 | 01
#1250-d256 @A: 18 13 28 29 | 08
#1251-d256 @A: 20 13 27 28 | 06
#1252-d256 @A: 27 13 31 28 | 10
#1253-d256 @A: 20 08 32 21 | 05
#1254-d256 @A: 21 25 08 04 | 02
#1255-d256 @A: 18 07 16 21 | 07
#1256-d256 @A: 08 16 15 21 | 12
#1257-d256 @A: 18 27 29 21 | 03
#1258-d256 @A: 31 06 07 16 | 11
#1259-d256 @A: 02 22 05 06 | 09
#1260-d256 @A: 01 16 02 26 | 04
#1261-d256 @A: 18 15 02 26 | 01
#1262-d256 @A: 02 16 10 13 | 08
#1263-d256 @A: 19 02 17 33 | 06
#1264-d256 @A: 02 20 34 19 | 10
#1265-d256 @A: 03 02 09 27 | 05
#1266-d256 @A: 02 34 14 09 | 02
#1267-d256 @A: 11 02 16 17 | 07
#1268-d256 @A: 02 16 03 21 | 12
#1269-d256 @A: 02 18 17 13 | 03
#1270-d256 @A: 02 08 25 06 | 11
#1271-d256 @A: 04 15 02 07 | 09
#1272-d256 @A: 15 14 02 27 | 04
#1273-d256 @A: 27 16 02 28 | 01
#1274-d256 @A: 02 20 18 27 | 08
#1275-d256 @A: 35 26 01 08 | 06
#1276-d256 @A: 35 06 26 33 | 10
#1277-d256 @A: 10 35 27 33 | 05
#1278-d256 @A: 19 32 21 35 | 02
#1279-d256 @A: 35 30 11 12 | 07
#1280-d256 @A: 09 27 08 35 | 12
#1281-d256 @A: 17 21 20 35 | 03
#1282-d256 @A: 06 32 08 35 | 11
#1283-d256 @A: 14 20 18 35 | 09
#1284-d256 @A: 18 01 22 10 | 04
#1285-d256 @A: 22 28 01 30 | 01
#1286-d256 @A: 10 22 20 12 | 08
#1287-d256 @A: 10 27 22 21 | 06
#1288-d256 @A: 22 03 12 34 | 10
#1289-d256 @A: 12 22 07 17 | 05
#1290-d256 @A: 31 12 22 32 | 02
#1291-d256 @A: 09 22 08 03 | 07
#1292-d256 @A: 22 03 21 29 | 12
#1293-d256 @A: 21 22 17 25 | 03
#1294-d256 @A: 22 21 34 07 | 11
#1295-d256 @A: 30 32 29 22 | 09
#1296-d256 @A: 18 06 22 20 | 04
#1297-d256 @A: 20 34 22 30 | 01
#1298-d256 @A: 06 01 26 03 | 08
#1299-d256 @A: 05 01 30 19 | 06
#1300-d256 @A: 01 25 05 33 | 10
#1301-d256 @A: 24 18 09 01 | 05
#1302-d256 @A: 19 01 07 17 | 02
#1303-d256 @A: 01 27 23 29 | 07
#1304-d256 @A: 34 11 25 01 | 12
#1305-d256 @A: 13 01 29 17 | 03
#1306-d256 @A: 06 01 08 13 | 11
#1307-d256 @A: 04 06 01 21 | 09
#1308-d256 @A: 31 25 06 01 | 04
#1309-d256 @A: 18 01 29 31 | 01
#1310-d256 @A: 30 26 05 24 | 08
#1311-d256 @A: 27 05 10 26 | 06
#1312-d256 @A: 05 33 31 26 | 10
#1313-d256 @A: 08 11 26 05 | 05
#1314-d256 @A: 13 26 05 25 | 02
#1315-d256 @A: 26 08 24 14 | 07
#1316-d256 @A: 17 10 15 26 | 12
#1317-d256 @A: 26 31 29 19 | 03
#1318-d256 @A: 17 23 06 26 | 11
#1319-d256 @A: 26 15 32 23 | 09
#1320-d256 @A: 33 26 15 07 | 04
#1321-d256 @A: 07 26 08 06 | 01
#1322-d256 @A: 27 08 26 20 | 08
#1323-d256 @A: 24 31 05 19 | 06
#1324-d256 @A: 05 24 11 34 | 10
#1325-d256 @A: 04 24 13 05 | 05
#1326-d256 @A: 11 05 14 19 | 02
#1327-d256 @A: 29 12 03 05 | 07
#1328-d256 @A: 31 05 06 12 | 12
#1329-d256 @A: 13 06 05 11 | 03
#1330-d256 @A: 25 05 07 29 | 11
#1331-d256 @A: 16 07 08 05 | 09
#1332-d256 @A: 10 24 30 06 | 04
#1333-d256 @A: 24 18 19 06 | 01
#1334-d256 @A: 24 31 12 04 | 08
#1335-d256 @A: 11 27 24 33 | 06
#1336-d256 @A: 30 03 24 20 | 10
#1337-d256 @A: 24 21 28 15 | 05
#1338-d256 @A: 25 16 15 24 | 02
#1339-d256 @A: 24 27 14 28 | 07
#1340-d256 @A: 29 16 24 08 | 12
#1341-d256 @A: 10 03 16 19 | 03
#1342-d256 @A: 32 31 19 10 | 11
#1343-d256 @A: 25 13 10 23 | 09
#1344-d256 @A: 33 13 04 10 | 04
#1345-d256 @A: 14 09 32 10 | 01
#1346-d256 @A: 32 10 16 07 | 08
#1347-d256 @A: 31 34 07 10 | 06
#1348-d256 @A: 10 29 20 04 | 10
#1349-d256 @A: 15 16 20 10 | 05
#1350-d256 @A: 10 31 20 18 | 02
#1351-d256 @A: 34 08 10 20 | 07
#1352-d256 @A: 09 19 13 28 | 12
#1353-d256 @A: 19 13 11 34 | 03
#1354-d256 @A: 27 28 25 19 | 11
#1355-d256 @A: 18 19 15 07 | 09
#1356-d256 @A: 19 20 16 07 | 04
#1357-d256 @A: 06 19 08 15 | 01
#1358-d256 @A: 17 12 23 15 | 08
#1359-d256 @A: 06 25 23 09 | 06
#1360-d256 @A: 15 23 03 25 | 10
#1361-d256 @A: 21 34 23 18 | 05
#1362-d256 @A: 32 08 23 28 | 02
#1363-d256 @A: 23 27 28 07 | 07
#1364-d256 @A: 14 16 07 23 | 12
#1365-d256 @A: 04 29 23 08 | 03
#1366-d256 @A: 34 23 28 16 | 11
#1367-d256 @A: 30 14 23 31 | 09
#1368-d256 @A: 32 34 33 12 | 04
#1369-d256 @A: 04 34 12 16 | 01
#1370-d256 @A: 20 31 27 12 | 08
#1371-d256 @A: 14 11 09 33 | 06
#1372-d256 @A: 17 09 15 33 | 10
#1373-d256 @A: 33 11 15 13 | 05
#1374-d256 @A: 08 13 17 33 | 02
#1375-d256 @A: 33 28 31 21 | 07
#1376-d256 @A: 27 15 33 32 | 12
#1377-d256 @A: 33 29 25 08 | 03
#1378-d256 @A: 16 29 33 15 | 11
#1379-d256 @A: 21 09 17 34 | 09
#1380-d256 @A: 09 31 13 06 | 04
#1381-d256 @A: 04 13 20 09 | 01
#1382-d256 @A: 25 07 09 28 | 08
#1383-d256 @A: 31 29 14 09 | 06
#1384-d256 @A: 28 11 07 18 | 10
#1385-d256 @A: 17 28 21 03 | 05
#1386-d256 @A: 18 04 25 03 | 02
#1387-d256 @A: 25 29 03 14 | 07
#1388-d256 @A: 07 16 15 03 | 12
#1389-d256 @A: 03 07 34 08 | 03
#1390-d256 @A: 03 15 27 06 | 11
#1391-d256 @A: 14 06 03 30 | 09
#1392-d256 @A: 16 31 15 03 | 04
#1393-d256 @A: 20 34 18 03 | 01
#1394-d256 @A: 14 15 25 17 | 08
#1395-d256 @A: 08 04 17 16 | 06
#1396-d256 @A: 34 16 31 17 | 10
#1397-d256 @A: 13 25 31 32 | 05
#1398-d256 @A: 32 04 13 07 | 02
#1399-d256 @A: 29 13 15 14 | 07
#1400-d256 @A: 13 18 30 27 | 12
#1401-d256 @A: 34 28 32 21 | 03
#1402-d256 @A: 27 21 07 20 | 11
#1403-d256 @A: 15 21 34 20 | 09
#1404-d256 @A: 34 32 08 31 | 04
#1405-d256 @A: 25 31 20 28 | 01
#1406-d256 @A: 20 31 14 04 | 08
#1407-d256 @A: 09 02 20 35 | 06
#1408-d256 @A: 15 22 17 02 | 10
#1409-d256 @A: 08 22 02 31 | 05
#1410-d256 @A: 18 01 02 03 | 02
#1411-d256 @A: 26 34 02 33 | 07
#1412-d256 @A: 02 24 05 17 | 12
#1413-d256 @A: 04 02 10 09 | 03
#1414-d256 @A: 10 06 21 02 | 11
#1415-d256 @A: 15 19 02 23 | 09
#1416-d256 @A: 19 32 02 27 | 04
#1417-d256 @A: 12 23 02 03 | 01
#1418-d256 @A: 21 12 02 31 | 08
#1419-d256 @A: 02 12 08 34 | 06
#1420-d256 @A: 06 17 09 02 | 10
#1421-d256 @A: 22 05 35 27 | 05
#1422-d256 @A: 22 35 03 28 | 02
#1423-d256 @A: 01 35 06 19 | 07
#1424-d256 @A: 12 35 01 07 | 12
#1425-d256 @A: 35 01 15 31 | 03
#1426-d256 @A: 35 26 30 31 | 11
#1427-d256 @A: 30 05 35 10 | 09
#1428-d256 @A: 33 15 35 05 | 04
#1429-d256 @A: 14 24 10 35 | 01
#1430-d256 @A: 35 31 14 24 | 08
#1431-d256 @A: 35 28 10 19 | 06
#1432-d256 @A: 10 35 29 09 | 10
#1433-d256 @A: 35 23 19 04 | 05
#1434-d256 @A: 14 35 19 13 | 02
#1435-d256 @A: 31 12 35 07 | 07
#1436-d256 @A: 11 13 27 35 | 12
#1437-d256 @A: 35 28 21 25 | 03
#1438-d256 @A: 35 25 07 06 | 11
#1439-d256 @A: 35 30 25 16 | 09
#1440-d256 @A: 30 35 18 07 | 04
#1441-d256 @A: 35 14 34 06 | 01
#1442-d256 @A: 01 31 23 22 | 08
#1443-d256 @A: 15 26 22 19 | 06
#1444-d256 @A: 10 05 29 22 | 10
#1445-d256 @A: 05 21 22 32 | 05
#1446-d256 @A: 11 28 24 22 | 02
#1447-d256 @A: 21 04 24 22 | 07
#1448-d256 @A: 22 17 19 34 | 12
#1449-d256 @A: 21 22 19 30 | 03
#1450-d256 @A: 22 33 15 21 | 11
#1451-d256 @A: 04 30 33 22 | 09
#1452-d256 @A: 22 31 13 21 | 04
#1453-d256 @A: 22 31 14 15 | 01
#1454-d256 @A: 22 16 27 31 | 08
#1455-d256 @A: 15 05 26 01 | 06
#1456-d256 @A: 23 10 26 01 | 10
#1457-d256 @A: 24 01 34 14 | 05
#1458-d256 @A: 12 01 04 10 | 02
#1459-d256 @A: 19 09 01 12 | 07
#1460-d256 @A: 12 01 16 03 | 12
#1461-d256 @A: 01 29 15 12 | 03
#1462-d256 @A: 08 16 01 34 | 11
#1463-d256 @A: 09 06 24 26 | 09
#1464-d256 @A: 14 26 23 12 | 04
#1465-d256 @A: 26 11 29 23 | 01
#1466-d256 @A: 34 23 26 04 | 08
#1467-d256 @A: 12 03 26 18 | 06
#1468-d256 @A: 17 09 26 25 | 10
#1469-d256 @A: 17 31 26 32 | 05
#1470-d256 @A: 04 26 13 06 | 02
#1471-d256 @A: 20 04 21 26 | 07
#1472-d256 @A: 14 27 06 26 | 12
#1473-d256 @A: 26 15 27 04 | 03
#1474-d256 @A: 31 15 08 26 | 11
#1475-d256 @A: 31 27 14 26 | 09
#1476-d256 @A: 19 05 15 24 | 04
#1477-d256 @A: 04 10 21 05 | 01
#1478-d256 @A: 05 19 20 13 | 08
#1479-d256 @A: 16 19 05 29 | 06
#1480-d256 @A: 27 23 17 05 | 10
#1481-d256 @A: 12 05 11 07 | 05
#1482-d256 @A: 29 05 33 06 | 02
#1483-d256 @A: 09 11 05 04 | 07
#1484-d256 @A: 03 05 15 09 | 12
#1485-d256 @A: 32 03 05 04 | 03
#1486-d256 @A: 05 28 08 18 | 11
#1487-d256 @A: 34 05 14 18 | 09
#1488-d256 @A: 10 24 07 21 | 04
#1489-d256 @A: 24 12 09 04 | 01
#1490-d256 @A: 14 12 24 03 | 08
#1491-d256 @A: 12 21 24 13 | 06
#1492-d256 @A: 33 32 07 24 | 10
#1493-d256 @A: 17 16 24 21 | 05
#1494-d256 @A: 24 08 34 32 | 02
#1495-d256 @A: 31 24 15 06 | 07
#1496-d256 @A: 15 24 34 29 | 12
#1497-d256 @A: 12 10 19 15 | 03
#1498-d256 @A: 29 21 19 10 | 11
#1499-d256 @A: 17 23 10 04 | 09
#1500-d256 @A: 10 11 14 12 | 04
#1501-d256 @A: 10 03 27 12 | 01
#1502-d256 @A: 11 33 10 07 | 08
#1503-d256 @A: 33 10 28 21 | 06
#1504-d256 @A: 25 10 31 17 | 10
#1505-d256 @A: 10 28 29 14 | 05
#1506-d256 @A: 23 19 13 06 | 02
#1507-d256 @A: 31 12 19 14 | 07
#1508-d256 @A: 33 30 07 19 | 12
#1509-d256 @A: 18 28 19 17 | 03
#1510-d256 @A: 16 32 28 19 | 11
#1511-d256 @A: 25 18 29 19 | 09
#1512-d256 @A: 23 03 33 31 | 04
#1513-d256 @A: 09 20 03 23 | 01
#1514-d256 @A: 15 11 23 21 | 08
#1515-d256 @A: 06 18 27 23 | 06
#1516-d256 @A: 33 20 21 12 | 10
#1517-d256 @A: 27 34 09 12 | 05
#1518-d256 @A: 09 30 21 33 | 02
#1519-d256 @A: 17 06 21 33 | 07
#1520-d256 @A: 21 14 33 16 | 12
#1521-d256 @A: 30 33 31 32 | 03
#1522-d256 @A: 18 20 33 25 | 11
#1523-d256 @A: 27 29 33 07 | 09
#1524-d256 @A: 06 15 33 20 | 04
#1525-d256 @A: 09 21 18 03 | 01
#1526-d256 @A: 09 16 25 08 | 08
#1527-d256 @A: 14 07 09 30 | 06
#1528-d256 @A: 16 09 15 18 | 10
#1529-d256 @A: 16 29 30 09 | 05
#1530-d256 @A: 17 03 32 11 | 02
#1531-d256 @A: 14 18 11 17 | 07
#1532-d256 @A: 11 15 07 25 | 12
#1533-d256 @A: 07 11 04 16 | 03
#1534-d256 @A: 31 27 08 11 | 11
#1535-d256 @A: 03 32 06 25 | 09
#1536-d256 @A: 03 25 34 30 | 04
#1537-d256 @A: 03 28 06 34 | 01
#1538-d256 @A: 30 04 16 03 | 08
#1539-d256 @A: 17 31 13 15 | 06
#1540-d256 @A: 07 16 25 17 | 10
#1541-d256 @A: 17 20 07 14 | 05
#1542-d256 @A: 08 14 06 17 | 02
#1543-d256 @A: 31 04 17 30 | 07
#1544-d256 @A: 17 15 29 18 | 12
#1545-d256 @A: 15 20 08 17 | 03
#1546-d256 @A: 18 20 21 13 | 11
#1547-d256 @A: 28 14 07 13 | 09
#1548-d256 @A: 14 34 30 13 | 04
#1549-d256 @A: 32 15 21 07 | 01
#1550-d256 @A: 25 30 07 21 | 08
#1551-d256 @A: 20 28 06 21 | 06
#1552-d256 @A: 21 16 06 34 | 10
#1553-d256 @A: 31 30 06 21 | 05
#1554-d256 @A: 21 30 14 20 | 02
#1555-d256 @A: 31 27 18 06 | 07
#1556-d256 @A: 29 02 26 35 | 12
#1557-d256 @A: 02 22 03 32 | 03
#1558-d256 @A: 02 07 01 10 | 11
#1559-d256 @A: 26 32 09 02 | 09
#1560-d256 @A: 02 11 06 26 | 04
#1561-d256 @A: 02 34 05 10 | 01
#1562-d256 @A: 32 12 24 02 | 08
#1563-d256 @A: 24 15 11 02 | 06
#1564-d256 @A: 18 24 02 07 | 10
#1565-d256 @A: 10 15 02 29 | 05
#1566-d256 @A: 21 04 12 02 | 02
#1567-d256 @A: 02 20 12 07 | 07
#1568-d256 @A: 14 02 16 32 | 12
#1569-d256 @A: 02 04 34 27 | 03
#1570-d256 @A: 02 08 30 18 | 11
#1571-d256 @A: 29 02 34 16 | 09
#1572-d256 @A: 16 01 35 24 | 04
#1573-d256 @A: 35 26 19 20 | 01
#1574-d256 @A: 05 13 35 31 | 08
#1575-d256 @A: 35 15 09 19 | 06
#1576-d256 @A: 23 07 33 35 | 10
#1577-d256 @A: 35 23 17 11 | 05
#1578-d256 @A: 18 12 35 09 | 02
#1579-d256 @A: 12 32 35 03 | 07
#1580-d256 @A: 03 35 33 16 | 12
#1581-d256 @A: 18 33 29 35 | 03
#1582-d256 @A: 28 09 35 17 | 11
#1583-d256 @A: 17 35 03 15 | 09
#1584-d256 @A: 17 35 29 34 | 04
#1585-d256 @A: 15 35 07 29 | 01
#1586-d256 @A: 04 35 06 28 | 08
#1587-d256 @A: 35 27 34 20 | 06
#1588-d256 @A: 08 01 12 22 | 10
#1589-d256 @A: 34 26 22 13 | 05
#1590-d256 @A: 26 32 22 08 | 02
#1591-d256 @A: 24 05 22 07 | 07
#1592-d256 @A: 05 12 14 22 | 12
#1593-d256 @A: 24 30 22 08 | 03
#1594-d256 @A: 23 22 28 19 | 11
#1595-d256 @A: 22 07 23 11 | 09
#1596-d256 @A: 22 33 12 28 | 04
#1597-d256 @A: 20 22 32 33 | 01
#1598-d256 @A: 11 29 22 09 | 08
#1599-d256 @A: 11 14 22 21 | 06
#1600-d256 @A: 03 22 16 17 | 10
#1601-d256 @A: 15 22 07 28 | 05
#1602-d256 @A: 16 20 27 22 | 02
#1603-d256 @A: 07 01 24 26 | 07
#1604-d256 @A: 01 13 27 26 | 12
#1605-d256 @A: 01 15 10 32 | 03
#1606-d256 @A: 01 04 03 19 | 11
#1607-d256 @A: 25 20 19 01 | 09
#1608-d256 @A: 23 01 14 33 | 04
#1609-d256 @A: 18 17 01 23 | 01
#1610-d256 @A: 25 09 15 01 | 08
#1611-d256 @A: 01 03 34 32 | 06
#1612-d256 @A: 17 28 34 01 | 10
#1613-d256 @A: 32 27 01 06 | 05
#1614-d256 @A: 29 07 34 01 | 02
#1615-d256 @A: 06 01 18 34 | 07
#1616-d256 @A: 15 01 04 18 | 12
#1617-d256 @A: 01 28 14 31 | 03
#1618-d256 @A: 12 24 20 26 | 11
#1619-d256 @A: 11 18 26 10 | 09
#1620-d256 @A: 12 08 17 26 | 04
#1621-d256 @A: 12 13 26 15 | 01
#1622-d256 @A: 16 09 26 07 | 08
#1623-d256 @A: 11 14 26 30 | 06
#1624-d256 @A: 17 26 13 28 | 10
#1625-d256 @A: 30 32 04 26 | 05
#1626-d256 @A: 03 06 05 10 | 02
#1627-d256 @A: 09 31 20 05 | 07
#1628-d256 @A: 31 05 17 11 | 12
#1629-d256 @A: 04 07 05 17 | 03
#1630-d256 @A: 05 32 27 31 | 11
#1631-d256 @A: 20 34 05 32 | 09
#1632-d256 @A: 24 10 08 23 | 04
#1633-d256 @A: 16 28 12 24 | 01
#1634-d256 @A: 33 13 16 24 | 08
#1635-d256 @A: 24 30 33 18 | 06
#1636-d256 @A: 03 09 25 24 | 10
#1637-d256 @A: 04 14 24 17 | 05
#1638-d256 @A: 20 25 24 07 | 02
#1639-d256 @A: 27 24 08 25 | 07
#1640-d256 @A: 18 14 29 24 | 12
#1641-d256 @A: 31 08 18 24 | 03
#1642-d256 @A: 10 19 34 09 | 11
#1643-d256 @A: 17 10 03 34 | 09
#1644-d256 @A: 03 31 27 10 | 04
#1645-d256 @A: 17 13 06 10 | 01
#1646-d256 @A: 25 28 10 34 | 08
#1647-d256 @A: 29 08 06 10 | 06
#1648-d256 @A: 11 19 33 25 | 10
#1649-d256 @A: 33 19 28 06 | 05
#1650-d256 @A: 04 19 09 17 | 02
#1651-d256 @A: 25 03 19 13 | 07
#1652-d256 @A: 27 19 13 15 | 12
#1653-d256 @A: 06 14 19 04 | 03
#1654-d256 @A: 23 12 16 09 | 11
#1655-d256 @A: 23 29 25 12 | 09
#1656-d256 @A: 23 04 07 18 | 04
#1657-d256 @A: 15 18 14 23 | 01
#1658-d256 @A: 15 07 09 12 | 08
#1659-d256 @A: 18 12 11 31 | 06
#1660-d256 @A: 03 12 04 17 | 10
#1661-d256 @A: 17 12 03 31 | 05
#1662-d256 @A: 12 03 07 25 | 02
#1663-d256 @A: 27 12 25 14 | 07
#1664-d256 @A: 31 25 34 12 | 12
#1665-d256 @A: 07 12 16 29 | 03
#1666-d256 @A: 16 06 12 08 | 11
#1667-d256 @A: 31 12 04 15 | 09
#1668-d256 @A: 34 31 33 09 | 04
#1669-d256 @A: 30 14 32 33 | 01
#1670-d256 @A: 33 07 16 34 | 08
#1671-d256 @A: 27 33 08 34 | 06
#1672-d256 @A: 08 32 04 09 | 10
#1673-d256 @A: 20 16 09 28 | 05
#1674-d256 @A: 34 08 18 09 | 02
#1675-d256 @A: 11 21 13 03 | 07
#1676-d256 @A: 31 11 04 07 | 12
#1677-d256 @A: 08 07 11 20 | 03
#1678-d256 @A: 29 18 11 34 | 11
#1679-d256 @A: 03 31 07 14 | 09
#1680-d256 @A: 03 27 28 04 | 04
#1681-d256 @A: 07 29 17 32 | 01
#1682-d256 @A: 07 06 17 15 | 08
#1683-d256 @A: 28 27 17 15 | 06
#1684-d256 @A: 21 13 32 27 | 10
#1685-d256 @A: 07 18 25 13 | 05
#1686-d256 @A: 13 18 15 06 | 02
#1687-d256 @A: 28 13 04 30 | 07
#1688-d256 @A: 20 16 13 08 | 12
#1689-d256 @A: 31 15 34 18 | 03
