#0001-d258 @A: 17 13 35 04 | 09
#0002-d258 @A: 21 23 17 13 | 10
#0003-d258 @A: 17 12 19 23 | 03
#0004-d258 @A: 05 17 08 12 | 12
#0005-d258 @A: 17 18 14 12 | 01
#0006-d258 @A: 32 21 17 26 | 04
#0007-d258 @A: 23 14 06 17 | 02
#0008-d258 @A: 17 09 06 05 | 07
#0009-d258 @A: 06 19 17 20 | 05
#0010-d258 @A: 32 04 20 17 | 11
#0011-d258 @A: 28 17 04 22 | 08
#0012-d258 @A: 03 17 34 10 | 06
#0013-d258 @A: 01 17 35 08 | 09
#0014-d258 @A: 17 23 30 05 | 10
#0015-d258 @A: 23 20 17 09 | 03
#0016-d258 @A: 20 31 17 02 | 12
#0017-d258 @A: 34 19 16 17 | 01
#0018-d258 @A: 20 25 11 17 | 04
#0019-d258 @A: 24 14 17 19 | 02
#0020-d258 @A: 17 28 14 29 | 07
#0021-d258 @A: 30 27 11 17 | 05
#0022-d258 @A: 06 13 12 29 | 11
#0023-d258 @A: 13 12 03 31 | 08
#0024-d258 @A: 05 19 13 26 | 06
#0025-d258 @A: 24 13 06 03 | 09
#0026-d258 @A: 30 13 34 06 | 10
#0027-d258 @A: 13 04 33 34 | 03
#0028-d258 @A: 31 32 34 13 | 12
#0029-d258 @A: 32 21 19 13 | 01
#0030-d258 @A: 03 01 13 09 | 04
#0031-d258 @A: 14 20 18 13 | 02
#0032-d258 @A: 25 13 08 14 | 07
#0033-d258 @A: 13 31 09 07 | 05
#0034-d258 @A: 11 13 25 27 | 11
#0035-d258 @A: 09 21 13 14 | 08
#0036-d258 @A: 26 11 12 22 | 06
#0037-d258 @A: 12 14 04 06 | 09
#0038-d258 @A: 05 07 12 06 | 10
#0039-d258 @A: 06 16 08 12 | 03
#0040-d258 @A: 05 31 12 32 | 12
#0041-d258 @A: 03 24 25 12 | 01
#0042-d258 @A: 16 05 12 29 | 04
#0043-d258 @A: 33 02 01 12 | 02
#0044-d258 @A: 27 02 21 12 | 07
#0045-d258 @A: 21 12 19 01 | 05
#0046-d258 @A: 34 12 31 16 | 11
#0047-d258 @A: 16 12 07 19 | 08
#0048-d258 @A: 29 08 12 07 | 06
#0049-d258 @A: 33 12 29 28 | 09
#0050-d258 @A: 11 30 12 08 | 10
#0051-d258 @A: 12 15 27 30 | 03
#0052-d258 @A: 10 12 14 21 | 12
#0053-d258 @A: 19 26 02 06 | 01
#0054-d258 @A: 27 04 35 26 | 04
#0055-d258 @A: 04 26 07 18 | 02
#0056-d258 @A: 05 28 35 26 | 07
#0057-d258 @A: 20 08 35 26 | 05
#0058-d258 @A: 33 25 26 35 | 11
#0059-d258 @A: 05 23 26 07 | 08
#0060-d258 @A: 09 26 22 18 | 06
#0061-d258 @A: 05 31 26 15 | 09
#0062-d258 @A: 16 07 20 26 | 10
#0063-d258 @A: 26 33 34 20 | 03
#0064-d258 @A: 26 15 34 27 | 12
#0065-d258 @A: 26 21 08 29 | 01
#0066-d258 @A: 08 28 27 26 | 04
#0067-d258 @A: 26 08 25 10 | 02
#0068-d258 @A: 33 09 08 26 | 07
#0069-d258 @A: 11 10 15 26 | 05
#0070-d258 @A: 06 24 32 18 | 11
#0071-d258 @A: 02 03 06 16 | 08
#0072-d258 @A: 35 22 25 06 | 06
#0073-d258 @A: 14 01 06 02 | 09
#0074-d258 @A: 06 29 01 18 | 10
#0075-d258 @A: 16 27 06 18 | 03
#0076-d258 @A: 34 25 06 20 | 12
#0077-d258 @A: 24 06 31 10 | 01
#0078-d258 @A: 30 07 06 24 | 04
#0079-d258 @A: 28 29 06 11 | 02
#0080-d258 @A: 24 04 34 03 | 07
#0081-d258 @A: 01 35 07 04 | 05
#0082-d258 @A: 23 27 04 02 | 11
#0083-d258 @A: 09 04 29 22 | 08
#0084-d258 @A: 11 19 04 05 | 06
#0085-d258 @A: 34 04 08 02 | 09
#0086-d258 @A: 09 31 20 04 | 10
#0087-d258 @A: 04 18 28 15 | 03
#0088-d258 @A: 25 08 04 24 | 12
#0089-d258 @A: 04 24 10 27 | 01
#0090-d258 @A: 29 04 19 21 | 04
#0091-d258 @A: 09 08 04 28 | 02
#0092-d258 @A: 04 28 19 31 | 07
#0093-d258 @A: 11 04 28 33 | 05
#0094-d258 @A: 04 07 15 09 | 11
#0095-d258 @A: 19 03 24 32 | 08
#0096-d258 @A: 31 27 32 03 | 06
#0097-d258 @A: 20 32 35 27 | 09
#0098-d258 @A: 35 32 34 08 | 10
#0099-d258 @A: 20 11 32 01 | 03
#0100-d258 @A: 32 20 31 16 | 12
#0101-d258 @A: 30 19 10 32 | 01
#0102-d258 @A: 32 14 09 10 | 04
#0103-d258 @A: 16 10 03 35 | 02
#0104-d258 @A: 16 03 21 22 | 07
#0105-d258 @A: 18 34 02 03 | 05
#0106-d258 @A: 03 31 33 11 | 11
#0107-d258 @A: 07 03 21 30 | 08
#0108-d258 @A: 31 10 35 01 | 06
#0109-d258 @A: 35 09 15 18 | 09
#0110-d258 @A: 19 09 24 35 | 10
#0111-d258 @A: 28 08 30 35 | 03
#0112-d258 @A: 19 31 07 35 | 12
#0113-d258 @A: 09 31 35 27 | 01
#0114-d258 @A: 14 19 35 21 | 04
#0115-d258 @A: 33 14 28 35 | 02
#0116-d258 @A: 22 23 05 27 | 07
#0117-d258 @A: 34 23 11 22 | 05
#0118-d258 @A: 22 21 18 23 | 11
#0119-d258 @A: 33 23 29 22 | 08
#0120-d258 @A: 24 02 23 20 | 06
#0121-d258 @A: 16 23 18 07 | 09
#0122-d258 @A: 15 08 23 28 | 10
#0123-d258 @A: 33 19 23 11 | 03
#0124-d258 @A: 22 08 34 05 | 12
#0125-d258 @A: 05 22 18 14 | 01
#0126-d258 @A: 22 24 05 09 | 04
#0127-d258 @A: 22 11 15 05 | 02
#0128-d258 @A: 18 02 31 22 | 07
#0129-d258 @A: 14 20 22 21 | 05
#0130-d258 @A: 24 19 22 31 | 11
#0131-d258 @A: 22 30 09 27 | 08
#0132-d258 @A: 02 27 05 18 | 06
#0133-d258 @A: 09 15 05 02 | 09
#0134-d258 @A: 05 24 01 31 | 10
#0135-d258 @A: 10 15 30 05 | 03
#0136-d258 @A: 02 25 33 24 | 12
#0137-d258 @A: 21 07 14 02 | 01
#0138-d258 @A: 29 28 01 15 | 04
#0139-d258 @A: 28 19 01 07 | 02
#0140-d258 @A: 19 14 30 01 | 07
#0141-d258 @A: 20 08 16 34 | 05
#0142-d258 @A: 18 20 25 16 | 11
#0143-d258 @A: 24 30 16 27 | 08
#0144-d258 @A: 19 29 30 16 | 06
#0145-d258 @A: 16 30 33 31 | 09
#0146-d258 @A: 33 15 16 31 | 10
#0147-d258 @A: 27 10 34 20 | 03
#0148-d258 @A: 07 11 20 31 | 12
#0149-d258 @A: 24 19 34 08 | 01
#0150-d258 @A: 08 30 34 29 | 04
#0151-d258 @A: 34 15 19 33 | 02
#0152-d258 @A: 30 24 18 31 | 07
#0153-d258 @A: 18 30 25 07 | 05
#0154-d258 @A: 15 18 07 30 | 11
#0155-d258 @A: 15 14 31 10 | 08
#0156-d258 @A: 17 25 26 13 | 06
#0157-d258 @A: 34 13 17 11 | 09
#0158-d258 @A: 06 08 34 17 | 10
#0159-d258 @A: 07 08 17 04 | 03
#0160-d258 @A: 32 17 19 11 | 12
#0161-d258 @A: 03 17 23 24 | 01
#0162-d258 @A: 22 17 25 03 | 04
#0163-d258 @A: 05 17 03 27 | 02
#0164-d258 @A: 23 17 18 25 | 07
#0165-d258 @A: 22 20 27 17 | 05
#0166-d258 @A: 22 08 17 14 | 11
#0167-d258 @A: 02 01 25 17 | 08
#0168-d258 @A: 17 16 25 08 | 06
#0169-d258 @A: 20 17 07 33 | 09
#0170-d258 @A: 24 17 34 27 | 10
#0171-d258 @A: 10 09 17 33 | 03
#0172-d258 @A: 26 13 33 16 | 12
#0173-d258 @A: 06 16 09 13 | 01
#0174-d258 @A: 34 13 15 04 | 04
#0175-d258 @A: 23 03 14 13 | 02
#0176-d258 @A: 11 22 03 13 | 07
#0177-d258 @A: 08 23 05 13 | 05
#0178-d258 @A: 18 13 33 23 | 11
#0179-d258 @A: 21 02 13 11 | 08
#0180-d258 @A: 27 13 34 16 | 06
#0181-d258 @A: 30 20 31 13 | 09
#0182-d258 @A: 13 29 21 28 | 10
#0183-d258 @A: 23 15 26 12 | 03
#0184-d258 @A: 34 26 12 18 | 12
#0185-d258 @A: 06 12 02 23 | 01
#0186-d258 @A: 04 12 16 27 | 04
#0187-d258 @A: 34 07 32 12 | 02
#0188-d258 @A: 12 16 01 03 | 07
#0189-d258 @A: 12 03 27 07 | 05
#0190-d258 @A: 14 12 24 05 | 11
#0191-d258 @A: 12 25 09 21 | 08
#0192-d258 @A: 29 04 26 05 | 06
#0193-d258 @A: 26 04 08 16 | 09
#0194-d258 @A: 24 04 33 26 | 10
#0195-d258 @A: 16 32 25 26 | 03
#0196-d258 @A: 26 32 24 34 | 12
#0197-d258 @A: 26 10 03 18 | 01
#0198-d258 @A: 15 26 35 14 | 04
#0199-d258 @A: 23 18 26 08 | 02
#0200-d258 @A: 21 26 10 02 | 07
#0201-d258 @A: 31 26 07 29 | 05
#0202-d258 @A: 33 14 26 31 | 11
#0203-d258 @A: 04 08 06 23 | 08
#0204-d258 @A: 05 19 32 06 | 06
#0205-d258 @A: 34 32 33 06 | 09
#0206-d258 @A: 25 06 15 32 | 10
#0207-d258 @A: 06 21 30 32 | 03
#0208-d258 @A: 03 05 29 06 | 12
#0209-d258 @A: 18 06 10 35 | 01
#0210-d258 @A: 06 08 29 35 | 04
#0211-d258 @A: 33 06 23 01 | 02
#0212-d258 @A: 27 05 06 34 | 07
#0213-d258 @A: 06 10 34 16 | 05
#0214-d258 @A: 21 29 16 06 | 11
#0215-d258 @A: 06 24 19 27 | 08
#0216-d258 @A: 31 06 27 30 | 06
#0217-d258 @A: 21 19 28 06 | 09
#0218-d258 @A: 09 28 27 06 | 10
#0219-d258 @A: 09 25 06 07 | 03
#0220-d258 @A: 14 30 06 33 | 12
#0221-d258 @A: 02 04 32 21 | 01
#0222-d258 @A: 04 16 10 32 | 04
#0223-d258 @A: 04 03 35 08 | 02
#0224-d258 @A: 03 22 04 30 | 07
#0225-d258 @A: 03 25 04 02 | 05
#0226-d258 @A: 29 35 04 11 | 11
#0227-d258 @A: 23 19 04 22 | 08
#0228-d258 @A: 20 21 23 04 | 06
#0229-d258 @A: 14 02 22 04 | 09
#0230-d258 @A: 04 16 22 33 | 10
#0231-d258 @A: 27 04 22 34 | 03
#0232-d258 @A: 14 04 08 05 | 12
#0233-d258 @A: 04 28 34 25 | 01
#0234-d258 @A: 25 14 19 04 | 04
#0235-d258 @A: 09 21 04 10 | 02
#0236-d258 @A: 23 31 32 18 | 07
#0237-d258 @A: 08 32 11 22 | 05
#0238-d258 @A: 25 10 22 32 | 11
#0239-d258 @A: 33 02 05 32 | 08
#0240-d258 @A: 32 27 18 01 | 06
#0241-d258 @A: 34 16 32 09 | 09
#0242-d258 @A: 32 15 34 09 | 10
#0243-d258 @A: 32 31 28 24 | 03
#0244-d258 @A: 11 32 25 31 | 12
#0245-d258 @A: 32 11 10 33 | 01
#0246-d258 @A: 34 29 23 03 | 04
#0247-d258 @A: 02 34 03 15 | 02
#0248-d258 @A: 03 01 18 14 | 07
#0249-d258 @A: 24 03 16 18 | 05
#0250-d258 @A: 08 03 09 19 | 11
#0251-d258 @A: 30 03 31 19 | 08
#0252-d258 @A: 25 03 10 30 | 06
#0253-d258 @A: 10 27 03 09 | 09
#0254-d258 @A: 14 23 35 27 | 10
#0255-d258 @A: 35 27 22 16 | 03
#0256-d258 @A: 05 33 35 34 | 12
#0257-d258 @A: 35 07 21 18 | 01
#0258-d258 @A: 30 29 35 33 | 04
#0259-d258 @A: 35 15 21 27 | 02
#0260-d258 @A: 16 21 23 34 | 07
#0261-d258 @A: 23 09 18 30 | 05
#0262-d258 @A: 21 23 29 14 | 11
#0263-d258 @A: 23 27 08 11 | 08
#0264-d258 @A: 19 28 27 23 | 06
#0265-d258 @A: 21 09 23 28 | 09
#0266-d258 @A: 07 11 23 21 | 10
#0267-d258 @A: 22 33 01 05 | 03
#0268-d258 @A: 22 29 16 08 | 12
#0269-d258 @A: 22 14 29 11 | 01
#0270-d258 @A: 31 09 22 28 | 04
#0271-d258 @A: 15 33 27 22 | 02
#0272-d258 @A: 01 30 16 05 | 07
#0273-d258 @A: 24 05 28 21 | 05
#0274-d258 @A: 05 07 24 27 | 11
#0275-d258 @A: 21 08 33 05 | 08
#0276-d258 @A: 28 14 05 31 | 06
#0277-d258 @A: 31 30 10 05 | 09
#0278-d258 @A: 10 34 01 02 | 10
#0279-d258 @A: 14 02 19 34 | 03
#0280-d258 @A: 31 02 24 27 | 12
#0281-d258 @A: 11 19 02 24 | 01
#0282-d258 @A: 08 07 27 02 | 04
#0283-d258 @A: 02 33 31 07 | 02
#0284-d258 @A: 28 02 25 19 | 07
#0285-d258 @A: 28 27 14 02 | 05
#0286-d258 @A: 30 25 27 02 | 11
#0287-d258 @A: 01 24 16 20 | 08
#0288-d258 @A: 01 24 14 25 | 06
#0289-d258 @A: 09 08 31 01 | 09
#0290-d258 @A: 09 28 01 25 | 10
#0291-d258 @A: 11 34 30 16 | 03
#0292-d258 @A: 16 07 08 15 | 12
#0293-d258 @A: 10 30 21 16 | 01
#0294-d258 @A: 16 30 09 14 | 04
#0295-d258 @A: 25 29 27 20 | 02
#0296-d258 @A: 08 28 31 20 | 07
#0297-d258 @A: 27 20 09 08 | 05
#0298-d258 @A: 25 07 20 10 | 11
#0299-d258 @A: 10 09 15 20 | 08
#0300-d258 @A: 27 11 34 29 | 06
#0301-d258 @A: 28 33 34 07 | 09
#0302-d258 @A: 29 13 32 17 | 10
#0303-d258 @A: 33 12 17 35 | 03
#0304-d258 @A: 17 26 07 22 | 12
#0305-d258 @A: 17 02 15 06 | 01
#0306-d258 @A: 03 04 17 09 | 04
#0307-d258 @A: 10 17 04 14 | 02
#0308-d258 @A: 17 23 33 34 | 07
#0309-d258 @A: 31 17 15 23 | 05
#0310-d258 @A: 17 22 18 19 | 11
#0311-d258 @A: 11 28 05 17 | 08
#0312-d258 @A: 20 17 29 16 | 06
#0313-d258 @A: 33 29 17 19 | 09
#0314-d258 @A: 17 21 08 11 | 10
#0315-d258 @A: 31 30 25 17 | 03
#0316-d258 @A: 25 15 28 17 | 12
#0317-d258 @A: 25 27 09 17 | 01
#0318-d258 @A: 21 12 13 04 | 04
#0319-d258 @A: 14 06 35 13 | 02
#0320-d258 @A: 13 31 22 21 | 07
#0321-d258 @A: 16 10 05 13 | 05
#0322-d258 @A: 18 13 02 10 | 11
#0323-d258 @A: 14 13 16 01 | 08
#0324-d258 @A: 13 10 19 15 | 06
#0325-d258 @A: 25 30 13 09 | 09
#0326-d258 @A: 26 16 23 12 | 10
#0327-d258 @A: 12 06 22 27 | 03
#0328-d258 @A: 24 04 12 18 | 12
#0329-d258 @A: 32 16 30 12 | 01
#0330-d258 @A: 02 12 35 31 | 04
#0331-d258 @A: 35 12 14 01 | 02
#0332-d258 @A: 18 22 30 12 | 07
#0333-d258 @A: 12 27 05 19 | 05
#0334-d258 @A: 12 02 28 07 | 11
#0335-d258 @A: 01 15 12 18 | 08
#0336-d258 @A: 21 11 20 12 | 06
#0337-d258 @A: 20 15 14 12 | 09
#0338-d258 @A: 24 12 29 09 | 10
#0339-d258 @A: 07 24 31 12 | 03
#0340-d258 @A: 24 12 19 28 | 12
#0341-d258 @A: 30 33 12 10 | 01
#0342-d258 @A: 06 26 04 28 | 04
#0343-d258 @A: 26 28 23 32 | 02
#0344-d258 @A: 26 22 15 03 | 07
#0345-d258 @A: 01 03 33 26 | 05
#0346-d258 @A: 26 27 03 29 | 11
#0347-d258 @A: 10 35 26 34 | 08
#0348-d258 @A: 10 14 26 23 | 06
#0349-d258 @A: 26 02 16 01 | 09
#0350-d258 @A: 09 15 01 26 | 10
#0351-d258 @A: 26 16 18 29 | 03
#0352-d258 @A: 29 11 24 26 | 12
#0353-d258 @A: 26 30 24 25 | 01
#0354-d258 @A: 26 07 19 21 | 04
#0355-d258 @A: 30 26 10 07 | 02
#0356-d258 @A: 06 05 15 04 | 07
#0357-d258 @A: 06 02 04 09 | 05
#0358-d258 @A: 06 32 35 01 | 11
#0359-d258 @A: 02 06 32 31 | 08
#0360-d258 @A: 15 06 03 31 | 06
#0361-d258 @A: 23 20 06 31 | 09
#0362-d258 @A: 06 28 24 23 | 10
#0363-d258 @A: 09 22 06 01 | 03
#0364-d258 @A: 22 16 30 06 | 12
#0365-d258 @A: 02 06 05 30 | 01
#0366-d258 @A: 33 25 06 05 | 04
#0367-d258 @A: 19 06 10 25 | 02
#0368-d258 @A: 32 15 04 35 | 07
#0369-d258 @A: 04 34 32 19 | 05
#0370-d258 @A: 23 35 04 09 | 11
#0371-d258 @A: 11 04 35 15 | 08
#0372-d258 @A: 23 24 04 31 | 06
#0373-d258 @A: 22 04 18 25 | 09
#0374-d258 @A: 34 05 04 09 | 10
#0375-d258 @A: 33 04 02 20 | 03
#0376-d258 @A: 31 04 34 01 | 12
#0377-d258 @A: 18 01 04 10 | 01
#0378-d258 @A: 21 24 04 07 | 04
#0379-d258 @A: 31 08 27 04 | 02
#0380-d258 @A: 04 11 08 10 | 07
#0381-d258 @A: 30 04 27 33 | 05
#0382-d258 @A: 32 05 03 14 | 11
#0383-d258 @A: 10 03 15 32 | 08
#0384-d258 @A: 23 32 07 35 | 06
#0385-d258 @A: 01 29 32 22 | 09
#0386-d258 @A: 02 32 29 16 | 10
#0387-d258 @A: 34 11 02 32 | 03
#0388-d258 @A: 29 24 32 07 | 12
#0389-d258 @A: 21 10 32 24 | 01
#0390-d258 @A: 24 33 14 32 | 04
#0391-d258 @A: 30 29 09 32 | 02
#0392-d258 @A: 03 35 30 05 | 07
#0393-d258 @A: 03 22 01 07 | 05
#0394-d258 @A: 02 20 10 03 | 11
#0395-d258 @A: 02 21 03 29 | 08
#0396-d258 @A: 16 34 03 25 | 06
#0397-d258 @A: 30 03 18 11 | 09
#0398-d258 @A: 03 29 24 30 | 10
#0399-d258 @A: 21 14 24 03 | 03
#0400-d258 @A: 29 03 31 28 | 12
#0401-d258 @A: 03 29 07 14 | 01
#0402-d258 @A: 30 33 03 08 | 04
#0403-d258 @A: 27 03 19 21 | 02
#0404-d258 @A: 15 27 03 28 | 07
#0405-d258 @A: 25 05 31 35 | 05
#0406-d258 @A: 29 16 34 35 | 11
#0407-d258 @A: 11 35 08 24 | 08
#0408-d258 @A: 35 30 07 27 | 06
#0409-d258 @A: 11 35 09 07 | 09
#0410-d258 @A: 15 23 16 05 | 10
#0411-d258 @A: 01 34 23 25 | 03
#0412-d258 @A: 01 21 23 10 | 12
#0413-d258 @A: 10 16 24 23 | 01
#0414-d258 @A: 25 27 23 16 | 04
#0415-d258 @A: 15 23 20 30 | 02
#0416-d258 @A: 14 23 31 19 | 07
#0417-d258 @A: 34 19 22 01 | 05
#0418-d258 @A: 20 15 22 16 | 11
#0419-d258 @A: 07 22 33 24 | 08
#0420-d258 @A: 27 19 11 22 | 06
#0421-d258 @A: 20 28 05 02 | 09
#0422-d258 @A: 20 05 33 19 | 10
#0423-d258 @A: 07 28 05 25 | 03
#0424-d258 @A: 30 28 05 09 | 12
#0425-d258 @A: 25 10 27 05 | 01
#0426-d258 @A: 05 33 09 27 | 04
#0427-d258 @A: 11 02 33 08 | 02
#0428-d258 @A: 01 24 09 10 | 07
#0429-d258 @A: 30 21 29 01 | 05
#0430-d258 @A: 28 14 15 01 | 11
#0431-d258 @A: 16 24 07 14 | 08
#0432-d258 @A: 19 11 14 16 | 06
#0433-d258 @A: 11 10 16 07 | 09
#0434-d258 @A: 20 15 25 08 | 10
#0435-d258 @A: 07 08 14 20 | 03
#0436-d258 @A: 25 20 15 33 | 12
#0437-d258 @A: 21 34 18 24 | 01
#0438-d258 @A: 10 08 21 34 | 04
#0439-d258 @A: 28 30 31 34 | 02
#0440-d258 @A: 14 10 11 34 | 07
#0441-d258 @A: 21 08 14 18 | 05
#0442-d258 @A: 33 07 09 18 | 11
#0443-d258 @A: 09 18 27 11 | 08
#0444-d258 @A: 24 19 11 15 | 06
#0445-d258 @A: 28 30 09 15 | 09
#0446-d258 @A: 17 07 13 16 | 10
#0447-d258 @A: 24 17 20 13 | 03
#0448-d258 @A: 08 17 13 10 | 12
#0449-d258 @A: 11 12 15 17 | 01
#0450-d258 @A: 03 17 08 26 | 04
#0451-d258 @A: 26 20 17 14 | 02
#0452-d258 @A: 01 06 31 17 | 07
#0453-d258 @A: 34 21 04 17 | 05
#0454-d258 @A: 35 17 09 14 | 11
#0455-d258 @A: 17 01 11 23 | 08
#0456-d258 @A: 17 02 34 28 | 06
#0457-d258 @A: 17 01 16 27 | 09
#0458-d258 @A: 17 15 24 01 | 10
#0459-d258 @A: 17 21 27 29 | 03
#0460-d258 @A: 09 12 15 13 | 12
#0461-d258 @A: 26 11 06 13 | 01
#0462-d258 @A: 28 32 06 13 | 04
#0463-d258 @A: 02 03 13 33 | 02
#0464-d258 @A: 03 13 19 10 | 07
#0465-d258 @A: 02 13 07 23 | 05
#0466-d258 @A: 13 02 22 30 | 11
#0467-d258 @A: 20 13 16 28 | 08
#0468-d258 @A: 11 13 08 20 | 06
#0469-d258 @A: 13 34 24 29 | 09
#0470-d258 @A: 24 33 19 13 | 10
#0471-d258 @A: 27 29 13 10 | 03
#0472-d258 @A: 26 32 33 12 | 12
#0473-d258 @A: 12 30 03 26 | 01
#0474-d258 @A: 06 12 32 10 | 04
#0475-d258 @A: 15 06 12 08 | 02
#0476-d258 @A: 06 12 25 30 | 07
#0477-d258 @A: 04 12 35 30 | 05
#0478-d258 @A: 12 09 02 32 | 11
#0479-d258 @A: 28 12 34 03 | 08
#0480-d258 @A: 20 12 35 09 | 06
#0481-d258 @A: 23 20 27 12 | 09
#0482-d258 @A: 05 12 25 22 | 10
#0483-d258 @A: 12 22 01 10 | 03
#0484-d258 @A: 22 24 15 12 | 12
#0485-d258 @A: 29 22 12 19 | 01
#0486-d258 @A: 20 02 12 30 | 04
#0487-d258 @A: 31 12 20 01 | 02
#0488-d258 @A: 34 12 20 14 | 07
#0489-d258 @A: 11 28 09 12 | 05
#0490-d258 @A: 11 33 14 12 | 11
#0491-d258 @A: 32 04 31 26 | 08
#0492-d258 @A: 26 18 14 32 | 06
#0493-d258 @A: 09 07 26 32 | 09
#0494-d258 @A: 03 22 26 19 | 10
#0495-d258 @A: 26 03 09 05 | 03
#0496-d258 @A: 24 26 23 35 | 12
#0497-d258 @A: 26 10 16 22 | 01
#0498-d258 @A: 20 26 05 24 | 04
#0499-d258 @A: 34 26 11 31 | 02
#0500-d258 @A: 30 06 04 10 | 07
#0501-d258 @A: 06 27 03 33 | 05
#0502-d258 @A: 28 34 06 22 | 11
#0503-d258 @A: 34 06 02 07 | 08
#0504-d258 @A: 21 06 20 08 | 06
#0505-d258 @A: 34 31 19 06 | 09
#0506-d258 @A: 29 24 33 06 | 10
#0507-d258 @A: 09 14 15 06 | 03
#0508-d258 @A: 10 06 14 07 | 12
#0509-d258 @A: 18 03 04 19 | 01
#0510-d258 @A: 35 31 04 18 | 04
#0511-d258 @A: 02 19 04 01 | 02
#0512-d258 @A: 16 04 01 21 | 07
#0513-d258 @A: 34 18 04 20 | 05
#0514-d258 @A: 21 04 24 15 | 11
#0515-d258 @A: 25 10 04 29 | 08
#0516-d258 @A: 08 30 21 04 | 06
#0517-d258 @A: 25 04 07 31 | 09
#0518-d258 @A: 32 23 25 02 | 10
#0519-d258 @A: 34 32 10 05 | 03
#0520-d258 @A: 24 32 01 02 | 12
#0521-d258 @A: 29 25 34 32 | 01
#0522-d258 @A: 25 24 32 27 | 04
#0523-d258 @A: 32 28 15 31 | 02
#0524-d258 @A: 03 23 21 35 | 07
#0525-d258 @A: 03 22 28 35 | 05
#0526-d258 @A: 03 24 35 15 | 11
#0527-d258 @A: 23 05 28 03 | 08
#0528-d258 @A: 33 34 22 03 | 06
#0529-d258 @A: 18 22 29 03 | 09
#0530-d258 @A: 15 01 33 03 | 10
#0531-d258 @A: 03 24 27 11 | 03
#0532-d258 @A: 14 33 03 19 | 12
#0533-d258 @A: 27 03 30 28 | 01
#0534-d258 @A: 07 03 33 25 | 04
#0535-d258 @A: 09 21 03 33 | 02
#0536-d258 @A: 23 01 22 35 | 07
#0537-d258 @A: 35 20 10 23 | 05
#0538-d258 @A: 23 35 31 34 | 11
#0539-d258 @A: 35 22 09 33 | 08
#0540-d258 @A: 19 18 35 05 | 06
#0541-d258 @A: 35 02 34 25 | 09
#0542-d258 @A: 28 35 15 02 | 10
#0543-d258 @A: 21 35 09 30 | 03
#0544-d258 @A: 23 28 29 16 | 12
#0545-d258 @A: 25 23 11 24 | 01
#0546-d258 @A: 33 24 23 30 | 04
#0547-d258 @A: 31 08 23 33 | 02
#0548-d258 @A: 23 30 19 08 | 07
#0549-d258 @A: 10 08 23 07 | 05
#0550-d258 @A: 23 07 28 30 | 11
#0551-d258 @A: 23 25 10 09 | 08
#0552-d258 @A: 15 28 19 22 | 06
#0553-d258 @A: 22 11 30 21 | 09
#0554-d258 @A: 05 34 08 15 | 10
#0555-d258 @A: 08 11 05 25 | 03
#0556-d258 @A: 21 19 31 05 | 12
#0557-d258 @A: 19 07 09 05 | 01
#0558-d258 @A: 11 21 09 05 | 04
#0559-d258 @A: 02 25 10 14 | 02
#0560-d258 @A: 27 02 15 11 | 07
#0561-d258 @A: 16 11 01 33 | 05
#0562-d258 @A: 01 21 20 09 | 11
#0563-d258 @A: 24 08 27 01 | 08
#0564-d258 @A: 01 33 29 25 | 06
#0565-d258 @A: 19 11 09 01 | 09
#0566-d258 @A: 10 11 25 01 | 10
#0567-d258 @A: 27 18 24 20 | 03
#0568-d258 @A: 15 31 11 20 | 12
#0569-d258 @A: 07 21 20 27 | 01
#0570-d258 @A: 18 10 34 25 | 04
#0571-d258 @A: 34 29 15 24 | 02
#0572-d258 @A: 24 34 14 28 | 07
#0573-d258 @A: 19 34 10 33 | 05
#0574-d258 @A: 15 11 34 14 | 11
#0575-d258 @A: 28 14 18 09 | 08
#0576-d258 @A: 11 21 18 25 | 06
#0577-d258 @A: 11 09 15 24 | 09
#0578-d258 @A: 15 29 25 14 | 10
#0579-d258 @A: 10 29 33 15 | 03
#0580-d258 @A: 07 11 29 15 | 12
#0581-d258 @A: 33 13 06 17 | 01
#0582-d258 @A: 17 25 06 04 | 04
#0583-d258 @A: 32 30 08 17 | 02
#0584-d258 @A: 30 17 19 35 | 07
#0585-d258 @A: 17 35 15 30 | 05
#0586-d258 @A: 08 02 23 17 | 11
#0587-d258 @A: 11 17 09 22 | 08
#0588-d258 @A: 34 17 16 15 | 06
#0589-d258 @A: 18 24 17 29 | 09
#0590-d258 @A: 33 08 17 27 | 10
#0591-d258 @A: 12 35 08 13 | 03
#0592-d258 @A: 23 30 13 12 | 12
#0593-d258 @A: 28 13 01 12 | 01
#0594-d258 @A: 02 26 04 13 | 04
#0595-d258 @A: 29 26 13 23 | 02
#0596-d258 @A: 16 13 04 23 | 07
#0597-d258 @A: 04 14 31 13 | 05
#0598-d258 @A: 05 03 13 15 | 11
#0599-d258 @A: 23 13 20 01 | 08
#0600-d258 @A: 15 23 13 33 | 06
#0601-d258 @A: 13 24 16 22 | 09
#0602-d258 @A: 07 13 18 22 | 10
#0603-d258 @A: 02 13 05 24 | 03
#0604-d258 @A: 33 05 30 13 | 12
#0605-d258 @A: 13 02 25 20 | 01
#0606-d258 @A: 10 01 30 13 | 04
#0607-d258 @A: 11 31 24 13 | 02
#0608-d258 @A: 27 21 13 24 | 07
#0609-d258 @A: 14 13 27 19 | 05
#0610-d258 @A: 11 24 12 06 | 11
#0611-d258 @A: 03 15 12 04 | 08
#0612-d258 @A: 20 12 24 32 | 06
#0613-d258 @A: 03 11 12 35 | 09
#0614-d258 @A: 23 22 31 12 | 10
#0615-d258 @A: 23 12 24 34 | 03
#0616-d258 @A: 07 23 12 14 | 12
#0617-d258 @A: 12 02 16 11 | 01
#0618-d258 @A: 25 02 12 18 | 04
#0619-d258 @A: 27 10 12 08 | 02
#0620-d258 @A: 12 28 30 21 | 07
#0621-d258 @A: 08 26 32 06 | 05
#0622-d258 @A: 22 26 21 04 | 11
#0623-d258 @A: 10 04 20 26 | 08
#0624-d258 @A: 03 28 26 24 | 06
#0625-d258 @A: 02 23 09 26 | 09
#0626-d258 @A: 30 22 26 05 | 10
#0627-d258 @A: 26 28 22 33 | 03
#0628-d258 @A: 05 25 34 26 | 12
#0629-d258 @A: 15 02 26 24 | 01
#0630-d258 @A: 01 26 29 09 | 04
#0631-d258 @A: 15 18 26 08 | 02
#0632-d258 @A: 07 26 15 25 | 07
#0633-d258 @A: 10 11 09 26 | 05
#0634-d258 @A: 01 06 11 04 | 11
#0635-d258 @A: 28 06 20 03 | 08
#0636-d258 @A: 06 34 14 03 | 06
#0637-d258 @A: 30 35 23 06 | 09
#0638-d258 @A: 20 06 07 35 | 10
#0639-d258 @A: 06 05 11 18 | 03
#0640-d258 @A: 02 06 11 25 | 12
#0641-d258 @A: 27 07 01 06 | 01
#0642-d258 @A: 16 07 06 28 | 04
#0643-d258 @A: 06 25 29 31 | 02
#0644-d258 @A: 09 29 06 10 | 07
#0645-d258 @A: 33 06 28 31 | 05
#0646-d258 @A: 21 10 06 33 | 11
#0647-d258 @A: 04 35 28 32 | 08
#0648-d258 @A: 22 04 32 05 | 06
#0649-d258 @A: 04 07 34 16 | 09
#0650-d258 @A: 18 16 04 09 | 10
#0651-d258 @A: 16 24 19 04 | 03
#0652-d258 @A: 19 08 04 20 | 12
#0653-d258 @A: 21 04 18 28 | 01
#0654-d258 @A: 24 04 29 28 | 04
#0655-d258 @A: 21 31 04 11 | 02
#0656-d258 @A: 27 04 14 11 | 07
#0657-d258 @A: 03 32 09 22 | 05
#0658-d258 @A: 03 32 01 10 | 11
#0659-d258 @A: 18 32 02 07 | 08
#0660-d258 @A: 32 11 15 30 | 06
#0661-d258 @A: 10 27 32 07 | 09
#0662-d258 @A: 23 33 10 03 | 10
#0663-d258 @A: 02 03 11 05 | 03
#0664-d258 @A: 24 03 02 07 | 12
#0665-d258 @A: 01 03 27 20 | 01
#0666-d258 @A: 29 15 20 03 | 04
#0667-d258 @A: 24 08 10 03 | 02
#0668-d258 @A: 07 28 03 09 | 07
#0669-d258 @A: 03 09 11 14 | 05
#0670-d258 @A: 18 29 23 35 | 11
#0671-d258 @A: 08 19 35 22 | 08
#0672-d258 @A: 01 20 33 35 | 06
#0673-d258 @A: 29 27 35 24 | 09
#0674-d258 @A: 14 25 35 07 | 10
#0675-d258 @A: 33 11 35 21 | 03
#0676-d258 @A: 23 02 22 10 | 12
#0677-d258 @A: 20 16 33 23 | 01
#0678-d258 @A: 19 10 29 23 | 04
#0679-d258 @A: 31 30 21 23 | 02
#0680-d258 @A: 14 34 22 16 | 07
#0681-d258 @A: 22 34 07 10 | 05
#0682-d258 @A: 28 29 22 25 | 11
#0683-d258 @A: 21 27 08 22 | 08
#0684-d258 @A: 22 28 11 07 | 06
#0685-d258 @A: 05 25 14 16 | 09
#0686-d258 @A: 31 05 29 09 | 10
#0687-d258 @A: 21 29 10 05 | 03
#0688-d258 @A: 27 01 02 09 | 12
#0689-d258 @A: 30 16 02 18 | 01
#0690-d258 @A: 14 29 24 02 | 04
#0691-d258 @A: 15 33 07 02 | 02
#0692-d258 @A: 01 07 16 25 | 07
#0693-d258 @A: 01 29 19 24 | 05
#0694-d258 @A: 08 28 01 29 | 11
#0695-d258 @A: 07 29 01 11 | 08
#0696-d258 @A: 14 28 21 01 | 06
#0697-d258 @A: 21 27 01 11 | 09
#0698-d258 @A: 09 29 27 16 | 10
#0699-d258 @A: 29 33 16 07 | 03
#0700-d258 @A: 31 09 25 16 | 12
#0701-d258 @A: 24 14 20 31 | 01
#0702-d258 @A: 20 10 31 21 | 04
#0703-d258 @A: 15 19 27 20 | 02
#0704-d258 @A: 20 33 30 28 | 07
#0705-d258 @A: 20 14 27 30 | 05
#0706-d258 @A: 11 08 34 28 | 11
#0707-d258 @A: 27 14 34 08 | 08
#0708-d258 @A: 08 18 27 29 | 06
#0709-d258 @A: 29 09 18 21 | 09
#0710-d258 @A: 29 21 18 15 | 10
#0711-d258 @A: 31 27 21 18 | 03
#0712-d258 @A: 29 17 12 26 | 12
#0713-d258 @A: 07 30 17 12 | 01
#0714-d258 @A: 17 26 23 27 | 04
#0715-d258 @A: 09 26 17 34 | 02
#0716-d258 @A: 17 10 23 32 | 07
#0717-d258 @A: 32 17 01 28 | 05
#0718-d258 @A: 07 35 17 03 | 11
#0719-d258 @A: 17 19 03 15 | 08
#0720-d258 @A: 34 05 29 17 | 06
#0721-d258 @A: 17 07 02 09 | 09
#0722-d258 @A: 25 28 24 17 | 10
#0723-d258 @A: 19 27 07 17 | 03
#0724-d258 @A: 24 26 13 12 | 12
#0725-d258 @A: 35 26 13 31 | 01
#0726-d258 @A: 26 15 28 13 | 04
#0727-d258 @A: 27 13 04 03 | 02
#0728-d258 @A: 13 20 29 04 | 07
#0729-d258 @A: 13 08 04 18 | 05
#0730-d258 @A: 09 11 04 13 | 11
#0731-d258 @A: 32 07 13 03 | 08
#0732-d258 @A: 13 24 32 15 | 06
#0733-d258 @A: 22 35 13 29 | 09
#0734-d258 @A: 16 30 13 35 | 10
#0735-d258 @A: 13 20 21 35 | 03
#0736-d258 @A: 11 15 16 13 | 12
#0737-d258 @A: 28 33 13 08 | 01
#0738-d258 @A: 28 06 35 12 | 04
#0739-d258 @A: 06 34 12 09 | 02
#0740-d258 @A: 12 29 01 04 | 07
#0741-d258 @A: 19 12 10 04 | 05
#0742-d258 @A: 25 32 01 12 | 11
#0743-d258 @A: 15 12 29 32 | 08
#0744-d258 @A: 12 09 23 03 | 06
#0745-d258 @A: 29 10 03 12 | 09
#0746-d258 @A: 11 29 12 23 | 10
#0747-d258 @A: 22 21 12 34 | 03
#0748-d258 @A: 12 02 29 34 | 12
#0749-d258 @A: 19 02 12 15 | 01
#0750-d258 @A: 18 01 12 07 | 04
#0751-d258 @A: 12 10 16 20 | 02
#0752-d258 @A: 16 33 12 18 | 07
#0753-d258 @A: 14 29 12 25 | 05
#0754-d258 @A: 08 25 12 28 | 11
#0755-d258 @A: 12 28 27 31 | 08
#0756-d258 @A: 12 25 10 31 | 06
#0757-d258 @A: 09 31 12 33 | 09
#0758-d258 @A: 06 31 26 16 | 10
#0759-d258 @A: 21 06 26 34 | 03
#0760-d258 @A: 25 18 26 06 | 12
#0761-d258 @A: 04 26 23 11 | 01
#0762-d258 @A: 30 26 32 02 | 04
#0763-d258 @A: 01 23 26 31 | 02
#0764-d258 @A: 23 26 21 33 | 07
#0765-d258 @A: 26 22 20 31 | 05
#0766-d258 @A: 16 05 27 26 | 11
#0767-d258 @A: 01 30 26 27 | 08
#0768-d258 @A: 26 27 24 14 | 06
#0769-d258 @A: 25 26 19 29 | 09
#0770-d258 @A: 30 26 31 09 | 10
#0771-d258 @A: 31 27 26 10 | 03
#0772-d258 @A: 28 30 19 26 | 12
#0773-d258 @A: 28 26 07 14 | 01
#0774-d258 @A: 27 32 06 04 | 04
#0775-d258 @A: 21 03 06 04 | 02
#0776-d258 @A: 06 32 20 09 | 07
#0777-d258 @A: 03 06 10 22 | 05
#0778-d258 @A: 16 35 06 33 | 11
#0779-d258 @A: 06 33 35 15 | 08
#0780-d258 @A: 06 16 11 23 | 06
#0781-d258 @A: 22 21 06 05 | 09
#0782-d258 @A: 06 02 10 08 | 10
#0783-d258 @A: 01 19 16 06 | 03
#0784-d258 @A: 06 07 29 19 | 12
#0785-d258 @A: 06 29 14 27 | 01
#0786-d258 @A: 06 27 08 25 | 04
#0787-d258 @A: 35 21 04 05 | 02
#0788-d258 @A: 04 23 34 10 | 07
#0789-d258 @A: 15 31 22 04 | 05
#0790-d258 @A: 02 10 31 04 | 11
#0791-d258 @A: 04 01 20 14 | 08
#0792-d258 @A: 28 04 07 10 | 06
#0793-d258 @A: 21 34 03 32 | 09
#0794-d258 @A: 23 08 32 20 | 10
#0795-d258 @A: 19 22 02 32 | 03
#0796-d258 @A: 32 18 25 28 | 12
#0797-d258 @A: 27 29 33 32 | 01
#0798-d258 @A: 31 32 21 14 | 04
#0799-d258 @A: 21 28 32 27 | 02
#0800-d258 @A: 25 30 14 32 | 07
#0801-d258 @A: 32 33 30 07 | 05
#0802-d258 @A: 23 08 22 03 | 11
#0803-d258 @A: 23 30 03 16 | 08
#0804-d258 @A: 14 30 03 02 | 06
#0805-d258 @A: 19 03 25 01 | 09
#0806-d258 @A: 25 03 11 28 | 10
#0807-d258 @A: 23 05 11 35 | 03
#0808-d258 @A: 16 35 23 08 | 12
#0809-d258 @A: 23 10 15 35 | 01
#0810-d258 @A: 01 09 34 35 | 04
#0811-d258 @A: 35 25 18 01 | 02
#0812-d258 @A: 20 31 29 35 | 07
#0813-d258 @A: 21 35 28 34 | 05
#0814-d258 @A: 23 15 34 22 | 11
#0815-d258 @A: 23 21 02 05 | 08
#0816-d258 @A: 01 05 19 23 | 06
#0817-d258 @A: 23 29 20 05 | 09
#0818-d258 @A: 34 30 02 23 | 10
#0819-d258 @A: 31 29 02 23 | 03
#0820-d258 @A: 23 07 20 34 | 12
#0821-d258 @A: 33 09 23 14 | 01
#0822-d258 @A: 16 18 28 22 | 04
#0823-d258 @A: 33 18 20 22 | 02
#0824-d258 @A: 24 22 27 28 | 07
#0825-d258 @A: 08 09 22 07 | 05
#0826-d258 @A: 19 33 22 21 | 11
#0827-d258 @A: 27 22 14 33 | 08
#0828-d258 @A: 01 02 05 07 | 06
#0829-d258 @A: 02 09 25 05 | 09
#0830-d258 @A: 11 05 34 20 | 10
#0831-d258 @A: 08 07 05 31 | 03
#0832-d258 @A: 05 10 09 08 | 12
#0833-d258 @A: 05 21 28 15 | 01
#0834-d258 @A: 05 07 30 11 | 04
#0835-d258 @A: 24 08 16 02 | 02
#0836-d258 @A: 21 02 34 20 | 07
#0837-d258 @A: 02 29 10 11 | 05
#0838-d258 @A: 29 10 16 01 | 11
#0839-d258 @A: 29 14 31 01 | 08
#0840-d258 @A: 19 08 01 15 | 06
#0841-d258 @A: 31 24 29 16 | 09
#0842-d258 @A: 21 16 24 11 | 10
#0843-d258 @A: 24 15 16 14 | 03
#0844-d258 @A: 29 15 16 27 | 12
#0845-d258 @A: 07 31 27 16 | 01
#0846-d258 @A: 10 25 16 33 | 04
#0847-d258 @A: 34 28 20 15 | 02
#0848-d258 @A: 28 10 24 20 | 07
#0849-d258 @A: 20 19 11 10 | 05
#0850-d258 @A: 28 18 27 34 | 11
#0851-d258 @A: 31 10 34 29 | 08
#0852-d258 @A: 34 21 15 25 | 06
#0853-d258 @A: 07 15 10 34 | 09
#0854-d258 @A: 30 33 21 18 | 10
#0855-d258 @A: 31 07 24 15 | 03
#0856-d258 @A: 15 10 31 08 | 12
#0857-d258 @A: 14 15 07 19 | 01
#0858-d258 @A: 33 21 09 15 | 04
#0859-d258 @A: 17 09 18 13 | 02
#0860-d258 @A: 06 10 17 26 | 07
#0861-d258 @A: 16 17 30 26 | 05
#0862-d258 @A: 17 26 21 15 | 11
#0863-d258 @A: 06 17 29 22 | 08
#0864-d258 @A: 02 30 04 17 | 06
#0865-d258 @A: 17 16 11 04 | 09
#0866-d258 @A: 15 17 05 32 | 10
#0867-d258 @A: 32 34 17 14 | 03
#0868-d258 @A: 17 35 24 21 | 12
#0869-d258 @A: 17 07 23 31 | 01
#0870-d258 @A: 15 18 17 22 | 04
#0871-d258 @A: 33 16 05 17 | 02
#0872-d258 @A: 17 16 21 02 | 07
#0873-d258 @A: 30 34 20 17 | 05
#0874-d258 @A: 10 21 25 17 | 11
#0875-d258 @A: 20 07 13 12 | 08
#0876-d258 @A: 12 13 18 11 | 06
#0877-d258 @A: 13 03 20 26 | 09
#0878-d258 @A: 22 06 13 19 | 10
#0879-d258 @A: 22 04 10 13 | 03
#0880-d258 @A: 02 32 08 13 | 12
#0881-d258 @A: 35 13 25 03 | 01
#0882-d258 @A: 23 19 13 35 | 04
#0883-d258 @A: 34 13 23 28 | 02
#0884-d258 @A: 13 05 25 01 | 07
#0885-d258 @A: 18 13 05 34 | 05
#0886-d258 @A: 30 15 02 13 | 11
#0887-d258 @A: 19 13 16 18 | 08
#0888-d258 @A: 21 08 16 13 | 06
#0889-d258 @A: 31 29 13 08 | 09
#0890-d258 @A: 13 25 19 31 | 10
#0891-d258 @A: 28 13 25 10 | 03
#0892-d258 @A: 21 07 13 10 | 12
#0893-d258 @A: 12 20 04 25 | 01
#0894-d258 @A: 32 12 29 35 | 04
#0895-d258 @A: 27 11 32 12 | 02
#0896-d258 @A: 21 03 18 12 | 07
#0897-d258 @A: 12 34 19 35 | 05
#0898-d258 @A: 12 30 34 05 | 11
#0899-d258 @A: 34 12 15 18 | 08
#0900-d258 @A: 08 12 34 33 | 06
#0901-d258 @A: 21 29 12 31 | 09
#0902-d258 @A: 30 12 29 27 | 10
#0903-d258 @A: 21 15 12 10 | 03
#0904-d258 @A: 14 03 04 26 | 12
#0905-d258 @A: 34 26 30 04 | 01
#0906-d258 @A: 05 32 26 11 | 04
#0907-d258 @A: 20 32 15 26 | 02
#0908-d258 @A: 02 03 31 26 | 07
#0909-d258 @A: 26 35 02 22 | 05
#0910-d258 @A: 14 29 35 26 | 11
#0911-d258 @A: 23 30 26 20 | 08
#0912-d258 @A: 22 14 26 01 | 06
#0913-d258 @A: 29 02 28 26 | 09
#0914-d258 @A: 01 26 20 28 | 10
#0915-d258 @A: 26 08 01 34 | 03
#0916-d258 @A: 20 21 18 26 | 12
#0917-d258 @A: 07 08 26 24 | 01
#0918-d258 @A: 26 27 19 33 | 04
#0919-d258 @A: 26 11 30 33 | 02
#0920-d258 @A: 26 11 27 07 | 07
#0921-d258 @A: 06 14 32 22 | 05
#0922-d258 @A: 06 35 03 31 | 11
#0923-d258 @A: 21 06 23 27 | 08
#0924-d258 @A: 05 08 28 06 | 06
#0925-d258 @A: 29 20 06 02 | 09
#0926-d258 @A: 18 15 19 06 | 10
#0927-d258 @A: 21 24 09 06 | 03
#0928-d258 @A: 11 06 15 28 | 12
#0929-d258 @A: 07 06 21 15 | 01
#0930-d258 @A: 32 04 01 09 | 04
#0931-d258 @A: 32 24 30 04 | 02
#0932-d258 @A: 28 01 04 03 | 07
#0933-d258 @A: 20 04 35 22 | 05
#0934-d258 @A: 05 04 23 25 | 11
#0935-d258 @A: 04 02 29 18 | 08
#0936-d258 @A: 29 14 16 04 | 06
#0937-d258 @A: 14 24 04 09 | 09
#0938-d258 @A: 07 19 04 33 | 10
#0939-d258 @A: 23 03 11 32 | 03
#0940-d258 @A: 32 18 03 08 | 12
#0941-d258 @A: 30 32 23 22 | 01
#0942-d258 @A: 16 19 23 32 | 04
#0943-d258 @A: 32 33 31 22 | 02
#0944-d258 @A: 32 08 05 24 | 07
#0945-d258 @A: 18 16 32 15 | 05
#0946-d258 @A: 16 27 32 14 | 11
#0947-d258 @A: 21 11 32 29 | 08
#0948-d258 @A: 21 15 32 08 | 06
#0949-d258 @A: 33 15 32 14 | 09
#0950-d258 @A: 34 03 35 27 | 10
#0951-d258 @A: 15 03 23 07 | 03
#0952-d258 @A: 05 24 33 03 | 12
#0953-d258 @A: 01 34 11 03 | 01
#0954-d258 @A: 29 03 33 20 | 04
#0955-d258 @A: 09 03 08 15 | 02
#0956-d258 @A: 03 25 14 27 | 07
#0957-d258 @A: 03 11 21 10 | 05
#0958-d258 @A: 35 22 31 14 | 11
#0959-d258 @A: 15 07 22 35 | 08
#0960-d258 @A: 07 16 35 02 | 06
#0961-d258 @A: 31 33 24 35 | 09
#0962-d258 @A: 07 10 29 35 | 10
#0963-d258 @A: 09 25 08 35 | 03
#0964-d258 @A: 11 31 28 35 | 12
#0965-d258 @A: 14 23 02 16 | 01
#0966-d258 @A: 18 28 23 01 | 04
#0967-d258 @A: 23 01 07 24 | 02
#0968-d258 @A: 24 29 08 23 | 07
#0969-d258 @A: 27 09 24 23 | 05
#0970-d258 @A: 29 07 09 23 | 11
#0971-d258 @A: 11 31 09 23 | 08
#0972-d258 @A: 20 02 07 22 | 06
#0973-d258 @A: 22 08 28 02 | 09
#0974-d258 @A: 25 22 15 02 | 10
#0975-d258 @A: 09 20 34 22 | 03
#0976-d258 @A: 20 22 29 30 | 12
#0977-d258 @A: 10 22 24 29 | 01
#0978-d258 @A: 25 31 22 08 | 04
#0979-d258 @A: 25 22 30 19 | 02
#0980-d258 @A: 22 07 19 14 | 07
#0981-d258 @A: 02 16 19 05 | 05
#0982-d258 @A: 05 15 19 29 | 11
#0983-d258 @A: 29 28 27 05 | 08
#0984-d258 @A: 15 10 01 02 | 06
#0985-d258 @A: 20 18 09 02 | 09
#0986-d258 @A: 15 31 34 02 | 10
#0987-d258 @A: 02 09 29 33 | 03
#0988-d258 @A: 21 02 31 25 | 12
#0989-d258 @A: 14 31 11 02 | 01
#0990-d258 @A: 27 10 33 02 | 04
#0991-d258 @A: 01 15 16 25 | 02
#0992-d258 @A: 01 28 24 11 | 07
#0993-d258 @A: 21 33 24 01 | 05
#0994-d258 @A: 11 08 01 14 | 11
#0995-d258 @A: 16 11 25 29 | 08
#0996-d258 @A: 33 16 14 08 | 06
#0997-d258 @A: 19 16 27 10 | 09
#0998-d258 @A: 29 24 20 21 | 10
#0999-d258 @A: 25 33 20 31 | 03
#1000-d258 @A: 21 20 19 30 | 12
#1001-d258 @A: 20 30 09 10 | 01
#1002-d258 @A: 08 34 18 31 | 04
#1003-d258 @A: 09 19 34 18 | 02
#1004-d258 @A: 34 14 29 09 | 07
#1005-d258 @A: 11 19 21 34 | 05
#1006-d258 @A: 34 28 10 09 | 11
#1007-d258 @A: 34 25 30 33 | 08
#1008-d258 @A: 27 30 21 34 | 06
#1009-d258 @A: 18 29 33 31 | 09
#1010-d258 @A: 18 29 19 11 | 10
#1011-d258 @A: 18 07 11 08 | 03
#1012-d258 @A: 14 31 18 25 | 12
#1013-d258 @A: 18 21 19 10 | 01
#1014-d258 @A: 18 14 27 07 | 04
#1015-d258 @A: 30 21 31 15 | 02
#1016-d258 @A: 09 25 27 15 | 07
#1017-d258 @A: 15 13 29 17 | 05
#1018-d258 @A: 12 17 21 06 | 11
#1019-d258 @A: 28 20 12 17 | 08
#1020-d258 @A: 35 11 17 26 | 06
#1021-d258 @A: 17 06 24 02 | 09
#1022-d258 @A: 28 30 06 17 | 10
#1023-d258 @A: 29 04 23 17 | 03
#1024-d258 @A: 32 35 25 17 | 12
#1025-d258 @A: 17 18 32 33 | 01
#1026-d258 @A: 19 17 03 02 | 04
#1027-d258 @A: 17 01 03 29 | 02
#1028-d258 @A: 17 03 33 28 | 07
#1029-d258 @A: 17 02 35 29 | 05
#1030-d258 @A: 35 31 17 16 | 11
#1031-d258 @A: 31 17 22 34 | 08
#1032-d258 @A: 05 02 17 10 | 06
#1033-d258 @A: 17 07 10 24 | 09
#1034-d258 @A: 14 15 08 17 | 10
#1035-d258 @A: 17 31 14 27 | 03
#1036-d258 @A: 25 17 33 14 | 12
#1037-d258 @A: 14 11 17 07 | 01
#1038-d258 @A: 13 22 12 33 | 04
#1039-d258 @A: 02 12 13 19 | 02
#1040-d258 @A: 13 01 07 26 | 07
#1041-d258 @A: 31 05 13 06 | 05
#1042-d258 @A: 02 13 27 06 | 11
#1043-d258 @A: 27 13 15 06 | 08
#1044-d258 @A: 05 04 28 13 | 06
#1045-d258 @A: 05 32 13 35 | 09
#1046-d258 @A: 13 21 03 05 | 10
#1047-d258 @A: 01 13 11 35 | 03
#1048-d258 @A: 07 35 13 34 | 12
#1049-d258 @A: 22 13 09 23 | 01
#1050-d258 @A: 27 13 01 22 | 04
#1051-d258 @A: 25 13 22 34 | 02
#1052-d258 @A: 08 13 22 15 | 07
#1053-d258 @A: 05 13 27 20 | 05
#1054-d258 @A: 31 18 01 13 | 11
#1055-d258 @A: 15 14 13 18 | 08
#1056-d258 @A: 14 13 24 10 | 06
#1057-d258 @A: 11 19 28 13 | 09
#1058-d258 @A: 13 14 07 30 | 10
#1059-d258 @A: 12 35 26 07 | 03
#1060-d258 @A: 04 28 12 23 | 12
#1061-d258 @A: 34 11 04 12 | 01
#1062-d258 @A: 12 22 28 32 | 04
#1063-d258 @A: 12 35 16 21 | 02
#1064-d258 @A: 16 15 35 12 | 07
#1065-d258 @A: 10 18 12 23 | 05
#1066-d258 @A: 09 16 22 12 | 11
#1067-d258 @A: 02 24 12 10 | 08
#1068-d258 @A: 27 12 01 34 | 06
#1069-d258 @A: 12 24 01 30 | 09
#1070-d258 @A: 27 33 12 24 | 10
#1071-d258 @A: 19 12 08 14 | 03
#1072-d258 @A: 22 24 26 06 | 12
#1073-d258 @A: 06 27 20 26 | 01
#1074-d258 @A: 26 01 04 25 | 04
#1075-d258 @A: 29 20 26 32 | 02
#1076-d258 @A: 21 03 25 26 | 07
#1077-d258 @A: 33 05 26 18 | 05
#1078-d258 @A: 11 26 20 02 | 11
#1079-d258 @A: 25 26 07 02 | 08
#1080-d258 @A: 16 04 06 05 | 06
#1081-d258 @A: 06 04 20 24 | 09
#1082-d258 @A: 34 04 06 29 | 10
#1083-d258 @A: 32 11 07 06 | 03
#1084-d258 @A: 03 09 18 06 | 12
#1085-d258 @A: 06 08 03 07 | 01
#1086-d258 @A: 15 10 06 22 | 04
#1087-d258 @A: 06 34 24 01 | 02
#1088-d258 @A: 20 06 15 24 | 07
#1089-d258 @A: 06 09 31 14 | 05
#1090-d258 @A: 14 28 25 06 | 11
#1091-d258 @A: 14 32 04 07 | 08
#1092-d258 @A: 02 24 04 35 | 06
#1093-d258 @A: 16 35 25 04 | 09
#1094-d258 @A: 14 18 04 23 | 10
#1095-d258 @A: 15 04 20 01 | 03
#1096-d258 @A: 15 04 16 30 | 12
#1097-d258 @A: 04 08 27 15 | 01
#1098-d258 @A: 15 25 10 04 | 04
#1099-d258 @A: 16 03 33 32 | 02
#1100-d258 @A: 10 32 02 35 | 07
#1101-d258 @A: 32 24 35 16 | 05
#1102-d258 @A: 19 33 35 32 | 11
#1103-d258 @A: 01 23 14 32 | 08
#1104-d258 @A: 15 32 22 19 | 06
#1105-d258 @A: 01 05 21 32 | 09
#1106-d258 @A: 20 32 33 21 | 10
#1107-d258 @A: 27 08 19 32 | 03
#1108-d258 @A: 14 32 28 19 | 12
#1109-d258 @A: 30 11 32 28 | 01
#1110-d258 @A: 35 03 20 14 | 04
#1111-d258 @A: 23 03 02 01 | 02
#1112-d258 @A: 25 18 05 03 | 07
#1113-d258 @A: 21 03 31 01 | 05
#1114-d258 @A: 03 34 31 20 | 11
#1115-d258 @A: 31 24 09 03 | 08
#1116-d258 @A: 08 03 11 29 | 06
#1117-d258 @A: 11 25 03 15 | 09
#1118-d258 @A: 05 22 35 07 | 10
#1119-d258 @A: 34 30 22 35 | 03
#1120-d258 @A: 05 01 35 29 | 12
#1121-d258 @A: 19 27 01 35 | 01
#1122-d258 @A: 20 16 35 11 | 04
#1123-d258 @A: 35 25 10 24 | 02
#1124-d258 @A: 14 35 30 24 | 07
#1125-d258 @A: 35 25 29 21 | 05
#1126-d258 @A: 14 08 35 10 | 11
#1127-d258 @A: 19 35 28 10 | 08
#1128-d258 @A: 16 31 23 05 | 06
#1129-d258 @A: 09 23 34 08 | 09
#1130-d258 @A: 18 11 15 23 | 10
#1131-d258 @A: 19 21 23 24 | 03
#1132-d258 @A: 23 21 08 25 | 12
#1133-d258 @A: 07 23 25 19 | 01
#1134-d258 @A: 07 15 23 27 | 04
#1135-d258 @A: 22 20 05 10 | 02
#1136-d258 @A: 02 22 16 25 | 07
#1137-d258 @A: 01 22 15 30 | 05
#1138-d258 @A: 21 22 29 07 | 11
#1139-d258 @A: 08 10 22 33 | 08
#1140-d258 @A: 33 22 11 25 | 06
#1141-d258 @A: 25 05 18 15 | 09
#1142-d258 @A: 24 05 29 25 | 10
#1143-d258 @A: 27 05 31 11 | 03
#1144-d258 @A: 10 19 05 14 | 12
#1145-d258 @A: 27 05 14 15 | 01
#1146-d258 @A: 33 14 02 18 | 04
#1147-d258 @A: 30 24 21 02 | 02
#1148-d258 @A: 02 21 08 15 | 07
#1149-d258 @A: 16 01 18 34 | 05
#1150-d258 @A: 01 10 08 19 | 11
#1151-d258 @A: 07 30 08 16 | 08
#1152-d258 @A: 16 21 31 28 | 06
#1153-d258 @A: 19 16 25 21 | 09
#1154-d258 @A: 07 21 09 16 | 10
#1155-d258 @A: 11 24 30 20 | 03
#1156-d258 @A: 07 29 28 20 | 12
#1157-d258 @A: 11 20 33 27 | 01
#1158-d258 @A: 25 34 31 24 | 04
#1159-d258 @A: 07 08 34 25 | 02
#1160-d258 @A: 25 34 09 11 | 07
#1161-d258 @A: 11 24 14 18 | 05
#1162-d258 @A: 29 18 30 28 | 11
#1163-d258 @A: 10 14 18 29 | 08
#1164-d258 @A: 15 18 27 31 | 06
#1165-d258 @A: 18 33 25 27 | 09
#1166-d258 @A: 15 11 33 08 | 10
#1167-d258 @A: 25 19 30 15 | 03
#1168-d258 @A: 22 17 12 02 | 12
#1169-d258 @A: 24 16 17 12 | 01
#1170-d258 @A: 04 17 26 19 | 04
#1171-d258 @A: 04 24 05 17 | 02
#1172-d258 @A: 04 01 17 33 | 07
#1173-d258 @A: 17 02 32 27 | 05
#1174-d258 @A: 09 17 31 32 | 11
#1175-d258 @A: 17 22 35 10 | 08
#1176-d258 @A: 22 33 30 17 | 06
#1177-d258 @A: 17 14 01 05 | 09
#1178-d258 @A: 17 10 01 20 | 10
#1179-d258 @A: 09 16 28 17 | 03
#1180-d258 @A: 31 24 17 08 | 12
#1181-d258 @A: 24 11 17 33 | 01
#1182-d258 @A: 08 09 17 29 | 04
#1183-d258 @A: 27 17 28 10 | 02
#1184-d258 @A: 14 17 21 30 | 07
#1185-d258 @A: 17 15 10 27 | 05
#1186-d258 @A: 09 12 13 05 | 11
#1187-d258 @A: 16 25 13 12 | 08
#1188-d258 @A: 26 10 32 13 | 06
#1189-d258 @A: 22 13 08 26 | 09
#1190-d258 @A: 06 13 18 21 | 10
#1191-d258 @A: 01 24 13 04 | 03
#1192-d258 @A: 04 30 13 19 | 12
#1193-d258 @A: 20 22 13 32 | 01
#1194-d258 @A: 07 13 15 32 | 04
#1195-d258 @A: 03 13 16 29 | 02
#1196-d258 @A: 13 24 35 18 | 07
#1197-d258 @A: 15 31 13 01 | 05
#1198-d258 @A: 34 20 19 13 | 11
#1199-d258 @A: 25 13 18 29 | 08
#1200-d258 @A: 28 24 13 30 | 06
#1201-d258 @A: 19 06 12 03 | 09
#1202-d258 @A: 12 06 33 20 | 10
#1203-d258 @A: 07 04 22 12 | 03
#1204-d258 @A: 32 23 12 21 | 12
#1205-d258 @A: 32 19 12 18 | 01
#1206-d258 @A: 14 12 22 03 | 04
#1207-d258 @A: 05 12 35 10 | 02
#1208-d258 @A: 23 01 12 08 | 07
#1209-d258 @A: 15 05 33 12 | 05
#1210-d258 @A: 28 16 14 12 | 11
#1211-d258 @A: 12 19 33 25 | 08
#1212-d258 @A: 28 07 15 12 | 06
#1213-d258 @A: 12 11 07 25 | 09
#1214-d258 @A: 16 06 15 26 | 10
#1215-d258 @A: 29 26 30 06 | 03
#1216-d258 @A: 27 26 22 32 | 12
#1217-d258 @A: 03 16 26 11 | 01
#1218-d258 @A: 21 01 26 35 | 04
#1219-d258 @A: 25 23 26 22 | 02
#1220-d258 @A: 29 31 26 15 | 07
#1221-d258 @A: 19 08 26 11 | 05
#1222-d258 @A: 30 33 15 26 | 11
#1223-d258 @A: 33 18 06 04 | 08
#1224-d258 @A: 29 23 32 06 | 06
#1225-d258 @A: 06 35 34 11 | 09
#1226-d258 @A: 23 06 15 01 | 10
#1227-d258 @A: 18 34 23 06 | 03
#1228-d258 @A: 09 06 23 19 | 12
#1229-d258 @A: 06 01 20 05 | 01
#1230-d258 @A: 06 28 02 18 | 04
#1231-d258 @A: 30 06 09 08 | 02
#1232-d258 @A: 21 31 07 06 | 07
#1233-d258 @A: 27 10 11 06 | 05
#1234-d258 @A: 03 04 31 16 | 11
#1235-d258 @A: 11 20 03 04 | 08
#1236-d258 @A: 02 28 16 04 | 06
#1237-d258 @A: 08 33 29 04 | 09
#1238-d258 @A: 04 09 25 33 | 10
#1239-d258 @A: 21 35 22 32 | 03
#1240-d258 @A: 25 32 05 20 | 12
#1241-d258 @A: 27 30 32 05 | 01
#1242-d258 @A: 32 14 02 20 | 04
#1243-d258 @A: 01 07 31 32 | 02
#1244-d258 @A: 10 28 32 29 | 07
#1245-d258 @A: 08 32 07 28 | 05
#1246-d258 @A: 28 32 09 33 | 11
#1247-d258 @A: 35 09 03 02 | 08
#1248-d258 @A: 18 03 33 35 | 06
#1249-d258 @A: 35 03 19 29 | 09
#1250-d258 @A: 03 02 22 27 | 10
#1251-d258 @A: 20 03 22 24 | 03
#1252-d258 @A: 03 01 08 05 | 12
#1253-d258 @A: 05 03 16 07 | 01
#1254-d258 @A: 16 20 09 03 | 04
#1255-d258 @A: 18 03 07 20 | 02
#1256-d258 @A: 03 30 09 34 | 07
#1257-d258 @A: 03 21 28 08 | 05
#1258-d258 @A: 30 03 14 15 | 11
#1259-d258 @A: 11 35 18 22 | 08
#1260-d258 @A: 05 27 08 35 | 06
#1261-d258 @A: 30 02 01 35 | 09
#1262-d258 @A: 02 35 19 20 | 10
#1263-d258 @A: 18 02 08 35 | 03
#1264-d258 @A: 14 18 35 16 | 12
#1265-d258 @A: 24 07 28 35 | 01
#1266-d258 @A: 10 35 30 11 | 04
#1267-d258 @A: 14 05 23 34 | 02
#1268-d258 @A: 05 23 18 24 | 07
#1269-d258 @A: 02 28 23 11 | 05
#1270-d258 @A: 01 16 23 09 | 11
#1271-d258 @A: 18 23 11 20 | 08
#1272-d258 @A: 23 20 14 25 | 06
#1273-d258 @A: 28 23 10 31 | 09
#1274-d258 @A: 10 27 23 30 | 10
#1275-d258 @A: 28 22 05 19 | 03
#1276-d258 @A: 24 01 18 22 | 12
#1277-d258 @A: 01 30 22 28 | 01
#1278-d258 @A: 10 22 18 27 | 04
#1279-d258 @A: 30 24 08 22 | 02
#1280-d258 @A: 15 22 09 29 | 07
#1281-d258 @A: 07 30 22 31 | 05
#1282-d258 @A: 10 22 21 28 | 11
#1283-d258 @A: 10 22 14 30 | 08
#1284-d258 @A: 19 05 29 08 | 06
#1285-d258 @A: 11 29 05 33 | 09
#1286-d258 @A: 05 27 21 14 | 10
#1287-d258 @A: 01 21 18 02 | 03
#1288-d258 @A: 18 02 15 20 | 12
#1289-d258 @A: 19 29 02 27 | 01
#1290-d258 @A: 19 02 09 31 | 04
#1291-d258 @A: 27 31 25 01 | 02
#1292-d258 @A: 15 01 11 21 | 07
#1293-d258 @A: 09 20 07 24 | 05
#1294-d258 @A: 20 11 29 09 | 11
#1295-d258 @A: 33 34 29 21 | 08
#1296-d258 @A: 14 07 34 31 | 06
#1297-d258 @A: 07 34 19 30 | 09
#1298-d258 @A: 27 07 34 09 | 10
#1299-d258 @A: 15 10 24 18 | 03
#1300-d258 @A: 07 28 18 31 | 12
#1301-d258 @A: 31 18 10 09 | 01
#1302-d258 @A: 22 05 13 17 | 04
#1303-d258 @A: 01 17 13 19 | 02
#1304-d258 @A: 31 12 17 04 | 07
#1305-d258 @A: 11 10 17 12 | 05
#1306-d258 @A: 17 01 24 26 | 11
#1307-d258 @A: 18 26 17 28 | 08
#1308-d258 @A: 32 17 16 06 | 06
#1309-d258 @A: 17 06 27 35 | 09
#1310-d258 @A: 33 17 04 15 | 10
#1311-d258 @A: 32 17 22 24 | 03
#1312-d258 @A: 03 21 20 17 | 12
#1313-d258 @A: 17 18 31 03 | 01
#1314-d258 @A: 17 25 05 19 | 04
#1315-d258 @A: 18 02 17 11 | 02
#1316-d258 @A: 18 01 17 30 | 07
#1317-d258 @A: 16 18 17 10 | 05
#1318-d258 @A: 15 17 07 20 | 11
#1319-d258 @A: 31 17 33 21 | 08
#1320-d258 @A: 21 19 17 09 | 06
#1321-d258 @A: 13 32 14 12 | 09
#1322-d258 @A: 34 10 13 12 | 10
#1323-d258 @A: 26 34 13 14 | 03
#1324-d258 @A: 13 26 18 27 | 12
#1325-d258 @A: 13 30 26 21 | 01
#1326-d258 @A: 06 04 07 13 | 04
#1327-d258 @A: 34 13 03 08 | 02
#1328-d258 @A: 35 09 10 13 | 07
#1329-d258 @A: 35 27 13 33 | 05
#1330-d258 @A: 20 09 13 33 | 11
#1331-d258 @A: 25 13 24 07 | 08
#1332-d258 @A: 13 29 30 11 | 06
#1333-d258 @A: 33 14 29 13 | 09
#1334-d258 @A: 21 26 12 05 | 10
#1335-d258 @A: 12 20 19 26 | 03
#1336-d258 @A: 28 10 26 12 | 12
#1337-d258 @A: 18 12 31 06 | 01
#1338-d258 @A: 32 08 04 12 | 04
#1339-d258 @A: 04 12 03 33 | 02
#1340-d258 @A: 20 05 12 03 | 07
#1341-d258 @A: 12 05 18 28 | 05
#1342-d258 @A: 24 21 12 08 | 11
#1343-d258 @A: 31 15 12 25 | 08
#1344-d258 @A: 33 21 07 12 | 06
#1345-d258 @A: 14 09 27 12 | 09
#1346-d258 @A: 34 26 29 22 | 10
#1347-d258 @A: 08 26 02 05 | 03
#1348-d258 @A: 05 26 10 01 | 12
#1349-d258 @A: 26 27 34 02 | 01
#1350-d258 @A: 02 26 24 18 | 04
#1351-d258 @A: 26 09 16 24 | 02
#1352-d258 @A: 14 21 16 26 | 07
#1353-d258 @A: 25 20 09 26 | 05
#1354-d258 @A: 26 31 19 18 | 11
#1355-d258 @A: 29 33 26 10 | 08
#1356-d258 @A: 26 30 14 08 | 06
#1357-d258 @A: 03 32 06 25 | 09
#1358-d258 @A: 06 01 30 03 | 10
#1359-d258 @A: 05 35 24 06 | 03
#1360-d258 @A: 06 22 02 33 | 12
#1361-d258 @A: 06 28 10 01 | 01
#1362-d258 @A: 30 06 15 29 | 04
#1363-d258 @A: 08 19 33 06 | 02
#1364-d258 @A: 11 19 06 30 | 07
#1365-d258 @A: 06 33 11 09 | 05
#1366-d258 @A: 32 11 18 04 | 11
#1367-d258 @A: 34 04 14 35 | 08
#1368-d258 @A: 04 27 05 01 | 06
#1369-d258 @A: 04 30 05 18 | 09
#1370-d258 @A: 05 33 31 04 | 10
#1371-d258 @A: 14 04 02 15 | 03
#1372-d258 @A: 27 04 20 28 | 12
#1373-d258 @A: 27 04 19 09 | 01
#1374-d258 @A: 04 14 28 30 | 04
#1375-d258 @A: 35 31 32 30 | 02
#1376-d258 @A: 27 23 34 32 | 07
#1377-d258 @A: 34 32 22 18 | 05
#1378-d258 @A: 18 29 32 05 | 11
#1379-d258 @A: 21 16 18 32 | 08
#1380-d258 @A: 18 32 20 10 | 06
#1381-d258 @A: 07 20 32 19 | 09
#1382-d258 @A: 31 08 10 32 | 10
#1383-d258 @A: 32 25 19 09 | 03
#1384-d258 @A: 27 18 03 23 | 12
#1385-d258 @A: 09 29 25 03 | 01
#1386-d258 @A: 10 07 31 03 | 04
#1387-d258 @A: 20 35 05 15 | 02
#1388-d258 @A: 15 35 34 01 | 07
#1389-d258 @A: 20 24 35 34 | 05
#1390-d258 @A: 18 28 35 20 | 11
#1391-d258 @A: 29 15 08 35 | 08
#1392-d258 @A: 29 35 28 09 | 06
#1393-d258 @A: 31 35 21 08 | 09
#1394-d258 @A: 15 23 25 24 | 10
#1395-d258 @A: 25 23 33 28 | 03
#1396-d258 @A: 30 11 23 14 | 12
#1397-d258 @A: 09 14 15 23 | 01
#1398-d258 @A: 22 16 20 19 | 04
#1399-d258 @A: 25 21 24 22 | 02
#1400-d258 @A: 09 14 25 22 | 07
#1401-d258 @A: 27 22 25 07 | 05
#1402-d258 @A: 34 31 02 05 | 11
#1403-d258 @A: 01 09 18 05 | 08
#1404-d258 @A: 34 24 05 16 | 06
#1405-d258 @A: 08 30 05 20 | 09
#1406-d258 @A: 14 20 09 05 | 10
#1407-d258 @A: 07 05 10 18 | 03
#1408-d258 @A: 19 30 24 05 | 12
#1409-d258 @A: 10 11 05 24 | 01
#1410-d258 @A: 30 05 14 29 | 04
#1411-d258 @A: 21 30 05 25 | 02
#1412-d258 @A: 05 33 07 14 | 07
#1413-d258 @A: 02 01 31 28 | 05
#1414-d258 @A: 33 16 34 02 | 11
#1415-d258 @A: 09 24 02 28 | 08
#1416-d258 @A: 07 30 02 29 | 06
#1417-d258 @A: 30 31 02 08 | 09
#1418-d258 @A: 19 08 02 21 | 10
#1419-d258 @A: 02 28 10 30 | 03
#1420-d258 @A: 21 33 28 02 | 12
#1421-d258 @A: 08 01 33 18 | 01
#1422-d258 @A: 08 30 01 25 | 04
#1423-d258 @A: 01 33 19 31 | 02
#1424-d258 @A: 09 14 01 07 | 07
#1425-d258 @A: 31 11 16 18 | 05
#1426-d258 @A: 31 10 14 16 | 11
#1427-d258 @A: 16 09 19 15 | 08
#1428-d258 @A: 20 10 29 08 | 06
#1429-d258 @A: 20 27 19 31 | 09
#1430-d258 @A: 34 29 19 28 | 10
#1431-d258 @A: 34 31 09 21 | 03
#1432-d258 @A: 31 34 33 27 | 12
#1433-d258 @A: 34 25 21 14 | 01
#1434-d258 @A: 18 28 24 08 | 04
#1435-d258 @A: 17 13 30 03 | 02
#1436-d258 @A: 02 13 14 17 | 07
#1437-d258 @A: 32 17 03 12 | 05
#1438-d258 @A: 17 11 06 03 | 11
#1439-d258 @A: 27 18 17 04 | 08
#1440-d258 @A: 16 17 14 03 | 06
#1441-d258 @A: 35 23 28 17 | 09
#1442-d258 @A: 05 35 20 17 | 10
#1443-d258 @A: 05 21 18 17 | 03
#1444-d258 @A: 07 01 34 17 | 12
#1445-d258 @A: 09 17 24 30 | 01
#1446-d258 @A: 10 31 19 17 | 04
#1447-d258 @A: 13 09 28 26 | 02
#1448-d258 @A: 23 06 13 25 | 07
#1449-d258 @A: 06 08 01 13 | 05
#1450-d258 @A: 13 20 06 10 | 11
#1451-d258 @A: 03 18 28 13 | 08
#1452-d258 @A: 28 35 02 13 | 06
#1453-d258 @A: 27 31 13 23 | 09
#1454-d258 @A: 11 10 13 23 | 10
#1455-d258 @A: 22 14 28 13 | 03
#1456-d258 @A: 13 07 29 05 | 12
#1457-d258 @A: 13 05 14 11 | 01
#1458-d258 @A: 34 02 09 13 | 04
#1459-d258 @A: 21 15 13 20 | 02
#1460-d258 @A: 13 08 24 09 | 07
#1461-d258 @A: 09 29 19 13 | 05
#1462-d258 @A: 08 13 07 19 | 11
#1463-d258 @A: 13 10 31 33 | 08
#1464-d258 @A: 09 26 12 04 | 06
#1465-d258 @A: 14 02 26 12 | 09
#1466-d258 @A: 31 12 26 08 | 10
#1467-d258 @A: 25 12 27 26 | 03
#1468-d258 @A: 22 12 35 24 | 12
#1469-d258 @A: 12 27 18 35 | 01
#1470-d258 @A: 05 33 23 12 | 04
#1471-d258 @A: 05 01 11 12 | 02
#1472-d258 @A: 18 29 12 20 | 07
#1473-d258 @A: 30 14 31 12 | 05
#1474-d258 @A: 12 09 07 10 | 11
#1475-d258 @A: 26 14 05 06 | 08
#1476-d258 @A: 26 06 07 33 | 06
#1477-d258 @A: 04 19 26 15 | 09
#1478-d258 @A: 03 32 35 26 | 10
#1479-d258 @A: 19 26 16 35 | 03
#1480-d258 @A: 35 30 26 18 | 12
#1481-d258 @A: 34 19 26 23 | 01
#1482-d258 @A: 18 01 26 11 | 04
#1483-d258 @A: 26 31 24 21 | 02
#1484-d258 @A: 09 21 27 26 | 07
#1485-d258 @A: 31 04 22 06 | 05
#1486-d258 @A: 06 22 11 20 | 11
#1487-d258 @A: 22 06 08 18 | 08
#1488-d258 @A: 06 25 01 21 | 06
#1489-d258 @A: 30 20 18 06 | 09
#1490-d258 @A: 18 14 19 06 | 10
#1491-d258 @A: 06 14 24 08 | 03
#1492-d258 @A: 32 29 03 04 | 12
#1493-d258 @A: 15 04 29 23 | 01
#1494-d258 @A: 04 01 22 08 | 04
#1495-d258 @A: 24 22 11 04 | 02
#1496-d258 @A: 02 04 11 07 | 07
#1497-d258 @A: 29 04 31 30 | 05
#1498-d258 @A: 29 27 07 04 | 11
#1499-d258 @A: 25 27 21 04 | 08
#1500-d258 @A: 02 03 32 28 | 06
#1501-d258 @A: 18 09 35 32 | 09
#1502-d258 @A: 32 35 14 11 | 10
#1503-d258 @A: 32 05 23 09 | 03
#1504-d258 @A: 22 07 32 16 | 12
#1505-d258 @A: 05 28 32 16 | 01
#1506-d258 @A: 34 32 30 01 | 04
#1507-d258 @A: 32 08 29 14 | 02
#1508-d258 @A: 33 32 08 25 | 07
#1509-d258 @A: 09 32 21 08 | 05
#1510-d258 @A: 07 32 25 21 | 11
#1511-d258 @A: 19 03 34 05 | 08
#1512-d258 @A: 16 03 28 19 | 06
#1513-d258 @A: 15 16 03 21 | 09
#1514-d258 @A: 15 03 33 18 | 10
#1515-d258 @A: 03 08 31 14 | 03
#1516-d258 @A: 19 07 11 03 | 12
#1517-d258 @A: 33 35 02 23 | 01
#1518-d258 @A: 05 16 09 35 | 04
#1519-d258 @A: 11 02 27 35 | 02
#1520-d258 @A: 25 11 35 19 | 07
#1521-d258 @A: 20 28 22 23 | 05
#1522-d258 @A: 14 22 24 23 | 11
#1523-d258 @A: 18 19 23 02 | 08
#1524-d258 @A: 01 23 29 27 | 06
#1525-d258 @A: 25 30 29 23 | 09
#1526-d258 @A: 19 21 23 15 | 10
#1527-d258 @A: 22 02 05 29 | 03
#1528-d258 @A: 11 01 02 22 | 12
#1529-d258 @A: 22 24 34 02 | 01
#1530-d258 @A: 29 22 31 27 | 04
#1531-d258 @A: 05 34 01 28 | 02
#1532-d258 @A: 08 16 05 18 | 07
#1533-d258 @A: 18 20 05 31 | 05
#1534-d258 @A: 34 21 05 07 | 11
#1535-d258 @A: 05 27 15 24 | 08
#1536-d258 @A: 05 10 33 28 | 06
#1537-d258 @A: 01 08 02 20 | 09
#1538-d258 @A: 27 16 20 02 | 10
#1539-d258 @A: 16 29 02 15 | 03
#1540-d258 @A: 02 08 14 09 | 12
#1541-d258 @A: 30 33 02 19 | 01
#1542-d258 @A: 07 10 02 19 | 04
#1543-d258 @A: 30 02 09 11 | 02
#1544-d258 @A: 20 01 34 29 | 07
#1545-d258 @A: 18 20 01 19 | 05
#1546-d258 @A: 07 08 21 01 | 11
#1547-d258 @A: 33 28 01 27 | 08
#1548-d258 @A: 09 33 30 01 | 06
#1549-d258 @A: 27 10 14 01 | 09
#1550-d258 @A: 28 33 16 24 | 10
#1551-d258 @A: 15 28 10 16 | 03
#1552-d258 @A: 27 21 16 33 | 12
#1553-d258 @A: 25 24 19 20 | 01
#1554-d258 @A: 20 29 14 19 | 04
#1555-d258 @A: 28 25 21 20 | 02
#1556-d258 @A: 20 11 14 28 | 07
#1557-d258 @A: 07 29 18 34 | 05
#1558-d258 @A: 18 30 14 34 | 11
#1559-d258 @A: 30 34 24 10 | 08
#1560-d258 @A: 09 33 24 34 | 06
#1561-d258 @A: 07 34 11 24 | 09
#1562-d258 @A: 24 18 19 07 | 10
#1563-d258 @A: 25 24 18 09 | 03
#1564-d258 @A: 24 33 10 18 | 12
#1565-d258 @A: 11 18 10 28 | 01
#1566-d258 @A: 30 15 24 08 | 04
#1567-d258 @A: 12 27 17 13 | 02
#1568-d258 @A: 17 13 28 31 | 07
#1569-d258 @A: 01 09 17 12 | 05
#1570-d258 @A: 12 17 34 25 | 11
#1571-d258 @A: 26 05 31 17 | 08
#1572-d258 @A: 17 02 33 26 | 06
#1573-d258 @A: 18 17 06 07 | 09
#1574-d258 @A: 05 07 32 17 | 10
#1575-d258 @A: 35 18 17 34 | 03
#1576-d258 @A: 17 16 22 23 | 12
#1577-d258 @A: 22 21 17 01 | 01
#1578-d258 @A: 18 17 20 08 | 04
#1579-d258 @A: 17 29 31 11 | 02
#1580-d258 @A: 07 29 25 17 | 07
#1581-d258 @A: 10 29 17 30 | 05
#1582-d258 @A: 19 08 28 17 | 11
#1583-d258 @A: 17 31 09 15 | 08
#1584-d258 @A: 07 28 17 21 | 06
#1585-d258 @A: 13 32 04 25 | 09
#1586-d258 @A: 13 32 23 24 | 10
#1587-d258 @A: 33 13 32 01 | 03
#1588-d258 @A: 13 11 16 32 | 12
#1589-d258 @A: 32 30 18 13 | 01
#1590-d258 @A: 27 32 13 09 | 04
#1591-d258 @A: 35 13 25 15 | 02
#1592-d258 @A: 01 02 13 29 | 07
#1593-d258 @A: 16 31 13 02 | 05
#1594-d258 @A: 21 13 34 01 | 11
#1595-d258 @A: 27 08 30 13 | 08
#1596-d258 @A: 13 28 07 27 | 06
#1597-d258 @A: 13 21 25 33 | 09
#1598-d258 @A: 11 33 13 07 | 10
#1599-d258 @A: 01 06 26 12 | 03
#1600-d258 @A: 02 12 04 05 | 12
#1601-d258 @A: 03 08 02 12 | 01
#1602-d258 @A: 12 23 35 25 | 04
#1603-d258 @A: 12 08 20 22 | 02
#1604-d258 @A: 08 09 18 12 | 07
#1605-d258 @A: 11 19 12 31 | 05
#1606-d258 @A: 09 19 12 30 | 11
#1607-d258 @A: 26 23 06 03 | 08
#1608-d258 @A: 26 06 09 35 | 06
#1609-d258 @A: 26 19 01 32 | 09
#1610-d258 @A: 34 07 26 03 | 10
#1611-d258 @A: 16 26 34 28 | 03
#1612-d258 @A: 19 24 26 10 | 12
#1613-d258 @A: 31 28 25 26 | 01
#1614-d258 @A: 19 14 26 09 | 04
#1615-d258 @A: 21 11 26 28 | 02
#1616-d258 @A: 25 11 14 26 | 07
#1617-d258 @A: 04 19 06 35 | 05
#1618-d258 @A: 02 21 06 35 | 11
#1619-d258 @A: 07 22 23 06 | 08
#1620-d258 @A: 06 05 10 23 | 06
#1621-d258 @A: 06 14 20 16 | 09
#1622-d258 @A: 24 16 25 06 | 10
#1623-d258 @A: 06 15 30 34 | 03
#1624-d258 @A: 08 11 06 31 | 12
#1625-d258 @A: 14 21 06 11 | 01
#1626-d258 @A: 04 32 23 33 | 04
#1627-d258 @A: 04 23 07 03 | 02
#1628-d258 @A: 10 03 05 04 | 07
#1629-d258 @A: 04 33 10 35 | 05
#1630-d258 @A: 01 30 04 23 | 11
#1631-d258 @A: 05 20 04 07 | 08
#1632-d258 @A: 30 16 04 20 | 06
#1633-d258 @A: 11 30 04 25 | 09
#1634-d258 @A: 30 04 07 09 | 10
#1635-d258 @A: 14 21 33 04 | 03
#1636-d258 @A: 03 20 32 30 | 12
#1637-d258 @A: 02 15 32 23 | 01
#1638-d258 @A: 08 32 16 01 | 04
#1639-d258 @A: 32 15 01 27 | 02
#1640-d258 @A: 28 20 34 32 | 07
#1641-d258 @A: 32 09 11 24 | 05
#1642-d258 @A: 29 31 32 19 | 11
#1643-d258 @A: 24 03 01 35 | 08
#1644-d258 @A: 03 23 20 19 | 06
#1645-d258 @A: 31 25 03 23 | 09
#1646-d258 @A: 05 22 03 31 | 10
#1647-d258 @A: 27 08 03 16 | 03
#1648-d258 @A: 03 08 25 20 | 12
#1649-d258 @A: 28 10 14 03 | 01
#1650-d258 @A: 02 35 05 14 | 04
#1651-d258 @A: 35 01 28 16 | 02
#1652-d258 @A: 35 30 20 25 | 07
#1653-d258 @A: 08 33 35 07 | 05
#1654-d258 @A: 35 19 31 15 | 11
#1655-d258 @A: 27 35 28 25 | 08
#1656-d258 @A: 35 10 21 27 | 06
#1657-d258 @A: 14 23 08 28 | 09
#1658-d258 @A: 33 07 23 27 | 10
#1659-d258 @A: 16 11 05 22 | 03
#1660-d258 @A: 02 21 09 22 | 12
#1661-d258 @A: 22 16 01 31 | 01
#1662-d258 @A: 22 01 20 25 | 04
#1663-d258 @A: 31 10 22 11 | 02
#1664-d258 @A: 19 10 22 09 | 07
#1665-d258 @A: 14 15 21 22 | 05
#1666-d258 @A: 15 01 07 05 | 11
#1667-d258 @A: 21 16 05 20 | 08
#1668-d258 @A: 16 09 10 02 | 06
#1669-d258 @A: 08 02 25 29 | 09
#1670-d258 @A: 20 01 07 30 | 10
#1671-d258 @A: 14 33 01 34 | 03
#1672-d258 @A: 11 31 01 30 | 12
#1673-d258 @A: 10 07 01 33 | 01
#1674-d258 @A: 31 08 19 16 | 04
#1675-d258 @A: 10 28 16 08 | 02
#1676-d258 @A: 16 11 08 09 | 07
#1677-d258 @A: 16 09 19 33 | 05
#1678-d258 @A: 28 25 16 30 | 11
#1679-d258 @A: 11 28 16 27 | 08
#1680-d258 @A: 08 24 33 20 | 06
#1681-d258 @A: 09 20 19 28 | 09
#1682-d258 @A: 14 10 33 20 | 10
#1683-d258 @A: 34 33 18 11 | 03
#1684-d258 @A: 25 19 34 27 | 12
#1685-d258 @A: 08 19 25 18 | 01
#1686-d258 @A: 10 30 18 08 | 04
#1687-d258 @A: 28 19 18 33 | 02
#1688-d258 @A: 30 27 19 18 | 07
#1689-d258 @A: 28 15 33 24 | 05
