#0001-d259 @A: 17 15 33 06 | 03
#0002-d259 @A: 17 25 15 08 | 10
#0003-d259 @A: 13 08 15 34 | 07
#0004-d259 @A: 09 34 15 22 | 12
#0005-d259 @A: 30 34 20 15 | 02
#0006-d259 @A: 25 14 06 15 | 11
#0007-d259 @A: 30 06 03 15 | 04
#0008-d259 @A: 16 15 13 04 | 06
#0009-d259 @A: 05 12 11 15 | 08
#0010-d259 @A: 20 08 15 14 | 09
#0011-d259 @A: 18 09 08 15 | 01
#0012-d259 @A: 14 16 26 15 | 05
#0013-d259 @A: 15 30 31 19 | 03
#0014-d259 @A: 15 28 33 12 | 10
#0015-d259 @A: 21 16 15 01 | 07
#0016-d259 @A: 15 30 07 01 | 12
#0017-d259 @A: 20 17 02 10 | 02
#0018-d259 @A: 17 18 02 09 | 11
#0019-d259 @A: 32 17 23 26 | 04
#0020-d259 @A: 22 34 17 35 | 06
#0021-d259 @A: 34 20 06 17 | 08
#0022-d259 @A: 06 18 17 26 | 09
#0023-d259 @A: 17 12 06 19 | 01
#0024-d259 @A: 04 17 11 18 | 05
#0025-d259 @A: 23 17 08 04 | 03
#0026-d259 @A: 26 17 33 04 | 10
#0027-d259 @A: 16 04 17 21 | 07
#0028-d259 @A: 11 12 17 10 | 12
#0029-d259 @A: 31 18 17 01 | 02
#0030-d259 @A: 17 03 23 20 | 11
#0031-d259 @A: 17 22 20 12 | 04
#0032-d259 @A: 32 06 02 23 | 06
#0033-d259 @A: 19 29 04 02 | 08
#0034-d259 @A: 02 12 16 27 | 09
#0035-d259 @A: 02 23 08 10 | 01
#0036-d259 @A: 09 02 07 08 | 05
#0037-d259 @A: 12 28 02 08 | 03
#0038-d259 @A: 02 21 26 05 | 10
#0039-d259 @A: 02 23 03 14 | 07
#0040-d259 @A: 02 23 12 31 | 12
#0041-d259 @A: 01 16 18 02 | 02
#0042-d259 @A: 21 02 19 22 | 11
#0043-d259 @A: 35 06 01 32 | 04
#0044-d259 @A: 35 13 32 16 | 06
#0045-d259 @A: 32 19 27 04 | 08
#0046-d259 @A: 32 01 08 04 | 09
#0047-d259 @A: 29 10 01 32 | 01
#0048-d259 @A: 32 08 27 03 | 05
#0049-d259 @A: 33 08 32 20 | 03
#0050-d259 @A: 12 32 30 10 | 10
#0051-d259 @A: 09 26 32 33 | 07
#0052-d259 @A: 03 22 31 32 | 12
#0053-d259 @A: 31 32 16 21 | 02
#0054-d259 @A: 32 03 33 28 | 11
#0055-d259 @A: 06 34 07 13 | 04
#0056-d259 @A: 24 31 34 27 | 06
#0057-d259 @A: 21 09 34 24 | 08
#0058-d259 @A: 29 21 27 34 | 09
#0059-d259 @A: 18 29 34 26 | 01
#0060-d259 @A: 05 34 30 09 | 05
#0061-d259 @A: 16 34 28 20 | 03
#0062-d259 @A: 04 03 24 35 | 10
#0063-d259 @A: 21 29 35 14 | 07
#0064-d259 @A: 12 10 35 27 | 12
#0065-d259 @A: 25 10 05 35 | 02
#0066-d259 @A: 01 35 12 03 | 11
#0067-d259 @A: 19 04 11 06 | 04
#0068-d259 @A: 24 09 06 19 | 06
#0069-d259 @A: 06 05 07 27 | 08
#0070-d259 @A: 05 08 25 06 | 09
#0071-d259 @A: 01 05 06 26 | 01
#0072-d259 @A: 33 20 21 06 | 05
#0073-d259 @A: 30 06 18 13 | 03
#0074-d259 @A: 08 30 04 25 | 10
#0075-d259 @A: 05 33 04 23 | 07
#0076-d259 @A: 30 23 03 04 | 12
#0077-d259 @A: 18 04 20 07 | 02
#0078-d259 @A: 24 19 11 23 | 11
#0079-d259 @A: 26 27 19 24 | 04
#0080-d259 @A: 23 10 24 05 | 06
#0081-d259 @A: 03 24 19 07 | 08
#0082-d259 @A: 26 29 12 07 | 09
#0083-d259 @A: 29 23 31 30 | 01
#0084-d259 @A: 29 33 19 22 | 05
#0085-d259 @A: 29 20 25 03 | 03
#0086-d259 @A: 13 29 20 03 | 10
#0087-d259 @A: 03 18 29 12 | 07
#0088-d259 @A: 30 21 12 29 | 12
#0089-d259 @A: 11 18 13 27 | 02
#0090-d259 @A: 18 08 10 11 | 11
#0091-d259 @A: 11 08 05 22 | 04
#0092-d259 @A: 08 14 11 31 | 06
#0093-d259 @A: 09 05 11 23 | 08
#0094-d259 @A: 07 11 31 28 | 09
#0095-d259 @A: 11 01 18 21 | 01
#0096-d259 @A: 23 16 28 11 | 05
#0097-d259 @A: 11 28 30 18 | 03
#0098-d259 @A: 28 26 27 05 | 10
#0099-d259 @A: 18 14 27 05 | 07
#0100-d259 @A: 31 27 28 20 | 12
#0101-d259 @A: 27 22 12 31 | 02
#0102-d259 @A: 33 27 12 20 | 11
#0103-d259 @A: 27 23 03 28 | 04
#0104-d259 @A: 10 08 12 19 | 06
#0105-d259 @A: 21 26 08 19 | 08
#0106-d259 @A: 05 09 13 08 | 09
#0107-d259 @A: 08 01 13 14 | 01
#0108-d259 @A: 31 25 33 08 | 05
#0109-d259 @A: 25 08 12 20 | 03
#0110-d259 @A: 19 10 21 31 | 10
#0111-d259 @A: 21 10 22 23 | 07
#0112-d259 @A: 25 26 22 31 | 12
#0113-d259 @A: 16 23 26 19 | 02
#0114-d259 @A: 07 20 30 26 | 11
#0115-d259 @A: 22 18 21 26 | 04
#0116-d259 @A: 12 14 05 21 | 06
#0117-d259 @A: 31 25 01 05 | 08
#0118-d259 @A: 22 19 05 31 | 09
#0119-d259 @A: 25 05 22 03 | 01
#0120-d259 @A: 23 05 13 07 | 05
#0121-d259 @A: 14 33 21 01 | 03
#0122-d259 @A: 14 13 21 22 | 10
#0123-d259 @A: 31 18 25 09 | 07
#0124-d259 @A: 23 09 33 01 | 12
#0125-d259 @A: 01 21 19 09 | 02
#0126-d259 @A: 20 23 09 16 | 11
#0127-d259 @A: 33 18 22 13 | 04
#0128-d259 @A: 13 01 25 21 | 06
#0129-d259 @A: 07 15 32 17 | 08
#0130-d259 @A: 24 15 17 35 | 09
#0131-d259 @A: 04 15 02 06 | 01
#0132-d259 @A: 08 32 15 23 | 05
#0133-d259 @A: 20 32 15 09 | 03
#0134-d259 @A: 15 18 04 34 | 10
#0135-d259 @A: 10 15 34 01 | 07
#0136-d259 @A: 05 16 34 15 | 12
#0137-d259 @A: 34 14 15 03 | 02
#0138-d259 @A: 35 15 05 06 | 11
#0139-d259 @A: 15 12 06 08 | 04
#0140-d259 @A: 15 09 23 06 | 06
#0141-d259 @A: 26 11 15 29 | 08
#0142-d259 @A: 11 15 28 10 | 09
#0143-d259 @A: 14 31 12 15 | 01
#0144-d259 @A: 15 19 33 03 | 05
#0145-d259 @A: 15 16 33 23 | 03
#0146-d259 @A: 25 15 18 22 | 10
#0147-d259 @A: 17 02 24 03 | 07
#0148-d259 @A: 13 17 20 32 | 12
#0149-d259 @A: 17 10 34 03 | 02
#0150-d259 @A: 12 17 34 13 | 11
#0151-d259 @A: 35 06 07 17 | 04
#0152-d259 @A: 29 26 17 35 | 06
#0153-d259 @A: 17 35 30 16 | 08
#0154-d259 @A: 07 17 04 24 | 09
#0155-d259 @A: 17 12 29 01 | 01
#0156-d259 @A: 14 17 28 10 | 05
#0157-d259 @A: 33 23 25 17 | 03
#0158-d259 @A: 07 17 28 23 | 10
#0159-d259 @A: 19 25 28 17 | 07
#0160-d259 @A: 28 21 22 17 | 12
#0161-d259 @A: 02 10 32 34 | 02
#0162-d259 @A: 25 08 32 02 | 11
#0163-d259 @A: 11 12 02 34 | 04
#0164-d259 @A: 30 02 07 34 | 06
#0165-d259 @A: 26 06 30 02 | 08
#0166-d259 @A: 30 02 08 05 | 09
#0167-d259 @A: 20 02 33 23 | 01
#0168-d259 @A: 18 03 30 02 | 05
#0169-d259 @A: 19 02 01 23 | 03
#0170-d259 @A: 18 02 25 23 | 10
#0171-d259 @A: 22 09 32 35 | 07
#0172-d259 @A: 32 05 33 06 | 12
#0173-d259 @A: 04 32 14 22 | 02
#0174-d259 @A: 32 29 31 24 | 11
#0175-d259 @A: 32 09 30 24 | 04
#0176-d259 @A: 24 32 13 25 | 06
#0177-d259 @A: 28 32 23 29 | 08
#0178-d259 @A: 11 10 32 25 | 09
#0179-d259 @A: 32 05 18 08 | 01
#0180-d259 @A: 13 03 32 09 | 05
#0181-d259 @A: 32 13 33 01 | 03
#0182-d259 @A: 18 32 19 21 | 10
#0183-d259 @A: 21 18 32 13 | 07
#0184-d259 @A: 35 34 16 24 | 12
#0185-d259 @A: 11 34 01 35 | 02
#0186-d259 @A: 06 14 23 34 | 11
#0187-d259 @A: 34 04 20 05 | 04
#0188-d259 @A: 28 34 08 24 | 06
#0189-d259 @A: 29 12 34 28 | 08
#0190-d259 @A: 30 26 34 11 | 09
#0191-d259 @A: 10 34 08 25 | 01
#0192-d259 @A: 34 10 21 20 | 05
#0193-d259 @A: 34 16 18 30 | 03
#0194-d259 @A: 19 12 34 20 | 10
#0195-d259 @A: 18 34 25 28 | 07
#0196-d259 @A: 13 24 06 35 | 12
#0197-d259 @A: 35 22 04 29 | 02
#0198-d259 @A: 10 20 35 04 | 11
#0199-d259 @A: 26 23 35 11 | 04
#0200-d259 @A: 27 35 23 01 | 06
#0201-d259 @A: 35 20 09 28 | 08
#0202-d259 @A: 35 03 07 31 | 09
#0203-d259 @A: 13 31 28 35 | 01
#0204-d259 @A: 03 21 35 18 | 05
#0205-d259 @A: 35 16 19 12 | 03
#0206-d259 @A: 30 07 18 35 | 10
#0207-d259 @A: 04 06 18 29 | 07
#0208-d259 @A: 01 06 30 24 | 12
#0209-d259 @A: 24 06 18 25 | 02
#0210-d259 @A: 06 12 14 29 | 11
#0211-d259 @A: 16 11 13 06 | 04
#0212-d259 @A: 14 06 10 30 | 06
#0213-d259 @A: 06 19 33 30 | 08
#0214-d259 @A: 20 22 06 03 | 09
#0215-d259 @A: 03 07 06 23 | 01
#0216-d259 @A: 31 04 10 24 | 05
#0217-d259 @A: 10 08 29 04 | 03
#0218-d259 @A: 26 30 29 04 | 10
#0219-d259 @A: 29 33 04 14 | 07
#0220-d259 @A: 08 18 04 27 | 12
#0221-d259 @A: 04 09 31 26 | 02
#0222-d259 @A: 03 16 04 19 | 11
#0223-d259 @A: 04 01 23 18 | 04
#0224-d259 @A: 04 23 16 25 | 06
#0225-d259 @A: 21 29 24 05 | 08
#0226-d259 @A: 16 24 03 11 | 09
#0227-d259 @A: 24 13 09 19 | 01
#0228-d259 @A: 12 27 29 11 | 05
#0229-d259 @A: 20 05 29 11 | 03
#0230-d259 @A: 11 13 14 29 | 10
#0231-d259 @A: 26 05 23 29 | 07
#0232-d259 @A: 33 16 29 21 | 12
#0233-d259 @A: 09 25 27 11 | 02
#0234-d259 @A: 27 16 20 11 | 11
#0235-d259 @A: 07 11 05 10 | 04
#0236-d259 @A: 13 19 33 11 | 06
#0237-d259 @A: 11 33 18 25 | 08
#0238-d259 @A: 26 08 16 27 | 09
#0239-d259 @A: 27 01 05 09 | 01
#0240-d259 @A: 27 23 16 05 | 05
#0241-d259 @A: 27 19 21 03 | 03
#0242-d259 @A: 25 20 27 01 | 10
#0243-d259 @A: 27 25 21 16 | 07
#0244-d259 @A: 22 27 23 25 | 12
#0245-d259 @A: 21 08 07 25 | 02
#0246-d259 @A: 26 23 18 10 | 11
#0247-d259 @A: 05 28 10 19 | 04
#0248-d259 @A: 10 07 21 18 | 06
#0249-d259 @A: 26 03 23 25 | 08
#0250-d259 @A: 22 19 26 28 | 09
#0251-d259 @A: 26 12 28 23 | 01
#0252-d259 @A: 12 05 09 31 | 05
#0253-d259 @A: 23 31 03 05 | 03
#0254-d259 @A: 05 16 30 28 | 10
#0255-d259 @A: 30 25 12 05 | 07
#0256-d259 @A: 05 21 25 23 | 12
#0257-d259 @A: 19 09 16 14 | 02
#0258-d259 @A: 14 01 30 20 | 11
#0259-d259 @A: 23 01 12 14 | 04
#0260-d259 @A: 07 13 14 28 | 06
#0261-d259 @A: 18 07 14 19 | 08
#0262-d259 @A: 16 18 33 09 | 09
#0263-d259 @A: 28 33 09 13 | 01
#0264-d259 @A: 03 30 21 09 | 05
#0265-d259 @A: 23 09 28 30 | 03
#0266-d259 @A: 09 12 19 18 | 10
#0267-d259 @A: 23 31 13 20 | 07
#0268-d259 @A: 13 21 03 01 | 12
#0269-d259 @A: 23 19 28 13 | 02
#0270-d259 @A: 33 02 15 32 | 11
#0271-d259 @A: 02 34 28 15 | 04
#0272-d259 @A: 02 15 11 08 | 06
#0273-d259 @A: 30 15 32 26 | 08
#0274-d259 @A: 12 15 24 34 | 09
#0275-d259 @A: 22 15 35 03 | 01
#0276-d259 @A: 22 15 04 24 | 05
#0277-d259 @A: 30 29 27 15 | 03
#0278-d259 @A: 13 15 09 11 | 10
#0279-d259 @A: 15 05 26 33 | 07
#0280-d259 @A: 15 03 05 09 | 12
#0281-d259 @A: 15 22 07 33 | 02
#0282-d259 @A: 30 21 33 15 | 11
#0283-d259 @A: 12 22 16 15 | 04
#0284-d259 @A: 23 15 21 19 | 06
#0285-d259 @A: 25 17 06 02 | 08
#0286-d259 @A: 27 17 19 02 | 09
#0287-d259 @A: 01 32 17 24 | 01
#0288-d259 @A: 17 32 29 33 | 05
#0289-d259 @A: 17 12 32 09 | 03
#0290-d259 @A: 06 17 03 08 | 10
#0291-d259 @A: 06 22 17 13 | 07
#0292-d259 @A: 24 10 17 18 | 12
#0293-d259 @A: 17 24 21 19 | 02
#0294-d259 @A: 23 29 09 17 | 11
#0295-d259 @A: 22 33 27 17 | 04
#0296-d259 @A: 08 17 21 09 | 06
#0297-d259 @A: 26 17 14 12 | 08
#0298-d259 @A: 26 13 18 17 | 09
#0299-d259 @A: 20 17 28 33 | 01
#0300-d259 @A: 16 03 22 17 | 05
#0301-d259 @A: 07 16 17 01 | 03
#0302-d259 @A: 21 01 23 17 | 10
#0303-d259 @A: 18 16 17 20 | 07
#0304-d259 @A: 07 32 02 12 | 12
#0305-d259 @A: 34 02 16 04 | 02
#0306-d259 @A: 01 02 27 06 | 11
#0307-d259 @A: 04 33 02 21 | 04
#0308-d259 @A: 02 09 12 24 | 06
#0309-d259 @A: 29 23 02 27 | 08
#0310-d259 @A: 02 29 05 12 | 09
#0311-d259 @A: 03 11 02 05 | 01
#0312-d259 @A: 20 08 22 02 | 05
#0313-d259 @A: 13 10 02 09 | 03
#0314-d259 @A: 18 28 02 05 | 10
#0315-d259 @A: 20 12 02 01 | 07
#0316-d259 @A: 20 02 22 13 | 12
#0317-d259 @A: 19 28 02 07 | 02
#0318-d259 @A: 35 32 34 20 | 11
#0319-d259 @A: 32 14 34 28 | 04
#0320-d259 @A: 04 32 13 11 | 06
#0321-d259 @A: 33 12 04 32 | 08
#0322-d259 @A: 32 27 20 24 | 09
#0323-d259 @A: 28 24 32 10 | 01
#0324-d259 @A: 24 16 32 26 | 05
#0325-d259 @A: 29 32 16 14 | 03
#0326-d259 @A: 32 25 29 21 | 10
#0327-d259 @A: 21 11 26 32 | 07
#0328-d259 @A: 32 08 12 14 | 12
#0329-d259 @A: 32 10 14 03 | 02
#0330-d259 @A: 12 13 32 14 | 11
#0331-d259 @A: 32 12 21 01 | 04
#0332-d259 @A: 19 34 35 08 | 06
#0333-d259 @A: 16 34 06 27 | 08
#0334-d259 @A: 19 04 34 09 | 09
#0335-d259 @A: 03 22 04 34 | 01
#0336-d259 @A: 34 10 29 13 | 05
#0337-d259 @A: 34 22 14 08 | 03
#0338-d259 @A: 20 09 34 08 | 10
#0339-d259 @A: 16 33 34 22 | 07
#0340-d259 @A: 33 12 25 34 | 12
#0341-d259 @A: 12 34 07 03 | 02
#0342-d259 @A: 20 23 01 34 | 11
#0343-d259 @A: 10 19 06 35 | 04
#0344-d259 @A: 35 18 09 06 | 06
#0345-d259 @A: 06 30 35 31 | 08
#0346-d259 @A: 05 18 04 35 | 09
#0347-d259 @A: 16 35 22 23 | 01
#0348-d259 @A: 04 06 21 10 | 05
#0349-d259 @A: 23 06 11 01 | 03
#0350-d259 @A: 07 11 06 21 | 10
#0351-d259 @A: 27 06 09 33 | 07
#0352-d259 @A: 28 05 06 23 | 12
#0353-d259 @A: 16 33 01 06 | 02
#0354-d259 @A: 33 06 12 23 | 11
#0355-d259 @A: 16 12 06 03 | 04
#0356-d259 @A: 21 19 25 06 | 06
#0357-d259 @A: 19 04 08 24 | 08
#0358-d259 @A: 16 24 33 04 | 09
#0359-d259 @A: 04 05 29 16 | 01
#0360-d259 @A: 19 14 04 30 | 05
#0361-d259 @A: 21 04 01 22 | 03
#0362-d259 @A: 04 22 20 19 | 10
#0363-d259 @A: 12 25 07 04 | 07
#0364-d259 @A: 18 11 24 09 | 12
#0365-d259 @A: 08 24 10 30 | 02
#0366-d259 @A: 24 14 13 10 | 11
#0367-d259 @A: 26 14 24 33 | 04
#0368-d259 @A: 20 09 05 24 | 06
#0369-d259 @A: 07 31 24 21 | 08
#0370-d259 @A: 24 28 01 03 | 09
#0371-d259 @A: 22 03 24 23 | 01
#0372-d259 @A: 18 20 01 24 | 05
#0373-d259 @A: 21 16 20 24 | 03
#0374-d259 @A: 30 24 19 28 | 10
#0375-d259 @A: 28 21 12 24 | 07
#0376-d259 @A: 29 27 33 05 | 12
#0377-d259 @A: 33 20 26 29 | 02
#0378-d259 @A: 28 29 19 20 | 11
#0379-d259 @A: 29 19 25 13 | 04
#0380-d259 @A: 12 29 13 22 | 06
#0381-d259 @A: 26 11 18 27 | 08
#0382-d259 @A: 22 14 11 21 | 09
#0383-d259 @A: 20 11 21 28 | 01
#0384-d259 @A: 12 19 11 30 | 05
#0385-d259 @A: 18 27 31 21 | 03
#0386-d259 @A: 03 27 18 07 | 10
#0387-d259 @A: 30 21 01 27 | 07
#0388-d259 @A: 27 22 30 18 | 12
#0389-d259 @A: 19 12 27 23 | 02
#0390-d259 @A: 08 26 05 12 | 11
#0391-d259 @A: 23 14 08 26 | 04
#0392-d259 @A: 08 33 26 13 | 06
#0393-d259 @A: 16 31 08 18 | 08
#0394-d259 @A: 03 28 16 08 | 09
#0395-d259 @A: 01 16 08 19 | 01
#0396-d259 @A: 07 28 01 08 | 05
#0397-d259 @A: 30 08 21 20 | 03
#0398-d259 @A: 08 23 20 28 | 10
#0399-d259 @A: 14 10 33 05 | 07
#0400-d259 @A: 12 03 31 10 | 12
#0401-d259 @A: 07 31 10 25 | 02
#0402-d259 @A: 23 33 07 10 | 11
#0403-d259 @A: 33 10 28 30 | 04
#0404-d259 @A: 18 22 10 33 | 06
#0405-d259 @A: 16 10 20 22 | 08
#0406-d259 @A: 19 10 22 25 | 09
#0407-d259 @A: 07 26 05 09 | 01
#0408-d259 @A: 33 26 07 18 | 05
#0409-d259 @A: 19 26 18 03 | 03
#0410-d259 @A: 16 26 19 13 | 10
#0411-d259 @A: 13 26 20 21 | 07
#0412-d259 @A: 19 26 30 25 | 12
#0413-d259 @A: 01 05 16 12 | 02
#0414-d259 @A: 16 31 14 03 | 11
#0415-d259 @A: 14 25 20 31 | 04
#0416-d259 @A: 09 23 31 21 | 06
#0417-d259 @A: 33 19 28 09 | 08
#0418-d259 @A: 22 07 30 09 | 09
#0419-d259 @A: 01 13 31 22 | 01
#0420-d259 @A: 19 12 07 13 | 05
#0421-d259 @A: 17 27 15 11 | 03
#0422-d259 @A: 22 15 26 17 | 10
#0423-d259 @A: 15 30 02 22 | 07
#0424-d259 @A: 29 21 06 15 | 12
#0425-d259 @A: 15 11 31 06 | 02
#0426-d259 @A: 04 31 15 29 | 11
#0427-d259 @A: 15 04 27 12 | 04
#0428-d259 @A: 04 28 05 15 | 06
#0429-d259 @A: 21 14 15 04 | 08
#0430-d259 @A: 26 15 24 01 | 09
#0431-d259 @A: 18 29 10 15 | 01
#0432-d259 @A: 29 14 15 23 | 05
#0433-d259 @A: 15 14 22 10 | 03
#0434-d259 @A: 15 07 26 03 | 10
#0435-d259 @A: 15 16 25 31 | 07
#0436-d259 @A: 15 13 07 20 | 12
#0437-d259 @A: 17 32 02 31 | 02
#0438-d259 @A: 11 02 17 23 | 11
#0439-d259 @A: 02 13 17 19 | 04
#0440-d259 @A: 32 17 18 34 | 06
#0441-d259 @A: 34 01 17 27 | 08
#0442-d259 @A: 34 14 17 30 | 09
#0443-d259 @A: 01 25 35 17 | 01
#0444-d259 @A: 29 22 08 17 | 05
#0445-d259 @A: 17 22 09 11 | 03
#0446-d259 @A: 17 03 11 13 | 10
#0447-d259 @A: 28 17 26 03 | 07
#0448-d259 @A: 03 18 17 05 | 12
#0449-d259 @A: 07 09 17 33 | 02
#0450-d259 @A: 07 17 12 18 | 11
#0451-d259 @A: 35 26 12 02 | 04
#0452-d259 @A: 02 06 33 24 | 06
#0453-d259 @A: 26 10 02 04 | 08
#0454-d259 @A: 29 21 02 09 | 09
#0455-d259 @A: 25 02 22 29 | 01
#0456-d259 @A: 08 02 33 14 | 05
#0457-d259 @A: 22 02 16 26 | 03
#0458-d259 @A: 14 05 25 02 | 10
#0459-d259 @A: 02 16 20 31 | 07
#0460-d259 @A: 02 07 33 25 | 12
#0461-d259 @A: 25 03 02 16 | 02
#0462-d259 @A: 25 30 01 02 | 11
#0463-d259 @A: 02 18 19 20 | 04
#0464-d259 @A: 02 23 30 21 | 06
#0465-d259 @A: 08 32 16 34 | 08
#0466-d259 @A: 12 05 32 34 | 09
#0467-d259 @A: 32 23 31 35 | 01
#0468-d259 @A: 25 32 24 33 | 05
#0469-d259 @A: 07 32 14 27 | 03
#0470-d259 @A: 26 32 10 08 | 10
#0471-d259 @A: 22 32 08 07 | 07
#0472-d259 @A: 12 20 32 03 | 12
#0473-d259 @A: 25 32 03 30 | 02
#0474-d259 @A: 01 30 32 19 | 11
#0475-d259 @A: 35 14 34 33 | 04
#0476-d259 @A: 21 30 34 35 | 06
#0477-d259 @A: 04 08 34 26 | 08
#0478-d259 @A: 30 27 08 34 | 09
#0479-d259 @A: 27 20 34 03 | 01
#0480-d259 @A: 26 16 34 10 | 05
#0481-d259 @A: 14 07 34 05 | 03
#0482-d259 @A: 03 05 34 28 | 10
#0483-d259 @A: 33 34 01 07 | 07
#0484-d259 @A: 30 34 12 01 | 12
#0485-d259 @A: 34 22 07 19 | 02
#0486-d259 @A: 28 13 22 34 | 11
#0487-d259 @A: 35 23 29 06 | 04
#0488-d259 @A: 35 07 26 24 | 06
#0489-d259 @A: 29 35 13 33 | 08
#0490-d259 @A: 03 35 14 08 | 09
#0491-d259 @A: 35 13 30 26 | 01
#0492-d259 @A: 31 21 12 35 | 05
#0493-d259 @A: 28 16 33 35 | 03
#0494-d259 @A: 04 25 27 06 | 10
#0495-d259 @A: 12 01 06 04 | 07
#0496-d259 @A: 11 24 06 28 | 12
#0497-d259 @A: 31 03 06 27 | 02
#0498-d259 @A: 06 18 05 10 | 11
#0499-d259 @A: 12 09 06 10 | 04
#0500-d259 @A: 13 10 06 12 | 06
#0501-d259 @A: 09 26 06 28 | 08
#0502-d259 @A: 14 19 06 13 | 09
#0503-d259 @A: 31 21 06 28 | 01
#0504-d259 @A: 20 01 13 06 | 05
#0505-d259 @A: 18 07 06 01 | 03
#0506-d259 @A: 16 07 19 06 | 10
#0507-d259 @A: 19 20 23 06 | 07
#0508-d259 @A: 22 06 28 07 | 12
#0509-d259 @A: 11 04 08 12 | 02
#0510-d259 @A: 33 11 04 09 | 11
#0511-d259 @A: 05 33 13 04 | 04
#0512-d259 @A: 05 04 03 07 | 06
#0513-d259 @A: 20 12 04 13 | 08
#0514-d259 @A: 13 04 18 07 | 09
#0515-d259 @A: 26 24 03 29 | 01
#0516-d259 @A: 24 29 25 12 | 05
#0517-d259 @A: 28 07 24 33 | 03
#0518-d259 @A: 30 21 24 18 | 10
#0519-d259 @A: 29 18 14 11 | 07
#0520-d259 @A: 27 29 14 25 | 12
#0521-d259 @A: 08 01 33 29 | 02
#0522-d259 @A: 10 09 29 20 | 11
#0523-d259 @A: 29 14 05 22 | 04
#0524-d259 @A: 07 21 19 29 | 06
#0525-d259 @A: 03 11 14 27 | 08
#0526-d259 @A: 07 11 26 08 | 09
#0527-d259 @A: 11 08 20 03 | 01
#0528-d259 @A: 13 30 11 10 | 05
#0529-d259 @A: 11 16 26 05 | 03
#0530-d259 @A: 12 01 33 11 | 10
#0531-d259 @A: 07 16 30 11 | 07
#0532-d259 @A: 16 21 11 19 | 12
#0533-d259 @A: 12 11 18 16 | 02
#0534-d259 @A: 13 03 27 14 | 11
#0535-d259 @A: 27 31 07 33 | 04
#0536-d259 @A: 27 18 19 28 | 06
#0537-d259 @A: 19 08 05 09 | 08
#0538-d259 @A: 08 33 19 23 | 09
#0539-d259 @A: 33 18 08 21 | 01
#0540-d259 @A: 08 03 30 01 | 05
#0541-d259 @A: 23 01 22 08 | 03
#0542-d259 @A: 10 16 09 05 | 10
#0543-d259 @A: 10 30 05 22 | 07
#0544-d259 @A: 10 25 33 01 | 12
#0545-d259 @A: 19 03 01 10 | 02
#0546-d259 @A: 28 13 10 18 | 11
#0547-d259 @A: 18 01 09 26 | 04
#0548-d259 @A: 28 31 26 18 | 06
#0549-d259 @A: 25 18 26 16 | 08
#0550-d259 @A: 18 12 20 26 | 09
#0551-d259 @A: 14 20 13 05 | 01
#0552-d259 @A: 05 31 20 21 | 05
#0553-d259 @A: 25 05 33 16 | 03
#0554-d259 @A: 05 21 16 18 | 10
#0555-d259 @A: 14 22 09 33 | 07
#0556-d259 @A: 20 16 33 14 | 12
#0557-d259 @A: 33 14 18 12 | 02
#0558-d259 @A: 18 20 14 03 | 11
#0559-d259 @A: 13 23 14 16 | 04
#0560-d259 @A: 23 14 22 20 | 06
#0561-d259 @A: 21 18 14 25 | 08
#0562-d259 @A: 09 31 22 16 | 09
#0563-d259 @A: 21 13 31 09 | 01
#0564-d259 @A: 03 22 18 09 | 05
#0565-d259 @A: 33 23 21 13 | 03
#0566-d259 @A: 19 20 30 13 | 10
#0567-d259 @A: 35 15 32 16 | 07
#0568-d259 @A: 15 32 10 31 | 12
#0569-d259 @A: 11 33 15 34 | 02
#0570-d259 @A: 15 08 35 30 | 11
#0571-d259 @A: 27 22 06 15 | 04
#0572-d259 @A: 11 16 09 15 | 06
#0573-d259 @A: 10 30 09 15 | 08
#0574-d259 @A: 15 05 18 07 | 09
#0575-d259 @A: 33 15 31 09 | 01
#0576-d259 @A: 03 15 13 25 | 05
#0577-d259 @A: 12 01 15 25 | 03
#0578-d259 @A: 12 19 15 07 | 10
#0579-d259 @A: 12 18 30 15 | 07
#0580-d259 @A: 01 02 17 04 | 12
#0581-d259 @A: 21 14 02 17 | 02
#0582-d259 @A: 25 34 24 17 | 11
#0583-d259 @A: 35 31 10 17 | 04
#0584-d259 @A: 20 08 17 24 | 06
#0585-d259 @A: 17 28 05 24 | 08
#0586-d259 @A: 17 13 29 23 | 09
#0587-d259 @A: 17 20 11 25 | 01
#0588-d259 @A: 33 17 10 08 | 05
#0589-d259 @A: 08 17 01 26 | 03
#0590-d259 @A: 30 10 17 21 | 10
#0591-d259 @A: 05 30 01 17 | 07
#0592-d259 @A: 17 28 13 05 | 12
#0593-d259 @A: 33 19 16 17 | 02
#0594-d259 @A: 03 25 07 17 | 11
#0595-d259 @A: 30 19 07 17 | 04
#0596-d259 @A: 25 22 17 30 | 06
#0597-d259 @A: 02 28 32 27 | 08
#0598-d259 @A: 05 02 16 32 | 09
#0599-d259 @A: 35 20 29 02 | 01
#0600-d259 @A: 08 27 02 35 | 05
#0601-d259 @A: 02 25 04 11 | 03
#0602-d259 @A: 02 07 24 29 | 10
#0603-d259 @A: 02 19 11 26 | 07
#0604-d259 @A: 27 02 23 13 | 12
#0605-d259 @A: 08 02 31 21 | 02
#0606-d259 @A: 09 02 22 10 | 11
#0607-d259 @A: 02 28 16 10 | 04
#0608-d259 @A: 13 02 01 07 | 06
#0609-d259 @A: 22 02 28 23 | 08
#0610-d259 @A: 28 35 32 11 | 09
#0611-d259 @A: 04 32 24 06 | 01
#0612-d259 @A: 11 06 12 32 | 05
#0613-d259 @A: 06 10 16 32 | 03
#0614-d259 @A: 26 07 32 06 | 10
#0615-d259 @A: 19 06 22 32 | 07
#0616-d259 @A: 07 32 11 29 | 12
#0617-d259 @A: 29 03 32 09 | 02
#0618-d259 @A: 32 11 27 30 | 11
#0619-d259 @A: 32 20 23 11 | 04
#0620-d259 @A: 08 28 32 21 | 06
#0621-d259 @A: 07 19 32 05 | 08
#0622-d259 @A: 18 32 14 01 | 09
#0623-d259 @A: 22 16 28 32 | 01
#0624-d259 @A: 18 32 28 20 | 05
#0625-d259 @A: 06 34 12 35 | 03
#0626-d259 @A: 35 31 34 05 | 10
#0627-d259 @A: 10 30 04 34 | 07
#0628-d259 @A: 23 24 34 26 | 12
#0629-d259 @A: 22 05 34 24 | 02
#0630-d259 @A: 14 24 34 18 | 11
#0631-d259 @A: 14 29 34 09 | 04
#0632-d259 @A: 11 34 14 20 | 06
#0633-d259 @A: 18 27 09 34 | 08
#0634-d259 @A: 03 21 34 08 | 09
#0635-d259 @A: 34 10 28 07 | 01
#0636-d259 @A: 14 34 16 01 | 05
#0637-d259 @A: 20 34 18 13 | 03
#0638-d259 @A: 28 24 27 35 | 10
#0639-d259 @A: 22 05 27 35 | 07
#0640-d259 @A: 05 08 23 35 | 12
#0641-d259 @A: 35 30 05 26 | 02
#0642-d259 @A: 33 30 01 35 | 11
#0643-d259 @A: 01 18 28 35 | 04
#0644-d259 @A: 25 35 23 28 | 06
#0645-d259 @A: 29 01 06 09 | 08
#0646-d259 @A: 10 06 03 26 | 09
#0647-d259 @A: 05 22 06 16 | 01
#0648-d259 @A: 21 06 22 12 | 05
#0649-d259 @A: 04 13 31 24 | 03
#0650-d259 @A: 29 27 04 20 | 10
#0651-d259 @A: 10 22 11 04 | 07
#0652-d259 @A: 10 04 03 27 | 12
#0653-d259 @A: 08 04 05 21 | 02
#0654-d259 @A: 16 04 26 20 | 11
#0655-d259 @A: 20 33 01 04 | 04
#0656-d259 @A: 33 04 19 07 | 06
#0657-d259 @A: 01 30 04 16 | 08
#0658-d259 @A: 19 28 04 23 | 09
#0659-d259 @A: 25 27 08 24 | 01
#0660-d259 @A: 24 08 12 18 | 05
#0661-d259 @A: 14 19 24 10 | 03
#0662-d259 @A: 25 26 24 09 | 10
#0663-d259 @A: 01 05 33 24 | 07
#0664-d259 @A: 31 23 01 24 | 12
#0665-d259 @A: 07 16 24 18 | 02
#0666-d259 @A: 30 14 29 08 | 11
#0667-d259 @A: 29 03 23 01 | 04
#0668-d259 @A: 18 29 01 19 | 06
#0669-d259 @A: 18 25 29 30 | 08
#0670-d259 @A: 07 11 08 13 | 09
#0671-d259 @A: 08 11 28 19 | 01
#0672-d259 @A: 01 10 11 26 | 05
#0673-d259 @A: 22 16 25 11 | 03
#0674-d259 @A: 13 25 28 11 | 10
#0675-d259 @A: 27 10 30 26 | 07
#0676-d259 @A: 31 14 27 26 | 12
#0677-d259 @A: 25 12 28 27 | 02
#0678-d259 @A: 09 08 28 10 | 11
#0679-d259 @A: 31 26 05 10 | 04
#0680-d259 @A: 03 33 20 10 | 06
#0681-d259 @A: 20 33 10 13 | 08
#0682-d259 @A: 25 28 10 20 | 09
#0683-d259 @A: 26 33 01 31 | 01
#0684-d259 @A: 30 33 26 16 | 05
#0685-d259 @A: 22 33 23 26 | 03
#0686-d259 @A: 26 01 23 13 | 10
#0687-d259 @A: 28 30 26 21 | 07
#0688-d259 @A: 33 05 20 22 | 12
#0689-d259 @A: 33 14 13 31 | 02
#0690-d259 @A: 16 23 21 14 | 11
#0691-d259 @A: 19 22 14 12 | 04
#0692-d259 @A: 03 09 12 33 | 06
#0693-d259 @A: 09 33 21 25 | 08
#0694-d259 @A: 09 20 01 22 | 09
#0695-d259 @A: 12 30 09 16 | 01
#0696-d259 @A: 09 23 12 07 | 05
#0697-d259 @A: 22 23 09 19 | 03
#0698-d259 @A: 07 30 16 13 | 10
#0699-d259 @A: 16 17 15 10 | 07
#0700-d259 @A: 33 13 17 15 | 12
#0701-d259 @A: 17 01 15 20 | 02
#0702-d259 @A: 15 02 31 26 | 11
#0703-d259 @A: 02 13 18 15 | 04
#0704-d259 @A: 15 34 27 19 | 06
#0705-d259 @A: 06 01 15 19 | 08
#0706-d259 @A: 15 07 27 16 | 09
#0707-d259 @A: 20 15 31 07 | 01
#0708-d259 @A: 15 25 28 30 | 05
#0709-d259 @A: 34 08 12 17 | 03
#0710-d259 @A: 34 21 17 05 | 10
#0711-d259 @A: 23 17 10 06 | 07
#0712-d259 @A: 30 24 17 26 | 12
#0713-d259 @A: 14 24 22 17 | 02
#0714-d259 @A: 12 23 17 24 | 11
#0715-d259 @A: 11 19 17 29 | 04
#0716-d259 @A: 17 14 20 29 | 06
#0717-d259 @A: 31 17 08 27 | 08
#0718-d259 @A: 17 26 25 10 | 09
#0719-d259 @A: 13 17 01 10 | 01
#0720-d259 @A: 31 12 28 17 | 05
#0721-d259 @A: 33 18 17 30 | 03
#0722-d259 @A: 17 30 12 03 | 10
#0723-d259 @A: 34 35 02 25 | 07
#0724-d259 @A: 24 34 20 02 | 12
#0725-d259 @A: 34 08 02 29 | 02
#0726-d259 @A: 28 06 29 02 | 11
#0727-d259 @A: 20 11 06 02 | 04
#0728-d259 @A: 04 12 22 02 | 06
#0729-d259 @A: 10 03 02 29 | 08
#0730-d259 @A: 09 11 02 30 | 09
#0731-d259 @A: 31 11 13 02 | 01
#0732-d259 @A: 02 27 33 26 | 05
#0733-d259 @A: 08 26 02 18 | 03
#0734-d259 @A: 02 22 01 31 | 10
#0735-d259 @A: 02 03 12 21 | 07
#0736-d259 @A: 02 18 22 07 | 12
#0737-d259 @A: 13 30 12 02 | 02
#0738-d259 @A: 32 04 34 29 | 11
#0739-d259 @A: 14 35 32 30 | 04
#0740-d259 @A: 13 32 05 06 | 06
#0741-d259 @A: 32 21 09 04 | 08
#0742-d259 @A: 31 32 04 20 | 09
#0743-d259 @A: 23 07 24 32 | 01
#0744-d259 @A: 11 05 32 01 | 05
#0745-d259 @A: 32 26 12 27 | 03
#0746-d259 @A: 01 32 13 27 | 10
#0747-d259 @A: 31 09 08 32 | 07
#0748-d259 @A: 20 14 26 32 | 12
#0749-d259 @A: 32 12 25 31 | 02
#0750-d259 @A: 33 01 32 22 | 11
#0751-d259 @A: 20 16 30 32 | 04
#0752-d259 @A: 18 32 12 22 | 06
#0753-d259 @A: 27 35 26 34 | 08
#0754-d259 @A: 09 34 23 35 | 09
#0755-d259 @A: 04 21 11 34 | 01
#0756-d259 @A: 29 30 24 34 | 05
#0757-d259 @A: 10 19 11 34 | 03
#0758-d259 @A: 05 34 33 08 | 10
#0759-d259 @A: 12 09 26 34 | 07
#0760-d259 @A: 31 26 34 07 | 12
#0761-d259 @A: 09 34 16 13 | 02
#0762-d259 @A: 31 25 34 03 | 11
#0763-d259 @A: 01 21 31 34 | 04
#0764-d259 @A: 03 18 01 34 | 06
#0765-d259 @A: 25 19 01 34 | 08
#0766-d259 @A: 16 07 34 21 | 09
#0767-d259 @A: 04 35 06 33 | 01
#0768-d259 @A: 24 35 20 06 | 05
#0769-d259 @A: 14 31 04 35 | 03
#0770-d259 @A: 11 09 35 07 | 10
#0771-d259 @A: 35 26 19 09 | 07
#0772-d259 @A: 20 35 01 16 | 12
#0773-d259 @A: 35 22 01 07 | 02
#0774-d259 @A: 22 35 21 20 | 11
#0775-d259 @A: 35 19 30 22 | 04
#0776-d259 @A: 04 20 08 06 | 06
#0777-d259 @A: 03 04 06 09 | 08
#0778-d259 @A: 08 24 06 21 | 09
#0779-d259 @A: 03 06 29 05 | 01
#0780-d259 @A: 03 11 06 18 | 05
#0781-d259 @A: 18 14 08 06 | 03
#0782-d259 @A: 09 06 26 13 | 10
#0783-d259 @A: 06 30 25 07 | 07
#0784-d259 @A: 04 12 24 14 | 12
#0785-d259 @A: 04 29 21 23 | 02
#0786-d259 @A: 04 29 13 22 | 11
#0787-d259 @A: 14 13 04 08 | 04
#0788-d259 @A: 04 19 26 05 | 06
#0789-d259 @A: 04 31 21 03 | 08
#0790-d259 @A: 01 19 31 04 | 09
#0791-d259 @A: 03 01 25 04 | 01
#0792-d259 @A: 30 04 12 20 | 05
#0793-d259 @A: 07 30 04 21 | 03
#0794-d259 @A: 25 04 30 13 | 10
#0795-d259 @A: 21 24 13 29 | 07
#0796-d259 @A: 30 11 14 24 | 12
#0797-d259 @A: 11 13 24 22 | 02
#0798-d259 @A: 27 33 24 10 | 11
#0799-d259 @A: 03 24 33 13 | 04
#0800-d259 @A: 24 30 23 33 | 06
#0801-d259 @A: 20 24 12 07 | 08
#0802-d259 @A: 25 22 24 07 | 09
#0803-d259 @A: 20 29 08 18 | 01
#0804-d259 @A: 29 30 13 05 | 05
#0805-d259 @A: 29 19 31 12 | 03
#0806-d259 @A: 28 03 07 29 | 10
#0807-d259 @A: 22 03 21 29 | 07
#0808-d259 @A: 11 27 21 05 | 12
#0809-d259 @A: 11 09 10 31 | 02
#0810-d259 @A: 05 11 14 19 | 11
#0811-d259 @A: 21 12 11 09 | 04
#0812-d259 @A: 11 20 12 31 | 06
#0813-d259 @A: 11 31 22 23 | 08
#0814-d259 @A: 20 07 33 11 | 09
#0815-d259 @A: 33 28 11 22 | 01
#0816-d259 @A: 03 11 19 22 | 05
#0817-d259 @A: 20 22 18 11 | 03
#0818-d259 @A: 23 13 11 12 | 10
#0819-d259 @A: 27 22 08 10 | 07
#0820-d259 @A: 19 07 08 27 | 12
#0821-d259 @A: 27 10 22 13 | 02
#0822-d259 @A: 01 12 27 18 | 11
#0823-d259 @A: 28 13 20 27 | 04
#0824-d259 @A: 05 03 08 10 | 06
#0825-d259 @A: 08 10 20 01 | 08
#0826-d259 @A: 03 28 13 08 | 09
#0827-d259 @A: 16 08 07 20 | 01
#0828-d259 @A: 10 14 23 25 | 05
#0829-d259 @A: 10 31 33 16 | 03
#0830-d259 @A: 16 10 19 18 | 10
#0831-d259 @A: 26 25 13 31 | 07
#0832-d259 @A: 12 33 26 13 | 12
#0833-d259 @A: 12 21 26 16 | 02
#0834-d259 @A: 05 18 31 30 | 11
#0835-d259 @A: 30 14 25 09 | 04
#0836-d259 @A: 22 14 31 18 | 06
#0837-d259 @A: 03 33 14 30 | 08
#0838-d259 @A: 25 14 22 01 | 09
#0839-d259 @A: 18 14 25 13 | 01
#0840-d259 @A: 31 09 01 30 | 05
#0841-d259 @A: 16 07 09 03 | 03
#0842-d259 @A: 15 12 17 02 | 10
#0843-d259 @A: 20 05 15 02 | 07
#0844-d259 @A: 32 03 04 15 | 12
#0845-d259 @A: 07 35 34 15 | 02
#0846-d259 @A: 10 23 15 35 | 11
#0847-d259 @A: 35 15 12 09 | 04
#0848-d259 @A: 20 06 15 10 | 06
#0849-d259 @A: 15 11 07 04 | 08
#0850-d259 @A: 15 04 10 33 | 09
#0851-d259 @A: 25 04 26 15 | 01
#0852-d259 @A: 15 04 01 09 | 05
#0853-d259 @A: 04 20 15 23 | 03
#0854-d259 @A: 15 29 13 01 | 10
#0855-d259 @A: 25 03 15 11 | 07
#0856-d259 @A: 27 15 33 14 | 12
#0857-d259 @A: 10 15 05 21 | 02
#0858-d259 @A: 26 21 09 15 | 11
#0859-d259 @A: 20 15 26 19 | 04
#0860-d259 @A: 05 15 22 23 | 06
#0861-d259 @A: 03 15 20 16 | 08
#0862-d259 @A: 17 34 33 02 | 09
#0863-d259 @A: 02 07 26 17 | 01
#0864-d259 @A: 04 34 17 31 | 05
#0865-d259 @A: 35 23 17 14 | 03
#0866-d259 @A: 04 14 03 17 | 10
#0867-d259 @A: 17 20 09 04 | 07
#0868-d259 @A: 07 24 17 13 | 12
#0869-d259 @A: 17 03 27 29 | 02
#0870-d259 @A: 08 17 11 30 | 11
#0871-d259 @A: 27 18 17 25 | 04
#0872-d259 @A: 17 14 19 08 | 06
#0873-d259 @A: 20 26 17 05 | 08
#0874-d259 @A: 01 03 32 02 | 09
#0875-d259 @A: 32 02 21 20 | 01
#0876-d259 @A: 04 13 35 02 | 05
#0877-d259 @A: 16 02 21 35 | 03
#0878-d259 @A: 16 02 06 09 | 10
#0879-d259 @A: 24 02 04 18 | 07
#0880-d259 @A: 02 31 14 29 | 12
#0881-d259 @A: 28 11 14 02 | 02
#0882-d259 @A: 18 10 02 27 | 11
#0883-d259 @A: 30 02 14 27 | 04
#0884-d259 @A: 07 03 20 02 | 06
#0885-d259 @A: 32 26 01 34 | 08
#0886-d259 @A: 32 27 06 18 | 09
#0887-d259 @A: 32 04 18 26 | 01
#0888-d259 @A: 32 03 24 05 | 05
#0889-d259 @A: 33 32 31 18 | 03
#0890-d259 @A: 03 18 16 32 | 10
#0891-d259 @A: 32 07 21 03 | 07
#0892-d259 @A: 32 01 20 07 | 12
#0893-d259 @A: 18 34 10 35 | 02
#0894-d259 @A: 25 06 11 34 | 11
#0895-d259 @A: 31 06 34 09 | 04
#0896-d259 @A: 34 20 31 29 | 06
#0897-d259 @A: 16 29 19 34 | 08
#0898-d259 @A: 13 21 34 11 | 09
#0899-d259 @A: 34 13 14 30 | 01
#0900-d259 @A: 09 16 34 25 | 05
#0901-d259 @A: 16 31 12 34 | 03
#0902-d259 @A: 34 18 33 20 | 10
#0903-d259 @A: 34 33 30 13 | 07
#0904-d259 @A: 25 13 19 34 | 12
#0905-d259 @A: 34 22 25 21 | 02
#0906-d259 @A: 01 35 24 09 | 11
#0907-d259 @A: 18 35 13 24 | 04
#0908-d259 @A: 10 29 35 30 | 06
#0909-d259 @A: 29 35 05 28 | 08
#0910-d259 @A: 09 29 35 25 | 09
#0911-d259 @A: 19 35 33 11 | 01
#0912-d259 @A: 30 27 35 09 | 05
#0913-d259 @A: 35 09 21 10 | 03
#0914-d259 @A: 05 14 09 35 | 10
#0915-d259 @A: 20 12 05 35 | 07
#0916-d259 @A: 21 33 07 35 | 12
#0917-d259 @A: 03 28 35 30 | 02
#0918-d259 @A: 20 23 18 35 | 11
#0919-d259 @A: 11 06 22 26 | 04
#0920-d259 @A: 23 08 27 06 | 06
#0921-d259 @A: 05 06 21 09 | 08
#0922-d259 @A: 06 31 01 20 | 09
#0923-d259 @A: 07 06 12 31 | 01
#0924-d259 @A: 03 25 33 06 | 05
#0925-d259 @A: 21 06 03 01 | 03
#0926-d259 @A: 20 12 28 06 | 10
#0927-d259 @A: 21 23 18 06 | 07
#0928-d259 @A: 04 01 11 27 | 12
#0929-d259 @A: 11 04 28 26 | 02
#0930-d259 @A: 27 22 04 26 | 11
#0931-d259 @A: 33 08 28 04 | 04
#0932-d259 @A: 16 04 10 07 | 06
#0933-d259 @A: 09 04 23 13 | 08
#0934-d259 @A: 12 04 18 31 | 09
#0935-d259 @A: 22 04 30 28 | 01
#0936-d259 @A: 29 11 24 10 | 05
#0937-d259 @A: 24 27 03 12 | 03
#0938-d259 @A: 22 24 08 26 | 10
#0939-d259 @A: 16 05 08 24 | 07
#0940-d259 @A: 26 24 05 18 | 12
#0941-d259 @A: 24 31 14 05 | 02
#0942-d259 @A: 05 07 24 30 | 11
#0943-d259 @A: 24 25 23 20 | 04
#0944-d259 @A: 30 22 12 24 | 06
#0945-d259 @A: 29 12 33 10 | 08
#0946-d259 @A: 21 28 29 10 | 09
#0947-d259 @A: 07 05 29 25 | 01
#0948-d259 @A: 29 28 33 25 | 05
#0949-d259 @A: 29 16 25 01 | 03
#0950-d259 @A: 23 16 29 18 | 10
#0951-d259 @A: 09 01 11 08 | 07
#0952-d259 @A: 14 25 26 11 | 12
#0953-d259 @A: 09 26 20 11 | 02
#0954-d259 @A: 26 03 33 11 | 11
#0955-d259 @A: 22 01 11 30 | 04
#0956-d259 @A: 08 19 13 27 | 06
#0957-d259 @A: 09 22 27 21 | 08
#0958-d259 @A: 33 23 27 18 | 09
#0959-d259 @A: 03 01 22 27 | 01
#0960-d259 @A: 27 28 30 07 | 05
#0961-d259 @A: 21 27 13 30 | 03
#0962-d259 @A: 08 12 16 33 | 10
#0963-d259 @A: 08 19 03 25 | 07
#0964-d259 @A: 08 21 12 23 | 12
#0965-d259 @A: 10 26 07 13 | 02
#0966-d259 @A: 10 28 22 03 | 11
#0967-d259 @A: 18 03 10 25 | 04
#0968-d259 @A: 19 26 01 07 | 06
#0969-d259 @A: 13 03 07 05 | 08
#0970-d259 @A: 21 05 13 19 | 09
#0971-d259 @A: 14 31 09 28 | 01
#0972-d259 @A: 20 14 19 21 | 05
#0973-d259 @A: 25 09 28 03 | 03
#0974-d259 @A: 30 17 15 04 | 10
#0975-d259 @A: 15 17 29 28 | 07
#0976-d259 @A: 05 15 17 31 | 12
#0977-d259 @A: 02 15 23 24 | 02
#0978-d259 @A: 16 29 15 02 | 11
#0979-d259 @A: 32 21 34 15 | 04
#0980-d259 @A: 32 06 28 15 | 06
#0981-d259 @A: 14 28 35 15 | 08
#0982-d259 @A: 08 15 24 33 | 09
#0983-d259 @A: 25 24 19 15 | 01
#0984-d259 @A: 28 23 01 15 | 05
#0985-d259 @A: 35 28 17 02 | 03
#0986-d259 @A: 17 32 35 08 | 10
#0987-d259 @A: 14 17 25 32 | 07
#0988-d259 @A: 20 17 35 27 | 12
#0989-d259 @A: 17 22 06 04 | 02
#0990-d259 @A: 29 17 31 06 | 11
#0991-d259 @A: 06 09 17 30 | 04
#0992-d259 @A: 06 28 17 16 | 06
#0993-d259 @A: 17 29 24 16 | 08
#0994-d259 @A: 17 11 01 28 | 09
#0995-d259 @A: 14 09 17 27 | 01
#0996-d259 @A: 25 17 13 09 | 05
#0997-d259 @A: 19 17 31 03 | 03
#0998-d259 @A: 31 23 16 17 | 10
#0999-d259 @A: 20 31 17 30 | 07
#1000-d259 @A: 21 17 12 33 | 12
#1001-d259 @A: 20 21 07 17 | 02
#1002-d259 @A: 17 23 18 22 | 11
#1003-d259 @A: 02 32 35 19 | 04
#1004-d259 @A: 32 09 14 02 | 06
#1005-d259 @A: 01 02 09 34 | 08
#1006-d259 @A: 35 07 05 02 | 09
#1007-d259 @A: 35 02 09 31 | 01
#1008-d259 @A: 06 14 02 22 | 05
#1009-d259 @A: 02 04 28 09 | 03
#1010-d259 @A: 11 33 16 02 | 10
#1011-d259 @A: 31 02 30 10 | 07
#1012-d259 @A: 02 33 19 31 | 12
#1013-d259 @A: 03 33 22 02 | 02
#1014-d259 @A: 07 02 21 01 | 11
#1015-d259 @A: 16 07 23 02 | 04
#1016-d259 @A: 13 32 34 26 | 06
#1017-d259 @A: 21 05 35 32 | 08
#1018-d259 @A: 11 24 32 08 | 09
#1019-d259 @A: 32 28 05 09 | 01
#1020-d259 @A: 32 01 09 16 | 05
#1021-d259 @A: 31 28 32 01 | 03
#1022-d259 @A: 31 32 07 30 | 10
#1023-d259 @A: 32 01 25 23 | 07
#1024-d259 @A: 30 32 23 13 | 12
#1025-d259 @A: 03 29 34 35 | 02
#1026-d259 @A: 35 34 27 13 | 11
#1027-d259 @A: 33 06 29 34 | 04
#1028-d259 @A: 06 05 34 19 | 06
#1029-d259 @A: 18 06 34 22 | 08
#1030-d259 @A: 34 24 04 01 | 09
#1031-d259 @A: 24 13 23 34 | 01
#1032-d259 @A: 14 10 34 31 | 05
#1033-d259 @A: 33 09 10 34 | 03
#1034-d259 @A: 28 33 26 34 | 10
#1035-d259 @A: 13 34 05 31 | 07
#1036-d259 @A: 23 16 34 03 | 12
#1037-d259 @A: 28 23 34 21 | 02
#1038-d259 @A: 08 28 06 35 | 11
#1039-d259 @A: 04 11 30 35 | 04
#1040-d259 @A: 27 04 21 35 | 06
#1041-d259 @A: 35 11 29 16 | 08
#1042-d259 @A: 11 14 35 12 | 09
#1043-d259 @A: 35 20 26 08 | 01
#1044-d259 @A: 10 05 35 13 | 05
#1045-d259 @A: 14 26 22 35 | 03
#1046-d259 @A: 20 35 09 13 | 10
#1047-d259 @A: 20 33 31 35 | 07
#1048-d259 @A: 07 35 19 23 | 12
#1049-d259 @A: 06 05 04 30 | 02
#1050-d259 @A: 21 06 04 13 | 11
#1051-d259 @A: 24 06 22 29 | 04
#1052-d259 @A: 06 07 29 08 | 06
#1053-d259 @A: 06 09 14 11 | 08
#1054-d259 @A: 33 26 06 08 | 09
#1055-d259 @A: 28 24 04 29 | 01
#1056-d259 @A: 23 09 24 04 | 05
#1057-d259 @A: 03 11 29 04 | 03
#1058-d259 @A: 05 10 04 12 | 10
#1059-d259 @A: 10 18 14 04 | 07
#1060-d259 @A: 04 28 13 26 | 12
#1061-d259 @A: 33 30 04 31 | 02
#1062-d259 @A: 04 22 25 33 | 11
#1063-d259 @A: 04 22 16 18 | 04
#1064-d259 @A: 21 20 25 04 | 06
#1065-d259 @A: 08 24 23 29 | 08
#1066-d259 @A: 09 24 27 16 | 09
#1067-d259 @A: 10 24 16 12 | 01
#1068-d259 @A: 24 18 03 31 | 05
#1069-d259 @A: 19 24 16 31 | 03
#1070-d259 @A: 24 31 20 22 | 10
#1071-d259 @A: 29 11 09 28 | 07
#1072-d259 @A: 26 27 29 01 | 12
#1073-d259 @A: 07 33 29 30 | 02
#1074-d259 @A: 30 03 16 29 | 11
#1075-d259 @A: 22 07 16 29 | 04
#1076-d259 @A: 20 07 23 29 | 06
#1077-d259 @A: 29 19 25 23 | 08
#1078-d259 @A: 22 29 23 12 | 09
#1079-d259 @A: 23 27 11 10 | 01
#1080-d259 @A: 26 05 13 11 | 05
#1081-d259 @A: 11 05 25 28 | 03
#1082-d259 @A: 31 03 11 30 | 10
#1083-d259 @A: 31 16 11 01 | 07
#1084-d259 @A: 01 07 11 03 | 12
#1085-d259 @A: 11 23 03 21 | 02
#1086-d259 @A: 19 11 07 25 | 11
#1087-d259 @A: 10 31 27 01 | 04
#1088-d259 @A: 27 03 05 30 | 06
#1089-d259 @A: 05 19 27 25 | 08
#1090-d259 @A: 09 27 13 07 | 09
#1091-d259 @A: 27 33 01 19 | 01
#1092-d259 @A: 21 28 27 33 | 05
#1093-d259 @A: 20 30 27 19 | 03
#1094-d259 @A: 12 21 07 27 | 10
#1095-d259 @A: 23 08 31 07 | 07
#1096-d259 @A: 22 08 30 33 | 12
#1097-d259 @A: 03 08 23 18 | 02
#1098-d259 @A: 21 22 16 08 | 11
#1099-d259 @A: 13 08 23 22 | 04
#1100-d259 @A: 18 20 10 31 | 06
#1101-d259 @A: 16 10 21 03 | 08
#1102-d259 @A: 10 20 25 13 | 09
#1103-d259 @A: 10 23 19 30 | 01
#1104-d259 @A: 07 26 23 21 | 05
#1105-d259 @A: 03 05 12 19 | 03
#1106-d259 @A: 01 18 22 05 | 10
#1107-d259 @A: 13 05 12 16 | 07
#1108-d259 @A: 05 30 21 19 | 12
#1109-d259 @A: 22 05 28 12 | 02
#1110-d259 @A: 23 09 18 14 | 11
#1111-d259 @A: 33 28 23 14 | 04
#1112-d259 @A: 28 21 14 03 | 06
#1113-d259 @A: 14 12 25 03 | 08
#1114-d259 @A: 07 16 14 12 | 09
#1115-d259 @A: 28 18 16 14 | 01
#1116-d259 @A: 09 03 20 31 | 05
#1117-d259 @A: 12 25 09 22 | 03
#1118-d259 @A: 03 30 31 13 | 10
#1119-d259 @A: 18 16 13 31 | 07
#1120-d259 @A: 13 07 33 25 | 12
#1121-d259 @A: 16 22 13 25 | 02
#1122-d259 @A: 23 17 34 15 | 11
#1123-d259 @A: 27 15 02 03 | 04
#1124-d259 @A: 11 32 22 15 | 06
#1125-d259 @A: 32 15 28 13 | 08
#1126-d259 @A: 26 06 34 15 | 09
#1127-d259 @A: 18 35 26 15 | 01
#1128-d259 @A: 15 27 24 05 | 05
#1129-d259 @A: 11 14 15 01 | 03
#1130-d259 @A: 25 10 15 27 | 10
#1131-d259 @A: 09 15 27 28 | 07
#1132-d259 @A: 10 08 07 15 | 12
#1133-d259 @A: 13 15 26 14 | 02
#1134-d259 @A: 15 21 22 31 | 11
#1135-d259 @A: 31 23 15 18 | 04
#1136-d259 @A: 15 19 16 28 | 06
#1137-d259 @A: 12 20 15 21 | 08
#1138-d259 @A: 15 21 28 07 | 09
#1139-d259 @A: 04 05 17 32 | 01
#1140-d259 @A: 32 19 17 20 | 05
#1141-d259 @A: 34 07 29 17 | 03
#1142-d259 @A: 17 05 35 33 | 10
#1143-d259 @A: 24 06 27 17 | 07
#1144-d259 @A: 06 17 05 11 | 12
#1145-d259 @A: 19 04 10 17 | 02
#1146-d259 @A: 33 17 11 24 | 11
#1147-d259 @A: 17 14 11 07 | 04
#1148-d259 @A: 08 30 13 17 | 06
#1149-d259 @A: 09 01 10 17 | 08
#1150-d259 @A: 09 17 16 26 | 09
#1151-d259 @A: 02 32 04 30 | 01
#1152-d259 @A: 02 03 34 13 | 05
#1153-d259 @A: 10 02 35 33 | 03
#1154-d259 @A: 02 31 11 24 | 10
#1155-d259 @A: 02 24 27 21 | 07
#1156-d259 @A: 02 16 13 08 | 12
#1157-d259 @A: 01 02 10 05 | 02
#1158-d259 @A: 09 26 23 02 | 11
#1159-d259 @A: 02 20 26 25 | 04
#1160-d259 @A: 09 33 02 05 | 06
#1161-d259 @A: 02 25 05 13 | 08
#1162-d259 @A: 28 01 33 02 | 09
#1163-d259 @A: 02 16 19 30 | 01
#1164-d259 @A: 02 13 21 28 | 05
#1165-d259 @A: 25 34 27 32 | 03
#1166-d259 @A: 33 32 35 27 | 10
#1167-d259 @A: 29 20 32 06 | 07
#1168-d259 @A: 32 24 21 14 | 12
#1169-d259 @A: 32 19 29 08 | 02
#1170-d259 @A: 10 21 32 27 | 11
#1171-d259 @A: 19 32 26 31 | 04
#1172-d259 @A: 16 12 23 32 | 06
#1173-d259 @A: 18 07 32 25 | 08
#1174-d259 @A: 04 28 34 35 | 09
#1175-d259 @A: 14 25 34 04 | 01
#1176-d259 @A: 04 34 13 01 | 05
#1177-d259 @A: 34 29 10 23 | 03
#1178-d259 @A: 26 22 20 34 | 10
#1179-d259 @A: 23 31 34 33 | 07
#1180-d259 @A: 34 21 18 12 | 12
#1181-d259 @A: 26 06 21 35 | 02
#1182-d259 @A: 19 24 29 35 | 11
#1183-d259 @A: 25 24 35 14 | 04
#1184-d259 @A: 21 23 24 35 | 06
#1185-d259 @A: 25 11 08 35 | 08
#1186-d259 @A: 26 28 35 10 | 09
#1187-d259 @A: 14 35 10 01 | 01
#1188-d259 @A: 31 16 35 26 | 05
#1189-d259 @A: 16 05 03 35 | 03
#1190-d259 @A: 01 05 19 35 | 10
#1191-d259 @A: 22 35 31 28 | 07
#1192-d259 @A: 12 35 22 33 | 12
#1193-d259 @A: 12 13 03 35 | 02
#1194-d259 @A: 19 21 28 35 | 11
#1195-d259 @A: 13 19 22 35 | 04
#1196-d259 @A: 04 16 31 06 | 06
#1197-d259 @A: 26 31 24 06 | 08
#1198-d259 @A: 30 29 11 06 | 09
#1199-d259 @A: 27 06 19 29 | 01
#1200-d259 @A: 13 08 06 29 | 05
#1201-d259 @A: 28 10 27 06 | 03
#1202-d259 @A: 14 06 27 21 | 10
#1203-d259 @A: 08 06 31 10 | 07
#1204-d259 @A: 22 10 01 06 | 12
#1205-d259 @A: 31 19 06 18 | 02
#1206-d259 @A: 13 06 28 03 | 11
#1207-d259 @A: 06 23 30 22 | 04
#1208-d259 @A: 25 06 23 13 | 06
#1209-d259 @A: 24 04 26 21 | 08
#1210-d259 @A: 23 14 11 04 | 09
#1211-d259 @A: 04 07 27 09 | 01
#1212-d259 @A: 31 04 27 23 | 05
#1213-d259 @A: 10 09 04 25 | 03
#1214-d259 @A: 12 03 04 26 | 10
#1215-d259 @A: 21 18 28 04 | 07
#1216-d259 @A: 24 14 01 29 | 12
#1217-d259 @A: 09 29 33 24 | 02
#1218-d259 @A: 13 05 24 27 | 11
#1219-d259 @A: 24 20 26 10 | 04
#1220-d259 @A: 24 28 22 09 | 06
#1221-d259 @A: 24 21 33 22 | 08
#1222-d259 @A: 16 24 01 13 | 09
#1223-d259 @A: 24 22 19 18 | 01
#1224-d259 @A: 16 09 29 08 | 05
#1225-d259 @A: 09 29 26 22 | 03
#1226-d259 @A: 33 29 31 03 | 10
#1227-d259 @A: 28 31 29 16 | 07
#1228-d259 @A: 13 07 31 29 | 12
#1229-d259 @A: 29 01 30 28 | 02
#1230-d259 @A: 22 29 18 28 | 11
#1231-d259 @A: 20 11 16 13 | 04
#1232-d259 @A: 12 22 11 07 | 06
#1233-d259 @A: 27 08 20 05 | 08
#1234-d259 @A: 01 08 27 14 | 09
#1235-d259 @A: 22 27 16 19 | 01
#1236-d259 @A: 07 27 22 20 | 05
#1237-d259 @A: 13 27 25 12 | 03
#1238-d259 @A: 05 08 14 28 | 10
#1239-d259 @A: 03 33 07 08 | 07
#1240-d259 @A: 12 22 03 08 | 12
#1241-d259 @A: 22 25 28 08 | 02
#1242-d259 @A: 26 10 09 14 | 11
#1243-d259 @A: 10 21 26 33 | 04
#1244-d259 @A: 03 09 23 10 | 06
#1245-d259 @A: 07 12 01 10 | 08
#1246-d259 @A: 16 25 10 30 | 09
#1247-d259 @A: 20 19 10 07 | 01
#1248-d259 @A: 12 10 21 25 | 05
#1249-d259 @A: 30 14 18 26 | 03
#1250-d259 @A: 20 03 21 26 | 10
#1251-d259 @A: 03 01 05 20 | 07
#1252-d259 @A: 07 05 28 20 | 12
#1253-d259 @A: 18 05 25 20 | 02
#1254-d259 @A: 14 21 09 07 | 11
#1255-d259 @A: 23 07 14 30 | 04
#1256-d259 @A: 07 25 14 28 | 06
#1257-d259 @A: 12 28 30 14 | 08
#1258-d259 @A: 31 07 09 19 | 09
#1259-d259 @A: 13 31 18 19 | 01
#1260-d259 @A: 09 17 15 19 | 05
#1261-d259 @A: 15 10 02 19 | 03
#1262-d259 @A: 05 32 15 25 | 10
#1263-d259 @A: 19 14 15 32 | 07
#1264-d259 @A: 15 29 34 25 | 12
#1265-d259 @A: 15 04 19 35 | 02
#1266-d259 @A: 11 35 20 15 | 11
#1267-d259 @A: 21 15 25 35 | 04
#1268-d259 @A: 09 15 14 24 | 06
#1269-d259 @A: 13 30 24 15 | 08
#1270-d259 @A: 03 15 29 08 | 09
#1271-d259 @A: 15 29 05 19 | 01
#1272-d259 @A: 21 15 08 27 | 05
#1273-d259 @A: 20 18 15 27 | 03
#1274-d259 @A: 08 26 15 28 | 10
#1275-d259 @A: 31 15 10 13 | 07
#1276-d259 @A: 33 01 15 18 | 12
#1277-d259 @A: 15 33 20 25 | 02
#1278-d259 @A: 03 18 15 28 | 11
#1279-d259 @A: 23 15 03 12 | 04
#1280-d259 @A: 20 22 15 28 | 06
#1281-d259 @A: 07 23 15 25 | 08
#1282-d259 @A: 02 29 17 30 | 09
#1283-d259 @A: 02 16 08 17 | 01
#1284-d259 @A: 27 16 32 17 | 05
#1285-d259 @A: 16 17 11 34 | 03
#1286-d259 @A: 17 34 26 19 | 10
#1287-d259 @A: 09 34 28 17 | 07
#1288-d259 @A: 17 04 12 35 | 12
#1289-d259 @A: 09 35 03 17 | 02
#1290-d259 @A: 19 17 18 35 | 11
#1291-d259 @A: 14 17 06 01 | 04
#1292-d259 @A: 24 09 17 31 | 06
#1293-d259 @A: 10 17 05 29 | 08
#1294-d259 @A: 17 10 27 07 | 09
#1295-d259 @A: 27 30 23 17 | 01
#1296-d259 @A: 07 05 17 08 | 05
#1297-d259 @A: 01 33 03 17 | 03
#1298-d259 @A: 19 01 22 17 | 10
#1299-d259 @A: 26 02 32 29 | 07
#1300-d259 @A: 02 27 22 34 | 12
#1301-d259 @A: 34 19 14 02 | 02
#1302-d259 @A: 35 02 03 06 | 11
#1303-d259 @A: 02 23 04 35 | 04
#1304-d259 @A: 35 14 18 02 | 06
#1305-d259 @A: 05 02 31 06 | 08
#1306-d259 @A: 06 02 13 33 | 09
#1307-d259 @A: 04 05 02 27 | 01
#1308-d259 @A: 24 19 05 02 | 05
#1309-d259 @A: 02 01 11 29 | 03
#1310-d259 @A: 27 11 02 07 | 10
#1311-d259 @A: 31 02 25 27 | 07
#1312-d259 @A: 02 14 13 09 | 12
#1313-d259 @A: 03 09 19 02 | 02
#1314-d259 @A: 12 33 02 30 | 11
#1315-d259 @A: 25 02 19 12 | 04
#1316-d259 @A: 32 11 31 34 | 06
#1317-d259 @A: 32 34 33 30 | 08
#1318-d259 @A: 25 32 04 35 | 09
#1319-d259 @A: 32 18 35 29 | 01
#1320-d259 @A: 35 32 26 03 | 05
#1321-d259 @A: 27 32 29 22 | 03
#1322-d259 @A: 32 05 30 29 | 10
#1323-d259 @A: 19 32 09 11 | 07
#1324-d259 @A: 05 20 10 32 | 12
#1325-d259 @A: 10 32 19 13 | 02
#1326-d259 @A: 22 05 26 32 | 11
#1327-d259 @A: 32 23 05 14 | 04
#1328-d259 @A: 32 21 22 30 | 06
#1329-d259 @A: 32 19 12 28 | 08
#1330-d259 @A: 33 04 27 34 | 09
#1331-d259 @A: 34 24 33 03 | 01
#1332-d259 @A: 11 23 34 08 | 05
#1333-d259 @A: 34 14 27 12 | 03
#1334-d259 @A: 27 34 23 07 | 10
#1335-d259 @A: 10 22 12 34 | 07
#1336-d259 @A: 34 03 30 19 | 12
#1337-d259 @A: 30 25 34 23 | 02
#1338-d259 @A: 35 11 05 24 | 11
#1339-d259 @A: 12 29 08 35 | 04
#1340-d259 @A: 35 18 31 11 | 06
#1341-d259 @A: 25 03 27 35 | 08
#1342-d259 @A: 35 20 14 07 | 09
#1343-d259 @A: 35 23 03 33 | 01
#1344-d259 @A: 35 21 07 13 | 05
#1345-d259 @A: 25 12 35 18 | 03
#1346-d259 @A: 26 06 23 04 | 10
#1347-d259 @A: 12 24 05 06 | 07
#1348-d259 @A: 16 29 26 06 | 12
#1349-d259 @A: 08 11 16 06 | 02
#1350-d259 @A: 06 30 27 12 | 11
#1351-d259 @A: 20 06 07 09 | 04
#1352-d259 @A: 06 25 23 31 | 06
#1353-d259 @A: 19 06 03 28 | 08
#1354-d259 @A: 27 30 24 04 | 09
#1355-d259 @A: 12 29 09 04 | 01
#1356-d259 @A: 07 29 04 01 | 05
#1357-d259 @A: 04 27 14 16 | 03
#1358-d259 @A: 09 04 14 08 | 10
#1359-d259 @A: 04 23 13 10 | 07
#1360-d259 @A: 05 09 04 22 | 12
#1361-d259 @A: 04 28 20 03 | 02
#1362-d259 @A: 28 04 12 16 | 11
#1363-d259 @A: 07 22 23 04 | 04
#1364-d259 @A: 18 19 04 25 | 06
#1365-d259 @A: 03 24 09 08 | 08
#1366-d259 @A: 24 09 10 07 | 09
#1367-d259 @A: 31 12 24 33 | 01
#1368-d259 @A: 25 31 30 24 | 05
#1369-d259 @A: 03 25 21 24 | 03
#1370-d259 @A: 12 24 19 01 | 10
#1371-d259 @A: 24 13 12 28 | 07
#1372-d259 @A: 28 08 27 29 | 12
#1373-d259 @A: 29 10 26 19 | 02
#1374-d259 @A: 14 26 28 29 | 11
#1375-d259 @A: 31 26 29 21 | 04
#1376-d259 @A: 20 01 29 21 | 06
#1377-d259 @A: 29 20 16 12 | 08
#1378-d259 @A: 16 28 29 13 | 09
#1379-d259 @A: 14 10 11 16 | 01
#1380-d259 @A: 11 33 30 05 | 05
#1381-d259 @A: 11 25 30 21 | 03
#1382-d259 @A: 20 10 14 27 | 10
#1383-d259 @A: 27 19 10 09 | 07
#1384-d259 @A: 27 09 03 26 | 12
#1385-d259 @A: 22 28 27 14 | 02
#1386-d259 @A: 30 27 31 16 | 11
#1387-d259 @A: 27 33 03 16 | 04
#1388-d259 @A: 27 33 30 25 | 06
#1389-d259 @A: 01 16 28 27 | 08
#1390-d259 @A: 20 23 27 21 | 09
#1391-d259 @A: 13 10 08 21 | 01
#1392-d259 @A: 26 30 09 08 | 05
#1393-d259 @A: 12 31 08 01 | 03
#1394-d259 @A: 08 19 31 20 | 10
#1395-d259 @A: 18 08 30 19 | 07
#1396-d259 @A: 16 03 13 10 | 12
#1397-d259 @A: 01 10 18 30 | 02
#1398-d259 @A: 31 12 30 26 | 11
#1399-d259 @A: 26 03 22 13 | 04
#1400-d259 @A: 01 21 26 25 | 06
#1401-d259 @A: 33 28 31 05 | 08
#1402-d259 @A: 33 21 03 05 | 09
#1403-d259 @A: 05 19 33 18 | 01
#1404-d259 @A: 18 13 01 05 | 05
#1405-d259 @A: 20 30 05 23 | 03
#1406-d259 @A: 14 20 12 09 | 10
#1407-d259 @A: 19 14 23 31 | 07
#1408-d259 @A: 19 33 25 14 | 12
#1409-d259 @A: 14 19 01 28 | 02
#1410-d259 @A: 28 09 16 21 | 11
#1411-d259 @A: 09 28 07 18 | 04
#1412-d259 @A: 09 30 13 22 | 06
#1413-d259 @A: 15 14 18 17 | 08
#1414-d259 @A: 17 15 21 03 | 09
#1415-d259 @A: 02 15 01 35 | 01
#1416-d259 @A: 09 25 02 15 | 05
#1417-d259 @A: 18 21 02 15 | 03
#1418-d259 @A: 29 15 12 32 | 10
#1419-d259 @A: 13 23 15 35 | 07
#1420-d259 @A: 15 24 21 11 | 12
#1421-d259 @A: 24 15 31 28 | 02
#1422-d259 @A: 16 30 15 24 | 11
#1423-d259 @A: 07 29 09 15 | 04
#1424-d259 @A: 22 29 01 15 | 06
#1425-d259 @A: 27 15 23 26 | 08
#1426-d259 @A: 15 01 05 08 | 09
#1427-d259 @A: 30 17 32 28 | 01
#1428-d259 @A: 17 14 35 13 | 05
#1429-d259 @A: 17 27 04 28 | 03
#1430-d259 @A: 29 21 17 18 | 10
#1431-d259 @A: 31 26 11 17 | 07
#1432-d259 @A: 21 27 26 17 | 12
#1433-d259 @A: 27 17 12 05 | 02
#1434-d259 @A: 17 28 18 08 | 11
#1435-d259 @A: 16 14 17 05 | 04
#1436-d259 @A: 05 09 17 25 | 06
#1437-d259 @A: 31 22 07 17 | 08
#1438-d259 @A: 31 25 21 17 | 09
#1439-d259 @A: 21 17 16 13 | 01
#1440-d259 @A: 17 25 16 12 | 05
#1441-d259 @A: 32 22 24 02 | 03
#1442-d259 @A: 02 32 29 13 | 10
#1443-d259 @A: 02 32 18 11 | 07
#1444-d259 @A: 05 02 34 23 | 12
#1445-d259 @A: 02 24 30 35 | 02
#1446-d259 @A: 02 35 22 11 | 11
#1447-d259 @A: 06 02 19 08 | 04
#1448-d259 @A: 07 02 06 10 | 06
#1449-d259 @A: 13 24 02 26 | 08
#1450-d259 @A: 29 33 02 18 | 09
#1451-d259 @A: 02 12 14 10 | 01
#1452-d259 @A: 14 26 01 02 | 05
#1453-d259 @A: 28 31 02 03 | 03
#1454-d259 @A: 21 02 25 28 | 10
#1455-d259 @A: 32 24 35 12 | 07
#1456-d259 @A: 31 14 32 06 | 12
#1457-d259 @A: 16 04 32 11 | 02
#1458-d259 @A: 32 04 07 28 | 11
#1459-d259 @A: 32 23 09 27 | 04
#1460-d259 @A: 18 09 32 10 | 06
#1461-d259 @A: 21 33 32 23 | 08
#1462-d259 @A: 19 23 03 32 | 09
#1463-d259 @A: 23 18 30 32 | 01
#1464-d259 @A: 10 34 24 06 | 05
#1465-d259 @A: 08 01 34 06 | 03
#1466-d259 @A: 34 28 30 06 | 10
#1467-d259 @A: 27 11 34 28 | 07
#1468-d259 @A: 11 05 34 18 | 12
#1469-d259 @A: 03 11 09 34 | 02
#1470-d259 @A: 05 34 27 10 | 11
#1471-d259 @A: 08 07 18 34 | 04
#1472-d259 @A: 30 34 22 31 | 06
#1473-d259 @A: 31 28 34 19 | 08
#1474-d259 @A: 34 21 19 33 | 09
#1475-d259 @A: 34 23 18 19 | 01
#1476-d259 @A: 25 06 22 35 | 05
#1477-d259 @A: 04 16 35 09 | 03
#1478-d259 @A: 10 24 35 22 | 10
#1479-d259 @A: 24 33 18 35 | 07
#1480-d259 @A: 35 11 10 03 | 12
#1481-d259 @A: 35 16 27 18 | 02
#1482-d259 @A: 33 08 35 09 | 11
#1483-d259 @A: 25 35 13 08 | 04
#1484-d259 @A: 25 26 35 33 | 06
#1485-d259 @A: 35 19 31 25 | 08
#1486-d259 @A: 07 35 16 25 | 09
#1487-d259 @A: 35 20 25 30 | 01
#1488-d259 @A: 06 28 04 14 | 05
#1489-d259 @A: 24 14 06 03 | 03
#1490-d259 @A: 09 08 22 06 | 10
#1491-d259 @A: 06 19 26 14 | 07
#1492-d259 @A: 25 20 06 16 | 12
#1493-d259 @A: 18 06 30 20 | 02
#1494-d259 @A: 05 04 31 11 | 11
#1495-d259 @A: 31 22 08 04 | 04
#1496-d259 @A: 04 07 26 14 | 06
#1497-d259 @A: 04 01 14 05 | 08
#1498-d259 @A: 19 13 04 03 | 09
#1499-d259 @A: 19 21 12 04 | 01
#1500-d259 @A: 11 22 27 24 | 05
#1501-d259 @A: 12 11 26 24 | 03
#1502-d259 @A: 24 25 11 01 | 10
#1503-d259 @A: 24 07 14 08 | 07
#1504-d259 @A: 21 01 24 10 | 12
#1505-d259 @A: 19 24 33 20 | 02
#1506-d259 @A: 30 24 20 03 | 11
#1507-d259 @A: 24 01 22 16 | 04
#1508-d259 @A: 33 29 11 23 | 06
#1509-d259 @A: 16 29 27 10 | 08
#1510-d259 @A: 13 29 27 26 | 09
#1511-d259 @A: 29 09 31 27 | 01
#1512-d259 @A: 25 08 29 26 | 05
#1513-d259 @A: 10 14 07 29 | 03
#1514-d259 @A: 14 03 29 19 | 10
#1515-d259 @A: 09 19 30 29 | 07
#1516-d259 @A: 29 13 18 09 | 12
#1517-d259 @A: 29 31 07 18 | 02
#1518-d259 @A: 20 29 22 30 | 11
#1519-d259 @A: 11 08 27 33 | 04
#1520-d259 @A: 20 10 30 11 | 06
#1521-d259 @A: 11 33 21 31 | 08
#1522-d259 @A: 07 11 23 18 | 09
#1523-d259 @A: 25 26 27 07 | 01
#1524-d259 @A: 12 13 31 27 | 05
#1525-d259 @A: 16 33 27 13 | 03
#1526-d259 @A: 10 14 21 08 | 10
#1527-d259 @A: 16 08 14 25 | 07
#1528-d259 @A: 30 08 28 31 | 12
#1529-d259 @A: 16 23 30 08 | 02
#1530-d259 @A: 13 08 18 12 | 11
#1531-d259 @A: 07 30 03 10 | 04
#1532-d259 @A: 12 18 10 28 | 06
#1533-d259 @A: 05 14 03 26 | 08
#1534-d259 @A: 31 26 20 23 | 09
#1535-d259 @A: 12 33 19 26 | 01
#1536-d259 @A: 01 03 26 16 | 05
#1537-d259 @A: 01 26 23 30 | 03
#1538-d259 @A: 26 12 22 01 | 10
#1539-d259 @A: 16 31 05 07 | 07
#1540-d259 @A: 01 05 23 07 | 12
#1541-d259 @A: 19 20 05 16 | 02
#1542-d259 @A: 07 21 05 22 | 11
#1543-d259 @A: 31 01 07 14 | 04
#1544-d259 @A: 21 14 31 30 | 06
#1545-d259 @A: 07 22 03 14 | 08
#1546-d259 @A: 16 22 30 14 | 09
#1547-d259 @A: 25 09 01 07 | 01
#1548-d259 @A: 09 28 12 01 | 05
#1549-d259 @A: 21 18 20 09 | 03
#1550-d259 @A: 28 30 01 13 | 10
#1551-d259 @A: 07 15 02 14 | 07
#1552-d259 @A: 24 18 15 32 | 12
#1553-d259 @A: 32 27 01 15 | 02
#1554-d259 @A: 31 34 08 15 | 11
#1555-d259 @A: 35 33 29 15 | 04
#1556-d259 @A: 31 15 27 35 | 06
#1557-d259 @A: 06 15 07 24 | 08
#1558-d259 @A: 13 15 06 27 | 09
#1559-d259 @A: 16 18 15 06 | 01
#1560-d259 @A: 04 15 08 16 | 05
#1561-d259 @A: 15 29 20 24 | 03
#1562-d259 @A: 24 10 15 03 | 10
#1563-d259 @A: 30 23 15 11 | 07
#1564-d259 @A: 18 19 11 15 | 12
#1565-d259 @A: 15 19 08 22 | 02
#1566-d259 @A: 26 12 15 10 | 11
#1567-d259 @A: 05 30 15 14 | 04
#1568-d259 @A: 13 05 15 22 | 06
#1569-d259 @A: 01 03 31 15 | 08
#1570-d259 @A: 01 13 19 15 | 09
#1571-d259 @A: 15 12 21 13 | 01
#1572-d259 @A: 05 02 22 17 | 05
#1573-d259 @A: 32 21 06 17 | 03
#1574-d259 @A: 03 11 32 17 | 10
#1575-d259 @A: 32 17 10 22 | 07
#1576-d259 @A: 17 11 21 35 | 12
#1577-d259 @A: 31 17 13 06 | 02
#1578-d259 @A: 25 17 29 04 | 11
#1579-d259 @A: 13 17 27 04 | 04
#1580-d259 @A: 05 23 19 17 | 06
#1581-d259 @A: 14 31 17 33 | 08
#1582-d259 @A: 21 02 34 06 | 09
#1583-d259 @A: 26 34 02 03 | 01
#1584-d259 @A: 02 34 18 31 | 05
#1585-d259 @A: 06 18 02 12 | 03
#1586-d259 @A: 02 08 03 04 | 10
#1587-d259 @A: 20 04 14 02 | 07
#1588-d259 @A: 04 02 07 31 | 12
#1589-d259 @A: 24 08 02 01 | 02
#1590-d259 @A: 24 25 10 02 | 11
#1591-d259 @A: 28 02 26 24 | 04
#1592-d259 @A: 02 14 16 24 | 06
#1593-d259 @A: 11 21 10 02 | 08
#1594-d259 @A: 20 09 27 02 | 09
#1595-d259 @A: 28 02 30 20 | 01
#1596-d259 @A: 06 34 03 32 | 05
#1597-d259 @A: 19 24 32 34 | 03
#1598-d259 @A: 09 34 32 07 | 10
#1599-d259 @A: 22 23 34 32 | 07
#1600-d259 @A: 07 35 10 32 | 12
#1601-d259 @A: 08 30 06 32 | 02
#1602-d259 @A: 06 09 32 25 | 11
#1603-d259 @A: 10 04 23 32 | 04
#1604-d259 @A: 11 14 33 32 | 06
#1605-d259 @A: 05 31 27 32 | 08
#1606-d259 @A: 08 31 13 32 | 09
#1607-d259 @A: 33 32 19 10 | 01
#1608-d259 @A: 28 25 26 32 | 05
#1609-d259 @A: 32 16 07 33 | 03
#1610-d259 @A: 32 19 25 16 | 10
#1611-d259 @A: 20 22 32 25 | 07
#1612-d259 @A: 13 22 32 07 | 12
#1613-d259 @A: 34 07 04 06 | 02
#1614-d259 @A: 23 12 34 04 | 11
#1615-d259 @A: 11 07 24 34 | 04
#1616-d259 @A: 29 11 22 34 | 06
#1617-d259 @A: 01 29 05 34 | 08
#1618-d259 @A: 05 26 25 34 | 09
#1619-d259 @A: 21 26 34 14 | 01
#1620-d259 @A: 22 01 28 34 | 05
#1621-d259 @A: 07 20 34 25 | 03
#1622-d259 @A: 27 11 35 06 | 10
#1623-d259 @A: 06 14 16 35 | 07
#1624-d259 @A: 07 08 04 35 | 12
#1625-d259 @A: 26 35 01 04 | 02
#1626-d259 @A: 08 31 24 35 | 11
#1627-d259 @A: 27 35 29 07 | 04
#1628-d259 @A: 35 01 31 29 | 06
#1629-d259 @A: 01 13 11 35 | 08
#1630-d259 @A: 14 35 19 27 | 09
#1631-d259 @A: 10 35 08 16 | 01
#1632-d259 @A: 35 08 01 21 | 05
#1633-d259 @A: 18 35 08 22 | 03
#1634-d259 @A: 35 03 19 20 | 10
#1635-d259 @A: 12 28 35 07 | 07
#1636-d259 @A: 12 23 35 30 | 12
#1637-d259 @A: 06 16 24 23 | 02
#1638-d259 @A: 10 29 25 06 | 11
#1639-d259 @A: 33 10 06 11 | 04
#1640-d259 @A: 20 06 27 26 | 06
#1641-d259 @A: 26 06 12 25 | 08
#1642-d259 @A: 06 14 20 05 | 09
#1643-d259 @A: 14 07 06 33 | 01
#1644-d259 @A: 06 33 31 22 | 05
#1645-d259 @A: 33 28 06 18 | 03
#1646-d259 @A: 06 25 01 28 | 10
#1647-d259 @A: 30 16 06 21 | 07
#1648-d259 @A: 04 11 24 20 | 12
#1649-d259 @A: 25 05 24 04 | 02
#1650-d259 @A: 01 28 04 10 | 11
#1651-d259 @A: 30 04 18 09 | 04
#1652-d259 @A: 31 28 04 25 | 06
#1653-d259 @A: 04 18 33 03 | 08
#1654-d259 @A: 29 24 27 18 | 09
#1655-d259 @A: 23 27 24 14 | 01
#1656-d259 @A: 27 01 07 24 | 05
#1657-d259 @A: 13 20 08 24 | 03
#1658-d259 @A: 28 14 20 24 | 10
#1659-d259 @A: 25 24 16 28 | 07
#1660-d259 @A: 18 24 23 28 | 12
#1661-d259 @A: 21 11 08 29 | 02
#1662-d259 @A: 29 11 25 31 | 11
#1663-d259 @A: 31 05 29 08 | 04
#1664-d259 @A: 29 22 31 10 | 06
#1665-d259 @A: 05 09 18 29 | 08
#1666-d259 @A: 31 11 27 19 | 09
#1667-d259 @A: 28 11 03 12 | 01
#1668-d259 @A: 20 11 19 01 | 05
#1669-d259 @A: 12 11 23 25 | 03
#1670-d259 @A: 12 08 09 27 | 10
#1671-d259 @A: 08 26 03 31 | 07
#1672-d259 @A: 09 25 08 23 | 12
#1673-d259 @A: 18 08 01 25 | 02
#1674-d259 @A: 30 07 12 08 | 11
#1675-d259 @A: 10 26 22 07 | 04
#1676-d259 @A: 31 28 10 23 | 06
#1677-d259 @A: 10 01 16 23 | 08
#1678-d259 @A: 20 12 10 23 | 09
#1679-d259 @A: 03 30 22 26 | 01
#1680-d259 @A: 01 26 28 20 | 05
#1681-d259 @A: 07 26 16 28 | 03
#1682-d259 @A: 07 05 33 12 | 10
#1683-d259 @A: 28 21 05 01 | 07
#1684-d259 @A: 12 05 23 18 | 12
#1685-d259 @A: 01 09 14 03 | 02
#1686-d259 @A: 20 33 30 09 | 11
#1687-d259 @A: 12 09 01 13 | 04
#1688-d259 @A: 25 20 19 09 | 06
#1689-d259 @A: 18 03 23 13 | 08
