#0001-d264 @A: 23 19 28 05 | 12
#0002-d264 @A: 19 32 18 05 | 03
#0003-d264 @A: 19 08 20 23 | 09
#0004-d264 @A: 10 21 19 20 | 11
#0005-d264 @A: 19 29 10 05 | 06
#0006-d264 @A: 29 09 07 19 | 01
#0007-d264 @A: 25 12 01 19 | 10
#0008-d264 @A: 30 22 19 01 | 08
#0009-d264 @A: 14 19 15 26 | 07
#0010-d264 @A: 33 19 24 21 | 02
#0011-d264 @A: 27 13 05 19 | 05
#0012-d264 @A: 09 24 31 19 | 04
#0013-d264 @A: 08 19 21 12 | 12
#0014-d264 @A: 06 19 31 02 | 03
#0015-d264 @A: 32 22 19 16 | 09
#0016-d264 @A: 19 32 13 03 | 11
#0017-d264 @A: 34 27 19 25 | 06
#0018-d264 @A: 26 28 14 20 | 01
#0019-d264 @A: 35 04 09 28 | 10
#0020-d264 @A: 22 28 06 35 | 08
#0021-d264 @A: 35 28 02 26 | 07
#0022-d264 @A: 06 29 28 33 | 02
#0023-d264 @A: 28 24 22 29 | 05
#0024-d264 @A: 11 24 21 28 | 04
#0025-d264 @A: 28 27 21 05 | 12
#0026-d264 @A: 21 07 28 02 | 03
#0027-d264 @A: 06 04 12 28 | 09
#0028-d264 @A: 15 28 32 06 | 11
#0029-d264 @A: 31 28 25 17 | 06
#0030-d264 @A: 16 13 28 22 | 01
#0031-d264 @A: 15 28 16 03 | 10
#0032-d264 @A: 28 04 02 16 | 08
#0033-d264 @A: 28 32 13 08 | 07
#0034-d264 @A: 13 27 28 30 | 02
#0035-d264 @A: 17 33 18 20 | 05
#0036-d264 @A: 20 05 15 18 | 04
#0037-d264 @A: 30 32 18 20 | 12
#0038-d264 @A: 03 18 35 11 | 03
#0039-d264 @A: 05 35 08 18 | 09
#0040-d264 @A: 09 18 11 30 | 11
#0041-d264 @A: 08 25 33 18 | 06
#0042-d264 @A: 18 05 17 34 | 01
#0043-d264 @A: 26 18 12 25 | 10
#0044-d264 @A: 18 03 13 10 | 08
#0045-d264 @A: 34 22 30 18 | 07
#0046-d264 @A: 34 18 25 24 | 02
#0047-d264 @A: 20 13 09 35 | 05
#0048-d264 @A: 35 27 31 20 | 04
#0049-d264 @A: 22 05 20 14 | 12
#0050-d264 @A: 11 20 12 02 | 03
#0051-d264 @A: 03 20 23 34 | 09
#0052-d264 @A: 02 05 20 21 | 11
#0053-d264 @A: 26 27 20 22 | 06
#0054-d264 @A: 17 04 20 12 | 01
#0055-d264 @A: 07 32 20 25 | 10
#0056-d264 @A: 20 25 27 24 | 08
#0057-d264 @A: 15 14 35 29 | 07
#0058-d264 @A: 33 29 32 35 | 02
#0059-d264 @A: 01 31 35 10 | 05
#0060-d264 @A: 08 35 32 14 | 04
#0061-d264 @A: 06 35 34 11 | 12
#0062-d264 @A: 12 11 24 35 | 03
#0063-d264 @A: 05 33 35 02 | 09
#0064-d264 @A: 24 06 35 33 | 11
#0065-d264 @A: 09 07 05 35 | 06
#0066-d264 @A: 10 35 21 12 | 01
#0067-d264 @A: 35 06 26 25 | 10
#0068-d264 @A: 35 12 07 17 | 08
#0069-d264 @A: 25 10 32 35 | 07
#0070-d264 @A: 07 10 35 08 | 02
#0071-d264 @A: 04 16 25 35 | 05
#0072-d264 @A: 35 04 24 02 | 04
#0073-d264 @A: 29 01 06 02 | 12
#0074-d264 @A: 14 29 07 23 | 03
#0075-d264 @A: 29 31 11 30 | 09
#0076-d264 @A: 33 29 16 17 | 11
#0077-d264 @A: 25 09 29 23 | 06
#0078-d264 @A: 34 29 16 32 | 01
#0079-d264 @A: 11 33 01 08 | 10
#0080-d264 @A: 09 02 11 01 | 08
#0081-d264 @A: 01 33 25 21 | 07
#0082-d264 @A: 32 33 26 01 | 02
#0083-d264 @A: 16 01 23 21 | 05
#0084-d264 @A: 08 23 01 06 | 04
#0085-d264 @A: 06 03 05 01 | 12
#0086-d264 @A: 05 27 26 01 | 03
#0087-d264 @A: 01 16 31 05 | 09
#0088-d264 @A: 07 04 01 05 | 11
#0089-d264 @A: 01 17 04 21 | 06
#0090-d264 @A: 26 01 08 13 | 01
#0091-d264 @A: 22 10 01 24 | 10
#0092-d264 @A: 01 16 13 30 | 08
#0093-d264 @A: 03 01 17 30 | 07
#0094-d264 @A: 01 15 30 25 | 02
#0095-d264 @A: 07 01 08 34 | 05
#0096-d264 @A: 17 07 24 01 | 04
#0097-d264 @A: 05 11 14 07 | 12
#0098-d264 @A: 26 09 14 02 | 03
#0099-d264 @A: 21 17 34 14 | 09
#0100-d264 @A: 32 16 24 14 | 11
#0101-d264 @A: 16 14 03 30 | 06
#0102-d264 @A: 22 14 03 08 | 01
#0103-d264 @A: 17 14 07 25 | 10
#0104-d264 @A: 22 14 24 25 | 08
#0105-d264 @A: 33 34 09 11 | 07
#0106-d264 @A: 06 32 33 11 | 02
#0107-d264 @A: 11 05 16 21 | 05
#0108-d264 @A: 11 09 21 07 | 04
#0109-d264 @A: 17 03 09 11 | 12
#0110-d264 @A: 11 10 24 32 | 03
#0111-d264 @A: 11 07 15 22 | 09
#0112-d264 @A: 11 15 04 17 | 11
#0113-d264 @A: 06 22 33 21 | 06
#0114-d264 @A: 08 12 33 26 | 01
#0115-d264 @A: 22 08 16 33 | 10
#0116-d264 @A: 17 32 03 33 | 08
#0117-d264 @A: 34 33 03 27 | 07
#0118-d264 @A: 23 12 06 25 | 02
#0119-d264 @A: 23 04 10 03 | 05
#0120-d264 @A: 34 08 23 10 | 04
#0121-d264 @A: 22 32 23 08 | 12
#0122-d264 @A: 17 04 23 34 | 03
#0123-d264 @A: 21 08 09 05 | 09
#0124-d264 @A: 25 05 30 03 | 11
#0125-d264 @A: 04 30 24 05 | 06
#0126-d264 @A: 15 17 03 05 | 01
#0127-d264 @A: 31 07 09 06 | 10
#0128-d264 @A: 12 09 30 17 | 08
#0129-d264 @A: 09 10 24 13 | 07
#0130-d264 @A: 27 09 15 30 | 02
#0131-d264 @A: 04 25 03 09 | 05
#0132-d264 @A: 10 27 21 25 | 04
#0133-d264 @A: 30 32 22 21 | 12
#0134-d264 @A: 24 25 21 32 | 03
#0135-d264 @A: 08 17 32 06 | 09
#0136-d264 @A: 02 27 34 06 | 11
#0137-d264 @A: 34 26 32 10 | 06
#0138-d264 @A: 32 26 02 16 | 01
#0139-d264 @A: 26 15 07 13 | 10
#0140-d264 @A: 26 07 34 03 | 08
#0141-d264 @A: 15 04 08 26 | 07
#0142-d264 @A: 12 27 30 10 | 02
#0143-d264 @A: 16 25 12 22 | 05
#0144-d264 @A: 12 15 32 02 | 04
#0145-d264 @A: 03 08 34 12 | 12
#0146-d264 @A: 31 08 10 13 | 03
#0147-d264 @A: 17 02 31 10 | 09
#0148-d264 @A: 13 16 24 31 | 11
#0149-d264 @A: 31 27 32 13 | 06
#0150-d264 @A: 16 19 20 18 | 01
#0151-d264 @A: 33 04 19 20 | 10
#0152-d264 @A: 29 19 17 34 | 08
#0153-d264 @A: 11 19 13 07 | 07
#0154-d264 @A: 06 19 04 21 | 02
#0155-d264 @A: 17 12 19 06 | 05
#0156-d264 @A: 10 19 22 07 | 04
#0157-d264 @A: 19 08 13 04 | 12
#0158-d264 @A: 07 18 33 28 | 03
#0159-d264 @A: 17 20 28 03 | 09
#0160-d264 @A: 35 28 29 08 | 11
#0161-d264 @A: 11 25 28 35 | 06
#0162-d264 @A: 29 28 34 12 | 01
#0163-d264 @A: 26 28 21 33 | 10
#0164-d264 @A: 28 08 23 31 | 08
#0165-d264 @A: 06 05 28 02 | 07
#0166-d264 @A: 28 04 26 05 | 02
#0167-d264 @A: 07 05 34 28 | 05
#0168-d264 @A: 26 13 28 12 | 04
#0169-d264 @A: 28 25 16 34 | 12
#0170-d264 @A: 18 12 31 20 | 03
#0171-d264 @A: 18 17 32 35 | 09
#0172-d264 @A: 18 02 29 13 | 11
#0173-d264 @A: 02 18 14 16 | 06
#0174-d264 @A: 33 18 27 11 | 01
#0175-d264 @A: 18 03 09 08 | 10
#0176-d264 @A: 10 21 07 18 | 08
#0177-d264 @A: 18 34 06 31 | 07
#0178-d264 @A: 15 10 32 18 | 02
#0179-d264 @A: 30 13 24 18 | 05
#0180-d264 @A: 15 03 18 07 | 04
#0181-d264 @A: 17 08 18 03 | 12
#0182-d264 @A: 04 18 07 17 | 03
#0183-d264 @A: 23 20 35 10 | 09
#0184-d264 @A: 35 26 04 20 | 11
#0185-d264 @A: 16 20 05 29 | 06
#0186-d264 @A: 01 03 20 33 | 01
#0187-d264 @A: 23 01 20 04 | 10
#0188-d264 @A: 30 33 20 21 | 08
#0189-d264 @A: 26 07 33 20 | 07
#0190-d264 @A: 20 16 23 12 | 02
#0191-d264 @A: 09 20 03 16 | 05
#0192-d264 @A: 22 06 20 10 | 04
#0193-d264 @A: 30 08 16 20 | 12
#0194-d264 @A: 20 03 30 27 | 03
#0195-d264 @A: 10 35 26 29 | 09
#0196-d264 @A: 11 21 01 35 | 11
#0197-d264 @A: 35 09 01 30 | 06
#0198-d264 @A: 21 25 35 09 | 01
#0199-d264 @A: 31 21 35 16 | 10
#0200-d264 @A: 27 35 21 15 | 08
#0201-d264 @A: 35 17 10 26 | 07
#0202-d264 @A: 35 10 16 34 | 02
#0203-d264 @A: 04 13 10 35 | 05
#0204-d264 @A: 08 27 35 22 | 04
#0205-d264 @A: 35 15 17 08 | 12
#0206-d264 @A: 24 11 17 29 | 03
#0207-d264 @A: 13 23 29 33 | 09
#0208-d264 @A: 05 27 33 29 | 11
#0209-d264 @A: 22 05 12 29 | 06
#0210-d264 @A: 06 16 25 29 | 01
#0211-d264 @A: 29 07 17 06 | 10
#0212-d264 @A: 29 12 26 31 | 08
#0213-d264 @A: 02 24 32 29 | 07
#0214-d264 @A: 29 32 17 04 | 02
#0215-d264 @A: 08 29 27 30 | 05
#0216-d264 @A: 15 01 12 14 | 04
#0217-d264 @A: 21 04 31 01 | 12
#0218-d264 @A: 02 32 30 01 | 03
#0219-d264 @A: 15 33 11 14 | 09
#0220-d264 @A: 11 14 03 23 | 11
#0221-d264 @A: 09 11 22 14 | 06
#0222-d264 @A: 08 10 09 14 | 01
#0223-d264 @A: 14 12 24 21 | 10
#0224-d264 @A: 14 21 15 30 | 08
#0225-d264 @A: 14 30 22 10 | 07
#0226-d264 @A: 16 25 08 14 | 02
#0227-d264 @A: 27 14 03 24 | 05
#0228-d264 @A: 03 14 25 02 | 04
#0229-d264 @A: 24 14 27 17 | 12
#0230-d264 @A: 02 11 26 33 | 03
#0231-d264 @A: 11 04 05 32 | 09
#0232-d264 @A: 21 03 11 06 | 11
#0233-d264 @A: 08 13 30 11 | 06
#0234-d264 @A: 33 17 23 12 | 01
#0235-d264 @A: 06 33 02 10 | 10
#0236-d264 @A: 16 32 33 10 | 08
#0237-d264 @A: 07 33 15 30 | 07
#0238-d264 @A: 33 22 25 34 | 02
#0239-d264 @A: 23 09 15 22 | 05
#0240-d264 @A: 34 32 23 02 | 04
#0241-d264 @A: 30 08 23 07 | 12
#0242-d264 @A: 23 15 34 13 | 03
#0243-d264 @A: 27 16 10 05 | 09
#0244-d264 @A: 05 25 07 16 | 11
#0245-d264 @A: 08 05 03 27 | 06
#0246-d264 @A: 27 05 04 02 | 01
#0247-d264 @A: 05 24 15 22 | 10
#0248-d264 @A: 09 04 22 21 | 08
#0249-d264 @A: 32 06 09 10 | 07
#0250-d264 @A: 09 04 10 30 | 02
#0251-d264 @A: 30 07 32 09 | 05
#0252-d264 @A: 26 13 21 31 | 04
#0253-d264 @A: 21 24 03 10 | 12
#0254-d264 @A: 16 21 30 25 | 03
#0255-d264 @A: 30 24 21 07 | 09
#0256-d264 @A: 03 21 27 22 | 11
#0257-d264 @A: 25 08 22 21 | 06
#0258-d264 @A: 08 02 34 21 | 01
#0259-d264 @A: 32 02 03 06 | 10
#0260-d264 @A: 02 07 10 12 | 08
#0261-d264 @A: 12 08 10 24 | 07
#0262-d264 @A: 12 16 32 07 | 02
#0263-d264 @A: 31 34 16 30 | 05
#0264-d264 @A: 04 31 13 07 | 04
#0265-d264 @A: 10 08 17 30 | 12
#0266-d264 @A: 17 24 34 32 | 03
#0267-d264 @A: 20 35 02 19 | 09
#0268-d264 @A: 20 32 19 14 | 11
#0269-d264 @A: 22 19 35 05 | 06
#0270-d264 @A: 29 06 19 24 | 01
#0271-d264 @A: 02 29 25 19 | 10
#0272-d264 @A: 01 23 19 10 | 08
#0273-d264 @A: 14 04 19 05 | 07
#0274-d264 @A: 09 13 14 19 | 02
#0275-d264 @A: 19 16 21 14 | 05
#0276-d264 @A: 19 14 03 34 | 04
#0277-d264 @A: 31 19 12 11 | 12
#0278-d264 @A: 25 32 19 23 | 03
#0279-d264 @A: 09 06 15 19 | 09
#0280-d264 @A: 26 06 16 19 | 11
#0281-d264 @A: 16 19 13 34 | 06
#0282-d264 @A: 24 19 32 15 | 01
#0283-d264 @A: 13 22 19 15 | 10
#0284-d264 @A: 28 06 16 14 | 08
#0285-d264 @A: 33 28 13 11 | 07
#0286-d264 @A: 28 16 23 11 | 02
#0287-d264 @A: 06 28 07 11 | 05
#0288-d264 @A: 28 33 31 34 | 04
#0289-d264 @A: 33 28 34 17 | 12
#0290-d264 @A: 12 31 05 28 | 03
#0291-d264 @A: 12 28 21 15 | 09
#0292-d264 @A: 28 07 16 24 | 11
#0293-d264 @A: 08 30 28 22 | 06
#0294-d264 @A: 18 20 08 11 | 01
#0295-d264 @A: 02 35 18 01 | 10
#0296-d264 @A: 01 18 30 05 | 08
#0297-d264 @A: 25 23 18 14 | 07
#0298-d264 @A: 18 06 17 11 | 02
#0299-d264 @A: 23 18 30 33 | 05
#0300-d264 @A: 12 09 18 16 | 04
#0301-d264 @A: 22 31 32 18 | 12
#0302-d264 @A: 27 13 34 18 | 03
#0303-d264 @A: 22 04 18 25 | 09
#0304-d264 @A: 12 29 07 20 | 11
#0305-d264 @A: 26 01 20 17 | 06
#0306-d264 @A: 02 14 31 20 | 01
#0307-d264 @A: 09 32 05 20 | 10
#0308-d264 @A: 03 20 21 26 | 08
#0309-d264 @A: 30 20 12 24 | 07
#0310-d264 @A: 08 20 13 15 | 02
#0311-d264 @A: 04 35 01 29 | 05
#0312-d264 @A: 27 14 35 01 | 04
#0313-d264 @A: 35 26 01 22 | 12
#0314-d264 @A: 23 35 21 22 | 03
#0315-d264 @A: 35 31 24 05 | 09
#0316-d264 @A: 32 03 35 05 | 11
#0317-d264 @A: 27 35 12 26 | 06
#0318-d264 @A: 35 17 31 13 | 01
#0319-d264 @A: 30 04 35 07 | 10
#0320-d264 @A: 06 34 29 23 | 08
#0321-d264 @A: 30 23 17 29 | 07
#0322-d264 @A: 29 24 05 13 | 02
#0323-d264 @A: 21 13 29 09 | 05
#0324-d264 @A: 06 03 29 09 | 04
#0325-d264 @A: 29 34 26 09 | 12
#0326-d264 @A: 29 15 21 06 | 03
#0327-d264 @A: 17 03 29 31 | 09
#0328-d264 @A: 29 04 13 22 | 11
#0329-d264 @A: 25 11 24 01 | 06
#0330-d264 @A: 01 07 33 23 | 01
#0331-d264 @A: 34 05 09 01 | 10
#0332-d264 @A: 06 26 30 01 | 08
#0333-d264 @A: 06 31 01 17 | 07
#0334-d264 @A: 17 01 22 12 | 02
#0335-d264 @A: 01 13 04 32 | 05
#0336-d264 @A: 13 01 07 02 | 04
#0337-d264 @A: 24 07 03 01 | 12
#0338-d264 @A: 25 07 27 01 | 03
#0339-d264 @A: 04 14 23 09 | 09
#0340-d264 @A: 23 10 14 26 | 11
#0341-d264 @A: 14 25 09 07 | 06
#0342-d264 @A: 10 14 06 31 | 01
#0343-d264 @A: 06 14 04 32 | 10
#0344-d264 @A: 27 22 16 14 | 08
#0345-d264 @A: 13 14 32 22 | 07
#0346-d264 @A: 16 31 11 33 | 02
#0347-d264 @A: 11 22 12 21 | 05
#0348-d264 @A: 03 07 32 11 | 04
#0349-d264 @A: 33 09 25 06 | 12
#0350-d264 @A: 21 31 03 33 | 03
#0351-d264 @A: 27 10 17 33 | 09
#0352-d264 @A: 33 15 16 25 | 11
#0353-d264 @A: 32 33 07 13 | 06
#0354-d264 @A: 33 03 25 32 | 01
#0355-d264 @A: 33 30 03 02 | 10
#0356-d264 @A: 13 04 33 03 | 08
#0357-d264 @A: 33 13 24 34 | 07
#0358-d264 @A: 04 07 33 02 | 02
#0359-d264 @A: 08 15 33 24 | 05
#0360-d264 @A: 23 12 05 32 | 04
#0361-d264 @A: 23 17 05 24 | 12
#0362-d264 @A: 09 31 30 23 | 03
#0363-d264 @A: 23 30 21 06 | 09
#0364-d264 @A: 21 13 23 12 | 11
#0365-d264 @A: 02 12 08 23 | 06
#0366-d264 @A: 21 17 08 05 | 01
#0367-d264 @A: 10 05 06 12 | 10
#0368-d264 @A: 17 09 02 21 | 08
#0369-d264 @A: 09 34 31 25 | 07
#0370-d264 @A: 16 25 09 10 | 02
#0371-d264 @A: 08 02 13 09 | 05
#0372-d264 @A: 21 25 12 34 | 04
#0373-d264 @A: 21 02 13 32 | 12
#0374-d264 @A: 34 21 13 30 | 03
#0375-d264 @A: 31 24 06 30 | 09
#0376-d264 @A: 16 08 34 06 | 11
#0377-d264 @A: 32 06 13 30 | 06
#0378-d264 @A: 30 34 06 17 | 01
#0379-d264 @A: 24 04 06 03 | 10
#0380-d264 @A: 04 34 06 15 | 08
#0381-d264 @A: 30 03 26 32 | 07
#0382-d264 @A: 32 22 04 26 | 02
#0383-d264 @A: 15 02 26 30 | 05
#0384-d264 @A: 12 27 08 32 | 04
#0385-d264 @A: 02 13 34 12 | 12
#0386-d264 @A: 04 32 31 16 | 03
#0387-d264 @A: 31 08 04 25 | 09
#0388-d264 @A: 25 17 27 16 | 11
#0389-d264 @A: 17 02 32 30 | 06
#0390-d264 @A: 17 30 02 25 | 01
#0391-d264 @A: 24 19 12 28 | 10
#0392-d264 @A: 11 34 19 18 | 08
#0393-d264 @A: 19 22 18 21 | 07
#0394-d264 @A: 11 24 20 19 | 02
#0395-d264 @A: 15 19 17 20 | 05
#0396-d264 @A: 11 35 04 19 | 04
#0397-d264 @A: 35 08 31 19 | 12
#0398-d264 @A: 03 19 07 35 | 03
#0399-d264 @A: 31 19 34 01 | 09
#0400-d264 @A: 14 02 19 12 | 11
#0401-d264 @A: 06 30 11 19 | 06
#0402-d264 @A: 26 33 19 22 | 01
#0403-d264 @A: 27 09 19 21 | 10
#0404-d264 @A: 06 19 03 22 | 08
#0405-d264 @A: 16 10 19 31 | 07
#0406-d264 @A: 17 03 19 27 | 02
#0407-d264 @A: 05 29 03 28 | 05
#0408-d264 @A: 29 28 16 26 | 04
#0409-d264 @A: 15 28 13 01 | 12
#0410-d264 @A: 25 33 28 14 | 03
#0411-d264 @A: 11 28 15 26 | 09
#0412-d264 @A: 10 28 31 11 | 11
#0413-d264 @A: 22 23 33 28 | 06
#0414-d264 @A: 22 28 12 09 | 01
#0415-d264 @A: 06 25 21 28 | 10
#0416-d264 @A: 17 28 30 21 | 08
#0417-d264 @A: 31 26 28 25 | 07
#0418-d264 @A: 16 10 28 12 | 02
#0419-d264 @A: 16 27 31 28 | 05
#0420-d264 @A: 28 07 03 10 | 04
#0421-d264 @A: 27 28 10 08 | 12
#0422-d264 @A: 15 04 28 10 | 03
#0423-d264 @A: 10 28 02 25 | 09
#0424-d264 @A: 20 18 07 14 | 11
#0425-d264 @A: 20 18 27 04 | 06
#0426-d264 @A: 18 35 26 34 | 01
#0427-d264 @A: 22 12 35 18 | 10
#0428-d264 @A: 14 34 18 29 | 08
#0429-d264 @A: 29 09 18 05 | 07
#0430-d264 @A: 23 03 18 01 | 02
#0431-d264 @A: 18 22 01 09 | 05
#0432-d264 @A: 24 11 14 18 | 04
#0433-d264 @A: 14 08 18 04 | 12
#0434-d264 @A: 21 18 23 02 | 03
#0435-d264 @A: 07 09 18 26 | 09
#0436-d264 @A: 10 09 02 18 | 11
#0437-d264 @A: 18 31 16 26 | 06
#0438-d264 @A: 10 08 18 30 | 01
#0439-d264 @A: 04 10 18 34 | 10
#0440-d264 @A: 18 08 16 32 | 08
#0441-d264 @A: 30 17 18 27 | 07
#0442-d264 @A: 33 20 24 29 | 02
#0443-d264 @A: 06 29 32 20 | 05
#0444-d264 @A: 20 14 01 11 | 04
#0445-d264 @A: 20 21 11 15 | 12
#0446-d264 @A: 34 15 20 33 | 03
#0447-d264 @A: 27 09 20 08 | 09
#0448-d264 @A: 03 20 12 06 | 11
#0449-d264 @A: 07 10 20 27 | 06
#0450-d264 @A: 20 30 25 34 | 01
#0451-d264 @A: 25 22 20 13 | 10
#0452-d264 @A: 08 17 27 20 | 08
#0453-d264 @A: 34 24 07 20 | 07
#0454-d264 @A: 35 29 05 17 | 02
#0455-d264 @A: 29 12 16 35 | 05
#0456-d264 @A: 07 02 35 29 | 04
#0457-d264 @A: 34 01 12 35 | 12
#0458-d264 @A: 15 07 35 01 | 03
#0459-d264 @A: 07 11 33 35 | 09
#0460-d264 @A: 08 11 35 26 | 11
#0461-d264 @A: 35 30 26 33 | 06
#0462-d264 @A: 23 35 05 15 | 01
#0463-d264 @A: 02 17 23 35 | 10
#0464-d264 @A: 03 31 35 09 | 08
#0465-d264 @A: 09 27 24 35 | 07
#0466-d264 @A: 08 04 21 35 | 02
#0467-d264 @A: 22 10 15 35 | 05
#0468-d264 @A: 13 16 08 35 | 04
#0469-d264 @A: 13 35 32 34 | 12
#0470-d264 @A: 32 35 22 07 | 03
#0471-d264 @A: 15 35 13 03 | 09
#0472-d264 @A: 13 24 35 07 | 11
#0473-d264 @A: 04 35 03 22 | 06
#0474-d264 @A: 11 24 29 16 | 01
#0475-d264 @A: 29 04 23 12 | 10
#0476-d264 @A: 05 08 26 29 | 08
#0477-d264 @A: 05 07 31 29 | 07
#0478-d264 @A: 29 25 05 32 | 02
#0479-d264 @A: 30 29 34 05 | 05
#0480-d264 @A: 29 16 31 09 | 04
#0481-d264 @A: 29 16 30 07 | 12
#0482-d264 @A: 01 11 32 12 | 03
#0483-d264 @A: 22 33 01 05 | 09
#0484-d264 @A: 17 23 13 01 | 11
#0485-d264 @A: 31 09 01 08 | 06
#0486-d264 @A: 12 01 07 21 | 01
#0487-d264 @A: 31 02 26 01 | 10
#0488-d264 @A: 34 01 26 15 | 08
#0489-d264 @A: 04 27 01 10 | 07
#0490-d264 @A: 01 32 25 16 | 02
#0491-d264 @A: 34 01 22 03 | 05
#0492-d264 @A: 25 17 01 34 | 04
#0493-d264 @A: 23 14 32 33 | 12
#0494-d264 @A: 08 17 33 14 | 03
#0495-d264 @A: 17 06 15 14 | 09
#0496-d264 @A: 14 26 12 30 | 11
#0497-d264 @A: 22 07 12 14 | 06
#0498-d264 @A: 14 25 10 15 | 01
#0499-d264 @A: 33 11 05 24 | 10
#0500-d264 @A: 33 12 11 30 | 08
#0501-d264 @A: 11 12 07 23 | 07
#0502-d264 @A: 24 31 11 23 | 02
#0503-d264 @A: 24 09 04 11 | 05
#0504-d264 @A: 22 10 13 11 | 04
#0505-d264 @A: 27 11 10 02 | 12
#0506-d264 @A: 24 11 30 03 | 03
#0507-d264 @A: 13 24 27 11 | 09
#0508-d264 @A: 17 05 33 06 | 11
#0509-d264 @A: 31 09 13 33 | 06
#0510-d264 @A: 33 24 03 09 | 01
#0511-d264 @A: 16 33 21 04 | 10
#0512-d264 @A: 31 24 17 33 | 08
#0513-d264 @A: 34 10 07 33 | 07
#0514-d264 @A: 17 13 33 15 | 02
#0515-d264 @A: 23 06 05 24 | 05
#0516-d264 @A: 05 23 13 03 | 04
#0517-d264 @A: 23 06 09 27 | 12
#0518-d264 @A: 26 22 23 12 | 03
#0519-d264 @A: 27 23 16 03 | 09
#0520-d264 @A: 16 23 08 15 | 11
#0521-d264 @A: 23 04 34 25 | 06
#0522-d264 @A: 09 05 27 22 | 01
#0523-d264 @A: 24 05 02 10 | 10
#0524-d264 @A: 05 15 13 30 | 08
#0525-d264 @A: 05 08 13 22 | 07
#0526-d264 @A: 02 05 34 03 | 02
#0527-d264 @A: 17 15 32 09 | 05
#0528-d264 @A: 30 34 09 08 | 04
#0529-d264 @A: 08 21 27 06 | 12
#0530-d264 @A: 16 06 30 10 | 03
#0531-d264 @A: 06 15 24 10 | 09
#0532-d264 @A: 06 30 02 25 | 11
#0533-d264 @A: 04 02 13 06 | 06
#0534-d264 @A: 07 06 25 22 | 01
#0535-d264 @A: 25 26 10 30 | 10
#0536-d264 @A: 26 04 13 30 | 08
#0537-d264 @A: 26 13 04 17 | 07
#0538-d264 @A: 04 34 24 26 | 02
#0539-d264 @A: 34 24 12 31 | 05
#0540-d264 @A: 16 12 17 10 | 04
#0541-d264 @A: 30 08 25 12 | 12
#0542-d264 @A: 15 24 13 12 | 03
#0543-d264 @A: 03 22 02 12 | 09
#0544-d264 @A: 07 12 15 04 | 11
#0545-d264 @A: 31 16 15 22 | 06
#0546-d264 @A: 31 17 04 30 | 01
#0547-d264 @A: 15 02 13 31 | 10
#0548-d264 @A: 27 31 24 15 | 08
#0549-d264 @A: 31 15 34 07 | 07
#0550-d264 @A: 13 10 17 24 | 02
#0551-d264 @A: 18 19 10 06 | 05
#0552-d264 @A: 07 19 08 18 | 04
#0553-d264 @A: 20 09 34 19 | 12
#0554-d264 @A: 12 22 19 20 | 03
#0555-d264 @A: 19 24 14 35 | 09
#0556-d264 @A: 19 17 35 09 | 11
#0557-d264 @A: 35 21 30 19 | 06
#0558-d264 @A: 19 29 15 12 | 01
#0559-d264 @A: 13 31 19 23 | 10
#0560-d264 @A: 24 19 23 22 | 08
#0561-d264 @A: 21 19 02 26 | 07
#0562-d264 @A: 10 21 19 17 | 02
#0563-d264 @A: 27 19 32 06 | 05
#0564-d264 @A: 19 32 31 26 | 04
#0565-d264 @A: 19 10 08 02 | 12
#0566-d264 @A: 15 16 19 04 | 03
#0567-d264 @A: 28 09 18 13 | 09
#0568-d264 @A: 18 28 06 27 | 11
#0569-d264 @A: 18 28 24 31 | 06
#0570-d264 @A: 18 17 28 22 | 01
#0571-d264 @A: 35 28 20 24 | 10
#0572-d264 @A: 13 28 05 20 | 08
#0573-d264 @A: 15 28 07 20 | 07
#0574-d264 @A: 28 10 35 14 | 02
#0575-d264 @A: 31 07 28 01 | 05
#0576-d264 @A: 11 27 14 28 | 04
#0577-d264 @A: 14 05 15 28 | 12
#0578-d264 @A: 11 28 22 02 | 03
#0579-d264 @A: 05 32 33 28 | 09
#0580-d264 @A: 10 24 30 28 | 11
#0581-d264 @A: 32 07 04 28 | 06
#0582-d264 @A: 27 28 22 07 | 01
#0583-d264 @A: 34 28 15 27 | 10
#0584-d264 @A: 27 04 24 28 | 08
#0585-d264 @A: 22 28 15 25 | 07
#0586-d264 @A: 20 18 29 22 | 02
#0587-d264 @A: 18 20 09 25 | 05
#0588-d264 @A: 20 18 03 02 | 04
#0589-d264 @A: 30 31 18 35 | 12
#0590-d264 @A: 31 01 13 18 | 03
#0591-d264 @A: 15 31 14 18 | 09
#0592-d264 @A: 11 18 05 02 | 11
#0593-d264 @A: 18 13 11 12 | 06
#0594-d264 @A: 05 34 18 33 | 01
#0595-d264 @A: 23 18 12 15 | 10
#0596-d264 @A: 13 08 06 18 | 08
#0597-d264 @A: 03 27 32 18 | 07
#0598-d264 @A: 17 06 20 35 | 02
#0599-d264 @A: 30 20 29 01 | 05
#0600-d264 @A: 06 20 01 27 | 04
#0601-d264 @A: 01 22 08 20 | 12
#0602-d264 @A: 20 31 32 33 | 03
#0603-d264 @A: 04 06 05 20 | 09
#0604-d264 @A: 34 05 31 20 | 11
#0605-d264 @A: 10 09 31 20 | 06
#0606-d264 @A: 15 10 30 20 | 01
#0607-d264 @A: 02 34 20 16 | 10
#0608-d264 @A: 35 06 05 29 | 08
#0609-d264 @A: 14 02 35 23 | 07
#0610-d264 @A: 14 35 25 12 | 02
#0611-d264 @A: 02 35 31 11 | 05
#0612-d264 @A: 23 09 34 35 | 04
#0613-d264 @A: 13 25 31 35 | 12
#0614-d264 @A: 29 24 31 01 | 03
#0615-d264 @A: 14 08 29 33 | 09
#0616-d264 @A: 11 33 22 29 | 11
#0617-d264 @A: 15 05 29 11 | 06
#0618-d264 @A: 29 06 11 27 | 01
#0619-d264 @A: 33 09 29 04 | 10
#0620-d264 @A: 03 29 30 13 | 08
#0621-d264 @A: 02 14 17 01 | 07
#0622-d264 @A: 15 23 11 01 | 02
#0623-d264 @A: 23 01 30 34 | 05
#0624-d264 @A: 01 21 10 09 | 04
#0625-d264 @A: 01 09 06 16 | 12
#0626-d264 @A: 26 03 12 01 | 03
#0627-d264 @A: 08 10 01 16 | 09
#0628-d264 @A: 01 04 34 16 | 11
#0629-d264 @A: 15 01 32 17 | 06
#0630-d264 @A: 01 27 30 24 | 01
#0631-d264 @A: 14 26 33 13 | 10
#0632-d264 @A: 04 33 14 31 | 08
#0633-d264 @A: 12 13 05 14 | 07
#0634-d264 @A: 09 14 17 12 | 02
#0635-d264 @A: 26 14 22 06 | 05
#0636-d264 @A: 17 34 31 14 | 04
#0637-d264 @A: 32 34 14 07 | 12
#0638-d264 @A: 22 14 17 32 | 03
#0639-d264 @A: 13 07 14 30 | 09
#0640-d264 @A: 04 13 14 15 | 11
#0641-d264 @A: 24 15 02 14 | 06
#0642-d264 @A: 23 21 11 33 | 01
#0643-d264 @A: 09 11 13 26 | 10
#0644-d264 @A: 11 26 10 12 | 08
#0645-d264 @A: 25 07 10 11 | 07
#0646-d264 @A: 16 11 03 22 | 02
#0647-d264 @A: 08 34 11 32 | 05
#0648-d264 @A: 31 15 33 23 | 04
#0649-d264 @A: 12 21 33 27 | 12
#0650-d264 @A: 33 21 02 15 | 03
#0651-d264 @A: 08 33 31 06 | 09
#0652-d264 @A: 27 06 04 33 | 11
#0653-d264 @A: 27 07 16 33 | 06
#0654-d264 @A: 27 15 33 32 | 01
#0655-d264 @A: 25 33 07 24 | 10
#0656-d264 @A: 23 05 22 10 | 08
#0657-d264 @A: 21 27 23 26 | 07
#0658-d264 @A: 07 23 03 21 | 02
#0659-d264 @A: 21 23 07 17 | 05
#0660-d264 @A: 32 07 10 23 | 04
#0661-d264 @A: 13 22 23 02 | 12
#0662-d264 @A: 23 27 08 04 | 03
#0663-d264 @A: 15 17 25 23 | 09
#0664-d264 @A: 22 09 05 17 | 11
#0665-d264 @A: 05 08 15 12 | 06
#0666-d264 @A: 17 13 16 05 | 01
#0667-d264 @A: 34 15 32 05 | 10
#0668-d264 @A: 05 25 04 17 | 08
#0669-d264 @A: 09 21 26 32 | 07
#0670-d264 @A: 06 16 09 17 | 02
#0671-d264 @A: 09 22 31 26 | 05
#0672-d264 @A: 09 16 27 32 | 04
#0673-d264 @A: 32 31 34 21 | 12
#0674-d264 @A: 21 22 24 13 | 03
#0675-d264 @A: 21 03 34 04 | 09
#0676-d264 @A: 32 06 26 12 | 11
#0677-d264 @A: 06 04 30 08 | 06
#0678-d264 @A: 06 03 27 07 | 01
#0679-d264 @A: 26 16 10 15 | 10
#0680-d264 @A: 04 27 26 16 | 08
#0681-d264 @A: 22 31 12 13 | 07
#0682-d264 @A: 13 32 10 12 | 02
#0683-d264 @A: 10 25 03 12 | 05
#0684-d264 @A: 16 30 12 02 | 04
#0685-d264 @A: 04 32 12 25 | 12
#0686-d264 @A: 34 07 27 12 | 03
#0687-d264 @A: 17 31 16 15 | 09
#0688-d264 @A: 31 02 16 25 | 11
#0689-d264 @A: 32 25 15 31 | 06
#0690-d264 @A: 16 24 17 08 | 01
#0691-d264 @A: 17 25 13 08 | 10
#0692-d264 @A: 15 17 22 34 | 08
#0693-d264 @A: 02 32 19 28 | 07
#0694-d264 @A: 18 19 15 35 | 02
#0695-d264 @A: 18 23 09 19 | 05
#0696-d264 @A: 15 20 19 01 | 04
#0697-d264 @A: 20 30 05 19 | 12
#0698-d264 @A: 06 20 19 07 | 03
#0699-d264 @A: 23 29 19 03 | 09
#0700-d264 @A: 19 01 09 04 | 11
#0701-d264 @A: 19 01 13 24 | 06
#0702-d264 @A: 14 06 25 19 | 01
#0703-d264 @A: 11 19 32 21 | 10
#0704-d264 @A: 12 34 33 19 | 08
#0705-d264 @A: 06 05 19 34 | 07
#0706-d264 @A: 24 19 27 26 | 02
#0707-d264 @A: 25 18 28 01 | 05
#0708-d264 @A: 09 20 28 29 | 04
#0709-d264 @A: 35 01 03 28 | 12
#0710-d264 @A: 35 28 23 13 | 03
#0711-d264 @A: 32 31 29 28 | 09
#0712-d264 @A: 29 13 07 28 | 11
#0713-d264 @A: 03 28 11 09 | 06
#0714-d264 @A: 11 27 17 28 | 01
#0715-d264 @A: 04 28 11 34 | 10
#0716-d264 @A: 12 03 28 33 | 08
#0717-d264 @A: 28 21 04 23 | 07
#0718-d264 @A: 26 28 27 09 | 02
#0719-d264 @A: 24 28 09 15 | 05
#0720-d264 @A: 28 15 26 17 | 04
#0721-d264 @A: 28 13 02 17 | 12
#0722-d264 @A: 27 28 03 02 | 03
#0723-d264 @A: 15 28 02 08 | 09
#0724-d264 @A: 28 34 24 08 | 11
#0725-d264 @A: 35 18 04 23 | 06
#0726-d264 @A: 23 18 29 08 | 01
#0727-d264 @A: 31 29 18 10 | 10
#0728-d264 @A: 15 18 33 01 | 08
#0729-d264 @A: 18 14 10 27 | 07
#0730-d264 @A: 18 31 02 33 | 02
#0731-d264 @A: 23 18 22 06 | 05
#0732-d264 @A: 07 23 31 18 | 04
#0733-d264 @A: 09 24 06 18 | 12
#0734-d264 @A: 13 17 09 18 | 03
#0735-d264 @A: 15 18 24 26 | 09
#0736-d264 @A: 10 18 22 16 | 11
#0737-d264 @A: 18 34 07 02 | 06
#0738-d264 @A: 25 14 29 20 | 01
#0739-d264 @A: 15 29 23 20 | 10
#0740-d264 @A: 20 26 01 16 | 08
#0741-d264 @A: 23 20 14 13 | 07
#0742-d264 @A: 27 34 11 20 | 02
#0743-d264 @A: 08 05 20 33 | 05
#0744-d264 @A: 17 10 20 09 | 04
#0745-d264 @A: 22 20 16 21 | 12
#0746-d264 @A: 17 22 20 21 | 03
#0747-d264 @A: 20 16 06 31 | 09
#0748-d264 @A: 20 02 27 32 | 11
#0749-d264 @A: 30 02 04 20 | 06
#0750-d264 @A: 35 11 29 13 | 01
#0751-d264 @A: 22 09 29 35 | 10
#0752-d264 @A: 23 35 01 25 | 08
#0753-d264 @A: 05 35 01 13 | 07
#0754-d264 @A: 01 24 08 35 | 02
#0755-d264 @A: 06 14 09 35 | 05
#0756-d264 @A: 14 34 04 35 | 04
#0757-d264 @A: 05 11 10 35 | 12
#0758-d264 @A: 09 35 15 11 | 03
#0759-d264 @A: 24 23 26 35 | 09
#0760-d264 @A: 23 12 35 03 | 11
#0761-d264 @A: 06 35 27 10 | 06
#0762-d264 @A: 32 27 35 04 | 01
#0763-d264 @A: 03 30 34 35 | 10
#0764-d264 @A: 25 27 03 35 | 08
#0765-d264 @A: 16 14 01 29 | 07
#0766-d264 @A: 14 11 32 29 | 02
#0767-d264 @A: 09 29 10 11 | 05
#0768-d264 @A: 29 33 12 02 | 04
#0769-d264 @A: 23 29 21 32 | 12
#0770-d264 @A: 24 09 29 08 | 03
#0771-d264 @A: 32 29 26 13 | 09
#0772-d264 @A: 29 31 03 15 | 11
#0773-d264 @A: 29 15 08 10 | 06
#0774-d264 @A: 10 29 04 02 | 01
#0775-d264 @A: 32 04 30 29 | 10
#0776-d264 @A: 03 34 29 24 | 08
#0777-d264 @A: 07 24 27 29 | 07
#0778-d264 @A: 27 34 22 29 | 02
#0779-d264 @A: 01 14 30 04 | 05
#0780-d264 @A: 01 13 11 34 | 04
#0781-d264 @A: 33 13 06 01 | 12
#0782-d264 @A: 09 01 24 12 | 03
#0783-d264 @A: 01 30 10 03 | 09
#0784-d264 @A: 01 02 16 03 | 11
#0785-d264 @A: 02 14 06 11 | 06
#0786-d264 @A: 09 31 12 14 | 01
#0787-d264 @A: 31 25 14 21 | 10
#0788-d264 @A: 08 26 31 14 | 08
#0789-d264 @A: 16 34 26 14 | 07
#0790-d264 @A: 07 24 31 14 | 02
#0791-d264 @A: 08 02 30 14 | 05
#0792-d264 @A: 34 14 15 22 | 04
#0793-d264 @A: 11 33 02 17 | 12
#0794-d264 @A: 11 04 23 06 | 03
#0795-d264 @A: 11 17 08 23 | 09
#0796-d264 @A: 25 05 09 11 | 11
#0797-d264 @A: 05 11 34 12 | 06
#0798-d264 @A: 09 11 08 06 | 01
#0799-d264 @A: 09 12 27 11 | 10
#0800-d264 @A: 11 26 07 27 | 08
#0801-d264 @A: 12 15 11 03 | 07
#0802-d264 @A: 31 11 15 08 | 02
#0803-d264 @A: 30 32 11 15 | 05
#0804-d264 @A: 11 27 04 03 | 04
#0805-d264 @A: 26 23 33 03 | 12
#0806-d264 @A: 26 05 16 33 | 03
#0807-d264 @A: 12 07 09 33 | 09
#0808-d264 @A: 12 33 15 06 | 11
#0809-d264 @A: 31 07 22 33 | 06
#0810-d264 @A: 10 13 15 33 | 01
#0811-d264 @A: 33 22 10 04 | 10
#0812-d264 @A: 06 23 13 26 | 08
#0813-d264 @A: 23 32 27 30 | 07
#0814-d264 @A: 17 03 23 13 | 02
#0815-d264 @A: 24 23 04 13 | 05
#0816-d264 @A: 05 09 12 30 | 04
#0817-d264 @A: 09 31 05 04 | 12
#0818-d264 @A: 21 12 03 05 | 03
#0819-d264 @A: 26 15 05 06 | 09
#0820-d264 @A: 30 05 26 31 | 11
#0821-d264 @A: 32 05 26 07 | 06
#0822-d264 @A: 02 05 17 07 | 01
#0823-d264 @A: 30 03 09 21 | 10
#0824-d264 @A: 09 02 16 24 | 08
#0825-d264 @A: 13 15 32 09 | 07
#0826-d264 @A: 09 34 32 24 | 02
#0827-d264 @A: 22 09 07 24 | 05
#0828-d264 @A: 03 08 13 21 | 04
#0829-d264 @A: 03 15 30 06 | 12
#0830-d264 @A: 03 02 26 10 | 03
#0831-d264 @A: 27 26 17 32 | 09
#0832-d264 @A: 08 32 26 25 | 11
#0833-d264 @A: 17 26 30 24 | 06
#0834-d264 @A: 04 07 26 25 | 01
#0835-d264 @A: 34 25 26 02 | 10
#0836-d264 @A: 31 12 32 30 | 08
#0837-d264 @A: 04 22 08 12 | 07
#0838-d264 @A: 25 12 24 02 | 02
#0839-d264 @A: 31 10 32 03 | 05
#0840-d264 @A: 31 22 10 27 | 04
#0841-d264 @A: 34 10 31 02 | 12
#0842-d264 @A: 25 24 31 10 | 03
#0843-d264 @A: 32 07 31 02 | 09
#0844-d264 @A: 34 04 27 31 | 11
#0845-d264 @A: 07 32 17 10 | 06
#0846-d264 @A: 02 17 16 34 | 01
#0847-d264 @A: 30 17 15 07 | 10
#0848-d264 @A: 22 03 17 07 | 08
#0849-d264 @A: 33 28 19 15 | 07
#0850-d264 @A: 21 13 19 28 | 02
#0851-d264 @A: 19 17 24 18 | 05
#0852-d264 @A: 29 19 13 20 | 04
#0853-d264 @A: 16 23 19 35 | 12
#0854-d264 @A: 32 35 19 12 | 03
#0855-d264 @A: 34 19 29 21 | 09
#0856-d264 @A: 29 19 31 04 | 11
#0857-d264 @A: 03 19 01 21 | 06
#0858-d264 @A: 19 17 13 14 | 01
#0859-d264 @A: 31 19 33 27 | 10
#0860-d264 @A: 17 19 23 31 | 08
#0861-d264 @A: 07 19 34 23 | 07
#0862-d264 @A: 09 19 12 03 | 02
#0863-d264 @A: 08 09 22 19 | 05
#0864-d264 @A: 08 34 19 26 | 04
#0865-d264 @A: 30 25 19 04 | 12
#0866-d264 @A: 18 28 11 32 | 03
#0867-d264 @A: 22 28 18 05 | 09
#0868-d264 @A: 08 28 26 18 | 11
#0869-d264 @A: 02 01 20 28 | 06
#0870-d264 @A: 12 25 20 28 | 01
#0871-d264 @A: 29 23 02 28 | 10
#0872-d264 @A: 22 04 28 01 | 08
#0873-d264 @A: 10 28 09 05 | 07
#0874-d264 @A: 06 28 30 09 | 02
#0875-d264 @A: 34 22 28 26 | 05
#0876-d264 @A: 28 30 32 16 | 04
#0877-d264 @A: 28 03 32 34 | 12
#0878-d264 @A: 28 03 04 08 | 03
#0879-d264 @A: 35 09 18 33 | 09
#0880-d264 @A: 01 32 18 29 | 11
#0881-d264 @A: 18 08 12 01 | 06
#0882-d264 @A: 26 18 04 33 | 01
#0883-d264 @A: 23 13 16 18 | 10
#0884-d264 @A: 15 09 18 04 | 08
#0885-d264 @A: 18 12 06 30 | 07
#0886-d264 @A: 34 18 03 16 | 02
#0887-d264 @A: 18 04 07 16 | 05
#0888-d264 @A: 32 13 25 18 | 04
#0889-d264 @A: 30 18 04 03 | 12
#0890-d264 @A: 08 24 18 27 | 03
#0891-d264 @A: 18 15 17 02 | 09
#0892-d264 @A: 35 01 32 20 | 11
#0893-d264 @A: 20 25 05 35 | 06
#0894-d264 @A: 20 04 11 29 | 01
#0895-d264 @A: 29 10 34 20 | 10
#0896-d264 @A: 24 01 20 05 | 08
#0897-d264 @A: 01 09 07 20 | 07
#0898-d264 @A: 13 20 21 01 | 02
#0899-d264 @A: 34 14 20 21 | 05
#0900-d264 @A: 03 10 20 14 | 04
#0901-d264 @A: 15 20 14 27 | 12
#0902-d264 @A: 23 09 20 11 | 03
#0903-d264 @A: 20 11 05 03 | 09
#0904-d264 @A: 22 09 20 33 | 11
#0905-d264 @A: 33 13 20 12 | 06
#0906-d264 @A: 02 33 25 20 | 01
#0907-d264 @A: 10 26 05 20 | 10
#0908-d264 @A: 05 12 27 20 | 08
#0909-d264 @A: 24 31 20 21 | 07
#0910-d264 @A: 04 20 21 07 | 02
#0911-d264 @A: 20 32 31 17 | 05
#0912-d264 @A: 30 20 31 13 | 04
#0913-d264 @A: 22 04 20 15 | 12
#0914-d264 @A: 01 33 16 35 | 03
#0915-d264 @A: 21 14 07 35 | 09
#0916-d264 @A: 23 33 08 35 | 11
#0917-d264 @A: 04 05 35 12 | 06
#0918-d264 @A: 16 26 09 35 | 01
#0919-d264 @A: 06 02 12 35 | 10
#0920-d264 @A: 08 06 35 03 | 08
#0921-d264 @A: 24 30 35 32 | 07
#0922-d264 @A: 15 35 08 30 | 02
#0923-d264 @A: 13 02 27 35 | 05
#0924-d264 @A: 01 11 29 03 | 04
#0925-d264 @A: 29 14 05 02 | 12
#0926-d264 @A: 31 29 33 25 | 03
#0927-d264 @A: 29 30 09 02 | 09
#0928-d264 @A: 08 06 12 29 | 11
#0929-d264 @A: 16 02 29 27 | 06
#0930-d264 @A: 29 03 02 08 | 01
#0931-d264 @A: 21 02 14 01 | 10
#0932-d264 @A: 14 01 13 10 | 08
#0933-d264 @A: 06 01 11 10 | 07
#0934-d264 @A: 04 01 11 26 | 02
#0935-d264 @A: 08 01 30 21 | 05
#0936-d264 @A: 26 14 25 11 | 04
#0937-d264 @A: 14 17 10 11 | 12
#0938-d264 @A: 14 21 09 33 | 03
#0939-d264 @A: 33 02 14 34 | 09
#0940-d264 @A: 16 15 09 14 | 11
#0941-d264 @A: 14 27 12 06 | 06
#0942-d264 @A: 14 26 27 32 | 01
#0943-d264 @A: 30 32 25 14 | 10
#0944-d264 @A: 23 08 05 11 | 08
#0945-d264 @A: 11 06 22 05 | 07
#0946-d264 @A: 11 26 31 03 | 02
#0947-d264 @A: 08 03 11 10 | 05
#0948-d264 @A: 16 15 27 11 | 04
#0949-d264 @A: 32 11 25 02 | 12
#0950-d264 @A: 15 11 25 13 | 03
#0951-d264 @A: 25 03 34 11 | 09
#0952-d264 @A: 11 25 27 08 | 11
#0953-d264 @A: 02 15 11 04 | 06
#0954-d264 @A: 22 08 24 11 | 01
#0955-d264 @A: 31 05 10 33 | 10
#0956-d264 @A: 30 33 32 34 | 08
#0957-d264 @A: 08 27 33 13 | 07
#0958-d264 @A: 33 15 22 03 | 02
#0959-d264 @A: 22 17 25 33 | 05
#0960-d264 @A: 21 23 31 10 | 04
#0961-d264 @A: 17 23 06 26 | 12
#0962-d264 @A: 23 26 31 34 | 03
#0963-d264 @A: 16 23 07 26 | 09
#0964-d264 @A: 16 22 17 23 | 11
#0965-d264 @A: 23 27 22 25 | 06
#0966-d264 @A: 06 21 07 05 | 01
#0967-d264 @A: 22 05 21 31 | 10
#0968-d264 @A: 17 32 05 12 | 08
#0969-d264 @A: 13 05 10 07 | 07
#0970-d264 @A: 32 02 05 22 | 02
#0971-d264 @A: 05 25 04 15 | 05
#0972-d264 @A: 21 09 15 31 | 04
#0973-d264 @A: 09 06 26 04 | 12
#0974-d264 @A: 26 15 12 09 | 03
#0975-d264 @A: 09 17 31 26 | 09
#0976-d264 @A: 07 09 10 15 | 11
#0977-d264 @A: 09 22 25 32 | 06
#0978-d264 @A: 25 30 24 09 | 01
#0979-d264 @A: 21 10 26 06 | 10
#0980-d264 @A: 32 13 21 17 | 08
#0981-d264 @A: 03 21 25 17 | 07
#0982-d264 @A: 02 21 24 27 | 02
#0983-d264 @A: 25 21 04 02 | 05
#0984-d264 @A: 24 12 06 07 | 04
#0985-d264 @A: 27 26 13 10 | 12
#0986-d264 @A: 10 24 26 07 | 03
#0987-d264 @A: 26 27 30 34 | 09
#0988-d264 @A: 24 03 26 25 | 11
#0989-d264 @A: 22 26 17 02 | 06
#0990-d264 @A: 15 12 31 10 | 01
#0991-d264 @A: 07 08 12 13 | 10
#0992-d264 @A: 04 31 24 22 | 08
#0993-d264 @A: 17 27 22 04 | 07
#0994-d264 @A: 34 28 19 35 | 02
#0995-d264 @A: 19 11 28 29 | 05
#0996-d264 @A: 28 19 14 07 | 04
#0997-d264 @A: 19 18 26 03 | 12
#0998-d264 @A: 26 25 19 20 | 03
#0999-d264 @A: 19 35 13 26 | 09
#1000-d264 @A: 19 14 10 33 | 11
#1001-d264 @A: 19 23 02 11 | 06
#1002-d264 @A: 07 19 11 17 | 01
#1003-d264 @A: 02 09 19 05 | 10
#1004-d264 @A: 25 19 21 05 | 08
#1005-d264 @A: 05 12 16 19 | 07
#1006-d264 @A: 19 13 12 06 | 02
#1007-d264 @A: 26 07 12 19 | 05
#1008-d264 @A: 13 19 10 25 | 04
#1009-d264 @A: 04 19 34 32 | 12
#1010-d264 @A: 13 30 19 02 | 03
#1011-d264 @A: 27 02 19 15 | 09
#1012-d264 @A: 08 25 19 24 | 11
#1013-d264 @A: 18 29 28 15 | 06
#1014-d264 @A: 22 20 28 03 | 01
#1015-d264 @A: 32 28 35 21 | 10
#1016-d264 @A: 15 31 35 28 | 08
#1017-d264 @A: 21 10 29 28 | 07
#1018-d264 @A: 05 11 28 01 | 02
#1019-d264 @A: 28 26 01 23 | 05
#1020-d264 @A: 32 01 09 28 | 04
#1021-d264 @A: 28 12 30 01 | 12
#1022-d264 @A: 28 33 02 24 | 03
#1023-d264 @A: 28 05 16 08 | 09
#1024-d264 @A: 21 28 16 09 | 11
#1025-d264 @A: 06 17 24 28 | 06
#1026-d264 @A: 28 24 13 03 | 01
#1027-d264 @A: 25 04 13 28 | 10
#1028-d264 @A: 20 18 24 23 | 08
#1029-d264 @A: 25 18 35 29 | 07
#1030-d264 @A: 35 18 14 13 | 02
#1031-d264 @A: 32 06 18 35 | 05
#1032-d264 @A: 18 07 35 27 | 04
#1033-d264 @A: 27 18 26 29 | 12
#1034-d264 @A: 16 17 01 18 | 03
#1035-d264 @A: 04 24 01 18 | 09
#1036-d264 @A: 18 17 23 10 | 11
#1037-d264 @A: 18 15 21 13 | 06
#1038-d264 @A: 18 25 17 26 | 01
#1039-d264 @A: 02 04 18 32 | 10
#1040-d264 @A: 18 02 08 22 | 08
#1041-d264 @A: 29 02 26 20 | 07
#1042-d264 @A: 01 12 20 10 | 02
#1043-d264 @A: 30 14 20 09 | 05
#1044-d264 @A: 12 08 20 14 | 04
#1045-d264 @A: 04 16 14 20 | 12
#1046-d264 @A: 23 25 20 21 | 03
#1047-d264 @A: 06 20 15 25 | 09
#1048-d264 @A: 08 32 10 20 | 11
#1049-d264 @A: 20 17 16 30 | 06
#1050-d264 @A: 32 04 03 20 | 01
#1051-d264 @A: 27 01 17 35 | 10
#1052-d264 @A: 03 14 35 26 | 08
#1053-d264 @A: 14 22 35 31 | 07
#1054-d264 @A: 35 30 14 17 | 02
#1055-d264 @A: 27 23 11 35 | 05
#1056-d264 @A: 32 16 35 11 | 04
#1057-d264 @A: 11 34 35 17 | 12
#1058-d264 @A: 31 33 12 35 | 03
#1059-d264 @A: 27 35 34 05 | 09
#1060-d264 @A: 08 35 09 12 | 11
#1061-d264 @A: 35 13 06 21 | 06
#1062-d264 @A: 01 11 17 29 | 01
#1063-d264 @A: 01 29 21 22 | 10
#1064-d264 @A: 21 14 29 03 | 08
#1065-d264 @A: 14 26 24 29 | 07
#1066-d264 @A: 07 29 33 21 | 02
#1067-d264 @A: 06 29 26 07 | 05
#1068-d264 @A: 17 15 10 29 | 04
#1069-d264 @A: 13 29 08 34 | 12
#1070-d264 @A: 22 23 01 14 | 03
#1071-d264 @A: 14 03 01 09 | 09
#1072-d264 @A: 09 17 33 01 | 11
#1073-d264 @A: 01 31 06 15 | 06
#1074-d264 @A: 15 01 02 10 | 01
#1075-d264 @A: 22 01 13 27 | 10
#1076-d264 @A: 08 01 15 27 | 08
#1077-d264 @A: 25 01 22 02 | 07
#1078-d264 @A: 14 23 15 06 | 02
#1079-d264 @A: 21 32 14 05 | 05
#1080-d264 @A: 14 05 08 06 | 04
#1081-d264 @A: 06 03 13 14 | 12
#1082-d264 @A: 24 04 10 14 | 03
#1083-d264 @A: 34 27 14 08 | 09
#1084-d264 @A: 05 27 30 11 | 11
#1085-d264 @A: 11 21 04 13 | 06
#1086-d264 @A: 22 17 11 31 | 01
#1087-d264 @A: 03 13 11 02 | 10
#1088-d264 @A: 08 04 07 11 | 08
#1089-d264 @A: 02 09 33 23 | 07
#1090-d264 @A: 09 33 15 05 | 02
#1091-d264 @A: 26 33 09 10 | 05
#1092-d264 @A: 10 27 24 33 | 04
#1093-d264 @A: 24 33 30 22 | 12
#1094-d264 @A: 22 27 02 33 | 03
#1095-d264 @A: 23 13 30 10 | 09
#1096-d264 @A: 23 02 24 30 | 11
#1097-d264 @A: 07 13 27 23 | 06
#1098-d264 @A: 09 26 05 03 | 01
#1099-d264 @A: 12 05 26 24 | 10
#1100-d264 @A: 05 15 02 16 | 08
#1101-d264 @A: 24 16 34 05 | 07
#1102-d264 @A: 05 27 32 24 | 02
#1103-d264 @A: 05 15 07 27 | 05
#1104-d264 @A: 04 34 22 05 | 04
#1105-d264 @A: 02 09 12 21 | 12
#1106-d264 @A: 09 13 25 12 | 03
#1107-d264 @A: 27 09 10 34 | 09
#1108-d264 @A: 04 32 09 08 | 11
#1109-d264 @A: 13 03 27 09 | 06
#1110-d264 @A: 34 07 13 09 | 01
#1111-d264 @A: 34 09 04 02 | 10
#1112-d264 @A: 26 21 08 07 | 08
#1113-d264 @A: 21 13 25 07 | 07
#1114-d264 @A: 04 24 21 15 | 02
#1115-d264 @A: 25 10 08 06 | 05
#1116-d264 @A: 07 06 30 34 | 04
#1117-d264 @A: 13 22 06 17 | 12
#1118-d264 @A: 03 17 26 12 | 03
#1119-d264 @A: 26 10 04 31 | 09
#1120-d264 @A: 08 03 26 16 | 11
#1121-d264 @A: 22 24 16 26 | 06
#1122-d264 @A: 26 15 27 03 | 01
#1123-d264 @A: 27 26 02 08 | 10
#1124-d264 @A: 17 34 27 26 | 08
#1125-d264 @A: 34 12 22 10 | 07
#1126-d264 @A: 12 03 30 07 | 02
#1127-d264 @A: 12 34 30 04 | 05
#1128-d264 @A: 22 27 24 12 | 04
#1129-d264 @A: 10 30 31 07 | 12
#1130-d264 @A: 31 03 13 34 | 03
#1131-d264 @A: 19 20 27 28 | 09
#1132-d264 @A: 29 19 18 30 | 11
#1133-d264 @A: 13 19 33 18 | 06
#1134-d264 @A: 01 06 19 35 | 01
#1135-d264 @A: 32 29 08 19 | 10
#1136-d264 @A: 01 19 02 33 | 08
#1137-d264 @A: 01 08 05 19 | 07
#1138-d264 @A: 19 30 31 14 | 02
#1139-d264 @A: 09 11 16 19 | 05
#1140-d264 @A: 26 19 04 23 | 04
#1141-d264 @A: 30 12 23 19 | 12
#1142-d264 @A: 15 05 31 19 | 03
#1143-d264 @A: 26 09 30 19 | 09
#1144-d264 @A: 10 27 03 19 | 11
#1145-d264 @A: 25 03 16 19 | 06
#1146-d264 @A: 19 07 02 16 | 01
#1147-d264 @A: 30 22 19 17 | 10
#1148-d264 @A: 02 19 03 04 | 08
#1149-d264 @A: 15 07 19 25 | 07
#1150-d264 @A: 04 19 07 24 | 02
#1151-d264 @A: 10 28 18 20 | 05
#1152-d264 @A: 18 23 34 28 | 04
#1153-d264 @A: 20 06 34 28 | 12
#1154-d264 @A: 05 35 28 30 | 03
#1155-d264 @A: 04 28 35 17 | 09
#1156-d264 @A: 04 29 28 14 | 11
#1157-d264 @A: 01 08 28 14 | 06
#1158-d264 @A: 10 33 28 01 | 01
#1159-d264 @A: 07 09 28 23 | 10
#1160-d264 @A: 27 28 12 23 | 08
#1161-d264 @A: 15 30 23 28 | 07
#1162-d264 @A: 28 02 31 09 | 02
#1163-d264 @A: 06 13 28 31 | 05
#1164-d264 @A: 07 08 25 28 | 04
#1165-d264 @A: 04 29 06 18 | 12
#1166-d264 @A: 22 18 33 14 | 03
#1167-d264 @A: 18 14 32 09 | 09
#1168-d264 @A: 26 22 18 11 | 11
#1169-d264 @A: 33 12 18 10 | 06
#1170-d264 @A: 05 18 24 21 | 01
#1171-d264 @A: 09 34 18 21 | 10
#1172-d264 @A: 18 08 21 31 | 08
#1173-d264 @A: 06 02 26 18 | 07
#1174-d264 @A: 12 17 18 31 | 02
#1175-d264 @A: 18 24 32 07 | 05
#1176-d264 @A: 15 25 18 02 | 04
#1177-d264 @A: 35 22 11 20 | 12
#1178-d264 @A: 20 07 05 23 | 03
#1179-d264 @A: 20 23 30 26 | 09
#1180-d264 @A: 31 23 22 20 | 11
#1181-d264 @A: 21 12 20 32 | 06
#1182-d264 @A: 04 10 20 25 | 01
#1183-d264 @A: 20 16 32 15 | 10
#1184-d264 @A: 13 16 20 27 | 08
#1185-d264 @A: 24 20 13 32 | 07
#1186-d264 @A: 22 32 34 20 | 02
#1187-d264 @A: 22 30 20 07 | 05
#1188-d264 @A: 20 04 24 08 | 04
#1189-d264 @A: 29 24 21 35 | 12
#1190-d264 @A: 29 31 34 35 | 03
#1191-d264 @A: 11 35 30 14 | 09
#1192-d264 @A: 05 35 14 16 | 11
#1193-d264 @A: 21 33 17 35 | 06
#1194-d264 @A: 03 10 33 35 | 01
#1195-d264 @A: 13 22 33 35 | 10
#1196-d264 @A: 06 16 35 15 | 08
#1197-d264 @A: 17 35 16 07 | 07
#1198-d264 @A: 35 25 24 15 | 02
#1199-d264 @A: 15 01 09 29 | 05
#1200-d264 @A: 29 14 13 31 | 04
#1201-d264 @A: 30 26 29 22 | 12
#1202-d264 @A: 12 03 29 27 | 03
#1203-d264 @A: 22 10 29 25 | 09
#1204-d264 @A: 29 16 04 08 | 11
#1205-d264 @A: 32 29 03 22 | 06
#1206-d264 @A: 24 14 33 01 | 01
#1207-d264 @A: 01 14 34 06 | 10
#1208-d264 @A: 32 01 24 23 | 08
#1209-d264 @A: 25 01 26 09 | 07
#1210-d264 @A: 27 16 12 01 | 02
#1211-d264 @A: 01 03 31 27 | 05
#1212-d264 @A: 22 01 16 07 | 04
#1213-d264 @A: 32 27 01 34 | 12
#1214-d264 @A: 22 01 15 32 | 03
#1215-d264 @A: 14 13 16 11 | 09
#1216-d264 @A: 14 07 06 33 | 11
#1217-d264 @A: 14 30 33 27 | 06
#1218-d264 @A: 09 05 14 24 | 01
#1219-d264 @A: 27 14 31 05 | 10
#1220-d264 @A: 17 26 16 14 | 08
#1221-d264 @A: 15 03 32 14 | 07
#1222-d264 @A: 25 34 13 14 | 02
#1223-d264 @A: 22 14 04 02 | 05
#1224-d264 @A: 21 11 30 02 | 04
#1225-d264 @A: 11 30 26 16 | 12
#1226-d264 @A: 34 11 30 10 | 03
#1227-d264 @A: 11 34 16 07 | 09
#1228-d264 @A: 05 04 33 23 | 11
#1229-d264 @A: 25 10 33 23 | 06
#1230-d264 @A: 23 34 16 33 | 01
#1231-d264 @A: 33 05 21 13 | 10
#1232-d264 @A: 31 33 26 24 | 08
#1233-d264 @A: 33 08 32 02 | 07
#1234-d264 @A: 04 24 33 32 | 02
#1235-d264 @A: 23 34 05 21 | 05
#1236-d264 @A: 03 31 23 06 | 04
#1237-d264 @A: 04 31 23 02 | 12
#1238-d264 @A: 10 15 23 27 | 03
#1239-d264 @A: 05 30 10 21 | 09
#1240-d264 @A: 25 27 05 06 | 11
#1241-d264 @A: 05 08 10 04 | 06
#1242-d264 @A: 25 05 02 13 | 01
#1243-d264 @A: 06 09 12 34 | 10
#1244-d264 @A: 02 06 22 09 | 08
#1245-d264 @A: 13 30 09 22 | 07
#1246-d264 @A: 09 25 02 27 | 02
#1247-d264 @A: 26 21 16 12 | 05
#1248-d264 @A: 15 10 21 34 | 04
#1249-d264 @A: 32 03 16 21 | 12
#1250-d264 @A: 21 07 22 34 | 03
#1251-d264 @A: 17 15 21 24 | 09
#1252-d264 @A: 07 06 32 08 | 11
#1253-d264 @A: 22 06 30 27 | 06
#1254-d264 @A: 15 27 13 06 | 01
#1255-d264 @A: 15 06 08 22 | 10
#1256-d264 @A: 08 26 24 30 | 08
#1257-d264 @A: 03 12 31 04 | 07
#1258-d264 @A: 31 07 12 25 | 02
#1259-d264 @A: 12 34 15 16 | 05
#1260-d264 @A: 04 16 12 24 | 04
#1261-d264 @A: 22 15 12 30 | 12
#1262-d264 @A: 12 34 13 17 | 03
#1263-d264 @A: 24 02 03 31 | 09
#1264-d264 @A: 08 31 34 22 | 11
#1265-d264 @A: 17 10 22 24 | 06
#1266-d264 @A: 01 28 19 16 | 01
#1267-d264 @A: 22 19 28 31 | 10
#1268-d264 @A: 02 19 18 24 | 08
#1269-d264 @A: 09 35 19 10 | 07
#1270-d264 @A: 01 26 29 19 | 02
#1271-d264 @A: 19 29 14 22 | 05
#1272-d264 @A: 23 19 14 27 | 04
#1273-d264 @A: 19 11 03 33 | 12
#1274-d264 @A: 08 30 19 33 | 03
#1275-d264 @A: 33 30 17 19 | 09
#1276-d264 @A: 23 15 19 21 | 11
#1277-d264 @A: 03 24 05 19 | 06
#1278-d264 @A: 04 12 10 19 | 01
#1279-d264 @A: 27 22 04 19 | 10
#1280-d264 @A: 04 17 02 19 | 08
#1281-d264 @A: 11 28 20 30 | 07
#1282-d264 @A: 04 28 20 31 | 02
#1283-d264 @A: 27 33 28 35 | 05
#1284-d264 @A: 29 25 30 28 | 04
#1285-d264 @A: 14 17 05 28 | 12
#1286-d264 @A: 12 32 28 14 | 03
#1287-d264 @A: 17 32 28 23 | 09
#1288-d264 @A: 25 03 23 28 | 11
#1289-d264 @A: 22 32 10 28 | 06
#1290-d264 @A: 20 01 18 34 | 01
#1291-d264 @A: 24 35 18 10 | 10
#1292-d264 @A: 18 07 11 29 | 08
#1293-d264 @A: 18 24 12 29 | 07
#1294-d264 @A: 14 12 18 03 | 02
#1295-d264 @A: 18 23 11 10 | 05
#1296-d264 @A: 06 05 18 16 | 04
#1297-d264 @A: 05 25 10 18 | 12
#1298-d264 @A: 13 04 18 05 | 03
#1299-d264 @A: 06 03 25 18 | 09
#1300-d264 @A: 16 25 18 27 | 11
#1301-d264 @A: 24 22 18 03 | 06
#1302-d264 @A: 35 07 16 20 | 01
#1303-d264 @A: 20 27 21 29 | 10
#1304-d264 @A: 31 20 29 08 | 08
#1305-d264 @A: 17 14 23 20 | 07
#1306-d264 @A: 14 06 20 24 | 02
#1307-d264 @A: 09 20 06 21 | 05
#1308-d264 @A: 20 15 09 02 | 04
#1309-d264 @A: 10 02 13 20 | 12
#1310-d264 @A: 20 08 02 07 | 03
#1311-d264 @A: 34 07 17 20 | 09
#1312-d264 @A: 02 24 22 20 | 11
#1313-d264 @A: 07 23 35 06 | 06
#1314-d264 @A: 09 35 02 32 | 01
#1315-d264 @A: 35 02 21 03 | 10
#1316-d264 @A: 32 15 26 35 | 08
#1317-d264 @A: 16 35 24 03 | 07
#1318-d264 @A: 17 24 03 35 | 02
#1319-d264 @A: 34 07 35 25 | 05
#1320-d264 @A: 35 25 08 02 | 04
#1321-d264 @A: 29 34 33 01 | 12
#1322-d264 @A: 29 01 23 05 | 03
#1323-d264 @A: 21 29 08 11 | 09
#1324-d264 @A: 02 29 11 34 | 11
#1325-d264 @A: 10 33 30 29 | 06
#1326-d264 @A: 27 23 29 31 | 01
#1327-d264 @A: 29 24 10 23 | 10
#1328-d264 @A: 29 16 22 23 | 08
#1329-d264 @A: 30 21 12 29 | 07
#1330-d264 @A: 26 03 04 29 | 02
#1331-d264 @A: 29 25 27 13 | 05
#1332-d264 @A: 15 22 29 02 | 04
#1333-d264 @A: 26 07 14 01 | 12
#1334-d264 @A: 22 31 11 01 | 03
#1335-d264 @A: 01 13 09 23 | 09
#1336-d264 @A: 27 01 23 02 | 11
#1337-d264 @A: 21 06 32 01 | 06
#1338-d264 @A: 22 06 01 12 | 01
#1339-d264 @A: 04 06 01 25 | 10
#1340-d264 @A: 24 15 16 01 | 08
#1341-d264 @A: 03 01 08 32 | 07
#1342-d264 @A: 25 13 03 01 | 02
#1343-d264 @A: 34 02 01 24 | 05
#1344-d264 @A: 21 14 10 11 | 04
#1345-d264 @A: 12 04 14 11 | 12
#1346-d264 @A: 34 14 31 11 | 03
#1347-d264 @A: 23 34 12 14 | 09
#1348-d264 @A: 16 31 23 14 | 11
#1349-d264 @A: 11 25 33 04 | 06
#1350-d264 @A: 11 34 23 22 | 01
#1351-d264 @A: 31 05 11 13 | 10
#1352-d264 @A: 11 26 21 34 | 08
#1353-d264 @A: 12 11 06 16 | 07
#1354-d264 @A: 17 32 16 11 | 02
#1355-d264 @A: 30 33 06 05 | 05
#1356-d264 @A: 21 33 10 08 | 04
#1357-d264 @A: 06 34 26 33 | 12
#1358-d264 @A: 26 07 33 17 | 03
#1359-d264 @A: 02 33 16 13 | 09
#1360-d264 @A: 25 30 13 33 | 11
#1361-d264 @A: 09 23 16 05 | 06
#1362-d264 @A: 31 05 23 25 | 01
#1363-d264 @A: 09 23 26 08 | 10
#1364-d264 @A: 09 23 03 32 | 08
#1365-d264 @A: 04 30 23 16 | 07
#1366-d264 @A: 32 15 23 04 | 02
#1367-d264 @A: 23 08 13 25 | 05
#1368-d264 @A: 08 24 23 03 | 04
#1369-d264 @A: 23 34 24 27 | 12
#1370-d264 @A: 15 24 23 07 | 03
#1371-d264 @A: 25 22 05 26 | 09
#1372-d264 @A: 10 03 05 15 | 11
#1373-d264 @A: 16 03 05 04 | 06
#1374-d264 @A: 05 07 08 24 | 01
#1375-d264 @A: 16 08 09 07 | 10
#1376-d264 @A: 16 09 34 22 | 08
#1377-d264 @A: 27 09 07 04 | 07
#1378-d264 @A: 09 17 24 04 | 02
#1379-d264 @A: 21 06 12 31 | 05
#1380-d264 @A: 06 21 16 02 | 04
#1381-d264 @A: 03 17 21 16 | 12
#1382-d264 @A: 27 07 21 32 | 03
#1383-d264 @A: 25 21 15 03 | 09
#1384-d264 @A: 16 07 06 13 | 11
#1385-d264 @A: 16 27 24 06 | 06
#1386-d264 @A: 16 06 22 04 | 01
#1387-d264 @A: 06 17 02 03 | 10
#1388-d264 @A: 16 26 25 13 | 08
#1389-d264 @A: 02 13 26 24 | 07
#1390-d264 @A: 03 24 32 12 | 02
#1391-d264 @A: 25 15 12 27 | 05
#1392-d264 @A: 31 32 24 08 | 04
#1393-d264 @A: 30 31 15 04 | 12
#1394-d264 @A: 07 08 31 27 | 03
#1395-d264 @A: 10 03 34 17 | 09
#1396-d264 @A: 28 04 19 18 | 11
#1397-d264 @A: 10 19 26 28 | 06
#1398-d264 @A: 28 16 19 17 | 01
#1399-d264 @A: 30 03 28 19 | 10
#1400-d264 @A: 18 19 31 25 | 08
#1401-d264 @A: 35 27 29 19 | 07
#1402-d264 @A: 33 29 16 19 | 02
#1403-d264 @A: 01 19 27 11 | 05
#1404-d264 @A: 32 19 01 07 | 04
#1405-d264 @A: 11 19 08 14 | 12
#1406-d264 @A: 15 19 11 10 | 03
#1407-d264 @A: 19 11 22 25 | 09
#1408-d264 @A: 19 33 23 06 | 11
#1409-d264 @A: 07 19 05 33 | 06
#1410-d264 @A: 31 07 19 21 | 01
#1411-d264 @A: 17 26 08 19 | 10
#1412-d264 @A: 08 27 16 19 | 08
#1413-d264 @A: 19 17 32 25 | 07
#1414-d264 @A: 27 19 30 07 | 02
#1415-d264 @A: 19 30 15 34 | 05
#1416-d264 @A: 18 35 16 28 | 04
#1417-d264 @A: 28 30 14 18 | 12
#1418-d264 @A: 21 18 03 28 | 03
#1419-d264 @A: 08 21 20 28 | 09
#1420-d264 @A: 27 29 28 01 | 11
#1421-d264 @A: 17 12 29 28 | 06
#1422-d264 @A: 21 34 01 28 | 01
#1423-d264 @A: 01 28 06 24 | 10
#1424-d264 @A: 17 28 01 08 | 08
#1425-d264 @A: 34 09 14 28 | 07
#1426-d264 @A: 28 14 21 22 | 02
#1427-d264 @A: 14 02 28 13 | 05
#1428-d264 @A: 23 10 28 06 | 04
#1429-d264 @A: 24 25 05 28 | 12
#1430-d264 @A: 28 17 07 09 | 03
#1431-d264 @A: 30 28 07 26 | 09
#1432-d264 @A: 13 34 28 10 | 11
#1433-d264 @A: 32 28 27 25 | 06
#1434-d264 @A: 20 35 21 18 | 01
#1435-d264 @A: 21 18 27 01 | 10
#1436-d264 @A: 11 18 21 25 | 08
#1437-d264 @A: 31 18 04 11 | 07
#1438-d264 @A: 33 32 21 18 | 02
#1439-d264 @A: 33 24 18 16 | 05
#1440-d264 @A: 18 31 05 03 | 04
#1441-d264 @A: 21 12 18 04 | 12
#1442-d264 @A: 17 31 21 18 | 03
#1443-d264 @A: 12 34 32 18 | 09
#1444-d264 @A: 18 02 30 27 | 11
#1445-d264 @A: 07 18 25 30 | 06
#1446-d264 @A: 15 27 22 18 | 01
#1447-d264 @A: 15 08 34 18 | 10
#1448-d264 @A: 30 06 20 35 | 08
#1449-d264 @A: 17 20 13 29 | 07
#1450-d264 @A: 13 20 06 11 | 02
#1451-d264 @A: 11 26 32 20 | 05
#1452-d264 @A: 20 31 07 11 | 04
#1453-d264 @A: 20 25 11 16 | 12
#1454-d264 @A: 06 02 20 23 | 03
#1455-d264 @A: 20 17 30 05 | 09
#1456-d264 @A: 24 20 26 09 | 11
#1457-d264 @A: 12 04 20 09 | 06
#1458-d264 @A: 34 12 20 26 | 01
#1459-d264 @A: 24 16 10 20 | 10
#1460-d264 @A: 20 03 24 15 | 08
#1461-d264 @A: 02 24 20 17 | 07
#1462-d264 @A: 15 33 04 35 | 02
#1463-d264 @A: 31 23 32 35 | 05
#1464-d264 @A: 13 35 30 12 | 04
#1465-d264 @A: 22 02 35 16 | 12
#1466-d264 @A: 35 15 34 02 | 03
#1467-d264 @A: 08 01 29 25 | 09
#1468-d264 @A: 05 04 29 21 | 11
#1469-d264 @A: 17 26 21 29 | 06
#1470-d264 @A: 10 32 29 27 | 01
#1471-d264 @A: 15 13 16 29 | 10
#1472-d264 @A: 15 32 07 29 | 08
#1473-d264 @A: 25 07 29 03 | 07
#1474-d264 @A: 29 17 02 27 | 02
#1475-d264 @A: 34 29 04 07 | 05
#1476-d264 @A: 22 08 17 29 | 04
#1477-d264 @A: 04 25 29 24 | 12
#1478-d264 @A: 01 31 32 14 | 03
#1479-d264 @A: 07 11 01 30 | 09
#1480-d264 @A: 33 12 04 01 | 11
#1481-d264 @A: 33 01 31 30 | 06
#1482-d264 @A: 23 01 31 12 | 01
#1483-d264 @A: 15 21 05 01 | 10
#1484-d264 @A: 01 02 12 05 | 08
#1485-d264 @A: 32 01 10 05 | 07
#1486-d264 @A: 01 34 10 25 | 02
#1487-d264 @A: 33 12 14 16 | 05
#1488-d264 @A: 14 23 08 21 | 04
#1489-d264 @A: 26 21 14 04 | 12
#1490-d264 @A: 14 10 32 02 | 03
#1491-d264 @A: 03 14 17 04 | 09
#1492-d264 @A: 27 14 02 07 | 11
#1493-d264 @A: 14 04 27 25 | 06
#1494-d264 @A: 11 05 26 17 | 01
#1495-d264 @A: 32 31 11 09 | 10
#1496-d264 @A: 06 11 31 25 | 08
#1497-d264 @A: 08 02 16 11 | 07
#1498-d264 @A: 32 27 22 11 | 02
#1499-d264 @A: 25 33 12 05 | 05
#1500-d264 @A: 25 26 33 27 | 04
#1501-d264 @A: 22 12 33 32 | 12
#1502-d264 @A: 08 33 07 03 | 03
#1503-d264 @A: 33 04 17 08 | 09
#1504-d264 @A: 23 09 27 17 | 11
#1505-d264 @A: 15 25 26 23 | 06
#1506-d264 @A: 23 16 10 02 | 01
#1507-d264 @A: 25 16 24 23 | 10
#1508-d264 @A: 13 09 05 06 | 08
#1509-d264 @A: 13 32 16 05 | 07
#1510-d264 @A: 05 30 22 16 | 02
#1511-d264 @A: 30 05 32 08 | 05
#1512-d264 @A: 05 02 30 07 | 04
#1513-d264 @A: 09 10 03 22 | 12
#1514-d264 @A: 09 04 16 13 | 03
#1515-d264 @A: 02 03 09 07 | 09
#1516-d264 @A: 34 09 17 08 | 11
#1517-d264 @A: 21 27 06 17 | 06
#1518-d264 @A: 15 22 21 26 | 01
#1519-d264 @A: 10 04 21 32 | 10
#1520-d264 @A: 27 16 34 21 | 08
#1521-d264 @A: 07 21 15 16 | 07
#1522-d264 @A: 08 16 24 21 | 02
#1523-d264 @A: 26 27 31 06 | 05
#1524-d264 @A: 03 06 34 10 | 04
#1525-d264 @A: 10 25 17 06 | 12
#1526-d264 @A: 06 16 17 04 | 03
#1527-d264 @A: 24 06 22 32 | 09
#1528-d264 @A: 32 06 25 34 | 11
#1529-d264 @A: 13 24 25 06 | 06
#1530-d264 @A: 07 02 15 06 | 01
#1531-d264 @A: 10 26 08 22 | 10
#1532-d264 @A: 07 22 02 26 | 08
#1533-d264 @A: 12 16 08 31 | 07
#1534-d264 @A: 31 27 02 12 | 02
#1535-d264 @A: 02 17 08 12 | 05
#1536-d264 @A: 03 08 31 30 | 04
#1537-d264 @A: 02 30 22 31 | 12
#1538-d264 @A: 31 08 17 07 | 03
#1539-d264 @A: 17 27 07 13 | 09
#1540-d264 @A: 09 19 28 25 | 11
#1541-d264 @A: 19 28 06 08 | 06
#1542-d264 @A: 14 18 01 19 | 01
#1543-d264 @A: 27 12 18 19 | 10
#1544-d264 @A: 19 03 31 20 | 08
#1545-d264 @A: 25 35 19 33 | 07
#1546-d264 @A: 05 17 19 01 | 02
#1547-d264 @A: 26 19 05 11 | 05
#1548-d264 @A: 19 33 32 09 | 04
#1549-d264 @A: 32 19 30 10 | 12
#1550-d264 @A: 24 34 10 19 | 03
#1551-d264 @A: 19 30 16 24 | 09
#1552-d264 @A: 15 08 03 19 | 11
#1553-d264 @A: 34 22 02 19 | 06
#1554-d264 @A: 18 28 02 12 | 01
#1555-d264 @A: 33 28 20 16 | 10
#1556-d264 @A: 28 20 23 32 | 08
#1557-d264 @A: 07 28 12 35 | 07
#1558-d264 @A: 10 17 01 28 | 02
#1559-d264 @A: 24 28 23 14 | 05
#1560-d264 @A: 03 28 14 31 | 04
#1561-d264 @A: 08 28 11 12 | 12
#1562-d264 @A: 33 09 28 08 | 03
#1563-d264 @A: 33 30 28 04 | 09
#1564-d264 @A: 30 31 21 28 | 11
#1565-d264 @A: 06 26 03 28 | 06
#1566-d264 @A: 32 26 28 24 | 01
#1567-d264 @A: 02 34 30 28 | 10
#1568-d264 @A: 18 06 20 33 | 08
#1569-d264 @A: 13 18 26 20 | 07
#1570-d264 @A: 14 17 29 18 | 02
#1571-d264 @A: 29 03 33 18 | 05
#1572-d264 @A: 18 16 29 21 | 04
#1573-d264 @A: 18 16 01 11 | 12
#1574-d264 @A: 01 06 18 07 | 03
#1575-d264 @A: 26 10 01 18 | 09
#1576-d264 @A: 14 05 18 26 | 11
#1577-d264 @A: 21 18 14 06 | 06
#1578-d264 @A: 15 11 18 06 | 01
#1579-d264 @A: 18 23 27 05 | 10
#1580-d264 @A: 18 32 26 23 | 08
#1581-d264 @A: 05 12 07 18 | 07
#1582-d264 @A: 27 09 31 18 | 02
#1583-d264 @A: 26 30 18 21 | 05
#1584-d264 @A: 15 30 16 18 | 04
#1585-d264 @A: 13 22 07 18 | 12
#1586-d264 @A: 03 35 20 29 | 03
#1587-d264 @A: 35 20 33 14 | 09
#1588-d264 @A: 15 12 20 35 | 11
#1589-d264 @A: 35 34 20 08 | 06
#1590-d264 @A: 25 31 20 01 | 01
#1591-d264 @A: 33 10 20 11 | 10
#1592-d264 @A: 11 17 20 25 | 08
#1593-d264 @A: 27 33 23 20 | 07
#1594-d264 @A: 20 08 26 06 | 02
#1595-d264 @A: 26 15 31 20 | 05
#1596-d264 @A: 07 20 03 13 | 04
#1597-d264 @A: 04 13 20 34 | 12
#1598-d264 @A: 08 25 20 03 | 03
#1599-d264 @A: 23 29 35 30 | 09
#1600-d264 @A: 21 35 33 34 | 11
#1601-d264 @A: 21 26 05 35 | 06
#1602-d264 @A: 04 06 35 31 | 01
#1603-d264 @A: 26 07 31 35 | 10
#1604-d264 @A: 02 10 35 30 | 08
#1605-d264 @A: 16 30 27 35 | 07
#1606-d264 @A: 22 30 25 35 | 02
#1607-d264 @A: 35 25 22 17 | 05
#1608-d264 @A: 34 22 24 35 | 04
#1609-d264 @A: 13 12 01 29 | 12
#1610-d264 @A: 29 07 10 01 | 03
#1611-d264 @A: 09 14 29 27 | 09
#1612-d264 @A: 14 29 30 06 | 11
#1613-d264 @A: 29 14 10 12 | 06
#1614-d264 @A: 26 23 29 11 | 01
#1615-d264 @A: 12 11 25 29 | 10
#1616-d264 @A: 29 15 26 33 | 08
#1617-d264 @A: 09 29 12 32 | 07
#1618-d264 @A: 09 25 17 29 | 02
#1619-d264 @A: 25 26 29 21 | 05
#1620-d264 @A: 21 02 29 31 | 04
#1621-d264 @A: 06 22 31 29 | 12
#1622-d264 @A: 13 10 29 06 | 03
#1623-d264 @A: 03 10 16 29 | 09
#1624-d264 @A: 24 29 15 30 | 11
#1625-d264 @A: 27 29 04 15 | 06
#1626-d264 @A: 07 22 08 29 | 01
#1627-d264 @A: 25 34 29 15 | 10
#1628-d264 @A: 25 01 14 05 | 08
#1629-d264 @A: 01 27 09 33 | 07
#1630-d264 @A: 01 26 21 24 | 02
#1631-d264 @A: 03 15 01 04 | 05
#1632-d264 @A: 08 02 01 04 | 04
#1633-d264 @A: 05 33 03 14 | 12
#1634-d264 @A: 30 05 14 23 | 03
#1635-d264 @A: 10 14 34 05 | 09
#1636-d264 @A: 13 14 27 21 | 11
#1637-d264 @A: 07 10 16 14 | 06
#1638-d264 @A: 24 34 30 14 | 01
#1639-d264 @A: 24 13 08 14 | 10
#1640-d264 @A: 04 03 14 07 | 08
#1641-d264 @A: 15 07 08 14 | 07
#1642-d264 @A: 13 23 32 11 | 02
#1643-d264 @A: 25 23 11 30 | 05
#1644-d264 @A: 11 21 17 12 | 04
#1645-d264 @A: 31 27 11 21 | 12
#1646-d264 @A: 11 24 06 26 | 03
#1647-d264 @A: 16 10 04 11 | 09
#1648-d264 @A: 11 13 30 17 | 11
#1649-d264 @A: 30 11 22 04 | 06
#1650-d264 @A: 02 24 07 11 | 01
#1651-d264 @A: 34 11 24 15 | 10
#1652-d264 @A: 33 24 12 23 | 08
#1653-d264 @A: 16 30 33 09 | 07
#1654-d264 @A: 33 06 16 03 | 02
#1655-d264 @A: 08 34 33 04 | 05
#1656-d264 @A: 26 02 05 23 | 04
#1657-d264 @A: 21 23 09 24 | 12
#1658-d264 @A: 23 09 10 12 | 03
#1659-d264 @A: 23 16 06 32 | 09
#1660-d264 @A: 03 23 22 30 | 11
#1661-d264 @A: 15 03 02 23 | 06
#1662-d264 @A: 22 04 07 23 | 01
#1663-d264 @A: 25 02 23 07 | 10
#1664-d264 @A: 31 06 32 05 | 08
#1665-d264 @A: 05 13 26 34 | 07
#1666-d264 @A: 31 05 27 17 | 02
#1667-d264 @A: 31 05 02 08 | 05
#1668-d264 @A: 17 05 10 04 | 04
#1669-d264 @A: 05 03 07 22 | 12
#1670-d264 @A: 25 05 08 34 | 03
#1671-d264 @A: 09 15 03 34 | 09
#1672-d264 @A: 09 25 08 15 | 11
#1673-d264 @A: 24 21 06 34 | 06
#1674-d264 @A: 21 10 16 13 | 01
#1675-d264 @A: 10 22 21 02 | 10
#1676-d264 @A: 32 21 08 15 | 08
#1677-d264 @A: 21 04 27 30 | 07
#1678-d264 @A: 07 06 04 10 | 02
#1679-d264 @A: 06 34 13 22 | 05
#1680-d264 @A: 02 08 24 06 | 04
#1681-d264 @A: 02 12 04 26 | 12
#1682-d264 @A: 13 03 26 22 | 03
#1683-d264 @A: 16 13 12 03 | 09
#1684-d264 @A: 12 04 27 13 | 11
#1685-d264 @A: 12 17 27 15 | 06
#1686-d264 @A: 17 25 24 12 | 01
#1687-d264 @A: 16 07 03 31 | 10
#1688-d264 @A: 31 30 27 25 | 08
#1689-d264 @A: 25 03 31 22 | 07
