#0001-d265 @A: 19 14 26 10 | 11
#0002-d265 @A: 27 28 19 18 | 08
#0003-d265 @A: 08 01 19 28 | 09
#0004-d265 @A: 08 19 14 17 | 05
#0005-d265 @A: 14 19 13 11 | 01
#0006-d265 @A: 34 23 19 24 | 03
#0007-d265 @A: 31 18 09 19 | 10
#0008-d265 @A: 33 19 18 17 | 02
#0009-d265 @A: 08 30 19 35 | 04
#0010-d265 @A: 27 12 22 19 | 07
#0011-d265 @A: 33 07 01 19 | 12
#0012-d265 @A: 02 12 19 07 | 06
#0013-d265 @A: 09 19 29 15 | 11
#0014-d265 @A: 09 13 19 03 | 08
#0015-d265 @A: 30 27 26 19 | 09
#0016-d265 @A: 25 35 19 06 | 05
#0017-d265 @A: 26 21 01 19 | 01
#0018-d265 @A: 19 29 01 04 | 03
#0019-d265 @A: 29 16 19 25 | 10
#0020-d265 @A: 17 19 06 21 | 02
#0021-d265 @A: 33 28 10 26 | 04
#0022-d265 @A: 06 10 09 28 | 07
#0023-d265 @A: 28 12 10 29 | 12
#0024-d265 @A: 10 24 22 35 | 06
#0025-d265 @A: 34 18 15 10 | 11
#0026-d265 @A: 31 16 34 10 | 08
#0027-d265 @A: 10 04 25 31 | 09
#0028-d265 @A: 10 32 33 02 | 05
#0029-d265 @A: 32 12 10 03 | 01
#0030-d265 @A: 10 08 23 11 | 03
#0031-d265 @A: 13 21 16 10 | 10
#0032-d265 @A: 34 17 10 27 | 02
#0033-d265 @A: 27 29 10 01 | 04
#0034-d265 @A: 10 11 17 35 | 07
#0035-d265 @A: 05 33 14 28 | 12
#0036-d265 @A: 28 12 13 14 | 06
#0037-d265 @A: 28 31 05 20 | 11
#0038-d265 @A: 07 28 29 08 | 08
#0039-d265 @A: 03 28 09 22 | 09
#0040-d265 @A: 02 28 22 35 | 05
#0041-d265 @A: 01 16 28 07 | 01
#0042-d265 @A: 26 13 23 28 | 03
#0043-d265 @A: 35 20 15 28 | 10
#0044-d265 @A: 34 06 28 27 | 02
#0045-d265 @A: 28 26 27 16 | 04
#0046-d265 @A: 35 01 28 26 | 07
#0047-d265 @A: 31 14 08 32 | 12
#0048-d265 @A: 32 14 15 01 | 06
#0049-d265 @A: 33 14 23 15 | 11
#0050-d265 @A: 11 23 14 02 | 08
#0051-d265 @A: 02 04 14 15 | 09
#0052-d265 @A: 02 14 17 34 | 05
#0053-d265 @A: 16 26 06 14 | 01
#0054-d265 @A: 31 07 35 24 | 03
#0055-d265 @A: 03 32 06 24 | 10
#0056-d265 @A: 06 09 24 08 | 02
#0057-d265 @A: 05 04 35 24 | 04
#0058-d265 @A: 24 17 23 26 | 07
#0059-d265 @A: 13 25 33 24 | 12
#0060-d265 @A: 12 35 27 24 | 06
#0061-d265 @A: 01 35 24 03 | 11
#0062-d265 @A: 25 24 27 30 | 08
#0063-d265 @A: 20 24 35 11 | 09
#0064-d265 @A: 21 06 29 24 | 05
#0065-d265 @A: 18 05 01 31 | 01
#0066-d265 @A: 08 18 17 16 | 03
#0067-d265 @A: 27 12 18 15 | 10
#0068-d265 @A: 30 18 11 21 | 02
#0069-d265 @A: 08 04 13 31 | 04
#0070-d265 @A: 01 31 35 08 | 07
#0071-d265 @A: 15 23 31 34 | 12
#0072-d265 @A: 33 25 31 21 | 06
#0073-d265 @A: 31 01 20 09 | 11
#0074-d265 @A: 12 31 02 26 | 08
#0075-d265 @A: 27 35 02 31 | 09
#0076-d265 @A: 31 21 01 16 | 05
#0077-d265 @A: 25 22 32 23 | 01
#0078-d265 @A: 32 15 09 25 | 03
#0079-d265 @A: 08 23 01 05 | 10
#0080-d265 @A: 16 08 29 05 | 02
#0081-d265 @A: 08 22 17 13 | 04
#0082-d265 @A: 21 23 08 07 | 07
#0083-d265 @A: 17 08 25 23 | 12
#0084-d265 @A: 27 29 08 15 | 06
#0085-d265 @A: 34 09 12 08 | 11
#0086-d265 @A: 21 34 30 08 | 08
#0087-d265 @A: 01 08 30 02 | 09
#0088-d265 @A: 27 08 03 20 | 05
#0089-d265 @A: 03 08 04 26 | 01
#0090-d265 @A: 26 08 11 25 | 03
#0091-d265 @A: 16 07 05 33 | 10
#0092-d265 @A: 02 07 05 09 | 02
#0093-d265 @A: 05 02 11 33 | 04
#0094-d265 @A: 03 05 29 06 | 07
#0095-d265 @A: 09 07 22 29 | 12
#0096-d265 @A: 17 16 22 07 | 06
#0097-d265 @A: 15 22 23 17 | 11
#0098-d265 @A: 23 09 22 06 | 08
#0099-d265 @A: 22 16 33 09 | 09
#0100-d265 @A: 22 09 13 01 | 05
#0101-d265 @A: 22 20 11 29 | 01
#0102-d265 @A: 23 15 06 07 | 03
#0103-d265 @A: 23 07 04 26 | 10
#0104-d265 @A: 09 07 13 27 | 02
#0105-d265 @A: 11 25 02 07 | 04
#0106-d265 @A: 04 11 30 07 | 07
#0107-d265 @A: 06 01 07 21 | 12
#0108-d265 @A: 21 16 25 07 | 06
#0109-d265 @A: 34 03 23 33 | 11
#0110-d265 @A: 11 04 23 34 | 08
#0111-d265 @A: 06 02 23 30 | 09
#0112-d265 @A: 20 23 03 35 | 05
#0113-d265 @A: 04 27 35 23 | 01
#0114-d265 @A: 06 23 35 29 | 03
#0115-d265 @A: 23 11 21 25 | 10
#0116-d265 @A: 13 15 12 33 | 02
#0117-d265 @A: 33 26 06 15 | 04
#0118-d265 @A: 27 15 01 35 | 07
#0119-d265 @A: 35 15 17 04 | 12
#0120-d265 @A: 21 11 20 15 | 06
#0121-d265 @A: 06 29 15 01 | 11
#0122-d265 @A: 17 02 26 33 | 08
#0123-d265 @A: 33 04 25 02 | 09
#0124-d265 @A: 29 27 33 21 | 05
#0125-d265 @A: 04 33 20 06 | 01
#0126-d265 @A: 09 29 02 03 | 03
#0127-d265 @A: 35 17 29 09 | 10
#0128-d265 @A: 12 03 29 20 | 02
#0129-d265 @A: 11 12 30 27 | 04
#0130-d265 @A: 21 12 20 26 | 07
#0131-d265 @A: 13 30 03 29 | 12
#0132-d265 @A: 13 27 20 25 | 06
#0133-d265 @A: 25 27 16 13 | 11
#0134-d265 @A: 25 30 13 35 | 08
#0135-d265 @A: 16 25 26 04 | 09
#0136-d265 @A: 10 25 28 19 | 05
#0137-d265 @A: 29 19 21 18 | 01
#0138-d265 @A: 19 18 01 16 | 03
#0139-d265 @A: 31 26 08 19 | 10
#0140-d265 @A: 32 19 34 05 | 02
#0141-d265 @A: 19 04 17 22 | 04
#0142-d265 @A: 17 19 20 03 | 07
#0143-d265 @A: 10 28 01 22 | 12
#0144-d265 @A: 10 16 28 04 | 06
#0145-d265 @A: 07 10 35 14 | 11
#0146-d265 @A: 25 10 23 24 | 08
#0147-d265 @A: 21 10 27 18 | 09
#0148-d265 @A: 03 10 23 31 | 05
#0149-d265 @A: 15 10 31 01 | 01
#0150-d265 @A: 01 10 13 05 | 03
#0151-d265 @A: 22 10 11 21 | 10
#0152-d265 @A: 17 16 10 33 | 02
#0153-d265 @A: 10 29 25 02 | 04
#0154-d265 @A: 02 10 01 21 | 07
#0155-d265 @A: 20 10 21 04 | 12
#0156-d265 @A: 10 20 29 06 | 06
#0157-d265 @A: 28 08 14 06 | 11
#0158-d265 @A: 24 28 31 29 | 08
#0159-d265 @A: 28 32 35 24 | 09
#0160-d265 @A: 28 18 26 09 | 05
#0161-d265 @A: 05 12 28 34 | 01
#0162-d265 @A: 23 12 28 02 | 03
#0163-d265 @A: 28 30 15 34 | 10
#0164-d265 @A: 28 01 25 34 | 02
#0165-d265 @A: 27 04 28 01 | 04
#0166-d265 @A: 33 14 24 16 | 07
#0167-d265 @A: 07 02 18 14 | 12
#0168-d265 @A: 18 14 34 01 | 06
#0169-d265 @A: 30 23 14 31 | 11
#0170-d265 @A: 14 08 35 33 | 08
#0171-d265 @A: 13 04 14 22 | 09
#0172-d265 @A: 14 09 15 11 | 05
#0173-d265 @A: 04 34 14 33 | 01
#0174-d265 @A: 16 13 14 03 | 03
#0175-d265 @A: 35 14 34 29 | 10
#0176-d265 @A: 21 34 14 25 | 02
#0177-d265 @A: 14 27 02 16 | 04
#0178-d265 @A: 11 06 21 14 | 07
#0179-d265 @A: 32 18 24 20 | 12
#0180-d265 @A: 18 07 24 16 | 06
#0181-d265 @A: 22 06 24 05 | 11
#0182-d265 @A: 05 24 15 16 | 08
#0183-d265 @A: 24 17 33 05 | 09
#0184-d265 @A: 24 23 15 21 | 05
#0185-d265 @A: 27 29 24 34 | 01
#0186-d265 @A: 06 20 24 27 | 03
#0187-d265 @A: 31 04 18 15 | 10
#0188-d265 @A: 18 32 03 08 | 02
#0189-d265 @A: 18 05 20 09 | 04
#0190-d265 @A: 18 15 22 03 | 07
#0191-d265 @A: 15 25 07 18 | 12
#0192-d265 @A: 18 04 12 07 | 06
#0193-d265 @A: 33 04 13 18 | 11
#0194-d265 @A: 12 09 18 13 | 08
#0195-d265 @A: 02 35 18 20 | 09
#0196-d265 @A: 18 20 17 27 | 05
#0197-d265 @A: 35 18 04 25 | 01
#0198-d265 @A: 18 20 21 01 | 03
#0199-d265 @A: 25 16 31 15 | 10
#0200-d265 @A: 31 33 16 13 | 02
#0201-d265 @A: 31 12 04 16 | 04
#0202-d265 @A: 34 04 17 31 | 07
#0203-d265 @A: 02 21 03 31 | 12
#0204-d265 @A: 04 31 35 26 | 06
#0205-d265 @A: 34 15 32 08 | 11
#0206-d265 @A: 33 11 32 35 | 08
#0207-d265 @A: 03 04 16 32 | 09
#0208-d265 @A: 27 30 35 32 | 05
#0209-d265 @A: 26 11 17 32 | 01
#0210-d265 @A: 11 25 30 32 | 03
#0211-d265 @A: 30 12 22 08 | 10
#0212-d265 @A: 08 01 07 12 | 02
#0213-d265 @A: 07 08 35 13 | 04
#0214-d265 @A: 23 35 09 08 | 07
#0215-d265 @A: 04 12 08 15 | 12
#0216-d265 @A: 20 08 11 12 | 06
#0217-d265 @A: 13 08 20 06 | 11
#0218-d265 @A: 08 34 25 02 | 08
#0219-d265 @A: 20 25 08 16 | 09
#0220-d265 @A: 12 17 05 22 | 05
#0221-d265 @A: 05 07 23 20 | 01
#0222-d265 @A: 02 05 03 34 | 03
#0223-d265 @A: 05 01 34 30 | 10
#0224-d265 @A: 02 22 09 30 | 02
#0225-d265 @A: 22 27 25 02 | 04
#0226-d265 @A: 16 22 02 04 | 07
#0227-d265 @A: 29 22 17 27 | 12
#0228-d265 @A: 16 22 35 11 | 06
#0229-d265 @A: 22 01 35 20 | 11
#0230-d265 @A: 21 22 29 30 | 08
#0231-d265 @A: 15 06 07 16 | 09
#0232-d265 @A: 33 07 20 09 | 05
#0233-d265 @A: 03 07 27 06 | 01
#0234-d265 @A: 26 07 17 03 | 03
#0235-d265 @A: 07 26 06 11 | 10
#0236-d265 @A: 23 26 34 01 | 02
#0237-d265 @A: 03 30 23 27 | 04
#0238-d265 @A: 23 01 06 27 | 07
#0239-d265 @A: 35 11 23 26 | 12
#0240-d265 @A: 21 15 12 01 | 06
#0241-d265 @A: 34 15 29 04 | 11
#0242-d265 @A: 15 11 16 02 | 08
#0243-d265 @A: 17 15 06 02 | 09
#0244-d265 @A: 02 33 16 25 | 05
#0245-d265 @A: 30 21 04 33 | 01
#0246-d265 @A: 34 09 03 01 | 03
#0247-d265 @A: 04 35 09 11 | 10
#0248-d265 @A: 16 09 35 25 | 02
#0249-d265 @A: 17 03 11 12 | 04
#0250-d265 @A: 20 12 25 30 | 07
#0251-d265 @A: 12 04 25 06 | 12
#0252-d265 @A: 17 02 13 35 | 06
#0253-d265 @A: 17 29 11 13 | 11
#0254-d265 @A: 13 17 26 20 | 08
#0255-d265 @A: 30 20 13 01 | 09
#0256-d265 @A: 01 04 13 06 | 05
#0257-d265 @A: 34 04 17 16 | 01
#0258-d265 @A: 11 10 27 19 | 03
#0259-d265 @A: 27 07 14 19 | 10
#0260-d265 @A: 08 19 24 25 | 02
#0261-d265 @A: 30 03 19 31 | 04
#0262-d265 @A: 22 26 32 19 | 07
#0263-d265 @A: 19 21 04 08 | 12
#0264-d265 @A: 07 35 26 19 | 06
#0265-d265 @A: 14 10 28 34 | 11
#0266-d265 @A: 02 10 28 24 | 08
#0267-d265 @A: 14 33 01 10 | 09
#0268-d265 @A: 24 31 11 10 | 05
#0269-d265 @A: 24 10 33 04 | 01
#0270-d265 @A: 32 10 18 25 | 03
#0271-d265 @A: 07 18 11 10 | 10
#0272-d265 @A: 10 35 30 18 | 02
#0273-d265 @A: 15 04 32 10 | 04
#0274-d265 @A: 08 10 15 17 | 07
#0275-d265 @A: 10 08 25 01 | 12
#0276-d265 @A: 23 10 09 26 | 06
#0277-d265 @A: 20 15 12 10 | 11
#0278-d265 @A: 16 27 10 15 | 08
#0279-d265 @A: 12 10 25 33 | 09
#0280-d265 @A: 34 06 10 26 | 05
#0281-d265 @A: 16 29 10 35 | 01
#0282-d265 @A: 10 06 17 01 | 03
#0283-d265 @A: 01 31 28 14 | 10
#0284-d265 @A: 28 05 24 23 | 02
#0285-d265 @A: 32 28 18 01 | 04
#0286-d265 @A: 28 18 23 07 | 07
#0287-d265 @A: 08 33 20 28 | 12
#0288-d265 @A: 07 13 11 28 | 06
#0289-d265 @A: 27 15 28 09 | 11
#0290-d265 @A: 13 28 06 15 | 08
#0291-d265 @A: 03 34 28 20 | 09
#0292-d265 @A: 35 11 28 34 | 05
#0293-d265 @A: 21 30 28 27 | 01
#0294-d265 @A: 16 28 06 11 | 03
#0295-d265 @A: 18 22 20 14 | 10
#0296-d265 @A: 05 14 31 11 | 02
#0297-d265 @A: 31 14 06 04 | 04
#0298-d265 @A: 32 14 22 16 | 07
#0299-d265 @A: 20 14 26 32 | 12
#0300-d265 @A: 08 07 14 11 | 06
#0301-d265 @A: 12 14 22 02 | 11
#0302-d265 @A: 16 07 27 14 | 08
#0303-d265 @A: 12 01 09 14 | 09
#0304-d265 @A: 25 29 14 27 | 05
#0305-d265 @A: 34 09 24 18 | 01
#0306-d265 @A: 20 24 31 30 | 03
#0307-d265 @A: 24 32 08 27 | 10
#0308-d265 @A: 22 24 29 32 | 02
#0309-d265 @A: 24 03 02 08 | 04
#0310-d265 @A: 07 24 20 22 | 07
#0311-d265 @A: 24 34 06 30 | 12
#0312-d265 @A: 24 04 29 02 | 06
#0313-d265 @A: 24 20 06 16 | 11
#0314-d265 @A: 18 31 08 11 | 08
#0315-d265 @A: 31 18 17 13 | 09
#0316-d265 @A: 18 05 32 06 | 05
#0317-d265 @A: 30 32 18 22 | 01
#0318-d265 @A: 34 18 32 12 | 03
#0319-d265 @A: 15 06 18 08 | 10
#0320-d265 @A: 05 35 22 18 | 02
#0321-d265 @A: 27 07 01 18 | 04
#0322-d265 @A: 33 23 11 18 | 07
#0323-d265 @A: 18 09 27 04 | 12
#0324-d265 @A: 12 11 26 18 | 06
#0325-d265 @A: 18 25 06 02 | 11
#0326-d265 @A: 29 18 26 16 | 08
#0327-d265 @A: 18 01 25 30 | 09
#0328-d265 @A: 25 17 18 21 | 05
#0329-d265 @A: 32 21 31 07 | 01
#0330-d265 @A: 25 27 32 31 | 03
#0331-d265 @A: 31 17 21 08 | 10
#0332-d265 @A: 22 31 33 06 | 02
#0333-d265 @A: 13 31 12 22 | 04
#0334-d265 @A: 31 07 33 11 | 07
#0335-d265 @A: 02 13 07 31 | 12
#0336-d265 @A: 33 03 31 15 | 06
#0337-d265 @A: 33 31 20 13 | 11
#0338-d265 @A: 31 27 34 11 | 08
#0339-d265 @A: 01 11 31 04 | 09
#0340-d265 @A: 13 01 08 32 | 05
#0341-d265 @A: 22 32 13 02 | 01
#0342-d265 @A: 07 32 06 33 | 03
#0343-d265 @A: 02 09 01 32 | 10
#0344-d265 @A: 34 32 27 04 | 02
#0345-d265 @A: 03 11 32 20 | 04
#0346-d265 @A: 29 30 26 32 | 07
#0347-d265 @A: 17 32 20 29 | 12
#0348-d265 @A: 03 05 33 08 | 06
#0349-d265 @A: 35 15 25 08 | 11
#0350-d265 @A: 09 26 08 30 | 08
#0351-d265 @A: 17 03 08 34 | 09
#0352-d265 @A: 35 08 16 27 | 05
#0353-d265 @A: 20 30 04 08 | 01
#0354-d265 @A: 35 05 07 15 | 03
#0355-d265 @A: 33 27 07 05 | 10
#0356-d265 @A: 15 05 33 04 | 02
#0357-d265 @A: 21 05 09 26 | 04
#0358-d265 @A: 13 16 17 05 | 07
#0359-d265 @A: 02 05 35 29 | 12
#0360-d265 @A: 05 03 01 27 | 06
#0361-d265 @A: 11 05 01 26 | 11
#0362-d265 @A: 05 20 17 06 | 08
#0363-d265 @A: 27 33 22 15 | 09
#0364-d265 @A: 22 16 30 15 | 05
#0365-d265 @A: 02 29 22 34 | 01
#0366-d265 @A: 34 25 22 11 | 03
#0367-d265 @A: 13 04 07 15 | 10
#0368-d265 @A: 33 12 07 34 | 02
#0369-d265 @A: 01 25 07 04 | 04
#0370-d265 @A: 20 23 13 15 | 07
#0371-d265 @A: 12 09 23 20 | 12
#0372-d265 @A: 03 23 02 26 | 06
#0373-d265 @A: 30 01 23 35 | 11
#0374-d265 @A: 35 15 02 34 | 08
#0375-d265 @A: 26 11 04 15 | 09
#0376-d265 @A: 25 21 29 15 | 05
#0377-d265 @A: 35 20 26 33 | 01
#0378-d265 @A: 33 35 04 16 | 03
#0379-d265 @A: 26 09 25 02 | 10
#0380-d265 @A: 03 25 04 09 | 02
#0381-d265 @A: 30 09 20 35 | 04
#0382-d265 @A: 35 12 04 13 | 07
#0383-d265 @A: 12 02 16 34 | 12
#0384-d265 @A: 02 12 01 20 | 06
#0385-d265 @A: 06 30 35 12 | 11
#0386-d265 @A: 12 35 20 17 | 08
#0387-d265 @A: 34 13 04 26 | 09
#0388-d265 @A: 21 17 34 13 | 05
#0389-d265 @A: 11 02 30 13 | 01
#0390-d265 @A: 13 21 03 20 | 03
#0391-d265 @A: 29 20 13 35 | 10
#0392-d265 @A: 01 34 16 11 | 02
#0393-d265 @A: 06 17 02 16 | 04
#0394-d265 @A: 19 28 23 22 | 07
#0395-d265 @A: 04 19 15 28 | 12
#0396-d265 @A: 19 28 12 26 | 06
#0397-d265 @A: 28 16 19 17 | 11
#0398-d265 @A: 14 19 18 35 | 08
#0399-d265 @A: 18 05 19 02 | 09
#0400-d265 @A: 19 07 34 18 | 05
#0401-d265 @A: 11 31 15 19 | 01
#0402-d265 @A: 27 32 13 19 | 03
#0403-d265 @A: 29 08 19 22 | 10
#0404-d265 @A: 05 19 03 23 | 02
#0405-d265 @A: 15 05 17 19 | 04
#0406-d265 @A: 16 05 19 27 | 07
#0407-d265 @A: 19 22 15 20 | 12
#0408-d265 @A: 30 22 01 19 | 06
#0409-d265 @A: 19 21 15 07 | 11
#0410-d265 @A: 20 33 23 19 | 08
#0411-d265 @A: 09 26 17 19 | 09
#0412-d265 @A: 11 26 34 19 | 05
#0413-d265 @A: 17 19 30 25 | 01
#0414-d265 @A: 14 16 11 10 | 03
#0415-d265 @A: 01 12 10 18 | 10
#0416-d265 @A: 10 31 35 20 | 02
#0417-d265 @A: 32 10 26 08 | 04
#0418-d265 @A: 10 05 35 08 | 07
#0419-d265 @A: 04 05 22 10 | 12
#0420-d265 @A: 12 10 05 11 | 06
#0421-d265 @A: 10 16 05 01 | 11
#0422-d265 @A: 22 10 26 12 | 08
#0423-d265 @A: 10 13 07 12 | 09
#0424-d265 @A: 21 17 07 10 | 05
#0425-d265 @A: 23 13 29 10 | 01
#0426-d265 @A: 09 33 10 11 | 03
#0427-d265 @A: 33 10 35 13 | 10
#0428-d265 @A: 09 20 10 16 | 02
#0429-d265 @A: 30 10 25 03 | 04
#0430-d265 @A: 30 10 26 04 | 07
#0431-d265 @A: 18 28 05 11 | 12
#0432-d265 @A: 35 18 28 29 | 06
#0433-d265 @A: 28 27 31 07 | 11
#0434-d265 @A: 28 09 32 07 | 08
#0435-d265 @A: 26 28 32 34 | 09
#0436-d265 @A: 29 28 02 32 | 05
#0437-d265 @A: 08 28 04 09 | 01
#0438-d265 @A: 12 08 28 35 | 03
#0439-d265 @A: 05 22 27 28 | 10
#0440-d265 @A: 21 05 06 28 | 02
#0441-d265 @A: 34 16 22 28 | 04
#0442-d265 @A: 33 02 07 28 | 07
#0443-d265 @A: 23 29 34 28 | 12
#0444-d265 @A: 28 23 06 11 | 06
#0445-d265 @A: 28 33 01 13 | 11
#0446-d265 @A: 35 06 28 33 | 08
#0447-d265 @A: 28 03 12 01 | 09
#0448-d265 @A: 02 30 28 25 | 05
#0449-d265 @A: 11 20 28 30 | 01
#0450-d265 @A: 07 21 14 24 | 03
#0451-d265 @A: 31 25 22 14 | 10
#0452-d265 @A: 14 26 33 31 | 02
#0453-d265 @A: 31 16 09 14 | 04
#0454-d265 @A: 32 14 04 07 | 07
#0455-d265 @A: 14 08 13 30 | 12
#0456-d265 @A: 08 02 21 14 | 06
#0457-d265 @A: 14 05 12 35 | 11
#0458-d265 @A: 21 14 29 05 | 08
#0459-d265 @A: 07 14 22 30 | 09
#0460-d265 @A: 01 11 22 14 | 05
#0461-d265 @A: 16 14 04 15 | 01
#0462-d265 @A: 14 33 11 12 | 03
#0463-d265 @A: 03 06 14 34 | 10
#0464-d265 @A: 01 14 29 02 | 02
#0465-d265 @A: 11 30 14 35 | 04
#0466-d265 @A: 17 14 21 26 | 07
#0467-d265 @A: 17 06 14 25 | 12
#0468-d265 @A: 22 24 18 27 | 06
#0469-d265 @A: 01 31 12 24 | 11
#0470-d265 @A: 26 31 24 16 | 08
#0471-d265 @A: 24 32 11 09 | 09
#0472-d265 @A: 13 24 32 04 | 05
#0473-d265 @A: 12 24 08 17 | 01
#0474-d265 @A: 01 16 24 08 | 03
#0475-d265 @A: 29 05 24 07 | 10
#0476-d265 @A: 05 20 24 25 | 02
#0477-d265 @A: 11 12 24 22 | 04
#0478-d265 @A: 11 07 03 24 | 07
#0479-d265 @A: 24 20 26 15 | 12
#0480-d265 @A: 24 21 33 09 | 06
#0481-d265 @A: 29 24 33 12 | 11
#0482-d265 @A: 24 26 34 33 | 08
#0483-d265 @A: 24 34 04 20 | 09
#0484-d265 @A: 17 24 11 02 | 05
#0485-d265 @A: 27 24 03 17 | 01
#0486-d265 @A: 30 17 24 35 | 03
#0487-d265 @A: 24 16 17 11 | 10
#0488-d265 @A: 34 18 31 30 | 02
#0489-d265 @A: 15 32 11 18 | 04
#0490-d265 @A: 08 34 23 18 | 07
#0491-d265 @A: 18 02 16 05 | 12
#0492-d265 @A: 18 13 02 23 | 06
#0493-d265 @A: 18 02 27 30 | 11
#0494-d265 @A: 02 26 29 18 | 08
#0495-d265 @A: 30 03 20 18 | 09
#0496-d265 @A: 16 18 03 25 | 05
#0497-d265 @A: 30 17 18 26 | 01
#0498-d265 @A: 06 30 04 18 | 03
#0499-d265 @A: 32 13 03 31 | 10
#0500-d265 @A: 34 06 02 31 | 02
#0501-d265 @A: 25 31 03 35 | 04
#0502-d265 @A: 31 35 11 21 | 07
#0503-d265 @A: 31 21 04 29 | 12
#0504-d265 @A: 32 08 22 11 | 06
#0505-d265 @A: 32 30 08 07 | 11
#0506-d265 @A: 26 13 32 07 | 08
#0507-d265 @A: 21 27 32 03 | 09
#0508-d265 @A: 27 01 32 17 | 05
#0509-d265 @A: 21 04 17 32 | 01
#0510-d265 @A: 22 08 06 07 | 03
#0511-d265 @A: 07 25 08 03 | 10
#0512-d265 @A: 23 15 08 30 | 02
#0513-d265 @A: 23 08 03 13 | 04
#0514-d265 @A: 16 08 23 11 | 07
#0515-d265 @A: 17 09 08 33 | 12
#0516-d265 @A: 03 16 08 02 | 06
#0517-d265 @A: 20 02 08 26 | 11
#0518-d265 @A: 35 20 21 08 | 08
#0519-d265 @A: 34 13 07 05 | 09
#0520-d265 @A: 20 29 05 15 | 05
#0521-d265 @A: 06 05 12 09 | 01
#0522-d265 @A: 09 05 17 13 | 03
#0523-d265 @A: 34 17 05 26 | 10
#0524-d265 @A: 05 27 11 29 | 02
#0525-d265 @A: 05 20 27 30 | 04
#0526-d265 @A: 04 12 22 09 | 07
#0527-d265 @A: 30 26 35 22 | 12
#0528-d265 @A: 25 30 22 04 | 06
#0529-d265 @A: 23 33 35 07 | 11
#0530-d265 @A: 20 02 29 07 | 08
#0531-d265 @A: 01 07 17 02 | 09
#0532-d265 @A: 21 35 07 29 | 05
#0533-d265 @A: 07 01 29 11 | 01
#0534-d265 @A: 20 07 30 26 | 03
#0535-d265 @A: 07 17 04 20 | 10
#0536-d265 @A: 13 04 09 23 | 02
#0537-d265 @A: 29 17 02 23 | 04
#0538-d265 @A: 17 27 21 23 | 07
#0539-d265 @A: 23 06 01 16 | 12
#0540-d265 @A: 20 15 30 02 | 06
#0541-d265 @A: 27 03 15 04 | 11
#0542-d265 @A: 29 35 15 03 | 08
#0543-d265 @A: 17 30 15 27 | 09
#0544-d265 @A: 04 15 30 01 | 05
#0545-d265 @A: 20 16 15 17 | 01
#0546-d265 @A: 27 09 03 11 | 03
#0547-d265 @A: 20 09 11 26 | 10
#0548-d265 @A: 12 30 03 02 | 02
#0549-d265 @A: 21 12 25 03 | 04
#0550-d265 @A: 12 04 20 27 | 07
#0551-d265 @A: 12 29 11 04 | 12
#0552-d265 @A: 02 20 04 13 | 06
#0553-d265 @A: 26 13 27 21 | 11
#0554-d265 @A: 04 30 11 16 | 08
#0555-d265 @A: 10 18 08 19 | 09
#0556-d265 @A: 33 28 34 19 | 05
#0557-d265 @A: 24 12 19 03 | 01
#0558-d265 @A: 19 24 13 06 | 03
#0559-d265 @A: 08 30 16 19 | 10
#0560-d265 @A: 19 01 12 05 | 02
#0561-d265 @A: 22 19 13 35 | 04
#0562-d265 @A: 15 26 23 19 | 07
#0563-d265 @A: 29 19 33 13 | 12
#0564-d265 @A: 06 19 16 09 | 06
#0565-d265 @A: 26 19 06 02 | 11
#0566-d265 @A: 19 29 30 02 | 08
#0567-d265 @A: 27 04 19 16 | 09
#0568-d265 @A: 20 29 19 26 | 05
#0569-d265 @A: 04 25 19 26 | 01
#0570-d265 @A: 23 10 35 28 | 03
#0571-d265 @A: 28 15 10 11 | 10
#0572-d265 @A: 12 21 10 14 | 02
#0573-d265 @A: 10 18 03 13 | 04
#0574-d265 @A: 10 07 31 08 | 07
#0575-d265 @A: 31 10 22 09 | 12
#0576-d265 @A: 01 23 10 32 | 06
#0577-d265 @A: 08 02 10 22 | 11
#0578-d265 @A: 06 10 07 02 | 08
#0579-d265 @A: 10 29 30 15 | 09
#0580-d265 @A: 02 10 26 13 | 05
#0581-d265 @A: 35 04 02 10 | 01
#0582-d265 @A: 25 35 21 10 | 03
#0583-d265 @A: 35 28 09 14 | 10
#0584-d265 @A: 24 04 12 28 | 02
#0585-d265 @A: 18 30 08 28 | 04
#0586-d265 @A: 13 08 28 25 | 07
#0587-d265 @A: 25 28 07 35 | 12
#0588-d265 @A: 28 23 15 01 | 06
#0589-d265 @A: 23 28 16 35 | 11
#0590-d265 @A: 28 13 15 16 | 08
#0591-d265 @A: 12 28 09 21 | 09
#0592-d265 @A: 28 34 04 02 | 05
#0593-d265 @A: 29 28 26 27 | 01
#0594-d265 @A: 04 35 28 30 | 03
#0595-d265 @A: 30 29 01 28 | 10
#0596-d265 @A: 21 17 01 28 | 02
#0597-d265 @A: 13 24 26 14 | 04
#0598-d265 @A: 14 12 18 30 | 07
#0599-d265 @A: 33 17 32 14 | 12
#0600-d265 @A: 08 14 01 26 | 06
#0601-d265 @A: 08 21 14 16 | 11
#0602-d265 @A: 04 05 14 23 | 08
#0603-d265 @A: 05 14 09 30 | 09
#0604-d265 @A: 29 07 15 14 | 05
#0605-d265 @A: 14 06 26 23 | 01
#0606-d265 @A: 20 14 33 21 | 03
#0607-d265 @A: 12 27 17 14 | 10
#0608-d265 @A: 30 14 03 21 | 02
#0609-d265 @A: 14 04 30 27 | 04
#0610-d265 @A: 24 33 32 23 | 07
#0611-d265 @A: 15 32 30 24 | 12
#0612-d265 @A: 24 22 30 33 | 06
#0613-d265 @A: 07 23 24 30 | 11
#0614-d265 @A: 24 12 25 07 | 08
#0615-d265 @A: 13 11 23 24 | 09
#0616-d265 @A: 02 33 20 24 | 05
#0617-d265 @A: 24 09 30 13 | 01
#0618-d265 @A: 26 11 21 24 | 03
#0619-d265 @A: 25 11 24 04 | 10
#0620-d265 @A: 17 21 24 20 | 02
#0621-d265 @A: 18 23 25 05 | 04
#0622-d265 @A: 22 23 21 18 | 07
#0623-d265 @A: 07 06 09 18 | 12
#0624-d265 @A: 07 35 18 17 | 06
#0625-d265 @A: 18 34 33 35 | 11
#0626-d265 @A: 33 18 30 16 | 08
#0627-d265 @A: 09 18 03 35 | 09
#0628-d265 @A: 18 21 35 26 | 05
#0629-d265 @A: 11 06 29 18 | 01
#0630-d265 @A: 01 18 26 04 | 03
#0631-d265 @A: 29 31 32 16 | 10
#0632-d265 @A: 08 31 20 22 | 02
#0633-d265 @A: 16 23 05 31 | 04
#0634-d265 @A: 05 27 31 13 | 07
#0635-d265 @A: 31 17 22 03 | 12
#0636-d265 @A: 07 31 23 01 | 06
#0637-d265 @A: 31 34 07 03 | 11
#0638-d265 @A: 30 07 25 31 | 08
#0639-d265 @A: 13 09 29 31 | 09
#0640-d265 @A: 01 02 25 31 | 05
#0641-d265 @A: 31 27 11 16 | 01
#0642-d265 @A: 30 06 01 31 | 03
#0643-d265 @A: 05 08 20 32 | 10
#0644-d265 @A: 05 32 03 22 | 02
#0645-d265 @A: 32 05 15 23 | 04
#0646-d265 @A: 27 22 07 32 | 07
#0647-d265 @A: 06 32 15 22 | 12
#0648-d265 @A: 29 09 32 23 | 06
#0649-d265 @A: 12 13 32 23 | 11
#0650-d265 @A: 32 17 12 15 | 08
#0651-d265 @A: 20 32 27 15 | 09
#0652-d265 @A: 32 09 04 33 | 05
#0653-d265 @A: 16 02 09 32 | 01
#0654-d265 @A: 11 02 32 27 | 03
#0655-d265 @A: 32 35 03 04 | 10
#0656-d265 @A: 32 11 29 21 | 02
#0657-d265 @A: 21 32 25 26 | 04
#0658-d265 @A: 17 32 16 26 | 07
#0659-d265 @A: 29 32 04 25 | 12
#0660-d265 @A: 27 08 21 22 | 06
#0661-d265 @A: 08 16 22 06 | 11
#0662-d265 @A: 08 15 07 02 | 08
#0663-d265 @A: 08 12 26 23 | 09
#0664-d265 @A: 26 13 08 15 | 05
#0665-d265 @A: 08 11 27 17 | 01
#0666-d265 @A: 33 21 23 05 | 03
#0667-d265 @A: 35 13 23 05 | 10
#0668-d265 @A: 12 26 05 15 | 02
#0669-d265 @A: 05 11 13 15 | 04
#0670-d265 @A: 05 15 06 34 | 07
#0671-d265 @A: 05 16 34 26 | 12
#0672-d265 @A: 02 05 20 21 | 06
#0673-d265 @A: 11 05 21 03 | 11
#0674-d265 @A: 11 22 35 07 | 08
#0675-d265 @A: 26 22 33 23 | 09
#0676-d265 @A: 29 13 25 22 | 05
#0677-d265 @A: 22 20 34 26 | 01
#0678-d265 @A: 06 01 34 22 | 03
#0679-d265 @A: 25 22 01 21 | 10
#0680-d265 @A: 07 23 11 09 | 02
#0681-d265 @A: 27 35 07 20 | 04
#0682-d265 @A: 07 35 04 06 | 07
#0683-d265 @A: 23 33 13 30 | 12
#0684-d265 @A: 25 35 23 02 | 06
#0685-d265 @A: 23 30 25 26 | 11
#0686-d265 @A: 33 15 26 16 | 08
#0687-d265 @A: 17 34 15 11 | 09
#0688-d265 @A: 27 02 15 21 | 05
#0689-d265 @A: 26 02 01 15 | 01
#0690-d265 @A: 15 30 26 03 | 03
#0691-d265 @A: 30 33 17 12 | 10
#0692-d265 @A: 06 21 33 34 | 02
#0693-d265 @A: 16 34 21 33 | 04
#0694-d265 @A: 11 29 03 33 | 07
#0695-d265 @A: 03 33 01 21 | 12
#0696-d265 @A: 26 33 29 01 | 06
#0697-d265 @A: 21 35 02 09 | 11
#0698-d265 @A: 09 29 27 20 | 08
#0699-d265 @A: 21 29 09 01 | 09
#0700-d265 @A: 26 03 12 06 | 05
#0701-d265 @A: 16 01 12 35 | 01
#0702-d265 @A: 12 06 29 16 | 03
#0703-d265 @A: 03 10 29 19 | 10
#0704-d265 @A: 17 29 28 19 | 02
#0705-d265 @A: 14 05 19 25 | 04
#0706-d265 @A: 14 09 21 19 | 07
#0707-d265 @A: 24 19 35 09 | 12
#0708-d265 @A: 18 19 23 30 | 06
#0709-d265 @A: 19 01 15 18 | 11
#0710-d265 @A: 31 29 19 05 | 08
#0711-d265 @A: 35 31 19 17 | 09
#0712-d265 @A: 33 21 19 32 | 05
#0713-d265 @A: 02 23 19 08 | 01
#0714-d265 @A: 07 23 19 29 | 03
#0715-d265 @A: 13 19 17 23 | 10
#0716-d265 @A: 16 15 19 34 | 02
#0717-d265 @A: 33 16 12 19 | 04
#0718-d265 @A: 11 33 19 04 | 07
#0719-d265 @A: 09 19 01 06 | 12
#0720-d265 @A: 34 12 25 19 | 06
#0721-d265 @A: 34 17 01 19 | 11
#0722-d265 @A: 19 21 11 02 | 08
#0723-d265 @A: 29 35 19 27 | 09
#0724-d265 @A: 19 26 16 11 | 05
#0725-d265 @A: 28 18 10 20 | 01
#0726-d265 @A: 10 07 28 04 | 03
#0727-d265 @A: 23 18 14 10 | 10
#0728-d265 @A: 10 18 24 06 | 02
#0729-d265 @A: 32 24 10 34 | 04
#0730-d265 @A: 10 21 08 24 | 07
#0731-d265 @A: 30 12 24 10 | 12
#0732-d265 @A: 05 18 33 10 | 06
#0733-d265 @A: 09 18 02 10 | 11
#0734-d265 @A: 17 22 10 32 | 08
#0735-d265 @A: 07 10 16 32 | 09
#0736-d265 @A: 10 13 32 11 | 05
#0737-d265 @A: 32 35 29 10 | 01
#0738-d265 @A: 17 05 29 10 | 03
#0739-d265 @A: 07 34 23 10 | 10
#0740-d265 @A: 27 33 10 23 | 02
#0741-d265 @A: 30 23 16 10 | 04
#0742-d265 @A: 15 27 10 13 | 07
#0743-d265 @A: 04 01 09 10 | 12
#0744-d265 @A: 11 10 25 06 | 06
#0745-d265 @A: 28 14 04 18 | 11
#0746-d265 @A: 07 28 14 20 | 08
#0747-d265 @A: 28 14 11 29 | 09
#0748-d265 @A: 11 08 24 28 | 05
#0749-d265 @A: 28 06 07 24 | 01
#0750-d265 @A: 32 03 28 23 | 03
#0751-d265 @A: 25 06 28 32 | 10
#0752-d265 @A: 08 28 05 26 | 02
#0753-d265 @A: 15 28 08 21 | 04
#0754-d265 @A: 15 28 22 29 | 07
#0755-d265 @A: 07 17 15 28 | 12
#0756-d265 @A: 28 29 09 33 | 06
#0757-d265 @A: 09 21 16 28 | 11
#0758-d265 @A: 04 28 26 20 | 08
#0759-d265 @A: 06 04 28 29 | 09
#0760-d265 @A: 27 24 33 14 | 05
#0761-d265 @A: 01 24 14 06 | 01
#0762-d265 @A: 22 14 23 08 | 03
#0763-d265 @A: 14 22 29 33 | 10
#0764-d265 @A: 07 13 01 14 | 02
#0765-d265 @A: 17 14 09 23 | 04
#0766-d265 @A: 14 13 34 23 | 07
#0767-d265 @A: 12 25 14 16 | 12
#0768-d265 @A: 14 20 03 02 | 06
#0769-d265 @A: 14 25 01 35 | 11
#0770-d265 @A: 24 08 34 07 | 08
#0771-d265 @A: 33 24 08 01 | 09
#0772-d265 @A: 24 29 08 13 | 05
#0773-d265 @A: 24 15 01 05 | 01
#0774-d265 @A: 22 24 13 03 | 03
#0775-d265 @A: 35 15 33 24 | 10
#0776-d265 @A: 03 34 24 21 | 02
#0777-d265 @A: 02 24 26 27 | 04
#0778-d265 @A: 18 32 07 29 | 07
#0779-d265 @A: 13 22 26 18 | 12
#0780-d265 @A: 17 22 18 34 | 06
#0781-d265 @A: 30 18 13 07 | 11
#0782-d265 @A: 09 01 23 18 | 08
#0783-d265 @A: 13 29 18 15 | 09
#0784-d265 @A: 06 12 33 18 | 05
#0785-d265 @A: 03 18 04 11 | 01
#0786-d265 @A: 18 26 20 25 | 03
#0787-d265 @A: 31 25 05 12 | 10
#0788-d265 @A: 22 31 35 23 | 02
#0789-d265 @A: 15 31 22 02 | 04
#0790-d265 @A: 07 26 31 09 | 07
#0791-d265 @A: 23 02 33 31 | 12
#0792-d265 @A: 31 12 15 30 | 06
#0793-d265 @A: 15 31 13 25 | 11
#0794-d265 @A: 31 25 34 26 | 08
#0795-d265 @A: 29 31 20 34 | 09
#0796-d265 @A: 34 01 21 31 | 05
#0797-d265 @A: 16 17 31 30 | 01
#0798-d265 @A: 23 32 17 07 | 03
#0799-d265 @A: 03 15 32 07 | 10
#0800-d265 @A: 12 32 07 35 | 02
#0801-d265 @A: 30 32 23 21 | 04
#0802-d265 @A: 35 26 32 15 | 07
#0803-d265 @A: 26 32 03 09 | 12
#0804-d265 @A: 32 34 21 20 | 06
#0805-d265 @A: 11 09 13 08 | 11
#0806-d265 @A: 13 04 08 16 | 08
#0807-d265 @A: 34 04 08 35 | 09
#0808-d265 @A: 08 34 11 06 | 05
#0809-d265 @A: 21 03 08 29 | 01
#0810-d265 @A: 08 17 26 35 | 03
#0811-d265 @A: 21 11 08 01 | 10
#0812-d265 @A: 05 22 07 25 | 02
#0813-d265 @A: 01 22 02 05 | 04
#0814-d265 @A: 17 05 23 11 | 07
#0815-d265 @A: 33 13 05 06 | 12
#0816-d265 @A: 03 05 11 16 | 06
#0817-d265 @A: 27 35 21 05 | 11
#0818-d265 @A: 30 11 05 06 | 08
#0819-d265 @A: 20 11 04 05 | 09
#0820-d265 @A: 05 01 04 21 | 05
#0821-d265 @A: 27 13 23 22 | 01
#0822-d265 @A: 03 20 25 22 | 03
#0823-d265 @A: 22 03 04 06 | 10
#0824-d265 @A: 20 16 21 22 | 02
#0825-d265 @A: 21 26 33 07 | 04
#0826-d265 @A: 06 29 13 07 | 07
#0827-d265 @A: 25 16 07 34 | 12
#0828-d265 @A: 04 15 23 25 | 06
#0829-d265 @A: 15 23 29 16 | 11
#0830-d265 @A: 21 12 35 23 | 08
#0831-d265 @A: 34 23 17 35 | 09
#0832-d265 @A: 20 34 30 23 | 05
#0833-d265 @A: 01 25 29 23 | 01
#0834-d265 @A: 01 03 15 13 | 03
#0835-d265 @A: 20 06 15 03 | 10
#0836-d265 @A: 26 09 33 13 | 02
#0837-d265 @A: 02 35 30 33 | 04
#0838-d265 @A: 33 26 27 04 | 07
#0839-d265 @A: 33 29 35 25 | 12
#0840-d265 @A: 35 21 17 33 | 06
#0841-d265 @A: 16 11 12 09 | 11
#0842-d265 @A: 30 17 34 09 | 08
#0843-d265 @A: 21 06 09 03 | 09
#0844-d265 @A: 27 01 09 26 | 05
#0845-d265 @A: 06 29 26 09 | 01
#0846-d265 @A: 11 13 12 25 | 03
#0847-d265 @A: 35 34 12 03 | 10
#0848-d265 @A: 29 02 27 12 | 02
#0849-d265 @A: 26 17 12 04 | 04
#0850-d265 @A: 13 01 11 35 | 07
#0851-d265 @A: 26 06 30 13 | 12
#0852-d265 @A: 34 16 06 27 | 06
#0853-d265 @A: 09 19 11 28 | 11
#0854-d265 @A: 20 31 19 14 | 08
#0855-d265 @A: 32 03 19 14 | 09
#0856-d265 @A: 24 19 26 18 | 05
#0857-d265 @A: 19 23 16 24 | 01
#0858-d265 @A: 31 19 07 16 | 03
#0859-d265 @A: 27 04 31 19 | 10
#0860-d265 @A: 12 19 29 32 | 02
#0861-d265 @A: 13 16 22 19 | 04
#0862-d265 @A: 12 23 19 11 | 07
#0863-d265 @A: 04 06 23 19 | 12
#0864-d265 @A: 03 33 19 26 | 06
#0865-d265 @A: 34 27 19 03 | 11
#0866-d265 @A: 03 04 02 19 | 08
#0867-d265 @A: 19 21 16 03 | 09
#0868-d265 @A: 01 27 20 19 | 05
#0869-d265 @A: 08 03 10 28 | 01
#0870-d265 @A: 03 14 10 22 | 03
#0871-d265 @A: 29 10 09 24 | 10
#0872-d265 @A: 26 18 31 10 | 02
#0873-d265 @A: 20 32 10 07 | 04
#0874-d265 @A: 08 13 34 10 | 07
#0875-d265 @A: 33 07 29 10 | 12
#0876-d265 @A: 15 21 33 10 | 06
#0877-d265 @A: 04 03 10 34 | 11
#0878-d265 @A: 20 02 10 11 | 08
#0879-d265 @A: 30 06 10 21 | 09
#0880-d265 @A: 14 32 28 30 | 05
#0881-d265 @A: 28 17 22 14 | 01
#0882-d265 @A: 28 26 24 30 | 03
#0883-d265 @A: 32 16 18 28 | 10
#0884-d265 @A: 28 23 31 04 | 02
#0885-d265 @A: 28 05 04 32 | 04
#0886-d265 @A: 33 32 15 28 | 07
#0887-d265 @A: 28 12 20 22 | 12
#0888-d265 @A: 33 17 28 23 | 06
#0889-d265 @A: 28 13 09 02 | 11
#0890-d265 @A: 09 20 17 28 | 08
#0891-d265 @A: 28 20 27 02 | 09
#0892-d265 @A: 28 02 26 21 | 05
#0893-d265 @A: 25 28 16 30 | 01
#0894-d265 @A: 14 04 08 24 | 03
#0895-d265 @A: 17 07 31 14 | 10
#0896-d265 @A: 31 13 21 14 | 02
#0897-d265 @A: 11 32 14 34 | 04
#0898-d265 @A: 12 14 29 08 | 07
#0899-d265 @A: 26 05 14 22 | 12
#0900-d265 @A: 05 06 14 07 | 06
#0901-d265 @A: 05 13 03 14 | 11
#0902-d265 @A: 27 09 22 14 | 08
#0903-d265 @A: 29 23 20 14 | 09
#0904-d265 @A: 15 13 14 17 | 05
#0905-d265 @A: 27 06 14 02 | 01
#0906-d265 @A: 06 35 20 14 | 03
#0907-d265 @A: 14 30 01 17 | 10
#0908-d265 @A: 01 14 30 16 | 02
#0909-d265 @A: 25 31 18 24 | 04
#0910-d265 @A: 03 18 24 05 | 07
#0911-d265 @A: 26 32 31 24 | 12
#0912-d265 @A: 24 07 32 02 | 06
#0913-d265 @A: 27 05 24 09 | 11
#0914-d265 @A: 07 17 13 24 | 08
#0915-d265 @A: 15 13 02 24 | 09
#0916-d265 @A: 15 24 06 25 | 05
#0917-d265 @A: 09 16 34 24 | 01
#0918-d265 @A: 06 24 04 26 | 03
#0919-d265 @A: 24 17 25 29 | 10
#0920-d265 @A: 22 18 31 07 | 02
#0921-d265 @A: 12 18 35 31 | 04
#0922-d265 @A: 18 35 13 32 | 07
#0923-d265 @A: 13 08 18 27 | 12
#0924-d265 @A: 05 18 21 13 | 06
#0925-d265 @A: 34 27 18 05 | 11
#0926-d265 @A: 18 17 23 06 | 08
#0927-d265 @A: 16 18 13 11 | 09
#0928-d265 @A: 11 02 18 34 | 05
#0929-d265 @A: 20 12 32 31 | 01
#0930-d265 @A: 31 22 05 30 | 03
#0931-d265 @A: 31 05 07 04 | 10
#0932-d265 @A: 31 05 26 23 | 02
#0933-d265 @A: 26 22 31 29 | 04
#0934-d265 @A: 13 06 23 31 | 07
#0935-d265 @A: 13 11 31 26 | 12
#0936-d265 @A: 31 04 20 03 | 06
#0937-d265 @A: 27 31 17 26 | 11
#0938-d265 @A: 09 21 08 32 | 08
#0939-d265 @A: 11 05 07 32 | 09
#0940-d265 @A: 34 32 09 22 | 05
#0941-d265 @A: 16 32 15 01 | 01
#0942-d265 @A: 13 32 33 34 | 03
#0943-d265 @A: 17 32 03 02 | 10
#0944-d265 @A: 32 04 02 26 | 02
#0945-d265 @A: 30 03 32 01 | 04
#0946-d265 @A: 25 32 35 20 | 07
#0947-d265 @A: 08 05 22 15 | 12
#0948-d265 @A: 21 08 25 05 | 06
#0949-d265 @A: 22 04 08 01 | 11
#0950-d265 @A: 26 07 27 08 | 08
#0951-d265 @A: 12 02 33 08 | 09
#0952-d265 @A: 20 25 29 08 | 05
#0953-d265 @A: 05 30 23 12 | 01
#0954-d265 @A: 23 02 27 05 | 03
#0955-d265 @A: 15 02 05 25 | 10
#0956-d265 @A: 05 33 29 34 | 02
#0957-d265 @A: 05 26 33 25 | 04
#0958-d265 @A: 35 20 34 05 | 07
#0959-d265 @A: 17 05 21 30 | 12
#0960-d265 @A: 05 06 25 01 | 06
#0961-d265 @A: 07 22 04 34 | 11
#0962-d265 @A: 03 11 22 23 | 08
#0963-d265 @A: 15 22 11 30 | 09
#0964-d265 @A: 06 27 22 30 | 05
#0965-d265 @A: 07 30 03 09 | 01
#0966-d265 @A: 07 35 09 01 | 03
#0967-d265 @A: 12 03 07 16 | 10
#0968-d265 @A: 20 34 07 11 | 02
#0969-d265 @A: 34 06 25 07 | 04
#0970-d265 @A: 27 07 17 25 | 07
#0971-d265 @A: 11 20 07 16 | 12
#0972-d265 @A: 23 12 15 29 | 06
#0973-d265 @A: 04 02 23 01 | 11
#0974-d265 @A: 23 17 03 01 | 08
#0975-d265 @A: 06 20 23 21 | 09
#0976-d265 @A: 09 13 15 35 | 05
#0977-d265 @A: 03 15 17 21 | 01
#0978-d265 @A: 30 35 21 15 | 03
#0979-d265 @A: 27 17 33 13 | 10
#0980-d265 @A: 33 03 16 06 | 02
#0981-d265 @A: 01 27 33 16 | 04
#0982-d265 @A: 02 06 09 11 | 07
#0983-d265 @A: 27 17 09 06 | 12
#0984-d265 @A: 30 29 04 09 | 06
#0985-d265 @A: 30 25 21 09 | 11
#0986-d265 @A: 09 17 25 01 | 08
#0987-d265 @A: 03 12 13 27 | 09
#0988-d265 @A: 13 12 30 21 | 05
#0989-d265 @A: 17 25 12 02 | 01
#0990-d265 @A: 11 06 12 01 | 03
#0991-d265 @A: 12 17 21 29 | 10
#0992-d265 @A: 12 21 17 16 | 02
#0993-d265 @A: 13 34 29 01 | 04
#0994-d265 @A: 26 13 03 35 | 07
#0995-d265 @A: 06 03 13 17 | 12
#0996-d265 @A: 35 30 26 16 | 06
#0997-d265 @A: 19 10 33 06 | 11
#0998-d265 @A: 19 13 04 10 | 08
#0999-d265 @A: 19 30 06 28 | 09
#1000-d265 @A: 19 15 14 34 | 05
#1001-d265 @A: 31 33 19 24 | 01
#1002-d265 @A: 02 24 19 22 | 03
#1003-d265 @A: 11 24 30 19 | 10
#1004-d265 @A: 31 19 21 12 | 02
#1005-d265 @A: 09 19 20 32 | 04
#1006-d265 @A: 32 19 11 01 | 07
#1007-d265 @A: 19 05 08 11 | 12
#1008-d265 @A: 19 20 08 34 | 06
#1009-d265 @A: 07 13 20 19 | 11
#1010-d265 @A: 11 19 17 07 | 08
#1011-d265 @A: 19 06 15 12 | 09
#1012-d265 @A: 04 34 19 30 | 05
#1013-d265 @A: 11 35 19 03 | 01
#1014-d265 @A: 19 03 25 01 | 03
#1015-d265 @A: 17 13 28 10 | 10
#1016-d265 @A: 04 11 14 10 | 02
#1017-d265 @A: 12 10 18 16 | 04
#1018-d265 @A: 10 21 32 05 | 07
#1019-d265 @A: 26 16 08 10 | 12
#1020-d265 @A: 27 10 20 22 | 06
#1021-d265 @A: 15 10 26 07 | 11
#1022-d265 @A: 27 35 10 26 | 08
#1023-d265 @A: 26 10 25 17 | 09
#1024-d265 @A: 25 28 24 22 | 05
#1025-d265 @A: 13 24 27 28 | 01
#1026-d265 @A: 28 24 16 03 | 03
#1027-d265 @A: 18 12 17 28 | 10
#1028-d265 @A: 08 02 31 28 | 02
#1029-d265 @A: 22 11 31 28 | 04
#1030-d265 @A: 31 28 16 02 | 07
#1031-d265 @A: 28 21 22 32 | 12
#1032-d265 @A: 05 01 28 07 | 06
#1033-d265 @A: 25 20 23 28 | 11
#1034-d265 @A: 25 28 03 29 | 08
#1035-d265 @A: 11 28 04 17 | 09
#1036-d265 @A: 28 20 29 16 | 05
#1037-d265 @A: 25 21 28 04 | 01
#1038-d265 @A: 22 24 14 34 | 03
#1039-d265 @A: 12 14 20 24 | 10
#1040-d265 @A: 21 14 18 32 | 02
#1041-d265 @A: 29 09 18 14 | 04
#1042-d265 @A: 14 18 35 16 | 07
#1043-d265 @A: 31 09 14 02 | 12
#1044-d265 @A: 08 03 14 09 | 06
#1045-d265 @A: 03 14 07 23 | 11
#1046-d265 @A: 17 35 03 14 | 08
#1047-d265 @A: 03 26 14 29 | 09
#1048-d265 @A: 06 30 14 29 | 05
#1049-d265 @A: 24 18 07 33 | 01
#1050-d265 @A: 24 12 02 18 | 03
#1051-d265 @A: 29 18 24 30 | 10
#1052-d265 @A: 23 24 31 27 | 02
#1053-d265 @A: 04 09 31 24 | 04
#1054-d265 @A: 24 23 01 22 | 07
#1055-d265 @A: 22 17 09 24 | 12
#1056-d265 @A: 24 07 26 01 | 06
#1057-d265 @A: 11 24 29 15 | 11
#1058-d265 @A: 16 24 13 35 | 08
#1059-d265 @A: 02 34 24 01 | 09
#1060-d265 @A: 02 35 06 24 | 05
#1061-d265 @A: 29 20 01 24 | 01
#1062-d265 @A: 04 16 21 24 | 03
#1063-d265 @A: 18 32 23 26 | 10
#1064-d265 @A: 18 08 20 07 | 02
#1065-d265 @A: 08 18 12 21 | 04
#1066-d265 @A: 01 18 29 08 | 07
#1067-d265 @A: 12 25 22 18 | 12
#1068-d265 @A: 25 18 03 27 | 06
#1069-d265 @A: 06 18 01 35 | 11
#1070-d265 @A: 17 18 01 11 | 08
#1071-d265 @A: 18 06 04 16 | 09
#1072-d265 @A: 06 08 31 05 | 05
#1073-d265 @A: 08 31 09 25 | 01
#1074-d265 @A: 31 12 17 23 | 03
#1075-d265 @A: 27 06 15 31 | 10
#1076-d265 @A: 27 09 31 33 | 02
#1077-d265 @A: 35 06 31 09 | 04
#1078-d265 @A: 17 31 30 11 | 07
#1079-d265 @A: 25 31 20 11 | 12
#1080-d265 @A: 31 01 29 17 | 06
#1081-d265 @A: 13 05 25 32 | 11
#1082-d265 @A: 32 01 05 29 | 08
#1083-d265 @A: 32 16 06 05 | 09
#1084-d265 @A: 13 21 32 15 | 05
#1085-d265 @A: 12 32 09 27 | 01
#1086-d265 @A: 32 29 03 34 | 03
#1087-d265 @A: 27 32 29 06 | 10
#1088-d265 @A: 25 11 16 32 | 02
#1089-d265 @A: 01 04 32 20 | 04
#1090-d265 @A: 13 33 21 08 | 07
#1091-d265 @A: 27 34 01 08 | 12
#1092-d265 @A: 05 11 09 22 | 06
#1093-d265 @A: 12 22 16 05 | 11
#1094-d265 @A: 07 12 05 21 | 08
#1095-d265 @A: 13 05 30 04 | 09
#1096-d265 @A: 05 02 26 30 | 05
#1097-d265 @A: 03 05 35 30 | 01
#1098-d265 @A: 22 26 15 09 | 03
#1099-d265 @A: 15 12 35 22 | 10
#1100-d265 @A: 22 33 09 35 | 02
#1101-d265 @A: 30 22 34 03 | 04
#1102-d265 @A: 06 22 35 21 | 07
#1103-d265 @A: 17 25 22 35 | 12
#1104-d265 @A: 07 27 23 12 | 06
#1105-d265 @A: 07 09 12 17 | 11
#1106-d265 @A: 02 26 34 07 | 08
#1107-d265 @A: 07 02 03 35 | 09
#1108-d265 @A: 02 27 07 04 | 05
#1109-d265 @A: 07 03 29 04 | 01
#1110-d265 @A: 23 03 15 09 | 03
#1111-d265 @A: 33 23 12 01 | 10
#1112-d265 @A: 33 23 16 02 | 02
#1113-d265 @A: 29 15 33 02 | 04
#1114-d265 @A: 06 35 15 11 | 07
#1115-d265 @A: 33 30 06 03 | 12
#1116-d265 @A: 25 06 27 33 | 06
#1117-d265 @A: 04 35 01 33 | 11
#1118-d265 @A: 11 30 33 26 | 08
#1119-d265 @A: 27 21 09 34 | 09
#1120-d265 @A: 06 04 34 09 | 05
#1121-d265 @A: 04 09 02 17 | 01
#1122-d265 @A: 16 09 26 01 | 03
#1123-d265 @A: 29 26 12 13 | 10
#1124-d265 @A: 01 30 26 12 | 02
#1125-d265 @A: 27 11 13 06 | 04
#1126-d265 @A: 27 04 29 13 | 07
#1127-d265 @A: 13 30 16 06 | 12
#1128-d265 @A: 03 17 16 01 | 06
#1129-d265 @A: 10 19 24 01 | 11
#1130-d265 @A: 28 05 19 35 | 08
#1131-d265 @A: 03 07 19 28 | 09
#1132-d265 @A: 24 19 14 29 | 05
#1133-d265 @A: 06 19 22 14 | 01
#1134-d265 @A: 15 19 24 27 | 03
#1135-d265 @A: 22 19 11 18 | 10
#1136-d265 @A: 06 19 08 32 | 02
#1137-d265 @A: 16 32 19 35 | 04
#1138-d265 @A: 19 23 27 09 | 07
#1139-d265 @A: 19 21 34 35 | 12
#1140-d265 @A: 27 21 19 25 | 06
#1141-d265 @A: 30 19 21 20 | 11
#1142-d265 @A: 27 10 32 28 | 08
#1143-d265 @A: 17 10 24 14 | 09
#1144-d265 @A: 10 27 08 14 | 05
#1145-d265 @A: 15 06 10 14 | 01
#1146-d265 @A: 24 10 03 15 | 03
#1147-d265 @A: 18 17 10 04 | 10
#1148-d265 @A: 05 34 10 31 | 02
#1149-d265 @A: 17 10 31 33 | 04
#1150-d265 @A: 10 27 12 31 | 07
#1151-d265 @A: 10 31 13 30 | 12
#1152-d265 @A: 06 10 31 16 | 06
#1153-d265 @A: 06 05 23 10 | 11
#1154-d265 @A: 01 30 07 10 | 08
#1155-d265 @A: 09 27 30 10 | 09
#1156-d265 @A: 10 34 30 11 | 05
#1157-d265 @A: 10 20 34 25 | 01
#1158-d265 @A: 10 30 17 02 | 03
#1159-d265 @A: 14 21 28 23 | 10
#1160-d265 @A: 27 28 03 14 | 02
#1161-d265 @A: 14 28 25 26 | 04
#1162-d265 @A: 24 18 28 21 | 07
#1163-d265 @A: 01 09 24 28 | 12
#1164-d265 @A: 03 18 28 31 | 06
#1165-d265 @A: 28 33 30 31 | 11
#1166-d265 @A: 31 28 35 13 | 08
#1167-d265 @A: 28 20 32 13 | 09
#1168-d265 @A: 28 25 09 05 | 05
#1169-d265 @A: 29 13 28 05 | 01
#1170-d265 @A: 07 21 34 28 | 03
#1171-d265 @A: 12 33 27 28 | 10
#1172-d265 @A: 17 03 28 30 | 02
#1173-d265 @A: 14 11 24 18 | 04
#1174-d265 @A: 08 14 18 25 | 07
#1175-d265 @A: 15 31 35 14 | 12
#1176-d265 @A: 22 35 32 14 | 06
#1177-d265 @A: 15 14 03 12 | 11
#1178-d265 @A: 14 13 09 20 | 08
#1179-d265 @A: 14 26 34 30 | 09
#1180-d265 @A: 25 14 11 03 | 05
#1181-d265 @A: 04 01 03 14 | 01
#1182-d265 @A: 01 14 21 27 | 03
#1183-d265 @A: 21 14 35 04 | 10
#1184-d265 @A: 04 14 17 29 | 02
#1185-d265 @A: 17 16 14 29 | 04
#1186-d265 @A: 22 24 31 21 | 07
#1187-d265 @A: 13 24 12 05 | 12
#1188-d265 @A: 24 16 29 22 | 06
#1189-d265 @A: 23 09 02 24 | 11
#1190-d265 @A: 06 12 23 24 | 08
#1191-d265 @A: 13 35 24 21 | 09
#1192-d265 @A: 03 30 04 24 | 05
#1193-d265 @A: 05 08 04 18 | 01
#1194-d265 @A: 05 07 18 26 | 03
#1195-d265 @A: 05 15 18 30 | 10
#1196-d265 @A: 09 30 33 18 | 02
#1197-d265 @A: 21 33 18 02 | 04
#1198-d265 @A: 34 20 18 06 | 07
#1199-d265 @A: 20 16 18 34 | 12
#1200-d265 @A: 27 18 11 35 | 06
#1201-d265 @A: 29 18 20 04 | 11
#1202-d265 @A: 22 04 32 31 | 08
#1203-d265 @A: 23 11 32 31 | 09
#1204-d265 @A: 32 31 15 29 | 05
#1205-d265 @A: 33 32 01 31 | 01
#1206-d265 @A: 12 08 31 03 | 03
#1207-d265 @A: 05 33 35 31 | 10
#1208-d265 @A: 31 07 29 12 | 02
#1209-d265 @A: 11 03 31 06 | 04
#1210-d265 @A: 31 27 21 20 | 07
#1211-d265 @A: 06 25 31 29 | 12
#1212-d265 @A: 32 08 25 12 | 06
#1213-d265 @A: 32 08 02 35 | 11
#1214-d265 @A: 32 05 30 33 | 08
#1215-d265 @A: 12 05 32 02 | 09
#1216-d265 @A: 09 08 05 29 | 05
#1217-d265 @A: 05 12 27 08 | 01
#1218-d265 @A: 08 07 09 16 | 03
#1219-d265 @A: 08 06 29 02 | 10
#1220-d265 @A: 21 26 08 06 | 02
#1221-d265 @A: 20 05 22 13 | 04
#1222-d265 @A: 05 06 02 04 | 07
#1223-d265 @A: 25 17 05 03 | 12
#1224-d265 @A: 17 05 27 04 | 06
#1225-d265 @A: 22 35 34 27 | 11
#1226-d265 @A: 22 17 21 02 | 08
#1227-d265 @A: 07 23 16 04 | 09
#1228-d265 @A: 15 07 34 27 | 05
#1229-d265 @A: 34 07 35 30 | 01
#1230-d265 @A: 07 30 02 21 | 03
#1231-d265 @A: 27 07 21 11 | 10
#1232-d265 @A: 26 29 25 07 | 02
#1233-d265 @A: 23 13 21 01 | 04
#1234-d265 @A: 03 04 23 21 | 07
#1235-d265 @A: 23 25 16 17 | 12
#1236-d265 @A: 09 34 33 15 | 06
#1237-d265 @A: 09 30 15 06 | 11
#1238-d265 @A: 04 09 15 20 | 08
#1239-d265 @A: 01 34 15 20 | 09
#1240-d265 @A: 15 25 01 11 | 05
#1241-d265 @A: 06 15 21 04 | 01
#1242-d265 @A: 34 11 01 33 | 03
#1243-d265 @A: 25 30 33 34 | 10
#1244-d265 @A: 01 02 33 06 | 02
#1245-d265 @A: 27 35 03 33 | 04
#1246-d265 @A: 17 25 11 33 | 07
#1247-d265 @A: 33 25 20 01 | 12
#1248-d265 @A: 17 06 29 33 | 06
#1249-d265 @A: 34 09 11 29 | 11
#1250-d265 @A: 09 03 16 26 | 08
#1251-d265 @A: 16 09 17 27 | 09
#1252-d265 @A: 09 01 30 11 | 05
#1253-d265 @A: 12 01 17 13 | 01
#1254-d265 @A: 12 34 04 01 | 03
#1255-d265 @A: 12 02 11 35 | 10
#1256-d265 @A: 12 26 25 35 | 02
#1257-d265 @A: 12 20 26 16 | 04
#1258-d265 @A: 34 13 27 30 | 07
#1259-d265 @A: 02 25 03 13 | 12
#1260-d265 @A: 02 21 13 29 | 06
#1261-d265 @A: 34 17 16 35 | 11
#1262-d265 @A: 16 29 21 27 | 08
#1263-d265 @A: 17 10 12 19 | 09
#1264-d265 @A: 13 21 28 19 | 05
#1265-d265 @A: 19 14 30 33 | 01
#1266-d265 @A: 14 20 19 16 | 03
#1267-d265 @A: 19 05 21 24 | 10
#1268-d265 @A: 04 19 18 32 | 02
#1269-d265 @A: 12 20 19 18 | 04
#1270-d265 @A: 03 18 19 06 | 07
#1271-d265 @A: 07 31 06 19 | 12
#1272-d265 @A: 25 19 07 32 | 06
#1273-d265 @A: 32 23 19 35 | 11
#1274-d265 @A: 03 15 08 19 | 08
#1275-d265 @A: 19 09 04 05 | 09
#1276-d265 @A: 26 05 13 19 | 05
#1277-d265 @A: 09 25 19 22 | 01
#1278-d265 @A: 15 25 19 33 | 03
#1279-d265 @A: 33 19 02 09 | 10
#1280-d265 @A: 19 20 04 35 | 02
#1281-d265 @A: 11 25 19 29 | 04
#1282-d265 @A: 09 14 10 32 | 07
#1283-d265 @A: 02 10 05 14 | 12
#1284-d265 @A: 20 10 30 14 | 06
#1285-d265 @A: 10 24 07 27 | 11
#1286-d265 @A: 10 25 24 16 | 08
#1287-d265 @A: 08 20 10 09 | 09
#1288-d265 @A: 10 06 08 12 | 05
#1289-d265 @A: 05 10 03 07 | 01
#1290-d265 @A: 25 05 10 27 | 03
#1291-d265 @A: 23 30 22 10 | 10
#1292-d265 @A: 15 02 10 23 | 02
#1293-d265 @A: 09 10 03 17 | 04
#1294-d265 @A: 34 10 35 01 | 07
#1295-d265 @A: 10 27 03 02 | 12
#1296-d265 @A: 03 01 11 10 | 06
#1297-d265 @A: 03 26 10 21 | 11
#1298-d265 @A: 27 08 28 23 | 08
#1299-d265 @A: 22 07 28 26 | 09
#1300-d265 @A: 04 28 22 33 | 05
#1301-d265 @A: 30 28 12 07 | 01
#1302-d265 @A: 30 09 23 28 | 03
#1303-d265 @A: 02 06 03 28 | 10
#1304-d265 @A: 28 02 11 01 | 02
#1305-d265 @A: 21 03 35 28 | 04
#1306-d265 @A: 11 03 26 28 | 07
#1307-d265 @A: 27 28 17 35 | 12
#1308-d265 @A: 32 24 14 05 | 06
#1309-d265 @A: 14 02 24 30 | 11
#1310-d265 @A: 31 27 14 18 | 08
#1311-d265 @A: 32 14 23 27 | 09
#1312-d265 @A: 06 32 14 12 | 05
#1313-d265 @A: 14 29 32 13 | 01
#1314-d265 @A: 08 34 05 14 | 03
#1315-d265 @A: 27 05 15 14 | 10
#1316-d265 @A: 21 14 15 22 | 02
#1317-d265 @A: 09 34 14 07 | 04
#1318-d265 @A: 09 14 06 33 | 07
#1319-d265 @A: 14 04 26 09 | 12
#1320-d265 @A: 35 27 14 13 | 06
#1321-d265 @A: 20 34 27 14 | 11
#1322-d265 @A: 25 04 20 14 | 08
#1323-d265 @A: 18 24 01 13 | 09
#1324-d265 @A: 13 31 24 34 | 05
#1325-d265 @A: 01 32 25 24 | 01
#1326-d265 @A: 20 08 23 24 | 03
#1327-d265 @A: 24 15 07 09 | 10
#1328-d265 @A: 33 06 11 24 | 02
#1329-d265 @A: 24 09 03 20 | 04
#1330-d265 @A: 24 02 16 30 | 07
#1331-d265 @A: 35 26 29 24 | 12
#1332-d265 @A: 21 24 30 01 | 06
#1333-d265 @A: 31 16 18 08 | 11
#1334-d265 @A: 21 31 18 06 | 08
#1335-d265 @A: 18 32 27 33 | 09
#1336-d265 @A: 32 09 18 17 | 05
#1337-d265 @A: 18 12 29 05 | 01
#1338-d265 @A: 23 12 03 18 | 03
#1339-d265 @A: 18 21 16 23 | 10
#1340-d265 @A: 33 18 20 15 | 02
#1341-d265 @A: 15 09 18 21 | 04
#1342-d265 @A: 34 26 18 03 | 07
#1343-d265 @A: 34 25 18 29 | 12
#1344-d265 @A: 32 31 05 17 | 06
#1345-d265 @A: 34 31 35 32 | 11
#1346-d265 @A: 31 22 27 01 | 08
#1347-d265 @A: 31 35 16 22 | 09
#1348-d265 @A: 15 31 20 07 | 05
#1349-d265 @A: 11 12 31 09 | 01
#1350-d265 @A: 02 31 20 17 | 03
#1351-d265 @A: 35 29 30 31 | 10
#1352-d265 @A: 04 23 08 32 | 02
#1353-d265 @A: 32 23 06 34 | 04
#1354-d265 @A: 23 32 20 02 | 07
#1355-d265 @A: 32 33 20 16 | 12
#1356-d265 @A: 30 32 12 04 | 06
#1357-d265 @A: 02 34 30 32 | 11
#1358-d265 @A: 21 02 32 06 | 08
#1359-d265 @A: 06 35 32 17 | 09
#1360-d265 @A: 22 25 08 33 | 05
#1361-d265 @A: 11 33 15 08 | 01
#1362-d265 @A: 34 08 26 29 | 03
#1363-d265 @A: 08 27 35 06 | 10
#1364-d265 @A: 08 25 04 27 | 02
#1365-d265 @A: 08 30 29 17 | 04
#1366-d265 @A: 20 08 17 01 | 07
#1367-d265 @A: 22 05 21 34 | 12
#1368-d265 @A: 09 34 23 05 | 06
#1369-d265 @A: 05 35 06 26 | 11
#1370-d265 @A: 05 35 17 01 | 08
#1371-d265 @A: 16 05 04 21 | 09
#1372-d265 @A: 15 01 07 22 | 05
#1373-d265 @A: 33 07 22 17 | 01
#1374-d265 @A: 04 20 22 23 | 03
#1375-d265 @A: 33 13 22 11 | 10
#1376-d265 @A: 12 06 29 22 | 02
#1377-d265 @A: 22 17 11 06 | 04
#1378-d265 @A: 21 22 26 04 | 07
#1379-d265 @A: 22 17 20 30 | 12
#1380-d265 @A: 07 33 13 03 | 06
#1381-d265 @A: 04 09 21 07 | 11
#1382-d265 @A: 16 07 13 26 | 08
#1383-d265 @A: 35 16 07 02 | 09
#1384-d265 @A: 20 03 01 07 | 05
#1385-d265 @A: 13 23 16 09 | 01
#1386-d265 @A: 23 16 27 12 | 03
#1387-d265 @A: 27 34 23 25 | 10
#1388-d265 @A: 23 30 29 11 | 02
#1389-d265 @A: 01 11 23 20 | 04
#1390-d265 @A: 04 23 30 17 | 07
#1391-d265 @A: 17 15 01 33 | 12
#1392-d265 @A: 25 34 15 03 | 06
#1393-d265 @A: 26 34 21 15 | 11
#1394-d265 @A: 15 25 27 26 | 08
#1395-d265 @A: 17 15 29 26 | 09
#1396-d265 @A: 25 15 20 17 | 05
#1397-d265 @A: 02 27 33 34 | 01
#1398-d265 @A: 33 03 17 04 | 03
#1399-d265 @A: 33 11 27 20 | 10
#1400-d265 @A: 01 27 33 30 | 02
#1401-d265 @A: 13 06 12 02 | 04
#1402-d265 @A: 34 27 12 26 | 07
#1403-d265 @A: 02 12 21 04 | 12
#1404-d265 @A: 35 34 06 13 | 06
#1405-d265 @A: 02 27 01 13 | 11
#1406-d265 @A: 16 20 13 02 | 08
#1407-d265 @A: 11 04 13 21 | 09
#1408-d265 @A: 13 26 25 01 | 05
#1409-d265 @A: 16 30 03 34 | 01
#1410-d265 @A: 30 16 20 27 | 03
#1411-d265 @A: 04 20 01 16 | 10
#1412-d265 @A: 02 31 10 19 | 02
#1413-d265 @A: 19 10 32 30 | 04
#1414-d265 @A: 19 15 35 10 | 07
#1415-d265 @A: 14 19 02 28 | 12
#1416-d265 @A: 28 32 19 31 | 06
#1417-d265 @A: 19 24 04 07 | 11
#1418-d265 @A: 25 23 19 31 | 08
#1419-d265 @A: 02 19 15 32 | 09
#1420-d265 @A: 08 19 09 07 | 05
#1421-d265 @A: 19 05 33 22 | 01
#1422-d265 @A: 19 22 03 21 | 03
#1423-d265 @A: 13 30 15 19 | 10
#1424-d265 @A: 33 35 12 19 | 02
#1425-d265 @A: 30 09 12 19 | 04
#1426-d265 @A: 34 06 19 29 | 07
#1427-d265 @A: 19 06 20 11 | 12
#1428-d265 @A: 28 21 31 10 | 06
#1429-d265 @A: 10 28 05 30 | 11
#1430-d265 @A: 26 24 05 10 | 08
#1431-d265 @A: 24 20 10 13 | 09
#1432-d265 @A: 10 32 31 06 | 05
#1433-d265 @A: 29 10 08 04 | 01
#1434-d265 @A: 09 15 10 05 | 03
#1435-d265 @A: 22 15 25 10 | 10
#1436-d265 @A: 10 22 33 34 | 02
#1437-d265 @A: 22 13 06 10 | 04
#1438-d265 @A: 23 12 10 04 | 07
#1439-d265 @A: 23 20 17 10 | 12
#1440-d265 @A: 20 33 10 03 | 06
#1441-d265 @A: 35 10 12 09 | 11
#1442-d265 @A: 09 21 13 10 | 08
#1443-d265 @A: 02 34 12 10 | 09
#1444-d265 @A: 06 03 35 10 | 05
#1445-d265 @A: 10 11 26 29 | 01
#1446-d265 @A: 01 26 20 10 | 03
#1447-d265 @A: 15 14 28 24 | 10
#1448-d265 @A: 16 05 14 28 | 02
#1449-d265 @A: 24 28 03 33 | 04
#1450-d265 @A: 28 33 18 25 | 07
#1451-d265 @A: 13 28 34 18 | 12
#1452-d265 @A: 31 34 09 28 | 06
#1453-d265 @A: 28 31 06 12 | 11
#1454-d265 @A: 17 08 28 32 | 08
#1455-d265 @A: 28 16 33 08 | 09
#1456-d265 @A: 15 05 28 03 | 05
#1457-d265 @A: 28 13 30 22 | 01
#1458-d265 @A: 33 11 21 28 | 03
#1459-d265 @A: 28 13 12 16 | 10
#1460-d265 @A: 27 11 28 25 | 02
#1461-d265 @A: 06 28 26 17 | 04
#1462-d265 @A: 15 18 14 26 | 07
#1463-d265 @A: 12 07 14 26 | 12
#1464-d265 @A: 14 25 23 12 | 06
#1465-d265 @A: 14 02 33 13 | 11
#1466-d265 @A: 35 18 24 08 | 08
#1467-d265 @A: 17 15 24 18 | 09
#1468-d265 @A: 15 08 31 24 | 05
#1469-d265 @A: 02 24 05 31 | 01
#1470-d265 @A: 06 31 24 17 | 03
#1471-d265 @A: 24 16 27 32 | 10
#1472-d265 @A: 22 26 08 24 | 02
#1473-d265 @A: 22 15 24 04 | 04
#1474-d265 @A: 29 23 03 24 | 07
#1475-d265 @A: 34 24 12 15 | 12
#1476-d265 @A: 34 24 25 35 | 06
#1477-d265 @A: 01 24 27 11 | 11
#1478-d265 @A: 04 24 27 21 | 08
#1479-d265 @A: 29 31 18 33 | 09
#1480-d265 @A: 22 18 09 08 | 05
#1481-d265 @A: 33 01 22 18 | 01
#1482-d265 @A: 22 16 27 18 | 03
#1483-d265 @A: 18 21 07 03 | 10
#1484-d265 @A: 15 18 35 23 | 02
#1485-d265 @A: 29 18 27 23 | 04
#1486-d265 @A: 09 18 15 16 | 07
#1487-d265 @A: 20 11 13 18 | 12
#1488-d265 @A: 18 34 04 21 | 06
#1489-d265 @A: 18 03 02 01 | 11
#1490-d265 @A: 18 17 29 03 | 08
#1491-d265 @A: 06 26 27 18 | 09
#1492-d265 @A: 32 31 09 30 | 05
#1493-d265 @A: 23 08 31 29 | 01
#1494-d265 @A: 27 08 31 30 | 03
#1495-d265 @A: 31 21 15 05 | 10
#1496-d265 @A: 03 05 31 09 | 02
#1497-d265 @A: 12 04 33 31 | 04
#1498-d265 @A: 31 30 04 02 | 07
#1499-d265 @A: 29 31 27 03 | 12
#1500-d265 @A: 01 03 31 26 | 06
#1501-d265 @A: 16 03 31 20 | 11
#1502-d265 @A: 32 33 29 08 | 08
#1503-d265 @A: 32 05 27 26 | 09
#1504-d265 @A: 32 20 33 22 | 05
#1505-d265 @A: 12 23 32 16 | 01
#1506-d265 @A: 33 32 26 12 | 03
#1507-d265 @A: 32 01 16 13 | 10
#1508-d265 @A: 34 32 17 25 | 02
#1509-d265 @A: 06 32 11 04 | 04
#1510-d265 @A: 01 32 26 06 | 07
#1511-d265 @A: 30 06 32 20 | 12
#1512-d265 @A: 07 05 17 08 | 06
#1513-d265 @A: 08 09 02 27 | 11
#1514-d265 @A: 08 03 30 11 | 08
#1515-d265 @A: 06 08 30 25 | 09
#1516-d265 @A: 33 12 20 05 | 05
#1517-d265 @A: 05 12 03 04 | 01
#1518-d265 @A: 04 25 05 34 | 03
#1519-d265 @A: 11 05 25 35 | 10
#1520-d265 @A: 16 05 25 06 | 02
#1521-d265 @A: 03 22 07 12 | 04
#1522-d265 @A: 02 11 26 22 | 07
#1523-d265 @A: 22 26 27 03 | 12
#1524-d265 @A: 04 11 27 22 | 06
#1525-d265 @A: 13 25 23 07 | 11
#1526-d265 @A: 11 12 15 07 | 08
#1527-d265 @A: 12 06 07 20 | 09
#1528-d265 @A: 29 07 27 30 | 05
#1529-d265 @A: 16 29 30 07 | 01
#1530-d265 @A: 21 07 25 20 | 03
#1531-d265 @A: 23 33 09 25 | 10
#1532-d265 @A: 23 29 04 33 | 02
#1533-d265 @A: 23 26 20 27 | 04
#1534-d265 @A: 29 26 21 23 | 07
#1535-d265 @A: 02 15 09 12 | 12
#1536-d265 @A: 02 03 15 11 | 06
#1537-d265 @A: 03 16 15 35 | 11
#1538-d265 @A: 21 15 16 11 | 08
#1539-d265 @A: 12 33 03 09 | 09
#1540-d265 @A: 17 20 34 33 | 05
#1541-d265 @A: 29 33 11 16 | 01
#1542-d265 @A: 13 25 09 34 | 03
#1543-d265 @A: 34 02 09 20 | 10
#1544-d265 @A: 26 09 35 34 | 02
#1545-d265 @A: 25 35 09 27 | 04
#1546-d265 @A: 11 17 21 09 | 07
#1547-d265 @A: 25 20 06 09 | 12
#1548-d265 @A: 12 34 21 11 | 06
#1549-d265 @A: 34 29 30 12 | 11
#1550-d265 @A: 25 27 01 12 | 08
#1551-d265 @A: 11 34 03 13 | 09
#1552-d265 @A: 29 16 13 34 | 05
#1553-d265 @A: 25 21 06 13 | 01
#1554-d265 @A: 21 26 02 16 | 03
#1555-d265 @A: 29 27 16 03 | 10
#1556-d265 @A: 19 05 10 20 | 02
#1557-d265 @A: 07 19 10 22 | 04
#1558-d265 @A: 19 21 10 23 | 07
#1559-d265 @A: 19 34 10 09 | 12
#1560-d265 @A: 02 16 10 19 | 06
#1561-d265 @A: 19 28 20 24 | 11
#1562-d265 @A: 23 14 19 01 | 08
#1563-d265 @A: 19 14 12 04 | 09
#1564-d265 @A: 24 32 17 19 | 05
#1565-d265 @A: 18 19 13 25 | 01
#1566-d265 @A: 34 22 31 19 | 03
#1567-d265 @A: 01 31 19 13 | 10
#1568-d265 @A: 19 08 27 33 | 02
#1569-d265 @A: 08 12 19 13 | 04
#1570-d265 @A: 05 07 30 19 | 07
#1571-d265 @A: 19 05 27 06 | 12
#1572-d265 @A: 13 02 34 19 | 06
#1573-d265 @A: 27 19 02 17 | 11
#1574-d265 @A: 01 02 35 19 | 08
#1575-d265 @A: 25 19 02 20 | 09
#1576-d265 @A: 14 10 29 31 | 05
#1577-d265 @A: 25 14 13 10 | 01
#1578-d265 @A: 22 18 29 10 | 03
#1579-d265 @A: 10 30 33 08 | 10
#1580-d265 @A: 03 22 16 10 | 02
#1581-d265 @A: 07 10 09 25 | 04
#1582-d265 @A: 29 10 34 21 | 07
#1583-d265 @A: 10 27 04 06 | 12
#1584-d265 @A: 17 34 24 28 | 06
#1585-d265 @A: 18 28 06 22 | 11
#1586-d265 @A: 02 28 15 18 | 08
#1587-d265 @A: 31 26 28 15 | 09
#1588-d265 @A: 25 17 28 31 | 05
#1589-d265 @A: 32 28 12 11 | 01
#1590-d265 @A: 28 34 22 08 | 03
#1591-d265 @A: 28 02 17 05 | 10
#1592-d265 @A: 12 15 25 28 | 02
#1593-d265 @A: 13 28 04 03 | 04
#1594-d265 @A: 28 21 29 20 | 07
#1595-d265 @A: 20 01 28 06 | 12
#1596-d265 @A: 14 31 03 24 | 06
#1597-d265 @A: 14 23 24 35 | 11
#1598-d265 @A: 14 25 24 09 | 08
#1599-d265 @A: 05 14 18 17 | 09
#1600-d265 @A: 03 33 14 18 | 05
#1601-d265 @A: 13 14 06 18 | 01
#1602-d265 @A: 12 14 34 31 | 03
#1603-d265 @A: 14 02 25 32 | 10
#1604-d265 @A: 08 14 20 15 | 02
#1605-d265 @A: 01 14 05 20 | 04
#1606-d265 @A: 07 25 14 33 | 07
#1607-d265 @A: 34 23 16 14 | 12
#1608-d265 @A: 25 14 15 30 | 06
#1609-d265 @A: 26 14 02 35 | 11
#1610-d265 @A: 27 14 26 11 | 08
#1611-d265 @A: 11 14 20 17 | 09
#1612-d265 @A: 18 23 24 04 | 05
#1613-d265 @A: 32 24 12 21 | 01
#1614-d265 @A: 24 08 30 05 | 03
#1615-d265 @A: 11 05 24 34 | 10
#1616-d265 @A: 24 09 12 26 | 02
#1617-d265 @A: 12 24 16 30 | 04
#1618-d265 @A: 02 24 21 25 | 07
#1619-d265 @A: 24 25 26 03 | 12
#1620-d265 @A: 04 01 17 24 | 06
#1621-d265 @A: 02 18 32 31 | 11
#1622-d265 @A: 23 20 31 18 | 08
#1623-d265 @A: 08 18 26 33 | 09
#1624-d265 @A: 08 17 02 18 | 05
#1625-d265 @A: 18 22 02 04 | 01
#1626-d265 @A: 09 18 11 25 | 03
#1627-d265 @A: 31 34 33 08 | 10
#1628-d265 @A: 31 09 23 21 | 02
#1629-d265 @A: 09 17 15 31 | 04
#1630-d265 @A: 02 31 11 29 | 07
#1631-d265 @A: 26 31 21 30 | 12
#1632-d265 @A: 31 20 06 26 | 06
#1633-d265 @A: 16 34 08 32 | 11
#1634-d265 @A: 35 05 09 32 | 08
#1635-d265 @A: 12 22 32 01 | 09
#1636-d265 @A: 01 07 34 32 | 05
#1637-d265 @A: 03 25 33 32 | 01
#1638-d265 @A: 09 32 13 06 | 03
#1639-d265 @A: 32 17 13 30 | 10
#1640-d265 @A: 21 01 35 32 | 02
#1641-d265 @A: 32 16 21 30 | 04
#1642-d265 @A: 05 08 13 02 | 07
#1643-d265 @A: 22 08 03 35 | 12
#1644-d265 @A: 04 33 08 07 | 06
#1645-d265 @A: 33 23 06 08 | 11
#1646-d265 @A: 08 09 01 15 | 08
#1647-d265 @A: 16 12 08 15 | 09
#1648-d265 @A: 02 04 11 08 | 05
#1649-d265 @A: 08 03 06 01 | 01
#1650-d265 @A: 08 35 11 29 | 03
#1651-d265 @A: 17 04 08 06 | 10
#1652-d265 @A: 29 23 05 22 | 02
#1653-d265 @A: 05 09 33 01 | 04
#1654-d265 @A: 30 09 16 05 | 07
#1655-d265 @A: 05 26 20 03 | 12
#1656-d265 @A: 35 05 16 20 | 06
#1657-d265 @A: 05 26 04 29 | 11
#1658-d265 @A: 30 05 25 29 | 08
#1659-d265 @A: 22 07 02 23 | 09
#1660-d265 @A: 07 21 13 22 | 05
#1661-d265 @A: 23 22 12 34 | 01
#1662-d265 @A: 23 16 22 26 | 03
#1663-d265 @A: 34 13 22 15 | 10
#1664-d265 @A: 22 21 33 12 | 02
#1665-d265 @A: 02 03 22 33 | 04
#1666-d265 @A: 22 09 21 20 | 07
#1667-d265 @A: 22 06 02 20 | 12
#1668-d265 @A: 29 03 22 01 | 06
#1669-d265 @A: 22 04 29 35 | 11
#1670-d265 @A: 25 06 22 26 | 08
#1671-d265 @A: 17 22 01 26 | 09
#1672-d265 @A: 16 25 01 22 | 05
#1673-d265 @A: 30 15 07 33 | 01
#1674-d265 @A: 34 07 29 17 | 03
#1675-d265 @A: 07 30 17 06 | 10
#1676-d265 @A: 27 23 11 15 | 02
#1677-d265 @A: 21 02 23 34 | 04
#1678-d265 @A: 20 16 03 23 | 07
#1679-d265 @A: 03 25 06 23 | 12
#1680-d265 @A: 20 30 33 29 | 06
#1681-d265 @A: 09 25 12 29 | 11
#1682-d265 @A: 09 04 29 16 | 08
#1683-d265 @A: 34 20 13 12 | 09
#1684-d265 @A: 12 06 34 17 | 05
#1685-d265 @A: 06 21 27 12 | 01
#1686-d265 @A: 12 35 29 01 | 03
#1687-d265 @A: 17 13 04 25 | 10
#1688-d265 @A: 29 16 02 01 | 02
#1689-d265 @A: 21 06 35 16 | 04
