#0001-d274 @A: 15 12 24 03 | 09
#0002-d274 @A: 24 25 11 04 | 08
#0003-d274 @A: 21 13 24 32 | 03
#0004-d274 @A: 07 32 24 30 | 12
#0005-d274 @A: 24 30 18 01 | 11
#0006-d274 @A: 29 11 01 24 | 06
#0007-d274 @A: 35 20 12 24 | 01
#0008-d274 @A: 24 07 06 04 | 07
#0009-d274 @A: 02 18 12 24 | 10
#0010-d274 @A: 24 02 16 11 | 05
#0011-d274 @A: 24 20 02 23 | 02
#0012-d274 @A: 02 24 30 22 | 04
#0013-d274 @A: 02 14 26 03 | 09
#0014-d274 @A: 07 11 14 03 | 08
#0015-d274 @A: 25 23 19 03 | 03
#0016-d274 @A: 17 19 03 01 | 12
#0017-d274 @A: 19 12 03 10 | 11
#0018-d274 @A: 05 35 01 03 | 06
#0019-d274 @A: 34 03 22 29 | 01
#0020-d274 @A: 22 28 03 33 | 07
#0021-d274 @A: 33 18 03 05 | 10
#0022-d274 @A: 03 27 17 33 | 05
#0023-d274 @A: 20 04 03 28 | 02
#0024-d274 @A: 03 09 04 12 | 04
#0025-d274 @A: 27 18 07 03 | 09
#0026-d274 @A: 21 03 22 02 | 08
#0027-d274 @A: 23 14 25 33 | 03
#0028-d274 @A: 14 18 25 04 | 12
#0029-d274 @A: 35 32 30 14 | 11
#0030-d274 @A: 17 14 34 32 | 06
#0031-d274 @A: 14 32 31 13 | 01
#0032-d274 @A: 33 14 01 17 | 07
#0033-d274 @A: 14 15 12 01 | 10
#0034-d274 @A: 10 14 26 31 | 05
#0035-d274 @A: 11 26 12 14 | 02
#0036-d274 @A: 33 08 14 31 | 04
#0037-d274 @A: 15 33 07 14 | 09
#0038-d274 @A: 06 16 31 14 | 08
#0039-d274 @A: 10 15 13 14 | 03
#0040-d274 @A: 05 14 13 17 | 12
#0041-d274 @A: 05 18 28 14 | 11
#0042-d274 @A: 16 12 14 18 | 06
#0043-d274 @A: 23 14 11 17 | 01
#0044-d274 @A: 27 11 22 14 | 07
#0045-d274 @A: 32 19 25 17 | 10
#0046-d274 @A: 25 04 20 19 | 05
#0047-d274 @A: 32 25 23 34 | 02
#0048-d274 @A: 32 12 25 10 | 04
#0049-d274 @A: 34 01 25 17 | 09
#0050-d274 @A: 25 34 26 15 | 08
#0051-d274 @A: 13 15 18 25 | 03
#0052-d274 @A: 05 08 13 25 | 12
#0053-d274 @A: 25 28 18 23 | 11
#0054-d274 @A: 25 04 29 23 | 06
#0055-d274 @A: 02 25 16 20 | 01
#0056-d274 @A: 01 22 32 19 | 07
#0057-d274 @A: 09 01 31 19 | 10
#0058-d274 @A: 29 07 19 35 | 05
#0059-d274 @A: 19 26 34 21 | 02
#0060-d274 @A: 04 29 19 09 | 04
#0061-d274 @A: 16 27 22 19 | 09
#0062-d274 @A: 19 11 27 29 | 08
#0063-d274 @A: 04 09 32 01 | 03
#0064-d274 @A: 28 17 35 32 | 12
#0065-d274 @A: 28 18 10 32 | 11
#0066-d274 @A: 04 32 18 12 | 06
#0067-d274 @A: 32 10 22 15 | 01
#0068-d274 @A: 32 10 02 23 | 07
#0069-d274 @A: 07 02 22 32 | 10
#0070-d274 @A: 09 29 32 17 | 05
#0071-d274 @A: 21 22 30 32 | 02
#0072-d274 @A: 32 27 30 20 | 04
#0073-d274 @A: 35 01 33 11 | 09
#0074-d274 @A: 27 35 01 31 | 08
#0075-d274 @A: 07 35 01 10 | 03
#0076-d274 @A: 31 22 01 21 | 12
#0077-d274 @A: 18 01 20 06 | 11
#0078-d274 @A: 27 02 01 16 | 06
#0079-d274 @A: 08 20 01 05 | 01
#0080-d274 @A: 30 26 35 18 | 07
#0081-d274 @A: 07 35 26 15 | 10
#0082-d274 @A: 34 35 22 18 | 05
#0083-d274 @A: 13 04 35 18 | 02
#0084-d274 @A: 28 35 08 09 | 04
#0085-d274 @A: 35 18 30 07 | 09
#0086-d274 @A: 15 35 29 11 | 08
#0087-d274 @A: 15 27 35 20 | 03
#0088-d274 @A: 35 17 02 20 | 12
#0089-d274 @A: 07 27 21 35 | 11
#0090-d274 @A: 33 11 26 30 | 06
#0091-d274 @A: 13 12 09 26 | 01
#0092-d274 @A: 04 13 08 26 | 07
#0093-d274 @A: 07 04 26 28 | 10
#0094-d274 @A: 09 22 28 26 | 05
#0095-d274 @A: 18 05 20 26 | 02
#0096-d274 @A: 22 16 26 15 | 04
#0097-d274 @A: 08 15 26 10 | 09
#0098-d274 @A: 30 05 26 02 | 08
#0099-d274 @A: 26 20 27 09 | 03
#0100-d274 @A: 34 20 31 13 | 12
#0101-d274 @A: 31 18 15 34 | 11
#0102-d274 @A: 34 15 12 13 | 06
#0103-d274 @A: 29 16 13 34 | 01
#0104-d274 @A: 12 06 30 34 | 07
#0105-d274 @A: 27 34 08 12 | 10
#0106-d274 @A: 09 20 34 15 | 05
#0107-d274 @A: 21 15 30 34 | 02
#0108-d274 @A: 21 16 34 08 | 04
#0109-d274 @A: 34 02 07 17 | 09
#0110-d274 @A: 17 09 22 34 | 08
#0111-d274 @A: 21 10 22 34 | 03
#0112-d274 @A: 13 17 02 33 | 12
#0113-d274 @A: 06 18 33 17 | 11
#0114-d274 @A: 04 05 33 10 | 06
#0115-d274 @A: 27 05 09 33 | 01
#0116-d274 @A: 20 27 07 33 | 07
#0117-d274 @A: 33 30 07 22 | 10
#0118-d274 @A: 13 09 06 31 | 05
#0119-d274 @A: 31 17 28 04 | 02
#0120-d274 @A: 31 05 28 07 | 04
#0121-d274 @A: 10 31 18 05 | 09
#0122-d274 @A: 15 08 16 31 | 08
#0123-d274 @A: 31 15 22 05 | 03
#0124-d274 @A: 27 21 31 16 | 12
#0125-d274 @A: 08 31 21 20 | 11
#0126-d274 @A: 15 30 08 13 | 06
#0127-d274 @A: 30 13 16 11 | 01
#0128-d274 @A: 13 09 30 21 | 07
#0129-d274 @A: 06 12 28 15 | 10
#0130-d274 @A: 22 02 15 28 | 05
#0131-d274 @A: 16 28 02 17 | 02
#0132-d274 @A: 05 27 06 15 | 04
#0133-d274 @A: 16 23 08 06 | 09
#0134-d274 @A: 09 11 06 30 | 08
#0135-d274 @A: 10 20 21 06 | 03
#0136-d274 @A: 06 21 27 11 | 12
#0137-d274 @A: 22 15 18 12 | 11
#0138-d274 @A: 27 23 12 17 | 06
#0139-d274 @A: 30 12 07 08 | 01
#0140-d274 @A: 17 04 23 02 | 07
#0141-d274 @A: 09 04 08 22 | 10
#0142-d274 @A: 11 15 18 08 | 05
#0143-d274 @A: 18 29 08 27 | 02
#0144-d274 @A: 18 20 23 08 | 04
#0145-d274 @A: 07 11 23 15 | 09
#0146-d274 @A: 29 07 10 27 | 08
#0147-d274 @A: 24 03 28 09 | 03
#0148-d274 @A: 11 14 24 28 | 12
#0149-d274 @A: 15 14 24 06 | 11
#0150-d274 @A: 14 24 27 18 | 06
#0151-d274 @A: 24 07 13 19 | 01
#0152-d274 @A: 24 17 01 28 | 07
#0153-d274 @A: 24 33 26 10 | 10
#0154-d274 @A: 24 26 06 29 | 05
#0155-d274 @A: 31 24 34 21 | 02
#0156-d274 @A: 18 24 33 07 | 04
#0157-d274 @A: 33 24 30 21 | 09
#0158-d274 @A: 04 13 24 17 | 08
#0159-d274 @A: 12 23 24 08 | 03
#0160-d274 @A: 27 17 24 16 | 12
#0161-d274 @A: 09 11 20 24 | 11
#0162-d274 @A: 23 22 24 21 | 06
#0163-d274 @A: 14 21 03 34 | 01
#0164-d274 @A: 08 01 03 32 | 07
#0165-d274 @A: 16 12 32 03 | 10
#0166-d274 @A: 26 03 21 06 | 05
#0167-d274 @A: 13 03 31 15 | 02
#0168-d274 @A: 18 04 31 03 | 04
#0169-d274 @A: 30 21 03 31 | 09
#0170-d274 @A: 06 03 18 09 | 08
#0171-d274 @A: 07 03 12 20 | 03
#0172-d274 @A: 11 02 15 03 | 12
#0173-d274 @A: 03 22 15 20 | 11
#0174-d274 @A: 27 09 22 03 | 06
#0175-d274 @A: 22 03 17 05 | 01
#0176-d274 @A: 08 30 03 20 | 07
#0177-d274 @A: 19 33 14 22 | 10
#0178-d274 @A: 14 08 21 19 | 05
#0179-d274 @A: 35 14 26 23 | 02
#0180-d274 @A: 26 13 29 14 | 04
#0181-d274 @A: 28 23 31 14 | 09
#0182-d274 @A: 14 31 17 18 | 08
#0183-d274 @A: 21 15 28 14 | 03
#0184-d274 @A: 29 15 05 14 | 12
#0185-d274 @A: 14 16 08 27 | 11
#0186-d274 @A: 02 08 14 17 | 06
#0187-d274 @A: 29 07 14 08 | 01
#0188-d274 @A: 14 20 07 10 | 07
#0189-d274 @A: 32 20 33 25 | 10
#0190-d274 @A: 28 25 32 08 | 05
#0191-d274 @A: 23 31 01 25 | 02
#0192-d274 @A: 25 01 21 13 | 04
#0193-d274 @A: 25 01 07 12 | 09
#0194-d274 @A: 04 01 25 15 | 08
#0195-d274 @A: 06 26 09 25 | 03
#0196-d274 @A: 27 28 25 33 | 12
#0197-d274 @A: 25 18 12 20 | 11
#0198-d274 @A: 18 25 29 09 | 06
#0199-d274 @A: 25 16 29 05 | 01
#0200-d274 @A: 25 30 22 09 | 07
#0201-d274 @A: 32 19 06 31 | 10
#0202-d274 @A: 32 12 15 19 | 05
#0203-d274 @A: 01 19 08 35 | 02
#0204-d274 @A: 01 19 23 05 | 04
#0205-d274 @A: 34 19 33 05 | 09
#0206-d274 @A: 19 09 11 34 | 08
#0207-d274 @A: 12 19 23 33 | 03
#0208-d274 @A: 12 13 19 16 | 12
#0209-d274 @A: 13 02 10 19 | 11
#0210-d274 @A: 08 13 19 23 | 06
#0211-d274 @A: 28 17 19 10 | 01
#0212-d274 @A: 15 06 08 19 | 07
#0213-d274 @A: 09 18 27 19 | 10
#0214-d274 @A: 19 20 17 09 | 05
#0215-d274 @A: 01 10 06 32 | 02
#0216-d274 @A: 35 02 26 32 | 04
#0217-d274 @A: 33 32 35 21 | 09
#0218-d274 @A: 23 32 26 16 | 08
#0219-d274 @A: 32 34 07 16 | 03
#0220-d274 @A: 13 17 06 32 | 12
#0221-d274 @A: 11 12 32 29 | 11
#0222-d274 @A: 07 18 17 32 | 06
#0223-d274 @A: 09 05 32 30 | 01
#0224-d274 @A: 05 17 10 32 | 07
#0225-d274 @A: 13 35 17 01 | 10
#0226-d274 @A: 12 34 01 02 | 05
#0227-d274 @A: 28 02 01 06 | 02
#0228-d274 @A: 05 28 29 01 | 04
#0229-d274 @A: 12 01 18 10 | 09
#0230-d274 @A: 01 12 20 30 | 08
#0231-d274 @A: 27 01 15 30 | 03
#0232-d274 @A: 30 01 22 16 | 12
#0233-d274 @A: 01 23 29 08 | 11
#0234-d274 @A: 21 09 10 01 | 06
#0235-d274 @A: 10 35 06 26 | 01
#0236-d274 @A: 16 26 35 09 | 07
#0237-d274 @A: 29 35 31 33 | 10
#0238-d274 @A: 20 06 07 35 | 05
#0239-d274 @A: 35 04 11 21 | 02
#0240-d274 @A: 34 26 18 16 | 04
#0241-d274 @A: 26 12 15 04 | 09
#0242-d274 @A: 18 17 26 12 | 08
#0243-d274 @A: 26 11 08 02 | 03
#0244-d274 @A: 17 29 23 26 | 12
#0245-d274 @A: 26 22 11 29 | 11
#0246-d274 @A: 26 21 20 11 | 06
#0247-d274 @A: 05 34 20 23 | 01
#0248-d274 @A: 15 11 33 31 | 07
#0249-d274 @A: 33 11 13 20 | 10
#0250-d274 @A: 20 12 27 33 | 05
#0251-d274 @A: 22 15 33 17 | 02
#0252-d274 @A: 17 08 16 33 | 04
#0253-d274 @A: 17 33 07 09 | 09
#0254-d274 @A: 08 11 33 27 | 08
#0255-d274 @A: 33 23 21 20 | 03
#0256-d274 @A: 05 13 31 28 | 12
#0257-d274 @A: 31 15 29 28 | 11
#0258-d274 @A: 06 04 31 15 | 06
#0259-d274 @A: 31 02 09 16 | 01
#0260-d274 @A: 16 17 22 31 | 07
#0261-d274 @A: 11 05 09 31 | 10
#0262-d274 @A: 20 23 31 11 | 05
#0263-d274 @A: 13 27 08 10 | 02
#0264-d274 @A: 11 23 21 13 | 04
#0265-d274 @A: 13 10 22 30 | 09
#0266-d274 @A: 05 07 30 13 | 08
#0267-d274 @A: 18 28 09 12 | 03
#0268-d274 @A: 28 30 20 15 | 12
#0269-d274 @A: 28 16 30 08 | 11
#0270-d274 @A: 28 02 07 09 | 06
#0271-d274 @A: 02 28 20 05 | 01
#0272-d274 @A: 09 28 27 21 | 07
#0273-d274 @A: 28 17 30 22 | 10
#0274-d274 @A: 05 10 28 30 | 05
#0275-d274 @A: 27 22 28 10 | 02
#0276-d274 @A: 16 06 05 30 | 04
#0277-d274 @A: 22 16 07 06 | 09
#0278-d274 @A: 20 29 06 17 | 08
#0279-d274 @A: 09 06 23 27 | 03
#0280-d274 @A: 17 10 12 15 | 12
#0281-d274 @A: 08 10 05 12 | 11
#0282-d274 @A: 23 22 30 12 | 06
#0283-d274 @A: 02 29 18 04 | 01
#0284-d274 @A: 22 04 18 17 | 07
#0285-d274 @A: 29 15 08 04 | 10
#0286-d274 @A: 22 05 11 04 | 05
#0287-d274 @A: 15 27 18 23 | 02
#0288-d274 @A: 02 18 10 21 | 04
#0289-d274 @A: 22 18 23 11 | 09
#0290-d274 @A: 20 29 07 21 | 08
#0291-d274 @A: 03 24 16 07 | 03
#0292-d274 @A: 24 12 14 17 | 12
#0293-d274 @A: 06 25 24 21 | 11
#0294-d274 @A: 24 25 17 18 | 06
#0295-d274 @A: 19 24 21 17 | 01
#0296-d274 @A: 17 32 33 24 | 07
#0297-d274 @A: 26 24 18 04 | 10
#0298-d274 @A: 33 02 27 24 | 05
#0299-d274 @A: 13 06 20 24 | 02
#0300-d274 @A: 05 04 28 24 | 04
#0301-d274 @A: 06 09 24 04 | 09
#0302-d274 @A: 17 06 24 11 | 08
#0303-d274 @A: 24 02 15 29 | 03
#0304-d274 @A: 15 27 09 24 | 12
#0305-d274 @A: 24 05 15 10 | 11
#0306-d274 @A: 05 17 24 20 | 06
#0307-d274 @A: 10 24 08 20 | 01
#0308-d274 @A: 10 11 24 30 | 07
#0309-d274 @A: 32 14 03 20 | 10
#0310-d274 @A: 01 27 03 14 | 05
#0311-d274 @A: 04 14 03 10 | 02
#0312-d274 @A: 12 03 33 01 | 04
#0313-d274 @A: 35 31 03 20 | 09
#0314-d274 @A: 30 35 03 13 | 08
#0315-d274 @A: 26 18 15 03 | 03
#0316-d274 @A: 13 03 34 05 | 12
#0317-d274 @A: 30 34 03 18 | 11
#0318-d274 @A: 33 04 08 03 | 06
#0319-d274 @A: 27 03 31 23 | 01
#0320-d274 @A: 03 23 20 13 | 07
#0321-d274 @A: 28 06 03 27 | 10
#0322-d274 @A: 29 21 03 12 | 05
#0323-d274 @A: 16 03 29 02 | 02
#0324-d274 @A: 10 03 22 16 | 04
#0325-d274 @A: 20 27 11 03 | 09
#0326-d274 @A: 28 19 25 14 | 08
#0327-d274 @A: 14 11 25 32 | 03
#0328-d274 @A: 26 05 14 25 | 12
#0329-d274 @A: 34 14 25 07 | 11
#0330-d274 @A: 13 14 27 25 | 06
#0331-d274 @A: 32 16 28 14 | 01
#0332-d274 @A: 10 14 32 09 | 07
#0333-d274 @A: 09 18 01 14 | 10
#0334-d274 @A: 16 10 35 14 | 05
#0335-d274 @A: 06 20 14 26 | 02
#0336-d274 @A: 26 04 14 09 | 04
#0337-d274 @A: 34 27 14 05 | 09
#0338-d274 @A: 14 13 23 06 | 08
#0339-d274 @A: 04 22 28 14 | 03
#0340-d274 @A: 14 07 12 27 | 12
#0341-d274 @A: 21 22 14 07 | 11
#0342-d274 @A: 02 19 01 25 | 06
#0343-d274 @A: 19 25 15 33 | 01
#0344-d274 @A: 25 19 07 06 | 07
#0345-d274 @A: 01 25 32 29 | 10
#0346-d274 @A: 25 26 22 32 | 05
#0347-d274 @A: 01 25 12 16 | 02
#0348-d274 @A: 25 28 35 30 | 04
#0349-d274 @A: 35 20 25 08 | 09
#0350-d274 @A: 16 25 04 33 | 08
#0351-d274 @A: 25 11 18 33 | 03
#0352-d274 @A: 28 21 22 25 | 12
#0353-d274 @A: 18 25 02 07 | 11
#0354-d274 @A: 25 02 08 10 | 06
#0355-d274 @A: 25 20 09 05 | 01
#0356-d274 @A: 31 19 32 07 | 07
#0357-d274 @A: 19 04 16 32 | 10
#0358-d274 @A: 19 30 32 18 | 05
#0359-d274 @A: 01 13 29 19 | 02
#0360-d274 @A: 20 19 13 26 | 04
#0361-d274 @A: 19 12 05 26 | 09
#0362-d274 @A: 04 19 10 06 | 08
#0363-d274 @A: 19 21 18 12 | 03
#0364-d274 @A: 15 12 19 07 | 12
#0365-d274 @A: 05 19 15 21 | 11
#0366-d274 @A: 20 19 15 11 | 06
#0367-d274 @A: 22 19 21 29 | 01
#0368-d274 @A: 10 09 08 19 | 07
#0369-d274 @A: 05 32 28 26 | 10
#0370-d274 @A: 32 34 15 29 | 05
#0371-d274 @A: 30 06 33 32 | 02
#0372-d274 @A: 20 28 06 32 | 04
#0373-d274 @A: 18 06 11 32 | 09
#0374-d274 @A: 32 16 15 17 | 08
#0375-d274 @A: 32 21 16 29 | 03
#0376-d274 @A: 29 22 32 02 | 12
#0377-d274 @A: 32 05 08 29 | 11
#0378-d274 @A: 21 32 05 11 | 06
#0379-d274 @A: 26 12 22 01 | 01
#0380-d274 @A: 01 33 16 28 | 07
#0381-d274 @A: 09 01 07 33 | 10
#0382-d274 @A: 31 06 01 17 | 05
#0383-d274 @A: 05 01 15 16 | 02
#0384-d274 @A: 11 16 01 21 | 04
#0385-d274 @A: 10 34 35 30 | 09
#0386-d274 @A: 05 35 34 07 | 08
#0387-d274 @A: 35 15 12 33 | 03
#0388-d274 @A: 33 30 35 04 | 12
#0389-d274 @A: 28 07 35 30 | 11
#0390-d274 @A: 15 35 06 18 | 06
#0391-d274 @A: 21 16 15 35 | 01
#0392-d274 @A: 09 35 22 20 | 07
#0393-d274 @A: 27 35 09 30 | 10
#0394-d274 @A: 05 33 31 26 | 05
#0395-d274 @A: 02 26 20 29 | 02
#0396-d274 @A: 26 30 17 27 | 04
#0397-d274 @A: 34 10 33 13 | 09
#0398-d274 @A: 18 33 20 34 | 08
#0399-d274 @A: 33 30 34 16 | 03
#0400-d274 @A: 31 06 34 29 | 12
#0401-d274 @A: 10 34 20 28 | 11
#0402-d274 @A: 29 34 11 23 | 06
#0403-d274 @A: 33 12 16 21 | 01
#0404-d274 @A: 17 23 05 33 | 07
#0405-d274 @A: 13 12 17 31 | 10
#0406-d274 @A: 12 06 20 31 | 05
#0407-d274 @A: 08 31 06 27 | 02
#0408-d274 @A: 31 30 09 12 | 04
#0409-d274 @A: 27 31 12 11 | 09
#0410-d274 @A: 20 31 30 02 | 08
#0411-d274 @A: 02 28 12 13 | 03
#0412-d274 @A: 13 27 30 18 | 12
#0413-d274 @A: 13 15 29 22 | 11
#0414-d274 @A: 13 20 09 02 | 06
#0415-d274 @A: 02 13 07 20 | 01
#0416-d274 @A: 02 23 30 13 | 07
#0417-d274 @A: 27 17 22 13 | 10
#0418-d274 @A: 28 04 30 27 | 05
#0419-d274 @A: 07 16 28 17 | 02
#0420-d274 @A: 28 20 16 21 | 04
#0421-d274 @A: 28 29 11 02 | 09
#0422-d274 @A: 23 07 28 20 | 08
#0423-d274 @A: 11 28 05 27 | 03
#0424-d274 @A: 17 10 02 06 | 12
#0425-d274 @A: 10 06 23 05 | 11
#0426-d274 @A: 02 30 12 15 | 06
#0427-d274 @A: 21 12 23 15 | 01
#0428-d274 @A: 08 22 12 16 | 07
#0429-d274 @A: 27 05 12 02 | 10
#0430-d274 @A: 17 11 12 09 | 05
#0431-d274 @A: 17 20 08 12 | 02
#0432-d274 @A: 30 12 17 21 | 04
#0433-d274 @A: 11 10 12 07 | 09
#0434-d274 @A: 15 10 21 04 | 08
#0435-d274 @A: 04 05 15 23 | 03
#0436-d274 @A: 29 22 04 30 | 12
#0437-d274 @A: 09 23 04 20 | 11
#0438-d274 @A: 08 04 20 27 | 06
#0439-d274 @A: 11 16 18 20 | 01
#0440-d274 @A: 18 09 17 30 | 07
#0441-d274 @A: 30 07 11 20 | 10
#0442-d274 @A: 32 03 24 26 | 05
#0443-d274 @A: 02 10 24 03 | 02
#0444-d274 @A: 33 25 05 24 | 04
#0445-d274 @A: 24 32 06 23 | 09
#0446-d274 @A: 26 01 08 24 | 08
#0447-d274 @A: 24 09 23 01 | 03
#0448-d274 @A: 18 35 29 24 | 12
#0449-d274 @A: 11 24 26 27 | 11
#0450-d274 @A: 02 24 13 34 | 06
#0451-d274 @A: 34 28 24 23 | 01
#0452-d274 @A: 09 18 33 24 | 07
#0453-d274 @A: 24 21 04 12 | 10
#0454-d274 @A: 29 24 16 23 | 05
#0455-d274 @A: 24 02 07 27 | 02
#0456-d274 @A: 14 03 35 29 | 04
#0457-d274 @A: 13 03 09 14 | 09
#0458-d274 @A: 08 06 14 03 | 08
#0459-d274 @A: 03 12 25 35 | 03
#0460-d274 @A: 03 25 29 26 | 12
#0461-d274 @A: 19 06 03 11 | 11
#0462-d274 @A: 28 35 03 11 | 06
#0463-d274 @A: 03 04 05 26 | 01
#0464-d274 @A: 03 29 33 20 | 07
#0465-d274 @A: 03 28 08 31 | 10
#0466-d274 @A: 18 03 28 29 | 05
#0467-d274 @A: 10 03 08 17 | 02
#0468-d274 @A: 20 25 14 31 | 04
#0469-d274 @A: 05 31 14 19 | 09
#0470-d274 @A: 32 35 14 07 | 08
#0471-d274 @A: 32 33 14 05 | 03
#0472-d274 @A: 12 14 32 08 | 12
#0473-d274 @A: 08 28 01 14 | 11
#0474-d274 @A: 01 22 23 14 | 06
#0475-d274 @A: 35 12 31 14 | 01
#0476-d274 @A: 14 29 33 34 | 07
#0477-d274 @A: 14 30 34 31 | 10
#0478-d274 @A: 28 14 02 34 | 05
#0479-d274 @A: 28 14 33 10 | 02
#0480-d274 @A: 30 14 31 07 | 04
#0481-d274 @A: 28 14 30 13 | 09
#0482-d274 @A: 07 09 14 13 | 08
#0483-d274 @A: 14 29 04 06 | 03
#0484-d274 @A: 34 35 25 19 | 12
#0485-d274 @A: 32 25 04 21 | 11
#0486-d274 @A: 30 15 25 32 | 06
#0487-d274 @A: 33 22 25 01 | 01
#0488-d274 @A: 35 16 25 22 | 07
#0489-d274 @A: 25 28 20 26 | 10
#0490-d274 @A: 06 25 18 16 | 05
#0491-d274 @A: 25 02 15 05 | 02
#0492-d274 @A: 25 22 15 27 | 04
#0493-d274 @A: 13 06 19 35 | 09
#0494-d274 @A: 02 19 35 05 | 08
#0495-d274 @A: 31 15 26 19 | 03
#0496-d274 @A: 19 26 06 30 | 12
#0497-d274 @A: 33 19 20 31 | 11
#0498-d274 @A: 19 33 11 28 | 06
#0499-d274 @A: 19 05 04 13 | 01
#0500-d274 @A: 22 15 09 19 | 07
#0501-d274 @A: 11 16 10 19 | 10
#0502-d274 @A: 19 22 02 08 | 05
#0503-d274 @A: 30 21 19 27 | 02
#0504-d274 @A: 27 07 19 11 | 04
#0505-d274 @A: 32 23 18 01 | 09
#0506-d274 @A: 32 13 35 08 | 08
#0507-d274 @A: 16 18 32 13 | 03
#0508-d274 @A: 21 06 32 12 | 12
#0509-d274 @A: 15 06 09 32 | 11
#0510-d274 @A: 26 15 01 06 | 06
#0511-d274 @A: 23 27 26 01 | 01
#0512-d274 @A: 28 20 01 31 | 07
#0513-d274 @A: 28 18 01 22 | 10
#0514-d274 @A: 06 01 11 04 | 05
#0515-d274 @A: 12 04 01 17 | 02
#0516-d274 @A: 10 20 15 01 | 04
#0517-d274 @A: 15 01 11 23 | 09
#0518-d274 @A: 29 02 10 01 | 08
#0519-d274 @A: 22 09 02 01 | 03
#0520-d274 @A: 21 30 01 05 | 12
#0521-d274 @A: 07 01 30 27 | 11
#0522-d274 @A: 26 21 35 31 | 06
#0523-d274 @A: 35 22 04 26 | 01
#0524-d274 @A: 09 34 12 35 | 07
#0525-d274 @A: 13 21 27 35 | 10
#0526-d274 @A: 06 12 35 11 | 05
#0527-d274 @A: 23 21 35 18 | 02
#0528-d274 @A: 23 35 16 02 | 04
#0529-d274 @A: 17 29 35 16 | 09
#0530-d274 @A: 29 05 35 10 | 08
#0531-d274 @A: 07 22 35 17 | 03
#0532-d274 @A: 10 35 08 21 | 12
#0533-d274 @A: 20 05 35 21 | 11
#0534-d274 @A: 27 26 33 29 | 06
#0535-d274 @A: 07 26 05 33 | 01
#0536-d274 @A: 29 08 26 31 | 07
#0537-d274 @A: 26 06 05 13 | 10
#0538-d274 @A: 13 26 22 23 | 05
#0539-d274 @A: 30 26 12 28 | 02
#0540-d274 @A: 26 21 30 16 | 04
#0541-d274 @A: 26 09 17 10 | 09
#0542-d274 @A: 23 26 09 08 | 08
#0543-d274 @A: 20 26 07 22 | 03
#0544-d274 @A: 23 33 34 04 | 12
#0545-d274 @A: 34 08 04 28 | 11
#0546-d274 @A: 34 18 17 28 | 06
#0547-d274 @A: 15 06 10 34 | 01
#0548-d274 @A: 22 34 08 06 | 07
#0549-d274 @A: 22 15 34 11 | 10
#0550-d274 @A: 17 02 27 34 | 05
#0551-d274 @A: 23 34 22 02 | 02
#0552-d274 @A: 21 34 23 27 | 04
#0553-d274 @A: 22 11 33 21 | 09
#0554-d274 @A: 04 31 13 29 | 08
#0555-d274 @A: 20 29 09 31 | 03
#0556-d274 @A: 27 10 31 09 | 12
#0557-d274 @A: 31 22 30 11 | 11
#0558-d274 @A: 13 28 10 04 | 06
#0559-d274 @A: 09 22 13 16 | 01
#0560-d274 @A: 30 05 29 13 | 07
#0561-d274 @A: 22 13 07 23 | 10
#0562-d274 @A: 05 28 23 16 | 05
#0563-d274 @A: 10 09 28 02 | 02
#0564-d274 @A: 08 28 17 11 | 04
#0565-d274 @A: 28 27 17 07 | 09
#0566-d274 @A: 22 23 28 20 | 08
#0567-d274 @A: 27 06 15 07 | 03
#0568-d274 @A: 06 29 02 09 | 12
#0569-d274 @A: 04 18 15 20 | 11
#0570-d274 @A: 04 02 15 09 | 06
#0571-d274 @A: 29 20 04 11 | 01
#0572-d274 @A: 05 21 04 09 | 07
#0573-d274 @A: 07 27 04 23 | 10
#0574-d274 @A: 15 07 18 10 | 05
#0575-d274 @A: 30 18 22 08 | 02
#0576-d274 @A: 05 18 11 30 | 04
#0577-d274 @A: 08 07 09 21 | 09
#0578-d274 @A: 19 30 24 03 | 08
#0579-d274 @A: 03 31 33 24 | 03
#0580-d274 @A: 09 24 32 25 | 12
#0581-d274 @A: 25 20 07 24 | 11
#0582-d274 @A: 24 32 19 08 | 06
#0583-d274 @A: 35 24 19 23 | 01
#0584-d274 @A: 27 19 24 34 | 07
#0585-d274 @A: 12 24 09 19 | 10
#0586-d274 @A: 05 01 31 24 | 05
#0587-d274 @A: 13 22 01 24 | 02
#0588-d274 @A: 34 26 24 17 | 04
#0589-d274 @A: 24 29 05 34 | 09
#0590-d274 @A: 31 06 24 30 | 08
#0591-d274 @A: 22 28 06 24 | 03
#0592-d274 @A: 24 28 21 18 | 12
#0593-d274 @A: 24 22 04 15 | 11
#0594-d274 @A: 03 14 05 12 | 06
#0595-d274 @A: 34 25 03 16 | 01
#0596-d274 @A: 17 11 03 25 | 07
#0597-d274 @A: 03 21 25 20 | 10
#0598-d274 @A: 08 03 19 34 | 05
#0599-d274 @A: 32 04 30 03 | 02
#0600-d274 @A: 27 29 03 32 | 04
#0601-d274 @A: 03 32 09 21 | 09
#0602-d274 @A: 01 03 09 20 | 08
#0603-d274 @A: 02 04 03 35 | 03
#0604-d274 @A: 35 03 18 17 | 12
#0605-d274 @A: 07 03 34 30 | 11
#0606-d274 @A: 13 03 33 21 | 06
#0607-d274 @A: 02 33 07 03 | 01
#0608-d274 @A: 31 06 03 10 | 07
#0609-d274 @A: 10 03 18 13 | 10
#0610-d274 @A: 06 23 07 03 | 05
#0611-d274 @A: 03 30 29 10 | 02
#0612-d274 @A: 05 03 21 27 | 04
#0613-d274 @A: 02 14 25 29 | 09
#0614-d274 @A: 14 02 32 01 | 08
#0615-d274 @A: 14 04 23 32 | 03
#0616-d274 @A: 01 26 14 16 | 12
#0617-d274 @A: 14 01 16 07 | 11
#0618-d274 @A: 35 06 14 28 | 06
#0619-d274 @A: 33 15 26 14 | 01
#0620-d274 @A: 14 22 26 18 | 07
#0621-d274 @A: 14 16 33 09 | 10
#0622-d274 @A: 20 22 14 13 | 05
#0623-d274 @A: 14 07 18 28 | 02
#0624-d274 @A: 12 23 20 14 | 04
#0625-d274 @A: 02 14 11 18 | 09
#0626-d274 @A: 16 14 15 11 | 08
#0627-d274 @A: 05 14 02 16 | 03
#0628-d274 @A: 14 16 29 20 | 12
#0629-d274 @A: 14 11 30 29 | 11
#0630-d274 @A: 08 14 20 11 | 06
#0631-d274 @A: 13 19 25 09 | 01
#0632-d274 @A: 01 27 18 25 | 07
#0633-d274 @A: 23 25 06 35 | 10
#0634-d274 @A: 08 33 34 25 | 05
#0635-d274 @A: 33 25 31 21 | 02
#0636-d274 @A: 25 33 30 17 | 04
#0637-d274 @A: 29 31 25 07 | 09
#0638-d274 @A: 23 12 13 25 | 08
#0639-d274 @A: 11 07 25 28 | 03
#0640-d274 @A: 09 10 15 25 | 12
#0641-d274 @A: 30 25 10 16 | 11
#0642-d274 @A: 08 07 05 25 | 06
#0643-d274 @A: 01 19 26 28 | 01
#0644-d274 @A: 04 30 01 19 | 07
#0645-d274 @A: 35 19 26 29 | 10
#0646-d274 @A: 28 19 12 31 | 05
#0647-d274 @A: 06 22 18 19 | 02
#0648-d274 @A: 19 04 21 07 | 04
#0649-d274 @A: 15 16 30 19 | 09
#0650-d274 @A: 19 16 05 09 | 08
#0651-d274 @A: 16 21 19 07 | 03
#0652-d274 @A: 11 08 05 19 | 12
#0653-d274 @A: 19 05 07 20 | 11
#0654-d274 @A: 31 10 35 32 | 06
#0655-d274 @A: 32 33 13 27 | 01
#0656-d274 @A: 32 02 31 27 | 07
#0657-d274 @A: 12 32 27 28 | 10
#0658-d274 @A: 07 32 06 21 | 05
#0659-d274 @A: 20 32 07 15 | 02
#0660-d274 @A: 32 02 20 21 | 04
#0661-d274 @A: 11 20 32 10 | 09
#0662-d274 @A: 20 35 04 01 | 08
#0663-d274 @A: 01 07 34 13 | 03
#0664-d274 @A: 34 06 01 09 | 12
#0665-d274 @A: 01 08 33 10 | 11
#0666-d274 @A: 16 06 13 01 | 06
#0667-d274 @A: 20 02 11 01 | 01
#0668-d274 @A: 08 11 01 09 | 07
#0669-d274 @A: 01 11 17 30 | 10
#0670-d274 @A: 01 11 10 27 | 05
#0671-d274 @A: 17 31 35 34 | 02
#0672-d274 @A: 16 18 33 35 | 04
#0673-d274 @A: 31 28 35 02 | 09
#0674-d274 @A: 06 31 35 05 | 08
#0675-d274 @A: 27 10 35 17 | 03
#0676-d274 @A: 35 05 30 08 | 12
#0677-d274 @A: 08 07 35 23 | 11
#0678-d274 @A: 20 10 35 23 | 06
#0679-d274 @A: 34 26 02 06 | 01
#0680-d274 @A: 22 34 27 26 | 07
#0681-d274 @A: 26 31 09 18 | 10
#0682-d274 @A: 23 26 06 12 | 05
#0683-d274 @A: 15 26 05 17 | 02
#0684-d274 @A: 22 26 17 08 | 04
#0685-d274 @A: 10 26 21 23 | 09
#0686-d274 @A: 34 09 31 28 | 08
#0687-d274 @A: 31 34 16 12 | 03
#0688-d274 @A: 34 04 27 31 | 12
#0689-d274 @A: 34 16 06 17 | 11
#0690-d274 @A: 18 34 21 11 | 06
#0691-d274 @A: 31 33 04 02 | 01
#0692-d274 @A: 09 17 31 33 | 07
#0693-d274 @A: 07 33 21 28 | 10
#0694-d274 @A: 18 30 12 33 | 05
#0695-d274 @A: 15 33 08 20 | 02
#0696-d274 @A: 22 33 29 16 | 04
#0697-d274 @A: 29 33 02 08 | 09
#0698-d274 @A: 02 33 22 20 | 08
#0699-d274 @A: 13 31 11 08 | 03
#0700-d274 @A: 31 04 20 05 | 12
#0701-d274 @A: 21 11 17 31 | 11
#0702-d274 @A: 18 13 28 20 | 06
#0703-d274 @A: 11 12 18 13 | 01
#0704-d274 @A: 04 27 13 09 | 07
#0705-d274 @A: 15 13 16 27 | 10
#0706-d274 @A: 13 10 21 17 | 05
#0707-d274 @A: 20 17 30 13 | 02
#0708-d274 @A: 04 12 16 28 | 04
#0709-d274 @A: 30 11 21 28 | 09
#0710-d274 @A: 23 21 06 04 | 08
#0711-d274 @A: 21 06 05 02 | 03
#0712-d274 @A: 30 21 06 29 | 12
#0713-d274 @A: 06 21 17 08 | 11
#0714-d274 @A: 12 16 15 20 | 06
#0715-d274 @A: 08 12 09 15 | 01
#0716-d274 @A: 10 02 12 16 | 07
#0717-d274 @A: 17 12 05 16 | 10
#0718-d274 @A: 12 23 16 11 | 05
#0719-d274 @A: 23 29 07 12 | 02
#0720-d274 @A: 27 02 22 04 | 04
#0721-d274 @A: 23 08 04 11 | 09
#0722-d274 @A: 18 22 16 02 | 08
#0723-d274 @A: 18 27 10 16 | 03
#0724-d274 @A: 15 21 07 02 | 12
#0725-d274 @A: 25 16 14 24 | 11
#0726-d274 @A: 14 08 24 04 | 06
#0727-d274 @A: 24 21 14 05 | 01
#0728-d274 @A: 19 24 25 10 | 07
#0729-d274 @A: 24 20 01 25 | 10
#0730-d274 @A: 18 19 05 24 | 05
#0731-d274 @A: 35 13 24 09 | 02
#0732-d274 @A: 06 27 35 24 | 04
#0733-d274 @A: 24 35 17 30 | 09
#0734-d274 @A: 18 24 08 34 | 08
#0735-d274 @A: 12 22 24 33 | 03
#0736-d274 @A: 17 24 31 23 | 12
#0737-d274 @A: 24 28 13 08 | 11
#0738-d274 @A: 21 11 24 15 | 06
#0739-d274 @A: 09 30 24 16 | 01
#0740-d274 @A: 22 24 16 20 | 07
#0741-d274 @A: 33 30 14 03 | 10
#0742-d274 @A: 25 32 03 13 | 05
#0743-d274 @A: 09 03 25 31 | 02
#0744-d274 @A: 32 06 34 03 | 04
#0745-d274 @A: 22 03 01 11 | 09
#0746-d274 @A: 01 07 03 05 | 08
#0747-d274 @A: 26 08 03 35 | 03
#0748-d274 @A: 23 03 26 28 | 12
#0749-d274 @A: 30 03 11 12 | 11
#0750-d274 @A: 29 03 23 15 | 06
#0751-d274 @A: 10 03 15 27 | 01
#0752-d274 @A: 16 20 03 17 | 07
#0753-d274 @A: 03 30 02 17 | 10
#0754-d274 @A: 03 09 07 10 | 05
#0755-d274 @A: 13 19 14 34 | 02
#0756-d274 @A: 14 19 12 30 | 04
#0757-d274 @A: 08 26 14 34 | 09
#0758-d274 @A: 04 16 14 13 | 08
#0759-d274 @A: 14 06 18 30 | 03
#0760-d274 @A: 17 14 27 06 | 12
#0761-d274 @A: 14 29 22 17 | 11
#0762-d274 @A: 20 17 21 14 | 06
#0763-d274 @A: 10 14 20 27 | 01
#0764-d274 @A: 10 11 05 14 | 07
#0765-d274 @A: 25 19 11 26 | 10
#0766-d274 @A: 18 10 35 25 | 05
#0767-d274 @A: 15 35 17 25 | 02
#0768-d274 @A: 26 33 25 13 | 04
#0769-d274 @A: 25 31 05 34 | 09
#0770-d274 @A: 17 16 25 13 | 08
#0771-d274 @A: 28 25 16 11 | 03
#0772-d274 @A: 25 30 21 23 | 12
#0773-d274 @A: 32 26 09 19 | 11
#0774-d274 @A: 27 33 19 01 | 06
#0775-d274 @A: 35 12 19 17 | 01
#0776-d274 @A: 04 26 23 19 | 07
#0777-d274 @A: 07 19 28 34 | 10
#0778-d274 @A: 17 19 13 18 | 05
#0779-d274 @A: 06 19 20 16 | 02
#0780-d274 @A: 07 19 17 23 | 04
#0781-d274 @A: 35 32 16 01 | 09
#0782-d274 @A: 30 01 34 32 | 08
#0783-d274 @A: 01 32 28 11 | 03
#0784-d274 @A: 12 26 33 32 | 12
#0785-d274 @A: 06 32 08 26 | 11
#0786-d274 @A: 08 34 31 32 | 06
#0787-d274 @A: 33 32 15 23 | 01
#0788-d274 @A: 05 31 32 12 | 07
#0789-d274 @A: 13 32 29 10 | 10
#0790-d274 @A: 04 06 32 05 | 05
#0791-d274 @A: 15 05 32 20 | 02
#0792-d274 @A: 35 01 23 34 | 04
#0793-d274 @A: 12 35 01 21 | 09
#0794-d274 @A: 26 01 33 20 | 08
#0795-d274 @A: 10 13 01 26 | 03
#0796-d274 @A: 26 01 11 18 | 12
#0797-d274 @A: 01 08 34 13 | 11
#0798-d274 @A: 29 34 18 01 | 06
#0799-d274 @A: 01 13 33 09 | 01
#0800-d274 @A: 05 06 01 33 | 07
#0801-d274 @A: 13 18 05 01 | 10
#0802-d274 @A: 27 06 22 01 | 05
#0803-d274 @A: 07 11 01 04 | 02
#0804-d274 @A: 07 20 02 01 | 04
#0805-d274 @A: 21 07 23 01 | 09
#0806-d274 @A: 34 13 28 35 | 08
#0807-d274 @A: 34 04 16 35 | 03
#0808-d274 @A: 07 35 13 04 | 12
#0809-d274 @A: 08 04 06 35 | 11
#0810-d274 @A: 06 09 17 35 | 06
#0811-d274 @A: 35 30 29 23 | 01
#0812-d274 @A: 05 17 11 35 | 07
#0813-d274 @A: 11 35 23 27 | 10
#0814-d274 @A: 29 04 34 26 | 05
#0815-d274 @A: 34 26 07 10 | 02
#0816-d274 @A: 16 26 28 31 | 04
#0817-d274 @A: 26 31 11 06 | 09
#0818-d274 @A: 26 17 07 13 | 08
#0819-d274 @A: 26 15 09 11 | 03
#0820-d274 @A: 16 02 07 26 | 12
#0821-d274 @A: 29 05 26 09 | 11
#0822-d274 @A: 07 09 29 26 | 06
#0823-d274 @A: 27 05 08 26 | 01
#0824-d274 @A: 23 20 26 30 | 07
#0825-d274 @A: 18 23 34 07 | 10
#0826-d274 @A: 09 34 16 10 | 05
#0827-d274 @A: 27 20 16 34 | 02
#0828-d274 @A: 10 17 29 34 | 04
#0829-d274 @A: 07 27 34 11 | 09
#0830-d274 @A: 23 06 33 31 | 08
#0831-d274 @A: 29 18 13 33 | 03
#0832-d274 @A: 07 33 13 08 | 12
#0833-d274 @A: 08 28 33 12 | 11
#0834-d274 @A: 04 09 33 28 | 06
#0835-d274 @A: 33 06 16 02 | 01
#0836-d274 @A: 12 04 33 11 | 07
#0837-d274 @A: 05 33 16 20 | 10
#0838-d274 @A: 33 21 29 05 | 05
#0839-d274 @A: 23 22 33 09 | 02
#0840-d274 @A: 33 21 10 27 | 04
#0841-d274 @A: 33 27 30 22 | 09
#0842-d274 @A: 28 21 31 06 | 08
#0843-d274 @A: 31 17 20 15 | 03
#0844-d274 @A: 31 02 05 29 | 12
#0845-d274 @A: 07 28 13 10 | 11
#0846-d274 @A: 06 13 07 16 | 06
#0847-d274 @A: 18 13 12 07 | 01
#0848-d274 @A: 16 02 13 08 | 07
#0849-d274 @A: 29 21 13 02 | 10
#0850-d274 @A: 13 02 11 27 | 05
#0851-d274 @A: 18 04 28 06 | 02
#0852-d274 @A: 28 11 10 15 | 04
#0853-d274 @A: 16 28 27 29 | 09
#0854-d274 @A: 28 29 22 08 | 08
#0855-d274 @A: 12 02 06 04 | 03
#0856-d274 @A: 11 06 20 05 | 12
#0857-d274 @A: 15 27 12 29 | 11
#0858-d274 @A: 27 16 09 12 | 06
#0859-d274 @A: 20 10 29 12 | 01
#0860-d274 @A: 07 09 12 22 | 07
#0861-d274 @A: 04 08 18 10 | 10
#0862-d274 @A: 18 30 23 04 | 05
#0863-d274 @A: 04 15 27 17 | 02
#0864-d274 @A: 04 17 10 11 | 04
#0865-d274 @A: 29 18 17 05 | 09
#0866-d274 @A: 07 10 02 29 | 08
#0867-d274 @A: 24 29 17 03 | 03
#0868-d274 @A: 15 28 25 24 | 12
#0869-d274 @A: 24 12 25 27 | 11
#0870-d274 @A: 01 19 06 24 | 06
#0871-d274 @A: 31 19 11 24 | 01
#0872-d274 @A: 19 15 24 13 | 07
#0873-d274 @A: 24 32 05 02 | 10
#0874-d274 @A: 08 33 35 24 | 05
#0875-d274 @A: 35 22 31 24 | 02
#0876-d274 @A: 20 24 26 15 | 04
#0877-d274 @A: 24 04 30 34 | 09
#0878-d274 @A: 31 10 13 24 | 08
#0879-d274 @A: 28 10 12 24 | 03
#0880-d274 @A: 02 24 06 08 | 12
#0881-d274 @A: 24 09 22 05 | 11
#0882-d274 @A: 16 14 03 19 | 06
#0883-d274 @A: 33 02 03 25 | 01
#0884-d274 @A: 22 18 25 03 | 07
#0885-d274 @A: 19 15 03 35 | 10
#0886-d274 @A: 32 18 02 03 | 05
#0887-d274 @A: 34 01 03 15 | 02
#0888-d274 @A: 13 01 03 02 | 04
#0889-d274 @A: 26 20 12 03 | 09
#0890-d274 @A: 03 17 04 34 | 08
#0891-d274 @A: 28 13 16 03 | 03
#0892-d274 @A: 29 03 13 06 | 12
#0893-d274 @A: 08 12 03 13 | 11
#0894-d274 @A: 13 03 07 21 | 06
#0895-d274 @A: 17 03 21 15 | 01
#0896-d274 @A: 29 03 11 05 | 07
#0897-d274 @A: 03 17 09 23 | 10
#0898-d274 @A: 05 10 20 03 | 05
#0899-d274 @A: 35 09 14 19 | 02
#0900-d274 @A: 14 18 29 19 | 04
#0901-d274 @A: 06 14 01 21 | 09
#0902-d274 @A: 34 12 22 14 | 08
#0903-d274 @A: 33 14 11 06 | 03
#0904-d274 @A: 21 04 14 31 | 12
#0905-d274 @A: 31 15 27 14 | 11
#0906-d274 @A: 04 18 14 07 | 06
#0907-d274 @A: 14 23 02 21 | 01
#0908-d274 @A: 05 14 30 20 | 07
#0909-d274 @A: 22 25 12 19 | 10
#0910-d274 @A: 16 21 25 19 | 05
#0911-d274 @A: 18 32 25 05 | 02
#0912-d274 @A: 29 25 35 13 | 04
#0913-d274 @A: 31 17 26 25 | 09
#0914-d274 @A: 02 25 13 31 | 08
#0915-d274 @A: 25 08 04 31 | 03
#0916-d274 @A: 13 22 04 25 | 12
#0917-d274 @A: 02 04 28 25 | 11
#0918-d274 @A: 11 12 08 25 | 06
#0919-d274 @A: 15 08 21 25 | 01
#0920-d274 @A: 25 16 29 07 | 07
#0921-d274 @A: 02 17 25 22 | 10
#0922-d274 @A: 22 25 05 23 | 05
#0923-d274 @A: 19 01 20 21 | 02
#0924-d274 @A: 19 30 35 22 | 04
#0925-d274 @A: 26 19 18 10 | 09
#0926-d274 @A: 30 19 33 13 | 08
#0927-d274 @A: 19 33 18 02 | 03
#0928-d274 @A: 19 08 30 31 | 12
#0929-d274 @A: 19 05 28 22 | 11
#0930-d274 @A: 29 19 05 20 | 06
#0931-d274 @A: 27 17 19 08 | 01
#0932-d274 @A: 22 11 19 17 | 07
#0933-d274 @A: 19 10 30 20 | 10
#0934-d274 @A: 19 10 22 23 | 05
#0935-d274 @A: 07 01 32 26 | 02
#0936-d274 @A: 32 05 27 01 | 04
#0937-d274 @A: 32 34 11 26 | 09
#0938-d274 @A: 22 32 13 34 | 08
#0939-d274 @A: 32 21 28 34 | 03
#0940-d274 @A: 33 32 04 22 | 12
#0941-d274 @A: 32 33 18 08 | 11
#0942-d274 @A: 22 28 31 32 | 06
#0943-d274 @A: 31 32 30 29 | 01
#0944-d274 @A: 32 04 02 13 | 07
#0945-d274 @A: 22 17 32 12 | 10
#0946-d274 @A: 10 28 35 01 | 05
#0947-d274 @A: 04 01 33 18 | 02
#0948-d274 @A: 23 02 33 01 | 04
#0949-d274 @A: 31 16 18 01 | 09
#0950-d274 @A: 23 01 28 12 | 08
#0951-d274 @A: 21 01 28 04 | 03
#0952-d274 @A: 09 16 29 01 | 12
#0953-d274 @A: 01 29 27 20 | 11
#0954-d274 @A: 28 15 35 26 | 06
#0955-d274 @A: 34 06 21 35 | 01
#0956-d274 @A: 15 31 30 35 | 07
#0957-d274 @A: 12 28 35 22 | 10
#0958-d274 @A: 35 23 28 04 | 05
#0959-d274 @A: 27 18 28 35 | 02
#0960-d274 @A: 17 23 35 08 | 04
#0961-d274 @A: 26 30 13 34 | 09
#0962-d274 @A: 06 22 26 33 | 08
#0963-d274 @A: 21 26 04 33 | 03
#0964-d274 @A: 02 26 09 33 | 12
#0965-d274 @A: 26 31 04 30 | 11
#0966-d274 @A: 12 26 21 08 | 06
#0967-d274 @A: 23 02 15 26 | 01
#0968-d274 @A: 29 30 15 26 | 07
#0969-d274 @A: 34 06 31 07 | 10
#0970-d274 @A: 34 16 22 28 | 05
#0971-d274 @A: 09 34 07 20 | 02
#0972-d274 @A: 30 05 22 34 | 04
#0973-d274 @A: 31 16 33 13 | 09
#0974-d274 @A: 33 28 21 17 | 08
#0975-d274 @A: 02 15 33 21 | 03
#0976-d274 @A: 09 20 30 33 | 12
#0977-d274 @A: 09 10 11 33 | 11
#0978-d274 @A: 23 31 12 04 | 06
#0979-d274 @A: 22 15 31 07 | 01
#0980-d274 @A: 31 02 23 08 | 07
#0981-d274 @A: 22 29 31 23 | 10
#0982-d274 @A: 08 10 22 31 | 05
#0983-d274 @A: 31 23 21 05 | 02
#0984-d274 @A: 28 22 11 13 | 04
#0985-d274 @A: 30 13 06 04 | 09
#0986-d274 @A: 06 13 15 02 | 08
#0987-d274 @A: 06 10 11 13 | 03
#0988-d274 @A: 10 06 28 16 | 12
#0989-d274 @A: 20 28 12 11 | 11
#0990-d274 @A: 27 15 28 08 | 06
#0991-d274 @A: 06 09 10 22 | 01
#0992-d274 @A: 02 22 12 11 | 07
#0993-d274 @A: 12 29 23 05 | 10
#0994-d274 @A: 12 10 09 23 | 05
#0995-d274 @A: 05 04 16 18 | 02
#0996-d274 @A: 18 11 09 04 | 04
#0997-d274 @A: 15 07 16 04 | 09
#0998-d274 @A: 29 21 04 17 | 08
#0999-d274 @A: 18 29 07 22 | 03
#1000-d274 @A: 18 17 10 23 | 12
#1001-d274 @A: 21 30 18 20 | 11
#1002-d274 @A: 05 23 07 16 | 06
#1003-d274 @A: 03 24 25 08 | 01
#1004-d274 @A: 27 13 24 03 | 07
#1005-d274 @A: 03 11 18 24 | 10
#1006-d274 @A: 30 26 24 14 | 05
#1007-d274 @A: 31 02 14 24 | 02
#1008-d274 @A: 22 24 19 26 | 04
#1009-d274 @A: 01 10 34 24 | 09
#1010-d274 @A: 15 33 24 01 | 08
#1011-d274 @A: 35 15 34 24 | 03
#1012-d274 @A: 16 35 24 28 | 12
#1013-d274 @A: 24 28 26 02 | 11
#1014-d274 @A: 29 24 34 07 | 06
#1015-d274 @A: 24 23 33 11 | 01
#1016-d274 @A: 05 24 30 12 | 07
#1017-d274 @A: 08 05 24 16 | 10
#1018-d274 @A: 16 21 24 10 | 05
#1019-d274 @A: 29 24 09 10 | 02
#1020-d274 @A: 30 20 24 29 | 04
#1021-d274 @A: 14 11 31 03 | 09
#1022-d274 @A: 17 28 03 14 | 08
#1023-d274 @A: 30 03 25 06 | 03
#1024-d274 @A: 25 27 04 03 | 12
#1025-d274 @A: 03 07 17 25 | 11
#1026-d274 @A: 31 29 19 03 | 06
#1027-d274 @A: 19 02 03 28 | 01
#1028-d274 @A: 03 01 21 18 | 07
#1029-d274 @A: 27 03 35 34 | 10
#1030-d274 @A: 34 26 09 03 | 05
#1031-d274 @A: 28 03 12 34 | 02
#1032-d274 @A: 06 03 33 15 | 04
#1033-d274 @A: 22 03 12 31 | 09
#1034-d274 @A: 05 16 03 31 | 08
#1035-d274 @A: 10 28 03 21 | 03
#1036-d274 @A: 08 05 15 03 | 12
#1037-d274 @A: 21 16 23 03 | 11
#1038-d274 @A: 03 08 02 27 | 06
#1039-d274 @A: 01 14 25 30 | 01
#1040-d274 @A: 25 06 14 34 | 07
#1041-d274 @A: 32 14 26 21 | 10
#1042-d274 @A: 06 22 32 14 | 05
#1043-d274 @A: 32 15 18 14 | 02
#1044-d274 @A: 27 14 35 33 | 04
#1045-d274 @A: 14 20 18 35 | 09
#1046-d274 @A: 27 28 14 26 | 08
#1047-d274 @A: 06 14 07 26 | 03
#1048-d274 @A: 14 22 16 21 | 12
#1049-d274 @A: 14 10 02 22 | 11
#1050-d274 @A: 29 19 06 25 | 06
#1051-d274 @A: 19 08 18 25 | 01
#1052-d274 @A: 08 25 30 26 | 07
#1053-d274 @A: 07 25 27 26 | 10
#1054-d274 @A: 34 29 25 28 | 05
#1055-d274 @A: 25 09 04 34 | 02
#1056-d274 @A: 16 09 25 08 | 04
#1057-d274 @A: 02 25 30 11 | 09
#1058-d274 @A: 21 25 07 30 | 08
#1059-d274 @A: 20 35 32 19 | 03
#1060-d274 @A: 01 19 15 18 | 12
#1061-d274 @A: 35 19 10 33 | 11
#1062-d274 @A: 04 19 27 35 | 06
#1063-d274 @A: 08 33 19 26 | 01
#1064-d274 @A: 21 19 31 13 | 07
#1065-d274 @A: 18 23 19 31 | 10
#1066-d274 @A: 13 27 28 19 | 05
#1067-d274 @A: 04 28 19 15 | 02
#1068-d274 @A: 19 12 02 20 | 04
#1069-d274 @A: 17 19 16 23 | 09
#1070-d274 @A: 26 32 01 17 | 08
#1071-d274 @A: 35 15 04 32 | 03
#1072-d274 @A: 23 26 32 07 | 12
#1073-d274 @A: 02 33 28 32 | 11
#1074-d274 @A: 32 09 23 31 | 06
#1075-d274 @A: 28 09 13 32 | 01
#1076-d274 @A: 13 07 27 32 | 07
#1077-d274 @A: 32 07 28 12 | 10
#1078-d274 @A: 09 32 12 02 | 05
#1079-d274 @A: 20 32 18 17 | 02
#1080-d274 @A: 32 09 20 16 | 04
#1081-d274 @A: 10 08 16 32 | 09
#1082-d274 @A: 34 01 11 31 | 08
#1083-d274 @A: 34 22 04 01 | 03
#1084-d274 @A: 01 30 31 13 | 12
#1085-d274 @A: 04 23 01 13 | 11
#1086-d274 @A: 22 07 01 28 | 06
#1087-d274 @A: 06 29 12 01 | 01
#1088-d274 @A: 15 01 08 22 | 07
#1089-d274 @A: 01 02 30 08 | 10
#1090-d274 @A: 10 30 23 01 | 05
#1091-d274 @A: 29 35 04 12 | 02
#1092-d274 @A: 12 30 16 35 | 04
#1093-d274 @A: 12 35 16 07 | 09
#1094-d274 @A: 11 16 08 35 | 08
#1095-d274 @A: 27 16 35 05 | 03
#1096-d274 @A: 21 09 29 35 | 12
#1097-d274 @A: 17 21 35 22 | 11
#1098-d274 @A: 30 35 20 11 | 06
#1099-d274 @A: 23 18 33 26 | 01
#1100-d274 @A: 17 26 06 28 | 07
#1101-d274 @A: 26 16 29 12 | 10
#1102-d274 @A: 04 20 26 17 | 05
#1103-d274 @A: 15 26 21 27 | 02
#1104-d274 @A: 02 26 21 17 | 04
#1105-d274 @A: 05 21 22 26 | 09
#1106-d274 @A: 05 23 26 11 | 08
#1107-d274 @A: 33 22 31 34 | 03
#1108-d274 @A: 13 34 23 17 | 12
#1109-d274 @A: 20 04 34 06 | 11
#1110-d274 @A: 34 05 18 06 | 06
#1111-d274 @A: 34 12 05 04 | 01
#1112-d274 @A: 34 30 29 02 | 07
#1113-d274 @A: 21 09 34 02 | 10
#1114-d274 @A: 09 34 29 27 | 05
#1115-d274 @A: 34 30 17 08 | 02
#1116-d274 @A: 07 05 22 34 | 04
#1117-d274 @A: 28 33 06 29 | 09
#1118-d274 @A: 05 30 33 15 | 08
#1119-d274 @A: 30 10 02 33 | 03
#1120-d274 @A: 17 10 33 20 | 12
#1121-d274 @A: 08 22 05 33 | 11
#1122-d274 @A: 28 18 31 11 | 06
#1123-d274 @A: 31 21 07 10 | 01
#1124-d274 @A: 06 22 13 12 | 07
#1125-d274 @A: 21 13 18 06 | 10
#1126-d274 @A: 16 10 23 13 | 05
#1127-d274 @A: 11 29 13 09 | 02
#1128-d274 @A: 23 29 27 13 | 04
#1129-d274 @A: 13 20 27 05 | 09
#1130-d274 @A: 27 02 23 28 | 08
#1131-d274 @A: 05 09 17 28 | 03
#1132-d274 @A: 23 18 06 29 | 12
#1133-d274 @A: 06 16 29 15 | 11
#1134-d274 @A: 06 09 16 21 | 06
#1135-d274 @A: 29 27 06 10 | 01
#1136-d274 @A: 06 22 20 30 | 07
#1137-d274 @A: 04 12 10 22 | 10
#1138-d274 @A: 11 12 21 10 | 05
#1139-d274 @A: 02 04 10 20 | 02
#1140-d274 @A: 29 05 04 27 | 04
#1141-d274 @A: 20 04 08 07 | 09
#1142-d274 @A: 20 04 22 21 | 08
#1143-d274 @A: 15 05 18 09 | 03
#1144-d274 @A: 17 21 16 18 | 12
#1145-d274 @A: 20 07 16 18 | 11
#1146-d274 @A: 29 11 10 18 | 06
#1147-d274 @A: 27 18 17 11 | 01
#1148-d274 @A: 05 29 07 15 | 07
#1149-d274 @A: 09 07 15 23 | 10
#1150-d274 @A: 07 16 08 27 | 05
#1151-d274 @A: 02 30 07 23 | 02
#1152-d274 @A: 07 08 22 11 | 04
#1153-d274 @A: 21 03 35 24 | 09
#1154-d274 @A: 23 26 24 25 | 08
#1155-d274 @A: 24 29 31 25 | 03
#1156-d274 @A: 02 24 19 04 | 12
#1157-d274 @A: 16 24 34 32 | 11
#1158-d274 @A: 28 32 30 24 | 06
#1159-d274 @A: 18 22 32 24 | 01
#1160-d274 @A: 24 27 01 04 | 07
#1161-d274 @A: 04 35 10 24 | 10
#1162-d274 @A: 26 12 31 24 | 05
#1163-d274 @A: 13 16 24 26 | 02
#1164-d274 @A: 08 09 24 31 | 04
#1165-d274 @A: 05 24 11 13 | 09
#1166-d274 @A: 24 15 28 07 | 08
#1167-d274 @A: 24 21 29 08 | 03
#1168-d274 @A: 24 17 08 07 | 12
#1169-d274 @A: 25 03 10 01 | 11
#1170-d274 @A: 03 04 32 07 | 06
#1171-d274 @A: 01 29 03 04 | 01
#1172-d274 @A: 23 03 33 35 | 07
#1173-d274 @A: 09 03 35 10 | 10
#1174-d274 @A: 03 16 26 33 | 05
#1175-d274 @A: 07 08 26 03 | 02
#1176-d274 @A: 04 13 11 03 | 04
#1177-d274 @A: 20 06 02 03 | 09
#1178-d274 @A: 16 08 03 18 | 08
#1179-d274 @A: 03 05 30 23 | 03
#1180-d274 @A: 25 22 14 08 | 12
#1181-d274 @A: 14 02 07 19 | 11
#1182-d274 @A: 01 04 05 14 | 06
#1183-d274 @A: 34 14 35 11 | 01
#1184-d274 @A: 08 14 15 35 | 07
#1185-d274 @A: 18 14 10 34 | 10
#1186-d274 @A: 12 14 33 02 | 05
#1187-d274 @A: 20 33 14 04 | 02
#1188-d274 @A: 22 09 31 14 | 04
#1189-d274 @A: 28 14 12 29 | 09
#1190-d274 @A: 05 06 09 14 | 08
#1191-d274 @A: 04 27 14 12 | 03
#1192-d274 @A: 02 20 14 15 | 12
#1193-d274 @A: 14 21 10 30 | 11
#1194-d274 @A: 05 19 25 30 | 06
#1195-d274 @A: 16 25 31 32 | 01
#1196-d274 @A: 02 25 32 06 | 07
#1197-d274 @A: 08 25 06 01 | 10
#1198-d274 @A: 35 33 25 09 | 05
#1199-d274 @A: 25 18 21 26 | 02
#1200-d274 @A: 25 13 11 34 | 04
#1201-d274 @A: 34 25 30 20 | 09
#1202-d274 @A: 25 12 33 29 | 08
#1203-d274 @A: 13 10 25 20 | 03
#1204-d274 @A: 29 25 15 20 | 12
#1205-d274 @A: 25 23 02 09 | 11
#1206-d274 @A: 25 23 27 08 | 06
#1207-d274 @A: 05 21 25 10 | 01
#1208-d274 @A: 32 19 28 23 | 07
#1209-d274 @A: 31 16 35 19 | 10
#1210-d274 @A: 35 19 18 11 | 05
#1211-d274 @A: 04 18 34 19 | 02
#1212-d274 @A: 33 06 21 19 | 04
#1213-d274 @A: 19 10 07 33 | 09
#1214-d274 @A: 19 06 09 28 | 08
#1215-d274 @A: 19 12 27 06 | 03
#1216-d274 @A: 17 06 05 19 | 12
#1217-d274 @A: 09 21 23 19 | 11
#1218-d274 @A: 20 19 23 27 | 06
#1219-d274 @A: 20 13 32 01 | 01
#1220-d274 @A: 21 32 15 01 | 07
#1221-d274 @A: 34 05 35 32 | 10
#1222-d274 @A: 32 35 12 23 | 05
#1223-d274 @A: 32 27 26 04 | 02
#1224-d274 @A: 30 13 32 12 | 04
#1225-d274 @A: 04 32 29 28 | 09
#1226-d274 @A: 32 16 27 06 | 08
#1227-d274 @A: 15 32 27 11 | 03
#1228-d274 @A: 11 02 32 17 | 12
#1229-d274 @A: 27 17 32 21 | 11
#1230-d274 @A: 05 34 01 26 | 06
#1231-d274 @A: 26 01 04 02 | 01
#1232-d274 @A: 28 34 27 01 | 07
#1233-d274 @A: 27 12 13 01 | 10
#1234-d274 @A: 01 15 29 17 | 05
#1235-d274 @A: 17 27 01 09 | 02
#1236-d274 @A: 01 23 21 17 | 04
#1237-d274 @A: 17 22 20 01 | 09
#1238-d274 @A: 01 08 21 27 | 08
#1239-d274 @A: 12 35 26 27 | 03
#1240-d274 @A: 33 35 05 28 | 12
#1241-d274 @A: 18 31 35 08 | 11
#1242-d274 @A: 35 08 02 12 | 06
#1243-d274 @A: 02 27 29 35 | 01
#1244-d274 @A: 08 22 35 27 | 07
#1245-d274 @A: 12 31 07 26 | 10
#1246-d274 @A: 21 26 13 28 | 05
#1247-d274 @A: 27 26 18 06 | 02
#1248-d274 @A: 11 07 18 26 | 04
#1249-d274 @A: 26 10 20 22 | 09
#1250-d274 @A: 13 06 27 34 | 08
#1251-d274 @A: 15 05 28 34 | 03
#1252-d274 @A: 21 20 34 29 | 12
#1253-d274 @A: 17 05 34 21 | 11
#1254-d274 @A: 11 34 10 08 | 06
#1255-d274 @A: 13 06 08 33 | 01
#1256-d274 @A: 16 27 23 33 | 07
#1257-d274 @A: 07 13 31 11 | 10
#1258-d274 @A: 31 02 06 18 | 05
#1259-d274 @A: 07 31 08 18 | 02
#1260-d274 @A: 10 23 15 31 | 04
#1261-d274 @A: 29 16 11 31 | 09
#1262-d274 @A: 02 31 10 11 | 08
#1263-d274 @A: 27 20 22 31 | 03
#1264-d274 @A: 05 30 31 27 | 12
#1265-d274 @A: 12 04 13 20 | 11
#1266-d274 @A: 02 22 13 05 | 06
#1267-d274 @A: 07 06 08 28 | 01
#1268-d274 @A: 05 21 12 28 | 07
#1269-d274 @A: 09 28 16 15 | 10
#1270-d274 @A: 15 23 28 17 | 05
#1271-d274 @A: 11 28 09 23 | 02
#1272-d274 @A: 16 11 06 22 | 04
#1273-d274 @A: 12 07 04 17 | 09
#1274-d274 @A: 08 29 12 30 | 08
#1275-d274 @A: 30 27 10 12 | 03
#1276-d274 @A: 30 04 11 15 | 12
#1277-d274 @A: 04 30 09 10 | 11
#1278-d274 @A: 04 21 08 30 | 06
#1279-d274 @A: 10 07 04 05 | 01
#1280-d274 @A: 10 23 04 27 | 07
#1281-d274 @A: 02 17 15 18 | 10
#1282-d274 @A: 10 18 15 30 | 05
#1283-d274 @A: 05 18 07 21 | 02
#1284-d274 @A: 22 03 24 14 | 04
#1285-d274 @A: 05 06 03 24 | 09
#1286-d274 @A: 01 35 24 14 | 08
#1287-d274 @A: 09 34 24 14 | 03
#1288-d274 @A: 25 02 24 35 | 12
#1289-d274 @A: 24 34 22 25 | 11
#1290-d274 @A: 25 13 24 30 | 06
#1291-d274 @A: 28 29 24 19 | 01
#1292-d274 @A: 31 15 24 32 | 07
#1293-d274 @A: 02 21 01 24 | 10
#1294-d274 @A: 24 21 26 09 | 05
#1295-d274 @A: 33 34 24 06 | 02
#1296-d274 @A: 12 11 34 24 | 04
#1297-d274 @A: 20 33 24 28 | 09
#1298-d274 @A: 24 18 31 20 | 08
#1299-d274 @A: 13 12 29 24 | 03
#1300-d274 @A: 06 18 10 24 | 12
#1301-d274 @A: 24 18 16 15 | 11
#1302-d274 @A: 24 02 09 17 | 06
#1303-d274 @A: 07 24 11 29 | 01
#1304-d274 @A: 24 17 22 10 | 07
#1305-d274 @A: 24 08 30 27 | 10
#1306-d274 @A: 10 07 22 24 | 05
#1307-d274 @A: 23 24 05 27 | 02
#1308-d274 @A: 25 15 14 03 | 04
#1309-d274 @A: 05 03 25 28 | 09
#1310-d274 @A: 21 19 03 04 | 08
#1311-d274 @A: 22 03 07 19 | 03
#1312-d274 @A: 03 35 32 22 | 12
#1313-d274 @A: 03 28 30 01 | 11
#1314-d274 @A: 22 30 03 26 | 06
#1315-d274 @A: 34 03 33 11 | 01
#1316-d274 @A: 23 03 10 34 | 07
#1317-d274 @A: 06 17 12 03 | 10
#1318-d274 @A: 03 12 02 23 | 05
#1319-d274 @A: 11 03 16 09 | 02
#1320-d274 @A: 29 09 08 03 | 04
#1321-d274 @A: 21 35 25 14 | 09
#1322-d274 @A: 25 10 17 14 | 08
#1323-d274 @A: 14 19 01 10 | 03
#1324-d274 @A: 04 14 11 19 | 12
#1325-d274 @A: 05 35 22 14 | 11
#1326-d274 @A: 13 08 14 18 | 06
#1327-d274 @A: 17 15 09 14 | 01
#1328-d274 @A: 30 14 16 17 | 07
#1329-d274 @A: 30 09 08 14 | 10
#1330-d274 @A: 14 05 07 17 | 05
#1331-d274 @A: 23 08 14 05 | 02
#1332-d274 @A: 27 32 35 25 | 04
#1333-d274 @A: 35 25 26 01 | 09
#1334-d274 @A: 11 25 05 01 | 08
#1335-d274 @A: 04 25 05 35 | 03
#1336-d274 @A: 34 02 25 18 | 12
#1337-d274 @A: 28 25 31 10 | 11
#1338-d274 @A: 27 20 06 25 | 06
#1339-d274 @A: 07 22 04 25 | 01
#1340-d274 @A: 29 22 25 10 | 07
#1341-d274 @A: 27 25 29 30 | 10
#1342-d274 @A: 25 23 20 17 | 05
#1343-d274 @A: 27 17 05 25 | 02
#1344-d274 @A: 25 23 07 10 | 04
#1345-d274 @A: 12 01 19 11 | 09
#1346-d274 @A: 19 07 08 01 | 08
#1347-d274 @A: 19 26 02 16 | 03
#1348-d274 @A: 19 30 26 07 | 12
#1349-d274 @A: 20 22 34 19 | 11
#1350-d274 @A: 04 31 22 19 | 06
#1351-d274 @A: 31 02 17 19 | 01
#1352-d274 @A: 16 19 18 28 | 07
#1353-d274 @A: 12 08 04 19 | 10
#1354-d274 @A: 18 19 09 07 | 05
#1355-d274 @A: 19 27 15 02 | 02
#1356-d274 @A: 19 29 15 10 | 04
#1357-d274 @A: 02 29 19 23 | 09
#1358-d274 @A: 19 02 30 09 | 08
#1359-d274 @A: 02 21 19 11 | 03
#1360-d274 @A: 10 19 05 27 | 12
#1361-d274 @A: 32 34 33 09 | 11
#1362-d274 @A: 34 04 10 32 | 06
#1363-d274 @A: 16 32 33 11 | 01
#1364-d274 @A: 21 31 18 32 | 07
#1365-d274 @A: 04 32 17 08 | 10
#1366-d274 @A: 32 08 15 02 | 05
#1367-d274 @A: 22 09 11 32 | 02
#1368-d274 @A: 11 32 30 08 | 04
#1369-d274 @A: 01 35 09 15 | 09
#1370-d274 @A: 22 35 29 01 | 08
#1371-d274 @A: 26 21 01 29 | 03
#1372-d274 @A: 26 01 09 30 | 12
#1373-d274 @A: 33 01 30 29 | 11
#1374-d274 @A: 01 08 12 31 | 06
#1375-d274 @A: 18 08 17 01 | 01
#1376-d274 @A: 26 17 35 33 | 07
#1377-d274 @A: 35 34 33 02 | 10
#1378-d274 @A: 29 34 35 08 | 05
#1379-d274 @A: 31 04 09 35 | 02
#1380-d274 @A: 28 35 29 20 | 04
#1381-d274 @A: 02 22 35 06 | 09
#1382-d274 @A: 18 05 12 35 | 08
#1383-d274 @A: 35 15 10 02 | 03
#1384-d274 @A: 35 09 05 23 | 12
#1385-d274 @A: 26 34 31 23 | 11
#1386-d274 @A: 26 12 34 10 | 06
#1387-d274 @A: 27 31 13 26 | 01
#1388-d274 @A: 13 26 18 02 | 07
#1389-d274 @A: 05 10 26 16 | 10
#1390-d274 @A: 06 28 34 11 | 05
#1391-d274 @A: 16 11 05 34 | 02
#1392-d274 @A: 09 34 08 05 | 04
#1393-d274 @A: 31 33 27 18 | 09
#1394-d274 @A: 13 23 33 28 | 08
#1395-d274 @A: 13 04 33 15 | 03
#1396-d274 @A: 33 06 12 09 | 12
#1397-d274 @A: 06 07 12 33 | 11
#1398-d274 @A: 33 04 27 06 | 06
#1399-d274 @A: 33 09 29 15 | 01
#1400-d274 @A: 02 05 33 11 | 07
#1401-d274 @A: 31 18 22 13 | 10
#1402-d274 @A: 31 29 12 18 | 05
#1403-d274 @A: 02 21 31 12 | 02
#1404-d274 @A: 31 30 16 23 | 04
#1405-d274 @A: 17 31 07 20 | 09
#1406-d274 @A: 28 29 17 13 | 08
#1407-d274 @A: 07 04 13 29 | 03
#1408-d274 @A: 13 17 15 11 | 12
#1409-d274 @A: 13 16 05 21 | 11
#1410-d274 @A: 29 08 13 20 | 06
#1411-d274 @A: 06 28 05 08 | 01
#1412-d274 @A: 06 30 23 28 | 07
#1413-d274 @A: 15 06 30 17 | 10
#1414-d274 @A: 10 08 30 06 | 05
#1415-d274 @A: 12 17 02 29 | 02
#1416-d274 @A: 12 21 09 20 | 04
#1417-d274 @A: 22 27 12 21 | 09
#1418-d274 @A: 05 04 02 08 | 08
#1419-d274 @A: 04 17 05 30 | 03
#1420-d274 @A: 18 30 29 16 | 12
#1421-d274 @A: 16 09 23 18 | 11
#1422-d274 @A: 08 18 02 09 | 06
#1423-d274 @A: 09 20 10 18 | 01
#1424-d274 @A: 17 30 07 15 | 07
#1425-d274 @A: 27 05 07 09 | 10
#1426-d274 @A: 21 07 11 17 | 05
#1427-d274 @A: 23 03 24 04 | 02
#1428-d274 @A: 20 19 24 14 | 04
#1429-d274 @A: 14 23 10 24 | 09
#1430-d274 @A: 24 23 07 14 | 08
#1431-d274 @A: 32 24 01 12 | 03
#1432-d274 @A: 20 32 24 04 | 12
#1433-d274 @A: 31 24 07 01 | 11
#1434-d274 @A: 21 26 24 07 | 06
#1435-d274 @A: 28 27 31 24 | 01
#1436-d274 @A: 13 18 23 24 | 07
#1437-d274 @A: 24 16 06 12 | 10
#1438-d274 @A: 24 17 15 08 | 05
#1439-d274 @A: 29 27 24 22 | 02
#1440-d274 @A: 22 24 11 08 | 04
#1441-d274 @A: 27 19 26 03 | 09
#1442-d274 @A: 03 22 19 13 | 08
#1443-d274 @A: 03 33 32 10 | 03
#1444-d274 @A: 03 01 23 06 | 12
#1445-d274 @A: 01 03 07 15 | 11
#1446-d274 @A: 03 35 31 07 | 06
#1447-d274 @A: 06 03 35 16 | 01
#1448-d274 @A: 11 03 10 26 | 07
#1449-d274 @A: 07 28 03 29 | 10
#1450-d274 @A: 06 22 03 04 | 05
#1451-d274 @A: 03 18 27 12 | 02
#1452-d274 @A: 15 30 03 09 | 04
#1453-d274 @A: 11 21 03 08 | 09
#1454-d274 @A: 12 09 14 25 | 08
#1455-d274 @A: 19 17 26 14 | 03
#1456-d274 @A: 23 16 34 14 | 12
#1457-d274 @A: 21 14 33 18 | 11
#1458-d274 @A: 21 12 13 14 | 06
#1459-d274 @A: 28 14 09 20 | 01
#1460-d274 @A: 12 06 14 10 | 07
#1461-d274 @A: 02 30 14 04 | 10
#1462-d274 @A: 09 14 02 27 | 05
#1463-d274 @A: 14 09 23 29 | 02
#1464-d274 @A: 10 29 14 08 | 04
#1465-d274 @A: 27 14 29 21 | 09
#1466-d274 @A: 21 11 14 09 | 08
#1467-d274 @A: 23 14 30 27 | 03
#1468-d274 @A: 25 19 31 27 | 12
#1469-d274 @A: 07 25 09 32 | 11
#1470-d274 @A: 11 35 31 25 | 06
#1471-d274 @A: 12 02 25 26 | 01
#1472-d274 @A: 10 26 04 25 | 07
#1473-d274 @A: 25 21 34 12 | 10
#1474-d274 @A: 33 10 06 25 | 05
#1475-d274 @A: 31 25 06 22 | 02
#1476-d274 @A: 25 06 13 28 | 04
#1477-d274 @A: 12 25 28 17 | 09
#1478-d274 @A: 05 12 25 06 | 08
#1479-d274 @A: 06 17 04 25 | 03
#1480-d274 @A: 30 25 12 04 | 12
#1481-d274 @A: 25 15 23 16 | 11
#1482-d274 @A: 25 02 27 21 | 06
#1483-d274 @A: 25 29 21 11 | 01
#1484-d274 @A: 09 17 25 21 | 07
#1485-d274 @A: 25 11 22 20 | 10
#1486-d274 @A: 11 32 13 19 | 05
#1487-d274 @A: 32 10 19 21 | 02
#1488-d274 @A: 21 35 19 28 | 04
#1489-d274 @A: 34 30 28 19 | 09
#1490-d274 @A: 23 19 34 06 | 08
#1491-d274 @A: 12 29 34 19 | 03
#1492-d274 @A: 34 19 15 17 | 12
#1493-d274 @A: 19 08 28 20 | 11
#1494-d274 @A: 19 17 30 29 | 06
#1495-d274 @A: 32 26 15 13 | 01
#1496-d274 @A: 12 20 34 32 | 07
#1497-d274 @A: 27 18 34 32 | 10
#1498-d274 @A: 33 32 29 07 | 05
#1499-d274 @A: 22 32 16 05 | 02
#1500-d274 @A: 17 23 32 30 | 04
#1501-d274 @A: 20 08 32 22 | 09
#1502-d274 @A: 10 32 08 07 | 08
#1503-d274 @A: 32 05 11 07 | 03
#1504-d274 @A: 27 22 32 23 | 12
#1505-d274 @A: 01 18 35 02 | 11
#1506-d274 @A: 18 07 06 01 | 06
#1507-d274 @A: 12 01 09 05 | 01
#1508-d274 @A: 16 08 01 04 | 07
#1509-d274 @A: 16 23 20 01 | 10
#1510-d274 @A: 01 17 05 02 | 05
#1511-d274 @A: 34 20 35 26 | 02
#1512-d274 @A: 20 06 35 33 | 04
#1513-d274 @A: 23 31 13 35 | 09
#1514-d274 @A: 12 10 35 13 | 08
#1515-d274 @A: 05 13 35 15 | 03
#1516-d274 @A: 35 16 20 13 | 12
#1517-d274 @A: 23 35 15 22 | 11
#1518-d274 @A: 02 11 09 35 | 06
#1519-d274 @A: 11 10 22 35 | 01
#1520-d274 @A: 33 26 34 28 | 07
#1521-d274 @A: 02 31 22 26 | 10
#1522-d274 @A: 04 11 28 26 | 05
#1523-d274 @A: 18 26 28 08 | 02
#1524-d274 @A: 08 16 26 20 | 04
#1525-d274 @A: 07 34 33 04 | 09
#1526-d274 @A: 27 33 34 15 | 08
#1527-d274 @A: 18 09 13 34 | 03
#1528-d274 @A: 16 02 15 34 | 12
#1529-d274 @A: 08 15 34 07 | 11
#1530-d274 @A: 20 02 34 08 | 06
#1531-d274 @A: 23 34 09 30 | 01
#1532-d274 @A: 27 30 11 34 | 07
#1533-d274 @A: 30 31 28 33 | 10
#1534-d274 @A: 33 28 15 18 | 05
#1535-d274 @A: 10 33 18 22 | 02
#1536-d274 @A: 07 11 33 16 | 04
#1537-d274 @A: 11 29 17 33 | 09
#1538-d274 @A: 33 23 29 10 | 08
#1539-d274 @A: 21 33 08 09 | 03
#1540-d274 @A: 09 15 31 21 | 12
#1541-d274 @A: 16 31 07 09 | 11
#1542-d274 @A: 16 20 10 31 | 06
#1543-d274 @A: 31 17 27 29 | 01
#1544-d274 @A: 21 10 31 29 | 07
#1545-d274 @A: 08 31 05 17 | 10
#1546-d274 @A: 22 27 31 07 | 05
#1547-d274 @A: 17 13 08 09 | 02
#1548-d274 @A: 09 13 10 05 | 04
#1549-d274 @A: 30 18 28 02 | 09
#1550-d274 @A: 29 30 09 28 | 08
#1551-d274 @A: 20 28 17 27 | 03
#1552-d274 @A: 23 10 08 28 | 12
#1553-d274 @A: 23 20 06 15 | 11
#1554-d274 @A: 06 07 02 05 | 06
#1555-d274 @A: 30 27 06 02 | 01
#1556-d274 @A: 11 06 08 29 | 07
#1557-d274 @A: 06 09 08 20 | 10
#1558-d274 @A: 07 09 06 11 | 05
#1559-d274 @A: 10 17 07 06 | 02
#1560-d274 @A: 02 08 07 12 | 04
#1561-d274 @A: 02 21 04 16 | 09
#1562-d274 @A: 29 10 16 04 | 08
#1563-d274 @A: 30 20 16 04 | 03
#1564-d274 @A: 16 27 04 11 | 12
#1565-d274 @A: 16 22 04 23 | 11
#1566-d274 @A: 29 18 21 15 | 06
#1567-d274 @A: 09 22 21 18 | 01
#1568-d274 @A: 10 07 16 30 | 07
#1569-d274 @A: 01 03 24 16 | 10
#1570-d274 @A: 03 20 34 24 | 05
#1571-d274 @A: 29 14 32 24 | 02
#1572-d274 @A: 14 13 33 24 | 04
#1573-d274 @A: 33 24 16 19 | 09
#1574-d274 @A: 11 24 35 32 | 08
#1575-d274 @A: 32 24 10 27 | 03
#1576-d274 @A: 24 05 26 35 | 12
#1577-d274 @A: 35 24 09 07 | 11
#1578-d274 @A: 29 24 33 04 | 06
#1579-d274 @A: 16 24 31 04 | 01
#1580-d274 @A: 05 24 12 07 | 07
#1581-d274 @A: 15 24 23 30 | 10
#1582-d274 @A: 24 20 27 21 | 05
#1583-d274 @A: 18 23 03 14 | 02
#1584-d274 @A: 03 32 05 19 | 04
#1585-d274 @A: 09 33 03 19 | 09
#1586-d274 @A: 03 20 18 19 | 08
#1587-d274 @A: 32 17 31 03 | 03
#1588-d274 @A: 15 03 28 32 | 12
#1589-d274 @A: 32 23 11 03 | 11
#1590-d274 @A: 26 31 03 01 | 06
#1591-d274 @A: 26 03 17 13 | 01
#1592-d274 @A: 02 03 31 34 | 07
#1593-d274 @A: 15 16 04 03 | 10
#1594-d274 @A: 27 16 30 03 | 05
#1595-d274 @A: 05 02 09 03 | 02
#1596-d274 @A: 08 23 03 22 | 04
#1597-d274 @A: 14 19 27 32 | 09
#1598-d274 @A: 06 19 14 02 | 08
#1599-d274 @A: 14 15 23 19 | 03
#1600-d274 @A: 01 34 14 20 | 12
#1601-d274 @A: 14 29 01 31 | 11
#1602-d274 @A: 01 11 14 13 | 06
#1603-d274 @A: 13 02 14 35 | 01
#1604-d274 @A: 04 14 35 17 | 07
#1605-d274 @A: 04 15 14 34 | 10
#1606-d274 @A: 14 22 15 30 | 05
#1607-d274 @A: 28 25 09 01 | 02
#1608-d274 @A: 33 07 25 35 | 04
#1609-d274 @A: 26 25 16 27 | 09
#1610-d274 @A: 34 25 27 10 | 08
#1611-d274 @A: 12 15 31 25 | 03
#1612-d274 @A: 25 30 31 18 | 12
#1613-d274 @A: 25 15 07 13 | 11
#1614-d274 @A: 15 11 25 06 | 06
#1615-d274 @A: 17 08 25 29 | 01
#1616-d274 @A: 25 09 11 27 | 07
#1617-d274 @A: 10 23 11 25 | 10
#1618-d274 @A: 02 32 19 34 | 05
#1619-d274 @A: 29 32 33 19 | 02
#1620-d274 @A: 16 01 19 34 | 04
#1621-d274 @A: 10 19 34 31 | 09
#1622-d274 @A: 19 17 33 04 | 08
#1623-d274 @A: 08 16 19 29 | 03
#1624-d274 @A: 19 23 11 30 | 12
#1625-d274 @A: 32 33 01 31 | 11
#1626-d274 @A: 06 32 29 35 | 06
#1627-d274 @A: 18 35 32 09 | 01
#1628-d274 @A: 32 20 31 26 | 07
#1629-d274 @A: 18 29 26 32 | 10
#1630-d274 @A: 10 32 26 30 | 05
#1631-d274 @A: 11 32 04 31 | 02
#1632-d274 @A: 32 13 05 23 | 04
#1633-d274 @A: 16 32 02 30 | 09
#1634-d274 @A: 32 20 23 29 | 08
#1635-d274 @A: 09 27 32 08 | 03
#1636-d274 @A: 08 21 32 23 | 12
#1637-d274 @A: 01 06 35 30 | 11
#1638-d274 @A: 21 34 33 01 | 06
#1639-d274 @A: 31 04 01 10 | 01
#1640-d274 @A: 02 01 31 15 | 07
#1641-d274 @A: 28 01 13 15 | 10
#1642-d274 @A: 10 16 17 01 | 05
#1643-d274 @A: 17 07 01 29 | 02
#1644-d274 @A: 01 22 10 05 | 04
#1645-d274 @A: 35 26 11 13 | 09
#1646-d274 @A: 22 33 13 35 | 08
#1647-d274 @A: 35 21 02 30 | 03
#1648-d274 @A: 02 07 35 11 | 12
#1649-d274 @A: 29 26 28 10 | 11
#1650-d274 @A: 04 26 06 16 | 06
#1651-d274 @A: 26 11 17 16 | 01
#1652-d274 @A: 27 26 02 10 | 07
#1653-d274 @A: 17 33 34 12 | 10
#1654-d274 @A: 34 13 21 04 | 05
#1655-d274 @A: 18 34 23 12 | 02
#1656-d274 @A: 34 07 12 21 | 04
#1657-d274 @A: 04 11 02 34 | 09
#1658-d274 @A: 34 08 15 23 | 08
#1659-d274 @A: 10 05 02 34 | 03
#1660-d274 @A: 11 20 17 34 | 12
#1661-d274 @A: 31 12 10 33 | 11
#1662-d274 @A: 31 07 23 33 | 06
#1663-d274 @A: 33 05 13 12 | 01
#1664-d274 @A: 16 15 33 10 | 07
#1665-d274 @A: 08 23 30 33 | 10
#1666-d274 @A: 31 02 07 04 | 05
#1667-d274 @A: 31 17 10 30 | 02
#1668-d274 @A: 23 13 15 09 | 04
#1669-d274 @A: 15 13 20 21 | 09
#1670-d274 @A: 21 08 13 22 | 08
#1671-d274 @A: 08 21 02 28 | 03
#1672-d274 @A: 23 29 21 28 | 12
#1673-d274 @A: 12 08 06 18 | 11
#1674-d274 @A: 22 06 21 15 | 06
#1675-d274 @A: 06 23 11 02 | 01
#1676-d274 @A: 29 22 05 06 | 07
#1677-d274 @A: 07 06 29 30 | 10
#1678-d274 @A: 22 17 06 23 | 05
#1679-d274 @A: 05 15 11 12 | 02
#1680-d274 @A: 09 22 29 12 | 04
#1681-d274 @A: 05 20 12 22 | 09
#1682-d274 @A: 18 04 27 21 | 08
#1683-d274 @A: 17 16 09 04 | 03
#1684-d274 @A: 07 04 30 09 | 12
#1685-d274 @A: 02 20 27 18 | 11
#1686-d274 @A: 05 23 18 02 | 06
#1687-d274 @A: 22 20 18 29 | 01
#1688-d274 @A: 21 18 08 05 | 07
#1689-d274 @A: 22 05 27 18 | 10
