#0001-d286 @A: 34 29 35 03 | 06
#0002-d286 @A: 29 32 09 03 | 04
#0003-d286 @A: 17 03 27 29 | 12
#0004-d286 @A: 02 34 03 05 | 05
#0005-d286 @A: 22 24 19 03 | 09
#0006-d286 @A: 20 05 03 15 | 03
#0007-d286 @A: 14 03 02 09 | 11
#0008-d286 @A: 31 27 25 03 | 01
#0009-d286 @A: 03 20 16 25 | 07
#0010-d286 @A: 30 03 25 04 | 10
#0011-d286 @A: 19 07 03 11 | 02
#0012-d286 @A: 03 08 32 07 | 08
#0013-d286 @A: 03 20 26 17 | 06
#0014-d286 @A: 08 09 26 03 | 04
#0015-d286 @A: 20 18 08 03 | 12
#0016-d286 @A: 18 30 03 01 | 05
#0017-d286 @A: 30 18 03 10 | 09
#0018-d286 @A: 21 27 03 14 | 03
#0019-d286 @A: 19 03 06 17 | 11
#0020-d286 @A: 12 13 03 17 | 01
#0021-d286 @A: 22 06 03 05 | 07
#0022-d286 @A: 02 29 08 34 | 10
#0023-d286 @A: 29 20 16 34 | 02
#0024-d286 @A: 05 15 14 29 | 08
#0025-d286 @A: 29 25 06 02 | 06
#0026-d286 @A: 28 25 29 10 | 04
#0027-d286 @A: 26 20 29 33 | 12
#0028-d286 @A: 12 23 29 09 | 05
#0029-d286 @A: 29 28 22 11 | 09
#0030-d286 @A: 12 10 34 25 | 03
#0031-d286 @A: 23 34 31 09 | 11
#0032-d286 @A: 34 14 06 18 | 01
#0033-d286 @A: 23 34 18 08 | 07
#0034-d286 @A: 11 23 32 34 | 10
#0035-d286 @A: 06 34 11 12 | 02
#0036-d286 @A: 34 05 06 27 | 08
#0037-d286 @A: 27 34 08 11 | 06
#0038-d286 @A: 06 24 30 15 | 04
#0039-d286 @A: 02 24 22 23 | 12
#0040-d286 @A: 07 24 19 33 | 05
#0041-d286 @A: 07 24 35 12 | 09
#0042-d286 @A: 24 06 18 31 | 03
#0043-d286 @A: 31 21 13 24 | 11
#0044-d286 @A: 32 04 24 23 | 01
#0045-d286 @A: 32 24 30 08 | 07
#0046-d286 @A: 27 01 24 09 | 10
#0047-d286 @A: 24 11 09 35 | 02
#0048-d286 @A: 24 10 12 05 | 08
#0049-d286 @A: 25 05 21 15 | 06
#0050-d286 @A: 15 27 18 07 | 04
#0051-d286 @A: 04 15 19 26 | 12
#0052-d286 @A: 15 23 30 31 | 05
#0053-d286 @A: 32 33 15 18 | 09
#0054-d286 @A: 14 04 15 06 | 03
#0055-d286 @A: 06 33 15 21 | 11
#0056-d286 @A: 09 15 32 10 | 01
#0057-d286 @A: 15 08 32 17 | 07
#0058-d286 @A: 22 10 15 23 | 10
#0059-d286 @A: 09 22 28 15 | 02
#0060-d286 @A: 12 27 15 13 | 08
#0061-d286 @A: 02 31 28 07 | 06
#0062-d286 @A: 11 02 23 26 | 04
#0063-d286 @A: 12 26 33 02 | 12
#0064-d286 @A: 14 02 30 22 | 05
#0065-d286 @A: 27 09 02 35 | 09
#0066-d286 @A: 02 28 06 05 | 03
#0067-d286 @A: 28 01 04 02 | 11
#0068-d286 @A: 33 06 02 22 | 01
#0069-d286 @A: 25 07 31 33 | 07
#0070-d286 @A: 07 18 25 13 | 10
#0071-d286 @A: 05 07 25 35 | 02
#0072-d286 @A: 31 21 25 06 | 08
#0073-d286 @A: 31 10 25 21 | 06
#0074-d286 @A: 05 25 04 18 | 04
#0075-d286 @A: 14 25 08 20 | 12
#0076-d286 @A: 25 19 14 16 | 05
#0077-d286 @A: 21 09 25 20 | 09
#0078-d286 @A: 25 19 12 21 | 03
#0079-d286 @A: 30 35 20 25 | 11
#0080-d286 @A: 23 19 25 13 | 01
#0081-d286 @A: 25 32 30 27 | 07
#0082-d286 @A: 28 32 25 01 | 10
#0083-d286 @A: 09 06 35 25 | 02
#0084-d286 @A: 25 33 09 13 | 08
#0085-d286 @A: 25 09 11 04 | 06
#0086-d286 @A: 16 27 25 12 | 04
#0087-d286 @A: 05 16 25 10 | 12
#0088-d286 @A: 27 13 11 25 | 05
#0089-d286 @A: 04 11 10 25 | 09
#0090-d286 @A: 30 04 07 26 | 03
#0091-d286 @A: 21 09 07 28 | 11
#0092-d286 @A: 07 16 08 17 | 01
#0093-d286 @A: 05 04 07 33 | 07
#0094-d286 @A: 07 11 33 13 | 10
#0095-d286 @A: 26 14 31 33 | 02
#0096-d286 @A: 31 27 32 26 | 08
#0097-d286 @A: 04 18 26 13 | 06
#0098-d286 @A: 28 18 26 10 | 04
#0099-d286 @A: 26 19 30 11 | 12
#0100-d286 @A: 31 18 30 08 | 05
#0101-d286 @A: 31 21 16 33 | 09
#0102-d286 @A: 35 31 12 20 | 03
#0103-d286 @A: 31 19 06 35 | 11
#0104-d286 @A: 30 10 31 33 | 01
#0105-d286 @A: 22 31 06 12 | 07
#0106-d286 @A: 05 27 31 16 | 10
#0107-d286 @A: 08 05 22 31 | 02
#0108-d286 @A: 28 06 31 01 | 08
#0109-d286 @A: 31 01 08 10 | 06
#0110-d286 @A: 22 16 28 31 | 04
#0111-d286 @A: 18 06 19 21 | 12
#0112-d286 @A: 18 19 05 20 | 05
#0113-d286 @A: 13 23 32 18 | 09
#0114-d286 @A: 18 23 28 27 | 03
#0115-d286 @A: 09 01 05 18 | 11
#0116-d286 @A: 10 16 01 18 | 01
#0117-d286 @A: 22 18 01 06 | 07
#0118-d286 @A: 19 14 08 32 | 10
#0119-d286 @A: 32 04 14 01 | 02
#0120-d286 @A: 33 09 27 14 | 08
#0121-d286 @A: 11 16 14 05 | 06
#0122-d286 @A: 14 13 16 22 | 04
#0123-d286 @A: 35 11 14 08 | 12
#0124-d286 @A: 21 20 30 08 | 05
#0125-d286 @A: 05 21 08 06 | 09
#0126-d286 @A: 27 35 04 21 | 03
#0127-d286 @A: 30 20 23 19 | 11
#0128-d286 @A: 20 12 32 23 | 01
#0129-d286 @A: 01 10 20 17 | 07
#0130-d286 @A: 20 11 17 33 | 10
#0131-d286 @A: 11 22 01 20 | 02
#0132-d286 @A: 05 19 09 12 | 08
#0133-d286 @A: 19 28 11 09 | 06
#0134-d286 @A: 05 17 01 19 | 04
#0135-d286 @A: 16 23 32 10 | 12
#0136-d286 @A: 05 11 32 09 | 05
#0137-d286 @A: 33 13 32 12 | 09
#0138-d286 @A: 32 27 05 08 | 03
#0139-d286 @A: 32 27 10 13 | 11
#0140-d286 @A: 13 09 23 04 | 01
#0141-d286 @A: 12 08 10 30 | 07
#0142-d286 @A: 13 27 30 05 | 10
#0143-d286 @A: 27 33 16 30 | 02
#0144-d286 @A: 06 24 29 03 | 08
#0145-d286 @A: 02 03 29 26 | 06
#0146-d286 @A: 29 03 07 22 | 04
#0147-d286 @A: 29 03 33 23 | 12
#0148-d286 @A: 03 12 24 34 | 05
#0149-d286 @A: 21 18 34 03 | 09
#0150-d286 @A: 03 25 35 21 | 03
#0151-d286 @A: 20 03 07 12 | 11
#0152-d286 @A: 19 05 03 26 | 01
#0153-d286 @A: 18 31 19 03 | 07
#0154-d286 @A: 20 31 03 33 | 10
#0155-d286 @A: 30 06 31 03 | 02
#0156-d286 @A: 04 18 22 03 | 08
#0157-d286 @A: 28 13 21 03 | 06
#0158-d286 @A: 03 20 30 22 | 04
#0159-d286 @A: 22 23 32 03 | 12
#0160-d286 @A: 35 08 12 03 | 05
#0161-d286 @A: 04 18 29 34 | 09
#0162-d286 @A: 32 29 34 28 | 03
#0163-d286 @A: 24 26 05 29 | 11
#0164-d286 @A: 29 06 15 31 | 01
#0165-d286 @A: 29 19 31 02 | 07
#0166-d286 @A: 32 02 29 12 | 10
#0167-d286 @A: 08 01 29 25 | 02
#0168-d286 @A: 29 18 33 07 | 08
#0169-d286 @A: 21 07 04 29 | 06
#0170-d286 @A: 13 07 29 20 | 04
#0171-d286 @A: 26 23 28 29 | 12
#0172-d286 @A: 29 18 30 28 | 05
#0173-d286 @A: 10 29 17 18 | 09
#0174-d286 @A: 29 14 28 12 | 03
#0175-d286 @A: 29 05 20 10 | 11
#0176-d286 @A: 13 29 09 17 | 01
#0177-d286 @A: 16 29 06 27 | 07
#0178-d286 @A: 24 23 34 30 | 10
#0179-d286 @A: 34 15 27 25 | 02
#0180-d286 @A: 15 01 34 07 | 08
#0181-d286 @A: 26 16 34 15 | 06
#0182-d286 @A: 02 34 07 10 | 04
#0183-d286 @A: 31 16 34 02 | 12
#0184-d286 @A: 34 25 05 14 | 05
#0185-d286 @A: 16 23 07 34 | 09
#0186-d286 @A: 09 18 26 34 | 03
#0187-d286 @A: 34 13 19 18 | 11
#0188-d286 @A: 16 34 01 09 | 01
#0189-d286 @A: 13 06 34 08 | 07
#0190-d286 @A: 24 17 25 15 | 10
#0191-d286 @A: 15 24 09 18 | 02
#0192-d286 @A: 30 11 25 24 | 08
#0193-d286 @A: 24 07 09 16 | 06
#0194-d286 @A: 16 04 24 18 | 04
#0195-d286 @A: 14 24 17 21 | 12
#0196-d286 @A: 24 28 19 32 | 05
#0197-d286 @A: 28 24 22 27 | 09
#0198-d286 @A: 10 22 24 04 | 03
#0199-d286 @A: 17 15 31 02 | 11
#0200-d286 @A: 22 25 15 08 | 01
#0201-d286 @A: 26 14 09 15 | 07
#0202-d286 @A: 27 10 15 18 | 10
#0203-d286 @A: 09 15 11 17 | 02
#0204-d286 @A: 01 22 33 15 | 08
#0205-d286 @A: 35 18 23 02 | 06
#0206-d286 @A: 19 02 16 21 | 04
#0207-d286 @A: 02 17 21 23 | 12
#0208-d286 @A: 02 11 19 12 | 05
#0209-d286 @A: 17 01 02 32 | 09
#0210-d286 @A: 02 09 11 13 | 03
#0211-d286 @A: 17 04 12 02 | 11
#0212-d286 @A: 12 02 05 22 | 01
#0213-d286 @A: 01 02 16 05 | 07
#0214-d286 @A: 16 22 11 02 | 10
#0215-d286 @A: 02 08 04 11 | 02
#0216-d286 @A: 28 02 10 13 | 08
#0217-d286 @A: 31 25 32 17 | 06
#0218-d286 @A: 25 35 31 23 | 04
#0219-d286 @A: 25 30 18 23 | 12
#0220-d286 @A: 18 25 06 27 | 05
#0221-d286 @A: 08 12 33 25 | 09
#0222-d286 @A: 08 17 13 25 | 03
#0223-d286 @A: 06 01 25 13 | 11
#0224-d286 @A: 07 21 13 26 | 01
#0225-d286 @A: 17 31 18 07 | 07
#0226-d286 @A: 17 20 07 14 | 10
#0227-d286 @A: 14 07 04 09 | 02
#0228-d286 @A: 21 27 32 07 | 08
#0229-d286 @A: 12 07 21 08 | 06
#0230-d286 @A: 07 11 20 30 | 04
#0231-d286 @A: 12 05 07 16 | 12
#0232-d286 @A: 11 01 07 04 | 05
#0233-d286 @A: 07 16 35 10 | 09
#0234-d286 @A: 26 22 23 18 | 03
#0235-d286 @A: 14 26 13 19 | 11
#0236-d286 @A: 16 21 26 10 | 01
#0237-d286 @A: 06 30 20 26 | 07
#0238-d286 @A: 22 04 12 26 | 10
#0239-d286 @A: 26 16 17 22 | 02
#0240-d286 @A: 35 27 26 08 | 08
#0241-d286 @A: 31 19 21 11 | 06
#0242-d286 @A: 22 17 31 01 | 04
#0243-d286 @A: 35 33 31 17 | 12
#0244-d286 @A: 10 31 11 13 | 05
#0245-d286 @A: 18 14 11 30 | 09
#0246-d286 @A: 21 18 10 06 | 03
#0247-d286 @A: 08 21 13 18 | 11
#0248-d286 @A: 11 06 18 13 | 01
#0249-d286 @A: 28 10 14 20 | 07
#0250-d286 @A: 14 05 17 28 | 10
#0251-d286 @A: 14 01 27 11 | 02
#0252-d286 @A: 14 08 10 16 | 08
#0253-d286 @A: 14 22 06 08 | 06
#0254-d286 @A: 10 20 27 21 | 04
#0255-d286 @A: 21 13 05 01 | 12
#0256-d286 @A: 04 08 21 16 | 05
#0257-d286 @A: 33 13 22 21 | 09
#0258-d286 @A: 12 10 20 16 | 03
#0259-d286 @A: 22 08 12 20 | 11
#0260-d286 @A: 05 13 17 20 | 01
#0261-d286 @A: 16 06 13 20 | 07
#0262-d286 @A: 13 20 28 11 | 10
#0263-d286 @A: 30 32 06 19 | 02
#0264-d286 @A: 06 33 19 12 | 08
#0265-d286 @A: 13 12 19 35 | 06
#0266-d286 @A: 13 17 33 19 | 04
#0267-d286 @A: 19 22 04 05 | 12
#0268-d286 @A: 19 27 06 04 | 05
#0269-d286 @A: 32 12 35 06 | 09
#0270-d286 @A: 33 11 16 32 | 03
#0271-d286 @A: 08 30 23 09 | 11
#0272-d286 @A: 05 23 13 08 | 01
#0273-d286 @A: 28 13 35 23 | 07
#0274-d286 @A: 06 09 13 30 | 10
#0275-d286 @A: 30 17 35 12 | 02
#0276-d286 @A: 27 12 11 30 | 08
#0277-d286 @A: 35 33 30 13 | 06
#0278-d286 @A: 29 31 03 08 | 04
#0279-d286 @A: 04 03 21 24 | 12
#0280-d286 @A: 35 03 15 26 | 05
#0281-d286 @A: 03 04 02 10 | 09
#0282-d286 @A: 09 07 31 03 | 03
#0283-d286 @A: 01 26 22 03 | 11
#0284-d286 @A: 26 03 22 10 | 01
#0285-d286 @A: 31 22 14 03 | 07
#0286-d286 @A: 23 05 18 03 | 10
#0287-d286 @A: 03 18 11 17 | 02
#0288-d286 @A: 03 21 05 32 | 08
#0289-d286 @A: 27 20 32 03 | 06
#0290-d286 @A: 12 32 03 19 | 04
#0291-d286 @A: 03 19 16 13 | 12
#0292-d286 @A: 35 03 09 23 | 05
#0293-d286 @A: 03 28 12 06 | 09
#0294-d286 @A: 22 27 03 12 | 03
#0295-d286 @A: 16 35 27 03 | 11
#0296-d286 @A: 03 33 35 22 | 01
#0297-d286 @A: 29 24 16 10 | 07
#0298-d286 @A: 29 14 26 25 | 10
#0299-d286 @A: 08 07 14 29 | 02
#0300-d286 @A: 19 14 29 27 | 08
#0301-d286 @A: 20 29 30 05 | 06
#0302-d286 @A: 29 10 30 11 | 04
#0303-d286 @A: 27 09 11 29 | 12
#0304-d286 @A: 06 29 04 08 | 05
#0305-d286 @A: 34 15 24 20 | 09
#0306-d286 @A: 01 24 34 32 | 03
#0307-d286 @A: 18 34 02 28 | 11
#0308-d286 @A: 19 22 25 34 | 01
#0309-d286 @A: 34 25 23 28 | 07
#0310-d286 @A: 01 34 25 30 | 10
#0311-d286 @A: 14 34 07 32 | 02
#0312-d286 @A: 27 12 34 07 | 08
#0313-d286 @A: 34 26 01 23 | 06
#0314-d286 @A: 18 34 09 10 | 04
#0315-d286 @A: 34 33 20 14 | 12
#0316-d286 @A: 30 20 34 28 | 05
#0317-d286 @A: 30 34 10 20 | 09
#0318-d286 @A: 34 32 33 08 | 03
#0319-d286 @A: 12 05 34 08 | 11
#0320-d286 @A: 01 34 17 11 | 01
#0321-d286 @A: 34 05 01 33 | 07
#0322-d286 @A: 35 34 10 22 | 10
#0323-d286 @A: 24 15 31 07 | 02
#0324-d286 @A: 15 01 24 21 | 08
#0325-d286 @A: 25 26 24 07 | 06
#0326-d286 @A: 25 19 24 06 | 04
#0327-d286 @A: 21 18 24 26 | 12
#0328-d286 @A: 32 17 24 26 | 05
#0329-d286 @A: 30 24 26 22 | 09
#0330-d286 @A: 04 06 26 24 | 03
#0331-d286 @A: 31 24 28 14 | 11
#0332-d286 @A: 20 24 31 05 | 01
#0333-d286 @A: 08 31 04 24 | 07
#0334-d286 @A: 23 17 24 20 | 10
#0335-d286 @A: 20 30 24 33 | 02
#0336-d286 @A: 24 08 17 12 | 08
#0337-d286 @A: 28 24 12 05 | 06
#0338-d286 @A: 24 16 28 11 | 04
#0339-d286 @A: 02 15 19 14 | 12
#0340-d286 @A: 21 08 15 26 | 05
#0341-d286 @A: 20 31 15 04 | 09
#0342-d286 @A: 13 15 01 31 | 03
#0343-d286 @A: 16 19 15 28 | 11
#0344-d286 @A: 30 15 10 01 | 01
#0345-d286 @A: 08 09 15 13 | 07
#0346-d286 @A: 12 15 01 28 | 10
#0347-d286 @A: 11 35 12 15 | 02
#0348-d286 @A: 05 15 35 22 | 08
#0349-d286 @A: 28 10 15 08 | 06
#0350-d286 @A: 16 25 02 26 | 04
#0351-d286 @A: 25 02 10 26 | 12
#0352-d286 @A: 27 02 19 25 | 05
#0353-d286 @A: 16 20 02 07 | 09
#0354-d286 @A: 23 02 07 09 | 03
#0355-d286 @A: 30 07 02 01 | 11
#0356-d286 @A: 20 02 21 01 | 01
#0357-d286 @A: 17 02 05 35 | 07
#0358-d286 @A: 04 06 13 02 | 10
#0359-d286 @A: 02 08 27 13 | 02
#0360-d286 @A: 33 11 02 35 | 08
#0361-d286 @A: 25 17 07 30 | 06
#0362-d286 @A: 18 28 25 19 | 04
#0363-d286 @A: 25 32 19 05 | 12
#0364-d286 @A: 25 19 30 08 | 05
#0365-d286 @A: 10 25 19 30 | 09
#0366-d286 @A: 25 17 12 11 | 03
#0367-d286 @A: 10 07 09 26 | 11
#0368-d286 @A: 21 18 07 35 | 01
#0369-d286 @A: 07 35 32 20 | 07
#0370-d286 @A: 16 19 01 07 | 10
#0371-d286 @A: 13 07 23 22 | 02
#0372-d286 @A: 08 09 07 11 | 08
#0373-d286 @A: 12 07 11 28 | 06
#0374-d286 @A: 35 07 01 08 | 04
#0375-d286 @A: 35 16 07 22 | 12
#0376-d286 @A: 22 07 27 06 | 05
#0377-d286 @A: 31 05 23 26 | 09
#0378-d286 @A: 18 26 05 11 | 03
#0379-d286 @A: 28 21 26 19 | 11
#0380-d286 @A: 09 31 20 28 | 01
#0381-d286 @A: 27 08 20 31 | 07
#0382-d286 @A: 32 11 06 31 | 10
#0383-d286 @A: 05 04 17 31 | 02
#0384-d286 @A: 13 16 08 31 | 08
#0385-d286 @A: 06 27 31 13 | 06
#0386-d286 @A: 10 35 31 28 | 04
#0387-d286 @A: 20 14 04 18 | 12
#0388-d286 @A: 18 14 33 10 | 05
#0389-d286 @A: 20 18 33 21 | 09
#0390-d286 @A: 09 28 04 18 | 03
#0391-d286 @A: 18 12 05 35 | 11
#0392-d286 @A: 11 27 22 18 | 01
#0393-d286 @A: 14 23 05 21 | 07
#0394-d286 @A: 13 30 20 14 | 10
#0395-d286 @A: 04 14 12 33 | 02
#0396-d286 @A: 22 33 14 28 | 08
#0397-d286 @A: 23 01 21 11 | 06
#0398-d286 @A: 05 21 09 35 | 04
#0399-d286 @A: 17 12 21 06 | 12
#0400-d286 @A: 21 04 33 17 | 05
#0401-d286 @A: 01 28 21 27 | 09
#0402-d286 @A: 21 27 06 11 | 03
#0403-d286 @A: 33 09 16 20 | 11
#0404-d286 @A: 17 20 01 27 | 01
#0405-d286 @A: 17 06 20 22 | 07
#0406-d286 @A: 17 08 20 28 | 10
#0407-d286 @A: 06 35 05 20 | 02
#0408-d286 @A: 28 20 01 16 | 08
#0409-d286 @A: 20 33 13 01 | 06
#0410-d286 @A: 11 20 16 08 | 04
#0411-d286 @A: 08 35 20 33 | 12
#0412-d286 @A: 04 16 19 09 | 05
#0413-d286 @A: 04 12 28 19 | 09
#0414-d286 @A: 22 27 19 08 | 03
#0415-d286 @A: 11 19 13 22 | 11
#0416-d286 @A: 04 19 35 08 | 01
#0417-d286 @A: 32 17 27 12 | 07
#0418-d286 @A: 17 05 32 16 | 10
#0419-d286 @A: 06 08 32 16 | 02
#0420-d286 @A: 33 23 09 28 | 08
#0421-d286 @A: 23 35 05 04 | 06
#0422-d286 @A: 27 01 30 08 | 04
#0423-d286 @A: 09 33 01 10 | 12
#0424-d286 @A: 22 10 01 06 | 05
#0425-d286 @A: 13 10 35 06 | 09
#0426-d286 @A: 03 29 12 25 | 03
#0427-d286 @A: 28 03 34 22 | 11
#0428-d286 @A: 03 25 15 19 | 01
#0429-d286 @A: 15 13 14 03 | 07
#0430-d286 @A: 32 03 15 01 | 10
#0431-d286 @A: 28 30 03 15 | 02
#0432-d286 @A: 10 01 03 07 | 08
#0433-d286 @A: 32 18 35 03 | 06
#0434-d286 @A: 18 13 33 03 | 04
#0435-d286 @A: 03 11 14 20 | 12
#0436-d286 @A: 19 10 03 23 | 05
#0437-d286 @A: 05 33 03 12 | 09
#0438-d286 @A: 06 03 10 16 | 03
#0439-d286 @A: 03 04 13 27 | 11
#0440-d286 @A: 31 22 29 34 | 01
#0441-d286 @A: 34 29 30 33 | 07
#0442-d286 @A: 32 07 24 29 | 10
#0443-d286 @A: 17 24 29 18 | 02
#0444-d286 @A: 32 29 15 27 | 08
#0445-d286 @A: 28 29 07 25 | 06
#0446-d286 @A: 32 18 25 29 | 04
#0447-d286 @A: 29 20 25 04 | 12
#0448-d286 @A: 07 29 19 12 | 05
#0449-d286 @A: 01 07 27 29 | 09
#0450-d286 @A: 12 26 18 29 | 03
#0451-d286 @A: 29 21 19 05 | 11
#0452-d286 @A: 06 29 35 33 | 01
#0453-d286 @A: 29 13 08 11 | 07
#0454-d286 @A: 34 33 18 24 | 10
#0455-d286 @A: 19 15 17 34 | 02
#0456-d286 @A: 25 12 34 26 | 08
#0457-d286 @A: 33 07 26 34 | 06
#0458-d286 @A: 31 26 34 06 | 04
#0459-d286 @A: 04 14 31 34 | 12
#0460-d286 @A: 18 22 34 30 | 05
#0461-d286 @A: 34 12 01 18 | 09
#0462-d286 @A: 14 34 09 11 | 03
#0463-d286 @A: 04 10 14 34 | 11
#0464-d286 @A: 04 30 34 19 | 01
#0465-d286 @A: 01 22 13 34 | 07
#0466-d286 @A: 16 10 28 34 | 10
#0467-d286 @A: 24 02 05 25 | 02
#0468-d286 @A: 07 11 02 24 | 08
#0469-d286 @A: 02 33 24 31 | 06
#0470-d286 @A: 25 32 24 12 | 04
#0471-d286 @A: 25 32 24 10 | 12
#0472-d286 @A: 24 31 32 22 | 05
#0473-d286 @A: 21 28 06 24 | 09
#0474-d286 @A: 16 24 32 20 | 03
#0475-d286 @A: 24 16 23 19 | 11
#0476-d286 @A: 12 19 24 30 | 01
#0477-d286 @A: 01 05 30 24 | 07
#0478-d286 @A: 24 12 09 33 | 10
#0479-d286 @A: 22 09 24 06 | 02
#0480-d286 @A: 16 06 24 05 | 08
#0481-d286 @A: 22 16 24 01 | 06
#0482-d286 @A: 08 16 33 24 | 04
#0483-d286 @A: 24 35 08 13 | 12
#0484-d286 @A: 27 33 24 13 | 05
#0485-d286 @A: 26 15 01 02 | 09
#0486-d286 @A: 15 02 09 32 | 03
#0487-d286 @A: 32 15 25 13 | 11
#0488-d286 @A: 30 09 25 15 | 01
#0489-d286 @A: 22 31 15 26 | 07
#0490-d286 @A: 04 26 15 10 | 10
#0491-d286 @A: 30 01 15 11 | 02
#0492-d286 @A: 15 12 10 22 | 08
#0493-d286 @A: 14 02 18 25 | 06
#0494-d286 @A: 02 14 31 06 | 04
#0495-d286 @A: 21 02 18 11 | 12
#0496-d286 @A: 09 18 02 33 | 05
#0497-d286 @A: 18 02 12 13 | 09
#0498-d286 @A: 05 18 02 10 | 03
#0499-d286 @A: 32 04 02 21 | 11
#0500-d286 @A: 30 20 02 27 | 01
#0501-d286 @A: 10 19 02 22 | 07
#0502-d286 @A: 30 32 02 23 | 10
#0503-d286 @A: 28 08 02 09 | 02
#0504-d286 @A: 12 01 08 02 | 08
#0505-d286 @A: 28 22 13 02 | 06
#0506-d286 @A: 22 04 35 02 | 04
#0507-d286 @A: 26 28 31 25 | 12
#0508-d286 @A: 25 11 35 19 | 05
#0509-d286 @A: 25 04 08 32 | 09
#0510-d286 @A: 27 25 05 17 | 03
#0511-d286 @A: 11 32 26 07 | 11
#0512-d286 @A: 22 19 07 31 | 01
#0513-d286 @A: 23 07 04 18 | 07
#0514-d286 @A: 12 07 22 09 | 10
#0515-d286 @A: 16 13 07 28 | 02
#0516-d286 @A: 11 27 16 07 | 08
#0517-d286 @A: 11 06 07 35 | 06
#0518-d286 @A: 28 08 22 07 | 04
#0519-d286 @A: 35 26 17 14 | 12
#0520-d286 @A: 26 32 01 21 | 05
#0521-d286 @A: 20 05 27 26 | 09
#0522-d286 @A: 26 16 32 30 | 03
#0523-d286 @A: 33 17 09 26 | 11
#0524-d286 @A: 06 12 08 26 | 01
#0525-d286 @A: 11 17 26 27 | 07
#0526-d286 @A: 08 22 26 13 | 10
#0527-d286 @A: 23 14 31 11 | 02
#0528-d286 @A: 23 31 20 06 | 08
#0529-d286 @A: 16 19 31 12 | 06
#0530-d286 @A: 23 13 31 17 | 04
#0531-d286 @A: 12 28 31 13 | 12
#0532-d286 @A: 04 33 01 31 | 05
#0533-d286 @A: 22 11 33 31 | 09
#0534-d286 @A: 14 12 21 18 | 03
#0535-d286 @A: 18 20 06 32 | 11
#0536-d286 @A: 27 05 18 33 | 01
#0537-d286 @A: 35 18 13 22 | 07
#0538-d286 @A: 14 28 20 21 | 10
#0539-d286 @A: 21 13 06 14 | 02
#0540-d286 @A: 14 13 21 10 | 08
#0541-d286 @A: 32 11 14 13 | 06
#0542-d286 @A: 14 16 09 08 | 04
#0543-d286 @A: 12 22 11 14 | 12
#0544-d286 @A: 12 14 27 08 | 05
#0545-d286 @A: 21 17 09 19 | 09
#0546-d286 @A: 27 19 13 21 | 03
#0547-d286 @A: 21 01 09 33 | 11
#0548-d286 @A: 13 21 12 04 | 01
#0549-d286 @A: 30 20 32 01 | 07
#0550-d286 @A: 09 01 12 20 | 10
#0551-d286 @A: 12 20 11 05 | 02
#0552-d286 @A: 04 20 06 12 | 08
#0553-d286 @A: 16 10 20 11 | 06
#0554-d286 @A: 08 33 10 20 | 04
#0555-d286 @A: 19 33 16 35 | 12
#0556-d286 @A: 06 05 32 04 | 05
#0557-d286 @A: 33 10 32 05 | 09
#0558-d286 @A: 10 32 06 04 | 03
#0559-d286 @A: 04 32 11 27 | 11
#0560-d286 @A: 33 04 30 23 | 01
#0561-d286 @A: 23 22 09 27 | 07
#0562-d286 @A: 01 33 23 08 | 10
#0563-d286 @A: 23 16 27 13 | 02
#0564-d286 @A: 01 30 17 06 | 08
#0565-d286 @A: 30 16 13 11 | 06
#0566-d286 @A: 11 21 29 03 | 04
#0567-d286 @A: 29 03 16 05 | 12
#0568-d286 @A: 16 34 03 32 | 05
#0569-d286 @A: 03 24 15 27 | 09
#0570-d286 @A: 03 02 13 07 | 03
#0571-d286 @A: 25 18 03 09 | 11
#0572-d286 @A: 14 28 03 25 | 01
#0573-d286 @A: 03 21 01 07 | 07
#0574-d286 @A: 09 03 33 04 | 10
#0575-d286 @A: 27 06 08 03 | 02
#0576-d286 @A: 03 06 04 11 | 08
#0577-d286 @A: 15 12 29 34 | 06
#0578-d286 @A: 23 29 24 11 | 04
#0579-d286 @A: 01 29 31 26 | 12
#0580-d286 @A: 09 26 30 29 | 05
#0581-d286 @A: 35 29 05 31 | 09
#0582-d286 @A: 29 30 27 21 | 03
#0583-d286 @A: 29 20 11 19 | 11
#0584-d286 @A: 29 04 13 32 | 01
#0585-d286 @A: 12 29 08 16 | 07
#0586-d286 @A: 28 04 33 29 | 10
#0587-d286 @A: 17 24 05 34 | 02
#0588-d286 @A: 34 27 24 16 | 08
#0589-d286 @A: 24 34 06 35 | 06
#0590-d286 @A: 34 15 21 31 | 04
#0591-d286 @A: 15 34 06 22 | 12
#0592-d286 @A: 33 34 23 02 | 05
#0593-d286 @A: 34 27 14 26 | 09
#0594-d286 @A: 17 34 20 31 | 03
#0595-d286 @A: 35 34 31 32 | 11
#0596-d286 @A: 27 20 18 34 | 01
#0597-d286 @A: 01 34 35 14 | 07
#0598-d286 @A: 20 04 21 34 | 10
#0599-d286 @A: 34 08 20 01 | 02
#0600-d286 @A: 17 23 04 34 | 08
#0601-d286 @A: 08 34 09 17 | 06
#0602-d286 @A: 12 22 34 35 | 04
#0603-d286 @A: 17 34 27 35 | 12
#0604-d286 @A: 24 05 19 15 | 05
#0605-d286 @A: 15 10 24 19 | 09
#0606-d286 @A: 23 09 25 24 | 03
#0607-d286 @A: 14 26 24 16 | 11
#0608-d286 @A: 27 24 23 26 | 01
#0609-d286 @A: 14 09 32 24 | 07
#0610-d286 @A: 20 24 21 19 | 10
#0611-d286 @A: 08 27 24 21 | 02
#0612-d286 @A: 13 10 20 24 | 08
#0613-d286 @A: 06 13 24 32 | 06
#0614-d286 @A: 24 23 35 10 | 04
#0615-d286 @A: 17 09 24 28 | 12
#0616-d286 @A: 04 24 05 11 | 05
#0617-d286 @A: 15 02 18 05 | 09
#0618-d286 @A: 33 02 15 20 | 03
#0619-d286 @A: 30 04 15 02 | 11
#0620-d286 @A: 05 15 26 07 | 01
#0621-d286 @A: 15 27 31 14 | 07
#0622-d286 @A: 16 31 15 09 | 10
#0623-d286 @A: 15 13 18 20 | 02
#0624-d286 @A: 15 23 18 16 | 08
#0625-d286 @A: 14 16 15 17 | 06
#0626-d286 @A: 19 12 15 08 | 04
#0627-d286 @A: 22 30 15 32 | 12
#0628-d286 @A: 08 11 33 15 | 05
#0629-d286 @A: 15 11 28 27 | 09
#0630-d286 @A: 02 18 20 17 | 03
#0631-d286 @A: 13 14 23 02 | 11
#0632-d286 @A: 02 20 08 19 | 01
#0633-d286 @A: 10 20 02 32 | 07
#0634-d286 @A: 01 09 19 02 | 10
#0635-d286 @A: 30 10 16 02 | 02
#0636-d286 @A: 08 10 09 02 | 08
#0637-d286 @A: 12 27 06 02 | 06
#0638-d286 @A: 08 02 05 33 | 04
#0639-d286 @A: 06 02 10 27 | 12
#0640-d286 @A: 04 07 19 25 | 05
#0641-d286 @A: 25 21 01 18 | 09
#0642-d286 @A: 28 25 21 30 | 03
#0643-d286 @A: 06 12 23 25 | 11
#0644-d286 @A: 09 27 08 25 | 01
#0645-d286 @A: 25 08 10 17 | 07
#0646-d286 @A: 28 27 25 35 | 10
#0647-d286 @A: 07 27 19 26 | 02
#0648-d286 @A: 18 07 32 09 | 08
#0649-d286 @A: 07 10 17 13 | 06
#0650-d286 @A: 33 28 01 07 | 04
#0651-d286 @A: 07 33 16 06 | 12
#0652-d286 @A: 30 26 18 33 | 05
#0653-d286 @A: 26 01 20 35 | 09
#0654-d286 @A: 22 06 32 26 | 03
#0655-d286 @A: 27 28 12 26 | 11
#0656-d286 @A: 26 05 17 08 | 01
#0657-d286 @A: 01 33 06 26 | 07
#0658-d286 @A: 26 33 22 27 | 10
#0659-d286 @A: 28 33 13 26 | 02
#0660-d286 @A: 32 16 18 31 | 08
#0661-d286 @A: 14 20 31 01 | 06
#0662-d286 @A: 28 31 27 17 | 04
#0663-d286 @A: 09 18 23 21 | 12
#0664-d286 @A: 32 18 12 22 | 05
#0665-d286 @A: 09 12 27 18 | 09
#0666-d286 @A: 27 13 18 01 | 03
#0667-d286 @A: 35 18 28 06 | 11
#0668-d286 @A: 21 35 14 30 | 01
#0669-d286 @A: 14 17 19 30 | 07
#0670-d286 @A: 14 28 27 30 | 10
#0671-d286 @A: 01 09 22 14 | 02
#0672-d286 @A: 05 14 22 27 | 08
#0673-d286 @A: 32 21 35 19 | 06
#0674-d286 @A: 19 21 23 04 | 04
#0675-d286 @A: 21 04 30 11 | 12
#0676-d286 @A: 35 01 21 12 | 05
#0677-d286 @A: 13 11 21 17 | 09
#0678-d286 @A: 16 11 35 21 | 03
#0679-d286 @A: 20 05 01 04 | 11
#0680-d286 @A: 05 33 22 20 | 01
#0681-d286 @A: 22 28 17 19 | 07
#0682-d286 @A: 32 35 13 17 | 10
#0683-d286 @A: 13 30 01 23 | 02
#0684-d286 @A: 30 35 23 16 | 08
#0685-d286 @A: 11 30 22 23 | 06
#0686-d286 @A: 23 11 13 12 | 04
#0687-d286 @A: 33 35 23 12 | 12
#0688-d286 @A: 33 16 17 23 | 05
#0689-d286 @A: 23 08 06 11 | 09
#0690-d286 @A: 11 33 23 10 | 03
#0691-d286 @A: 30 35 08 05 | 11
#0692-d286 @A: 04 08 22 30 | 01
#0693-d286 @A: 10 30 22 28 | 07
#0694-d286 @A: 09 10 05 28 | 10
#0695-d286 @A: 09 16 04 10 | 02
#0696-d286 @A: 12 33 28 10 | 08
#0697-d286 @A: 31 35 03 24 | 06
#0698-d286 @A: 03 24 23 13 | 04
#0699-d286 @A: 17 28 03 02 | 12
#0700-d286 @A: 25 03 23 11 | 05
#0701-d286 @A: 14 03 04 19 | 09
#0702-d286 @A: 12 03 23 14 | 03
#0703-d286 @A: 01 03 14 06 | 11
#0704-d286 @A: 03 28 23 20 | 01
#0705-d286 @A: 09 03 10 20 | 07
#0706-d286 @A: 06 03 33 32 | 10
#0707-d286 @A: 09 05 17 03 | 02
#0708-d286 @A: 03 05 10 13 | 08
#0709-d286 @A: 22 03 08 11 | 06
#0710-d286 @A: 31 29 28 21 | 04
#0711-d286 @A: 30 29 23 14 | 12
#0712-d286 @A: 29 21 13 23 | 05
#0713-d286 @A: 19 35 29 23 | 09
#0714-d286 @A: 11 30 29 32 | 03
#0715-d286 @A: 12 29 22 33 | 11
#0716-d286 @A: 27 08 28 29 | 01
#0717-d286 @A: 34 22 07 24 | 07
#0718-d286 @A: 15 34 17 10 | 10
#0719-d286 @A: 07 34 02 04 | 02
#0720-d286 @A: 35 25 34 33 | 08
#0721-d286 @A: 34 21 05 26 | 06
#0722-d286 @A: 33 34 31 12 | 04
#0723-d286 @A: 33 34 19 21 | 12
#0724-d286 @A: 32 34 22 21 | 05
#0725-d286 @A: 35 21 08 34 | 09
#0726-d286 @A: 23 19 34 05 | 03
#0727-d286 @A: 35 34 09 04 | 11
#0728-d286 @A: 12 16 34 04 | 01
#0729-d286 @A: 22 11 05 34 | 07
#0730-d286 @A: 16 33 13 34 | 10
#0731-d286 @A: 24 14 15 11 | 02
#0732-d286 @A: 08 23 24 15 | 08
#0733-d286 @A: 24 30 02 28 | 06
#0734-d286 @A: 07 18 01 24 | 04
#0735-d286 @A: 07 24 27 30 | 12
#0736-d286 @A: 17 30 31 24 | 05
#0737-d286 @A: 20 24 18 11 | 09
#0738-d286 @A: 24 05 32 18 | 03
#0739-d286 @A: 14 27 24 20 | 11
#0740-d286 @A: 24 35 20 22 | 01
#0741-d286 @A: 33 24 23 05 | 07
#0742-d286 @A: 24 27 06 17 | 10
#0743-d286 @A: 11 01 13 24 | 02
#0744-d286 @A: 27 24 33 10 | 08
#0745-d286 @A: 35 15 02 25 | 06
#0746-d286 @A: 12 31 15 25 | 04
#0747-d286 @A: 15 10 06 25 | 12
#0748-d286 @A: 15 07 20 22 | 05
#0749-d286 @A: 28 07 15 17 | 09
#0750-d286 @A: 33 14 30 15 | 03
#0751-d286 @A: 15 12 21 32 | 11
#0752-d286 @A: 15 22 13 17 | 01
#0753-d286 @A: 05 16 04 15 | 07
#0754-d286 @A: 10 13 11 15 | 10
#0755-d286 @A: 02 30 25 33 | 02
#0756-d286 @A: 11 25 02 28 | 08
#0757-d286 @A: 02 17 07 26 | 06
#0758-d286 @A: 02 14 05 04 | 04
#0759-d286 @A: 21 02 28 33 | 12
#0760-d286 @A: 16 06 23 02 | 05
#0761-d286 @A: 02 16 12 09 | 09
#0762-d286 @A: 06 02 11 01 | 03
#0763-d286 @A: 02 06 08 35 | 11
#0764-d286 @A: 14 17 09 25 | 01
#0765-d286 @A: 25 21 11 32 | 07
#0766-d286 @A: 16 06 30 25 | 10
#0767-d286 @A: 05 25 09 16 | 02
#0768-d286 @A: 22 25 13 12 | 08
#0769-d286 @A: 22 25 01 27 | 06
#0770-d286 @A: 25 22 28 04 | 04
#0771-d286 @A: 31 16 14 07 | 12
#0772-d286 @A: 31 32 01 07 | 05
#0773-d286 @A: 31 28 07 10 | 09
#0774-d286 @A: 14 18 07 05 | 03
#0775-d286 @A: 30 07 18 12 | 11
#0776-d286 @A: 07 22 21 11 | 01
#0777-d286 @A: 04 07 12 32 | 07
#0778-d286 @A: 07 32 06 17 | 10
#0779-d286 @A: 07 33 35 09 | 02
#0780-d286 @A: 07 27 13 35 | 08
#0781-d286 @A: 30 26 14 01 | 06
#0782-d286 @A: 21 06 26 23 | 04
#0783-d286 @A: 05 32 26 12 | 12
#0784-d286 @A: 08 16 26 23 | 05
#0785-d286 @A: 10 30 13 26 | 09
#0786-d286 @A: 01 26 09 13 | 03
#0787-d286 @A: 28 26 01 05 | 11
#0788-d286 @A: 01 11 26 08 | 01
#0789-d286 @A: 21 31 27 18 | 07
#0790-d286 @A: 18 31 33 23 | 10
#0791-d286 @A: 12 05 31 21 | 02
#0792-d286 @A: 31 13 19 20 | 08
#0793-d286 @A: 31 33 30 32 | 06
#0794-d286 @A: 31 06 33 09 | 04
#0795-d286 @A: 06 16 04 31 | 12
#0796-d286 @A: 35 04 28 31 | 05
#0797-d286 @A: 14 18 32 27 | 09
#0798-d286 @A: 16 18 14 01 | 03
#0799-d286 @A: 16 19 30 18 | 11
#0800-d286 @A: 17 18 12 19 | 01
#0801-d286 @A: 09 18 08 06 | 07
#0802-d286 @A: 18 12 16 06 | 10
#0803-d286 @A: 13 18 10 12 | 02
#0804-d286 @A: 18 35 17 08 | 08
#0805-d286 @A: 18 17 28 13 | 06
#0806-d286 @A: 18 04 17 27 | 04
#0807-d286 @A: 14 06 11 19 | 12
#0808-d286 @A: 14 23 17 10 | 05
#0809-d286 @A: 23 08 14 28 | 09
#0810-d286 @A: 05 14 33 35 | 03
#0811-d286 @A: 28 16 14 06 | 11
#0812-d286 @A: 04 14 11 28 | 01
#0813-d286 @A: 13 32 21 30 | 07
#0814-d286 @A: 33 10 35 21 | 10
#0815-d286 @A: 20 19 06 10 | 02
#0816-d286 @A: 04 19 20 33 | 08
#0817-d286 @A: 09 20 08 04 | 06
#0818-d286 @A: 35 27 11 20 | 04
#0819-d286 @A: 32 23 17 19 | 12
#0820-d286 @A: 22 09 19 35 | 05
#0821-d286 @A: 19 09 11 10 | 09
#0822-d286 @A: 10 12 35 19 | 03
#0823-d286 @A: 19 05 06 13 | 11
#0824-d286 @A: 19 01 27 35 | 01
#0825-d286 @A: 30 32 35 09 | 07
#0826-d286 @A: 09 32 27 16 | 10
#0827-d286 @A: 32 10 01 35 | 02
#0828-d286 @A: 11 22 32 35 | 08
#0829-d286 @A: 06 27 30 23 | 06
#0830-d286 @A: 16 05 23 22 | 04
#0831-d286 @A: 23 13 06 33 | 12
#0832-d286 @A: 01 33 30 12 | 05
#0833-d286 @A: 17 27 30 22 | 09
#0834-d286 @A: 08 11 30 17 | 03
#0835-d286 @A: 33 28 30 17 | 11
#0836-d286 @A: 11 05 30 06 | 01
#0837-d286 @A: 05 35 10 30 | 07
#0838-d286 @A: 13 08 10 04 | 10
#0839-d286 @A: 18 14 29 03 | 02
#0840-d286 @A: 30 13 03 29 | 08
#0841-d286 @A: 33 24 26 03 | 06
#0842-d286 @A: 20 09 24 03 | 04
#0843-d286 @A: 30 16 24 03 | 12
#0844-d286 @A: 24 03 08 10 | 05
#0845-d286 @A: 03 33 15 07 | 09
#0846-d286 @A: 03 16 15 22 | 03
#0847-d286 @A: 20 04 03 02 | 11
#0848-d286 @A: 23 02 08 03 | 01
#0849-d286 @A: 25 22 17 03 | 07
#0850-d286 @A: 13 03 05 25 | 10
#0851-d286 @A: 28 03 32 04 | 02
#0852-d286 @A: 22 09 03 13 | 08
#0853-d286 @A: 01 05 03 27 | 06
#0854-d286 @A: 27 35 10 03 | 04
#0855-d286 @A: 29 24 27 25 | 12
#0856-d286 @A: 28 24 29 20 | 05
#0857-d286 @A: 09 15 07 29 | 09
#0858-d286 @A: 29 18 01 15 | 03
#0859-d286 @A: 29 15 35 21 | 11
#0860-d286 @A: 13 15 19 29 | 01
#0861-d286 @A: 02 05 29 11 | 07
#0862-d286 @A: 29 31 30 04 | 10
#0863-d286 @A: 09 18 29 19 | 02
#0864-d286 @A: 04 29 14 22 | 08
#0865-d286 @A: 29 21 20 12 | 06
#0866-d286 @A: 10 29 08 32 | 04
#0867-d286 @A: 22 29 16 09 | 12
#0868-d286 @A: 01 29 27 10 | 05
#0869-d286 @A: 11 01 29 35 | 09
#0870-d286 @A: 10 31 24 34 | 03
#0871-d286 @A: 34 02 01 27 | 11
#0872-d286 @A: 25 21 34 13 | 01
#0873-d286 @A: 25 34 20 06 | 07
#0874-d286 @A: 07 31 34 13 | 10
#0875-d286 @A: 35 07 34 28 | 02
#0876-d286 @A: 18 32 34 17 | 08
#0877-d286 @A: 28 06 33 34 | 06
#0878-d286 @A: 34 08 10 27 | 04
#0879-d286 @A: 28 04 15 24 | 12
#0880-d286 @A: 21 25 22 24 | 05
#0881-d286 @A: 28 24 25 13 | 09
#0882-d286 @A: 24 23 01 31 | 03
#0883-d286 @A: 24 14 18 22 | 11
#0884-d286 @A: 23 14 24 06 | 01
#0885-d286 @A: 32 24 21 33 | 07
#0886-d286 @A: 27 24 04 12 | 10
#0887-d286 @A: 28 01 08 24 | 02
#0888-d286 @A: 26 15 25 20 | 08
#0889-d286 @A: 25 15 14 01 | 06
#0890-d286 @A: 07 16 15 32 | 04
#0891-d286 @A: 15 07 10 05 | 12
#0892-d286 @A: 33 15 26 23 | 05
#0893-d286 @A: 15 31 05 32 | 09
#0894-d286 @A: 21 15 17 27 | 03
#0895-d286 @A: 15 06 19 09 | 11
#0896-d286 @A: 35 01 15 09 | 01
#0897-d286 @A: 04 15 11 22 | 07
#0898-d286 @A: 13 20 25 02 | 10
#0899-d286 @A: 33 02 07 32 | 02
#0900-d286 @A: 02 13 31 26 | 08
#0901-d286 @A: 20 26 02 28 | 06
#0902-d286 @A: 32 02 31 08 | 04
#0903-d286 @A: 30 18 06 02 | 12
#0904-d286 @A: 14 01 02 33 | 05
#0905-d286 @A: 27 05 21 02 | 09
#0906-d286 @A: 02 33 27 17 | 03
#0907-d286 @A: 10 35 02 17 | 11
#0908-d286 @A: 02 04 33 16 | 01
#0909-d286 @A: 25 27 07 20 | 07
#0910-d286 @A: 07 23 25 08 | 10
#0911-d286 @A: 19 26 25 09 | 02
#0912-d286 @A: 25 04 26 01 | 08
#0913-d286 @A: 32 06 25 14 | 06
#0914-d286 @A: 17 20 19 25 | 04
#0915-d286 @A: 25 20 05 28 | 12
#0916-d286 @A: 08 25 06 28 | 05
#0917-d286 @A: 04 25 33 27 | 09
#0918-d286 @A: 14 22 07 26 | 03
#0919-d286 @A: 21 07 23 30 | 11
#0920-d286 @A: 10 07 20 04 | 01
#0921-d286 @A: 06 07 23 19 | 07
#0922-d286 @A: 07 17 01 13 | 10
#0923-d286 @A: 10 07 11 22 | 02
#0924-d286 @A: 05 14 26 06 | 08
#0925-d286 @A: 32 26 20 04 | 06
#0926-d286 @A: 22 11 26 09 | 04
#0927-d286 @A: 10 26 05 01 | 12
#0928-d286 @A: 13 05 26 35 | 05
#0929-d286 @A: 11 04 26 16 | 09
#0930-d286 @A: 31 14 05 19 | 03
#0931-d286 @A: 31 14 19 10 | 11
#0932-d286 @A: 32 09 31 21 | 01
#0933-d286 @A: 22 21 31 23 | 07
#0934-d286 @A: 28 19 30 31 | 10
#0935-d286 @A: 22 10 32 31 | 02
#0936-d286 @A: 33 28 31 08 | 08
#0937-d286 @A: 18 23 14 17 | 06
#0938-d286 @A: 18 19 11 23 | 04
#0939-d286 @A: 18 09 16 35 | 12
#0940-d286 @A: 33 18 11 12 | 05
#0941-d286 @A: 22 28 18 05 | 09
#0942-d286 @A: 01 11 18 28 | 03
#0943-d286 @A: 33 35 18 01 | 11
#0944-d286 @A: 30 10 06 14 | 01
#0945-d286 @A: 08 05 14 01 | 07
#0946-d286 @A: 13 14 35 04 | 10
#0947-d286 @A: 20 17 32 21 | 02
#0948-d286 @A: 23 21 32 08 | 08
#0949-d286 @A: 23 10 21 05 | 06
#0950-d286 @A: 16 01 21 06 | 04
#0951-d286 @A: 22 06 35 21 | 12
#0952-d286 @A: 19 20 27 12 | 05
#0953-d286 @A: 06 28 20 19 | 09
#0954-d286 @A: 20 09 27 13 | 03
#0955-d286 @A: 23 19 22 33 | 11
#0956-d286 @A: 08 19 09 33 | 01
#0957-d286 @A: 05 19 27 11 | 07
#0958-d286 @A: 19 04 13 01 | 10
#0959-d286 @A: 13 08 19 28 | 02
#0960-d286 @A: 09 17 32 04 | 08
#0961-d286 @A: 22 32 09 33 | 06
#0962-d286 @A: 05 28 32 33 | 04
#0963-d286 @A: 27 32 01 33 | 12
#0964-d286 @A: 06 28 27 32 | 05
#0965-d286 @A: 23 30 12 28 | 09
#0966-d286 @A: 12 27 23 05 | 03
#0967-d286 @A: 12 04 08 23 | 11
#0968-d286 @A: 23 35 11 17 | 01
#0969-d286 @A: 33 11 27 23 | 07
#0970-d286 @A: 30 09 10 27 | 10
#0971-d286 @A: 05 30 04 12 | 02
#0972-d286 @A: 13 09 10 33 | 08
#0973-d286 @A: 10 08 22 05 | 06
#0974-d286 @A: 22 16 13 10 | 04
#0975-d286 @A: 03 04 29 15 | 12
#0976-d286 @A: 03 19 28 29 | 05
#0977-d286 @A: 01 03 31 34 | 09
#0978-d286 @A: 20 34 13 03 | 03
#0979-d286 @A: 24 08 25 03 | 11
#0980-d286 @A: 28 03 24 18 | 01
#0981-d286 @A: 03 24 32 11 | 07
#0982-d286 @A: 03 10 15 21 | 10
#0983-d286 @A: 22 21 03 02 | 02
#0984-d286 @A: 33 19 02 03 | 08
#0985-d286 @A: 26 25 06 03 | 06
#0986-d286 @A: 07 26 28 03 | 04
#0987-d286 @A: 03 23 26 30 | 12
#0988-d286 @A: 05 03 31 10 | 05
#0989-d286 @A: 16 33 14 03 | 09
#0990-d286 @A: 20 06 21 03 | 03
#0991-d286 @A: 03 09 12 30 | 11
#0992-d286 @A: 03 08 05 04 | 01
#0993-d286 @A: 03 35 28 01 | 07
#0994-d286 @A: 24 21 02 29 | 10
#0995-d286 @A: 29 24 30 35 | 02
#0996-d286 @A: 35 29 15 10 | 08
#0997-d286 @A: 16 14 29 02 | 06
#0998-d286 @A: 29 23 02 10 | 04
#0999-d286 @A: 02 29 01 22 | 12
#1000-d286 @A: 29 13 02 33 | 05
#1001-d286 @A: 29 33 19 25 | 09
#1002-d286 @A: 22 30 25 29 | 03
#1003-d286 @A: 06 26 29 07 | 11
#1004-d286 @A: 29 21 26 16 | 01
#1005-d286 @A: 08 26 29 32 | 07
#1006-d286 @A: 32 31 29 20 | 10
#1007-d286 @A: 29 06 09 28 | 02
#1008-d286 @A: 12 17 05 29 | 08
#1009-d286 @A: 04 11 29 12 | 06
#1010-d286 @A: 17 29 28 01 | 04
#1011-d286 @A: 29 04 17 16 | 12
#1012-d286 @A: 04 29 05 27 | 05
#1013-d286 @A: 16 33 29 01 | 09
#1014-d286 @A: 29 28 35 16 | 03
#1015-d286 @A: 24 14 34 08 | 11
#1016-d286 @A: 15 34 35 18 | 01
#1017-d286 @A: 15 04 34 32 | 07
#1018-d286 @A: 22 26 34 02 | 10
#1019-d286 @A: 34 25 16 18 | 02
#1020-d286 @A: 34 09 25 32 | 08
#1021-d286 @A: 26 19 34 08 | 06
#1022-d286 @A: 21 34 01 10 | 04
#1023-d286 @A: 34 10 30 23 | 12
#1024-d286 @A: 30 34 17 13 | 05
#1025-d286 @A: 09 12 13 34 | 09
#1026-d286 @A: 34 17 16 06 | 03
#1027-d286 @A: 34 05 16 35 | 11
#1028-d286 @A: 15 02 24 16 | 01
#1029-d286 @A: 15 13 26 24 | 07
#1030-d286 @A: 35 32 24 15 | 10
#1031-d286 @A: 20 02 06 24 | 02
#1032-d286 @A: 24 02 32 27 | 08
#1033-d286 @A: 24 07 23 28 | 06
#1034-d286 @A: 07 08 06 24 | 04
#1035-d286 @A: 11 26 10 24 | 12
#1036-d286 @A: 24 17 30 10 | 05
#1037-d286 @A: 14 10 15 02 | 09
#1038-d286 @A: 19 31 15 33 | 03
#1039-d286 @A: 14 15 20 32 | 11
#1040-d286 @A: 20 12 15 30 | 01
#1041-d286 @A: 15 04 12 09 | 07
#1042-d286 @A: 05 15 27 09 | 10
#1043-d286 @A: 28 13 15 06 | 02
#1044-d286 @A: 08 02 25 21 | 08
#1045-d286 @A: 01 23 02 25 | 06
#1046-d286 @A: 14 27 02 07 | 04
#1047-d286 @A: 02 26 04 27 | 12
#1048-d286 @A: 02 31 05 09 | 05
#1049-d286 @A: 28 14 02 32 | 09
#1050-d286 @A: 30 12 02 21 | 03
#1051-d286 @A: 22 02 19 32 | 11
#1052-d286 @A: 02 13 17 16 | 01
#1053-d286 @A: 01 19 31 25 | 07
#1054-d286 @A: 33 25 21 23 | 10
#1055-d286 @A: 12 05 01 25 | 02
#1056-d286 @A: 25 12 35 04 | 08
#1057-d286 @A: 05 25 33 06 | 06
#1058-d286 @A: 08 11 05 25 | 04
#1059-d286 @A: 16 26 18 07 | 12
#1060-d286 @A: 01 26 07 12 | 05
#1061-d286 @A: 31 07 04 27 | 09
#1062-d286 @A: 07 13 19 32 | 03
#1063-d286 @A: 07 30 09 19 | 11
#1064-d286 @A: 10 08 19 07 | 01
#1065-d286 @A: 07 30 28 32 | 07
#1066-d286 @A: 07 12 32 10 | 10
#1067-d286 @A: 07 33 30 22 | 02
#1068-d286 @A: 11 07 05 17 | 08
#1069-d286 @A: 20 26 18 31 | 06
#1070-d286 @A: 26 35 18 19 | 04
#1071-d286 @A: 26 14 04 23 | 12
#1072-d286 @A: 21 22 26 20 | 05
#1073-d286 @A: 17 30 21 26 | 09
#1074-d286 @A: 26 12 19 23 | 03
#1075-d286 @A: 28 08 26 30 | 11
#1076-d286 @A: 13 12 16 26 | 01
#1077-d286 @A: 26 06 17 13 | 07
#1078-d286 @A: 17 28 26 04 | 10
#1079-d286 @A: 26 33 16 05 | 02
#1080-d286 @A: 33 04 26 08 | 08
#1081-d286 @A: 14 12 31 32 | 06
#1082-d286 @A: 31 01 12 27 | 04
#1083-d286 @A: 31 17 16 11 | 12
#1084-d286 @A: 10 17 31 16 | 05
#1085-d286 @A: 27 35 22 31 | 09
#1086-d286 @A: 19 18 14 33 | 03
#1087-d286 @A: 18 22 20 10 | 11
#1088-d286 @A: 19 01 18 32 | 01
#1089-d286 @A: 04 18 32 30 | 07
#1090-d286 @A: 17 22 18 09 | 10
#1091-d286 @A: 17 18 05 06 | 02
#1092-d286 @A: 04 18 10 35 | 08
#1093-d286 @A: 16 32 21 14 | 06
#1094-d286 @A: 14 19 09 23 | 04
#1095-d286 @A: 32 23 33 14 | 12
#1096-d286 @A: 14 12 16 35 | 05
#1097-d286 @A: 13 14 27 17 | 09
#1098-d286 @A: 14 33 13 08 | 03
#1099-d286 @A: 12 10 21 19 | 11
#1100-d286 @A: 13 16 09 21 | 01
#1101-d286 @A: 09 06 21 04 | 07
#1102-d286 @A: 12 22 28 21 | 10
#1103-d286 @A: 05 21 17 22 | 02
#1104-d286 @A: 01 22 21 04 | 08
#1105-d286 @A: 04 17 20 30 | 06
#1106-d286 @A: 12 28 33 20 | 04
#1107-d286 @A: 27 06 20 33 | 12
#1108-d286 @A: 01 19 08 06 | 05
#1109-d286 @A: 19 01 33 11 | 09
#1110-d286 @A: 32 08 12 09 | 03
#1111-d286 @A: 32 09 06 01 | 11
#1112-d286 @A: 32 17 10 06 | 01
#1113-d286 @A: 22 16 32 04 | 07
#1114-d286 @A: 13 32 27 22 | 10
#1115-d286 @A: 35 33 32 04 | 02
#1116-d286 @A: 11 09 16 23 | 08
#1117-d286 @A: 04 23 01 10 | 06
#1118-d286 @A: 06 10 23 08 | 04
#1119-d286 @A: 12 10 04 27 | 12
#1120-d286 @A: 10 03 29 12 | 05
#1121-d286 @A: 03 06 02 15 | 09
#1122-d286 @A: 15 09 21 03 | 03
#1123-d286 @A: 18 16 02 03 | 11
#1124-d286 @A: 03 18 07 06 | 01
#1125-d286 @A: 27 07 23 03 | 07
#1126-d286 @A: 21 03 26 12 | 10
#1127-d286 @A: 11 26 13 03 | 02
#1128-d286 @A: 13 32 31 03 | 08
#1129-d286 @A: 03 19 23 01 | 06
#1130-d286 @A: 27 03 19 30 | 04
#1131-d286 @A: 01 03 16 17 | 12
#1132-d286 @A: 17 04 03 35 | 05
#1133-d286 @A: 03 16 28 08 | 09
#1134-d286 @A: 03 06 13 35 | 03
#1135-d286 @A: 34 29 09 24 | 11
#1136-d286 @A: 15 29 24 33 | 01
#1137-d286 @A: 02 28 15 29 | 07
#1138-d286 @A: 16 25 29 15 | 10
#1139-d286 @A: 15 17 20 29 | 02
#1140-d286 @A: 30 15 08 29 | 08
#1141-d286 @A: 35 02 29 07 | 06
#1142-d286 @A: 18 02 29 27 | 04
#1143-d286 @A: 29 09 31 25 | 12
#1144-d286 @A: 22 29 19 26 | 05
#1145-d286 @A: 35 04 26 29 | 09
#1146-d286 @A: 31 18 13 29 | 03
#1147-d286 @A: 31 29 23 16 | 11
#1148-d286 @A: 06 32 21 29 | 01
#1149-d286 @A: 19 16 29 32 | 07
#1150-d286 @A: 01 29 23 32 | 10
#1151-d286 @A: 17 33 29 32 | 02
#1152-d286 @A: 05 22 32 29 | 08
#1153-d286 @A: 27 12 35 29 | 06
#1154-d286 @A: 02 34 13 24 | 04
#1155-d286 @A: 02 15 34 11 | 12
#1156-d286 @A: 14 34 28 15 | 05
#1157-d286 @A: 13 15 34 23 | 09
#1158-d286 @A: 15 34 30 05 | 03
#1159-d286 @A: 02 17 34 25 | 11
#1160-d286 @A: 18 34 07 11 | 01
#1161-d286 @A: 14 34 22 23 | 07
#1162-d286 @A: 27 09 34 21 | 10
#1163-d286 @A: 09 20 22 34 | 02
#1164-d286 @A: 10 11 32 34 | 08
#1165-d286 @A: 17 34 22 33 | 06
#1166-d286 @A: 10 06 34 05 | 04
#1167-d286 @A: 06 04 34 01 | 12
#1168-d286 @A: 34 22 16 08 | 05
#1169-d286 @A: 34 27 28 13 | 09
#1170-d286 @A: 04 11 34 33 | 03
#1171-d286 @A: 12 24 15 22 | 11
#1172-d286 @A: 24 02 26 35 | 01
#1173-d286 @A: 20 01 25 24 | 07
#1174-d286 @A: 07 10 18 24 | 10
#1175-d286 @A: 07 20 24 04 | 02
#1176-d286 @A: 12 26 24 11 | 08
#1177-d286 @A: 30 24 13 18 | 06
#1178-d286 @A: 24 19 14 35 | 04
#1179-d286 @A: 21 23 35 24 | 12
#1180-d286 @A: 24 20 13 12 | 05
#1181-d286 @A: 19 09 13 24 | 09
#1182-d286 @A: 05 08 09 24 | 03
#1183-d286 @A: 12 06 24 01 | 11
#1184-d286 @A: 16 17 24 35 | 01
#1185-d286 @A: 17 13 04 24 | 07
#1186-d286 @A: 04 24 35 01 | 10
#1187-d286 @A: 33 35 28 24 | 02
#1188-d286 @A: 22 02 27 15 | 08
#1189-d286 @A: 15 07 06 25 | 06
#1190-d286 @A: 07 15 19 21 | 04
#1191-d286 @A: 07 30 15 13 | 12
#1192-d286 @A: 06 26 15 18 | 05
#1193-d286 @A: 26 27 15 30 | 09
#1194-d286 @A: 15 18 28 31 | 03
#1195-d286 @A: 08 15 31 35 | 11
#1196-d286 @A: 08 15 18 14 | 01
#1197-d286 @A: 28 35 20 15 | 07
#1198-d286 @A: 32 19 15 11 | 10
#1199-d286 @A: 17 05 15 33 | 02
#1200-d286 @A: 17 15 06 35 | 08
#1201-d286 @A: 15 11 13 05 | 06
#1202-d286 @A: 06 01 27 15 | 04
#1203-d286 @A: 11 06 16 15 | 12
#1204-d286 @A: 27 15 04 08 | 05
#1205-d286 @A: 33 15 04 13 | 09
#1206-d286 @A: 33 27 35 15 | 03
#1207-d286 @A: 02 07 21 06 | 11
#1208-d286 @A: 26 02 21 09 | 01
#1209-d286 @A: 26 02 30 05 | 07
#1210-d286 @A: 33 26 10 02 | 10
#1211-d286 @A: 02 11 32 20 | 02
#1212-d286 @A: 23 02 20 05 | 08
#1213-d286 @A: 28 12 02 35 | 06
#1214-d286 @A: 17 02 08 22 | 04
#1215-d286 @A: 13 02 35 01 | 12
#1216-d286 @A: 27 16 02 28 | 05
#1217-d286 @A: 07 25 32 22 | 09
#1218-d286 @A: 22 14 25 35 | 03
#1219-d286 @A: 25 20 35 10 | 11
#1220-d286 @A: 25 28 12 09 | 01
#1221-d286 @A: 25 16 28 17 | 07
#1222-d286 @A: 26 31 07 08 | 10
#1223-d286 @A: 26 20 09 07 | 02
#1224-d286 @A: 14 07 30 06 | 08
#1225-d286 @A: 05 20 08 07 | 06
#1226-d286 @A: 30 07 10 04 | 04
#1227-d286 @A: 17 26 18 01 | 12
#1228-d286 @A: 20 13 26 23 | 05
#1229-d286 @A: 17 10 26 12 | 09
#1230-d286 @A: 16 27 01 26 | 03
#1231-d286 @A: 28 06 26 11 | 11
#1232-d286 @A: 18 31 11 09 | 01
#1233-d286 @A: 31 14 30 09 | 07
#1234-d286 @A: 16 20 31 30 | 10
#1235-d286 @A: 23 31 08 19 | 02
#1236-d286 @A: 23 32 31 28 | 08
#1237-d286 @A: 09 31 10 06 | 06
#1238-d286 @A: 08 11 12 31 | 04
#1239-d286 @A: 05 33 13 31 | 12
#1240-d286 @A: 18 33 04 06 | 05
#1241-d286 @A: 10 11 18 08 | 09
#1242-d286 @A: 35 10 09 14 | 03
#1243-d286 @A: 05 12 13 14 | 11
#1244-d286 @A: 04 14 27 16 | 01
#1245-d286 @A: 14 35 06 27 | 07
#1246-d286 @A: 08 17 01 21 | 10
#1247-d286 @A: 28 21 11 08 | 02
#1248-d286 @A: 19 09 20 32 | 08
#1249-d286 @A: 32 20 22 28 | 06
#1250-d286 @A: 13 08 20 32 | 04
#1251-d286 @A: 16 04 20 35 | 12
#1252-d286 @A: 19 05 35 28 | 05
#1253-d286 @A: 05 04 19 10 | 09
#1254-d286 @A: 19 22 16 06 | 03
#1255-d286 @A: 28 12 16 32 | 11
#1256-d286 @A: 05 23 17 30 | 01
#1257-d286 @A: 01 16 23 12 | 07
#1258-d286 @A: 27 08 17 23 | 10
#1259-d286 @A: 05 30 09 22 | 02
#1260-d286 @A: 09 17 10 22 | 08
#1261-d286 @A: 11 10 05 27 | 06
#1262-d286 @A: 01 28 10 11 | 04
#1263-d286 @A: 25 03 07 34 | 12
#1264-d286 @A: 03 33 34 27 | 05
#1265-d286 @A: 02 01 03 24 | 09
#1266-d286 @A: 03 24 17 07 | 03
#1267-d286 @A: 11 03 15 31 | 11
#1268-d286 @A: 02 12 03 31 | 01
#1269-d286 @A: 03 25 14 10 | 07
#1270-d286 @A: 03 07 16 04 | 10
#1271-d286 @A: 18 27 03 26 | 02
#1272-d286 @A: 28 05 03 31 | 08
#1273-d286 @A: 14 08 03 30 | 06
#1274-d286 @A: 03 19 08 21 | 04
#1275-d286 @A: 35 11 03 05 | 12
#1276-d286 @A: 13 01 03 08 | 05
#1277-d286 @A: 05 34 07 29 | 09
#1278-d286 @A: 17 29 26 34 | 03
#1279-d286 @A: 34 29 23 27 | 11
#1280-d286 @A: 14 24 01 29 | 01
#1281-d286 @A: 13 24 16 29 | 07
#1282-d286 @A: 11 26 15 29 | 10
#1283-d286 @A: 02 20 09 29 | 02
#1284-d286 @A: 25 17 29 21 | 08
#1285-d286 @A: 23 25 05 29 | 06
#1286-d286 @A: 13 35 29 25 | 04
#1287-d286 @A: 14 31 29 17 | 12
#1288-d286 @A: 29 04 10 31 | 05
#1289-d286 @A: 29 35 14 32 | 09
#1290-d286 @A: 29 11 14 33 | 03
#1291-d286 @A: 13 29 12 01 | 11
#1292-d286 @A: 17 06 11 29 | 01
#1293-d286 @A: 22 29 17 35 | 07
#1294-d286 @A: 21 14 34 02 | 10
#1295-d286 @A: 31 34 25 08 | 02
#1296-d286 @A: 17 07 34 21 | 08
#1297-d286 @A: 07 34 19 20 | 06
#1298-d286 @A: 30 07 34 08 | 04
#1299-d286 @A: 26 13 34 32 | 12
#1300-d286 @A: 26 34 30 35 | 05
#1301-d286 @A: 34 31 30 27 | 09
#1302-d286 @A: 34 14 16 30 | 03
#1303-d286 @A: 06 30 21 34 | 11
#1304-d286 @A: 34 20 32 05 | 01
#1305-d286 @A: 27 19 34 32 | 07
#1306-d286 @A: 08 04 28 34 | 10
#1307-d286 @A: 08 18 02 24 | 02
#1308-d286 @A: 24 19 17 02 | 08
#1309-d286 @A: 04 02 09 24 | 06
#1310-d286 @A: 24 14 07 13 | 04
#1311-d286 @A: 24 05 07 21 | 12
#1312-d286 @A: 12 24 23 18 | 05
#1313-d286 @A: 21 24 30 09 | 09
#1314-d286 @A: 10 24 09 21 | 03
#1315-d286 @A: 35 05 27 24 | 11
#1316-d286 @A: 24 06 10 28 | 01
#1317-d286 @A: 25 33 28 15 | 07
#1318-d286 @A: 26 28 15 32 | 10
#1319-d286 @A: 17 12 26 15 | 02
#1320-d286 @A: 21 18 15 04 | 08
#1321-d286 @A: 17 30 18 15 | 06
#1322-d286 @A: 27 15 20 16 | 04
#1323-d286 @A: 30 35 15 19 | 12
#1324-d286 @A: 01 15 05 23 | 05
#1325-d286 @A: 12 33 16 15 | 09
#1326-d286 @A: 08 05 15 28 | 03
#1327-d286 @A: 33 16 10 15 | 11
#1328-d286 @A: 31 02 04 25 | 01
#1329-d286 @A: 25 09 02 22 | 07
#1330-d286 @A: 18 02 07 22 | 10
#1331-d286 @A: 26 06 19 02 | 02
#1332-d286 @A: 20 22 31 02 | 08
#1333-d286 @A: 31 23 27 02 | 06
#1334-d286 @A: 11 21 10 02 | 04
#1335-d286 @A: 02 13 05 32 | 12
#1336-d286 @A: 35 02 32 16 | 05
#1337-d286 @A: 25 18 26 08 | 09
#1338-d286 @A: 26 22 05 25 | 03
#1339-d286 @A: 14 25 13 31 | 11
#1340-d286 @A: 31 25 30 05 | 01
#1341-d286 @A: 18 17 25 33 | 07
#1342-d286 @A: 25 21 14 04 | 10
#1343-d286 @A: 33 25 20 32 | 02
#1344-d286 @A: 33 25 16 22 | 08
#1345-d286 @A: 23 07 31 12 | 06
#1346-d286 @A: 35 30 31 07 | 04
#1347-d286 @A: 21 33 07 14 | 12
#1348-d286 @A: 07 23 14 01 | 05
#1349-d286 @A: 20 23 33 07 | 09
#1350-d286 @A: 07 27 17 09 | 03
#1351-d286 @A: 28 04 06 07 | 11
#1352-d286 @A: 06 10 07 33 | 01
#1353-d286 @A: 26 19 17 31 | 07
#1354-d286 @A: 27 31 26 10 | 10
#1355-d286 @A: 20 26 14 12 | 02
#1356-d286 @A: 20 26 19 16 | 08
#1357-d286 @A: 09 32 23 26 | 06
#1358-d286 @A: 09 04 26 05 | 04
#1359-d286 @A: 09 28 26 16 | 12
#1360-d286 @A: 16 26 06 35 | 05
#1361-d286 @A: 10 35 26 08 | 09
#1362-d286 @A: 35 14 18 31 | 03
#1363-d286 @A: 18 23 31 10 | 11
#1364-d286 @A: 12 18 04 31 | 01
#1365-d286 @A: 08 31 21 14 | 07
#1366-d286 @A: 31 08 09 01 | 10
#1367-d286 @A: 17 06 08 31 | 02
#1368-d286 @A: 16 35 31 01 | 08
#1369-d286 @A: 04 31 11 13 | 06
#1370-d286 @A: 21 32 28 18 | 04
#1371-d286 @A: 21 18 05 30 | 12
#1372-d286 @A: 20 01 18 23 | 05
#1373-d286 @A: 22 16 20 18 | 09
#1374-d286 @A: 08 11 18 32 | 03
#1375-d286 @A: 35 27 30 18 | 11
#1376-d286 @A: 13 05 18 16 | 01
#1377-d286 @A: 18 08 04 01 | 07
#1378-d286 @A: 18 22 33 08 | 10
#1379-d286 @A: 20 14 16 23 | 02
#1380-d286 @A: 09 20 14 05 | 08
#1381-d286 @A: 05 30 32 14 | 06
#1382-d286 @A: 22 14 17 32 | 04
#1383-d286 @A: 27 23 21 20 | 12
#1384-d286 @A: 32 21 10 30 | 05
#1385-d286 @A: 11 21 12 09 | 09
#1386-d286 @A: 21 09 22 08 | 03
#1387-d286 @A: 17 21 08 10 | 11
#1388-d286 @A: 05 28 21 04 | 01
#1389-d286 @A: 16 21 27 22 | 07
#1390-d286 @A: 09 20 35 17 | 10
#1391-d286 @A: 11 09 06 20 | 02
#1392-d286 @A: 17 20 16 12 | 08
#1393-d286 @A: 27 28 20 04 | 06
#1394-d286 @A: 04 11 19 17 | 04
#1395-d286 @A: 10 01 19 13 | 12
#1396-d286 @A: 23 01 17 09 | 05
#1397-d286 @A: 05 06 09 23 | 09
#1398-d286 @A: 27 01 23 04 | 03
#1399-d286 @A: 28 04 23 16 | 11
#1400-d286 @A: 09 16 30 17 | 01
#1401-d286 @A: 33 11 30 09 | 07
#1402-d286 @A: 30 13 08 12 | 10
#1403-d286 @A: 05 28 30 16 | 02
#1404-d286 @A: 35 30 04 06 | 08
#1405-d286 @A: 04 34 03 26 | 06
#1406-d286 @A: 17 34 14 03 | 04
#1407-d286 @A: 09 03 19 34 | 12
#1408-d286 @A: 06 34 23 03 | 05
#1409-d286 @A: 10 33 03 34 | 09
#1410-d286 @A: 18 03 12 15 | 03
#1411-d286 @A: 03 32 02 25 | 11
#1412-d286 @A: 02 35 03 30 | 01
#1413-d286 @A: 03 01 33 25 | 07
#1414-d286 @A: 14 07 35 03 | 10
#1415-d286 @A: 05 07 03 30 | 02
#1416-d286 @A: 16 31 03 26 | 08
#1417-d286 @A: 20 35 03 19 | 06
#1418-d286 @A: 30 17 03 32 | 04
#1419-d286 @A: 03 28 10 32 | 12
#1420-d286 @A: 06 16 09 03 | 05
#1421-d286 @A: 03 01 12 04 | 09
#1422-d286 @A: 11 16 03 12 | 03
#1423-d286 @A: 03 33 08 17 | 11
#1424-d286 @A: 29 34 13 14 | 01
#1425-d286 @A: 34 01 21 29 | 07
#1426-d286 @A: 34 06 19 29 | 10
#1427-d286 @A: 29 10 34 13 | 02
#1428-d286 @A: 23 22 29 15 | 08
#1429-d286 @A: 04 23 02 29 | 06
#1430-d286 @A: 31 29 07 11 | 04
#1431-d286 @A: 29 14 07 10 | 12
#1432-d286 @A: 26 29 27 13 | 05
#1433-d286 @A: 33 31 29 27 | 09
#1434-d286 @A: 20 35 29 18 | 03
#1435-d286 @A: 18 08 29 05 | 11
#1436-d286 @A: 11 16 18 29 | 01
#1437-d286 @A: 29 22 10 21 | 07
#1438-d286 @A: 29 27 22 20 | 10
#1439-d286 @A: 30 29 19 01 | 02
#1440-d286 @A: 29 30 12 06 | 08
#1441-d286 @A: 35 09 29 08 | 06
#1442-d286 @A: 05 29 28 13 | 04
#1443-d286 @A: 04 34 25 24 | 12
#1444-d286 @A: 21 11 34 24 | 05
#1445-d286 @A: 09 15 33 34 | 09
#1446-d286 @A: 02 35 34 19 | 03
#1447-d286 @A: 06 02 34 32 | 11
#1448-d286 @A: 30 02 09 34 | 01
#1449-d286 @A: 19 26 10 34 | 07
#1450-d286 @A: 23 34 12 21 | 10
#1451-d286 @A: 16 28 34 21 | 02
#1452-d286 @A: 34 35 20 23 | 08
#1453-d286 @A: 19 34 11 16 | 06
#1454-d286 @A: 09 05 28 34 | 04
#1455-d286 @A: 34 13 35 11 | 12
#1456-d286 @A: 10 02 24 01 | 05
#1457-d286 @A: 25 18 35 24 | 09
#1458-d286 @A: 33 14 24 25 | 03
#1459-d286 @A: 31 24 09 26 | 11
#1460-d286 @A: 24 08 26 20 | 01
#1461-d286 @A: 11 31 27 24 | 07
#1462-d286 @A: 14 24 04 30 | 10
#1463-d286 @A: 10 05 14 24 | 02
#1464-d286 @A: 17 33 24 01 | 08
#1465-d286 @A: 24 06 33 11 | 06
#1466-d286 @A: 33 22 24 04 | 04
#1467-d286 @A: 13 02 21 15 | 12
#1468-d286 @A: 12 02 23 15 | 05
#1469-d286 @A: 04 23 15 25 | 09
#1470-d286 @A: 07 23 15 11 | 03
#1471-d286 @A: 15 10 20 31 | 11
#1472-d286 @A: 15 21 11 20 | 01
#1473-d286 @A: 23 21 28 15 | 07
#1474-d286 @A: 30 16 15 21 | 10
#1475-d286 @A: 20 19 01 15 | 02
#1476-d286 @A: 20 09 15 23 | 08
#1477-d286 @A: 06 15 20 08 | 06
#1478-d286 @A: 01 15 17 04 | 04
#1479-d286 @A: 08 15 01 16 | 12
#1480-d286 @A: 25 12 07 02 | 05
#1481-d286 @A: 31 02 12 10 | 09
#1482-d286 @A: 14 02 17 11 | 03
#1483-d286 @A: 16 30 08 02 | 11
#1484-d286 @A: 02 06 17 09 | 01
#1485-d286 @A: 25 07 21 16 | 07
#1486-d286 @A: 21 27 25 26 | 10
#1487-d286 @A: 30 13 25 26 | 02
#1488-d286 @A: 25 33 11 26 | 08
#1489-d286 @A: 31 25 22 18 | 06
#1490-d286 @A: 18 10 25 01 | 04
#1491-d286 @A: 14 25 27 23 | 12
#1492-d286 @A: 32 25 16 23 | 05
#1493-d286 @A: 06 04 25 17 | 09
#1494-d286 @A: 16 08 35 25 | 03
#1495-d286 @A: 25 16 13 04 | 11
#1496-d286 @A: 07 23 35 26 | 01
#1497-d286 @A: 20 07 31 21 | 07
#1498-d286 @A: 31 07 06 05 | 10
#1499-d286 @A: 18 19 08 07 | 02
#1500-d286 @A: 07 14 28 19 | 08
#1501-d286 @A: 17 07 35 19 | 06
#1502-d286 @A: 09 13 07 05 | 04
#1503-d286 @A: 33 07 17 12 | 12
#1504-d286 @A: 12 06 13 07 | 05
#1505-d286 @A: 04 08 13 07 | 09
#1506-d286 @A: 26 23 20 10 | 03
#1507-d286 @A: 33 19 32 26 | 11
#1508-d286 @A: 35 26 09 12 | 01
#1509-d286 @A: 26 35 28 22 | 07
#1510-d286 @A: 09 31 27 19 | 10
#1511-d286 @A: 30 13 31 22 | 02
#1512-d286 @A: 05 01 31 11 | 08
#1513-d286 @A: 13 14 09 18 | 06
#1514-d286 @A: 17 16 21 18 | 04
#1515-d286 @A: 10 18 32 19 | 12
#1516-d286 @A: 17 12 14 01 | 05
#1517-d286 @A: 12 14 01 10 | 09
#1518-d286 @A: 06 17 14 33 | 03
#1519-d286 @A: 14 10 22 27 | 11
#1520-d286 @A: 14 10 35 11 | 01
#1521-d286 @A: 05 21 16 20 | 07
#1522-d286 @A: 19 21 30 22 | 10
#1523-d286 @A: 21 27 33 12 | 02
#1524-d286 @A: 04 11 23 20 | 08
#1525-d286 @A: 13 22 20 04 | 06
#1526-d286 @A: 17 19 28 10 | 04
#1527-d286 @A: 19 10 16 27 | 12
#1528-d286 @A: 28 19 27 33 | 05
#1529-d286 @A: 17 28 32 11 | 09
#1530-d286 @A: 32 01 35 05 | 03
#1531-d286 @A: 10 23 09 12 | 11
#1532-d286 @A: 17 22 12 23 | 01
#1533-d286 @A: 17 23 06 28 | 07
#1534-d286 @A: 28 23 05 11 | 10
#1535-d286 @A: 01 35 06 23 | 02
#1536-d286 @A: 01 22 28 23 | 08
#1537-d286 @A: 08 23 22 35 | 06
#1538-d286 @A: 30 09 28 01 | 04
#1539-d286 @A: 27 30 04 09 | 12
#1540-d286 @A: 12 16 30 22 | 05
#1541-d286 @A: 16 30 01 04 | 09
#1542-d286 @A: 22 30 01 35 | 03
#1543-d286 @A: 30 06 22 28 | 11
#1544-d286 @A: 10 04 33 17 | 01
#1545-d286 @A: 03 29 01 20 | 07
#1546-d286 @A: 08 15 34 03 | 10
#1547-d286 @A: 34 30 03 11 | 02
#1548-d286 @A: 05 24 14 03 | 08
#1549-d286 @A: 23 15 17 03 | 06
#1550-d286 @A: 11 27 02 03 | 04
#1551-d286 @A: 14 32 03 26 | 12
#1552-d286 @A: 21 17 03 31 | 05
#1553-d286 @A: 31 23 03 04 | 09
#1554-d286 @A: 21 23 03 16 | 03
#1555-d286 @A: 33 30 21 03 | 11
#1556-d286 @A: 09 01 03 11 | 01
#1557-d286 @A: 03 27 09 28 | 07
#1558-d286 @A: 10 11 03 17 | 10
#1559-d286 @A: 28 33 11 03 | 02
#1560-d286 @A: 11 29 25 34 | 08
#1561-d286 @A: 12 31 24 29 | 06
#1562-d286 @A: 29 19 24 04 | 04
#1563-d286 @A: 29 24 22 08 | 12
#1564-d286 @A: 29 30 02 17 | 05
#1565-d286 @A: 10 25 09 29 | 09
#1566-d286 @A: 29 17 23 07 | 03
#1567-d286 @A: 07 30 29 16 | 11
#1568-d286 @A: 10 06 26 29 | 01
#1569-d286 @A: 18 21 29 22 | 07
#1570-d286 @A: 06 18 29 23 | 10
#1571-d286 @A: 21 09 29 14 | 02
#1572-d286 @A: 14 06 29 20 | 08
#1573-d286 @A: 33 29 08 21 | 06
#1574-d286 @A: 08 20 29 23 | 04
#1575-d286 @A: 29 17 08 19 | 12
#1576-d286 @A: 19 10 29 33 | 05
#1577-d286 @A: 33 29 09 05 | 09
#1578-d286 @A: 09 04 29 01 | 03
#1579-d286 @A: 05 06 29 01 | 11
#1580-d286 @A: 06 29 22 13 | 01
#1581-d286 @A: 24 28 26 34 | 07
#1582-d286 @A: 31 19 34 24 | 10
#1583-d286 @A: 20 34 02 12 | 02
#1584-d286 @A: 06 34 07 09 | 08
#1585-d286 @A: 20 34 11 26 | 06
#1586-d286 @A: 05 34 18 31 | 04
#1587-d286 @A: 34 28 31 11 | 12
#1588-d286 @A: 14 12 19 34 | 05
#1589-d286 @A: 34 28 19 01 | 09
#1590-d286 @A: 32 34 30 12 | 03
#1591-d286 @A: 34 12 28 17 | 11
#1592-d286 @A: 04 05 13 34 | 01
#1593-d286 @A: 27 34 22 04 | 07
#1594-d286 @A: 14 12 24 02 | 10
#1595-d286 @A: 25 16 31 24 | 02
#1596-d286 @A: 19 26 01 24 | 08
#1597-d286 @A: 18 19 24 27 | 06
#1598-d286 @A: 16 24 21 12 | 04
#1599-d286 @A: 08 11 24 19 | 12
#1600-d286 @A: 11 24 17 22 | 05
#1601-d286 @A: 13 22 05 24 | 09
#1602-d286 @A: 02 07 15 08 | 03
#1603-d286 @A: 15 11 18 25 | 11
#1604-d286 @A: 07 12 15 14 | 01
#1605-d286 @A: 04 15 07 35 | 07
#1606-d286 @A: 15 19 18 22 | 10
#1607-d286 @A: 22 21 15 14 | 02
#1608-d286 @A: 23 14 15 35 | 08
#1609-d286 @A: 23 19 15 27 | 06
#1610-d286 @A: 32 15 23 06 | 04
#1611-d286 @A: 05 06 15 12 | 12
#1612-d286 @A: 15 16 35 13 | 05
#1613-d286 @A: 19 07 02 05 | 09
#1614-d286 @A: 26 18 32 02 | 03
#1615-d286 @A: 08 02 14 26 | 11
#1616-d286 @A: 18 01 02 31 | 01
#1617-d286 @A: 02 31 21 35 | 07
#1618-d286 @A: 02 30 11 31 | 10
#1619-d286 @A: 04 18 19 02 | 02
#1620-d286 @A: 14 02 20 35 | 08
#1621-d286 @A: 02 19 28 23 | 06
#1622-d286 @A: 19 13 30 02 | 04
#1623-d286 @A: 07 11 14 25 | 12
#1624-d286 @A: 07 09 01 25 | 05
#1625-d286 @A: 25 27 07 10 | 09
#1626-d286 @A: 25 32 26 35 | 03
#1627-d286 @A: 23 26 25 17 | 11
#1628-d286 @A: 31 11 25 20 | 01
#1629-d286 @A: 12 20 18 25 | 07
#1630-d286 @A: 12 30 14 25 | 10
#1631-d286 @A: 22 25 20 23 | 02
#1632-d286 @A: 25 13 10 23 | 08
#1633-d286 @A: 17 35 01 25 | 06
#1634-d286 @A: 25 01 11 16 | 04
#1635-d286 @A: 11 22 25 06 | 12
#1636-d286 @A: 10 22 33 25 | 05
#1637-d286 @A: 07 18 28 20 | 09
#1638-d286 @A: 10 23 21 07 | 03
#1639-d286 @A: 20 06 01 07 | 11
#1640-d286 @A: 07 05 32 23 | 01
#1641-d286 @A: 22 04 07 17 | 07
#1642-d286 @A: 05 07 22 01 | 10
#1643-d286 @A: 27 07 05 28 | 02
#1644-d286 @A: 07 33 27 08 | 08
#1645-d286 @A: 31 26 04 21 | 06
#1646-d286 @A: 26 30 12 31 | 04
#1647-d286 @A: 35 26 11 31 | 12
#1648-d286 @A: 14 18 28 26 | 05
#1649-d286 @A: 26 14 21 11 | 09
#1650-d286 @A: 10 32 14 26 | 03
#1651-d286 @A: 35 21 33 26 | 11
#1652-d286 @A: 27 26 06 09 | 01
#1653-d286 @A: 21 30 31 01 | 07
#1654-d286 @A: 32 19 31 04 | 10
#1655-d286 @A: 12 31 17 09 | 02
#1656-d286 @A: 31 04 09 22 | 08
#1657-d286 @A: 13 31 09 35 | 06
#1658-d286 @A: 30 09 18 20 | 04
#1659-d286 @A: 18 12 08 28 | 12
#1660-d286 @A: 08 18 16 27 | 05
#1661-d286 @A: 28 18 16 33 | 09
#1662-d286 @A: 18 04 11 35 | 03
#1663-d286 @A: 21 01 19 14 | 11
#1664-d286 @A: 20 19 22 14 | 01
#1665-d286 @A: 06 09 12 14 | 07
#1666-d286 @A: 35 09 28 14 | 10
#1667-d286 @A: 17 08 04 14 | 02
#1668-d286 @A: 28 13 14 01 | 08
#1669-d286 @A: 20 13 21 35 | 06
#1670-d286 @A: 28 17 21 35 | 04
#1671-d286 @A: 11 21 05 33 | 12
#1672-d286 @A: 10 28 04 21 | 05
#1673-d286 @A: 30 19 05 33 | 09
#1674-d286 @A: 22 01 19 12 | 03
#1675-d286 @A: 17 27 19 16 | 11
#1676-d286 @A: 19 16 05 08 | 01
#1677-d286 @A: 27 23 32 35 | 07
#1678-d286 @A: 28 13 09 32 | 10
#1679-d286 @A: 01 32 11 12 | 02
#1680-d286 @A: 01 16 32 13 | 08
#1681-d286 @A: 01 22 08 32 | 06
#1682-d286 @A: 28 08 35 32 | 04
#1683-d286 @A: 23 22 06 04 | 12
#1684-d286 @A: 23 10 28 27 | 05
#1685-d286 @A: 06 30 33 08 | 09
#1686-d286 @A: 13 30 28 04 | 03
#1687-d286 @A: 30 28 11 35 | 11
#1688-d286 @A: 12 11 10 06 | 01
#1689-d286 @A: 17 05 27 10 | 07
