#0001-d293 @A: 13 09 27 03 | 11
#0002-d293 @A: 13 35 03 02 | 12
#0003-d293 @A: 14 03 17 33 | 08
#0004-d293 @A: 03 34 17 31 | 01
#0005-d293 @A: 17 24 05 03 | 07
#0006-d293 @A: 29 10 03 23 | 03
#0007-d293 @A: 27 06 03 19 | 06
#0008-d293 @A: 35 25 16 03 | 05
#0009-d293 @A: 03 32 23 35 | 04
#0010-d293 @A: 19 01 05 03 | 09
#0011-d293 @A: 12 04 03 05 | 10
#0012-d293 @A: 03 29 31 05 | 02
#0013-d293 @A: 03 18 25 07 | 11
#0014-d293 @A: 15 18 26 03 | 12
#0015-d293 @A: 27 26 21 03 | 08
#0016-d293 @A: 16 30 13 08 | 01
#0017-d293 @A: 26 13 01 08 | 07
#0018-d293 @A: 10 12 08 09 | 03
#0019-d293 @A: 30 08 09 21 | 06
#0020-d293 @A: 08 09 07 29 | 05
#0021-d293 @A: 18 14 08 10 | 04
#0022-d293 @A: 08 26 14 31 | 09
#0023-d293 @A: 20 18 08 35 | 10
#0024-d293 @A: 08 20 19 21 | 02
#0025-d293 @A: 31 08 05 01 | 11
#0026-d293 @A: 25 08 29 01 | 12
#0027-d293 @A: 11 08 19 34 | 08
#0028-d293 @A: 12 21 34 08 | 01
#0029-d293 @A: 22 18 15 08 | 07
#0030-d293 @A: 09 04 14 13 | 03
#0031-d293 @A: 14 29 23 13 | 06
#0032-d293 @A: 35 13 11 20 | 05
#0033-d293 @A: 20 34 13 07 | 04
#0034-d293 @A: 07 10 13 32 | 09
#0035-d293 @A: 06 29 07 13 | 10
#0036-d293 @A: 31 01 13 27 | 02
#0037-d293 @A: 18 24 01 13 | 11
#0038-d293 @A: 01 07 13 02 | 12
#0039-d293 @A: 13 29 25 28 | 08
#0040-d293 @A: 13 23 18 32 | 01
#0041-d293 @A: 02 21 24 13 | 07
#0042-d293 @A: 13 05 07 21 | 03
#0043-d293 @A: 32 22 13 28 | 06
#0044-d293 @A: 31 09 23 14 | 05
#0045-d293 @A: 30 10 28 09 | 04
#0046-d293 @A: 29 05 10 09 | 09
#0047-d293 @A: 15 09 06 29 | 10
#0048-d293 @A: 25 12 16 09 | 02
#0049-d293 @A: 22 07 21 09 | 11
#0050-d293 @A: 22 32 24 09 | 12
#0051-d293 @A: 14 20 24 30 | 08
#0052-d293 @A: 14 18 20 29 | 01
#0053-d293 @A: 15 35 06 14 | 07
#0054-d293 @A: 12 01 14 04 | 03
#0055-d293 @A: 14 32 22 31 | 06
#0056-d293 @A: 05 18 23 14 | 05
#0057-d293 @A: 14 02 34 15 | 04
#0058-d293 @A: 28 11 14 32 | 09
#0059-d293 @A: 07 19 35 17 | 10
#0060-d293 @A: 11 35 17 12 | 02
#0061-d293 @A: 01 29 17 15 | 11
#0062-d293 @A: 19 17 21 25 | 12
#0063-d293 @A: 22 28 29 17 | 08
#0064-d293 @A: 18 17 33 21 | 01
#0065-d293 @A: 17 15 11 21 | 07
#0066-d293 @A: 11 34 23 17 | 03
#0067-d293 @A: 24 15 22 17 | 06
#0068-d293 @A: 33 17 16 26 | 05
#0069-d293 @A: 15 07 16 17 | 04
#0070-d293 @A: 11 17 24 16 | 09
#0071-d293 @A: 19 20 33 35 | 10
#0072-d293 @A: 30 20 28 02 | 02
#0073-d293 @A: 20 01 11 04 | 11
#0074-d293 @A: 07 20 01 15 | 12
#0075-d293 @A: 18 20 04 19 | 08
#0076-d293 @A: 28 20 04 07 | 01
#0077-d293 @A: 22 12 25 20 | 07
#0078-d293 @A: 27 20 15 26 | 03
#0079-d293 @A: 21 23 05 20 | 06
#0080-d293 @A: 26 20 33 02 | 05
#0081-d293 @A: 06 35 11 10 | 04
#0082-d293 @A: 16 35 10 05 | 09
#0083-d293 @A: 10 01 34 19 | 10
#0084-d293 @A: 19 27 10 11 | 02
#0085-d293 @A: 23 10 11 04 | 11
#0086-d293 @A: 12 25 23 10 | 12
#0087-d293 @A: 10 27 32 24 | 08
#0088-d293 @A: 28 21 10 26 | 01
#0089-d293 @A: 10 26 24 34 | 07
#0090-d293 @A: 35 01 06 34 | 03
#0091-d293 @A: 25 15 06 30 | 06
#0092-d293 @A: 04 22 06 31 | 05
#0093-d293 @A: 06 05 27 32 | 04
#0094-d293 @A: 06 07 33 22 | 09
#0095-d293 @A: 16 12 31 35 | 10
#0096-d293 @A: 32 31 35 29 | 02
#0097-d293 @A: 15 33 35 27 | 11
#0098-d293 @A: 35 21 32 05 | 12
#0099-d293 @A: 33 26 35 05 | 08
#0100-d293 @A: 35 32 34 11 | 01
#0101-d293 @A: 28 26 24 35 | 07
#0102-d293 @A: 30 22 19 21 | 03
#0103-d293 @A: 30 26 24 33 | 06
#0104-d293 @A: 15 07 26 30 | 05
#0105-d293 @A: 24 30 07 16 | 04
#0106-d293 @A: 01 25 31 18 | 09
#0107-d293 @A: 12 01 24 26 | 10
#0108-d293 @A: 25 21 28 01 | 02
#0109-d293 @A: 32 01 11 25 | 11
#0110-d293 @A: 02 01 15 18 | 12
#0111-d293 @A: 05 01 07 33 | 08
#0112-d293 @A: 15 32 01 34 | 01
#0113-d293 @A: 12 26 29 19 | 07
#0114-d293 @A: 18 19 27 24 | 03
#0115-d293 @A: 26 15 19 34 | 06
#0116-d293 @A: 31 32 04 33 | 05
#0117-d293 @A: 27 18 02 04 | 04
#0118-d293 @A: 15 11 04 27 | 09
#0119-d293 @A: 34 27 32 04 | 10
#0120-d293 @A: 21 02 05 04 | 02
#0121-d293 @A: 22 33 26 04 | 11
#0122-d293 @A: 15 04 16 26 | 12
#0123-d293 @A: 24 05 07 04 | 08
#0124-d293 @A: 31 21 32 15 | 01
#0125-d293 @A: 21 32 31 28 | 07
#0126-d293 @A: 31 32 07 23 | 03
#0127-d293 @A: 33 22 31 15 | 06
#0128-d293 @A: 18 12 24 23 | 05
#0129-d293 @A: 05 11 23 12 | 04
#0130-d293 @A: 32 12 23 34 | 09
#0131-d293 @A: 12 24 07 15 | 10
#0132-d293 @A: 16 26 18 25 | 02
#0133-d293 @A: 24 25 21 07 | 11
#0134-d293 @A: 23 25 11 26 | 12
#0135-d293 @A: 18 23 29 15 | 08
#0136-d293 @A: 05 28 29 18 | 01
#0137-d293 @A: 29 21 27 07 | 07
#0138-d293 @A: 29 27 05 24 | 03
#0139-d293 @A: 33 29 02 21 | 06
#0140-d293 @A: 11 05 29 02 | 05
#0141-d293 @A: 32 15 29 33 | 04
#0142-d293 @A: 16 29 33 07 | 09
#0143-d293 @A: 28 32 15 29 | 10
#0144-d293 @A: 13 24 29 03 | 02
#0145-d293 @A: 03 05 14 09 | 11
#0146-d293 @A: 32 03 09 30 | 12
#0147-d293 @A: 11 03 28 09 | 08
#0148-d293 @A: 03 15 17 19 | 01
#0149-d293 @A: 20 03 32 01 | 07
#0150-d293 @A: 02 20 34 03 | 03
#0151-d293 @A: 29 03 04 15 | 06
#0152-d293 @A: 26 22 03 31 | 05
#0153-d293 @A: 07 27 11 03 | 04
#0154-d293 @A: 09 16 08 31 | 09
#0155-d293 @A: 17 08 30 05 | 10
#0156-d293 @A: 17 23 24 08 | 02
#0157-d293 @A: 29 15 20 08 | 11
#0158-d293 @A: 08 20 32 28 | 12
#0159-d293 @A: 08 27 30 06 | 08
#0160-d293 @A: 35 08 12 04 | 01
#0161-d293 @A: 08 16 29 35 | 07
#0162-d293 @A: 19 08 29 05 | 03
#0163-d293 @A: 08 23 04 28 | 06
#0164-d293 @A: 25 07 08 31 | 05
#0165-d293 @A: 21 11 31 08 | 04
#0166-d293 @A: 32 08 26 23 | 09
#0167-d293 @A: 05 02 28 08 | 10
#0168-d293 @A: 16 11 33 08 | 02
#0169-d293 @A: 16 13 09 20 | 11
#0170-d293 @A: 13 09 34 30 | 12
#0171-d293 @A: 09 01 11 13 | 08
#0172-d293 @A: 21 13 31 14 | 01
#0173-d293 @A: 13 32 17 30 | 07
#0174-d293 @A: 35 13 26 10 | 03
#0175-d293 @A: 30 06 18 13 | 06
#0176-d293 @A: 13 35 05 29 | 05
#0177-d293 @A: 19 33 13 29 | 04
#0178-d293 @A: 13 02 28 19 | 09
#0179-d293 @A: 25 04 13 07 | 10
#0180-d293 @A: 28 04 29 13 | 02
#0181-d293 @A: 24 13 25 12 | 11
#0182-d293 @A: 11 34 12 13 | 12
#0183-d293 @A: 16 13 18 07 | 08
#0184-d293 @A: 14 12 07 09 | 01
#0185-d293 @A: 11 14 09 25 | 07
#0186-d293 @A: 09 14 15 27 | 03
#0187-d293 @A: 18 09 17 16 | 06
#0188-d293 @A: 20 30 07 09 | 05
#0189-d293 @A: 20 09 27 12 | 04
#0190-d293 @A: 19 10 23 09 | 09
#0191-d293 @A: 06 11 04 09 | 10
#0192-d293 @A: 35 01 32 09 | 02
#0193-d293 @A: 35 02 09 25 | 11
#0194-d293 @A: 09 05 31 30 | 12
#0195-d293 @A: 09 30 26 29 | 08
#0196-d293 @A: 07 09 01 31 | 01
#0197-d293 @A: 29 18 09 19 | 07
#0198-d293 @A: 18 19 28 09 | 03
#0199-d293 @A: 26 09 28 04 | 06
#0200-d293 @A: 31 32 12 09 | 05
#0201-d293 @A: 28 15 09 16 | 04
#0202-d293 @A: 17 10 11 14 | 09
#0203-d293 @A: 02 14 06 17 | 10
#0204-d293 @A: 12 17 18 14 | 02
#0205-d293 @A: 20 02 14 01 | 11
#0206-d293 @A: 20 14 16 25 | 12
#0207-d293 @A: 01 11 14 30 | 08
#0208-d293 @A: 05 14 21 19 | 01
#0209-d293 @A: 27 11 14 31 | 07
#0210-d293 @A: 05 14 26 27 | 03
#0211-d293 @A: 33 22 24 14 | 06
#0212-d293 @A: 24 11 14 34 | 05
#0213-d293 @A: 14 24 28 26 | 04
#0214-d293 @A: 14 34 07 05 | 09
#0215-d293 @A: 10 20 17 27 | 10
#0216-d293 @A: 33 06 17 31 | 02
#0217-d293 @A: 30 17 35 02 | 11
#0218-d293 @A: 15 35 17 04 | 12
#0219-d293 @A: 25 33 17 22 | 08
#0220-d293 @A: 17 24 02 33 | 01
#0221-d293 @A: 02 16 32 17 | 07
#0222-d293 @A: 16 22 17 34 | 03
#0223-d293 @A: 10 02 20 18 | 06
#0224-d293 @A: 06 12 07 20 | 05
#0225-d293 @A: 20 25 21 06 | 04
#0226-d293 @A: 30 35 15 20 | 09
#0227-d293 @A: 35 20 02 31 | 10
#0228-d293 @A: 20 21 35 12 | 02
#0229-d293 @A: 31 20 32 30 | 11
#0230-d293 @A: 20 21 30 34 | 12
#0231-d293 @A: 20 01 12 33 | 08
#0232-d293 @A: 25 01 20 05 | 01
#0233-d293 @A: 04 20 34 12 | 07
#0234-d293 @A: 31 28 29 20 | 03
#0235-d293 @A: 20 31 07 24 | 06
#0236-d293 @A: 20 21 28 11 | 05
#0237-d293 @A: 06 26 10 19 | 04
#0238-d293 @A: 12 06 10 24 | 09
#0239-d293 @A: 30 07 10 19 | 10
#0240-d293 @A: 30 18 12 10 | 02
#0241-d293 @A: 18 10 16 01 | 11
#0242-d293 @A: 16 10 28 04 | 12
#0243-d293 @A: 23 15 10 02 | 08
#0244-d293 @A: 10 33 16 32 | 01
#0245-d293 @A: 33 28 10 34 | 07
#0246-d293 @A: 26 16 11 10 | 03
#0247-d293 @A: 05 35 06 12 | 06
#0248-d293 @A: 19 06 33 25 | 05
#0249-d293 @A: 07 02 04 06 | 04
#0250-d293 @A: 18 06 22 32 | 09
#0251-d293 @A: 27 06 33 11 | 10
#0252-d293 @A: 32 06 26 34 | 02
#0253-d293 @A: 32 35 12 25 | 11
#0254-d293 @A: 07 18 35 26 | 12
#0255-d293 @A: 35 32 27 26 | 08
#0256-d293 @A: 23 26 35 34 | 01
#0257-d293 @A: 35 02 33 32 | 07
#0258-d293 @A: 11 02 35 28 | 03
#0259-d293 @A: 35 07 28 32 | 06
#0260-d293 @A: 19 30 31 33 | 05
#0261-d293 @A: 30 22 29 31 | 04
#0262-d293 @A: 15 27 30 12 | 09
#0263-d293 @A: 30 32 15 23 | 10
#0264-d293 @A: 05 34 30 23 | 02
#0265-d293 @A: 19 01 26 28 | 11
#0266-d293 @A: 01 04 32 28 | 12
#0267-d293 @A: 29 33 01 28 | 08
#0268-d293 @A: 22 27 07 01 | 01
#0269-d293 @A: 22 15 26 01 | 07
#0270-d293 @A: 25 02 19 24 | 03
#0271-d293 @A: 05 22 19 15 | 06
#0272-d293 @A: 05 33 24 19 | 05
#0273-d293 @A: 24 11 32 19 | 04
#0274-d293 @A: 04 05 27 31 | 09
#0275-d293 @A: 18 05 26 04 | 10
#0276-d293 @A: 24 12 02 27 | 02
#0277-d293 @A: 32 27 22 12 | 11
#0278-d293 @A: 12 34 02 05 | 12
#0279-d293 @A: 12 05 26 28 | 08
#0280-d293 @A: 29 02 25 26 | 01
#0281-d293 @A: 22 23 15 25 | 07
#0282-d293 @A: 25 07 33 02 | 03
#0283-d293 @A: 02 28 25 16 | 06
#0284-d293 @A: 33 15 25 16 | 05
#0285-d293 @A: 29 22 21 18 | 04
#0286-d293 @A: 29 15 16 11 | 09
#0287-d293 @A: 15 28 18 21 | 10
#0288-d293 @A: 02 28 15 33 | 02
#0289-d293 @A: 04 03 08 02 | 11
#0290-d293 @A: 08 34 03 25 | 12
#0291-d293 @A: 03 23 17 13 | 08
#0292-d293 @A: 32 03 13 15 | 01
#0293-d293 @A: 03 34 09 06 | 07
#0294-d293 @A: 09 35 03 07 | 03
#0295-d293 @A: 09 26 25 03 | 06
#0296-d293 @A: 03 27 30 14 | 05
#0297-d293 @A: 28 17 16 03 | 04
#0298-d293 @A: 29 01 11 03 | 09
#0299-d293 @A: 19 03 29 34 | 10
#0300-d293 @A: 04 03 28 18 | 02
#0301-d293 @A: 12 16 32 03 | 11
#0302-d293 @A: 28 03 33 22 | 12
#0303-d293 @A: 16 03 05 26 | 08
#0304-d293 @A: 05 28 03 07 | 01
#0305-d293 @A: 34 08 29 13 | 07
#0306-d293 @A: 08 14 25 15 | 03
#0307-d293 @A: 11 29 08 14 | 06
#0308-d293 @A: 08 12 17 27 | 05
#0309-d293 @A: 35 10 08 24 | 04
#0310-d293 @A: 06 29 08 18 | 09
#0311-d293 @A: 26 35 08 30 | 10
#0312-d293 @A: 15 08 16 01 | 02
#0313-d293 @A: 31 24 04 08 | 11
#0314-d293 @A: 08 15 04 05 | 12
#0315-d293 @A: 27 25 18 08 | 08
#0316-d293 @A: 23 08 27 21 | 01
#0317-d293 @A: 15 21 07 08 | 07
#0318-d293 @A: 32 15 24 08 | 03
#0319-d293 @A: 17 13 24 14 | 06
#0320-d293 @A: 13 33 15 14 | 05
#0321-d293 @A: 23 13 06 19 | 04
#0322-d293 @A: 24 13 04 06 | 09
#0323-d293 @A: 13 12 26 06 | 10
#0324-d293 @A: 04 01 34 13 | 02
#0325-d293 @A: 13 19 11 07 | 11
#0326-d293 @A: 25 16 21 13 | 12
#0327-d293 @A: 13 07 15 27 | 08
#0328-d293 @A: 34 13 32 33 | 01
#0329-d293 @A: 32 14 16 09 | 07
#0330-d293 @A: 01 09 27 17 | 03
#0331-d293 @A: 33 09 17 04 | 06
#0332-d293 @A: 17 21 31 09 | 05
#0333-d293 @A: 09 17 05 12 | 04
#0334-d293 @A: 20 09 25 18 | 09
#0335-d293 @A: 09 25 10 32 | 10
#0336-d293 @A: 35 09 15 12 | 02
#0337-d293 @A: 34 29 09 04 | 11
#0338-d293 @A: 22 11 34 09 | 12
#0339-d293 @A: 14 23 30 17 | 08
#0340-d293 @A: 14 01 06 18 | 01
#0341-d293 @A: 21 27 14 06 | 07
#0342-d293 @A: 14 16 04 35 | 03
#0343-d293 @A: 22 25 14 30 | 06
#0344-d293 @A: 30 28 14 05 | 05
#0345-d293 @A: 01 07 25 14 | 04
#0346-d293 @A: 19 25 14 32 | 09
#0347-d293 @A: 14 33 23 27 | 10
#0348-d293 @A: 02 14 32 27 | 02
#0349-d293 @A: 23 14 15 07 | 11
#0350-d293 @A: 14 22 07 26 | 12
#0351-d293 @A: 26 14 16 34 | 08
#0352-d293 @A: 32 17 20 24 | 01
#0353-d293 @A: 24 25 06 17 | 07
#0354-d293 @A: 34 06 17 27 | 03
#0355-d293 @A: 35 33 17 01 | 06
#0356-d293 @A: 24 19 30 17 | 05
#0357-d293 @A: 17 07 12 22 | 04
#0358-d293 @A: 17 22 29 11 | 09
#0359-d293 @A: 11 17 28 18 | 10
#0360-d293 @A: 17 07 05 18 | 02
#0361-d293 @A: 21 17 07 28 | 11
#0362-d293 @A: 15 34 33 17 | 12
#0363-d293 @A: 20 31 18 06 | 08
#0364-d293 @A: 24 20 35 04 | 01
#0365-d293 @A: 20 29 23 35 | 07
#0366-d293 @A: 31 23 20 12 | 03
#0367-d293 @A: 27 20 25 33 | 06
#0368-d293 @A: 27 20 11 34 | 05
#0369-d293 @A: 02 20 15 05 | 04
#0370-d293 @A: 22 34 15 20 | 09
#0371-d293 @A: 20 16 28 24 | 10
#0372-d293 @A: 10 18 06 28 | 02
#0373-d293 @A: 29 10 27 30 | 11
#0374-d293 @A: 28 12 10 27 | 12
#0375-d293 @A: 33 26 10 27 | 08
#0376-d293 @A: 32 10 34 02 | 01
#0377-d293 @A: 28 07 10 22 | 07
#0378-d293 @A: 15 33 05 10 | 03
#0379-d293 @A: 35 23 25 06 | 06
#0380-d293 @A: 06 35 07 24 | 05
#0381-d293 @A: 26 06 16 30 | 04
#0382-d293 @A: 32 28 06 30 | 09
#0383-d293 @A: 06 02 12 19 | 10
#0384-d293 @A: 25 27 06 31 | 02
#0385-d293 @A: 06 29 31 24 | 11
#0386-d293 @A: 06 32 29 11 | 12
#0387-d293 @A: 28 06 02 23 | 08
#0388-d293 @A: 07 06 11 05 | 01
#0389-d293 @A: 24 19 35 31 | 07
#0390-d293 @A: 23 35 02 24 | 03
#0391-d293 @A: 26 22 11 35 | 06
#0392-d293 @A: 01 30 27 19 | 05
#0393-d293 @A: 28 34 01 30 | 04
#0394-d293 @A: 19 33 30 28 | 09
#0395-d293 @A: 04 30 12 33 | 10
#0396-d293 @A: 25 31 24 30 | 02
#0397-d293 @A: 30 11 24 12 | 11
#0398-d293 @A: 02 16 11 30 | 12
#0399-d293 @A: 30 24 32 02 | 08
#0400-d293 @A: 32 07 33 30 | 01
#0401-d293 @A: 11 34 15 30 | 07
#0402-d293 @A: 23 25 01 19 | 03
#0403-d293 @A: 32 01 02 26 | 06
#0404-d293 @A: 11 22 01 28 | 05
#0405-d293 @A: 05 01 15 28 | 04
#0406-d293 @A: 19 18 22 26 | 09
#0407-d293 @A: 15 19 11 18 | 10
#0408-d293 @A: 34 24 19 23 | 02
#0409-d293 @A: 21 29 16 04 | 11
#0410-d293 @A: 18 34 22 04 | 12
#0411-d293 @A: 02 28 04 21 | 08
#0412-d293 @A: 04 26 32 24 | 01
#0413-d293 @A: 18 23 31 27 | 07
#0414-d293 @A: 28 31 23 16 | 03
#0415-d293 @A: 05 32 31 34 | 06
#0416-d293 @A: 12 25 28 22 | 05
#0417-d293 @A: 33 21 28 12 | 04
#0418-d293 @A: 16 12 22 15 | 09
#0419-d293 @A: 07 12 34 16 | 10
#0420-d293 @A: 33 25 05 29 | 02
#0421-d293 @A: 25 27 21 15 | 11
#0422-d293 @A: 25 11 27 16 | 12
#0423-d293 @A: 24 33 11 25 | 08
#0424-d293 @A: 29 24 11 21 | 01
#0425-d293 @A: 28 18 34 02 | 07
#0426-d293 @A: 03 27 08 20 | 03
#0427-d293 @A: 08 01 30 03 | 06
#0428-d293 @A: 03 32 08 31 | 05
#0429-d293 @A: 16 06 13 03 | 04
#0430-d293 @A: 22 12 13 03 | 09
#0431-d293 @A: 11 20 03 09 | 10
#0432-d293 @A: 21 03 09 10 | 02
#0433-d293 @A: 17 03 18 01 | 11
#0434-d293 @A: 10 04 27 03 | 12
#0435-d293 @A: 03 10 24 31 | 08
#0436-d293 @A: 24 06 03 26 | 01
#0437-d293 @A: 05 32 03 18 | 07
#0438-d293 @A: 16 03 18 34 | 03
#0439-d293 @A: 03 07 23 24 | 06
#0440-d293 @A: 07 02 03 32 | 05
#0441-d293 @A: 34 03 24 32 | 04
#0442-d293 @A: 17 08 11 13 | 09
#0443-d293 @A: 06 13 21 08 | 10
#0444-d293 @A: 20 09 05 08 | 02
#0445-d293 @A: 09 32 04 08 | 11
#0446-d293 @A: 30 02 08 14 | 12
#0447-d293 @A: 34 17 26 08 | 08
#0448-d293 @A: 08 25 23 20 | 01
#0449-d293 @A: 07 08 20 26 | 07
#0450-d293 @A: 08 16 10 19 | 03
#0451-d293 @A: 35 21 08 01 | 06
#0452-d293 @A: 05 08 35 34 | 05
#0453-d293 @A: 30 28 08 21 | 04
#0454-d293 @A: 33 08 01 04 | 09
#0455-d293 @A: 12 02 08 25 | 10
#0456-d293 @A: 12 08 23 15 | 02
#0457-d293 @A: 24 08 16 27 | 11
#0458-d293 @A: 22 08 32 07 | 12
#0459-d293 @A: 09 10 13 15 | 08
#0460-d293 @A: 09 13 29 25 | 01
#0461-d293 @A: 33 09 07 13 | 07
#0462-d293 @A: 14 20 05 13 | 03
#0463-d293 @A: 02 10 13 14 | 06
#0464-d293 @A: 01 17 19 13 | 05
#0465-d293 @A: 12 17 13 33 | 04
#0466-d293 @A: 20 13 25 32 | 09
#0467-d293 @A: 13 06 11 31 | 10
#0468-d293 @A: 12 13 05 31 | 02
#0469-d293 @A: 12 29 13 27 | 11
#0470-d293 @A: 15 26 13 02 | 12
#0471-d293 @A: 16 32 13 11 | 08
#0472-d293 @A: 09 14 26 06 | 01
#0473-d293 @A: 14 33 09 29 | 07
#0474-d293 @A: 09 17 30 11 | 03
#0475-d293 @A: 20 02 09 04 | 06
#0476-d293 @A: 04 09 10 16 | 05
#0477-d293 @A: 06 09 33 16 | 04
#0478-d293 @A: 27 25 09 30 | 09
#0479-d293 @A: 12 09 18 01 | 10
#0480-d293 @A: 19 09 25 07 | 02
#0481-d293 @A: 25 22 31 09 | 11
#0482-d293 @A: 02 09 29 23 | 12
#0483-d293 @A: 21 34 02 09 | 08
#0484-d293 @A: 32 33 28 09 | 01
#0485-d293 @A: 31 17 01 14 | 07
#0486-d293 @A: 25 14 17 27 | 03
#0487-d293 @A: 33 20 28 14 | 06
#0488-d293 @A: 23 06 14 10 | 05
#0489-d293 @A: 14 33 06 30 | 04
#0490-d293 @A: 06 32 14 12 | 09
#0491-d293 @A: 35 14 29 25 | 10
#0492-d293 @A: 22 18 14 35 | 02
#0493-d293 @A: 19 14 33 34 | 11
#0494-d293 @A: 12 24 31 14 | 12
#0495-d293 @A: 31 07 29 14 | 08
#0496-d293 @A: 14 23 02 25 | 01
#0497-d293 @A: 27 14 16 18 | 07
#0498-d293 @A: 15 26 14 21 | 03
#0499-d293 @A: 32 14 05 24 | 06
#0500-d293 @A: 26 17 04 20 | 05
#0501-d293 @A: 17 18 10 25 | 04
#0502-d293 @A: 26 35 06 17 | 09
#0503-d293 @A: 31 17 16 30 | 10
#0504-d293 @A: 30 07 25 17 | 02
#0505-d293 @A: 33 30 29 17 | 11
#0506-d293 @A: 17 02 34 01 | 12
#0507-d293 @A: 16 17 19 12 | 08
#0508-d293 @A: 27 17 29 19 | 01
#0509-d293 @A: 17 04 11 31 | 07
#0510-d293 @A: 31 17 12 15 | 03
#0511-d293 @A: 11 27 17 02 | 06
#0512-d293 @A: 32 20 06 35 | 05
#0513-d293 @A: 30 11 06 20 | 04
#0514-d293 @A: 20 06 23 15 | 09
#0515-d293 @A: 22 20 18 23 | 10
#0516-d293 @A: 20 27 22 05 | 02
#0517-d293 @A: 20 02 07 21 | 11
#0518-d293 @A: 26 20 21 11 | 12
#0519-d293 @A: 24 22 20 02 | 08
#0520-d293 @A: 24 26 05 20 | 01
#0521-d293 @A: 16 05 34 20 | 07
#0522-d293 @A: 06 05 31 10 | 03
#0523-d293 @A: 35 23 10 33 | 06
#0524-d293 @A: 01 29 10 33 | 05
#0525-d293 @A: 07 10 21 31 | 04
#0526-d293 @A: 10 28 31 11 | 09
#0527-d293 @A: 16 12 27 10 | 10
#0528-d293 @A: 23 24 21 10 | 02
#0529-d293 @A: 10 15 22 07 | 11
#0530-d293 @A: 21 02 30 06 | 12
#0531-d293 @A: 01 07 21 06 | 08
#0532-d293 @A: 12 34 06 31 | 01
#0533-d293 @A: 15 06 24 18 | 07
#0534-d293 @A: 22 06 27 26 | 03
#0535-d293 @A: 24 32 06 33 | 06
#0536-d293 @A: 31 01 28 35 | 05
#0537-d293 @A: 35 18 12 19 | 04
#0538-d293 @A: 19 35 23 27 | 09
#0539-d293 @A: 35 25 11 31 | 10
#0540-d293 @A: 18 11 35 02 | 02
#0541-d293 @A: 35 02 27 05 | 11
#0542-d293 @A: 26 30 18 01 | 12
#0543-d293 @A: 25 32 05 30 | 08
#0544-d293 @A: 23 26 30 22 | 01
#0545-d293 @A: 34 30 16 33 | 07
#0546-d293 @A: 34 21 01 33 | 03
#0547-d293 @A: 23 01 07 34 | 06
#0548-d293 @A: 05 24 02 01 | 05
#0549-d293 @A: 16 05 22 01 | 04
#0550-d293 @A: 11 01 15 33 | 09
#0551-d293 @A: 11 24 07 01 | 10
#0552-d293 @A: 04 26 07 19 | 02
#0553-d293 @A: 25 16 31 19 | 11
#0554-d293 @A: 16 29 19 24 | 12
#0555-d293 @A: 18 19 16 33 | 08
#0556-d293 @A: 21 19 23 15 | 01
#0557-d293 @A: 34 19 28 07 | 07
#0558-d293 @A: 15 32 12 04 | 03
#0559-d293 @A: 04 33 18 24 | 06
#0560-d293 @A: 18 04 16 11 | 05
#0561-d293 @A: 24 23 04 27 | 04
#0562-d293 @A: 04 28 27 22 | 09
#0563-d293 @A: 15 04 24 02 | 10
#0564-d293 @A: 16 32 31 27 | 02
#0565-d293 @A: 34 31 26 21 | 11
#0566-d293 @A: 05 07 31 02 | 12
#0567-d293 @A: 31 05 28 22 | 08
#0568-d293 @A: 12 29 07 18 | 01
#0569-d293 @A: 11 18 12 27 | 07
#0570-d293 @A: 21 12 23 22 | 03
#0571-d293 @A: 29 25 11 18 | 06
#0572-d293 @A: 24 29 15 25 | 05
#0573-d293 @A: 18 25 02 21 | 04
#0574-d293 @A: 27 07 34 25 | 09
#0575-d293 @A: 32 24 25 23 | 10
#0576-d293 @A: 16 27 23 29 | 02
#0577-d293 @A: 27 02 29 34 | 11
#0578-d293 @A: 11 29 23 07 | 12
#0579-d293 @A: 03 08 13 07 | 08
#0580-d293 @A: 03 08 16 14 | 01
#0581-d293 @A: 31 13 03 18 | 07
#0582-d293 @A: 20 31 14 03 | 03
#0583-d293 @A: 26 17 03 10 | 06
#0584-d293 @A: 20 01 03 28 | 05
#0585-d293 @A: 16 29 03 20 | 04
#0586-d293 @A: 05 03 25 10 | 09
#0587-d293 @A: 10 16 03 22 | 10
#0588-d293 @A: 31 23 06 03 | 02
#0589-d293 @A: 03 29 02 30 | 11
#0590-d293 @A: 30 03 21 24 | 12
#0591-d293 @A: 12 23 03 19 | 08
#0592-d293 @A: 25 32 04 03 | 01
#0593-d293 @A: 23 05 02 03 | 07
#0594-d293 @A: 08 32 12 13 | 03
#0595-d293 @A: 25 13 05 08 | 06
#0596-d293 @A: 24 09 08 25 | 05
#0597-d293 @A: 08 22 26 09 | 04
#0598-d293 @A: 14 08 17 32 | 09
#0599-d293 @A: 21 08 14 04 | 10
#0600-d293 @A: 10 22 08 29 | 02
#0601-d293 @A: 02 10 05 08 | 11
#0602-d293 @A: 06 07 08 16 | 12
#0603-d293 @A: 08 25 22 35 | 08
#0604-d293 @A: 29 08 24 12 | 01
#0605-d293 @A: 27 08 33 29 | 07
#0606-d293 @A: 08 07 18 11 | 03
#0607-d293 @A: 02 27 26 08 | 06
#0608-d293 @A: 26 11 08 24 | 05
#0609-d293 @A: 13 09 26 17 | 04
#0610-d293 @A: 09 13 12 02 | 09
#0611-d293 @A: 13 34 18 14 | 10
#0612-d293 @A: 13 10 16 17 | 02
#0613-d293 @A: 10 13 18 33 | 11
#0614-d293 @A: 33 13 35 06 | 12
#0615-d293 @A: 24 13 32 35 | 08
#0616-d293 @A: 01 25 13 15 | 01
#0617-d293 @A: 22 13 27 16 | 07
#0618-d293 @A: 33 13 24 27 | 03
#0619-d293 @A: 34 13 23 02 | 06
#0620-d293 @A: 05 15 16 13 | 05
#0621-d293 @A: 13 15 28 07 | 04
#0622-d293 @A: 28 31 14 09 | 09
#0623-d293 @A: 17 09 29 32 | 10
#0624-d293 @A: 09 35 26 19 | 02
#0625-d293 @A: 04 09 07 15 | 11
#0626-d293 @A: 20 14 17 07 | 12
#0627-d293 @A: 14 17 01 28 | 08
#0628-d293 @A: 04 14 34 17 | 01
#0629-d293 @A: 14 05 17 15 | 07
#0630-d293 @A: 14 30 31 15 | 03
#0631-d293 @A: 12 14 21 11 | 06
#0632-d293 @A: 14 28 15 25 | 05
#0633-d293 @A: 05 14 02 33 | 04
#0634-d293 @A: 06 20 22 17 | 09
#0635-d293 @A: 30 17 20 01 | 10
#0636-d293 @A: 20 34 29 17 | 02
#0637-d293 @A: 17 22 10 04 | 11
#0638-d293 @A: 11 01 06 17 | 12
#0639-d293 @A: 18 17 30 34 | 08
#0640-d293 @A: 04 12 17 28 | 01
#0641-d293 @A: 31 27 17 24 | 07
#0642-d293 @A: 17 12 02 21 | 03
#0643-d293 @A: 16 17 21 27 | 06
#0644-d293 @A: 12 20 10 15 | 05
#0645-d293 @A: 35 19 20 28 | 04
#0646-d293 @A: 27 20 04 30 | 09
#0647-d293 @A: 20 30 25 29 | 10
#0648-d293 @A: 29 20 33 22 | 02
#0649-d293 @A: 20 23 34 33 | 11
#0650-d293 @A: 26 22 16 20 | 12
#0651-d293 @A: 20 33 24 15 | 08
#0652-d293 @A: 22 10 06 30 | 01
#0653-d293 @A: 10 02 06 27 | 07
#0654-d293 @A: 21 10 35 30 | 03
#0655-d293 @A: 32 35 10 28 | 06
#0656-d293 @A: 21 01 10 04 | 05
#0657-d293 @A: 01 25 02 10 | 04
#0658-d293 @A: 10 34 04 25 | 09
#0659-d293 @A: 31 33 10 25 | 10
#0660-d293 @A: 31 10 18 29 | 02
#0661-d293 @A: 18 23 26 10 | 11
#0662-d293 @A: 21 22 11 10 | 12
#0663-d293 @A: 02 07 11 10 | 08
#0664-d293 @A: 35 06 05 28 | 01
#0665-d293 @A: 06 19 32 31 | 07
#0666-d293 @A: 28 06 25 04 | 03
#0667-d293 @A: 25 12 18 06 | 06
#0668-d293 @A: 11 25 06 22 | 05
#0669-d293 @A: 06 18 21 34 | 04
#0670-d293 @A: 06 15 11 26 | 09
#0671-d293 @A: 06 07 32 15 | 10
#0672-d293 @A: 01 11 19 35 | 02
#0673-d293 @A: 29 18 35 01 | 11
#0674-d293 @A: 05 11 35 04 | 12
#0675-d293 @A: 34 12 35 29 | 08
#0676-d293 @A: 35 15 29 26 | 01
#0677-d293 @A: 21 18 35 27 | 07
#0678-d293 @A: 16 15 35 18 | 03
#0679-d293 @A: 30 25 18 19 | 06
#0680-d293 @A: 04 30 29 18 | 05
#0681-d293 @A: 30 31 12 28 | 04
#0682-d293 @A: 26 30 12 25 | 09
#0683-d293 @A: 27 32 11 30 | 10
#0684-d293 @A: 28 30 27 26 | 02
#0685-d293 @A: 05 30 11 22 | 11
#0686-d293 @A: 30 07 28 16 | 12
#0687-d293 @A: 27 33 18 01 | 08
#0688-d293 @A: 34 01 16 27 | 01
#0689-d293 @A: 29 11 04 19 | 07
#0690-d293 @A: 19 31 26 05 | 03
#0691-d293 @A: 19 25 12 11 | 06
#0692-d293 @A: 02 18 19 34 | 05
#0693-d293 @A: 02 27 07 19 | 04
#0694-d293 @A: 16 19 11 22 | 09
#0695-d293 @A: 16 25 04 24 | 10
#0696-d293 @A: 21 26 23 04 | 02
#0697-d293 @A: 26 34 02 04 | 11
#0698-d293 @A: 04 34 28 11 | 12
#0699-d293 @A: 18 31 15 07 | 08
#0700-d293 @A: 32 18 31 24 | 01
#0701-d293 @A: 33 27 31 34 | 07
#0702-d293 @A: 26 23 33 31 | 03
#0703-d293 @A: 02 11 33 31 | 06
#0704-d293 @A: 02 31 28 26 | 05
#0705-d293 @A: 26 11 31 32 | 04
#0706-d293 @A: 12 05 26 15 | 09
#0707-d293 @A: 29 25 34 16 | 10
#0708-d293 @A: 05 23 25 27 | 02
#0709-d293 @A: 32 07 25 26 | 11
#0710-d293 @A: 28 26 22 15 | 12
#0711-d293 @A: 18 12 08 03 | 08
#0712-d293 @A: 28 08 03 27 | 01
#0713-d293 @A: 03 21 08 05 | 07
#0714-d293 @A: 03 28 13 34 | 03
#0715-d293 @A: 02 09 03 17 | 06
#0716-d293 @A: 03 01 09 23 | 05
#0717-d293 @A: 20 12 03 17 | 04
#0718-d293 @A: 15 21 20 03 | 09
#0719-d293 @A: 18 35 03 10 | 10
#0720-d293 @A: 21 03 06 04 | 02
#0721-d293 @A: 29 06 03 25 | 11
#0722-d293 @A: 21 23 18 03 | 12
#0723-d293 @A: 24 33 03 16 | 08
#0724-d293 @A: 13 19 08 02 | 01
#0725-d293 @A: 22 08 04 13 | 07
#0726-d293 @A: 14 09 34 08 | 03
#0727-d293 @A: 09 08 02 01 | 06
#0728-d293 @A: 08 14 24 06 | 05
#0729-d293 @A: 33 14 08 35 | 04
#0730-d293 @A: 08 14 07 19 | 09
#0731-d293 @A: 32 10 20 08 | 10
#0732-d293 @A: 06 10 33 08 | 02
#0733-d293 @A: 15 30 08 19 | 11
#0734-d293 @A: 07 08 04 30 | 12
#0735-d293 @A: 01 08 18 19 | 08
#0736-d293 @A: 08 12 28 11 | 01
#0737-d293 @A: 28 29 24 08 | 07
#0738-d293 @A: 23 08 34 18 | 03
#0739-d293 @A: 05 27 08 07 | 06
#0740-d293 @A: 31 35 09 13 | 05
#0741-d293 @A: 28 17 13 10 | 04
#0742-d293 @A: 18 20 12 13 | 09
#0743-d293 @A: 10 01 12 13 | 10
#0744-d293 @A: 19 13 21 10 | 02
#0745-d293 @A: 31 13 06 28 | 11
#0746-d293 @A: 13 30 15 29 | 12
#0747-d293 @A: 18 13 05 19 | 08
#0748-d293 @A: 19 13 22 32 | 01
#0749-d293 @A: 32 04 13 29 | 07
#0750-d293 @A: 32 13 27 21 | 03
#0751-d293 @A: 13 11 26 33 | 06
#0752-d293 @A: 14 30 09 18 | 05
#0753-d293 @A: 10 24 09 17 | 04
#0754-d293 @A: 05 24 09 35 | 09
#0755-d293 @A: 01 16 09 29 | 10
#0756-d293 @A: 27 29 09 31 | 02
#0757-d293 @A: 09 26 12 33 | 11
#0758-d293 @A: 09 28 27 23 | 12
#0759-d293 @A: 09 02 27 33 | 08
#0760-d293 @A: 23 22 33 09 | 01
#0761-d293 @A: 07 34 32 09 | 07
#0762-d293 @A: 19 17 26 14 | 03
#0763-d293 @A: 14 20 27 35 | 06
#0764-d293 @A: 14 19 10 31 | 05
#0765-d293 @A: 14 05 01 35 | 04
#0766-d293 @A: 31 14 35 34 | 09
#0767-d293 @A: 01 33 14 16 | 10
#0768-d293 @A: 27 29 14 04 | 02
#0769-d293 @A: 14 18 12 28 | 11
#0770-d293 @A: 23 21 34 14 | 12
#0771-d293 @A: 32 23 14 11 | 08
#0772-d293 @A: 32 35 10 17 | 01
#0773-d293 @A: 17 10 01 05 | 07
#0774-d293 @A: 17 34 12 10 | 03
#0775-d293 @A: 32 04 17 06 | 06
#0776-d293 @A: 05 17 16 06 | 05
#0777-d293 @A: 01 17 25 26 | 04
#0778-d293 @A: 04 19 02 17 | 09
#0779-d293 @A: 05 19 23 17 | 10
#0780-d293 @A: 17 32 23 33 | 02
#0781-d293 @A: 33 17 11 07 | 11
#0782-d293 @A: 17 05 33 28 | 12
#0783-d293 @A: 05 26 17 11 | 08
#0784-d293 @A: 10 20 30 26 | 01
#0785-d293 @A: 01 35 20 26 | 07
#0786-d293 @A: 19 32 20 29 | 03
#0787-d293 @A: 27 20 07 16 | 06
#0788-d293 @A: 20 22 32 21 | 05
#0789-d293 @A: 20 34 28 15 | 04
#0790-d293 @A: 01 10 15 06 | 09
#0791-d293 @A: 15 10 35 31 | 10
#0792-d293 @A: 31 10 11 30 | 02
#0793-d293 @A: 18 32 10 19 | 11
#0794-d293 @A: 24 04 29 10 | 12
#0795-d293 @A: 12 21 10 33 | 08
#0796-d293 @A: 21 05 10 18 | 01
#0797-d293 @A: 05 07 26 10 | 07
#0798-d293 @A: 30 35 06 04 | 03
#0799-d293 @A: 06 30 31 07 | 06
#0800-d293 @A: 04 06 01 27 | 05
#0801-d293 @A: 18 26 06 02 | 04
#0802-d293 @A: 33 21 26 06 | 09
#0803-d293 @A: 22 24 06 16 | 10
#0804-d293 @A: 30 35 28 25 | 02
#0805-d293 @A: 27 12 35 01 | 11
#0806-d293 @A: 25 01 24 35 | 12
#0807-d293 @A: 34 19 22 35 | 08
#0808-d293 @A: 26 35 31 04 | 01
#0809-d293 @A: 34 18 33 35 | 07
#0810-d293 @A: 07 21 34 35 | 03
#0811-d293 @A: 35 23 22 05 | 06
#0812-d293 @A: 15 34 24 35 | 05
#0813-d293 @A: 07 35 16 32 | 04
#0814-d293 @A: 29 19 30 23 | 09
#0815-d293 @A: 30 21 15 18 | 10
#0816-d293 @A: 16 18 30 32 | 02
#0817-d293 @A: 30 33 27 22 | 11
#0818-d293 @A: 34 30 24 27 | 12
#0819-d293 @A: 33 30 21 23 | 08
#0820-d293 @A: 30 02 07 34 | 01
#0821-d293 @A: 30 05 24 15 | 07
#0822-d293 @A: 01 02 23 11 | 03
#0823-d293 @A: 26 01 07 16 | 06
#0824-d293 @A: 05 04 19 25 | 05
#0825-d293 @A: 18 19 23 07 | 04
#0826-d293 @A: 16 27 26 19 | 09
#0827-d293 @A: 21 19 07 32 | 10
#0828-d293 @A: 04 12 18 31 | 02
#0829-d293 @A: 02 12 29 04 | 11
#0830-d293 @A: 07 04 21 18 | 12
#0831-d293 @A: 33 05 04 34 | 08
#0832-d293 @A: 11 34 31 18 | 01
#0833-d293 @A: 05 24 31 23 | 07
#0834-d293 @A: 02 24 34 31 | 03
#0835-d293 @A: 31 11 15 05 | 06
#0836-d293 @A: 23 12 33 16 | 05
#0837-d293 @A: 12 34 23 28 | 04
#0838-d293 @A: 32 11 12 07 | 09
#0839-d293 @A: 25 22 29 07 | 10
#0840-d293 @A: 27 22 02 25 | 02
#0841-d293 @A: 28 16 27 05 | 11
#0842-d293 @A: 32 28 34 27 | 12
#0843-d293 @A: 33 08 09 03 | 08
#0844-d293 @A: 34 03 10 14 | 01
#0845-d293 @A: 03 22 15 14 | 07
#0846-d293 @A: 03 17 11 25 | 03
#0847-d293 @A: 32 21 17 03 | 06
#0848-d293 @A: 10 01 07 03 | 05
#0849-d293 @A: 35 22 06 03 | 04
#0850-d293 @A: 06 03 05 30 | 09
#0851-d293 @A: 34 03 35 04 | 10
#0852-d293 @A: 35 29 03 33 | 02
#0853-d293 @A: 03 28 23 35 | 11
#0854-d293 @A: 12 30 07 03 | 12
#0855-d293 @A: 24 01 04 03 | 08
#0856-d293 @A: 03 02 33 01 | 01
#0857-d293 @A: 12 27 03 31 | 07
#0858-d293 @A: 29 27 03 18 | 03
#0859-d293 @A: 18 02 24 03 | 06
#0860-d293 @A: 02 03 16 27 | 05
#0861-d293 @A: 03 11 24 15 | 04
#0862-d293 @A: 09 28 22 08 | 09
#0863-d293 @A: 07 08 17 10 | 10
#0864-d293 @A: 08 28 17 25 | 02
#0865-d293 @A: 34 31 20 08 | 11
#0866-d293 @A: 06 08 02 35 | 12
#0867-d293 @A: 30 33 25 08 | 08
#0868-d293 @A: 08 30 23 11 | 01
#0869-d293 @A: 22 08 24 30 | 07
#0870-d293 @A: 08 19 12 33 | 03
#0871-d293 @A: 29 08 04 23 | 06
#0872-d293 @A: 29 08 31 02 | 05
#0873-d293 @A: 21 26 18 08 | 04
#0874-d293 @A: 08 27 34 15 | 09
#0875-d293 @A: 22 08 21 16 | 10
#0876-d293 @A: 08 22 34 02 | 02
#0877-d293 @A: 13 09 28 35 | 11
#0878-d293 @A: 22 06 13 14 | 12
#0879-d293 @A: 30 07 13 14 | 08
#0880-d293 @A: 02 30 13 27 | 01
#0881-d293 @A: 29 13 22 01 | 07
#0882-d293 @A: 15 13 04 18 | 03
#0883-d293 @A: 33 13 21 22 | 06
#0884-d293 @A: 22 13 23 07 | 05
#0885-d293 @A: 14 09 02 19 | 04
#0886-d293 @A: 23 20 09 17 | 09
#0887-d293 @A: 34 01 09 20 | 10
#0888-d293 @A: 33 09 31 20 | 02
#0889-d293 @A: 34 31 10 09 | 11
#0890-d293 @A: 07 10 09 27 | 12
#0891-d293 @A: 33 10 11 09 | 08
#0892-d293 @A: 30 06 19 09 | 01
#0893-d293 @A: 30 33 09 35 | 07
#0894-d293 @A: 19 01 09 21 | 03
#0895-d293 @A: 19 09 34 12 | 06
#0896-d293 @A: 33 09 32 19 | 05
#0897-d293 @A: 05 11 09 19 | 04
#0898-d293 @A: 18 26 31 09 | 09
#0899-d293 @A: 23 09 11 18 | 10
#0900-d293 @A: 09 11 27 21 | 02
#0901-d293 @A: 23 27 09 32 | 11
#0902-d293 @A: 27 05 16 09 | 12
#0903-d293 @A: 24 21 15 09 | 08
#0904-d293 @A: 20 10 14 33 | 01
#0905-d293 @A: 26 14 20 12 | 07
#0906-d293 @A: 04 30 26 14 | 03
#0907-d293 @A: 14 29 12 15 | 06
#0908-d293 @A: 07 14 27 24 | 05
#0909-d293 @A: 20 31 05 17 | 04
#0910-d293 @A: 10 17 30 15 | 09
#0911-d293 @A: 23 30 28 17 | 10
#0912-d293 @A: 07 04 17 01 | 02
#0913-d293 @A: 34 17 32 19 | 11
#0914-d293 @A: 04 17 05 29 | 12
#0915-d293 @A: 25 17 12 29 | 08
#0916-d293 @A: 18 22 17 27 | 01
#0917-d293 @A: 15 17 27 23 | 07
#0918-d293 @A: 07 17 02 26 | 03
#0919-d293 @A: 20 10 21 29 | 06
#0920-d293 @A: 19 06 20 05 | 05
#0921-d293 @A: 01 16 20 19 | 04
#0922-d293 @A: 20 31 04 21 | 09
#0923-d293 @A: 20 18 27 32 | 10
#0924-d293 @A: 16 20 24 18 | 02
#0925-d293 @A: 27 23 20 02 | 11
#0926-d293 @A: 23 20 24 11 | 12
#0927-d293 @A: 27 35 25 10 | 08
#0928-d293 @A: 16 10 25 30 | 01
#0929-d293 @A: 07 04 12 10 | 07
#0930-d293 @A: 34 21 10 27 | 03
#0931-d293 @A: 27 22 23 10 | 06
#0932-d293 @A: 34 10 23 16 | 05
#0933-d293 @A: 10 05 24 22 | 04
#0934-d293 @A: 10 07 24 33 | 09
#0935-d293 @A: 11 10 32 15 | 10
#0936-d293 @A: 24 06 19 01 | 02
#0937-d293 @A: 19 34 06 07 | 11
#0938-d293 @A: 06 25 04 26 | 12
#0939-d293 @A: 23 02 06 32 | 08
#0940-d293 @A: 35 29 02 19 | 01
#0941-d293 @A: 27 35 07 04 | 07
#0942-d293 @A: 28 29 34 35 | 03
#0943-d293 @A: 24 35 22 21 | 06
#0944-d293 @A: 35 22 16 33 | 05
#0945-d293 @A: 15 07 35 05 | 04
#0946-d293 @A: 19 30 32 12 | 09
#0947-d293 @A: 19 11 30 26 | 10
#0948-d293 @A: 25 04 30 02 | 02
#0949-d293 @A: 30 15 22 04 | 11
#0950-d293 @A: 28 04 30 15 | 12
#0951-d293 @A: 27 05 30 18 | 08
#0952-d293 @A: 24 28 30 11 | 01
#0953-d293 @A: 01 33 31 24 | 07
#0954-d293 @A: 18 01 34 05 | 03
#0955-d293 @A: 18 01 07 28 | 06
#0956-d293 @A: 01 32 22 33 | 05
#0957-d293 @A: 01 24 28 07 | 04
#0958-d293 @A: 34 19 21 16 | 09
#0959-d293 @A: 15 02 16 19 | 10
#0960-d293 @A: 05 19 32 02 | 02
#0961-d293 @A: 19 28 16 32 | 11
#0962-d293 @A: 04 12 25 27 | 12
#0963-d293 @A: 29 31 12 33 | 08
#0964-d293 @A: 23 31 29 34 | 01
#0965-d293 @A: 24 31 18 28 | 07
#0966-d293 @A: 27 31 28 07 | 03
#0967-d293 @A: 23 15 16 31 | 06
#0968-d293 @A: 26 31 15 24 | 05
#0969-d293 @A: 34 12 18 15 | 04
#0970-d293 @A: 33 12 16 28 | 09
#0971-d293 @A: 23 29 21 25 | 10
#0972-d293 @A: 32 18 25 34 | 02
#0973-d293 @A: 26 25 27 24 | 11
#0974-d293 @A: 25 15 11 07 | 12
#0975-d293 @A: 05 25 32 28 | 08
#0976-d293 @A: 07 26 29 34 | 01
#0977-d293 @A: 18 23 28 32 | 07
#0978-d293 @A: 08 17 06 03 | 03
#0979-d293 @A: 13 10 20 03 | 06
#0980-d293 @A: 19 03 16 09 | 05
#0981-d293 @A: 03 14 23 04 | 04
#0982-d293 @A: 02 03 12 14 | 09
#0983-d293 @A: 35 27 17 03 | 10
#0984-d293 @A: 28 10 02 03 | 02
#0985-d293 @A: 35 15 03 01 | 11
#0986-d293 @A: 04 11 30 03 | 12
#0987-d293 @A: 03 23 25 30 | 08
#0988-d293 @A: 03 01 27 25 | 01
#0989-d293 @A: 21 34 11 03 | 07
#0990-d293 @A: 26 23 28 03 | 03
#0991-d293 @A: 03 05 11 33 | 06
#0992-d293 @A: 03 33 26 07 | 05
#0993-d293 @A: 09 18 13 08 | 04
#0994-d293 @A: 15 13 08 35 | 09
#0995-d293 @A: 13 08 26 28 | 10
#0996-d293 @A: 35 27 09 08 | 02
#0997-d293 @A: 27 10 31 08 | 11
#0998-d293 @A: 34 08 04 06 | 12
#0999-d293 @A: 08 31 06 15 | 08
#1000-d293 @A: 32 19 08 35 | 01
#1001-d293 @A: 28 35 08 16 | 07
#1002-d293 @A: 01 32 08 27 | 03
#1003-d293 @A: 08 31 34 28 | 06
#1004-d293 @A: 33 18 32 08 | 05
#1005-d293 @A: 05 08 18 24 | 04
#1006-d293 @A: 33 23 08 02 | 09
#1007-d293 @A: 33 08 15 26 | 10
#1008-d293 @A: 08 33 07 34 | 02
#1009-d293 @A: 09 13 24 19 | 11
#1010-d293 @A: 14 26 25 13 | 12
#1011-d293 @A: 23 01 20 13 | 08
#1012-d293 @A: 13 31 15 20 | 01
#1013-d293 @A: 20 28 27 13 | 07
#1014-d293 @A: 24 13 30 10 | 03
#1015-d293 @A: 13 10 31 04 | 06
#1016-d293 @A: 10 13 29 11 | 05
#1017-d293 @A: 23 13 35 30 | 04
#1018-d293 @A: 12 13 35 07 | 09
#1019-d293 @A: 19 15 12 13 | 10
#1020-d293 @A: 27 13 19 25 | 02
#1021-d293 @A: 24 22 31 13 | 11
#1022-d293 @A: 24 28 12 13 | 12
#1023-d293 @A: 22 02 18 13 | 08
#1024-d293 @A: 23 33 13 05 | 01
#1025-d293 @A: 11 13 15 22 | 07
#1026-d293 @A: 34 26 22 13 | 03
#1027-d293 @A: 24 07 13 26 | 06
#1028-d293 @A: 16 13 34 24 | 05
#1029-d293 @A: 10 09 35 14 | 04
#1030-d293 @A: 24 14 09 01 | 09
#1031-d293 @A: 09 02 06 31 | 10
#1032-d293 @A: 06 05 25 09 | 02
#1033-d293 @A: 24 04 09 30 | 11
#1034-d293 @A: 09 23 01 28 | 12
#1035-d293 @A: 11 31 09 24 | 08
#1036-d293 @A: 27 18 34 09 | 01
#1037-d293 @A: 18 09 24 07 | 07
#1038-d293 @A: 15 23 09 26 | 03
#1039-d293 @A: 07 09 11 26 | 06
#1040-d293 @A: 26 05 09 34 | 05
#1041-d293 @A: 34 05 28 09 | 04
#1042-d293 @A: 04 14 20 06 | 09
#1043-d293 @A: 20 14 15 11 | 10
#1044-d293 @A: 10 01 27 14 | 02
#1045-d293 @A: 10 24 14 25 | 11
#1046-d293 @A: 16 28 06 14 | 12
#1047-d293 @A: 02 26 14 35 | 08
#1048-d293 @A: 07 35 11 14 | 01
#1049-d293 @A: 19 16 14 30 | 07
#1050-d293 @A: 34 14 01 29 | 03
#1051-d293 @A: 18 04 14 25 | 06
#1052-d293 @A: 02 14 29 24 | 05
#1053-d293 @A: 07 14 33 21 | 04
#1054-d293 @A: 16 14 05 11 | 09
#1055-d293 @A: 19 17 11 20 | 10
#1056-d293 @A: 27 26 30 17 | 02
#1057-d293 @A: 02 18 31 17 | 11
#1058-d293 @A: 17 22 02 23 | 12
#1059-d293 @A: 17 34 24 07 | 08
#1060-d293 @A: 02 30 19 20 | 01
#1061-d293 @A: 29 20 01 27 | 07
#1062-d293 @A: 19 20 27 31 | 03
#1063-d293 @A: 02 32 12 20 | 06
#1064-d293 @A: 16 12 20 11 | 05
#1065-d293 @A: 20 24 21 27 | 04
#1066-d293 @A: 20 23 28 22 | 09
#1067-d293 @A: 02 35 12 10 | 10
#1068-d293 @A: 31 10 01 32 | 02
#1069-d293 @A: 10 12 05 19 | 11
#1070-d293 @A: 22 31 02 10 | 12
#1071-d293 @A: 32 12 10 29 | 08
#1072-d293 @A: 15 29 34 10 | 01
#1073-d293 @A: 06 35 16 19 | 07
#1074-d293 @A: 31 01 06 26 | 03
#1075-d293 @A: 22 06 19 28 | 06
#1076-d293 @A: 12 06 15 33 | 05
#1077-d293 @A: 26 06 23 07 | 04
#1078-d293 @A: 27 35 30 16 | 09
#1079-d293 @A: 31 35 18 05 | 10
#1080-d293 @A: 35 11 27 24 | 02
#1081-d293 @A: 15 02 21 35 | 11
#1082-d293 @A: 35 11 21 33 | 12
#1083-d293 @A: 30 29 24 01 | 08
#1084-d293 @A: 12 29 30 16 | 01
#1085-d293 @A: 18 30 07 22 | 07
#1086-d293 @A: 30 18 11 33 | 03
#1087-d293 @A: 16 30 21 05 | 06
#1088-d293 @A: 32 22 30 34 | 05
#1089-d293 @A: 01 12 22 19 | 04
#1090-d293 @A: 04 29 26 01 | 09
#1091-d293 @A: 29 32 01 05 | 10
#1092-d293 @A: 01 21 02 27 | 02
#1093-d293 @A: 23 27 26 01 | 11
#1094-d293 @A: 11 26 01 34 | 12
#1095-d293 @A: 19 05 28 04 | 08
#1096-d293 @A: 19 12 28 29 | 01
#1097-d293 @A: 19 21 33 27 | 07
#1098-d293 @A: 27 34 19 05 | 03
#1099-d293 @A: 19 11 33 23 | 06
#1100-d293 @A: 19 22 07 24 | 05
#1101-d293 @A: 16 07 19 05 | 04
#1102-d293 @A: 04 22 27 21 | 09
#1103-d293 @A: 04 23 07 33 | 10
#1104-d293 @A: 02 32 22 04 | 02
#1105-d293 @A: 04 22 24 28 | 11
#1106-d293 @A: 04 11 34 07 | 12
#1107-d293 @A: 27 07 26 31 | 08
#1108-d293 @A: 07 34 31 22 | 01
#1109-d293 @A: 12 05 25 07 | 07
#1110-d293 @A: 22 05 18 12 | 03
#1111-d293 @A: 32 26 18 12 | 06
#1112-d293 @A: 15 12 11 02 | 05
#1113-d293 @A: 12 07 28 02 | 04
#1114-d293 @A: 05 25 18 15 | 09
#1115-d293 @A: 25 16 05 02 | 10
#1116-d293 @A: 22 16 25 32 | 02
#1117-d293 @A: 25 33 11 28 | 11
#1118-d293 @A: 05 25 34 24 | 12
#1119-d293 @A: 28 25 24 34 | 08
#1120-d293 @A: 07 02 29 15 | 01
#1121-d293 @A: 21 28 16 34 | 07
#1122-d293 @A: 24 23 28 05 | 03
#1123-d293 @A: 24 19 03 08 | 06
#1124-d293 @A: 03 18 09 04 | 05
#1125-d293 @A: 29 09 22 03 | 04
#1126-d293 @A: 14 01 26 03 | 09
#1127-d293 @A: 14 28 19 03 | 10
#1128-d293 @A: 17 30 22 03 | 02
#1129-d293 @A: 04 16 17 03 | 11
#1130-d293 @A: 17 03 07 29 | 12
#1131-d293 @A: 03 06 20 33 | 08
#1132-d293 @A: 19 07 03 20 | 01
#1133-d293 @A: 03 24 25 20 | 07
#1134-d293 @A: 03 20 23 26 | 03
#1135-d293 @A: 25 22 03 19 | 06
#1136-d293 @A: 02 25 03 31 | 05
#1137-d293 @A: 03 21 12 29 | 04
#1138-d293 @A: 21 24 28 03 | 09
#1139-d293 @A: 02 03 11 26 | 10
#1140-d293 @A: 32 11 03 22 | 02
#1141-d293 @A: 23 08 13 10 | 11
#1142-d293 @A: 14 08 22 20 | 12
#1143-d293 @A: 31 08 35 17 | 08
#1144-d293 @A: 17 29 08 21 | 01
#1145-d293 @A: 17 02 08 15 | 07
#1146-d293 @A: 34 10 08 30 | 03
#1147-d293 @A: 28 10 08 01 | 06
#1148-d293 @A: 06 22 08 19 | 05
#1149-d293 @A: 08 06 28 33 | 04
#1150-d293 @A: 04 19 08 27 | 09
#1151-d293 @A: 08 27 11 22 | 10
#1152-d293 @A: 05 08 33 22 | 02
#1153-d293 @A: 16 08 34 32 | 11
#1154-d293 @A: 06 32 09 13 | 12
#1155-d293 @A: 09 21 23 13 | 08
#1156-d293 @A: 13 35 19 14 | 01
#1157-d293 @A: 01 13 32 14 | 07
#1158-d293 @A: 13 17 15 06 | 03
#1159-d293 @A: 07 13 31 17 | 06
#1160-d293 @A: 18 29 13 17 | 05
#1161-d293 @A: 02 17 05 13 | 04
#1162-d293 @A: 13 06 34 10 | 09
#1163-d293 @A: 01 05 06 13 | 10
#1164-d293 @A: 02 06 13 25 | 02
#1165-d293 @A: 13 31 26 30 | 11
#1166-d293 @A: 25 13 30 11 | 12
#1167-d293 @A: 31 19 34 13 | 08
#1168-d293 @A: 31 25 23 13 | 01
#1169-d293 @A: 24 11 13 05 | 07
#1170-d293 @A: 05 11 28 13 | 03
#1171-d293 @A: 09 21 14 20 | 06
#1172-d293 @A: 09 02 17 28 | 05
#1173-d293 @A: 20 09 35 22 | 04
#1174-d293 @A: 02 09 10 30 | 09
#1175-d293 @A: 09 24 27 06 | 10
#1176-d293 @A: 04 09 05 01 | 02
#1177-d293 @A: 31 19 04 09 | 11
#1178-d293 @A: 25 23 09 34 | 12
#1179-d293 @A: 09 18 32 21 | 08
#1180-d293 @A: 33 18 15 09 | 01
#1181-d293 @A: 15 05 09 32 | 07
#1182-d293 @A: 14 17 21 35 | 03
#1183-d293 @A: 14 10 15 04 | 06
#1184-d293 @A: 10 12 14 22 | 05
#1185-d293 @A: 14 06 05 29 | 04
#1186-d293 @A: 21 29 30 14 | 09
#1187-d293 @A: 21 22 14 01 | 10
#1188-d293 @A: 14 04 33 11 | 02
#1189-d293 @A: 18 15 14 32 | 11
#1190-d293 @A: 14 22 28 34 | 12
#1191-d293 @A: 06 28 20 17 | 08
#1192-d293 @A: 06 21 10 17 | 01
#1193-d293 @A: 10 17 02 29 | 07
#1194-d293 @A: 06 12 17 30 | 03
#1195-d293 @A: 06 17 18 19 | 06
#1196-d293 @A: 17 29 35 24 | 05
#1197-d293 @A: 23 35 18 17 | 04
#1198-d293 @A: 23 17 16 01 | 09
#1199-d293 @A: 24 17 19 28 | 10
#1200-d293 @A: 23 17 04 25 | 02
#1201-d293 @A: 31 17 28 15 | 11
#1202-d293 @A: 17 05 34 21 | 12
#1203-d293 @A: 26 17 32 28 | 08
#1204-d293 @A: 24 20 01 10 | 01
#1205-d293 @A: 20 10 04 05 | 07
#1206-d293 @A: 24 20 34 06 | 03
#1207-d293 @A: 07 25 35 20 | 06
#1208-d293 @A: 33 05 30 20 | 05
#1209-d293 @A: 20 12 24 19 | 04
#1210-d293 @A: 33 20 18 07 | 09
#1211-d293 @A: 11 20 33 32 | 10
#1212-d293 @A: 32 15 20 16 | 02
#1213-d293 @A: 20 07 05 32 | 11
#1214-d293 @A: 19 10 15 24 | 12
#1215-d293 @A: 23 10 32 05 | 08
#1216-d293 @A: 11 10 05 34 | 01
#1217-d293 @A: 01 16 25 06 | 07
#1218-d293 @A: 02 01 06 29 | 03
#1219-d293 @A: 23 06 33 01 | 06
#1220-d293 @A: 12 16 06 04 | 05
#1221-d293 @A: 18 06 23 16 | 04
#1222-d293 @A: 27 28 06 21 | 09
#1223-d293 @A: 27 16 15 06 | 10
#1224-d293 @A: 21 15 22 06 | 02
#1225-d293 @A: 06 32 21 16 | 11
#1226-d293 @A: 34 06 15 05 | 12
#1227-d293 @A: 11 34 16 06 | 08
#1228-d293 @A: 07 01 35 30 | 01
#1229-d293 @A: 30 18 35 24 | 07
#1230-d293 @A: 19 35 15 25 | 03
#1231-d293 @A: 35 21 26 25 | 06
#1232-d293 @A: 33 35 28 18 | 05
#1233-d293 @A: 35 21 23 16 | 04
#1234-d293 @A: 21 22 35 28 | 09
#1235-d293 @A: 23 35 11 15 | 10
#1236-d293 @A: 02 35 22 07 | 02
#1237-d293 @A: 24 35 26 16 | 11
#1238-d293 @A: 01 02 22 30 | 12
#1239-d293 @A: 04 34 19 30 | 08
#1240-d293 @A: 30 31 02 12 | 01
#1241-d293 @A: 18 23 30 02 | 07
#1242-d293 @A: 30 23 07 27 | 03
#1243-d293 @A: 01 19 26 33 | 06
#1244-d293 @A: 01 11 31 12 | 05
#1245-d293 @A: 21 31 01 29 | 04
#1246-d293 @A: 12 15 01 21 | 09
#1247-d293 @A: 27 24 15 01 | 10
#1248-d293 @A: 05 01 15 23 | 02
#1249-d293 @A: 21 04 12 19 | 11
#1250-d293 @A: 19 15 27 32 | 12
#1251-d293 @A: 11 02 19 21 | 08
#1252-d293 @A: 19 11 28 21 | 01
#1253-d293 @A: 19 02 33 22 | 07
#1254-d293 @A: 31 34 25 15 | 03
#1255-d293 @A: 22 16 18 31 | 06
#1256-d293 @A: 12 18 16 21 | 05
#1257-d293 @A: 12 24 32 21 | 04
#1258-d293 @A: 33 11 12 22 | 09
#1259-d293 @A: 18 25 22 24 | 10
#1260-d293 @A: 02 25 15 32 | 02
#1261-d293 @A: 33 26 25 34 | 11
#1262-d293 @A: 18 33 26 29 | 12
#1263-d293 @A: 27 15 22 29 | 08
#1264-d293 @A: 21 32 34 29 | 01
#1265-d293 @A: 23 22 29 32 | 07
#1266-d293 @A: 05 29 26 23 | 03
#1267-d293 @A: 24 22 26 29 | 06
#1268-d293 @A: 07 28 26 33 | 05
#1269-d293 @A: 03 35 11 08 | 04
#1270-d293 @A: 03 29 32 14 | 09
#1271-d293 @A: 04 22 03 20 | 10
#1272-d293 @A: 10 03 02 19 | 02
#1273-d293 @A: 11 10 03 12 | 11
#1274-d293 @A: 01 06 03 12 | 12
#1275-d293 @A: 28 15 03 06 | 08
#1276-d293 @A: 30 03 28 29 | 01
#1277-d293 @A: 03 30 15 16 | 07
#1278-d293 @A: 03 30 26 34 | 03
#1279-d293 @A: 34 22 01 03 | 06
#1280-d293 @A: 11 19 03 31 | 05
#1281-d293 @A: 03 26 19 32 | 04
#1282-d293 @A: 03 33 12 34 | 09
#1283-d293 @A: 03 28 12 32 | 10
#1284-d293 @A: 07 03 22 05 | 02
#1285-d293 @A: 07 15 03 34 | 11
#1286-d293 @A: 08 27 14 13 | 12
#1287-d293 @A: 06 23 09 08 | 08
#1288-d293 @A: 11 08 09 15 | 01
#1289-d293 @A: 08 14 05 12 | 07
#1290-d293 @A: 17 04 08 18 | 03
#1291-d293 @A: 20 30 12 08 | 06
#1292-d293 @A: 16 04 08 20 | 05
#1293-d293 @A: 18 20 08 28 | 04
#1294-d293 @A: 21 10 25 08 | 09
#1295-d293 @A: 08 26 06 05 | 10
#1296-d293 @A: 08 07 35 23 | 02
#1297-d293 @A: 08 32 29 30 | 11
#1298-d293 @A: 25 08 26 19 | 12
#1299-d293 @A: 12 08 31 22 | 08
#1300-d293 @A: 02 08 07 24 | 01
#1301-d293 @A: 16 14 13 12 | 07
#1302-d293 @A: 28 13 14 21 | 03
#1303-d293 @A: 13 25 17 34 | 06
#1304-d293 @A: 26 19 20 13 | 05
#1305-d293 @A: 13 04 33 20 | 04
#1306-d293 @A: 10 05 13 27 | 09
#1307-d293 @A: 18 25 13 35 | 10
#1308-d293 @A: 35 34 27 13 | 02
#1309-d293 @A: 13 01 30 33 | 11
#1310-d293 @A: 30 13 04 05 | 12
#1311-d293 @A: 30 12 13 21 | 08
#1312-d293 @A: 04 19 16 13 | 01
#1313-d293 @A: 16 29 31 13 | 07
#1314-d293 @A: 21 29 13 26 | 03
#1315-d293 @A: 21 11 18 13 | 06
#1316-d293 @A: 24 09 20 29 | 05
#1317-d293 @A: 20 32 26 09 | 04
#1318-d293 @A: 09 10 01 26 | 09
#1319-d293 @A: 18 06 35 09 | 10
#1320-d293 @A: 22 09 06 01 | 02
#1321-d293 @A: 09 21 12 06 | 11
#1322-d293 @A: 35 09 29 21 | 12
#1323-d293 @A: 26 27 04 09 | 08
#1324-d293 @A: 09 12 11 29 | 01
#1325-d293 @A: 07 28 25 09 | 07
#1326-d293 @A: 09 05 21 33 | 03
#1327-d293 @A: 23 09 05 07 | 06
#1328-d293 @A: 24 09 16 23 | 05
#1329-d293 @A: 32 09 02 11 | 04
#1330-d293 @A: 24 02 09 26 | 09
#1331-d293 @A: 34 24 33 09 | 10
#1332-d293 @A: 15 16 34 09 | 02
#1333-d293 @A: 34 20 32 14 | 11
#1334-d293 @A: 32 35 30 14 | 12
#1335-d293 @A: 12 23 14 35 | 08
#1336-d293 @A: 19 01 15 14 | 01
#1337-d293 @A: 19 14 24 04 | 07
#1338-d293 @A: 22 05 04 14 | 03
#1339-d293 @A: 18 21 14 24 | 06
#1340-d293 @A: 28 15 27 14 | 05
#1341-d293 @A: 14 02 16 21 | 04
#1342-d293 @A: 23 22 16 14 | 09
#1343-d293 @A: 22 11 02 14 | 10
#1344-d293 @A: 25 20 02 17 | 02
#1345-d293 @A: 18 15 20 17 | 11
#1346-d293 @A: 33 17 19 10 | 12
#1347-d293 @A: 28 34 06 17 | 08
#1348-d293 @A: 17 30 21 04 | 01
#1349-d293 @A: 12 17 32 01 | 07
#1350-d293 @A: 05 33 27 17 | 03
#1351-d293 @A: 22 10 19 20 | 06
#1352-d293 @A: 10 20 16 31 | 05
#1353-d293 @A: 20 10 07 23 | 04
#1354-d293 @A: 26 31 25 20 | 09
#1355-d293 @A: 29 31 20 11 | 10
#1356-d293 @A: 20 29 12 05 | 02
#1357-d293 @A: 05 20 11 18 | 11
#1358-d293 @A: 26 18 34 20 | 12
#1359-d293 @A: 06 29 16 10 | 08
#1360-d293 @A: 10 19 04 35 | 01
#1361-d293 @A: 10 35 29 07 | 07
#1362-d293 @A: 33 02 04 10 | 03
#1363-d293 @A: 12 26 31 10 | 06
#1364-d293 @A: 15 18 10 27 | 05
#1365-d293 @A: 02 24 16 10 | 04
#1366-d293 @A: 28 15 24 10 | 09
#1367-d293 @A: 29 06 27 35 | 10
#1368-d293 @A: 29 34 30 06 | 02
#1369-d293 @A: 04 33 06 29 | 11
#1370-d293 @A: 12 29 22 06 | 12
#1371-d293 @A: 28 26 06 29 | 08
#1372-d293 @A: 18 05 06 33 | 01
#1373-d293 @A: 22 02 06 05 | 07
#1374-d293 @A: 02 06 11 24 | 03
#1375-d293 @A: 28 07 11 06 | 06
#1376-d293 @A: 22 12 35 30 | 05
#1377-d293 @A: 35 04 02 01 | 04
#1378-d293 @A: 27 31 35 22 | 09
#1379-d293 @A: 32 15 22 35 | 10
#1380-d293 @A: 23 31 30 04 | 02
#1381-d293 @A: 07 21 30 11 | 11
#1382-d293 @A: 30 02 15 33 | 12
#1383-d293 @A: 30 26 05 02 | 08
#1384-d293 @A: 32 04 01 19 | 01
#1385-d293 @A: 02 31 19 01 | 07
#1386-d293 @A: 19 07 29 01 | 03
#1387-d293 @A: 22 25 01 04 | 06
#1388-d293 @A: 11 22 18 01 | 05
#1389-d293 @A: 01 11 21 16 | 04
#1390-d293 @A: 01 21 26 05 | 09
#1391-d293 @A: 19 12 07 31 | 10
#1392-d293 @A: 28 31 27 19 | 02
#1393-d293 @A: 19 33 15 07 | 11
#1394-d293 @A: 04 25 31 29 | 12
#1395-d293 @A: 28 04 33 31 | 08
#1396-d293 @A: 34 04 31 16 | 01
#1397-d293 @A: 04 15 21 33 | 07
#1398-d293 @A: 32 04 21 11 | 03
#1399-d293 @A: 34 04 24 21 | 06
#1400-d293 @A: 04 15 34 23 | 05
#1401-d293 @A: 22 07 16 04 | 04
#1402-d293 @A: 31 24 16 21 | 09
#1403-d293 @A: 02 26 31 16 | 10
#1404-d293 @A: 26 21 07 12 | 02
#1405-d293 @A: 23 33 18 25 | 11
#1406-d293 @A: 25 34 22 21 | 12
#1407-d293 @A: 16 07 23 25 | 08
#1408-d293 @A: 18 32 29 02 | 01
#1409-d293 @A: 16 18 05 29 | 07
#1410-d293 @A: 29 11 26 27 | 03
#1411-d293 @A: 15 29 05 21 | 06
#1412-d293 @A: 23 33 24 29 | 05
#1413-d293 @A: 16 02 29 22 | 04
#1414-d293 @A: 29 22 34 05 | 09
#1415-d293 @A: 29 33 11 34 | 10
#1416-d293 @A: 26 32 16 29 | 02
#1417-d293 @A: 28 34 18 26 | 11
#1418-d293 @A: 28 27 24 33 | 12
#1419-d293 @A: 05 23 21 28 | 08
#1420-d293 @A: 15 28 23 11 | 01
#1421-d293 @A: 24 02 32 28 | 07
#1422-d293 @A: 16 28 11 26 | 03
#1423-d293 @A: 03 15 08 10 | 06
#1424-d293 @A: 26 29 03 08 | 05
#1425-d293 @A: 33 03 13 25 | 04
#1426-d293 @A: 24 03 09 12 | 09
#1427-d293 @A: 07 03 14 06 | 10
#1428-d293 @A: 18 14 19 03 | 02
#1429-d293 @A: 14 21 03 25 | 11
#1430-d293 @A: 35 20 03 05 | 12
#1431-d293 @A: 30 20 03 18 | 08
#1432-d293 @A: 06 18 11 03 | 01
#1433-d293 @A: 15 06 03 02 | 07
#1434-d293 @A: 04 33 19 03 | 03
#1435-d293 @A: 28 25 31 03 | 06
#1436-d293 @A: 03 21 31 33 | 05
#1437-d293 @A: 25 15 03 12 | 04
#1438-d293 @A: 34 27 23 03 | 09
#1439-d293 @A: 27 15 05 03 | 10
#1440-d293 @A: 21 22 03 02 | 02
#1441-d293 @A: 21 07 16 03 | 11
#1442-d293 @A: 03 23 16 11 | 12
#1443-d293 @A: 08 33 31 13 | 08
#1444-d293 @A: 17 08 33 20 | 01
#1445-d293 @A: 01 08 17 22 | 07
#1446-d293 @A: 08 25 17 16 | 03
#1447-d293 @A: 06 01 20 08 | 06
#1448-d293 @A: 11 02 08 20 | 05
#1449-d293 @A: 08 10 01 11 | 04
#1450-d293 @A: 10 26 04 08 | 09
#1451-d293 @A: 06 11 12 08 | 10
#1452-d293 @A: 23 31 08 19 | 02
#1453-d293 @A: 21 32 02 08 | 11
#1454-d293 @A: 09 05 13 22 | 12
#1455-d293 @A: 22 17 35 13 | 08
#1456-d293 @A: 17 13 27 04 | 01
#1457-d293 @A: 20 02 29 13 | 07
#1458-d293 @A: 25 10 13 22 | 03
#1459-d293 @A: 28 13 01 16 | 06
#1460-d293 @A: 11 02 13 04 | 05
#1461-d293 @A: 13 27 26 18 | 04
#1462-d293 @A: 15 21 13 34 | 09
#1463-d293 @A: 23 13 28 33 | 10
#1464-d293 @A: 13 33 16 02 | 02
#1465-d293 @A: 17 09 22 14 | 11
#1466-d293 @A: 17 07 09 06 | 12
#1467-d293 @A: 17 09 35 34 | 08
#1468-d293 @A: 15 09 25 17 | 01
#1469-d293 @A: 09 19 15 20 | 07
#1470-d293 @A: 09 28 20 12 | 03
#1471-d293 @A: 09 06 24 28 | 06
#1472-d293 @A: 09 35 04 23 | 05
#1473-d293 @A: 23 12 30 09 | 04
#1474-d293 @A: 33 09 01 25 | 09
#1475-d293 @A: 25 21 04 09 | 10
#1476-d293 @A: 28 09 21 29 | 02
#1477-d293 @A: 09 21 26 16 | 11
#1478-d293 @A: 02 15 22 09 | 12
#1479-d293 @A: 07 09 02 16 | 08
#1480-d293 @A: 29 26 14 10 | 01
#1481-d293 @A: 28 10 23 14 | 07
#1482-d293 @A: 14 07 16 10 | 03
#1483-d293 @A: 14 19 11 06 | 06
#1484-d293 @A: 06 14 31 16 | 05
#1485-d293 @A: 35 04 28 14 | 04
#1486-d293 @A: 12 27 14 19 | 09
#1487-d293 @A: 29 14 19 22 | 10
#1488-d293 @A: 14 31 05 25 | 02
#1489-d293 @A: 18 14 07 02 | 11
#1490-d293 @A: 18 14 26 11 | 12
#1491-d293 @A: 14 27 34 22 | 08
#1492-d293 @A: 35 20 16 17 | 01
#1493-d293 @A: 17 06 29 23 | 07
#1494-d293 @A: 27 17 35 28 | 03
#1495-d293 @A: 24 17 12 04 | 06
#1496-d293 @A: 12 17 26 23 | 05
#1497-d293 @A: 18 17 26 24 | 04
#1498-d293 @A: 32 27 17 07 | 09
#1499-d293 @A: 22 32 17 05 | 10
#1500-d293 @A: 15 17 32 26 | 02
#1501-d293 @A: 11 10 25 20 | 11
#1502-d293 @A: 20 28 10 05 | 12
#1503-d293 @A: 29 06 26 20 | 08
#1504-d293 @A: 20 01 21 18 | 01
#1505-d293 @A: 19 25 34 20 | 07
#1506-d293 @A: 32 23 20 04 | 03
#1507-d293 @A: 33 16 21 20 | 06
#1508-d293 @A: 22 20 07 11 | 05
#1509-d293 @A: 07 25 10 06 | 04
#1510-d293 @A: 01 35 22 10 | 09
#1511-d293 @A: 30 04 32 10 | 10
#1512-d293 @A: 19 10 29 25 | 02
#1513-d293 @A: 16 28 10 29 | 11
#1514-d293 @A: 10 02 26 21 | 12
#1515-d293 @A: 10 22 32 26 | 08
#1516-d293 @A: 19 06 15 04 | 01
#1517-d293 @A: 21 29 06 19 | 07
#1518-d293 @A: 06 23 12 27 | 03
#1519-d293 @A: 06 05 21 24 | 06
#1520-d293 @A: 23 06 34 22 | 05
#1521-d293 @A: 02 34 06 33 | 04
#1522-d293 @A: 05 19 35 30 | 09
#1523-d293 @A: 30 34 35 25 | 10
#1524-d293 @A: 11 29 35 30 | 02
#1525-d293 @A: 23 35 31 01 | 11
#1526-d293 @A: 18 32 35 04 | 12
#1527-d293 @A: 33 12 24 35 | 08
#1528-d293 @A: 28 12 15 35 | 01
#1529-d293 @A: 16 34 35 02 | 07
#1530-d293 @A: 16 01 30 04 | 03
#1531-d293 @A: 30 34 01 31 | 06
#1532-d293 @A: 27 30 21 31 | 05
#1533-d293 @A: 07 29 05 30 | 04
#1534-d293 @A: 32 30 21 26 | 09
#1535-d293 @A: 02 30 22 28 | 10
#1536-d293 @A: 01 04 23 18 | 02
#1537-d293 @A: 01 25 12 34 | 11
#1538-d293 @A: 32 07 18 01 | 12
#1539-d293 @A: 27 28 01 02 | 08
#1540-d293 @A: 01 05 27 11 | 01
#1541-d293 @A: 22 23 04 19 | 07
#1542-d293 @A: 19 29 15 31 | 03
#1543-d293 @A: 28 19 23 25 | 06
#1544-d293 @A: 21 19 26 24 | 05
#1545-d293 @A: 19 26 02 23 | 04
#1546-d293 @A: 19 23 32 16 | 09
#1547-d293 @A: 26 12 04 11 | 10
#1548-d293 @A: 04 23 16 02 | 02
#1549-d293 @A: 31 21 23 02 | 11
#1550-d293 @A: 22 31 05 21 | 12
#1551-d293 @A: 12 33 02 18 | 08
#1552-d293 @A: 24 22 12 34 | 01
#1553-d293 @A: 33 32 05 12 | 07
#1554-d293 @A: 21 25 05 11 | 03
#1555-d293 @A: 34 25 11 02 | 06
#1556-d293 @A: 28 11 27 29 | 05
#1557-d293 @A: 03 22 08 23 | 04
#1558-d293 @A: 11 13 03 14 | 09
#1559-d293 @A: 19 30 13 03 | 10
#1560-d293 @A: 01 13 03 21 | 02
#1561-d293 @A: 03 26 04 13 | 11
#1562-d293 @A: 34 05 13 03 | 12
#1563-d293 @A: 31 15 09 03 | 08
#1564-d293 @A: 24 35 03 14 | 01
#1565-d293 @A: 06 10 03 32 | 07
#1566-d293 @A: 33 10 30 03 | 03
#1567-d293 @A: 03 35 31 30 | 06
#1568-d293 @A: 19 03 21 35 | 05
#1569-d293 @A: 03 12 35 26 | 04
#1570-d293 @A: 01 03 31 16 | 09
#1571-d293 @A: 07 03 31 04 | 10
#1572-d293 @A: 18 03 33 22 | 02
#1573-d293 @A: 27 24 03 22 | 11
#1574-d293 @A: 03 27 33 32 | 12
#1575-d293 @A: 33 15 03 23 | 08
#1576-d293 @A: 13 08 20 24 | 01
#1577-d293 @A: 19 17 09 08 | 07
#1578-d293 @A: 14 08 23 01 | 03
#1579-d293 @A: 08 14 28 07 | 06
#1580-d293 @A: 06 32 25 08 | 05
#1581-d293 @A: 08 30 18 31 | 04
#1582-d293 @A: 08 01 12 07 | 09
#1583-d293 @A: 24 34 01 08 | 10
#1584-d293 @A: 08 28 15 19 | 02
#1585-d293 @A: 08 25 04 11 | 11
#1586-d293 @A: 08 26 12 16 | 12
#1587-d293 @A: 18 08 16 02 | 08
#1588-d293 @A: 21 08 24 33 | 01
#1589-d293 @A: 23 16 08 05 | 07
#1590-d293 @A: 11 32 08 05 | 03
#1591-d293 @A: 21 13 20 17 | 06
#1592-d293 @A: 06 13 20 27 | 05
#1593-d293 @A: 22 30 20 13 | 04
#1594-d293 @A: 16 13 35 01 | 09
#1595-d293 @A: 21 04 35 13 | 10
#1596-d293 @A: 18 30 13 28 | 02
#1597-d293 @A: 04 12 13 23 | 11
#1598-d293 @A: 13 32 31 02 | 12
#1599-d293 @A: 11 13 27 23 | 08
#1600-d293 @A: 13 24 15 23 | 01
#1601-d293 @A: 16 23 13 26 | 07
#1602-d293 @A: 05 13 32 26 | 03
#1603-d293 @A: 09 06 10 20 | 06
#1604-d293 @A: 09 10 22 18 | 05
#1605-d293 @A: 09 16 11 35 | 04
#1606-d293 @A: 01 15 09 30 | 09
#1607-d293 @A: 30 22 16 09 | 10
#1608-d293 @A: 22 09 19 27 | 02
#1609-d293 @A: 12 09 04 22 | 11
#1610-d293 @A: 18 05 09 02 | 12
#1611-d293 @A: 14 16 29 17 | 08
#1612-d293 @A: 19 20 23 14 | 01
#1613-d293 @A: 30 14 05 10 | 07
#1614-d293 @A: 21 14 32 10 | 03
#1615-d293 @A: 14 06 25 34 | 06
#1616-d293 @A: 30 12 14 34 | 05
#1617-d293 @A: 02 14 04 31 | 04
#1618-d293 @A: 04 14 07 32 | 09
#1619-d293 @A: 18 31 33 14 | 10
#1620-d293 @A: 14 12 25 33 | 02
#1621-d293 @A: 02 14 29 28 | 11
#1622-d293 @A: 24 23 26 14 | 12
#1623-d293 @A: 14 26 32 33 | 08
#1624-d293 @A: 15 16 14 24 | 01
#1625-d293 @A: 23 31 10 17 | 07
#1626-d293 @A: 05 25 17 35 | 03
#1627-d293 @A: 17 24 21 01 | 06
#1628-d293 @A: 31 17 22 19 | 05
#1629-d293 @A: 17 31 25 32 | 04
#1630-d293 @A: 17 31 26 29 | 09
#1631-d293 @A: 17 32 11 18 | 10
#1632-d293 @A: 23 17 07 21 | 02
#1633-d293 @A: 21 26 17 22 | 11
#1634-d293 @A: 35 10 20 34 | 12
#1635-d293 @A: 06 16 20 02 | 08
#1636-d293 @A: 16 20 30 23 | 01
#1637-d293 @A: 01 20 31 22 | 07
#1638-d293 @A: 15 25 20 04 | 03
#1639-d293 @A: 29 07 04 20 | 06
#1640-d293 @A: 25 20 28 26 | 05
#1641-d293 @A: 18 04 06 10 | 04
#1642-d293 @A: 10 23 30 01 | 09
#1643-d293 @A: 25 19 10 28 | 10
#1644-d293 @A: 10 26 25 15 | 02
#1645-d293 @A: 24 18 10 11 | 11
#1646-d293 @A: 10 18 07 34 | 12
#1647-d293 @A: 21 15 10 16 | 08
#1648-d293 @A: 10 22 34 33 | 01
#1649-d293 @A: 35 21 31 06 | 07
#1650-d293 @A: 01 32 06 30 | 03
#1651-d293 @A: 30 06 24 23 | 06
#1652-d293 @A: 28 12 01 06 | 05
#1653-d293 @A: 05 06 23 04 | 04
#1654-d293 @A: 27 07 18 06 | 09
#1655-d293 @A: 11 23 21 06 | 10
#1656-d293 @A: 35 04 25 33 | 02
#1657-d293 @A: 22 29 04 35 | 11
#1658-d293 @A: 35 07 31 33 | 12
#1659-d293 @A: 12 05 01 30 | 08
#1660-d293 @A: 01 25 21 30 | 01
#1661-d293 @A: 15 04 01 31 | 07
#1662-d293 @A: 23 01 12 29 | 03
#1663-d293 @A: 16 01 12 02 | 06
#1664-d293 @A: 23 21 32 01 | 05
#1665-d293 @A: 01 22 23 24 | 04
#1666-d293 @A: 32 01 24 16 | 09
#1667-d293 @A: 31 19 18 21 | 10
#1668-d293 @A: 33 16 27 04 | 02
#1669-d293 @A: 11 04 22 24 | 11
#1670-d293 @A: 16 04 05 32 | 12
#1671-d293 @A: 21 25 12 31 | 08
#1672-d293 @A: 15 31 02 27 | 01
#1673-d293 @A: 23 22 11 31 | 07
#1674-d293 @A: 33 05 31 16 | 03
#1675-d293 @A: 11 31 16 07 | 06
#1676-d293 @A: 27 21 05 12 | 05
#1677-d293 @A: 12 07 27 33 | 04
#1678-d293 @A: 27 26 12 34 | 09
#1679-d293 @A: 02 23 07 12 | 10
#1680-d293 @A: 02 22 26 12 | 02
#1681-d293 @A: 05 16 12 24 | 11
#1682-d293 @A: 27 25 32 29 | 12
#1683-d293 @A: 28 27 25 18 | 08
#1684-d293 @A: 25 21 33 32 | 01
#1685-d293 @A: 05 25 26 22 | 07
#1686-d293 @A: 24 34 29 18 | 03
#1687-d293 @A: 28 23 07 29 | 06
#1688-d293 @A: 32 29 24 07 | 05
#1689-d293 @A: 22 16 28 18 | 04
