#0001-d295 @A: 29 11 32 07 | 12
#0002-d295 @A: 31 32 29 18 | 08
#0003-d295 @A: 16 15 29 32 | 04
#0004-d295 @A: 07 32 24 27 | 11
#0005-d295 @A: 24 32 14 10 | 03
#0006-d295 @A: 32 22 15 24 | 07
#0007-d295 @A: 32 16 06 30 | 02
#0008-d295 @A: 32 25 12 05 | 05
#0009-d295 @A: 18 25 23 32 | 01
#0010-d295 @A: 32 17 31 20 | 10
#0011-d295 @A: 33 15 06 32 | 09
#0012-d295 @A: 04 19 32 08 | 06
#0013-d295 @A: 13 19 32 17 | 12
#0014-d295 @A: 14 32 34 12 | 08
#0015-d295 @A: 24 21 10 09 | 04
#0016-d295 @A: 21 28 12 07 | 11
#0017-d295 @A: 21 07 01 06 | 03
#0018-d295 @A: 30 34 05 21 | 07
#0019-d295 @A: 30 14 20 21 | 02
#0020-d295 @A: 13 15 10 21 | 05
#0021-d295 @A: 28 21 02 13 | 01
#0022-d295 @A: 05 21 19 28 | 10
#0023-d295 @A: 21 20 16 28 | 09
#0024-d295 @A: 17 28 21 34 | 06
#0025-d295 @A: 35 31 21 01 | 12
#0026-d295 @A: 21 08 22 02 | 08
#0027-d295 @A: 03 02 21 35 | 04
#0028-d295 @A: 13 19 21 06 | 11
#0029-d295 @A: 34 23 21 15 | 03
#0030-d295 @A: 09 01 22 21 | 07
#0031-d295 @A: 16 23 21 01 | 02
#0032-d295 @A: 33 17 11 21 | 05
#0033-d295 @A: 29 33 25 24 | 01
#0034-d295 @A: 07 12 29 30 | 10
#0035-d295 @A: 02 30 19 29 | 09
#0036-d295 @A: 29 10 16 17 | 06
#0037-d295 @A: 28 29 11 15 | 12
#0038-d295 @A: 06 31 33 29 | 08
#0039-d295 @A: 06 29 12 16 | 04
#0040-d295 @A: 03 29 08 33 | 11
#0041-d295 @A: 05 13 29 08 | 03
#0042-d295 @A: 18 03 11 29 | 07
#0043-d295 @A: 29 15 09 27 | 02
#0044-d295 @A: 29 12 26 15 | 05
#0045-d295 @A: 29 16 19 01 | 01
#0046-d295 @A: 34 01 29 17 | 10
#0047-d295 @A: 22 12 01 29 | 09
#0048-d295 @A: 24 08 18 07 | 06
#0049-d295 @A: 34 18 30 24 | 12
#0050-d295 @A: 22 25 24 08 | 08
#0051-d295 @A: 04 19 24 25 | 04
#0052-d295 @A: 11 24 31 33 | 11
#0053-d295 @A: 27 31 12 24 | 03
#0054-d295 @A: 24 02 27 15 | 07
#0055-d295 @A: 01 24 02 09 | 02
#0056-d295 @A: 02 26 33 24 | 05
#0057-d295 @A: 15 13 24 20 | 01
#0058-d295 @A: 15 11 12 24 | 10
#0059-d295 @A: 01 22 24 04 | 09
#0060-d295 @A: 17 34 24 19 | 06
#0061-d295 @A: 22 33 24 23 | 12
#0062-d295 @A: 07 06 15 30 | 08
#0063-d295 @A: 07 25 28 03 | 04
#0064-d295 @A: 07 05 28 23 | 11
#0065-d295 @A: 12 09 07 15 | 03
#0066-d295 @A: 04 27 13 07 | 07
#0067-d295 @A: 27 07 18 17 | 02
#0068-d295 @A: 31 19 10 30 | 05
#0069-d295 @A: 17 15 28 30 | 01
#0070-d295 @A: 01 28 30 20 | 10
#0071-d295 @A: 23 28 30 34 | 09
#0072-d295 @A: 31 27 30 05 | 06
#0073-d295 @A: 34 13 31 30 | 12
#0074-d295 @A: 15 30 08 26 | 08
#0075-d295 @A: 12 30 04 16 | 04
#0076-d295 @A: 35 30 01 14 | 11
#0077-d295 @A: 30 04 33 17 | 03
#0078-d295 @A: 25 04 02 10 | 07
#0079-d295 @A: 25 28 02 11 | 02
#0080-d295 @A: 13 03 25 02 | 05
#0081-d295 @A: 01 33 25 02 | 01
#0082-d295 @A: 26 35 25 11 | 10
#0083-d295 @A: 10 05 31 13 | 09
#0084-d295 @A: 31 33 10 27 | 06
#0085-d295 @A: 20 10 13 02 | 12
#0086-d295 @A: 10 19 16 08 | 08
#0087-d295 @A: 04 13 17 10 | 04
#0088-d295 @A: 35 14 06 28 | 11
#0089-d295 @A: 03 20 17 28 | 03
#0090-d295 @A: 28 14 16 23 | 07
#0091-d295 @A: 19 18 01 28 | 02
#0092-d295 @A: 01 26 23 28 | 05
#0093-d295 @A: 09 02 26 31 | 01
#0094-d295 @A: 02 05 31 23 | 10
#0095-d295 @A: 06 03 18 31 | 09
#0096-d295 @A: 13 09 31 06 | 06
#0097-d295 @A: 03 31 35 13 | 12
#0098-d295 @A: 33 22 31 16 | 08
#0099-d295 @A: 19 18 31 17 | 04
#0100-d295 @A: 26 15 20 02 | 11
#0101-d295 @A: 23 18 02 35 | 03
#0102-d295 @A: 27 22 02 12 | 07
#0103-d295 @A: 08 06 04 34 | 02
#0104-d295 @A: 06 05 09 23 | 05
#0105-d295 @A: 22 27 01 06 | 01
#0106-d295 @A: 04 18 19 06 | 10
#0107-d295 @A: 17 06 27 35 | 09
#0108-d295 @A: 11 08 20 03 | 06
#0109-d295 @A: 17 08 13 14 | 12
#0110-d295 @A: 08 01 11 17 | 08
#0111-d295 @A: 05 03 15 20 | 04
#0112-d295 @A: 09 18 03 20 | 11
#0113-d295 @A: 03 18 27 14 | 03
#0114-d295 @A: 03 12 23 14 | 07
#0115-d295 @A: 22 01 03 23 | 02
#0116-d295 @A: 11 23 03 34 | 05
#0117-d295 @A: 23 17 13 15 | 01
#0118-d295 @A: 13 11 09 16 | 10
#0119-d295 @A: 35 09 14 04 | 09
#0120-d295 @A: 34 09 33 17 | 06
#0121-d295 @A: 05 33 16 04 | 12
#0122-d295 @A: 14 05 17 19 | 08
#0123-d295 @A: 23 11 18 05 | 04
#0124-d295 @A: 33 18 34 05 | 11
#0125-d295 @A: 05 34 17 11 | 03
#0126-d295 @A: 20 26 14 16 | 07
#0127-d295 @A: 23 16 20 12 | 02
#0128-d295 @A: 04 01 27 20 | 05
#0129-d295 @A: 18 20 35 22 | 01
#0130-d295 @A: 26 20 23 27 | 10
#0131-d295 @A: 24 34 11 32 | 09
#0132-d295 @A: 07 32 17 30 | 06
#0133-d295 @A: 26 32 22 07 | 12
#0134-d295 @A: 25 30 09 32 | 08
#0135-d295 @A: 10 32 35 06 | 04
#0136-d295 @A: 05 28 32 20 | 11
#0137-d295 @A: 32 08 27 06 | 03
#0138-d295 @A: 32 26 05 08 | 07
#0139-d295 @A: 32 22 03 20 | 02
#0140-d295 @A: 32 16 34 03 | 05
#0141-d295 @A: 32 05 15 34 | 01
#0142-d295 @A: 18 26 32 14 | 10
#0143-d295 @A: 17 32 11 27 | 09
#0144-d295 @A: 19 21 29 09 | 06
#0145-d295 @A: 07 10 21 16 | 12
#0146-d295 @A: 21 03 07 14 | 08
#0147-d295 @A: 25 17 30 21 | 04
#0148-d295 @A: 02 10 21 23 | 11
#0149-d295 @A: 21 10 34 06 | 03
#0150-d295 @A: 05 14 21 10 | 07
#0151-d295 @A: 26 10 20 21 | 02
#0152-d295 @A: 21 18 10 27 | 05
#0153-d295 @A: 21 28 23 03 | 01
#0154-d295 @A: 21 27 04 28 | 10
#0155-d295 @A: 21 04 31 02 | 09
#0156-d295 @A: 09 21 31 03 | 06
#0157-d295 @A: 33 21 31 20 | 12
#0158-d295 @A: 21 23 31 27 | 08
#0159-d295 @A: 19 20 21 02 | 04
#0160-d295 @A: 35 09 21 06 | 11
#0161-d295 @A: 01 03 20 21 | 03
#0162-d295 @A: 20 18 21 15 | 07
#0163-d295 @A: 17 20 13 21 | 02
#0164-d295 @A: 22 14 21 35 | 05
#0165-d295 @A: 21 19 27 11 | 01
#0166-d295 @A: 33 19 23 21 | 10
#0167-d295 @A: 29 24 34 31 | 09
#0168-d295 @A: 24 23 29 02 | 06
#0169-d295 @A: 29 20 16 30 | 12
#0170-d295 @A: 17 03 29 25 | 08
#0171-d295 @A: 16 09 25 29 | 04
#0172-d295 @A: 29 12 31 19 | 11
#0173-d295 @A: 05 33 14 29 | 03
#0174-d295 @A: 34 26 29 19 | 07
#0175-d295 @A: 34 11 29 27 | 02
#0176-d295 @A: 24 30 07 26 | 05
#0177-d295 @A: 09 35 07 24 | 01
#0178-d295 @A: 13 07 24 22 | 10
#0179-d295 @A: 24 10 17 11 | 09
#0180-d295 @A: 24 02 28 08 | 06
#0181-d295 @A: 24 17 31 02 | 12
#0182-d295 @A: 04 31 08 24 | 08
#0183-d295 @A: 24 13 26 08 | 04
#0184-d295 @A: 24 19 09 15 | 11
#0185-d295 @A: 15 16 04 24 | 03
#0186-d295 @A: 13 16 23 24 | 07
#0187-d295 @A: 34 06 30 07 | 02
#0188-d295 @A: 25 33 05 07 | 05
#0189-d295 @A: 10 02 27 07 | 01
#0190-d295 @A: 31 07 33 03 | 10
#0191-d295 @A: 11 35 07 31 | 09
#0192-d295 @A: 22 02 15 07 | 06
#0193-d295 @A: 35 05 06 07 | 12
#0194-d295 @A: 15 07 35 20 | 08
#0195-d295 @A: 01 27 07 16 | 04
#0196-d295 @A: 26 28 25 30 | 11
#0197-d295 @A: 34 28 25 30 | 03
#0198-d295 @A: 10 15 30 01 | 07
#0199-d295 @A: 14 03 30 02 | 02
#0200-d295 @A: 30 35 05 02 | 05
#0201-d295 @A: 30 08 01 27 | 01
#0202-d295 @A: 34 08 12 30 | 10
#0203-d295 @A: 05 20 09 30 | 09
#0204-d295 @A: 09 18 30 14 | 06
#0205-d295 @A: 30 04 09 01 | 12
#0206-d295 @A: 26 11 20 30 | 08
#0207-d295 @A: 20 26 30 34 | 04
#0208-d295 @A: 13 14 33 30 | 11
#0209-d295 @A: 18 11 13 30 | 03
#0210-d295 @A: 17 22 23 30 | 07
#0211-d295 @A: 30 11 27 04 | 02
#0212-d295 @A: 25 10 23 31 | 05
#0213-d295 @A: 08 17 31 25 | 01
#0214-d295 @A: 25 26 15 06 | 10
#0215-d295 @A: 08 15 13 25 | 09
#0216-d295 @A: 25 08 09 12 | 06
#0217-d295 @A: 23 09 25 03 | 12
#0218-d295 @A: 15 25 20 11 | 08
#0219-d295 @A: 25 33 09 11 | 04
#0220-d295 @A: 17 25 16 35 | 11
#0221-d295 @A: 11 14 34 25 | 03
#0222-d295 @A: 22 25 23 34 | 07
#0223-d295 @A: 19 10 34 31 | 02
#0224-d295 @A: 05 10 06 18 | 05
#0225-d295 @A: 05 22 10 04 | 01
#0226-d295 @A: 13 19 10 12 | 10
#0227-d295 @A: 33 14 10 22 | 09
#0228-d295 @A: 17 23 26 10 | 06
#0229-d295 @A: 19 04 26 10 | 12
#0230-d295 @A: 06 23 28 31 | 08
#0231-d295 @A: 28 03 05 34 | 04
#0232-d295 @A: 28 16 27 17 | 11
#0233-d295 @A: 04 26 28 13 | 03
#0234-d295 @A: 28 19 23 04 | 07
#0235-d295 @A: 12 31 09 17 | 02
#0236-d295 @A: 05 14 31 04 | 05
#0237-d295 @A: 12 31 14 26 | 01
#0238-d295 @A: 31 14 23 35 | 10
#0239-d295 @A: 13 02 06 08 | 09
#0240-d295 @A: 23 15 06 02 | 06
#0241-d295 @A: 34 08 17 02 | 12
#0242-d295 @A: 22 03 34 02 | 08
#0243-d295 @A: 33 20 09 02 | 04
#0244-d295 @A: 02 22 09 13 | 11
#0245-d295 @A: 27 14 02 33 | 03
#0246-d295 @A: 26 04 02 01 | 07
#0247-d295 @A: 02 27 11 26 | 02
#0248-d295 @A: 04 02 17 12 | 05
#0249-d295 @A: 33 02 17 23 | 01
#0250-d295 @A: 06 03 08 19 | 10
#0251-d295 @A: 06 01 08 05 | 09
#0252-d295 @A: 20 06 08 35 | 06
#0253-d295 @A: 06 20 03 04 | 12
#0254-d295 @A: 06 16 22 18 | 08
#0255-d295 @A: 27 13 11 06 | 04
#0256-d295 @A: 06 13 33 23 | 11
#0257-d295 @A: 35 01 16 08 | 03
#0258-d295 @A: 11 08 18 14 | 07
#0259-d295 @A: 27 08 22 26 | 02
#0260-d295 @A: 03 13 16 18 | 05
#0261-d295 @A: 18 03 14 34 | 01
#0262-d295 @A: 11 23 35 03 | 10
#0263-d295 @A: 27 33 03 19 | 09
#0264-d295 @A: 01 23 20 15 | 06
#0265-d295 @A: 15 14 19 34 | 12
#0266-d295 @A: 01 04 17 15 | 08
#0267-d295 @A: 18 23 12 15 | 04
#0268-d295 @A: 22 27 15 11 | 11
#0269-d295 @A: 22 16 23 09 | 03
#0270-d295 @A: 35 01 09 18 | 07
#0271-d295 @A: 09 35 34 18 | 02
#0272-d295 @A: 01 17 16 05 | 05
#0273-d295 @A: 34 04 35 17 | 01
#0274-d295 @A: 15 19 21 32 | 10
#0275-d295 @A: 30 29 32 01 | 09
#0276-d295 @A: 29 25 10 32 | 06
#0277-d295 @A: 32 29 08 02 | 12
#0278-d295 @A: 24 32 09 12 | 08
#0279-d295 @A: 12 07 31 32 | 04
#0280-d295 @A: 32 14 19 30 | 11
#0281-d295 @A: 27 30 12 32 | 03
#0282-d295 @A: 25 04 32 01 | 07
#0283-d295 @A: 10 32 15 12 | 02
#0284-d295 @A: 34 10 32 18 | 05
#0285-d295 @A: 32 28 13 08 | 01
#0286-d295 @A: 32 22 28 18 | 10
#0287-d295 @A: 04 32 12 28 | 09
#0288-d295 @A: 02 31 15 32 | 06
#0289-d295 @A: 14 12 32 02 | 12
#0290-d295 @A: 06 32 03 12 | 08
#0291-d295 @A: 03 35 32 15 | 04
#0292-d295 @A: 32 11 14 23 | 11
#0293-d295 @A: 01 32 27 18 | 03
#0294-d295 @A: 23 32 12 19 | 07
#0295-d295 @A: 21 29 23 20 | 02
#0296-d295 @A: 08 24 30 21 | 05
#0297-d295 @A: 21 18 07 02 | 01
#0298-d295 @A: 21 04 15 07 | 10
#0299-d295 @A: 21 10 30 35 | 09
#0300-d295 @A: 21 02 30 27 | 06
#0301-d295 @A: 18 21 25 11 | 12
#0302-d295 @A: 08 04 21 05 | 08
#0303-d295 @A: 21 01 03 34 | 04
#0304-d295 @A: 18 33 16 21 | 11
#0305-d295 @A: 21 16 19 17 | 03
#0306-d295 @A: 11 16 35 21 | 07
#0307-d295 @A: 18 29 09 24 | 02
#0308-d295 @A: 04 05 07 29 | 05
#0309-d295 @A: 29 13 02 18 | 01
#0310-d295 @A: 06 35 18 29 | 10
#0311-d295 @A: 03 29 01 09 | 09
#0312-d295 @A: 15 05 29 01 | 06
#0313-d295 @A: 34 29 09 12 | 12
#0314-d295 @A: 29 33 01 04 | 08
#0315-d295 @A: 29 22 18 04 | 04
#0316-d295 @A: 26 04 29 23 | 11
#0317-d295 @A: 17 29 04 11 | 03
#0318-d295 @A: 29 19 27 04 | 07
#0319-d295 @A: 15 01 24 07 | 02
#0320-d295 @A: 05 24 19 10 | 05
#0321-d295 @A: 31 18 05 24 | 01
#0322-d295 @A: 24 14 06 08 | 10
#0323-d295 @A: 15 08 24 03 | 09
#0324-d295 @A: 09 04 24 17 | 06
#0325-d295 @A: 24 33 12 01 | 12
#0326-d295 @A: 24 18 19 11 | 08
#0327-d295 @A: 24 18 33 35 | 04
#0328-d295 @A: 35 07 25 30 | 11
#0329-d295 @A: 25 10 17 07 | 03
#0330-d295 @A: 02 07 25 12 | 07
#0331-d295 @A: 13 07 10 06 | 02
#0332-d295 @A: 07 10 12 05 | 05
#0333-d295 @A: 05 26 02 07 | 01
#0334-d295 @A: 18 07 26 11 | 10
#0335-d295 @A: 08 25 11 30 | 09
#0336-d295 @A: 30 16 25 22 | 06
#0337-d295 @A: 30 25 19 12 | 12
#0338-d295 @A: 30 06 33 01 | 08
#0339-d295 @A: 03 12 30 09 | 04
#0340-d295 @A: 20 04 15 30 | 11
#0341-d295 @A: 30 35 27 16 | 03
#0342-d295 @A: 19 30 13 35 | 07
#0343-d295 @A: 14 26 04 30 | 02
#0344-d295 @A: 35 30 17 11 | 05
#0345-d295 @A: 08 10 26 25 | 01
#0346-d295 @A: 10 11 05 25 | 10
#0347-d295 @A: 01 35 10 25 | 09
#0348-d295 @A: 09 25 35 28 | 06
#0349-d295 @A: 28 14 25 05 | 12
#0350-d295 @A: 20 25 01 31 | 08
#0351-d295 @A: 25 09 20 27 | 04
#0352-d295 @A: 33 14 17 25 | 11
#0353-d295 @A: 26 34 01 25 | 03
#0354-d295 @A: 26 22 23 25 | 07
#0355-d295 @A: 28 10 08 04 | 02
#0356-d295 @A: 28 20 33 10 | 05
#0357-d295 @A: 16 06 10 33 | 01
#0358-d295 @A: 09 10 27 08 | 10
#0359-d295 @A: 03 09 35 10 | 09
#0360-d295 @A: 13 10 09 33 | 06
#0361-d295 @A: 14 10 09 17 | 12
#0362-d295 @A: 10 23 22 20 | 08
#0363-d295 @A: 12 23 10 04 | 04
#0364-d295 @A: 31 28 34 27 | 11
#0365-d295 @A: 12 31 28 35 | 03
#0366-d295 @A: 33 28 04 02 | 07
#0367-d295 @A: 28 06 09 34 | 02
#0368-d295 @A: 28 22 13 33 | 05
#0369-d295 @A: 17 28 23 18 | 01
#0370-d295 @A: 27 28 22 23 | 10
#0371-d295 @A: 27 11 35 28 | 09
#0372-d295 @A: 28 34 11 35 | 06
#0373-d295 @A: 15 03 04 31 | 12
#0374-d295 @A: 31 05 03 17 | 08
#0375-d295 @A: 31 18 13 27 | 04
#0376-d295 @A: 23 22 31 12 | 11
#0377-d295 @A: 26 02 03 22 | 03
#0378-d295 @A: 15 34 02 09 | 07
#0379-d295 @A: 35 20 27 02 | 02
#0380-d295 @A: 01 35 02 13 | 05
#0381-d295 @A: 16 06 11 26 | 01
#0382-d295 @A: 34 13 06 18 | 10
#0383-d295 @A: 17 06 19 26 | 09
#0384-d295 @A: 06 33 04 35 | 06
#0385-d295 @A: 08 18 23 16 | 12
#0386-d295 @A: 04 26 16 08 | 08
#0387-d295 @A: 22 08 01 14 | 04
#0388-d295 @A: 14 11 34 08 | 11
#0389-d295 @A: 08 01 33 19 | 03
#0390-d295 @A: 13 27 03 15 | 07
#0391-d295 @A: 09 05 03 13 | 02
#0392-d295 @A: 03 33 20 14 | 05
#0393-d295 @A: 16 26 03 23 | 01
#0394-d295 @A: 03 17 16 12 | 10
#0395-d295 @A: 03 16 11 33 | 09
#0396-d295 @A: 11 26 03 12 | 06
#0397-d295 @A: 27 03 23 17 | 12
#0398-d295 @A: 03 22 04 33 | 08
#0399-d295 @A: 22 15 23 05 | 04
#0400-d295 @A: 19 01 35 15 | 11
#0401-d295 @A: 05 34 09 26 | 03
#0402-d295 @A: 17 34 09 14 | 07
#0403-d295 @A: 35 09 11 19 | 02
#0404-d295 @A: 23 33 09 35 | 05
#0405-d295 @A: 05 01 14 20 | 01
#0406-d295 @A: 17 05 20 27 | 10
#0407-d295 @A: 20 33 05 23 | 09
#0408-d295 @A: 35 23 05 13 | 06
#0409-d295 @A: 19 22 18 05 | 12
#0410-d295 @A: 11 35 22 05 | 08
#0411-d295 @A: 01 33 13 20 | 04
#0412-d295 @A: 13 20 23 18 | 11
#0413-d295 @A: 17 18 34 22 | 03
#0414-d295 @A: 27 32 21 14 | 07
#0415-d295 @A: 06 29 14 32 | 02
#0416-d295 @A: 05 29 32 17 | 05
#0417-d295 @A: 34 29 32 23 | 01
#0418-d295 @A: 24 03 32 16 | 10
#0419-d295 @A: 20 24 32 26 | 09
#0420-d295 @A: 32 19 07 20 | 06
#0421-d295 @A: 32 33 30 03 | 12
#0422-d295 @A: 20 01 32 10 | 08
#0423-d295 @A: 28 32 26 31 | 04
#0424-d295 @A: 32 28 02 27 | 11
#0425-d295 @A: 20 18 32 02 | 03
#0426-d295 @A: 02 32 04 23 | 07
#0427-d295 @A: 15 08 32 11 | 02
#0428-d295 @A: 01 32 08 09 | 05
#0429-d295 @A: 32 13 23 01 | 01
#0430-d295 @A: 32 22 27 13 | 10
#0431-d295 @A: 32 35 01 12 | 09
#0432-d295 @A: 32 11 19 26 | 06
#0433-d295 @A: 29 22 31 21 | 12
#0434-d295 @A: 20 11 21 07 | 08
#0435-d295 @A: 01 12 21 30 | 04
#0436-d295 @A: 22 21 18 30 | 11
#0437-d295 @A: 14 25 08 21 | 03
#0438-d295 @A: 21 20 22 25 | 07
#0439-d295 @A: 09 11 21 28 | 02
#0440-d295 @A: 33 21 28 35 | 05
#0441-d295 @A: 21 08 09 17 | 01
#0442-d295 @A: 34 08 21 22 | 10
#0443-d295 @A: 12 21 33 13 | 09
#0444-d295 @A: 21 19 01 04 | 06
#0445-d295 @A: 26 35 19 21 | 12
#0446-d295 @A: 35 17 21 23 | 08
#0447-d295 @A: 29 11 24 06 | 04
#0448-d295 @A: 22 30 29 28 | 11
#0449-d295 @A: 03 13 29 30 | 03
#0450-d295 @A: 09 29 17 30 | 07
#0451-d295 @A: 34 29 25 13 | 02
#0452-d295 @A: 04 10 31 29 | 05
#0453-d295 @A: 29 12 02 10 | 01
#0454-d295 @A: 29 27 10 13 | 10
#0455-d295 @A: 29 05 16 31 | 09
#0456-d295 @A: 06 02 29 17 | 06
#0457-d295 @A: 27 02 03 29 | 12
#0458-d295 @A: 22 06 29 05 | 08
#0459-d295 @A: 03 05 29 35 | 04
#0460-d295 @A: 01 26 35 29 | 11
#0461-d295 @A: 29 22 11 26 | 03
#0462-d295 @A: 23 29 17 19 | 07
#0463-d295 @A: 07 14 24 25 | 02
#0464-d295 @A: 07 24 31 10 | 05
#0465-d295 @A: 05 24 22 30 | 01
#0466-d295 @A: 03 01 24 31 | 10
#0467-d295 @A: 24 08 16 34 | 09
#0468-d295 @A: 13 24 01 34 | 06
#0469-d295 @A: 07 30 22 27 | 12
#0470-d295 @A: 10 28 07 01 | 08
#0471-d295 @A: 10 26 09 07 | 04
#0472-d295 @A: 07 31 34 03 | 11
#0473-d295 @A: 07 31 04 18 | 03
#0474-d295 @A: 02 04 07 03 | 07
#0475-d295 @A: 20 02 14 07 | 02
#0476-d295 @A: 07 08 20 26 | 05
#0477-d295 @A: 05 07 27 15 | 01
#0478-d295 @A: 16 15 07 17 | 10
#0479-d295 @A: 22 07 34 05 | 09
#0480-d295 @A: 20 18 34 07 | 06
#0481-d295 @A: 07 04 12 01 | 12
#0482-d295 @A: 07 12 27 19 | 08
#0483-d295 @A: 28 30 02 09 | 04
#0484-d295 @A: 28 30 12 05 | 11
#0485-d295 @A: 35 31 08 30 | 03
#0486-d295 @A: 14 06 12 30 | 07
#0487-d295 @A: 30 18 23 06 | 02
#0488-d295 @A: 33 23 30 26 | 05
#0489-d295 @A: 10 25 06 12 | 01
#0490-d295 @A: 04 28 25 20 | 10
#0491-d295 @A: 33 18 28 25 | 09
#0492-d295 @A: 19 15 02 25 | 06
#0493-d295 @A: 17 02 25 27 | 12
#0494-d295 @A: 03 11 25 06 | 08
#0495-d295 @A: 25 05 23 08 | 04
#0496-d295 @A: 16 19 13 25 | 11
#0497-d295 @A: 33 12 16 25 | 03
#0498-d295 @A: 17 25 01 23 | 07
#0499-d295 @A: 28 13 10 18 | 02
#0500-d295 @A: 26 10 01 13 | 05
#0501-d295 @A: 11 14 10 26 | 01
#0502-d295 @A: 14 34 04 10 | 10
#0503-d295 @A: 35 11 10 18 | 09
#0504-d295 @A: 33 10 19 17 | 06
#0505-d295 @A: 34 22 12 10 | 12
#0506-d295 @A: 28 15 31 14 | 08
#0507-d295 @A: 20 28 31 13 | 04
#0508-d295 @A: 18 02 28 14 | 11
#0509-d295 @A: 19 08 15 28 | 03
#0510-d295 @A: 28 18 04 16 | 07
#0511-d295 @A: 18 34 28 01 | 02
#0512-d295 @A: 28 22 19 35 | 05
#0513-d295 @A: 34 05 02 31 | 01
#0514-d295 @A: 26 03 31 20 | 10
#0515-d295 @A: 15 11 05 31 | 09
#0516-d295 @A: 20 31 23 09 | 06
#0517-d295 @A: 31 20 23 34 | 12
#0518-d295 @A: 33 14 31 01 | 08
#0519-d295 @A: 31 27 19 14 | 04
#0520-d295 @A: 27 31 04 17 | 11
#0521-d295 @A: 06 02 34 23 | 03
#0522-d295 @A: 16 02 35 26 | 07
#0523-d295 @A: 35 11 02 14 | 02
#0524-d295 @A: 01 19 02 22 | 05
#0525-d295 @A: 04 06 08 17 | 01
#0526-d295 @A: 03 19 34 06 | 10
#0527-d295 @A: 18 09 33 06 | 09
#0528-d295 @A: 16 17 13 06 | 06
#0529-d295 @A: 16 34 35 06 | 12
#0530-d295 @A: 12 01 26 06 | 08
#0531-d295 @A: 06 22 23 19 | 04
#0532-d295 @A: 08 14 03 09 | 11
#0533-d295 @A: 12 08 33 20 | 03
#0534-d295 @A: 13 08 35 18 | 07
#0535-d295 @A: 08 12 04 14 | 02
#0536-d295 @A: 34 08 23 35 | 05
#0537-d295 @A: 19 15 03 17 | 01
#0538-d295 @A: 03 19 04 12 | 10
#0539-d295 @A: 22 15 13 18 | 09
#0540-d295 @A: 27 17 33 15 | 06
#0541-d295 @A: 16 01 12 09 | 12
#0542-d295 @A: 17 18 16 09 | 08
#0543-d295 @A: 09 19 04 16 | 04
#0544-d295 @A: 13 19 26 09 | 11
#0545-d295 @A: 27 18 09 23 | 03
#0546-d295 @A: 35 05 01 33 | 07
#0547-d295 @A: 26 04 05 27 | 02
#0548-d295 @A: 27 33 20 16 | 05
#0549-d295 @A: 18 17 20 14 | 01
#0550-d295 @A: 19 14 20 23 | 10
#0551-d295 @A: 20 26 12 04 | 09
#0552-d295 @A: 04 35 20 23 | 06
#0553-d295 @A: 19 01 34 16 | 12
#0554-d295 @A: 13 34 19 23 | 08
#0555-d295 @A: 11 22 01 34 | 04
#0556-d295 @A: 33 11 34 04 | 11
#0557-d295 @A: 32 21 31 11 | 03
#0558-d295 @A: 21 32 18 03 | 07
#0559-d295 @A: 12 32 20 29 | 02
#0560-d295 @A: 32 04 24 05 | 05
#0561-d295 @A: 25 15 07 32 | 01
#0562-d295 @A: 02 32 13 07 | 10
#0563-d295 @A: 07 06 32 04 | 09
#0564-d295 @A: 02 32 30 26 | 06
#0565-d295 @A: 35 32 25 08 | 12
#0566-d295 @A: 16 31 32 10 | 08
#0567-d295 @A: 32 13 20 16 | 04
#0568-d295 @A: 16 32 12 18 | 11
#0569-d295 @A: 04 32 27 33 | 03
#0570-d295 @A: 21 14 29 28 | 07
#0571-d295 @A: 31 24 13 21 | 02
#0572-d295 @A: 21 35 20 24 | 05
#0573-d295 @A: 10 21 06 11 | 01
#0574-d295 @A: 26 05 31 21 | 10
#0575-d295 @A: 21 15 16 02 | 09
#0576-d295 @A: 06 21 12 23 | 06
#0577-d295 @A: 08 03 13 21 | 12
#0578-d295 @A: 15 35 21 05 | 08
#0579-d295 @A: 11 15 21 14 | 04
#0580-d295 @A: 01 21 33 27 | 11
#0581-d295 @A: 35 18 12 21 | 03
#0582-d295 @A: 24 29 22 10 | 07
#0583-d295 @A: 29 28 19 24 | 02
#0584-d295 @A: 25 01 06 29 | 05
#0585-d295 @A: 10 29 05 26 | 01
#0586-d295 @A: 04 02 29 15 | 10
#0587-d295 @A: 09 14 02 29 | 09
#0588-d295 @A: 29 22 20 02 | 06
#0589-d295 @A: 20 26 06 29 | 12
#0590-d295 @A: 35 08 11 29 | 08
#0591-d295 @A: 20 33 15 29 | 04
#0592-d295 @A: 26 29 18 16 | 11
#0593-d295 @A: 33 29 13 26 | 03
#0594-d295 @A: 01 29 18 23 | 07
#0595-d295 @A: 29 27 11 12 | 02
#0596-d295 @A: 29 19 11 33 | 05
#0597-d295 @A: 05 11 24 07 | 01
#0598-d295 @A: 19 07 24 33 | 10
#0599-d295 @A: 30 17 24 03 | 09
#0600-d295 @A: 17 24 15 25 | 06
#0601-d295 @A: 09 25 13 24 | 12
#0602-d295 @A: 12 20 24 25 | 08
#0603-d295 @A: 10 24 20 27 | 04
#0604-d295 @A: 28 05 27 24 | 11
#0605-d295 @A: 22 20 28 24 | 03
#0606-d295 @A: 24 17 33 28 | 07
#0607-d295 @A: 05 35 24 08 | 02
#0608-d295 @A: 24 17 08 19 | 05
#0609-d295 @A: 04 03 24 13 | 01
#0610-d295 @A: 05 24 23 01 | 10
#0611-d295 @A: 14 34 24 20 | 09
#0612-d295 @A: 14 07 30 31 | 06
#0613-d295 @A: 06 07 18 25 | 12
#0614-d295 @A: 25 17 34 07 | 08
#0615-d295 @A: 07 04 10 20 | 04
#0616-d295 @A: 07 28 08 11 | 11
#0617-d295 @A: 23 07 31 15 | 03
#0618-d295 @A: 31 07 16 26 | 07
#0619-d295 @A: 23 08 17 07 | 02
#0620-d295 @A: 03 15 18 07 | 05
#0621-d295 @A: 09 16 34 07 | 01
#0622-d295 @A: 17 26 12 07 | 10
#0623-d295 @A: 23 07 27 35 | 09
#0624-d295 @A: 05 30 25 18 | 06
#0625-d295 @A: 10 28 14 30 | 12
#0626-d295 @A: 30 18 20 10 | 08
#0627-d295 @A: 16 28 08 30 | 04
#0628-d295 @A: 06 09 30 19 | 11
#0629-d295 @A: 19 08 30 23 | 03
#0630-d295 @A: 12 15 30 13 | 07
#0631-d295 @A: 26 30 35 09 | 02
#0632-d295 @A: 01 30 18 26 | 05
#0633-d295 @A: 17 18 12 30 | 01
#0634-d295 @A: 19 27 30 26 | 10
#0635-d295 @A: 30 19 22 04 | 09
#0636-d295 @A: 18 31 25 15 | 06
#0637-d295 @A: 17 25 09 06 | 12
#0638-d295 @A: 20 06 13 25 | 08
#0639-d295 @A: 14 06 16 25 | 04
#0640-d295 @A: 17 20 25 26 | 11
#0641-d295 @A: 35 28 05 10 | 03
#0642-d295 @A: 10 05 02 33 | 07
#0643-d295 @A: 01 03 10 11 | 02
#0644-d295 @A: 10 18 03 17 | 05
#0645-d295 @A: 34 03 10 33 | 01
#0646-d295 @A: 16 15 10 20 | 10
#0647-d295 @A: 09 20 10 19 | 09
#0648-d295 @A: 16 10 22 13 | 06
#0649-d295 @A: 01 10 14 12 | 12
#0650-d295 @A: 27 19 01 10 | 08
#0651-d295 @A: 11 22 19 10 | 04
#0652-d295 @A: 28 27 09 31 | 11
#0653-d295 @A: 19 02 06 28 | 03
#0654-d295 @A: 19 02 34 28 | 07
#0655-d295 @A: 17 28 05 08 | 02
#0656-d295 @A: 35 08 28 23 | 05
#0657-d295 @A: 09 28 15 23 | 01
#0658-d295 @A: 16 33 01 28 | 10
#0659-d295 @A: 17 28 11 13 | 09
#0660-d295 @A: 28 18 26 27 | 06
#0661-d295 @A: 12 16 31 02 | 12
#0662-d295 @A: 13 31 08 01 | 08
#0663-d295 @A: 08 23 31 26 | 04
#0664-d295 @A: 31 09 05 19 | 11
#0665-d295 @A: 04 16 35 31 | 03
#0666-d295 @A: 31 17 22 13 | 07
#0667-d295 @A: 31 04 23 01 | 02
#0668-d295 @A: 23 33 18 31 | 05
#0669-d295 @A: 22 27 31 35 | 01
#0670-d295 @A: 04 31 12 34 | 10
#0671-d295 @A: 02 08 26 14 | 09
#0672-d295 @A: 02 03 09 17 | 06
#0673-d295 @A: 05 03 18 02 | 12
#0674-d295 @A: 13 16 27 02 | 08
#0675-d295 @A: 19 02 33 16 | 04
#0676-d295 @A: 17 01 14 02 | 11
#0677-d295 @A: 11 02 34 12 | 03
#0678-d295 @A: 08 06 18 15 | 07
#0679-d295 @A: 16 15 05 06 | 02
#0680-d295 @A: 04 27 14 06 | 05
#0681-d295 @A: 17 22 06 11 | 01
#0682-d295 @A: 27 34 03 08 | 10
#0683-d295 @A: 08 27 04 15 | 09
#0684-d295 @A: 20 34 09 08 | 06
#0685-d295 @A: 08 27 13 23 | 12
#0686-d295 @A: 35 08 19 14 | 08
#0687-d295 @A: 19 27 18 08 | 04
#0688-d295 @A: 34 03 15 17 | 11
#0689-d295 @A: 22 09 03 19 | 03
#0690-d295 @A: 05 33 12 03 | 07
#0691-d295 @A: 17 33 13 03 | 02
#0692-d295 @A: 03 11 13 22 | 05
#0693-d295 @A: 05 15 09 14 | 01
#0694-d295 @A: 15 26 14 27 | 10
#0695-d295 @A: 14 23 04 15 | 09
#0696-d295 @A: 14 33 15 12 | 06
#0697-d295 @A: 17 18 11 15 | 12
#0698-d295 @A: 15 34 27 26 | 08
#0699-d295 @A: 26 35 23 15 | 04
#0700-d295 @A: 18 09 13 12 | 11
#0701-d295 @A: 13 04 09 23 | 03
#0702-d295 @A: 09 01 27 11 | 07
#0703-d295 @A: 05 13 20 19 | 02
#0704-d295 @A: 05 35 26 20 | 05
#0705-d295 @A: 14 05 16 18 | 01
#0706-d295 @A: 05 01 19 12 | 10
#0707-d295 @A: 23 12 27 05 | 09
#0708-d295 @A: 05 12 23 34 | 06
#0709-d295 @A: 26 01 19 20 | 12
#0710-d295 @A: 22 20 19 17 | 08
#0711-d295 @A: 35 33 20 17 | 04
#0712-d295 @A: 34 16 14 22 | 11
#0713-d295 @A: 16 34 23 18 | 03
#0714-d295 @A: 13 25 21 32 | 07
#0715-d295 @A: 05 23 21 32 | 02
#0716-d295 @A: 04 03 29 32 | 05
#0717-d295 @A: 32 24 23 28 | 01
#0718-d295 @A: 19 32 24 02 | 10
#0719-d295 @A: 32 34 07 08 | 09
#0720-d295 @A: 32 07 18 09 | 06
#0721-d295 @A: 32 25 17 28 | 12
#0722-d295 @A: 28 32 14 03 | 08
#0723-d295 @A: 28 32 01 15 | 04
#0724-d295 @A: 32 34 28 22 | 11
#0725-d295 @A: 32 05 03 19 | 03
#0726-d295 @A: 18 15 32 05 | 07
#0727-d295 @A: 32 26 15 04 | 02
#0728-d295 @A: 19 32 34 09 | 05
#0729-d295 @A: 32 16 05 35 | 01
#0730-d295 @A: 11 18 04 32 | 10
#0731-d295 @A: 33 17 32 12 | 09
#0732-d295 @A: 21 25 27 24 | 06
#0733-d295 @A: 14 24 02 21 | 12
#0734-d295 @A: 21 24 04 26 | 08
#0735-d295 @A: 21 24 26 34 | 04
#0736-d295 @A: 15 30 31 21 | 11
#0737-d295 @A: 21 25 05 01 | 03
#0738-d295 @A: 21 10 28 17 | 07
#0739-d295 @A: 08 28 26 21 | 02
#0740-d295 @A: 33 34 21 31 | 05
#0741-d295 @A: 21 17 06 03 | 01
#0742-d295 @A: 21 27 06 15 | 10
#0743-d295 @A: 06 05 20 21 | 09
#0744-d295 @A: 18 09 21 05 | 06
#0745-d295 @A: 33 09 04 21 | 12
#0746-d295 @A: 05 21 13 16 | 08
#0747-d295 @A: 22 21 16 26 | 04
#0748-d295 @A: 13 01 14 21 | 11
#0749-d295 @A: 29 07 10 18 | 03
#0750-d295 @A: 29 13 28 25 | 07
#0751-d295 @A: 16 02 28 29 | 02
#0752-d295 @A: 27 29 06 28 | 05
#0753-d295 @A: 16 29 08 27 | 01
#0754-d295 @A: 15 19 18 29 | 10
#0755-d295 @A: 04 20 14 29 | 09
#0756-d295 @A: 14 16 11 29 | 06
#0757-d295 @A: 01 13 11 29 | 12
#0758-d295 @A: 12 29 17 13 | 08
#0759-d295 @A: 07 04 24 28 | 04
#0760-d295 @A: 24 15 34 07 | 11
#0761-d295 @A: 07 24 20 17 | 03
#0762-d295 @A: 24 12 30 10 | 07
#0763-d295 @A: 10 24 25 28 | 02
#0764-d295 @A: 24 25 02 35 | 05
#0765-d295 @A: 18 10 02 24 | 01
#0766-d295 @A: 06 04 24 10 | 10
#0767-d295 @A: 09 28 14 24 | 09
#0768-d295 @A: 24 26 15 05 | 06
#0769-d295 @A: 17 18 13 24 | 12
#0770-d295 @A: 23 18 24 14 | 08
#0771-d295 @A: 35 27 24 01 | 04
#0772-d295 @A: 24 27 04 23 | 11
#0773-d295 @A: 30 07 01 02 | 03
#0774-d295 @A: 23 25 19 07 | 07
#0775-d295 @A: 28 07 14 13 | 02
#0776-d295 @A: 06 31 27 07 | 05
#0777-d295 @A: 05 07 20 31 | 01
#0778-d295 @A: 07 33 02 08 | 10
#0779-d295 @A: 03 13 20 07 | 09
#0780-d295 @A: 03 26 07 27 | 06
#0781-d295 @A: 22 19 16 07 | 12
#0782-d295 @A: 12 07 35 13 | 08
#0783-d295 @A: 01 23 14 07 | 04
#0784-d295 @A: 07 14 33 18 | 11
#0785-d295 @A: 07 34 23 26 | 03
#0786-d295 @A: 07 33 11 27 | 07
#0787-d295 @A: 34 12 04 07 | 02
#0788-d295 @A: 02 25 30 06 | 05
#0789-d295 @A: 23 30 25 20 | 01
#0790-d295 @A: 06 27 30 10 | 10
#0791-d295 @A: 19 03 30 28 | 09
#0792-d295 @A: 31 09 11 30 | 06
#0793-d295 @A: 17 30 02 20 | 12
#0794-d295 @A: 30 03 34 09 | 08
#0795-d295 @A: 16 19 11 30 | 04
#0796-d295 @A: 30 01 17 19 | 11
#0797-d295 @A: 09 10 25 22 | 03
#0798-d295 @A: 20 25 05 02 | 07
#0799-d295 @A: 06 25 33 08 | 02
#0800-d295 @A: 25 34 03 35 | 05
#0801-d295 @A: 15 25 09 01 | 01
#0802-d295 @A: 25 05 15 04 | 10
#0803-d295 @A: 14 25 12 13 | 09
#0804-d295 @A: 25 26 19 14 | 06
#0805-d295 @A: 16 10 28 03 | 12
#0806-d295 @A: 28 10 16 34 | 08
#0807-d295 @A: 06 01 02 10 | 04
#0808-d295 @A: 09 15 10 04 | 11
#0809-d295 @A: 14 04 10 18 | 03
#0810-d295 @A: 08 28 31 33 | 07
#0811-d295 @A: 31 28 05 01 | 02
#0812-d295 @A: 02 22 05 28 | 05
#0813-d295 @A: 06 28 08 12 | 01
#0814-d295 @A: 20 06 28 18 | 10
#0815-d295 @A: 28 17 01 06 | 09
#0816-d295 @A: 01 03 27 28 | 06
#0817-d295 @A: 28 34 20 04 | 12
#0818-d295 @A: 28 26 14 22 | 08
#0819-d295 @A: 28 17 04 14 | 04
#0820-d295 @A: 23 16 17 31 | 11
#0821-d295 @A: 31 14 22 18 | 03
#0822-d295 @A: 02 06 20 12 | 07
#0823-d295 @A: 18 02 09 15 | 02
#0824-d295 @A: 04 02 13 34 | 05
#0825-d295 @A: 12 13 23 02 | 01
#0826-d295 @A: 02 34 26 18 | 10
#0827-d295 @A: 18 04 02 27 | 09
#0828-d295 @A: 06 13 26 35 | 06
#0829-d295 @A: 06 17 23 14 | 12
#0830-d295 @A: 22 06 34 27 | 08
#0831-d295 @A: 34 12 06 35 | 04
#0832-d295 @A: 03 27 08 05 | 11
#0833-d295 @A: 08 15 35 09 | 03
#0834-d295 @A: 08 14 16 15 | 07
#0835-d295 @A: 11 08 09 05 | 02
#0836-d295 @A: 19 08 22 13 | 05
#0837-d295 @A: 08 27 12 17 | 01
#0838-d295 @A: 33 15 23 03 | 10
#0839-d295 @A: 26 12 34 03 | 09
#0840-d295 @A: 22 15 14 19 | 06
#0841-d295 @A: 27 16 26 09 | 12
#0842-d295 @A: 22 17 33 05 | 08
#0843-d295 @A: 17 11 12 05 | 04
#0844-d295 @A: 35 13 14 20 | 11
#0845-d295 @A: 11 34 20 13 | 03
#0846-d295 @A: 11 14 12 20 | 07
#0847-d295 @A: 34 23 16 04 | 02
#0848-d295 @A: 34 01 27 12 | 05
#0849-d295 @A: 32 22 21 10 | 01
#0850-d295 @A: 29 13 24 32 | 10
#0851-d295 @A: 29 19 32 22 | 09
#0852-d295 @A: 32 24 18 30 | 06
#0853-d295 @A: 08 32 24 33 | 12
#0854-d295 @A: 31 32 09 04 | 08
#0855-d295 @A: 32 01 31 19 | 04
#0856-d295 @A: 32 22 33 02 | 11
#0857-d295 @A: 14 20 09 32 | 03
#0858-d295 @A: 33 32 09 19 | 07
#0859-d295 @A: 34 27 35 32 | 02
#0860-d295 @A: 11 21 29 30 | 05
#0861-d295 @A: 01 10 29 21 | 01
#0862-d295 @A: 19 24 21 03 | 10
#0863-d295 @A: 07 09 27 21 | 09
#0864-d295 @A: 06 30 21 26 | 06
#0865-d295 @A: 25 21 19 10 | 12
#0866-d295 @A: 21 25 03 33 | 08
#0867-d295 @A: 25 34 21 19 | 04
#0868-d295 @A: 02 34 21 14 | 11
#0869-d295 @A: 02 01 11 21 | 03
#0870-d295 @A: 09 21 11 34 | 07
#0871-d295 @A: 26 13 11 21 | 02
#0872-d295 @A: 23 21 26 18 | 05
#0873-d295 @A: 26 27 21 17 | 01
#0874-d295 @A: 03 24 29 07 | 10
#0875-d295 @A: 29 07 23 16 | 09
#0876-d295 @A: 25 26 29 02 | 06
#0877-d295 @A: 11 10 20 29 | 12
#0878-d295 @A: 29 01 08 28 | 08
#0879-d295 @A: 34 02 16 29 | 04
#0880-d295 @A: 08 29 19 26 | 11
#0881-d295 @A: 34 20 29 03 | 03
#0882-d295 @A: 12 09 05 29 | 07
#0883-d295 @A: 29 12 14 18 | 02
#0884-d295 @A: 24 11 30 02 | 05
#0885-d295 @A: 24 18 03 25 | 01
#0886-d295 @A: 34 25 09 24 | 10
#0887-d295 @A: 34 12 24 28 | 09
#0888-d295 @A: 24 02 12 03 | 06
#0889-d295 @A: 24 20 04 02 | 12
#0890-d295 @A: 03 14 05 24 | 08
#0891-d295 @A: 27 18 24 16 | 04
#0892-d295 @A: 24 16 22 17 | 11
#0893-d295 @A: 16 24 12 35 | 03
#0894-d295 @A: 24 14 17 27 | 07
#0895-d295 @A: 24 01 26 17 | 02
#0896-d295 @A: 27 19 24 22 | 05
#0897-d295 @A: 19 24 23 35 | 01
#0898-d295 @A: 07 10 34 01 | 10
#0899-d295 @A: 28 02 07 17 | 09
#0900-d295 @A: 07 09 28 19 | 06
#0901-d295 @A: 20 27 07 28 | 12
#0902-d295 @A: 31 02 19 07 | 08
#0903-d295 @A: 17 09 07 05 | 04
#0904-d295 @A: 18 07 16 35 | 11
#0905-d295 @A: 19 13 18 07 | 03
#0906-d295 @A: 07 34 22 13 | 07
#0907-d295 @A: 11 34 07 19 | 02
#0908-d295 @A: 04 07 33 23 | 05
#0909-d295 @A: 17 30 08 10 | 01
#0910-d295 @A: 12 30 31 20 | 10
#0911-d295 @A: 05 30 06 04 | 09
#0912-d295 @A: 22 15 30 09 | 06
#0913-d295 @A: 30 15 18 16 | 12
#0914-d295 @A: 13 26 16 30 | 08
#0915-d295 @A: 22 14 11 30 | 04
#0916-d295 @A: 19 30 18 33 | 11
#0917-d295 @A: 17 27 34 30 | 03
#0918-d295 @A: 12 30 11 33 | 07
#0919-d295 @A: 23 12 30 35 | 02
#0920-d295 @A: 28 25 31 19 | 05
#0921-d295 @A: 08 25 34 31 | 01
#0922-d295 @A: 12 31 03 25 | 10
#0923-d295 @A: 18 02 25 34 | 09
#0924-d295 @A: 05 25 27 06 | 06
#0925-d295 @A: 35 25 22 06 | 12
#0926-d295 @A: 16 08 25 03 | 08
#0927-d295 @A: 20 25 19 08 | 04
#0928-d295 @A: 25 13 26 27 | 11
#0929-d295 @A: 11 04 25 14 | 03
#0930-d295 @A: 27 22 18 25 | 07
#0931-d295 @A: 28 15 27 10 | 02
#0932-d295 @A: 31 02 14 10 | 05
#0933-d295 @A: 08 06 23 10 | 01
#0934-d295 @A: 14 10 16 27 | 10
#0935-d295 @A: 12 10 35 17 | 09
#0936-d295 @A: 28 09 18 08 | 06
#0937-d295 @A: 26 28 03 15 | 12
#0938-d295 @A: 11 26 05 28 | 08
#0939-d295 @A: 20 11 19 28 | 04
#0940-d295 @A: 31 27 02 08 | 11
#0941-d295 @A: 31 33 13 02 | 03
#0942-d295 @A: 01 06 15 31 | 07
#0943-d295 @A: 22 31 08 05 | 02
#0944-d295 @A: 31 16 03 19 | 05
#0945-d295 @A: 27 16 31 15 | 01
#0946-d295 @A: 20 22 31 04 | 10
#0947-d295 @A: 26 14 34 31 | 09
#0948-d295 @A: 22 11 31 01 | 06
#0949-d295 @A: 34 18 31 11 | 12
#0950-d295 @A: 15 02 17 08 | 08
#0951-d295 @A: 08 02 11 04 | 04
#0952-d295 @A: 02 03 15 01 | 11
#0953-d295 @A: 02 12 11 09 | 03
#0954-d295 @A: 19 02 27 05 | 07
#0955-d295 @A: 06 01 03 16 | 02
#0956-d295 @A: 06 14 09 22 | 05
#0957-d295 @A: 04 09 12 06 | 01
#0958-d295 @A: 22 12 13 06 | 10
#0959-d295 @A: 03 01 08 26 | 09
#0960-d295 @A: 15 20 22 08 | 06
#0961-d295 @A: 13 15 08 34 | 12
#0962-d295 @A: 01 05 08 34 | 08
#0963-d295 @A: 08 13 04 33 | 04
#0964-d295 @A: 08 22 18 33 | 11
#0965-d295 @A: 12 35 08 26 | 03
#0966-d295 @A: 09 16 15 03 | 07
#0967-d295 @A: 16 03 04 27 | 02
#0968-d295 @A: 33 35 03 26 | 05
#0969-d295 @A: 20 09 17 15 | 01
#0970-d295 @A: 34 12 15 16 | 10
#0971-d295 @A: 15 33 13 19 | 09
#0972-d295 @A: 22 01 15 33 | 06
#0973-d295 @A: 15 12 22 04 | 12
#0974-d295 @A: 27 23 19 15 | 08
#0975-d295 @A: 09 16 35 20 | 04
#0976-d295 @A: 09 14 16 33 | 11
#0977-d295 @A: 09 13 14 27 | 03
#0978-d295 @A: 17 35 13 09 | 07
#0979-d295 @A: 17 09 33 01 | 02
#0980-d295 @A: 26 09 17 11 | 05
#0981-d295 @A: 09 22 35 12 | 01
#0982-d295 @A: 05 12 20 22 | 10
#0983-d295 @A: 11 05 04 01 | 09
#0984-d295 @A: 26 22 13 20 | 06
#0985-d295 @A: 27 22 20 14 | 12
#0986-d295 @A: 28 30 32 21 | 08
#0987-d295 @A: 09 16 21 32 | 04
#0988-d295 @A: 21 01 32 26 | 11
#0989-d295 @A: 25 32 24 11 | 03
#0990-d295 @A: 16 08 32 07 | 07
#0991-d295 @A: 05 07 14 32 | 02
#0992-d295 @A: 04 32 30 10 | 05
#0993-d295 @A: 27 32 31 25 | 01
#0994-d295 @A: 28 19 10 32 | 10
#0995-d295 @A: 14 08 31 32 | 09
#0996-d295 @A: 32 16 14 01 | 06
#0997-d295 @A: 26 17 32 16 | 12
#0998-d295 @A: 32 22 04 16 | 08
#0999-d295 @A: 23 33 16 32 | 04
#1000-d295 @A: 14 13 04 32 | 11
#1001-d295 @A: 26 32 12 13 | 03
#1002-d295 @A: 11 35 13 32 | 07
#1003-d295 @A: 14 33 35 32 | 02
#1004-d295 @A: 33 11 32 01 | 05
#1005-d295 @A: 17 26 32 34 | 01
#1006-d295 @A: 32 22 12 11 | 10
#1007-d295 @A: 29 07 13 21 | 09
#1008-d295 @A: 12 21 05 24 | 06
#1009-d295 @A: 07 19 30 21 | 12
#1010-d295 @A: 09 25 21 02 | 08
#1011-d295 @A: 34 16 25 21 | 04
#1012-d295 @A: 15 28 21 22 | 11
#1013-d295 @A: 14 31 21 06 | 03
#1014-d295 @A: 21 12 26 02 | 07
#1015-d295 @A: 21 20 27 08 | 02
#1016-d295 @A: 03 22 27 21 | 05
#1017-d295 @A: 15 09 26 21 | 01
#1018-d295 @A: 16 21 27 12 | 10
#1019-d295 @A: 22 21 12 19 | 09
#1020-d295 @A: 31 15 24 29 | 06
#1021-d295 @A: 24 12 29 08 | 12
#1022-d295 @A: 24 29 01 14 | 08
#1023-d295 @A: 35 17 29 24 | 04
#1024-d295 @A: 20 29 07 01 | 11
#1025-d295 @A: 07 14 29 34 | 03
#1026-d295 @A: 34 30 29 10 | 07
#1027-d295 @A: 30 15 29 35 | 02
#1028-d295 @A: 23 05 30 29 | 05
#1029-d295 @A: 08 04 29 25 | 01
#1030-d295 @A: 29 14 10 08 | 10
#1031-d295 @A: 29 20 28 35 | 09
#1032-d295 @A: 29 09 35 31 | 06
#1033-d295 @A: 29 20 27 31 | 12
#1034-d295 @A: 29 33 06 34 | 08
#1035-d295 @A: 17 29 08 20 | 04
#1036-d295 @A: 23 11 29 09 | 11
#1037-d295 @A: 16 13 29 04 | 03
#1038-d295 @A: 14 19 13 29 | 07
#1039-d295 @A: 02 07 16 24 | 02
#1040-d295 @A: 30 23 24 31 | 05
#1041-d295 @A: 34 02 24 10 | 01
#1042-d295 @A: 03 24 33 10 | 10
#1043-d295 @A: 24 15 23 10 | 09
#1044-d295 @A: 19 06 31 24 | 06
#1045-d295 @A: 02 22 06 24 | 12
#1046-d295 @A: 24 35 06 15 | 08
#1047-d295 @A: 05 24 09 33 | 04
#1048-d295 @A: 01 24 18 20 | 11
#1049-d295 @A: 19 13 01 24 | 03
#1050-d295 @A: 33 14 04 24 | 07
#1051-d295 @A: 24 18 22 26 | 02
#1052-d295 @A: 04 07 25 09 | 05
#1053-d295 @A: 07 10 19 14 | 01
#1054-d295 @A: 28 16 06 07 | 10
#1055-d295 @A: 28 15 07 33 | 09
#1056-d295 @A: 07 06 11 02 | 06
#1057-d295 @A: 03 07 16 05 | 12
#1058-d295 @A: 11 13 07 15 | 08
#1059-d295 @A: 12 20 18 07 | 04
#1060-d295 @A: 07 26 13 23 | 11
#1061-d295 @A: 35 07 01 22 | 03
#1062-d295 @A: 07 18 22 23 | 07
#1063-d295 @A: 27 33 28 30 | 02
#1064-d295 @A: 30 16 31 01 | 05
#1065-d295 @A: 02 13 04 30 | 01
#1066-d295 @A: 06 22 30 20 | 10
#1067-d295 @A: 03 30 27 20 | 09
#1068-d295 @A: 26 22 12 30 | 06
#1069-d295 @A: 10 25 03 27 | 12
#1070-d295 @A: 20 25 10 14 | 08
#1071-d295 @A: 28 25 08 27 | 04
#1072-d295 @A: 13 17 25 05 | 11
#1073-d295 @A: 04 27 12 25 | 03
#1074-d295 @A: 35 19 25 27 | 07
#1075-d295 @A: 22 06 10 28 | 02
#1076-d295 @A: 08 05 10 34 | 05
#1077-d295 @A: 17 05 15 10 | 01
#1078-d295 @A: 04 16 10 01 | 10
#1079-d295 @A: 18 22 10 01 | 09
#1080-d295 @A: 27 10 23 11 | 06
#1081-d295 @A: 06 03 13 28 | 12
#1082-d295 @A: 33 03 09 28 | 08
#1083-d295 @A: 28 13 09 01 | 04
#1084-d295 @A: 13 28 34 14 | 11
#1085-d295 @A: 18 31 08 20 | 03
#1086-d295 @A: 31 22 09 34 | 07
#1087-d295 @A: 11 31 26 04 | 02
#1088-d295 @A: 33 19 31 35 | 05
#1089-d295 @A: 02 03 33 06 | 01
#1090-d295 @A: 02 20 08 01 | 10
#1091-d295 @A: 12 15 02 05 | 09
#1092-d295 @A: 01 16 02 18 | 06
#1093-d295 @A: 11 19 13 02 | 12
#1094-d295 @A: 11 18 02 33 | 08
#1095-d295 @A: 23 19 26 02 | 04
#1096-d295 @A: 09 06 11 15 | 11
#1097-d295 @A: 05 06 19 11 | 03
#1098-d295 @A: 19 35 16 06 | 07
#1099-d295 @A: 06 01 19 14 | 02
#1100-d295 @A: 11 14 06 33 | 05
#1101-d295 @A: 14 11 19 03 | 01
#1102-d295 @A: 03 19 26 18 | 10
#1103-d295 @A: 03 18 04 23 | 09
#1104-d295 @A: 15 33 26 16 | 06
#1105-d295 @A: 04 15 18 33 | 12
#1106-d295 @A: 09 14 19 12 | 08
#1107-d295 @A: 18 04 09 26 | 04
#1108-d295 @A: 05 27 14 11 | 11
#1109-d295 @A: 27 05 33 18 | 03
#1110-d295 @A: 33 05 26 19 | 07
#1111-d295 @A: 23 17 05 04 | 02
#1112-d295 @A: 35 19 05 04 | 05
#1113-d295 @A: 22 20 34 19 | 01
#1114-d295 @A: 12 35 20 19 | 10
#1115-d295 @A: 34 19 18 12 | 09
#1116-d295 @A: 22 04 26 34 | 06
#1117-d295 @A: 29 35 21 32 | 12
#1118-d295 @A: 17 24 32 21 | 08
#1119-d295 @A: 21 12 08 32 | 04
#1120-d295 @A: 26 09 32 29 | 11
#1121-d295 @A: 06 24 01 32 | 03
#1122-d295 @A: 31 30 32 13 | 07
#1123-d295 @A: 32 30 15 23 | 02
#1124-d295 @A: 06 32 25 19 | 05
#1125-d295 @A: 32 10 18 08 | 01
#1126-d295 @A: 11 09 32 10 | 10
#1127-d295 @A: 17 32 18 06 | 09
#1128-d295 @A: 20 32 23 08 | 06
#1129-d295 @A: 20 27 32 15 | 12
#1130-d295 @A: 32 04 17 35 | 08
#1131-d295 @A: 12 21 25 29 | 04
#1132-d295 @A: 21 18 08 29 | 11
#1133-d295 @A: 06 21 24 18 | 03
#1134-d295 @A: 07 08 21 35 | 07
#1135-d295 @A: 22 21 05 07 | 02
#1136-d295 @A: 09 21 13 30 | 05
#1137-d295 @A: 05 30 21 33 | 01
#1138-d295 @A: 21 23 25 15 | 10
#1139-d295 @A: 18 21 28 31 | 09
#1140-d295 @A: 21 05 03 11 | 06
#1141-d295 @A: 21 04 18 13 | 12
#1142-d295 @A: 21 14 33 26 | 08
#1143-d295 @A: 17 12 21 14 | 04
#1144-d295 @A: 24 30 04 29 | 11
#1145-d295 @A: 35 02 07 29 | 03
#1146-d295 @A: 31 29 26 30 | 07
#1147-d295 @A: 30 29 08 06 | 02
#1148-d295 @A: 15 29 22 25 | 05
#1149-d295 @A: 19 05 25 29 | 01
#1150-d295 @A: 23 29 25 35 | 10
#1151-d295 @A: 10 29 23 28 | 09
#1152-d295 @A: 17 28 31 29 | 06
#1153-d295 @A: 09 04 29 28 | 12
#1154-d295 @A: 13 31 23 29 | 08
#1155-d295 @A: 03 22 29 16 | 04
#1156-d295 @A: 14 29 26 17 | 11
#1157-d295 @A: 14 22 29 23 | 03
#1158-d295 @A: 20 30 24 19 | 07
#1159-d295 @A: 16 24 33 30 | 02
#1160-d295 @A: 24 35 10 13 | 05
#1161-d295 @A: 09 31 22 24 | 01
#1162-d295 @A: 13 02 24 05 | 10
#1163-d295 @A: 03 06 24 27 | 09
#1164-d295 @A: 08 09 23 24 | 06
#1165-d295 @A: 08 27 11 24 | 12
#1166-d295 @A: 23 20 24 03 | 08
#1167-d295 @A: 16 11 24 01 | 04
#1168-d295 @A: 24 18 12 04 | 11
#1169-d295 @A: 24 17 23 12 | 03
#1170-d295 @A: 04 11 35 24 | 07
#1171-d295 @A: 23 34 24 27 | 02
#1172-d295 @A: 18 07 28 30 | 05
#1173-d295 @A: 07 03 30 23 | 01
#1174-d295 @A: 01 07 08 25 | 10
#1175-d295 @A: 11 22 25 07 | 09
#1176-d295 @A: 10 35 33 07 | 06
#1177-d295 @A: 31 28 07 22 | 12
#1178-d295 @A: 33 28 07 34 | 08
#1179-d295 @A: 06 07 22 08 | 04
#1180-d295 @A: 33 17 07 06 | 11
#1181-d295 @A: 08 05 07 19 | 03
#1182-d295 @A: 07 15 19 26 | 07
#1183-d295 @A: 20 09 22 07 | 02
#1184-d295 @A: 07 09 11 14 | 05
#1185-d295 @A: 07 05 01 18 | 01
#1186-d295 @A: 13 16 33 07 | 10
#1187-d295 @A: 11 19 07 01 | 09
#1188-d295 @A: 26 04 35 07 | 06
#1189-d295 @A: 12 11 07 23 | 12
#1190-d295 @A: 10 13 25 30 | 08
#1191-d295 @A: 13 30 28 23 | 04
#1192-d295 @A: 02 30 16 23 | 11
#1193-d295 @A: 06 30 03 35 | 03
#1194-d295 @A: 05 17 26 30 | 07
#1195-d295 @A: 14 16 17 30 | 02
#1196-d295 @A: 01 22 30 13 | 05
#1197-d295 @A: 27 30 17 13 | 01
#1198-d295 @A: 35 31 25 05 | 10
#1199-d295 @A: 18 02 08 25 | 09
#1200-d295 @A: 25 20 15 34 | 06
#1201-d295 @A: 25 18 19 09 | 12
#1202-d295 @A: 16 11 27 25 | 08
#1203-d295 @A: 13 11 25 23 | 04
#1204-d295 @A: 33 26 04 25 | 11
#1205-d295 @A: 25 19 11 17 | 03
#1206-d295 @A: 25 22 33 19 | 07
#1207-d295 @A: 12 33 34 25 | 02
#1208-d295 @A: 31 10 28 11 | 05
#1209-d295 @A: 26 02 28 10 | 01
#1210-d295 @A: 35 10 08 02 | 10
#1211-d295 @A: 06 10 19 15 | 09
#1212-d295 @A: 20 06 17 10 | 06
#1213-d295 @A: 11 10 08 13 | 12
#1214-d295 @A: 15 10 14 35 | 08
#1215-d295 @A: 33 20 34 10 | 04
#1216-d295 @A: 18 12 10 33 | 11
#1217-d295 @A: 10 34 35 26 | 03
#1218-d295 @A: 17 10 23 34 | 07
#1219-d295 @A: 28 03 31 02 | 02
#1220-d295 @A: 22 28 08 03 | 05
#1221-d295 @A: 05 03 28 04 | 01
#1222-d295 @A: 15 28 05 13 | 10
#1223-d295 @A: 28 27 19 13 | 09
#1224-d295 @A: 28 04 35 01 | 06
#1225-d295 @A: 11 28 18 12 | 12
#1226-d295 @A: 33 23 28 11 | 08
#1227-d295 @A: 06 35 31 02 | 04
#1228-d295 @A: 06 05 31 12 | 11
#1229-d295 @A: 20 06 31 16 | 03
#1230-d295 @A: 09 31 08 16 | 07
#1231-d295 @A: 31 03 27 11 | 02
#1232-d295 @A: 26 31 15 13 | 05
#1233-d295 @A: 31 13 19 04 | 01
#1234-d295 @A: 11 14 31 17 | 10
#1235-d295 @A: 31 33 17 26 | 09
#1236-d295 @A: 02 14 06 05 | 06
#1237-d295 @A: 14 22 16 02 | 12
#1238-d295 @A: 01 02 23 27 | 08
#1239-d295 @A: 02 22 17 18 | 04
#1240-d295 @A: 22 23 02 11 | 11
#1241-d295 @A: 04 22 35 02 | 03
#1242-d295 @A: 20 14 06 15 | 07
#1243-d295 @A: 06 12 18 27 | 02
#1244-d295 @A: 04 06 26 22 | 05
#1245-d295 @A: 11 34 06 26 | 01
#1246-d295 @A: 06 11 04 23 | 10
#1247-d295 @A: 33 15 08 05 | 09
#1248-d295 @A: 16 08 17 33 | 06
#1249-d295 @A: 18 01 04 08 | 12
#1250-d295 @A: 08 01 12 23 | 08
#1251-d295 @A: 11 08 26 33 | 04
#1252-d295 @A: 17 08 35 22 | 11
#1253-d295 @A: 08 04 23 22 | 03
#1254-d295 @A: 33 35 27 08 | 07
#1255-d295 @A: 04 01 03 14 | 02
#1256-d295 @A: 03 27 12 35 | 05
#1257-d295 @A: 12 16 19 15 | 01
#1258-d295 @A: 26 01 11 15 | 10
#1259-d295 @A: 15 26 17 22 | 09
#1260-d295 @A: 11 33 15 35 | 06
#1261-d295 @A: 27 09 05 35 | 12
#1262-d295 @A: 09 22 11 18 | 08
#1263-d295 @A: 26 09 22 33 | 04
#1264-d295 @A: 09 19 27 17 | 11
#1265-d295 @A: 12 09 27 33 | 03
#1266-d295 @A: 16 20 19 18 | 07
#1267-d295 @A: 16 04 17 20 | 02
#1268-d295 @A: 04 13 11 20 | 05
#1269-d295 @A: 01 20 17 12 | 01
#1270-d295 @A: 04 20 33 19 | 10
#1271-d295 @A: 26 34 16 33 | 09
#1272-d295 @A: 32 21 07 33 | 06
#1273-d295 @A: 21 20 04 32 | 12
#1274-d295 @A: 28 32 29 33 | 08
#1275-d295 @A: 32 25 02 16 | 04
#1276-d295 @A: 34 06 25 32 | 11
#1277-d295 @A: 14 32 22 25 | 03
#1278-d295 @A: 02 17 10 32 | 07
#1279-d295 @A: 32 13 03 10 | 02
#1280-d295 @A: 26 32 10 33 | 05
#1281-d295 @A: 06 28 09 32 | 01
#1282-d295 @A: 01 32 31 34 | 10
#1283-d295 @A: 03 17 08 32 | 09
#1284-d295 @A: 15 09 32 13 | 06
#1285-d295 @A: 15 17 14 32 | 12
#1286-d295 @A: 13 33 32 18 | 08
#1287-d295 @A: 16 29 24 21 | 04
#1288-d295 @A: 26 03 21 29 | 11
#1289-d295 @A: 21 29 05 27 | 03
#1290-d295 @A: 21 07 17 31 | 07
#1291-d295 @A: 25 28 21 06 | 02
#1292-d295 @A: 25 04 21 35 | 05
#1293-d295 @A: 10 21 08 33 | 01
#1294-d295 @A: 15 12 21 03 | 10
#1295-d295 @A: 16 21 14 04 | 09
#1296-d295 @A: 21 13 23 22 | 06
#1297-d295 @A: 04 21 11 12 | 12
#1298-d295 @A: 27 24 29 26 | 08
#1299-d295 @A: 25 07 29 27 | 04
#1300-d295 @A: 07 29 09 33 | 11
#1301-d295 @A: 29 22 17 07 | 03
#1302-d295 @A: 33 10 29 30 | 07
#1303-d295 @A: 01 29 02 31 | 02
#1304-d295 @A: 29 06 23 03 | 05
#1305-d295 @A: 13 06 29 15 | 01
#1306-d295 @A: 15 08 23 29 | 10
#1307-d295 @A: 09 22 08 29 | 09
#1308-d295 @A: 34 29 20 05 | 06
#1309-d295 @A: 18 17 29 33 | 12
#1310-d295 @A: 35 34 22 29 | 08
#1311-d295 @A: 35 04 12 29 | 04
#1312-d295 @A: 06 24 12 07 | 11
#1313-d295 @A: 24 25 30 01 | 03
#1314-d295 @A: 24 30 09 27 | 07
#1315-d295 @A: 25 05 24 16 | 02
#1316-d295 @A: 28 16 24 31 | 05
#1317-d295 @A: 11 28 24 03 | 01
#1318-d295 @A: 04 24 03 34 | 10
#1319-d295 @A: 26 14 35 24 | 09
#1320-d295 @A: 26 24 23 11 | 06
#1321-d295 @A: 10 30 11 07 | 12
#1322-d295 @A: 25 07 20 16 | 08
#1323-d295 @A: 27 34 02 07 | 04
#1324-d295 @A: 06 14 07 26 | 11
#1325-d295 @A: 03 12 08 07 | 03
#1326-d295 @A: 08 07 09 13 | 07
#1327-d295 @A: 35 19 03 07 | 02
#1328-d295 @A: 16 04 07 11 | 05
#1329-d295 @A: 17 07 01 13 | 01
#1330-d295 @A: 17 07 14 35 | 10
#1331-d295 @A: 22 07 14 04 | 09
#1332-d295 @A: 10 23 30 09 | 06
#1333-d295 @A: 30 10 16 05 | 12
#1334-d295 @A: 12 30 08 02 | 08
#1335-d295 @A: 02 30 15 33 | 04
#1336-d295 @A: 30 08 20 13 | 11
#1337-d295 @A: 15 11 30 03 | 03
#1338-d295 @A: 28 22 01 25 | 07
#1339-d295 @A: 22 25 02 31 | 02
#1340-d295 @A: 31 06 25 04 | 05
#1341-d295 @A: 14 09 25 31 | 01
#1342-d295 @A: 25 19 03 01 | 10
#1343-d295 @A: 26 09 05 25 | 09
#1344-d295 @A: 34 25 04 05 | 06
#1345-d295 @A: 25 01 26 16 | 12
#1346-d295 @A: 25 13 18 01 | 08
#1347-d295 @A: 22 25 04 13 | 04
#1348-d295 @A: 18 26 25 12 | 11
#1349-d295 @A: 25 27 33 23 | 03
#1350-d295 @A: 01 31 17 10 | 07
#1351-d295 @A: 20 05 08 10 | 02
#1352-d295 @A: 03 10 05 23 | 05
#1353-d295 @A: 18 15 10 26 | 01
#1354-d295 @A: 15 34 11 10 | 10
#1355-d295 @A: 12 16 11 10 | 09
#1356-d295 @A: 23 35 16 10 | 06
#1357-d295 @A: 10 23 13 14 | 12
#1358-d295 @A: 22 10 27 17 | 08
#1359-d295 @A: 03 35 28 18 | 04
#1360-d295 @A: 16 28 13 35 | 11
#1361-d295 @A: 19 28 26 16 | 03
#1362-d295 @A: 28 12 16 22 | 07
#1363-d295 @A: 14 27 28 12 | 02
#1364-d295 @A: 26 28 17 35 | 05
#1365-d295 @A: 12 33 28 26 | 01
#1366-d295 @A: 28 17 19 12 | 10
#1367-d295 @A: 20 02 11 31 | 09
#1368-d295 @A: 15 33 31 09 | 06
#1369-d295 @A: 11 31 16 18 | 12
#1370-d295 @A: 26 31 27 01 | 08
#1371-d295 @A: 26 22 19 31 | 04
#1372-d295 @A: 31 04 12 33 | 11
#1373-d295 @A: 35 19 34 31 | 03
#1374-d295 @A: 02 06 18 26 | 07
#1375-d295 @A: 23 03 08 02 | 02
#1376-d295 @A: 05 02 16 08 | 05
#1377-d295 @A: 20 16 03 02 | 01
#1378-d295 @A: 13 17 26 02 | 10
#1379-d295 @A: 18 02 12 19 | 09
#1380-d295 @A: 08 26 09 06 | 06
#1381-d295 @A: 05 14 34 06 | 12
#1382-d295 @A: 23 06 16 27 | 08
#1383-d295 @A: 18 11 06 01 | 04
#1384-d295 @A: 33 26 06 27 | 11
#1385-d295 @A: 11 35 12 06 | 03
#1386-d295 @A: 09 08 20 04 | 07
#1387-d295 @A: 16 22 08 11 | 02
#1388-d295 @A: 14 33 23 08 | 05
#1389-d295 @A: 03 14 35 16 | 01
#1390-d295 @A: 01 12 13 03 | 10
#1391-d295 @A: 26 13 03 34 | 09
#1392-d295 @A: 17 26 04 03 | 06
#1393-d295 @A: 15 18 14 01 | 12
#1394-d295 @A: 01 12 27 15 | 08
#1395-d295 @A: 15 01 34 33 | 04
#1396-d295 @A: 26 05 16 12 | 11
#1397-d295 @A: 05 13 14 22 | 03
#1398-d295 @A: 27 01 13 05 | 07
#1399-d295 @A: 33 05 13 11 | 02
#1400-d295 @A: 04 05 13 12 | 05
#1401-d295 @A: 26 14 23 05 | 01
#1402-d295 @A: 34 27 05 19 | 10
#1403-d295 @A: 12 20 27 13 | 09
#1404-d295 @A: 35 20 01 11 | 06
#1405-d295 @A: 20 33 18 26 | 12
#1406-d295 @A: 20 23 17 11 | 08
#1407-d295 @A: 20 11 22 33 | 04
#1408-d295 @A: 27 32 29 23 | 11
#1409-d295 @A: 10 23 07 32 | 03
#1410-d295 @A: 32 05 11 30 | 07
#1411-d295 @A: 30 35 20 32 | 02
#1412-d295 @A: 30 34 32 33 | 05
#1413-d295 @A: 10 05 32 27 | 01
#1414-d295 @A: 31 22 32 06 | 10
#1415-d295 @A: 31 32 05 33 | 09
#1416-d295 @A: 09 35 02 32 | 06
#1417-d295 @A: 05 32 01 02 | 12
#1418-d295 @A: 26 23 06 32 | 08
#1419-d295 @A: 03 27 09 32 | 04
#1420-d295 @A: 04 34 32 01 | 11
#1421-d295 @A: 19 18 35 32 | 03
#1422-d295 @A: 21 33 02 29 | 07
#1423-d295 @A: 04 29 06 21 | 02
#1424-d295 @A: 21 29 15 17 | 05
#1425-d295 @A: 28 01 21 24 | 01
#1426-d295 @A: 33 15 21 24 | 10
#1427-d295 @A: 25 07 26 21 | 09
#1428-d295 @A: 21 16 30 03 | 06
#1429-d295 @A: 21 23 04 30 | 12
#1430-d295 @A: 31 25 16 21 | 08
#1431-d295 @A: 31 21 10 12 | 04
#1432-d295 @A: 08 21 16 06 | 11
#1433-d295 @A: 33 22 21 06 | 03
#1434-d295 @A: 08 21 15 01 | 07
#1435-d295 @A: 20 12 21 09 | 02
#1436-d295 @A: 09 14 21 23 | 05
#1437-d295 @A: 35 27 13 21 | 01
#1438-d295 @A: 21 19 18 14 | 10
#1439-d295 @A: 21 18 17 01 | 09
#1440-d295 @A: 24 29 20 05 | 06
#1441-d295 @A: 29 07 19 06 | 12
#1442-d295 @A: 14 30 29 25 | 08
#1443-d295 @A: 18 29 25 20 | 04
#1444-d295 @A: 09 06 29 10 | 11
#1445-d295 @A: 10 19 29 35 | 03
#1446-d295 @A: 03 29 28 12 | 07
#1447-d295 @A: 18 05 29 28 | 02
#1448-d295 @A: 29 03 14 31 | 05
#1449-d295 @A: 05 11 02 29 | 01
#1450-d295 @A: 29 34 08 18 | 10
#1451-d295 @A: 03 20 29 19 | 09
#1452-d295 @A: 20 29 09 13 | 06
#1453-d295 @A: 29 35 13 22 | 12
#1454-d295 @A: 17 01 27 29 | 08
#1455-d295 @A: 29 27 33 22 | 04
#1456-d295 @A: 29 23 33 12 | 11
#1457-d295 @A: 24 06 30 13 | 03
#1458-d295 @A: 31 24 25 26 | 07
#1459-d295 @A: 28 24 06 26 | 02
#1460-d295 @A: 24 12 28 13 | 05
#1461-d295 @A: 06 24 16 09 | 01
#1462-d295 @A: 06 17 05 24 | 10
#1463-d295 @A: 16 08 20 24 | 09
#1464-d295 @A: 11 24 20 09 | 06
#1465-d295 @A: 19 14 24 16 | 12
#1466-d295 @A: 24 13 14 11 | 08
#1467-d295 @A: 14 12 24 22 | 04
#1468-d295 @A: 07 04 30 08 | 11
#1469-d295 @A: 07 30 20 33 | 03
#1470-d295 @A: 07 31 25 13 | 07
#1471-d295 @A: 07 03 10 22 | 02
#1472-d295 @A: 07 31 01 09 | 05
#1473-d295 @A: 09 07 23 02 | 01
#1474-d295 @A: 27 08 07 14 | 10
#1475-d295 @A: 30 27 15 25 | 09
#1476-d295 @A: 22 02 10 30 | 06
#1477-d295 @A: 03 26 30 10 | 12
#1478-d295 @A: 04 30 31 28 | 08
#1479-d295 @A: 11 28 06 30 | 04
#1480-d295 @A: 31 30 17 06 | 11
#1481-d295 @A: 31 03 30 22 | 03
#1482-d295 @A: 18 03 30 08 | 07
#1483-d295 @A: 30 33 09 08 | 02
#1484-d295 @A: 05 08 30 14 | 05
#1485-d295 @A: 30 05 19 15 | 01
#1486-d295 @A: 11 34 16 30 | 10
#1487-d295 @A: 35 22 30 33 | 09
#1488-d295 @A: 19 34 04 30 | 06
#1489-d295 @A: 25 18 16 10 | 12
#1490-d295 @A: 27 25 34 10 | 08
#1491-d295 @A: 02 23 25 14 | 04
#1492-d295 @A: 25 23 04 16 | 11
#1493-d295 @A: 25 13 35 33 | 03
#1494-d295 @A: 14 01 27 25 | 07
#1495-d295 @A: 35 25 18 14 | 02
#1496-d295 @A: 01 11 25 12 | 05
#1497-d295 @A: 17 04 25 18 | 01
#1498-d295 @A: 25 22 17 12 | 10
#1499-d295 @A: 26 31 10 06 | 09
#1500-d295 @A: 03 08 31 10 | 06
#1501-d295 @A: 15 10 31 22 | 12
#1502-d295 @A: 18 31 10 09 | 08
#1503-d295 @A: 35 10 31 20 | 04
#1504-d295 @A: 10 02 19 03 | 11
#1505-d295 @A: 02 10 16 09 | 03
#1506-d295 @A: 14 10 06 03 | 07
#1507-d295 @A: 22 08 12 10 | 02
#1508-d295 @A: 10 09 01 05 | 05
#1509-d295 @A: 18 23 19 10 | 01
#1510-d295 @A: 02 35 28 15 | 10
#1511-d295 @A: 23 02 28 20 | 09
#1512-d295 @A: 06 04 28 15 | 06
#1513-d295 @A: 14 20 08 28 | 12
#1514-d295 @A: 15 12 28 20 | 08
#1515-d295 @A: 05 09 28 16 | 04
#1516-d295 @A: 28 11 14 01 | 11
#1517-d295 @A: 31 34 06 15 | 03
#1518-d295 @A: 13 16 14 31 | 07
#1519-d295 @A: 17 16 31 34 | 02
#1520-d295 @A: 13 11 31 12 | 05
#1521-d295 @A: 01 31 12 18 | 01
#1522-d295 @A: 11 19 31 23 | 10
#1523-d295 @A: 06 09 27 02 | 09
#1524-d295 @A: 02 04 16 06 | 06
#1525-d295 @A: 11 17 16 02 | 12
#1526-d295 @A: 33 34 35 02 | 08
#1527-d295 @A: 15 03 06 22 | 04
#1528-d295 @A: 06 03 05 26 | 11
#1529-d295 @A: 19 20 27 06 | 03
#1530-d295 @A: 23 01 35 06 | 07
#1531-d295 @A: 12 33 06 19 | 02
#1532-d295 @A: 04 08 03 35 | 05
#1533-d295 @A: 08 12 05 18 | 01
#1534-d295 @A: 16 13 08 12 | 10
#1535-d295 @A: 08 19 11 12 | 09
#1536-d295 @A: 08 19 34 33 | 06
#1537-d295 @A: 03 09 04 11 | 12
#1538-d295 @A: 26 13 14 03 | 08
#1539-d295 @A: 18 33 01 03 | 04
#1540-d295 @A: 01 03 35 17 | 11
#1541-d295 @A: 18 22 03 12 | 03
#1542-d295 @A: 13 15 01 16 | 07
#1543-d295 @A: 23 11 15 16 | 02
#1544-d295 @A: 15 13 35 34 | 05
#1545-d295 @A: 15 34 04 18 | 01
#1546-d295 @A: 18 27 35 15 | 10
#1547-d295 @A: 23 19 01 09 | 09
#1548-d295 @A: 09 27 22 04 | 06
#1549-d295 @A: 20 11 16 05 | 12
#1550-d295 @A: 19 23 05 16 | 08
#1551-d295 @A: 12 35 05 14 | 04
#1552-d295 @A: 20 16 01 22 | 11
#1553-d295 @A: 35 34 01 20 | 03
#1554-d295 @A: 33 34 14 23 | 07
#1555-d295 @A: 32 21 06 02 | 02
#1556-d295 @A: 32 13 21 34 | 05
#1557-d295 @A: 24 32 31 35 | 01
#1558-d295 @A: 28 32 07 35 | 10
#1559-d295 @A: 07 32 03 01 | 09
#1560-d295 @A: 08 30 22 32 | 06
#1561-d295 @A: 03 32 25 26 | 12
#1562-d295 @A: 33 25 32 20 | 08
#1563-d295 @A: 32 28 16 11 | 04
#1564-d295 @A: 31 32 03 23 | 11
#1565-d295 @A: 03 11 02 32 | 03
#1566-d295 @A: 34 20 32 02 | 07
#1567-d295 @A: 05 32 13 06 | 02
#1568-d295 @A: 11 06 20 32 | 05
#1569-d295 @A: 05 09 32 22 | 01
#1570-d295 @A: 09 17 32 23 | 10
#1571-d295 @A: 27 16 32 19 | 09
#1572-d295 @A: 17 01 32 22 | 06
#1573-d295 @A: 35 32 26 27 | 12
#1574-d295 @A: 22 23 35 32 | 08
#1575-d295 @A: 34 21 04 29 | 04
#1576-d295 @A: 21 07 23 24 | 11
#1577-d295 @A: 24 22 21 11 | 03
#1578-d295 @A: 34 21 35 07 | 07
#1579-d295 @A: 04 10 21 03 | 02
#1580-d295 @A: 08 31 21 19 | 05
#1581-d295 @A: 02 17 05 21 | 01
#1582-d295 @A: 21 08 23 11 | 10
#1583-d295 @A: 21 34 12 20 | 09
#1584-d295 @A: 18 34 21 27 | 06
#1585-d295 @A: 17 22 04 21 | 12
#1586-d295 @A: 07 29 26 28 | 08
#1587-d295 @A: 31 08 29 07 | 04
#1588-d295 @A: 14 07 15 29 | 11
#1589-d295 @A: 30 29 27 18 | 03
#1590-d295 @A: 29 31 25 11 | 07
#1591-d295 @A: 29 03 15 10 | 02
#1592-d295 @A: 15 28 29 34 | 05
#1593-d295 @A: 33 35 29 16 | 01
#1594-d295 @A: 29 27 35 14 | 10
#1595-d295 @A: 30 24 35 28 | 09
#1596-d295 @A: 15 30 14 24 | 06
#1597-d295 @A: 06 23 24 25 | 12
#1598-d295 @A: 08 24 10 01 | 08
#1599-d295 @A: 10 16 26 24 | 04
#1600-d295 @A: 15 28 18 24 | 11
#1601-d295 @A: 20 24 14 31 | 03
#1602-d295 @A: 06 20 33 24 | 07
#1603-d295 @A: 06 01 24 34 | 02
#1604-d295 @A: 03 09 26 24 | 05
#1605-d295 @A: 03 24 22 35 | 01
#1606-d295 @A: 05 34 24 35 | 10
#1607-d295 @A: 33 27 24 13 | 09
#1608-d295 @A: 24 12 19 26 | 06
#1609-d295 @A: 33 24 22 34 | 12
#1610-d295 @A: 30 09 16 07 | 08
#1611-d295 @A: 05 07 30 13 | 04
#1612-d295 @A: 08 10 15 07 | 11
#1613-d295 @A: 09 07 03 06 | 03
#1614-d295 @A: 20 07 23 06 | 07
#1615-d295 @A: 07 03 11 17 | 02
#1616-d295 @A: 14 07 12 16 | 05
#1617-d295 @A: 01 26 07 33 | 01
#1618-d295 @A: 04 17 07 19 | 10
#1619-d295 @A: 12 22 33 07 | 09
#1620-d295 @A: 30 25 31 33 | 06
#1621-d295 @A: 03 04 30 25 | 12
#1622-d295 @A: 30 18 31 02 | 08
#1623-d295 @A: 01 02 30 34 | 04
#1624-d295 @A: 03 05 01 30 | 11
#1625-d295 @A: 30 34 15 22 | 03
#1626-d295 @A: 14 27 23 30 | 07
#1627-d295 @A: 30 35 34 14 | 02
#1628-d295 @A: 30 01 23 11 | 05
#1629-d295 @A: 04 30 18 35 | 01
#1630-d295 @A: 10 33 15 25 | 10
#1631-d295 @A: 16 28 15 25 | 09
#1632-d295 @A: 28 23 12 25 | 06
#1633-d295 @A: 14 25 03 15 | 12
#1634-d295 @A: 25 03 05 22 | 08
#1635-d295 @A: 20 25 35 03 | 04
#1636-d295 @A: 12 15 35 25 | 11
#1637-d295 @A: 09 10 28 12 | 03
#1638-d295 @A: 10 15 11 02 | 07
#1639-d295 @A: 20 10 03 12 | 02
#1640-d295 @A: 10 09 34 13 | 05
#1641-d295 @A: 33 01 10 23 | 01
#1642-d295 @A: 22 26 35 10 | 10
#1643-d295 @A: 26 12 10 27 | 09
#1644-d295 @A: 04 33 11 10 | 06
#1645-d295 @A: 35 27 04 10 | 12
#1646-d295 @A: 02 12 01 28 | 08
#1647-d295 @A: 33 06 05 28 | 04
#1648-d295 @A: 08 26 34 28 | 11
#1649-d295 @A: 28 20 26 09 | 03
#1650-d295 @A: 09 28 17 22 | 07
#1651-d295 @A: 33 14 28 19 | 02
#1652-d295 @A: 28 22 04 11 | 05
#1653-d295 @A: 08 11 31 06 | 01
#1654-d295 @A: 31 12 15 08 | 10
#1655-d295 @A: 19 31 20 15 | 09
#1656-d295 @A: 35 15 17 31 | 06
#1657-d295 @A: 26 31 18 35 | 12
#1658-d295 @A: 19 02 08 09 | 08
#1659-d295 @A: 14 13 02 15 | 04
#1660-d295 @A: 02 05 04 09 | 11
#1661-d295 @A: 14 04 02 19 | 03
#1662-d295 @A: 19 02 17 35 | 07
#1663-d295 @A: 35 02 33 12 | 02
#1664-d295 @A: 15 12 17 06 | 05
#1665-d295 @A: 01 06 09 20 | 01
#1666-d295 @A: 34 06 20 17 | 10
#1667-d295 @A: 18 13 06 14 | 09
#1668-d295 @A: 13 04 06 01 | 06
#1669-d295 @A: 17 08 18 26 | 12
#1670-d295 @A: 19 03 13 23 | 08
#1671-d295 @A: 14 17 03 22 | 04
#1672-d295 @A: 16 35 15 22 | 11
#1673-d295 @A: 15 13 04 35 | 03
#1674-d295 @A: 19 04 15 11 | 07
#1675-d295 @A: 09 26 14 01 | 02
#1676-d295 @A: 34 23 01 09 | 05
#1677-d295 @A: 12 09 23 26 | 01
#1678-d295 @A: 27 09 04 34 | 10
#1679-d295 @A: 04 20 05 18 | 09
#1680-d295 @A: 05 16 34 13 | 06
#1681-d295 @A: 05 22 16 27 | 12
#1682-d295 @A: 13 05 26 18 | 08
#1683-d295 @A: 26 22 05 01 | 04
#1684-d295 @A: 17 05 35 18 | 11
#1685-d295 @A: 16 27 34 20 | 03
#1686-d295 @A: 18 27 20 11 | 07
#1687-d295 @A: 17 13 12 34 | 02
#1688-d295 @A: 34 33 27 13 | 05
#1689-d295 @A: 27 01 34 14 | 01
