#0001-d315 @A: 26 23 30 08 | 03
#0002-d315 @A: 31 33 30 03 | 10
#0003-d315 @A: 17 11 29 30 | 07
#0004-d315 @A: 06 30 13 29 | 12
#0005-d315 @A: 30 35 07 01 | 02
#0006-d315 @A: 30 24 13 26 | 11
#0007-d315 @A: 33 16 02 30 | 04
#0008-d315 @A: 35 34 30 27 | 06
#0009-d315 @A: 06 28 09 30 | 08
#0010-d315 @A: 31 04 23 09 | 09
#0011-d315 @A: 33 23 01 31 | 01
#0012-d315 @A: 08 23 29 18 | 05
#0013-d315 @A: 16 23 32 20 | 03
#0014-d315 @A: 23 27 32 13 | 10
#0015-d315 @A: 27 23 19 12 | 07
#0016-d315 @A: 12 23 09 07 | 12
#0017-d315 @A: 33 23 07 21 | 02
#0018-d315 @A: 26 35 16 23 | 11
#0019-d315 @A: 27 11 21 23 | 04
#0020-d315 @A: 11 23 04 34 | 06
#0021-d315 @A: 25 23 18 21 | 08
#0022-d315 @A: 01 05 04 23 | 09
#0023-d315 @A: 23 16 09 25 | 01
#0024-d315 @A: 03 19 12 31 | 05
#0025-d315 @A: 31 19 18 07 | 03
#0026-d315 @A: 19 17 31 11 | 10
#0027-d315 @A: 13 12 24 31 | 07
#0028-d315 @A: 16 31 35 12 | 12
#0029-d315 @A: 34 31 11 03 | 02
#0030-d315 @A: 04 02 31 14 | 11
#0031-d315 @A: 05 31 17 04 | 04
#0032-d315 @A: 34 14 10 31 | 06
#0033-d315 @A: 24 31 17 14 | 08
#0034-d315 @A: 18 22 28 31 | 09
#0035-d315 @A: 05 31 10 18 | 01
#0036-d315 @A: 31 03 16 17 | 05
#0037-d315 @A: 27 31 03 18 | 03
#0038-d315 @A: 10 25 31 17 | 10
#0039-d315 @A: 08 35 29 32 | 07
#0040-d315 @A: 19 29 26 33 | 12
#0041-d315 @A: 18 29 35 19 | 02
#0042-d315 @A: 19 03 05 29 | 11
#0043-d315 @A: 29 11 05 12 | 04
#0044-d315 @A: 35 12 29 17 | 06
#0045-d315 @A: 29 11 13 07 | 08
#0046-d315 @A: 29 07 28 14 | 09
#0047-d315 @A: 09 07 06 29 | 01
#0048-d315 @A: 35 26 29 05 | 05
#0049-d315 @A: 29 01 26 24 | 03
#0050-d315 @A: 08 29 26 06 | 10
#0051-d315 @A: 11 15 22 29 | 07
#0052-d315 @A: 18 24 28 29 | 12
#0053-d315 @A: 28 29 06 22 | 02
#0054-d315 @A: 21 07 32 20 | 11
#0055-d315 @A: 12 35 28 32 | 04
#0056-d315 @A: 01 24 32 11 | 06
#0057-d315 @A: 16 04 32 17 | 08
#0058-d315 @A: 05 01 03 32 | 09
#0059-d315 @A: 22 32 34 25 | 01
#0060-d315 @A: 09 19 13 12 | 05
#0061-d315 @A: 07 35 28 19 | 03
#0062-d315 @A: 19 11 27 35 | 10
#0063-d315 @A: 11 19 22 03 | 07
#0064-d315 @A: 02 01 19 18 | 12
#0065-d315 @A: 19 05 02 33 | 02
#0066-d315 @A: 01 25 21 19 | 11
#0067-d315 @A: 19 04 18 15 | 04
#0068-d315 @A: 25 10 08 19 | 06
#0069-d315 @A: 10 02 20 26 | 08
#0070-d315 @A: 01 20 35 11 | 09
#0071-d315 @A: 02 04 16 20 | 01
#0072-d315 @A: 22 20 21 17 | 05
#0073-d315 @A: 24 16 20 17 | 03
#0074-d315 @A: 20 28 08 22 | 10
#0075-d315 @A: 20 28 10 25 | 07
#0076-d315 @A: 28 20 03 06 | 12
#0077-d315 @A: 18 04 26 12 | 02
#0078-d315 @A: 26 12 05 15 | 11
#0079-d315 @A: 12 34 02 06 | 04
#0080-d315 @A: 13 12 35 01 | 06
#0081-d315 @A: 03 35 13 12 | 08
#0082-d315 @A: 28 34 12 08 | 09
#0083-d315 @A: 14 12 28 17 | 01
#0084-d315 @A: 25 26 03 07 | 05
#0085-d315 @A: 27 07 11 04 | 03
#0086-d315 @A: 07 22 09 02 | 10
#0087-d315 @A: 07 18 21 13 | 07
#0088-d315 @A: 24 07 01 13 | 12
#0089-d315 @A: 07 33 24 34 | 02
#0090-d315 @A: 27 07 08 25 | 11
#0091-d315 @A: 11 08 01 26 | 04
#0092-d315 @A: 02 15 14 26 | 06
#0093-d315 @A: 14 13 22 26 | 08
#0094-d315 @A: 08 21 26 25 | 09
#0095-d315 @A: 04 01 17 26 | 01
#0096-d315 @A: 25 14 26 05 | 05
#0097-d315 @A: 09 18 26 14 | 03
#0098-d315 @A: 26 22 24 06 | 10
#0099-d315 @A: 24 09 26 08 | 07
#0100-d315 @A: 24 13 16 11 | 12
#0101-d315 @A: 18 16 11 21 | 02
#0102-d315 @A: 35 15 10 11 | 11
#0103-d315 @A: 14 11 09 16 | 04
#0104-d315 @A: 11 05 17 28 | 06
#0105-d315 @A: 11 33 06 09 | 08
#0106-d315 @A: 02 14 25 08 | 09
#0107-d315 @A: 22 02 27 33 | 01
#0108-d315 @A: 27 03 28 02 | 05
#0109-d315 @A: 25 04 10 13 | 03
#0110-d315 @A: 13 10 16 34 | 10
#0111-d315 @A: 13 09 14 24 | 07
#0112-d315 @A: 14 25 13 33 | 12
#0113-d315 @A: 03 13 24 08 | 02
#0114-d315 @A: 13 17 27 24 | 11
#0115-d315 @A: 28 13 22 33 | 04
#0116-d315 @A: 13 18 10 33 | 06
#0117-d315 @A: 24 21 01 06 | 08
#0118-d315 @A: 22 21 14 28 | 09
#0119-d315 @A: 24 18 21 09 | 01
#0120-d315 @A: 35 04 33 18 | 05
#0121-d315 @A: 08 34 33 04 | 03
#0122-d315 @A: 06 04 14 17 | 10
#0123-d315 @A: 33 10 24 04 | 07
#0124-d315 @A: 16 15 35 03 | 12
#0125-d315 @A: 08 34 15 14 | 02
#0126-d315 @A: 28 34 15 22 | 11
#0127-d315 @A: 24 16 22 15 | 04
#0128-d315 @A: 17 15 28 24 | 06
#0129-d315 @A: 08 15 25 22 | 08
#0130-d315 @A: 17 01 14 35 | 09
#0131-d315 @A: 33 35 17 34 | 01
#0132-d315 @A: 10 35 14 28 | 05
#0133-d315 @A: 28 35 27 24 | 03
#0134-d315 @A: 17 25 03 35 | 10
#0135-d315 @A: 09 10 34 01 | 07
#0136-d315 @A: 01 08 25 05 | 12
#0137-d315 @A: 18 03 17 01 | 02
#0138-d315 @A: 34 33 03 05 | 11
#0139-d315 @A: 25 14 03 06 | 04
#0140-d315 @A: 17 14 33 03 | 06
#0141-d315 @A: 10 03 09 27 | 08
#0142-d315 @A: 20 23 30 14 | 09
#0143-d315 @A: 23 30 13 28 | 01
#0144-d315 @A: 17 23 30 04 | 05
#0145-d315 @A: 10 21 31 30 | 03
#0146-d315 @A: 30 03 08 29 | 10
#0147-d315 @A: 32 24 35 30 | 07
#0148-d315 @A: 02 03 20 30 | 12
#0149-d315 @A: 17 12 30 07 | 02
#0150-d315 @A: 12 21 30 14 | 11
#0151-d315 @A: 30 02 07 15 | 04
#0152-d315 @A: 26 22 17 30 | 06
#0153-d315 @A: 11 30 21 08 | 08
#0154-d315 @A: 15 27 11 30 | 09
#0155-d315 @A: 24 09 30 04 | 01
#0156-d315 @A: 14 24 30 10 | 05
#0157-d315 @A: 33 29 32 23 | 03
#0158-d315 @A: 05 11 32 23 | 10
#0159-d315 @A: 23 26 34 20 | 07
#0160-d315 @A: 27 07 23 06 | 12
#0161-d315 @A: 04 13 22 23 | 02
#0162-d315 @A: 23 13 35 10 | 11
#0163-d315 @A: 15 23 01 28 | 04
#0164-d315 @A: 15 06 10 23 | 06
#0165-d315 @A: 14 10 23 05 | 08
#0166-d315 @A: 28 09 24 23 | 09
#0167-d315 @A: 10 09 23 18 | 01
#0168-d315 @A: 23 10 28 08 | 05
#0169-d315 @A: 29 28 13 31 | 03
#0170-d315 @A: 26 13 32 31 | 10
#0171-d315 @A: 18 09 31 32 | 07
#0172-d315 @A: 19 06 31 12 | 12
#0173-d315 @A: 04 31 19 27 | 02
#0174-d315 @A: 31 20 21 09 | 11
#0175-d315 @A: 35 17 31 20 | 04
#0176-d315 @A: 09 31 07 26 | 06
#0177-d315 @A: 10 31 07 15 | 08
#0178-d315 @A: 07 05 35 31 | 09
#0179-d315 @A: 31 11 26 22 | 01
#0180-d315 @A: 27 02 31 05 | 05
#0181-d315 @A: 31 27 35 21 | 03
#0182-d315 @A: 01 31 17 21 | 10
#0183-d315 @A: 28 14 31 09 | 07
#0184-d315 @A: 31 18 08 16 | 12
#0185-d315 @A: 16 31 10 33 | 02
#0186-d315 @A: 04 22 29 32 | 11
#0187-d315 @A: 32 01 29 09 | 04
#0188-d315 @A: 29 32 14 18 | 06
#0189-d315 @A: 34 20 35 29 | 08
#0190-d315 @A: 21 08 29 07 | 09
#0191-d315 @A: 16 29 15 21 | 01
#0192-d315 @A: 35 21 29 24 | 05
#0193-d315 @A: 33 01 21 29 | 03
#0194-d315 @A: 03 01 29 24 | 10
#0195-d315 @A: 14 29 17 22 | 07
#0196-d315 @A: 17 28 16 29 | 12
#0197-d315 @A: 32 06 01 19 | 02
#0198-d315 @A: 12 22 32 03 | 11
#0199-d315 @A: 07 06 32 04 | 04
#0200-d315 @A: 21 32 11 10 | 06
#0201-d315 @A: 32 24 13 25 | 08
#0202-d315 @A: 32 03 14 18 | 09
#0203-d315 @A: 05 24 06 32 | 01
#0204-d315 @A: 09 17 32 10 | 05
#0205-d315 @A: 33 28 32 08 | 03
#0206-d315 @A: 19 02 12 25 | 10
#0207-d315 @A: 01 07 19 22 | 07
#0208-d315 @A: 03 07 33 19 | 12
#0209-d315 @A: 26 19 25 35 | 02
#0210-d315 @A: 13 17 19 33 | 11
#0211-d315 @A: 35 21 22 19 | 04
#0212-d315 @A: 19 03 08 34 | 06
#0213-d315 @A: 05 06 19 17 | 08
#0214-d315 @A: 19 25 17 16 | 09
#0215-d315 @A: 04 12 06 20 | 01
#0216-d315 @A: 25 07 13 20 | 05
#0217-d315 @A: 10 07 20 01 | 03
#0218-d315 @A: 20 33 28 07 | 10
#0219-d315 @A: 20 26 11 18 | 07
#0220-d315 @A: 11 13 05 20 | 12
#0221-d315 @A: 02 20 35 25 | 02
#0222-d315 @A: 16 22 20 34 | 11
#0223-d315 @A: 20 10 34 33 | 04
#0224-d315 @A: 20 24 22 25 | 06
#0225-d315 @A: 18 33 20 16 | 08
#0226-d315 @A: 17 20 08 09 | 09
#0227-d315 @A: 18 07 02 12 | 01
#0228-d315 @A: 07 12 34 03 | 05
#0229-d315 @A: 26 01 27 12 | 03
#0230-d315 @A: 11 12 13 27 | 10
#0231-d315 @A: 09 01 02 12 | 07
#0232-d315 @A: 33 09 16 12 | 12
#0233-d315 @A: 09 27 28 12 | 02
#0234-d315 @A: 12 08 10 06 | 11
#0235-d315 @A: 07 26 04 24 | 04
#0236-d315 @A: 11 22 28 07 | 06
#0237-d315 @A: 02 35 06 07 | 08
#0238-d315 @A: 16 04 07 21 | 09
#0239-d315 @A: 28 01 04 07 | 01
#0240-d315 @A: 35 34 15 07 | 05
#0241-d315 @A: 34 16 17 07 | 03
#0242-d315 @A: 28 18 34 07 | 10
#0243-d315 @A: 25 17 14 07 | 07
#0244-d315 @A: 02 27 11 26 | 12
#0245-d315 @A: 25 24 17 26 | 02
#0246-d315 @A: 28 26 10 03 | 11
#0247-d315 @A: 03 27 17 26 | 04
#0248-d315 @A: 04 02 33 11 | 06
#0249-d315 @A: 22 01 11 13 | 08
#0250-d315 @A: 09 03 11 13 | 09
#0251-d315 @A: 18 03 21 11 | 01
#0252-d315 @A: 25 11 17 35 | 05
#0253-d315 @A: 25 34 11 14 | 03
#0254-d315 @A: 08 09 34 11 | 10
#0255-d315 @A: 24 22 11 09 | 07
#0256-d315 @A: 03 05 16 11 | 12
#0257-d315 @A: 16 02 15 13 | 02
#0258-d315 @A: 21 02 34 22 | 11
#0259-d315 @A: 34 02 09 14 | 04
#0260-d315 @A: 02 05 14 24 | 06
#0261-d315 @A: 24 02 10 25 | 08
#0262-d315 @A: 06 10 27 02 | 09
#0263-d315 @A: 21 24 13 15 | 01
#0264-d315 @A: 05 34 33 13 | 05
#0265-d315 @A: 08 05 13 24 | 03
#0266-d315 @A: 13 16 25 18 | 10
#0267-d315 @A: 17 28 08 13 | 07
#0268-d315 @A: 27 33 13 03 | 12
#0269-d315 @A: 21 15 34 04 | 02
#0270-d315 @A: 21 03 14 16 | 11
#0271-d315 @A: 08 24 21 17 | 04
#0272-d315 @A: 06 21 18 10 | 06
#0273-d315 @A: 14 03 27 04 | 08
#0274-d315 @A: 04 05 06 10 | 09
#0275-d315 @A: 18 08 25 04 | 01
#0276-d315 @A: 17 15 10 34 | 05
#0277-d315 @A: 35 27 18 08 | 03
#0278-d315 @A: 17 34 01 05 | 10
#0279-d315 @A: 06 01 25 34 | 07
#0280-d315 @A: 27 01 08 22 | 12
#0281-d315 @A: 06 16 03 34 | 02
#0282-d315 @A: 23 11 30 02 | 11
#0283-d315 @A: 11 31 30 13 | 04
#0284-d315 @A: 33 07 30 29 | 06
#0285-d315 @A: 32 30 20 04 | 08
#0286-d315 @A: 32 14 30 11 | 09
#0287-d315 @A: 21 32 22 30 | 01
#0288-d315 @A: 15 20 19 30 | 05
#0289-d315 @A: 30 19 34 02 | 03
#0290-d315 @A: 10 30 07 28 | 10
#0291-d315 @A: 01 30 26 09 | 07
#0292-d315 @A: 30 01 05 11 | 12
#0293-d315 @A: 02 30 25 13 | 02
#0294-d315 @A: 25 30 01 04 | 11
#0295-d315 @A: 15 30 17 06 | 04
#0296-d315 @A: 14 28 30 16 | 06
#0297-d315 @A: 30 25 18 14 | 08
#0298-d315 @A: 33 08 30 24 | 09
#0299-d315 @A: 18 09 22 30 | 01
#0300-d315 @A: 27 18 33 30 | 05
#0301-d315 @A: 10 25 30 06 | 03
#0302-d315 @A: 23 05 31 13 | 10
#0303-d315 @A: 26 14 23 29 | 07
#0304-d315 @A: 16 29 10 23 | 12
#0305-d315 @A: 35 06 23 19 | 02
#0306-d315 @A: 03 17 23 20 | 11
#0307-d315 @A: 13 23 07 16 | 04
#0308-d315 @A: 04 07 18 23 | 06
#0309-d315 @A: 23 08 07 15 | 08
#0310-d315 @A: 04 24 08 23 | 09
#0311-d315 @A: 23 34 10 24 | 01
#0312-d315 @A: 23 22 25 06 | 05
#0313-d315 @A: 25 23 03 05 | 03
#0314-d315 @A: 23 33 06 17 | 10
#0315-d315 @A: 31 29 19 10 | 07
#0316-d315 @A: 29 16 31 25 | 12
#0317-d315 @A: 33 35 19 31 | 02
#0318-d315 @A: 34 19 31 01 | 11
#0319-d315 @A: 25 02 31 07 | 04
#0320-d315 @A: 04 31 08 07 | 06
#0321-d315 @A: 31 09 02 11 | 08
#0322-d315 @A: 35 31 02 18 | 09
#0323-d315 @A: 18 15 31 13 | 01
#0324-d315 @A: 21 15 31 22 | 05
#0325-d315 @A: 21 31 08 05 | 03
#0326-d315 @A: 35 22 31 04 | 10
#0327-d315 @A: 14 01 15 31 | 07
#0328-d315 @A: 31 16 22 27 | 12
#0329-d315 @A: 31 09 22 03 | 02
#0330-d315 @A: 08 25 31 28 | 11
#0331-d315 @A: 33 28 31 06 | 04
#0332-d315 @A: 16 29 34 12 | 06
#0333-d315 @A: 07 29 01 18 | 08
#0334-d315 @A: 29 02 34 15 | 09
#0335-d315 @A: 13 29 15 33 | 01
#0336-d315 @A: 29 01 15 08 | 05
#0337-d315 @A: 35 33 29 22 | 03
#0338-d315 @A: 29 18 33 06 | 10
#0339-d315 @A: 17 29 33 27 | 07
#0340-d315 @A: 14 02 12 32 | 12
#0341-d315 @A: 32 34 07 02 | 02
#0342-d315 @A: 17 26 11 32 | 11
#0343-d315 @A: 26 32 04 33 | 04
#0344-d315 @A: 32 26 10 05 | 06
#0345-d315 @A: 02 27 35 32 | 08
#0346-d315 @A: 13 32 09 33 | 09
#0347-d315 @A: 04 34 09 32 | 01
#0348-d315 @A: 08 10 34 32 | 05
#0349-d315 @A: 32 22 27 18 | 03
#0350-d315 @A: 08 16 05 32 | 10
#0351-d315 @A: 32 25 27 33 | 07
#0352-d315 @A: 20 12 14 19 | 12
#0353-d315 @A: 19 22 04 12 | 02
#0354-d315 @A: 26 18 19 21 | 11
#0355-d315 @A: 34 33 19 11 | 04
#0356-d315 @A: 16 13 19 04 | 06
#0357-d315 @A: 22 13 19 25 | 08
#0358-d315 @A: 15 19 22 10 | 09
#0359-d315 @A: 15 16 27 19 | 01
#0360-d315 @A: 24 19 03 27 | 05
#0361-d315 @A: 19 16 05 22 | 03
#0362-d315 @A: 02 28 20 12 | 10
#0363-d315 @A: 24 35 20 07 | 07
#0364-d315 @A: 24 20 26 15 | 12
#0365-d315 @A: 20 27 26 35 | 02
#0366-d315 @A: 22 20 11 06 | 11
#0367-d315 @A: 20 02 08 21 | 04
#0368-d315 @A: 14 02 01 20 | 06
#0369-d315 @A: 02 27 20 18 | 08
#0370-d315 @A: 20 35 04 10 | 09
#0371-d315 @A: 15 05 20 17 | 01
#0372-d315 @A: 17 18 06 20 | 05
#0373-d315 @A: 25 06 20 33 | 03
#0374-d315 @A: 26 12 06 25 | 10
#0375-d315 @A: 26 12 03 17 | 07
#0376-d315 @A: 12 06 28 05 | 12
#0377-d315 @A: 25 09 12 18 | 02
#0378-d315 @A: 13 26 06 07 | 11
#0379-d315 @A: 28 26 27 07 | 04
#0380-d315 @A: 05 24 07 11 | 06
#0381-d315 @A: 10 05 07 34 | 08
#0382-d315 @A: 27 09 07 16 | 09
#0383-d315 @A: 18 07 25 33 | 01
#0384-d315 @A: 17 26 15 35 | 05
#0385-d315 @A: 01 26 33 15 | 03
#0386-d315 @A: 01 26 18 10 | 10
#0387-d315 @A: 26 10 08 16 | 07
#0388-d315 @A: 13 11 14 02 | 12
#0389-d315 @A: 06 02 21 11 | 02
#0390-d315 @A: 10 34 02 11 | 11
#0391-d315 @A: 11 03 02 33 | 04
#0392-d315 @A: 11 35 34 13 | 06
#0393-d315 @A: 05 15 04 11 | 08
#0394-d315 @A: 10 22 16 11 | 09
#0395-d315 @A: 05 11 09 18 | 01
#0396-d315 @A: 11 25 08 16 | 05
#0397-d315 @A: 21 02 18 04 | 03
#0398-d315 @A: 01 04 02 24 | 10
#0399-d315 @A: 09 04 28 02 | 07
#0400-d315 @A: 14 02 22 10 | 12
#0401-d315 @A: 02 28 14 18 | 02
#0402-d315 @A: 25 28 02 05 | 11
#0403-d315 @A: 22 13 16 21 | 04
#0404-d315 @A: 06 13 04 35 | 06
#0405-d315 @A: 03 01 13 15 | 08
#0406-d315 @A: 13 06 17 22 | 09
#0407-d315 @A: 04 21 03 09 | 01
#0408-d315 @A: 34 21 06 08 | 05
#0409-d315 @A: 28 33 24 21 | 03
#0410-d315 @A: 16 28 21 08 | 10
#0411-d315 @A: 06 27 16 21 | 07
#0412-d315 @A: 09 25 33 21 | 12
#0413-d315 @A: 04 18 34 27 | 02
#0414-d315 @A: 16 25 04 03 | 11
#0415-d315 @A: 05 15 14 28 | 04
#0416-d315 @A: 06 15 22 09 | 06
#0417-d315 @A: 15 06 09 03 | 08
#0418-d315 @A: 15 03 25 10 | 09
#0419-d315 @A: 16 28 35 34 | 01
#0420-d315 @A: 34 28 01 33 | 05
#0421-d315 @A: 25 28 14 01 | 03
#0422-d315 @A: 22 01 28 09 | 10
#0423-d315 @A: 06 17 01 10 | 07
#0424-d315 @A: 30 29 09 23 | 12
#0425-d315 @A: 23 21 30 05 | 02
#0426-d315 @A: 16 30 22 23 | 11
#0427-d315 @A: 30 02 31 24 | 04
#0428-d315 @A: 17 31 18 30 | 06
#0429-d315 @A: 30 24 29 12 | 08
#0430-d315 @A: 34 29 30 21 | 09
#0431-d315 @A: 30 32 07 27 | 01
#0432-d315 @A: 32 03 13 30 | 05
#0433-d315 @A: 20 09 30 07 | 03
#0434-d315 @A: 26 25 30 20 | 10
#0435-d315 @A: 12 26 30 34 | 07
#0436-d315 @A: 14 13 07 30 | 12
#0437-d315 @A: 26 35 06 30 | 02
#0438-d315 @A: 22 11 30 35 | 11
#0439-d315 @A: 01 02 08 30 | 04
#0440-d315 @A: 13 04 08 30 | 06
#0441-d315 @A: 30 13 15 22 | 08
#0442-d315 @A: 35 13 16 30 | 09
#0443-d315 @A: 17 30 35 21 | 01
#0444-d315 @A: 30 16 04 10 | 05
#0445-d315 @A: 30 34 09 16 | 03
#0446-d315 @A: 30 05 06 14 | 10
#0447-d315 @A: 30 14 17 09 | 07
#0448-d315 @A: 03 30 28 24 | 12
#0449-d315 @A: 05 17 27 30 | 02
#0450-d315 @A: 09 27 10 30 | 11
#0451-d315 @A: 30 27 25 03 | 04
#0452-d315 @A: 13 19 29 23 | 06
#0453-d315 @A: 29 25 20 23 | 08
#0454-d315 @A: 29 23 03 16 | 09
#0455-d315 @A: 23 03 19 35 | 01
#0456-d315 @A: 15 11 23 20 | 05
#0457-d315 @A: 12 02 08 23 | 03
#0458-d315 @A: 14 12 23 04 | 10
#0459-d315 @A: 01 12 16 23 | 07
#0460-d315 @A: 07 17 35 23 | 12
#0461-d315 @A: 23 15 04 16 | 02
#0462-d315 @A: 27 35 04 23 | 11
#0463-d315 @A: 05 15 23 35 | 04
#0464-d315 @A: 01 23 28 03 | 06
#0465-d315 @A: 09 23 17 34 | 08
#0466-d315 @A: 14 06 23 28 | 09
#0467-d315 @A: 29 09 27 31 | 01
#0468-d315 @A: 14 20 03 31 | 05
#0469-d315 @A: 02 31 06 26 | 03
#0470-d315 @A: 14 31 11 05 | 10
#0471-d315 @A: 31 33 21 02 | 07
#0472-d315 @A: 28 31 34 02 | 12
#0473-d315 @A: 13 31 06 21 | 02
#0474-d315 @A: 03 13 31 05 | 11
#0475-d315 @A: 34 08 31 24 | 04
#0476-d315 @A: 08 09 10 31 | 06
#0477-d315 @A: 20 24 32 29 | 08
#0478-d315 @A: 20 18 13 29 | 09
#0479-d315 @A: 12 09 29 08 | 01
#0480-d315 @A: 28 21 29 11 | 05
#0481-d315 @A: 24 13 29 02 | 03
#0482-d315 @A: 05 09 29 14 | 10
#0483-d315 @A: 18 29 05 16 | 07
#0484-d315 @A: 17 29 08 05 | 12
#0485-d315 @A: 29 25 17 18 | 02
#0486-d315 @A: 19 10 13 32 | 11
#0487-d315 @A: 32 17 24 12 | 04
#0488-d315 @A: 32 01 25 07 | 06
#0489-d315 @A: 11 32 06 13 | 08
#0490-d315 @A: 13 32 15 14 | 09
#0491-d315 @A: 32 05 17 14 | 01
#0492-d315 @A: 25 14 10 32 | 05
#0493-d315 @A: 11 02 19 20 | 03
#0494-d315 @A: 05 20 35 19 | 10
#0495-d315 @A: 19 01 12 05 | 07
#0496-d315 @A: 14 19 07 33 | 12
#0497-d315 @A: 35 02 10 19 | 02
#0498-d315 @A: 19 28 15 21 | 11
#0499-d315 @A: 34 05 04 19 | 04
#0500-d315 @A: 19 04 03 18 | 06
#0501-d315 @A: 18 19 14 22 | 08
#0502-d315 @A: 24 27 19 22 | 09
#0503-d315 @A: 35 12 08 20 | 01
#0504-d315 @A: 26 09 20 13 | 05
#0505-d315 @A: 21 20 14 11 | 03
#0506-d315 @A: 21 20 34 13 | 10
#0507-d315 @A: 15 20 28 13 | 07
#0508-d315 @A: 20 06 24 09 | 12
#0509-d315 @A: 20 03 08 24 | 02
#0510-d315 @A: 33 22 09 20 | 11
#0511-d315 @A: 16 27 20 08 | 04
#0512-d315 @A: 20 18 09 28 | 06
#0513-d315 @A: 25 07 04 12 | 08
#0514-d315 @A: 15 07 28 12 | 09
#0515-d315 @A: 27 12 07 35 | 01
#0516-d315 @A: 11 14 12 01 | 05
#0517-d315 @A: 21 08 12 22 | 03
#0518-d315 @A: 33 12 18 01 | 10
#0519-d315 @A: 34 22 12 10 | 07
#0520-d315 @A: 12 14 09 10 | 12
#0521-d315 @A: 16 12 27 18 | 02
#0522-d315 @A: 12 10 27 25 | 11
#0523-d315 @A: 27 07 02 24 | 04
#0524-d315 @A: 04 13 07 17 | 06
#0525-d315 @A: 07 10 21 35 | 08
#0526-d315 @A: 03 21 35 07 | 09
#0527-d315 @A: 22 21 25 07 | 01
#0528-d315 @A: 09 14 08 07 | 05
#0529-d315 @A: 24 25 28 07 | 03
#0530-d315 @A: 17 06 24 07 | 10
#0531-d315 @A: 05 17 22 07 | 07
#0532-d315 @A: 09 28 07 17 | 12
#0533-d315 @A: 13 04 28 26 | 02
#0534-d315 @A: 06 04 26 15 | 11
#0535-d315 @A: 09 26 04 27 | 04
#0536-d315 @A: 18 03 15 26 | 06
#0537-d315 @A: 35 24 10 26 | 08
#0538-d315 @A: 16 28 24 26 | 09
#0539-d315 @A: 33 26 18 28 | 01
#0540-d315 @A: 28 11 35 04 | 05
#0541-d315 @A: 33 11 25 22 | 03
#0542-d315 @A: 17 33 16 11 | 10
#0543-d315 @A: 11 33 08 18 | 07
#0544-d315 @A: 06 11 27 03 | 12
#0545-d315 @A: 21 13 02 17 | 02
#0546-d315 @A: 09 02 01 03 | 11
#0547-d315 @A: 18 02 05 34 | 04
#0548-d315 @A: 27 34 03 02 | 06
#0549-d315 @A: 22 17 24 02 | 08
#0550-d315 @A: 10 02 16 18 | 09
#0551-d315 @A: 18 25 03 02 | 01
#0552-d315 @A: 05 35 13 28 | 05
#0553-d315 @A: 27 13 34 22 | 03
#0554-d315 @A: 05 22 10 13 | 10
#0555-d315 @A: 08 13 06 16 | 07
#0556-d315 @A: 18 13 27 09 | 12
#0557-d315 @A: 21 10 15 08 | 02
#0558-d315 @A: 27 33 21 08 | 11
#0559-d315 @A: 01 15 04 09 | 04
#0560-d315 @A: 18 04 14 05 | 06
#0561-d315 @A: 14 10 04 27 | 08
#0562-d315 @A: 03 22 06 04 | 09
#0563-d315 @A: 27 16 33 04 | 01
#0564-d315 @A: 15 33 28 16 | 05
#0565-d315 @A: 35 25 09 01 | 03
#0566-d315 @A: 06 33 35 01 | 10
#0567-d315 @A: 35 05 34 24 | 07
#0568-d315 @A: 25 35 18 34 | 12
#0569-d315 @A: 06 34 10 35 | 02
#0570-d315 @A: 09 05 35 27 | 11
#0571-d315 @A: 35 33 05 08 | 04
#0572-d315 @A: 17 28 01 27 | 06
#0573-d315 @A: 18 34 03 24 | 08
#0574-d315 @A: 14 03 28 09 | 09
#0575-d315 @A: 28 05 17 03 | 01
#0576-d315 @A: 23 25 24 30 | 05
#0577-d315 @A: 30 08 31 32 | 03
#0578-d315 @A: 16 31 30 15 | 10
#0579-d315 @A: 05 29 30 19 | 07
#0580-d315 @A: 26 27 30 29 | 12
#0581-d315 @A: 32 18 16 30 | 02
#0582-d315 @A: 19 30 16 11 | 11
#0583-d315 @A: 33 30 04 19 | 04
#0584-d315 @A: 24 17 19 30 | 06
#0585-d315 @A: 07 30 05 18 | 08
#0586-d315 @A: 05 02 30 09 | 09
#0587-d315 @A: 04 30 03 35 | 01
#0588-d315 @A: 34 33 30 06 | 05
#0589-d315 @A: 14 27 08 30 | 03
#0590-d315 @A: 31 03 10 23 | 10
#0591-d315 @A: 20 33 04 23 | 07
#0592-d315 @A: 20 23 18 01 | 12
#0593-d315 @A: 27 23 10 20 | 02
#0594-d315 @A: 10 23 12 21 | 11
#0595-d315 @A: 35 24 12 23 | 04
#0596-d315 @A: 14 11 07 23 | 06
#0597-d315 @A: 01 23 25 13 | 08
#0598-d315 @A: 21 01 22 23 | 09
#0599-d315 @A: 33 23 24 15 | 01
#0600-d315 @A: 16 23 05 33 | 05
#0601-d315 @A: 21 32 29 31 | 03
#0602-d315 @A: 22 24 29 31 | 10
#0603-d315 @A: 01 31 22 32 | 07
#0604-d315 @A: 31 15 27 26 | 12
#0605-d315 @A: 26 14 33 31 | 02
#0606-d315 @A: 21 11 31 25 | 11
#0607-d315 @A: 11 31 24 15 | 04
#0608-d315 @A: 31 02 01 16 | 06
#0609-d315 @A: 13 04 33 31 | 08
#0610-d315 @A: 13 31 27 08 | 09
#0611-d315 @A: 09 31 25 22 | 01
#0612-d315 @A: 17 09 31 33 | 05
#0613-d315 @A: 06 08 17 31 | 03
#0614-d315 @A: 28 19 29 12 | 10
#0615-d315 @A: 19 04 24 29 | 07
#0616-d315 @A: 04 29 09 20 | 12
#0617-d315 @A: 20 03 29 15 | 02
#0618-d315 @A: 29 06 12 21 | 11
#0619-d315 @A: 29 14 27 12 | 04
#0620-d315 @A: 07 24 29 15 | 06
#0621-d315 @A: 09 29 35 02 | 08
#0622-d315 @A: 17 29 15 04 | 09
#0623-d315 @A: 28 27 29 34 | 01
#0624-d315 @A: 03 29 22 14 | 05
#0625-d315 @A: 09 25 24 29 | 03
#0626-d315 @A: 29 10 28 05 | 10
#0627-d315 @A: 10 27 08 29 | 07
#0628-d315 @A: 02 03 32 19 | 12
#0629-d315 @A: 19 14 35 32 | 02
#0630-d315 @A: 12 16 32 15 | 11
#0631-d315 @A: 08 13 32 07 | 04
#0632-d315 @A: 06 32 21 26 | 06
#0633-d315 @A: 26 27 08 32 | 08
#0634-d315 @A: 02 11 32 08 | 09
#0635-d315 @A: 32 14 21 01 | 01
#0636-d315 @A: 08 32 14 04 | 05
#0637-d315 @A: 32 35 15 09 | 03
#0638-d315 @A: 24 08 15 32 | 10
#0639-d315 @A: 28 24 32 34 | 07
#0640-d315 @A: 05 27 32 34 | 12
#0641-d315 @A: 20 19 07 16 | 02
#0642-d315 @A: 19 07 06 25 | 11
#0643-d315 @A: 05 11 19 26 | 04
#0644-d315 @A: 19 24 11 21 | 06
#0645-d315 @A: 28 02 19 24 | 08
#0646-d315 @A: 15 13 06 19 | 09
#0647-d315 @A: 01 19 13 14 | 01
#0648-d315 @A: 16 01 19 03 | 05
#0649-d315 @A: 06 14 24 19 | 03
#0650-d315 @A: 28 19 05 09 | 10
#0651-d315 @A: 20 33 26 12 | 07
#0652-d315 @A: 16 13 12 20 | 12
#0653-d315 @A: 20 05 12 34 | 02
#0654-d315 @A: 11 04 20 17 | 11
#0655-d315 @A: 21 24 04 20 | 04
#0656-d315 @A: 33 15 21 20 | 06
#0657-d315 @A: 01 27 20 21 | 08
#0658-d315 @A: 17 34 14 20 | 09
#0659-d315 @A: 25 34 08 20 | 01
#0660-d315 @A: 34 06 20 28 | 05
#0661-d315 @A: 20 24 28 14 | 03
#0662-d315 @A: 20 27 14 06 | 10
#0663-d315 @A: 03 18 33 20 | 07
#0664-d315 @A: 34 12 07 21 | 12
#0665-d315 @A: 09 12 26 22 | 02
#0666-d315 @A: 21 12 17 11 | 11
#0667-d315 @A: 12 08 11 04 | 04
#0668-d315 @A: 12 34 11 15 | 06
#0669-d315 @A: 02 12 13 33 | 08
#0670-d315 @A: 02 12 04 17 | 09
#0671-d315 @A: 04 05 16 12 | 01
#0672-d315 @A: 06 12 22 33 | 05
#0673-d315 @A: 25 16 28 12 | 03
#0674-d315 @A: 12 16 27 03 | 10
#0675-d315 @A: 12 06 17 09 | 07
#0676-d315 @A: 28 02 13 07 | 12
#0677-d315 @A: 07 01 17 08 | 02
#0678-d315 @A: 14 07 34 27 | 11
#0679-d315 @A: 16 14 07 10 | 04
#0680-d315 @A: 13 35 26 18 | 06
#0681-d315 @A: 21 26 04 10 | 08
#0682-d315 @A: 26 34 17 21 | 09
#0683-d315 @A: 25 34 04 26 | 01
#0684-d315 @A: 26 34 09 03 | 05
#0685-d315 @A: 03 26 16 24 | 03
#0686-d315 @A: 28 05 26 22 | 10
#0687-d315 @A: 26 33 06 05 | 07
#0688-d315 @A: 27 18 25 26 | 12
#0689-d315 @A: 34 11 01 21 | 02
#0690-d315 @A: 11 17 14 08 | 11
#0691-d315 @A: 11 25 10 05 | 04
#0692-d315 @A: 02 13 22 35 | 06
#0693-d315 @A: 01 21 02 10 | 08
#0694-d315 @A: 15 18 02 24 | 09
#0695-d315 @A: 21 35 13 25 | 01
#0696-d315 @A: 13 27 21 10 | 05
#0697-d315 @A: 13 18 01 04 | 03
#0698-d315 @A: 05 27 14 13 | 10
#0699-d315 @A: 13 14 10 06 | 07
#0700-d315 @A: 28 10 24 13 | 12
#0701-d315 @A: 24 06 13 33 | 02
#0702-d315 @A: 09 04 21 17 | 11
#0703-d315 @A: 04 06 33 21 | 04
#0704-d315 @A: 01 21 15 05 | 06
#0705-d315 @A: 14 05 21 34 | 08
#0706-d315 @A: 21 16 34 33 | 09
#0707-d315 @A: 21 05 24 03 | 01
#0708-d315 @A: 05 06 21 22 | 05
#0709-d315 @A: 33 18 21 22 | 03
#0710-d315 @A: 34 22 14 04 | 10
#0711-d315 @A: 25 24 16 04 | 07
#0712-d315 @A: 28 22 04 25 | 12
#0713-d315 @A: 04 09 08 05 | 02
#0714-d315 @A: 01 27 15 34 | 11
#0715-d315 @A: 15 33 18 34 | 04
#0716-d315 @A: 08 05 15 18 | 06
#0717-d315 @A: 33 15 06 27 | 08
#0718-d315 @A: 16 35 27 01 | 09
#0719-d315 @A: 24 35 14 18 | 01
#0720-d315 @A: 35 16 22 18 | 05
#0721-d315 @A: 35 09 08 28 | 03
#0722-d315 @A: 33 35 28 25 | 10
#0723-d315 @A: 33 35 03 28 | 07
#0724-d315 @A: 24 34 16 01 | 12
#0725-d315 @A: 22 06 01 14 | 02
#0726-d315 @A: 16 10 28 01 | 11
#0727-d315 @A: 33 27 10 01 | 04
#0728-d315 @A: 05 09 18 03 | 06
#0729-d315 @A: 08 06 03 10 | 08
#0730-d315 @A: 10 23 01 30 | 09
#0731-d315 @A: 31 22 30 19 | 01
#0732-d315 @A: 04 31 34 30 | 05
#0733-d315 @A: 30 35 09 31 | 03
#0734-d315 @A: 06 20 01 30 | 10
#0735-d315 @A: 04 12 28 30 | 07
#0736-d315 @A: 08 15 30 12 | 12
#0737-d315 @A: 30 34 24 22 | 02
#0738-d315 @A: 30 05 34 28 | 11
#0739-d315 @A: 14 33 30 22 | 04
#0740-d315 @A: 27 30 06 24 | 06
#0741-d315 @A: 30 16 09 03 | 08
#0742-d315 @A: 17 30 08 16 | 09
#0743-d315 @A: 09 08 25 30 | 01
#0744-d315 @A: 23 19 31 08 | 05
#0745-d315 @A: 31 21 16 23 | 03
#0746-d315 @A: 12 29 15 23 | 10
#0747-d315 @A: 24 23 11 29 | 07
#0748-d315 @A: 16 02 19 23 | 12
#0749-d315 @A: 25 05 12 23 | 02
#0750-d315 @A: 28 11 23 16 | 11
#0751-d315 @A: 14 02 17 23 | 04
#0752-d315 @A: 21 35 08 23 | 06
#0753-d315 @A: 09 23 01 14 | 08
#0754-d315 @A: 05 23 17 24 | 09
#0755-d315 @A: 03 29 26 31 | 01
#0756-d315 @A: 17 31 02 32 | 05
#0757-d315 @A: 31 33 32 34 | 03
#0758-d315 @A: 09 31 19 15 | 10
#0759-d315 @A: 05 01 20 31 | 07
#0760-d315 @A: 07 04 31 03 | 12
#0761-d315 @A: 13 34 31 25 | 02
#0762-d315 @A: 24 10 31 01 | 11
#0763-d315 @A: 16 19 29 32 | 04
#0764-d315 @A: 19 27 07 29 | 06
#0765-d315 @A: 26 20 16 29 | 08
#0766-d315 @A: 20 05 29 21 | 09
#0767-d315 @A: 01 29 20 28 | 01
#0768-d315 @A: 12 29 11 03 | 05
#0769-d315 @A: 07 16 02 29 | 03
#0770-d315 @A: 28 07 29 03 | 10
#0771-d315 @A: 29 16 11 06 | 07
#0772-d315 @A: 27 29 02 04 | 12
#0773-d315 @A: 34 29 03 13 | 02
#0774-d315 @A: 16 29 14 13 | 11
#0775-d315 @A: 35 04 29 16 | 04
#0776-d315 @A: 05 34 29 25 | 06
#0777-d315 @A: 16 24 27 29 | 08
#0778-d315 @A: 18 29 10 22 | 09
#0779-d315 @A: 05 27 29 06 | 01
#0780-d315 @A: 03 17 09 29 | 05
#0781-d315 @A: 32 19 07 05 | 03
#0782-d315 @A: 19 11 32 22 | 10
#0783-d315 @A: 06 35 32 20 | 07
#0784-d315 @A: 15 22 32 26 | 12
#0785-d315 @A: 02 32 15 21 | 02
#0786-d315 @A: 02 32 06 09 | 11
#0787-d315 @A: 32 28 13 21 | 04
#0788-d315 @A: 04 32 35 25 | 06
#0789-d315 @A: 22 35 32 05 | 08
#0790-d315 @A: 22 32 33 24 | 09
#0791-d315 @A: 16 03 33 32 | 01
#0792-d315 @A: 33 06 10 32 | 05
#0793-d315 @A: 07 20 03 19 | 03
#0794-d315 @A: 19 07 26 10 | 10
#0795-d315 @A: 15 19 08 26 | 07
#0796-d315 @A: 19 01 04 10 | 12
#0797-d315 @A: 01 08 19 16 | 02
#0798-d315 @A: 19 24 16 10 | 11
#0799-d315 @A: 07 20 27 15 | 04
#0800-d315 @A: 06 07 05 20 | 06
#0801-d315 @A: 20 26 13 03 | 08
#0802-d315 @A: 26 05 20 04 | 09
#0803-d315 @A: 14 20 04 13 | 01
#0804-d315 @A: 15 20 08 06 | 05
#0805-d315 @A: 20 10 35 03 | 03
#0806-d315 @A: 27 09 20 34 | 10
#0807-d315 @A: 20 08 10 24 | 07
#0808-d315 @A: 07 14 12 05 | 12
#0809-d315 @A: 16 02 12 26 | 02
#0810-d315 @A: 12 13 21 26 | 11
#0811-d315 @A: 35 12 11 06 | 04
#0812-d315 @A: 02 12 05 35 | 06
#0813-d315 @A: 12 25 13 15 | 08
#0814-d315 @A: 21 01 28 12 | 09
#0815-d315 @A: 21 12 05 09 | 01
#0816-d315 @A: 01 12 15 17 | 05
#0817-d315 @A: 18 24 12 06 | 03
#0818-d315 @A: 24 12 03 10 | 10
#0819-d315 @A: 27 12 05 08 | 07
#0820-d315 @A: 26 07 22 35 | 12
#0821-d315 @A: 15 02 07 03 | 02
#0822-d315 @A: 01 02 07 05 | 11
#0823-d315 @A: 21 06 07 15 | 04
#0824-d315 @A: 07 01 15 16 | 06
#0825-d315 @A: 14 15 22 07 | 08
#0826-d315 @A: 01 10 07 03 | 09
#0827-d315 @A: 14 07 06 18 | 01
#0828-d315 @A: 07 16 22 33 | 05
#0829-d315 @A: 02 13 26 08 | 03
#0830-d315 @A: 21 14 27 26 | 10
#0831-d315 @A: 22 18 08 26 | 07
#0832-d315 @A: 08 27 24 11 | 12
#0833-d315 @A: 02 10 13 09 | 02
#0834-d315 @A: 01 02 25 17 | 11
#0835-d315 @A: 16 03 08 02 | 04
#0836-d315 @A: 13 01 21 08 | 06
#0837-d315 @A: 08 35 13 15 | 08
#0838-d315 @A: 33 17 21 14 | 09
#0839-d315 @A: 21 18 28 05 | 01
#0840-d315 @A: 28 16 03 21 | 05
#0841-d315 @A: 28 17 21 10 | 03
#0842-d315 @A: 27 25 35 15 | 10
#0843-d315 @A: 17 15 16 14 | 07
#0844-d315 @A: 33 03 15 22 | 12
#0845-d315 @A: 10 25 18 15 | 02
#0846-d315 @A: 15 27 18 28 | 11
#0847-d315 @A: 35 34 22 09 | 04
#0848-d315 @A: 35 14 33 27 | 06
#0849-d315 @A: 35 27 22 06 | 08
#0850-d315 @A: 06 03 05 35 | 09
#0851-d315 @A: 17 06 35 16 | 01
#0852-d315 @A: 22 08 03 18 | 05
#0853-d315 @A: 06 30 23 32 | 03
#0854-d315 @A: 30 34 23 15 | 10
#0855-d315 @A: 35 23 33 30 | 07
#0856-d315 @A: 30 07 31 06 | 12
#0857-d315 @A: 28 30 01 31 | 02
#0858-d315 @A: 33 31 25 30 | 11
#0859-d315 @A: 30 25 32 29 | 04
#0860-d315 @A: 19 25 28 30 | 06
#0861-d315 @A: 12 25 35 30 | 08
#0862-d315 @A: 12 30 16 06 | 09
#0863-d315 @A: 07 16 30 26 | 01
#0864-d315 @A: 11 30 24 28 | 05
#0865-d315 @A: 35 30 14 02 | 03
#0866-d315 @A: 18 30 15 35 | 10
#0867-d315 @A: 30 34 18 10 | 07
#0868-d315 @A: 05 30 24 16 | 12
#0869-d315 @A: 22 05 25 30 | 02
#0870-d315 @A: 08 28 18 30 | 11
#0871-d315 @A: 31 22 12 23 | 04
#0872-d315 @A: 26 23 31 18 | 06
#0873-d315 @A: 23 31 11 06 | 08
#0874-d315 @A: 02 23 31 10 | 09
#0875-d315 @A: 32 09 26 23 | 01
#0876-d315 @A: 23 24 32 21 | 05
#0877-d315 @A: 19 09 20 23 | 03
#0878-d315 @A: 23 12 17 20 | 10
#0879-d315 @A: 24 13 20 23 | 07
#0880-d315 @A: 12 28 23 26 | 12
#0881-d315 @A: 26 07 23 05 | 02
#0882-d315 @A: 24 23 02 26 | 11
#0883-d315 @A: 34 02 13 23 | 04
#0884-d315 @A: 15 13 23 09 | 06
#0885-d315 @A: 22 18 15 23 | 08
#0886-d315 @A: 34 27 08 23 | 09
#0887-d315 @A: 28 17 18 23 | 01
#0888-d315 @A: 25 08 23 17 | 05
#0889-d315 @A: 31 29 20 06 | 03
#0890-d315 @A: 12 29 18 31 | 10
#0891-d315 @A: 32 28 31 19 | 07
#0892-d315 @A: 32 07 31 16 | 12
#0893-d315 @A: 19 26 16 31 | 02
#0894-d315 @A: 25 05 19 31 | 11
#0895-d315 @A: 22 02 31 20 | 04
#0896-d315 @A: 34 15 31 20 | 06
#0897-d315 @A: 10 26 12 31 | 08
#0898-d315 @A: 12 31 34 09 | 09
#0899-d315 @A: 31 12 14 25 | 01
#0900-d315 @A: 26 31 35 34 | 05
#0901-d315 @A: 16 24 09 31 | 03
#0902-d315 @A: 31 06 22 10 | 10
#0903-d315 @A: 31 25 18 06 | 07
#0904-d315 @A: 29 07 10 32 | 12
#0905-d315 @A: 32 28 29 02 | 02
#0906-d315 @A: 01 29 19 17 | 11
#0907-d315 @A: 12 33 04 29 | 04
#0908-d315 @A: 07 26 34 29 | 06
#0909-d315 @A: 26 29 02 17 | 08
#0910-d315 @A: 10 26 29 13 | 09
#0911-d315 @A: 11 29 25 04 | 01
#0912-d315 @A: 22 05 29 01 | 05
#0913-d315 @A: 34 09 29 18 | 03
#0914-d315 @A: 06 25 14 29 | 10
#0915-d315 @A: 29 24 05 33 | 07
#0916-d315 @A: 20 27 19 32 | 12
#0917-d315 @A: 19 21 33 32 | 02
#0918-d315 @A: 20 26 14 32 | 11
#0919-d315 @A: 12 06 27 32 | 04
#0920-d315 @A: 26 18 32 07 | 06
#0921-d315 @A: 01 26 35 32 | 08
#0922-d315 @A: 15 33 11 32 | 09
#0923-d315 @A: 02 01 32 33 | 01
#0924-d315 @A: 08 21 32 09 | 05
#0925-d315 @A: 33 32 18 05 | 03
#0926-d315 @A: 20 19 21 10 | 10
#0927-d315 @A: 19 24 12 07 | 07
#0928-d315 @A: 15 12 19 33 | 12
#0929-d315 @A: 07 02 19 08 | 02
#0930-d315 @A: 19 07 04 09 | 11
#0931-d315 @A: 27 19 26 13 | 04
#0932-d315 @A: 19 01 11 09 | 06
#0933-d315 @A: 13 05 21 19 | 08
#0934-d315 @A: 15 05 19 24 | 09
#0935-d315 @A: 19 10 34 28 | 01
#0936-d315 @A: 34 25 27 19 | 05
#0937-d315 @A: 19 25 09 14 | 03
#0938-d315 @A: 19 22 08 33 | 10
#0939-d315 @A: 19 05 10 27 | 07
#0940-d315 @A: 25 20 03 12 | 12
#0941-d315 @A: 20 26 17 07 | 02
#0942-d315 @A: 01 20 22 26 | 11
#0943-d315 @A: 11 20 05 03 | 04
#0944-d315 @A: 20 03 01 04 | 06
#0945-d315 @A: 18 14 20 10 | 08
#0946-d315 @A: 14 20 33 08 | 09
#0947-d315 @A: 11 02 22 12 | 01
#0948-d315 @A: 21 12 24 02 | 05
#0949-d315 @A: 35 21 33 12 | 03
#0950-d315 @A: 12 03 21 06 | 10
#0951-d315 @A: 17 05 33 12 | 07
#0952-d315 @A: 12 16 17 10 | 12
#0953-d315 @A: 07 35 13 09 | 02
#0954-d315 @A: 09 01 21 07 | 11
#0955-d315 @A: 21 05 07 27 | 04
#0956-d315 @A: 07 16 08 35 | 06
#0957-d315 @A: 03 14 24 07 | 08
#0958-d315 @A: 27 17 18 07 | 09
#0959-d315 @A: 11 03 26 35 | 01
#0960-d315 @A: 05 21 26 02 | 05
#0961-d315 @A: 04 22 02 26 | 03
#0962-d315 @A: 02 26 28 35 | 10
#0963-d315 @A: 15 26 13 34 | 07
#0964-d315 @A: 01 21 16 26 | 12
#0965-d315 @A: 03 33 01 26 | 02
#0966-d315 @A: 08 34 26 05 | 11
#0967-d315 @A: 27 24 26 33 | 04
#0968-d315 @A: 21 33 11 13 | 06
#0969-d315 @A: 15 03 11 04 | 08
#0970-d315 @A: 16 01 04 11 | 09
#0971-d315 @A: 11 28 08 15 | 01
#0972-d315 @A: 22 05 11 34 | 05
#0973-d315 @A: 28 14 33 11 | 03
#0974-d315 @A: 11 08 06 05 | 10
#0975-d315 @A: 05 11 33 27 | 07
#0976-d315 @A: 11 18 25 28 | 12
#0977-d315 @A: 02 08 17 35 | 02
#0978-d315 @A: 05 14 03 02 | 11
#0979-d315 @A: 24 09 33 02 | 04
#0980-d315 @A: 18 13 17 14 | 06
#0981-d315 @A: 03 13 17 06 | 08
#0982-d315 @A: 01 04 21 35 | 09
#0983-d315 @A: 35 28 21 06 | 01
#0984-d315 @A: 34 28 09 21 | 05
#0985-d315 @A: 34 25 21 10 | 03
#0986-d315 @A: 14 18 21 08 | 10
#0987-d315 @A: 10 21 22 24 | 07
#0988-d315 @A: 21 05 25 24 | 12
#0989-d315 @A: 18 24 17 04 | 02
#0990-d315 @A: 10 09 22 04 | 11
#0991-d315 @A: 04 05 25 27 | 04
#0992-d315 @A: 04 33 25 17 | 06
#0993-d315 @A: 15 25 24 14 | 08
#0994-d315 @A: 15 09 08 16 | 09
#0995-d315 @A: 08 01 34 35 | 01
#0996-d315 @A: 35 33 24 16 | 05
#0997-d315 @A: 18 09 35 06 | 03
#0998-d315 @A: 25 24 01 18 | 10
#0999-d315 @A: 08 28 01 24 | 07
#1000-d315 @A: 24 17 01 33 | 12
#1001-d315 @A: 08 18 01 06 | 02
#1002-d315 @A: 03 34 10 33 | 11
#1003-d315 @A: 12 23 30 18 | 04
#1004-d315 @A: 30 14 23 03 | 06
#1005-d315 @A: 01 17 30 32 | 08
#1006-d315 @A: 30 19 12 10 | 09
#1007-d315 @A: 30 14 19 26 | 01
#1008-d315 @A: 19 30 08 35 | 05
#1009-d315 @A: 10 20 30 22 | 03
#1010-d315 @A: 11 30 25 07 | 10
#1011-d315 @A: 30 07 24 21 | 07
#1012-d315 @A: 02 30 21 28 | 12
#1013-d315 @A: 21 30 25 15 | 02
#1014-d315 @A: 30 14 34 01 | 11
#1015-d315 @A: 30 25 34 17 | 04
#1016-d315 @A: 06 22 30 08 | 06
#1017-d315 @A: 25 16 30 27 | 08
#1018-d315 @A: 19 23 32 17 | 09
#1019-d315 @A: 25 23 11 19 | 01
#1020-d315 @A: 34 19 21 23 | 05
#1021-d315 @A: 23 19 24 01 | 03
#1022-d315 @A: 23 33 10 19 | 10
#1023-d315 @A: 26 10 23 11 | 07
#1024-d315 @A: 23 26 21 15 | 12
#1025-d315 @A: 01 06 23 26 | 02
#1026-d315 @A: 33 26 25 23 | 11
#1027-d315 @A: 23 03 11 24 | 04
#1028-d315 @A: 04 02 25 23 | 06
#1029-d315 @A: 02 01 35 23 | 08
#1030-d315 @A: 23 18 13 03 | 09
#1031-d315 @A: 34 14 23 35 | 01
#1032-d315 @A: 23 22 34 33 | 05
#1033-d315 @A: 23 05 06 34 | 03
#1034-d315 @A: 25 28 23 34 | 10
#1035-d315 @A: 09 23 05 22 | 07
#1036-d315 @A: 29 17 31 07 | 12
#1037-d315 @A: 29 15 31 05 | 02
#1038-d315 @A: 29 31 01 35 | 11
#1039-d315 @A: 19 20 24 31 | 04
#1040-d315 @A: 21 14 19 31 | 06
#1041-d315 @A: 31 08 26 20 | 08
#1042-d315 @A: 11 20 31 16 | 09
#1043-d315 @A: 31 08 12 01 | 01
#1044-d315 @A: 13 07 31 22 | 05
#1045-d315 @A: 04 11 10 31 | 03
#1046-d315 @A: 06 31 02 03 | 10
#1047-d315 @A: 01 13 09 31 | 07
#1048-d315 @A: 01 31 04 06 | 12
#1049-d315 @A: 28 16 04 31 | 02
#1050-d315 @A: 31 14 08 22 | 11
#1051-d315 @A: 27 14 18 31 | 04
#1052-d315 @A: 05 22 33 31 | 06
#1053-d315 @A: 10 27 31 28 | 08
#1054-d315 @A: 29 21 09 19 | 09
#1055-d315 @A: 29 19 06 34 | 01
#1056-d315 @A: 20 12 29 07 | 05
#1057-d315 @A: 01 11 29 10 | 03
#1058-d315 @A: 27 29 13 35 | 10
#1059-d315 @A: 13 29 17 09 | 07
#1060-d315 @A: 09 29 10 15 | 12
#1061-d315 @A: 29 25 22 27 | 02
#1062-d315 @A: 08 16 29 33 | 11
#1063-d315 @A: 03 29 06 18 | 04
#1064-d315 @A: 26 24 32 19 | 06
#1065-d315 @A: 11 28 20 32 | 08
#1066-d315 @A: 02 20 32 05 | 09
#1067-d315 @A: 17 33 32 20 | 01
#1068-d315 @A: 17 15 07 32 | 05
#1069-d315 @A: 25 26 02 32 | 03
#1070-d315 @A: 28 32 04 15 | 10
#1071-d315 @A: 32 27 14 28 | 07
#1072-d315 @A: 10 28 32 03 | 12
#1073-d315 @A: 04 25 19 20 | 02
#1074-d315 @A: 34 18 19 20 | 11
#1075-d315 @A: 19 02 06 22 | 04
#1076-d315 @A: 19 09 24 34 | 06
#1077-d315 @A: 19 05 14 08 | 08
#1078-d315 @A: 18 28 19 16 | 09
#1079-d315 @A: 19 33 16 06 | 01
#1080-d315 @A: 19 06 10 09 | 05
#1081-d315 @A: 09 03 19 25 | 03
#1082-d315 @A: 20 02 09 15 | 10
#1083-d315 @A: 35 20 16 15 | 07
#1084-d315 @A: 01 20 25 15 | 12
#1085-d315 @A: 20 27 05 24 | 02
#1086-d315 @A: 07 06 01 12 | 11
#1087-d315 @A: 13 34 17 12 | 04
#1088-d315 @A: 14 06 12 15 | 06
#1089-d315 @A: 10 12 35 18 | 08
#1090-d315 @A: 09 33 12 03 | 09
#1091-d315 @A: 18 28 03 12 | 01
#1092-d315 @A: 07 21 11 26 | 05
#1093-d315 @A: 07 33 11 01 | 03
#1094-d315 @A: 09 15 07 18 | 10
#1095-d315 @A: 25 09 34 07 | 07
#1096-d315 @A: 07 05 16 25 | 12
#1097-d315 @A: 06 07 28 16 | 02
#1098-d315 @A: 10 18 08 07 | 11
#1099-d315 @A: 10 07 33 17 | 04
#1100-d315 @A: 13 25 11 26 | 06
#1101-d315 @A: 14 11 26 06 | 08
#1102-d315 @A: 13 26 33 16 | 09
#1103-d315 @A: 09 26 21 35 | 01
#1104-d315 @A: 10 26 17 14 | 05
#1105-d315 @A: 05 16 26 27 | 03
#1106-d315 @A: 09 25 26 10 | 10
#1107-d315 @A: 15 09 11 21 | 07
#1108-d315 @A: 11 18 15 14 | 12
#1109-d315 @A: 11 03 14 10 | 02
#1110-d315 @A: 25 06 24 11 | 11
#1111-d315 @A: 27 13 02 01 | 04
#1112-d315 @A: 13 10 03 02 | 06
#1113-d315 @A: 22 18 25 02 | 08
#1114-d315 @A: 08 34 18 13 | 09
#1115-d315 @A: 24 22 18 13 | 01
#1116-d315 @A: 06 05 13 18 | 05
#1117-d315 @A: 13 28 09 25 | 03
#1118-d315 @A: 15 18 21 17 | 10
#1119-d315 @A: 21 16 14 24 | 07
#1120-d315 @A: 16 05 21 17 | 12
#1121-d315 @A: 25 27 21 28 | 02
#1122-d315 @A: 28 04 34 03 | 11
#1123-d315 @A: 33 14 04 09 | 04
#1124-d315 @A: 04 22 16 08 | 06
#1125-d315 @A: 27 17 22 04 | 08
#1126-d315 @A: 09 04 25 06 | 09
#1127-d315 @A: 16 34 25 15 | 01
#1128-d315 @A: 14 27 15 09 | 05
#1129-d315 @A: 15 24 27 10 | 03
#1130-d315 @A: 15 03 05 27 | 10
#1131-d315 @A: 01 22 24 35 | 07
#1132-d315 @A: 34 14 03 35 | 12
#1133-d315 @A: 06 14 35 08 | 02
#1134-d315 @A: 08 10 22 35 | 11
#1135-d315 @A: 35 28 17 22 | 04
#1136-d315 @A: 03 09 08 35 | 06
#1137-d315 @A: 01 22 18 34 | 08
#1138-d315 @A: 03 22 27 01 | 09
#1139-d315 @A: 01 05 06 16 | 01
#1140-d315 @A: 25 22 03 24 | 05
#1141-d315 @A: 30 07 23 19 | 03
#1142-d315 @A: 20 12 31 30 | 10
#1143-d315 @A: 32 12 33 30 | 07
#1144-d315 @A: 10 32 02 30 | 12
#1145-d315 @A: 30 02 12 27 | 02
#1146-d315 @A: 30 05 03 12 | 11
#1147-d315 @A: 30 22 07 04 | 04
#1148-d315 @A: 07 34 08 30 | 06
#1149-d315 @A: 18 02 26 30 | 08
#1150-d315 @A: 21 30 26 33 | 09
#1151-d315 @A: 10 30 15 26 | 01
#1152-d315 @A: 03 21 34 30 | 05
#1153-d315 @A: 15 01 30 24 | 03
#1154-d315 @A: 03 30 15 17 | 10
#1155-d315 @A: 03 22 30 10 | 07
#1156-d315 @A: 17 33 30 28 | 12
#1157-d315 @A: 14 23 32 31 | 02
#1158-d315 @A: 23 31 28 20 | 11
#1159-d315 @A: 01 23 29 27 | 04
#1160-d315 @A: 23 32 02 22 | 06
#1161-d315 @A: 15 32 23 25 | 08
#1162-d315 @A: 23 01 34 07 | 09
#1163-d315 @A: 13 17 23 26 | 01
#1164-d315 @A: 22 23 26 27 | 05
#1165-d315 @A: 11 23 13 18 | 03
#1166-d315 @A: 22 11 23 08 | 10
#1167-d315 @A: 15 08 23 03 | 07
#1168-d315 @A: 34 23 18 16 | 12
#1169-d315 @A: 33 18 23 14 | 02
#1170-d315 @A: 14 23 27 25 | 11
#1171-d315 @A: 18 27 23 24 | 04
#1172-d315 @A: 23 05 27 28 | 06
#1173-d315 @A: 29 11 33 31 | 08
#1174-d315 @A: 05 12 31 32 | 09
#1175-d315 @A: 31 32 35 10 | 01
#1176-d315 @A: 24 32 31 03 | 05
#1177-d315 @A: 31 19 02 13 | 03
#1178-d315 @A: 31 27 20 33 | 10
#1179-d315 @A: 01 25 31 26 | 07
#1180-d315 @A: 31 28 26 17 | 12
#1181-d315 @A: 31 15 28 35 | 02
#1182-d315 @A: 01 03 31 35 | 11
#1183-d315 @A: 31 24 35 06 | 04
#1184-d315 @A: 17 22 31 34 | 06
#1185-d315 @A: 31 27 06 34 | 08
#1186-d315 @A: 13 29 32 05 | 09
#1187-d315 @A: 19 29 14 02 | 01
#1188-d315 @A: 07 04 29 05 | 05
#1189-d315 @A: 21 14 10 29 | 03
#1190-d315 @A: 18 21 27 29 | 10
#1191-d315 @A: 03 35 29 27 | 07
#1192-d315 @A: 17 34 24 29 | 12
#1193-d315 @A: 22 29 08 34 | 02
#1194-d315 @A: 09 16 22 29 | 11
#1195-d315 @A: 02 04 19 32 | 04
#1196-d315 @A: 15 32 34 19 | 06
#1197-d315 @A: 25 32 19 18 | 08
#1198-d315 @A: 32 22 20 13 | 09
#1199-d315 @A: 25 11 12 32 | 01
#1200-d315 @A: 07 06 03 32 | 05
#1201-d315 @A: 32 11 18 04 | 03
#1202-d315 @A: 16 11 35 32 | 10
#1203-d315 @A: 15 01 32 18 | 07
#1204-d315 @A: 34 32 06 14 | 12
#1205-d315 @A: 34 32 17 18 | 02
#1206-d315 @A: 27 16 32 10 | 11
#1207-d315 @A: 06 25 32 08 | 04
#1208-d315 @A: 26 06 20 19 | 06
#1209-d315 @A: 19 12 21 16 | 08
#1210-d315 @A: 19 15 11 07 | 09
#1211-d315 @A: 02 09 26 19 | 01
#1212-d315 @A: 34 19 26 22 | 05
#1213-d315 @A: 21 19 02 27 | 03
#1214-d315 @A: 19 03 13 28 | 10
#1215-d315 @A: 19 15 21 03 | 07
#1216-d315 @A: 28 27 19 33 | 12
#1217-d315 @A: 07 20 22 18 | 02
#1218-d315 @A: 06 02 13 20 | 11
#1219-d315 @A: 17 13 20 01 | 04
#1220-d315 @A: 21 35 20 18 | 06
#1221-d315 @A: 27 04 28 20 | 08
#1222-d315 @A: 20 28 05 16 | 09
#1223-d315 @A: 20 16 10 06 | 01
#1224-d315 @A: 12 11 16 07 | 05
#1225-d315 @A: 07 13 12 10 | 03
#1226-d315 @A: 35 14 26 12 | 10
#1227-d315 @A: 09 35 12 04 | 07
#1228-d315 @A: 04 01 34 12 | 12
#1229-d315 @A: 14 03 15 12 | 02
#1230-d315 @A: 27 34 12 33 | 11
#1231-d315 @A: 24 08 16 12 | 04
#1232-d315 @A: 22 25 17 12 | 06
#1233-d315 @A: 33 12 25 08 | 08
#1234-d315 @A: 02 07 21 14 | 09
#1235-d315 @A: 13 16 03 07 | 01
#1236-d315 @A: 07 33 27 13 | 05
#1237-d315 @A: 07 35 14 04 | 03
#1238-d315 @A: 07 16 18 24 | 10
#1239-d315 @A: 07 24 09 10 | 07
#1240-d315 @A: 09 33 05 07 | 12
#1241-d315 @A: 26 28 34 11 | 02
#1242-d315 @A: 26 03 02 04 | 11
#1243-d315 @A: 04 08 26 35 | 04
#1244-d315 @A: 09 15 28 26 | 06
#1245-d315 @A: 26 34 10 27 | 08
#1246-d315 @A: 18 24 05 26 | 09
#1247-d315 @A: 26 08 05 03 | 01
#1248-d315 @A: 17 06 26 27 | 05
#1249-d315 @A: 28 01 02 11 | 03
#1250-d315 @A: 05 02 11 16 | 10
#1251-d315 @A: 11 05 21 35 | 07
#1252-d315 @A: 06 01 15 11 | 12
#1253-d315 @A: 11 01 27 25 | 02
#1254-d315 @A: 18 27 11 10 | 11
#1255-d315 @A: 33 02 15 35 | 04
#1256-d315 @A: 02 16 08 34 | 06
#1257-d315 @A: 02 27 34 17 | 08
#1258-d315 @A: 33 02 06 14 | 09
#1259-d315 @A: 02 27 09 25 | 01
#1260-d315 @A: 01 13 10 15 | 05
#1261-d315 @A: 22 13 03 35 | 03
#1262-d315 @A: 01 28 06 13 | 10
#1263-d315 @A: 13 08 09 22 | 07
#1264-d315 @A: 14 21 35 15 | 12
#1265-d315 @A: 09 06 14 21 | 02
#1266-d315 @A: 09 27 22 21 | 11
#1267-d315 @A: 04 03 17 24 | 04
#1268-d315 @A: 04 24 06 28 | 06
#1269-d315 @A: 04 28 18 10 | 08
#1270-d315 @A: 05 15 34 09 | 09
#1271-d315 @A: 15 33 05 25 | 01
#1272-d315 @A: 10 05 01 35 | 05
#1273-d315 @A: 28 18 01 35 | 03
#1274-d315 @A: 01 16 14 18 | 10
#1275-d315 @A: 24 09 01 05 | 07
#1276-d315 @A: 22 01 16 17 | 12
#1277-d315 @A: 01 33 08 09 | 02
#1278-d315 @A: 23 30 27 31 | 11
#1279-d315 @A: 30 29 02 22 | 04
#1280-d315 @A: 28 30 26 32 | 06
#1281-d315 @A: 13 19 18 30 | 08
#1282-d315 @A: 03 19 06 30 | 09
#1283-d315 @A: 11 30 20 34 | 01
#1284-d315 @A: 27 13 30 20 | 05
#1285-d315 @A: 20 24 18 30 | 03
#1286-d315 @A: 05 33 30 20 | 10
#1287-d315 @A: 03 30 18 07 | 07
#1288-d315 @A: 26 04 11 30 | 12
#1289-d315 @A: 11 30 06 18 | 02
#1290-d315 @A: 06 02 04 30 | 11
#1291-d315 @A: 21 30 13 09 | 04
#1292-d315 @A: 27 04 21 30 | 06
#1293-d315 @A: 18 21 01 30 | 08
#1294-d315 @A: 28 27 30 22 | 09
#1295-d315 @A: 31 34 29 23 | 01
#1296-d315 @A: 23 07 31 24 | 05
#1297-d315 @A: 23 35 25 31 | 03
#1298-d315 @A: 23 04 29 06 | 10
#1299-d315 @A: 10 04 32 23 | 07
#1300-d315 @A: 03 27 23 32 | 12
#1301-d315 @A: 23 19 15 14 | 02
#1302-d315 @A: 23 05 18 19 | 11
#1303-d315 @A: 05 20 08 23 | 04
#1304-d315 @A: 33 12 23 11 | 06
#1305-d315 @A: 03 02 23 12 | 08
#1306-d315 @A: 12 06 13 23 | 09
#1307-d315 @A: 11 23 09 35 | 01
#1308-d315 @A: 23 21 14 13 | 05
#1309-d315 @A: 21 04 23 28 | 03
#1310-d315 @A: 23 16 08 14 | 10
#1311-d315 @A: 23 10 17 22 | 07
#1312-d315 @A: 06 23 09 08 | 12
#1313-d315 @A: 26 29 31 04 | 02
#1314-d315 @A: 25 32 20 31 | 11
#1315-d315 @A: 32 06 31 15 | 04
#1316-d315 @A: 20 07 14 31 | 06
#1317-d315 @A: 18 31 20 04 | 08
#1318-d315 @A: 12 28 11 31 | 09
#1319-d315 @A: 27 01 31 07 | 01
#1320-d315 @A: 31 17 16 13 | 05
#1321-d315 @A: 21 34 31 18 | 03
#1322-d315 @A: 33 08 31 15 | 10
#1323-d315 @A: 28 31 03 15 | 07
#1324-d315 @A: 05 28 24 31 | 12
#1325-d315 @A: 24 31 27 25 | 02
#1326-d315 @A: 26 12 29 32 | 11
#1327-d315 @A: 29 19 08 11 | 04
#1328-d315 @A: 29 15 19 25 | 06
#1329-d315 @A: 29 26 25 28 | 08
#1330-d315 @A: 18 02 11 29 | 09
#1331-d315 @A: 29 10 21 03 | 01
#1332-d315 @A: 04 14 29 01 | 05
#1333-d315 @A: 29 08 28 04 | 03
#1334-d315 @A: 33 34 29 14 | 10
#1335-d315 @A: 01 32 20 34 | 07
#1336-d315 @A: 32 07 22 12 | 12
#1337-d315 @A: 25 11 32 03 | 02
#1338-d315 @A: 32 13 02 18 | 11
#1339-d315 @A: 17 32 13 35 | 04
#1340-d315 @A: 32 13 16 01 | 06
#1341-d315 @A: 32 21 34 35 | 08
#1342-d315 @A: 32 25 21 16 | 09
#1343-d315 @A: 32 18 10 24 | 01
#1344-d315 @A: 32 22 06 16 | 05
#1345-d315 @A: 28 06 32 18 | 03
#1346-d315 @A: 32 08 17 03 | 10
#1347-d315 @A: 19 20 08 13 | 07
#1348-d315 @A: 17 26 19 12 | 12
#1349-d315 @A: 19 34 35 12 | 02
#1350-d315 @A: 03 26 19 14 | 11
#1351-d315 @A: 28 11 13 19 | 04
#1352-d315 @A: 13 24 19 35 | 06
#1353-d315 @A: 19 14 04 28 | 08
#1354-d315 @A: 19 35 16 09 | 09
#1355-d315 @A: 19 33 18 09 | 01
#1356-d315 @A: 18 19 17 10 | 05
#1357-d315 @A: 12 25 20 21 | 03
#1358-d315 @A: 20 01 24 12 | 10
#1359-d315 @A: 09 25 20 11 | 07
#1360-d315 @A: 20 33 13 35 | 12
#1361-d315 @A: 14 35 20 09 | 02
#1362-d315 @A: 20 01 09 16 | 11
#1363-d315 @A: 16 20 25 14 | 04
#1364-d315 @A: 20 25 17 27 | 06
#1365-d315 @A: 07 26 12 08 | 08
#1366-d315 @A: 27 12 24 04 | 09
#1367-d315 @A: 22 12 15 35 | 01
#1368-d315 @A: 03 12 06 01 | 05
#1369-d315 @A: 12 22 14 16 | 03
#1370-d315 @A: 10 24 12 05 | 10
#1371-d315 @A: 17 12 08 18 | 07
#1372-d315 @A: 26 02 07 33 | 12
#1373-d315 @A: 26 07 25 15 | 02
#1374-d315 @A: 02 07 11 17 | 11
#1375-d315 @A: 15 07 13 05 | 04
#1376-d315 @A: 07 04 33 15 | 06
#1377-d315 @A: 28 08 07 05 | 08
#1378-d315 @A: 15 16 26 11 | 09
#1379-d315 @A: 26 01 02 34 | 01
#1380-d315 @A: 26 34 33 09 | 05
#1381-d315 @A: 06 26 34 18 | 03
#1382-d315 @A: 17 05 09 26 | 10
#1383-d315 @A: 28 26 10 06 | 07
#1384-d315 @A: 13 09 04 11 | 12
#1385-d315 @A: 18 34 24 11 | 02
#1386-d315 @A: 27 16 34 11 | 11
#1387-d315 @A: 17 34 06 11 | 04
#1388-d315 @A: 14 27 22 11 | 06
#1389-d315 @A: 10 11 24 17 | 08
#1390-d315 @A: 09 11 28 10 | 09
#1391-d315 @A: 21 16 02 35 | 01
#1392-d315 @A: 06 15 05 02 | 05
#1393-d315 @A: 15 28 10 02 | 03
#1394-d315 @A: 02 16 28 22 | 10
#1395-d315 @A: 05 02 17 10 | 07
#1396-d315 @A: 17 02 16 09 | 12
#1397-d315 @A: 02 06 16 25 | 02
#1398-d315 @A: 33 02 18 17 | 11
#1399-d315 @A: 33 02 10 08 | 04
#1400-d315 @A: 03 04 14 13 | 06
#1401-d315 @A: 34 14 28 13 | 08
#1402-d315 @A: 16 13 05 09 | 09
#1403-d315 @A: 05 17 25 13 | 01
#1404-d315 @A: 25 21 04 14 | 05
#1405-d315 @A: 24 34 21 27 | 03
#1406-d315 @A: 21 33 08 03 | 10
#1407-d315 @A: 15 04 24 35 | 07
#1408-d315 @A: 05 24 22 04 | 12
#1409-d315 @A: 09 15 03 24 | 02
#1410-d315 @A: 27 05 15 22 | 11
#1411-d315 @A: 17 33 15 22 | 04
#1412-d315 @A: 08 27 15 17 | 06
#1413-d315 @A: 22 14 35 25 | 08
#1414-d315 @A: 16 14 35 05 | 09
#1415-d315 @A: 17 24 09 35 | 01
#1416-d315 @A: 14 27 01 24 | 05
#1417-d315 @A: 14 33 01 05 | 03
#1418-d315 @A: 10 08 01 14 | 10
#1419-d315 @A: 01 22 10 25 | 07
#1420-d315 @A: 17 34 22 03 | 12
#1421-d315 @A: 26 05 31 30 | 02
#1422-d315 @A: 20 30 08 29 | 11
#1423-d315 @A: 04 30 18 29 | 04
#1424-d315 @A: 29 30 01 16 | 06
#1425-d315 @A: 32 09 19 30 | 08
#1426-d315 @A: 30 01 19 27 | 09
#1427-d315 @A: 20 02 30 17 | 01
#1428-d315 @A: 30 28 35 20 | 05
#1429-d315 @A: 11 12 09 30 | 03
#1430-d315 @A: 30 22 01 12 | 10
#1431-d315 @A: 33 30 01 13 | 07
#1432-d315 @A: 13 30 17 10 | 12
#1433-d315 @A: 30 10 08 05 | 02
#1434-d315 @A: 17 31 23 15 | 11
#1435-d315 @A: 29 28 35 23 | 04
#1436-d315 @A: 12 23 32 34 | 06
#1437-d315 @A: 32 28 07 23 | 08
#1438-d315 @A: 32 23 08 01 | 09
#1439-d315 @A: 26 23 19 04 | 01
#1440-d315 @A: 23 28 22 19 | 05
#1441-d315 @A: 34 20 23 03 | 03
#1442-d315 @A: 07 25 23 10 | 10
#1443-d315 @A: 03 26 23 06 | 07
#1444-d315 @A: 09 02 23 21 | 12
#1445-d315 @A: 02 06 18 23 | 02
#1446-d315 @A: 03 23 22 21 | 11
#1447-d315 @A: 04 03 33 23 | 04
#1448-d315 @A: 23 16 17 27 | 06
#1449-d315 @A: 08 29 02 31 | 08
#1450-d315 @A: 31 34 07 11 | 09
#1451-d315 @A: 07 28 31 21 | 01
#1452-d315 @A: 31 35 08 11 | 05
#1453-d315 @A: 18 31 01 11 | 03
#1454-d315 @A: 14 13 31 35 | 10
#1455-d315 @A: 21 03 31 01 | 07
#1456-d315 @A: 31 24 33 18 | 12
#1457-d315 @A: 29 03 32 04 | 02
#1458-d315 @A: 32 06 17 29 | 11
#1459-d315 @A: 29 15 14 20 | 04
#1460-d315 @A: 20 10 29 17 | 06
#1461-d315 @A: 02 29 12 10 | 08
#1462-d315 @A: 22 26 21 29 | 09
#1463-d315 @A: 21 02 25 29 | 01
#1464-d315 @A: 02 29 06 01 | 05
#1465-d315 @A: 21 04 29 13 | 03
#1466-d315 @A: 35 15 29 06 | 10
#1467-d315 @A: 12 08 32 19 | 07
#1468-d315 @A: 12 09 32 20 | 12
#1469-d315 @A: 10 20 15 32 | 02
#1470-d315 @A: 04 32 13 12 | 11
#1471-d315 @A: 32 07 33 35 | 04
#1472-d315 @A: 14 32 07 24 | 06
#1473-d315 @A: 26 21 32 03 | 08
#1474-d315 @A: 32 16 02 24 | 09
#1475-d315 @A: 32 21 04 05 | 01
#1476-d315 @A: 27 01 04 32 | 05
#1477-d315 @A: 03 32 34 15 | 03
#1478-d315 @A: 01 28 32 05 | 10
#1479-d315 @A: 16 32 14 33 | 07
#1480-d315 @A: 32 27 24 09 | 12
#1481-d315 @A: 32 08 22 17 | 02
#1482-d315 @A: 20 01 33 19 | 11
#1483-d315 @A: 18 19 12 11 | 04
#1484-d315 @A: 07 17 21 19 | 06
#1485-d315 @A: 19 04 11 06 | 08
#1486-d315 @A: 10 19 11 14 | 09
#1487-d315 @A: 19 02 15 17 | 01
#1488-d315 @A: 17 35 04 19 | 05
#1489-d315 @A: 35 19 15 01 | 03
#1490-d315 @A: 19 17 22 09 | 10
#1491-d315 @A: 08 19 27 09 | 07
#1492-d315 @A: 28 19 06 08 | 12
#1493-d315 @A: 10 03 19 17 | 02
#1494-d315 @A: 08 07 20 11 | 11
#1495-d315 @A: 28 26 21 20 | 04
#1496-d315 @A: 11 20 33 24 | 06
#1497-d315 @A: 20 02 34 24 | 08
#1498-d315 @A: 22 20 15 04 | 09
#1499-d315 @A: 10 20 09 05 | 01
#1500-d315 @A: 12 13 28 18 | 05
#1501-d315 @A: 15 12 27 21 | 03
#1502-d315 @A: 12 15 10 04 | 10
#1503-d315 @A: 34 12 25 24 | 07
#1504-d315 @A: 24 12 33 14 | 12
#1505-d315 @A: 12 24 28 22 | 02
#1506-d315 @A: 22 18 12 05 | 11
#1507-d315 @A: 26 01 14 07 | 04
#1508-d315 @A: 35 18 07 11 | 06
#1509-d315 @A: 07 11 10 06 | 08
#1510-d315 @A: 07 27 22 10 | 09
#1511-d315 @A: 08 06 33 07 | 01
#1512-d315 @A: 07 03 27 08 | 05
#1513-d315 @A: 14 26 08 28 | 03
#1514-d315 @A: 22 16 26 25 | 10
#1515-d315 @A: 10 22 33 26 | 07
#1516-d315 @A: 26 09 16 06 | 12
#1517-d315 @A: 26 33 08 17 | 02
#1518-d315 @A: 02 24 11 35 | 11
#1519-d315 @A: 11 04 14 24 | 04
#1520-d315 @A: 18 11 22 17 | 06
#1521-d315 @A: 09 27 11 17 | 08
#1522-d315 @A: 03 08 28 11 | 09
#1523-d315 @A: 04 05 13 02 | 01
#1524-d315 @A: 02 03 21 17 | 05
#1525-d315 @A: 04 35 34 02 | 03
#1526-d315 @A: 05 08 22 02 | 10
#1527-d315 @A: 21 03 13 25 | 07
#1528-d315 @A: 15 04 13 27 | 12
#1529-d315 @A: 09 13 34 06 | 02
#1530-d315 @A: 27 13 28 16 | 11
#1531-d315 @A: 13 27 06 25 | 04
#1532-d315 @A: 17 21 06 25 | 06
#1533-d315 @A: 04 22 01 33 | 08
#1534-d315 @A: 17 10 04 08 | 09
#1535-d315 @A: 04 27 06 08 | 01
#1536-d315 @A: 10 14 33 15 | 05
#1537-d315 @A: 06 16 15 18 | 03
#1538-d315 @A: 35 16 25 10 | 10
#1539-d315 @A: 33 35 09 10 | 07
#1540-d315 @A: 10 17 35 27 | 12
#1541-d315 @A: 08 14 01 03 | 02
#1542-d315 @A: 09 17 01 18 | 11
#1543-d315 @A: 28 03 22 25 | 04
#1544-d315 @A: 29 14 31 30 | 06
#1545-d315 @A: 28 30 15 29 | 08
#1546-d315 @A: 29 30 35 10 | 09
#1547-d315 @A: 34 32 13 30 | 01
#1548-d315 @A: 15 32 30 05 | 05
#1549-d315 @A: 30 19 21 06 | 03
#1550-d315 @A: 21 30 16 20 | 10
#1551-d315 @A: 12 30 05 13 | 07
#1552-d315 @A: 26 22 03 30 | 12
#1553-d315 @A: 30 11 01 03 | 02
#1554-d315 @A: 30 33 10 11 | 11
#1555-d315 @A: 30 15 14 04 | 04
#1556-d315 @A: 30 04 05 35 | 06
#1557-d315 @A: 09 30 15 33 | 08
#1558-d315 @A: 22 23 07 29 | 09
#1559-d315 @A: 23 29 05 02 | 01
#1560-d315 @A: 17 23 21 29 | 05
#1561-d315 @A: 18 35 23 32 | 03
#1562-d315 @A: 23 07 20 02 | 10
#1563-d315 @A: 23 21 20 06 | 07
#1564-d315 @A: 23 35 20 22 | 12
#1565-d315 @A: 07 09 03 23 | 02
#1566-d315 @A: 23 11 17 01 | 11
#1567-d315 @A: 02 27 23 15 | 04
#1568-d315 @A: 23 02 28 33 | 06
#1569-d315 @A: 08 13 33 23 | 08
#1570-d315 @A: 14 22 24 23 | 09
#1571-d315 @A: 23 06 24 16 | 01
#1572-d315 @A: 23 09 33 27 | 05
#1573-d315 @A: 32 31 11 27 | 03
#1574-d315 @A: 04 24 32 31 | 10
#1575-d315 @A: 31 13 10 20 | 07
#1576-d315 @A: 12 07 31 33 | 12
#1577-d315 @A: 31 15 12 02 | 02
#1578-d315 @A: 21 12 31 04 | 11
#1579-d315 @A: 17 27 31 12 | 04
#1580-d315 @A: 21 31 26 24 | 06
#1581-d315 @A: 04 25 15 31 | 08
#1582-d315 @A: 31 05 34 16 | 09
#1583-d315 @A: 16 31 06 14 | 01
#1584-d315 @A: 05 31 06 09 | 05
#1585-d315 @A: 08 31 03 25 | 03
#1586-d315 @A: 11 34 29 32 | 10
#1587-d315 @A: 32 27 29 15 | 07
#1588-d315 @A: 20 19 22 29 | 12
#1589-d315 @A: 29 27 20 11 | 02
#1590-d315 @A: 29 33 20 02 | 11
#1591-d315 @A: 29 12 22 13 | 04
#1592-d315 @A: 01 12 25 29 | 06
#1593-d315 @A: 29 35 25 07 | 08
#1594-d315 @A: 26 11 29 09 | 09
#1595-d315 @A: 26 15 29 18 | 01
#1596-d315 @A: 14 35 11 29 | 05
#1597-d315 @A: 02 03 22 29 | 03
#1598-d315 @A: 13 34 29 01 | 10
#1599-d315 @A: 08 13 29 25 | 07
#1600-d315 @A: 04 34 10 29 | 12
#1601-d315 @A: 14 24 08 29 | 02
#1602-d315 @A: 06 10 29 24 | 11
#1603-d315 @A: 28 09 29 33 | 04
#1604-d315 @A: 10 25 33 29 | 06
#1605-d315 @A: 03 29 25 33 | 08
#1606-d315 @A: 03 20 09 32 | 09
#1607-d315 @A: 32 20 18 08 | 01
#1608-d315 @A: 21 12 18 32 | 05
#1609-d315 @A: 12 10 01 32 | 03
#1610-d315 @A: 32 09 11 07 | 10
#1611-d315 @A: 16 26 34 32 | 07
#1612-d315 @A: 21 27 32 17 | 12
#1613-d315 @A: 35 32 03 18 | 02
#1614-d315 @A: 22 14 32 09 | 11
#1615-d315 @A: 22 10 28 32 | 04
#1616-d315 @A: 25 05 09 32 | 06
#1617-d315 @A: 09 28 16 32 | 08
#1618-d315 @A: 17 28 25 32 | 09
#1619-d315 @A: 19 20 28 17 | 01
#1620-d315 @A: 13 07 19 34 | 05
#1621-d315 @A: 01 19 28 26 | 03
#1622-d315 @A: 19 08 21 04 | 10
#1623-d315 @A: 14 16 19 34 | 07
#1624-d315 @A: 17 19 08 34 | 12
#1625-d315 @A: 19 27 14 17 | 02
#1626-d315 @A: 08 19 18 24 | 11
#1627-d315 @A: 24 33 25 19 | 04
#1628-d315 @A: 27 06 19 18 | 06
#1629-d315 @A: 10 12 11 20 | 08
#1630-d315 @A: 12 20 15 18 | 09
#1631-d315 @A: 20 27 12 22 | 01
#1632-d315 @A: 34 07 04 20 | 05
#1633-d315 @A: 20 27 03 21 | 03
#1634-d315 @A: 20 01 04 08 | 10
#1635-d315 @A: 14 20 22 05 | 07
#1636-d315 @A: 03 16 22 20 | 12
#1637-d315 @A: 05 18 25 20 | 02
#1638-d315 @A: 12 26 24 11 | 11
#1639-d315 @A: 14 12 08 13 | 04
#1640-d315 @A: 04 03 12 08 | 06
#1641-d315 @A: 24 09 12 15 | 08
#1642-d315 @A: 14 18 34 12 | 09
#1643-d315 @A: 28 12 10 33 | 01
#1644-d315 @A: 03 17 11 07 | 05
#1645-d315 @A: 10 07 02 04 | 03
#1646-d315 @A: 07 22 06 34 | 10
#1647-d315 @A: 24 08 07 22 | 07
#1648-d315 @A: 03 05 22 07 | 12
#1649-d315 @A: 35 26 33 11 | 02
#1650-d315 @A: 01 26 05 13 | 11
#1651-d315 @A: 26 04 16 14 | 04
#1652-d315 @A: 34 26 14 24 | 06
#1653-d315 @A: 17 18 26 16 | 08
#1654-d315 @A: 25 11 15 02 | 09
#1655-d315 @A: 13 17 15 11 | 01
#1656-d315 @A: 13 08 10 11 | 05
#1657-d315 @A: 11 21 04 22 | 03
#1658-d315 @A: 28 06 11 27 | 10
#1659-d315 @A: 08 04 02 15 | 07
#1660-d315 @A: 01 15 02 22 | 12
#1661-d315 @A: 24 03 02 35 | 02
#1662-d315 @A: 33 02 25 34 | 11
#1663-d315 @A: 27 02 16 14 | 04
#1664-d315 @A: 08 06 24 02 | 06
#1665-d315 @A: 02 08 09 18 | 08
#1666-d315 @A: 28 02 27 08 | 09
#1667-d315 @A: 28 06 02 17 | 01
#1668-d315 @A: 34 13 24 04 | 05
#1669-d315 @A: 10 05 21 33 | 03
#1670-d315 @A: 16 09 10 21 | 10
#1671-d315 @A: 06 16 04 34 | 07
#1672-d315 @A: 17 34 04 28 | 12
#1673-d315 @A: 18 06 04 22 | 02
#1674-d315 @A: 10 03 05 04 | 11
#1675-d315 @A: 05 33 28 04 | 04
#1676-d315 @A: 18 16 04 09 | 06
#1677-d315 @A: 15 06 24 34 | 08
#1678-d315 @A: 15 10 05 16 | 09
#1679-d315 @A: 09 25 15 17 | 01
#1680-d315 @A: 06 25 28 15 | 05
#1681-d315 @A: 08 25 24 35 | 03
#1682-d315 @A: 17 05 35 18 | 10
#1683-d315 @A: 35 25 06 05 | 07
#1684-d315 @A: 03 01 34 25 | 12
#1685-d315 @A: 01 18 27 05 | 02
#1686-d315 @A: 16 33 25 01 | 11
#1687-d315 @A: 09 06 01 27 | 04
#1688-d315 @A: 33 24 06 03 | 06
#1689-d315 @A: 16 03 18 10 | 08
