#0001-d319 @A: 31 14 33 10 | 02
#0002-d319 @A: 19 21 16 10 | 09
#0003-d319 @A: 17 10 24 32 | 11
#0004-d319 @A: 03 25 10 18 | 10
#0005-d319 @A: 22 30 10 01 | 01
#0006-d319 @A: 19 10 03 17 | 03
#0007-d319 @A: 35 10 02 27 | 07
#0008-d319 @A: 26 23 10 04 | 12
#0009-d319 @A: 09 18 10 28 | 04
#0010-d319 @A: 34 08 28 10 | 06
#0011-d319 @A: 25 16 14 21 | 05
#0012-d319 @A: 05 14 17 06 | 08
#0013-d319 @A: 02 24 31 14 | 02
#0014-d319 @A: 17 24 28 14 | 09
#0015-d319 @A: 31 29 25 14 | 11
#0016-d319 @A: 22 23 14 12 | 10
#0017-d319 @A: 29 18 13 14 | 01
#0018-d319 @A: 17 29 11 14 | 03
#0019-d319 @A: 33 08 14 20 | 07
#0020-d319 @A: 11 14 09 28 | 12
#0021-d319 @A: 21 17 06 16 | 04
#0022-d319 @A: 07 24 21 30 | 06
#0023-d319 @A: 13 11 05 21 | 05
#0024-d319 @A: 11 25 21 33 | 08
#0025-d319 @A: 25 21 15 08 | 02
#0026-d319 @A: 33 29 35 21 | 09
#0027-d319 @A: 15 13 21 27 | 11
#0028-d319 @A: 21 33 34 12 | 10
#0029-d319 @A: 28 21 17 01 | 01
#0030-d319 @A: 15 02 30 21 | 03
#0031-d319 @A: 19 32 21 15 | 07
#0032-d319 @A: 30 21 19 23 | 12
#0033-d319 @A: 21 27 20 07 | 04
#0034-d319 @A: 01 21 27 35 | 06
#0035-d319 @A: 07 23 11 21 | 05
#0036-d319 @A: 27 03 04 21 | 08
#0037-d319 @A: 09 21 03 08 | 02
#0038-d319 @A: 06 19 24 08 | 09
#0039-d319 @A: 05 29 06 28 | 11
#0040-d319 @A: 03 06 05 13 | 10
#0041-d319 @A: 01 08 22 06 | 01
#0042-d319 @A: 19 06 07 31 | 03
#0043-d319 @A: 32 06 02 31 | 07
#0044-d319 @A: 35 06 19 17 | 12
#0045-d319 @A: 30 11 15 06 | 04
#0046-d319 @A: 27 06 20 15 | 06
#0047-d319 @A: 18 06 03 27 | 05
#0048-d319 @A: 27 06 16 04 | 08
#0049-d319 @A: 34 02 06 04 | 02
#0050-d319 @A: 09 16 11 06 | 09
#0051-d319 @A: 13 19 20 24 | 11
#0052-d319 @A: 24 26 32 33 | 10
#0053-d319 @A: 24 31 04 17 | 01
#0054-d319 @A: 24 07 27 18 | 03
#0055-d319 @A: 01 24 11 18 | 07
#0056-d319 @A: 08 24 34 09 | 12
#0057-d319 @A: 05 03 30 22 | 04
#0058-d319 @A: 26 05 07 29 | 06
#0059-d319 @A: 05 18 33 13 | 05
#0060-d319 @A: 01 30 13 05 | 08
#0061-d319 @A: 04 31 19 05 | 02
#0062-d319 @A: 05 02 07 31 | 09
#0063-d319 @A: 12 16 23 05 | 11
#0064-d319 @A: 05 01 35 32 | 10
#0065-d319 @A: 28 26 05 35 | 01
#0066-d319 @A: 05 26 11 09 | 03
#0067-d319 @A: 34 05 32 09 | 07
#0068-d319 @A: 34 25 13 31 | 12
#0069-d319 @A: 25 08 26 33 | 04
#0070-d319 @A: 12 23 25 17 | 06
#0071-d319 @A: 04 15 20 25 | 05
#0072-d319 @A: 28 19 25 15 | 08
#0073-d319 @A: 25 02 15 09 | 02
#0074-d319 @A: 12 22 04 13 | 09
#0075-d319 @A: 15 33 09 22 | 11
#0076-d319 @A: 31 22 09 12 | 10
#0077-d319 @A: 27 12 28 22 | 01
#0078-d319 @A: 30 20 02 22 | 03
#0079-d319 @A: 34 35 02 22 | 07
#0080-d319 @A: 22 16 27 02 | 12
#0081-d319 @A: 04 28 22 11 | 04
#0082-d319 @A: 09 22 08 07 | 06
#0083-d319 @A: 20 15 32 29 | 05
#0084-d319 @A: 20 29 01 11 | 08
#0085-d319 @A: 35 27 29 03 | 02
#0086-d319 @A: 11 35 29 09 | 09
#0087-d319 @A: 02 18 29 09 | 11
#0088-d319 @A: 33 13 01 19 | 10
#0089-d319 @A: 13 33 16 35 | 01
#0090-d319 @A: 17 12 13 16 | 03
#0091-d319 @A: 16 13 02 18 | 07
#0092-d319 @A: 07 16 13 34 | 12
#0093-d319 @A: 13 09 28 32 | 04
#0094-d319 @A: 08 17 33 32 | 06
#0095-d319 @A: 15 04 32 33 | 05
#0096-d319 @A: 27 23 33 12 | 08
#0097-d319 @A: 07 32 33 28 | 02
#0098-d319 @A: 31 23 27 18 | 09
#0099-d319 @A: 23 07 31 03 | 11
#0100-d319 @A: 31 09 11 08 | 10
#0101-d319 @A: 30 19 17 34 | 01
#0102-d319 @A: 28 27 09 17 | 03
#0103-d319 @A: 08 02 01 17 | 07
#0104-d319 @A: 07 02 09 17 | 12
#0105-d319 @A: 17 26 08 16 | 04
#0106-d319 @A: 03 28 32 17 | 06
#0107-d319 @A: 07 04 15 34 | 05
#0108-d319 @A: 15 03 32 01 | 08
#0109-d319 @A: 35 02 12 23 | 02
#0110-d319 @A: 23 12 28 34 | 09
#0111-d319 @A: 03 02 30 32 | 11
#0112-d319 @A: 18 30 11 34 | 10
#0113-d319 @A: 18 30 32 28 | 01
#0114-d319 @A: 18 19 34 20 | 03
#0115-d319 @A: 26 04 20 35 | 07
#0116-d319 @A: 19 27 11 35 | 12
#0117-d319 @A: 23 19 03 18 | 04
#0118-d319 @A: 23 19 01 34 | 06
#0119-d319 @A: 27 16 19 01 | 05
#0120-d319 @A: 28 01 19 02 | 08
#0121-d319 @A: 18 28 19 04 | 02
#0122-d319 @A: 14 10 30 35 | 09
#0123-d319 @A: 34 15 21 10 | 11
#0124-d319 @A: 10 08 24 05 | 10
#0125-d319 @A: 05 23 13 10 | 01
#0126-d319 @A: 10 20 01 05 | 03
#0127-d319 @A: 26 20 22 10 | 07
#0128-d319 @A: 10 08 31 18 | 12
#0129-d319 @A: 10 11 20 17 | 04
#0130-d319 @A: 15 10 12 28 | 06
#0131-d319 @A: 12 32 10 20 | 05
#0132-d319 @A: 10 35 16 18 | 08
#0133-d319 @A: 18 23 10 07 | 02
#0134-d319 @A: 10 27 07 28 | 09
#0135-d319 @A: 17 18 21 14 | 11
#0136-d319 @A: 06 25 26 14 | 10
#0137-d319 @A: 24 13 14 08 | 01
#0138-d319 @A: 33 26 05 14 | 03
#0139-d319 @A: 34 14 03 05 | 07
#0140-d319 @A: 22 14 25 09 | 12
#0141-d319 @A: 15 03 14 29 | 04
#0142-d319 @A: 12 14 29 04 | 06
#0143-d319 @A: 14 30 01 29 | 05
#0144-d319 @A: 02 14 33 01 | 08
#0145-d319 @A: 11 14 33 16 | 02
#0146-d319 @A: 27 01 12 14 | 09
#0147-d319 @A: 20 14 30 18 | 11
#0148-d319 @A: 01 14 30 32 | 10
#0149-d319 @A: 14 09 35 08 | 01
#0150-d319 @A: 03 14 18 11 | 03
#0151-d319 @A: 32 14 18 26 | 07
#0152-d319 @A: 21 15 06 24 | 12
#0153-d319 @A: 09 29 21 06 | 04
#0154-d319 @A: 15 21 05 23 | 06
#0155-d319 @A: 25 21 31 02 | 05
#0156-d319 @A: 21 25 28 03 | 08
#0157-d319 @A: 27 21 22 17 | 02
#0158-d319 @A: 15 16 29 21 | 09
#0159-d319 @A: 21 23 31 12 | 11
#0160-d319 @A: 30 17 21 04 | 10
#0161-d319 @A: 17 20 21 23 | 01
#0162-d319 @A: 21 18 32 17 | 03
#0163-d319 @A: 20 21 19 32 | 07
#0164-d319 @A: 26 09 21 34 | 12
#0165-d319 @A: 24 16 31 06 | 04
#0166-d319 @A: 24 06 09 07 | 06
#0167-d319 @A: 06 05 27 12 | 05
#0168-d319 @A: 12 06 22 03 | 08
#0169-d319 @A: 20 09 06 22 | 02
#0170-d319 @A: 19 06 26 22 | 09
#0171-d319 @A: 17 06 29 33 | 11
#0172-d319 @A: 19 06 27 13 | 10
#0173-d319 @A: 04 28 06 15 | 01
#0174-d319 @A: 26 07 23 06 | 03
#0175-d319 @A: 27 06 26 08 | 07
#0176-d319 @A: 06 28 02 26 | 12
#0177-d319 @A: 06 18 01 09 | 04
#0178-d319 @A: 07 05 24 19 | 06
#0179-d319 @A: 26 04 24 05 | 05
#0180-d319 @A: 25 18 31 24 | 08
#0181-d319 @A: 24 13 29 04 | 02
#0182-d319 @A: 24 35 29 31 | 09
#0183-d319 @A: 24 12 29 07 | 11
#0184-d319 @A: 32 24 13 15 | 10
#0185-d319 @A: 15 24 11 26 | 01
#0186-d319 @A: 16 18 19 24 | 03
#0187-d319 @A: 35 04 24 09 | 07
#0188-d319 @A: 26 28 03 24 | 12
#0189-d319 @A: 23 05 32 13 | 04
#0190-d319 @A: 28 20 33 05 | 06
#0191-d319 @A: 17 27 05 20 | 05
#0192-d319 @A: 32 05 17 16 | 08
#0193-d319 @A: 32 05 08 26 | 02
#0194-d319 @A: 22 16 31 25 | 09
#0195-d319 @A: 02 33 07 25 | 11
#0196-d319 @A: 23 25 19 31 | 10
#0197-d319 @A: 25 03 01 23 | 01
#0198-d319 @A: 23 25 28 07 | 03
#0199-d319 @A: 25 18 26 04 | 07
#0200-d319 @A: 22 31 19 08 | 12
#0201-d319 @A: 35 19 12 22 | 04
#0202-d319 @A: 32 22 23 30 | 06
#0203-d319 @A: 03 28 22 35 | 05
#0204-d319 @A: 09 22 23 16 | 08
#0205-d319 @A: 26 08 22 04 | 02
#0206-d319 @A: 23 13 19 29 | 09
#0207-d319 @A: 09 29 31 33 | 11
#0208-d319 @A: 18 19 31 29 | 10
#0209-d319 @A: 29 11 17 32 | 01
#0210-d319 @A: 20 29 30 35 | 03
#0211-d319 @A: 29 09 19 01 | 07
#0212-d319 @A: 28 04 09 29 | 12
#0213-d319 @A: 03 13 33 20 | 04
#0214-d319 @A: 17 23 13 02 | 06
#0215-d319 @A: 11 15 13 19 | 05
#0216-d319 @A: 30 09 13 20 | 08
#0217-d319 @A: 27 20 34 13 | 02
#0218-d319 @A: 13 34 19 04 | 09
#0219-d319 @A: 13 23 04 08 | 11
#0220-d319 @A: 11 13 02 26 | 10
#0221-d319 @A: 07 09 28 13 | 01
#0222-d319 @A: 03 32 31 33 | 03
#0223-d319 @A: 17 11 33 27 | 07
#0224-d319 @A: 04 15 11 33 | 12
#0225-d319 @A: 16 33 30 01 | 04
#0226-d319 @A: 33 35 11 28 | 06
#0227-d319 @A: 33 11 01 26 | 05
#0228-d319 @A: 26 31 35 03 | 08
#0229-d319 @A: 31 02 34 23 | 02
#0230-d319 @A: 02 03 28 31 | 09
#0231-d319 @A: 26 07 11 31 | 11
#0232-d319 @A: 19 04 17 12 | 10
#0233-d319 @A: 01 17 35 04 | 01
#0234-d319 @A: 26 17 23 03 | 03
#0235-d319 @A: 16 28 11 17 | 07
#0236-d319 @A: 23 28 32 12 | 12
#0237-d319 @A: 02 26 12 16 | 04
#0238-d319 @A: 12 07 08 26 | 06
#0239-d319 @A: 30 20 26 28 | 05
#0240-d319 @A: 35 30 04 03 | 08
#0241-d319 @A: 30 26 27 23 | 02
#0242-d319 @A: 30 28 34 27 | 09
#0243-d319 @A: 30 28 07 03 | 11
#0244-d319 @A: 18 35 20 27 | 10
#0245-d319 @A: 23 20 04 27 | 01
#0246-d319 @A: 27 20 11 03 | 03
#0247-d319 @A: 02 20 04 11 | 07
#0248-d319 @A: 18 08 28 20 | 12
#0249-d319 @A: 27 03 09 19 | 04
#0250-d319 @A: 19 02 28 32 | 06
#0251-d319 @A: 19 11 34 16 | 05
#0252-d319 @A: 19 09 16 28 | 08
#0253-d319 @A: 32 35 07 11 | 02
#0254-d319 @A: 03 32 35 34 | 09
#0255-d319 @A: 34 32 28 08 | 11
#0256-d319 @A: 10 14 32 23 | 10
#0257-d319 @A: 23 06 21 10 | 01
#0258-d319 @A: 10 05 34 22 | 03
#0259-d319 @A: 32 05 07 10 | 07
#0260-d319 @A: 10 22 28 31 | 12
#0261-d319 @A: 19 02 10 22 | 04
#0262-d319 @A: 10 29 32 04 | 06
#0263-d319 @A: 13 31 04 10 | 05
#0264-d319 @A: 10 33 27 16 | 08
#0265-d319 @A: 07 04 10 33 | 02
#0266-d319 @A: 03 10 31 11 | 09
#0267-d319 @A: 15 17 08 10 | 11
#0268-d319 @A: 12 17 10 01 | 10
#0269-d319 @A: 17 10 34 09 | 01
#0270-d319 @A: 30 03 08 10 | 03
#0271-d319 @A: 02 28 16 10 | 07
#0272-d319 @A: 14 24 23 21 | 12
#0273-d319 @A: 21 07 33 14 | 04
#0274-d319 @A: 06 13 14 23 | 06
#0275-d319 @A: 24 18 33 14 | 05
#0276-d319 @A: 20 14 04 24 | 08
#0277-d319 @A: 30 23 14 05 | 02
#0278-d319 @A: 19 25 04 14 | 09
#0279-d319 @A: 25 14 28 34 | 11
#0280-d319 @A: 31 01 14 22 | 10
#0281-d319 @A: 13 14 09 17 | 01
#0282-d319 @A: 19 14 33 09 | 03
#0283-d319 @A: 08 30 17 14 | 07
#0284-d319 @A: 34 14 20 17 | 12
#0285-d319 @A: 30 27 14 03 | 04
#0286-d319 @A: 32 16 19 14 | 06
#0287-d319 @A: 14 35 27 34 | 05
#0288-d319 @A: 02 14 03 35 | 08
#0289-d319 @A: 21 06 31 01 | 02
#0290-d319 @A: 06 27 02 21 | 09
#0291-d319 @A: 21 26 25 24 | 11
#0292-d319 @A: 34 20 21 24 | 10
#0293-d319 @A: 05 27 25 21 | 01
#0294-d319 @A: 25 29 21 23 | 03
#0295-d319 @A: 21 34 22 13 | 07
#0296-d319 @A: 01 21 22 19 | 12
#0297-d319 @A: 29 21 12 01 | 04
#0298-d319 @A: 31 04 21 20 | 06
#0299-d319 @A: 21 18 28 31 | 05
#0300-d319 @A: 15 09 21 19 | 08
#0301-d319 @A: 15 21 35 04 | 02
#0302-d319 @A: 20 02 21 12 | 09
#0303-d319 @A: 21 01 02 23 | 11
#0304-d319 @A: 18 27 16 21 | 10
#0305-d319 @A: 27 08 21 11 | 01
#0306-d319 @A: 04 05 20 06 | 03
#0307-d319 @A: 22 29 06 25 | 07
#0308-d319 @A: 06 08 12 25 | 12
#0309-d319 @A: 32 25 06 30 | 04
#0310-d319 @A: 02 15 06 13 | 06
#0311-d319 @A: 20 33 06 23 | 05
#0312-d319 @A: 12 06 16 01 | 08
#0313-d319 @A: 30 20 06 07 | 02
#0314-d319 @A: 06 35 01 02 | 09
#0315-d319 @A: 34 18 16 06 | 11
#0316-d319 @A: 08 03 16 06 | 10
#0317-d319 @A: 06 07 03 04 | 01
#0318-d319 @A: 34 06 26 03 | 03
#0319-d319 @A: 25 19 35 24 | 07
#0320-d319 @A: 09 33 24 13 | 12
#0321-d319 @A: 34 18 13 24 | 04
#0322-d319 @A: 33 24 11 20 | 06
#0323-d319 @A: 24 23 30 17 | 05
#0324-d319 @A: 08 01 24 15 | 08
#0325-d319 @A: 32 35 30 24 | 02
#0326-d319 @A: 35 24 34 01 | 09
#0327-d319 @A: 11 03 23 24 | 11
#0328-d319 @A: 29 05 11 25 | 10
#0329-d319 @A: 29 22 27 05 | 01
#0330-d319 @A: 05 09 22 13 | 03
#0331-d319 @A: 31 05 18 03 | 07
#0332-d319 @A: 08 11 20 05 | 12
#0333-d319 @A: 05 35 01 09 | 04
#0334-d319 @A: 09 05 18 07 | 06
#0335-d319 @A: 01 26 05 34 | 05
#0336-d319 @A: 28 02 25 22 | 08
#0337-d319 @A: 33 32 25 18 | 02
#0338-d319 @A: 34 25 35 03 | 09
#0339-d319 @A: 07 25 27 08 | 11
#0340-d319 @A: 25 02 11 32 | 10
#0341-d319 @A: 22 29 13 01 | 01
#0342-d319 @A: 22 29 16 30 | 03
#0343-d319 @A: 22 23 18 29 | 07
#0344-d319 @A: 33 23 22 19 | 12
#0345-d319 @A: 03 17 31 22 | 04
#0346-d319 @A: 19 22 09 30 | 06
#0347-d319 @A: 04 35 22 23 | 05
#0348-d319 @A: 01 11 27 22 | 08
#0349-d319 @A: 28 16 22 08 | 02
#0350-d319 @A: 17 29 16 31 | 09
#0351-d319 @A: 29 15 23 31 | 11
#0352-d319 @A: 29 11 12 15 | 10
#0353-d319 @A: 32 34 19 29 | 01
#0354-d319 @A: 35 08 26 29 | 03
#0355-d319 @A: 35 29 16 04 | 07
#0356-d319 @A: 29 28 34 02 | 12
#0357-d319 @A: 23 07 13 33 | 04
#0358-d319 @A: 15 18 31 13 | 06
#0359-d319 @A: 13 23 31 30 | 05
#0360-d319 @A: 13 12 08 28 | 08
#0361-d319 @A: 19 13 03 30 | 02
#0362-d319 @A: 03 32 19 13 | 09
#0363-d319 @A: 33 34 32 23 | 11
#0364-d319 @A: 23 16 33 03 | 10
#0365-d319 @A: 20 31 27 32 | 01
#0366-d319 @A: 32 31 23 18 | 03
#0367-d319 @A: 28 11 23 31 | 07
#0368-d319 @A: 27 07 01 31 | 12
#0369-d319 @A: 01 32 31 11 | 04
#0370-d319 @A: 31 32 04 26 | 06
#0371-d319 @A: 16 01 31 28 | 05
#0372-d319 @A: 09 16 07 31 | 08
#0373-d319 @A: 17 01 15 19 | 02
#0374-d319 @A: 32 17 01 27 | 09
#0375-d319 @A: 26 11 04 17 | 11
#0376-d319 @A: 30 15 35 12 | 10
#0377-d319 @A: 35 01 07 15 | 01
#0378-d319 @A: 34 35 15 26 | 03
#0379-d319 @A: 23 04 15 01 | 07
#0380-d319 @A: 01 35 03 12 | 12
#0381-d319 @A: 16 07 12 27 | 04
#0382-d319 @A: 34 12 07 18 | 06
#0383-d319 @A: 18 12 26 28 | 05
#0384-d319 @A: 09 12 01 34 | 08
#0385-d319 @A: 07 30 35 27 | 02
#0386-d319 @A: 16 30 23 18 | 09
#0387-d319 @A: 32 27 08 30 | 11
#0388-d319 @A: 28 18 30 02 | 10
#0389-d319 @A: 03 02 30 09 | 01
#0390-d319 @A: 19 23 09 20 | 03
#0391-d319 @A: 20 16 11 35 | 07
#0392-d319 @A: 07 35 34 20 | 12
#0393-d319 @A: 20 26 02 23 | 04
#0394-d319 @A: 09 34 28 20 | 06
#0395-d319 @A: 02 19 04 35 | 05
#0396-d319 @A: 09 32 03 23 | 08
#0397-d319 @A: 32 04 18 08 | 02
#0398-d319 @A: 01 21 10 24 | 09
#0399-d319 @A: 21 10 26 03 | 11
#0400-d319 @A: 24 06 26 10 | 10
#0401-d319 @A: 06 30 10 16 | 01
#0402-d319 @A: 19 28 05 10 | 03
#0403-d319 @A: 33 08 10 22 | 07
#0404-d319 @A: 12 16 10 22 | 12
#0405-d319 @A: 17 10 23 29 | 04
#0406-d319 @A: 10 01 29 35 | 06
#0407-d319 @A: 19 33 10 32 | 05
#0408-d319 @A: 31 26 10 17 | 08
#0409-d319 @A: 17 30 10 02 | 02
#0410-d319 @A: 15 35 32 10 | 09
#0411-d319 @A: 09 32 10 30 | 11
#0412-d319 @A: 09 26 35 10 | 10
#0413-d319 @A: 02 10 34 32 | 01
#0414-d319 @A: 10 26 08 01 | 03
#0415-d319 @A: 14 27 21 29 | 07
#0416-d319 @A: 06 16 20 14 | 12
#0417-d319 @A: 29 16 24 14 | 04
#0418-d319 @A: 20 05 32 14 | 06
#0419-d319 @A: 02 05 16 14 | 05
#0420-d319 @A: 18 05 04 14 | 08
#0421-d319 @A: 14 25 12 03 | 02
#0422-d319 @A: 18 01 25 14 | 09
#0423-d319 @A: 14 32 09 25 | 11
#0424-d319 @A: 35 29 14 19 | 10
#0425-d319 @A: 28 14 29 07 | 01
#0426-d319 @A: 13 30 14 15 | 03
#0427-d319 @A: 14 07 32 13 | 07
#0428-d319 @A: 12 35 14 33 | 12
#0429-d319 @A: 31 07 14 04 | 04
#0430-d319 @A: 26 17 19 14 | 06
#0431-d319 @A: 14 34 02 09 | 05
#0432-d319 @A: 16 04 09 14 | 08
#0433-d319 @A: 14 09 26 01 | 02
#0434-d319 @A: 21 13 25 01 | 09
#0435-d319 @A: 16 21 22 33 | 11
#0436-d319 @A: 22 21 08 35 | 10
#0437-d319 @A: 21 28 09 22 | 01
#0438-d319 @A: 15 07 17 21 | 03
#0439-d319 @A: 01 04 11 21 | 07
#0440-d319 @A: 11 05 06 24 | 12
#0441-d319 @A: 24 02 06 12 | 04
#0442-d319 @A: 34 06 09 25 | 06
#0443-d319 @A: 06 22 33 18 | 05
#0444-d319 @A: 29 08 06 07 | 08
#0445-d319 @A: 13 33 06 08 | 02
#0446-d319 @A: 30 03 06 17 | 09
#0447-d319 @A: 26 06 09 04 | 11
#0448-d319 @A: 04 32 07 06 | 10
#0449-d319 @A: 01 05 22 24 | 01
#0450-d319 @A: 07 24 20 25 | 03
#0451-d319 @A: 29 24 22 02 | 07
#0452-d319 @A: 16 20 24 22 | 12
#0453-d319 @A: 29 24 01 17 | 04
#0454-d319 @A: 35 24 11 13 | 06
#0455-d319 @A: 24 03 19 31 | 05
#0456-d319 @A: 08 07 31 24 | 08
#0457-d319 @A: 24 12 19 28 | 02
#0458-d319 @A: 23 18 24 09 | 09
#0459-d319 @A: 16 24 32 34 | 11
#0460-d319 @A: 05 08 22 17 | 10
#0461-d319 @A: 35 20 05 22 | 01
#0462-d319 @A: 19 29 02 05 | 03
#0463-d319 @A: 05 13 20 26 | 07
#0464-d319 @A: 05 27 33 15 | 12
#0465-d319 @A: 03 16 05 28 | 04
#0466-d319 @A: 13 03 22 25 | 06
#0467-d319 @A: 29 01 25 33 | 05
#0468-d319 @A: 13 17 08 25 | 08
#0469-d319 @A: 17 33 18 25 | 02
#0470-d319 @A: 25 31 17 07 | 09
#0471-d319 @A: 30 31 25 08 | 11
#0472-d319 @A: 18 25 30 09 | 10
#0473-d319 @A: 25 28 18 27 | 01
#0474-d319 @A: 03 25 32 04 | 03
#0475-d319 @A: 33 17 28 22 | 07
#0476-d319 @A: 09 17 22 35 | 12
#0477-d319 @A: 01 17 23 22 | 04
#0478-d319 @A: 27 22 08 30 | 06
#0479-d319 @A: 22 16 35 01 | 05
#0480-d319 @A: 32 27 34 22 | 08
#0481-d319 @A: 18 16 22 07 | 02
#0482-d319 @A: 13 15 33 29 | 09
#0483-d319 @A: 27 29 12 13 | 11
#0484-d319 @A: 27 29 11 04 | 10
#0485-d319 @A: 29 27 16 26 | 01
#0486-d319 @A: 18 01 16 29 | 03
#0487-d319 @A: 29 03 07 01 | 07
#0488-d319 @A: 20 01 13 12 | 12
#0489-d319 @A: 23 35 13 27 | 04
#0490-d319 @A: 04 35 13 07 | 06
#0491-d319 @A: 27 04 18 13 | 05
#0492-d319 @A: 13 07 03 18 | 08
#0493-d319 @A: 13 08 26 34 | 02
#0494-d319 @A: 15 20 33 18 | 09
#0495-d319 @A: 35 04 33 27 | 11
#0496-d319 @A: 17 18 12 31 | 10
#0497-d319 @A: 31 04 12 15 | 01
#0498-d319 @A: 15 31 11 20 | 03
#0499-d319 @A: 31 12 08 16 | 07
#0500-d319 @A: 31 20 03 30 | 12
#0501-d319 @A: 19 31 08 32 | 04
#0502-d319 @A: 31 35 08 23 | 06
#0503-d319 @A: 31 08 03 27 | 05
#0504-d319 @A: 31 01 08 04 | 08
#0505-d319 @A: 30 27 17 15 | 02
#0506-d319 @A: 20 17 32 02 | 09
#0507-d319 @A: 09 17 23 04 | 11
#0508-d319 @A: 17 02 27 04 | 10
#0509-d319 @A: 16 02 03 17 | 01
#0510-d319 @A: 17 16 01 09 | 03
#0511-d319 @A: 08 28 15 02 | 07
#0512-d319 @A: 16 15 09 34 | 12
#0513-d319 @A: 30 20 12 27 | 04
#0514-d319 @A: 28 04 35 12 | 06
#0515-d319 @A: 32 16 12 35 | 05
#0516-d319 @A: 09 23 12 07 | 08
#0517-d319 @A: 11 01 02 12 | 02
#0518-d319 @A: 28 09 12 02 | 09
#0519-d319 @A: 18 12 08 01 | 11
#0520-d319 @A: 32 34 12 18 | 10
#0521-d319 @A: 23 03 34 30 | 01
#0522-d319 @A: 19 02 27 20 | 03
#0523-d319 @A: 28 19 11 20 | 07
#0524-d319 @A: 09 26 20 32 | 12
#0525-d319 @A: 07 19 26 35 | 04
#0526-d319 @A: 19 27 28 23 | 06
#0527-d319 @A: 10 08 14 06 | 05
#0528-d319 @A: 14 24 10 07 | 08
#0529-d319 @A: 10 12 14 09 | 02
#0530-d319 @A: 26 10 27 14 | 09
#0531-d319 @A: 02 11 14 10 | 11
#0532-d319 @A: 05 21 02 10 | 10
#0533-d319 @A: 17 10 33 21 | 01
#0534-d319 @A: 10 08 21 20 | 03
#0535-d319 @A: 06 10 03 29 | 07
#0536-d319 @A: 10 02 06 31 | 12
#0537-d319 @A: 35 10 06 15 | 04
#0538-d319 @A: 10 33 23 24 | 06
#0539-d319 @A: 34 24 10 31 | 05
#0540-d319 @A: 10 05 17 04 | 08
#0541-d319 @A: 27 05 10 09 | 02
#0542-d319 @A: 31 32 25 10 | 09
#0543-d319 @A: 10 20 07 13 | 11
#0544-d319 @A: 10 13 32 02 | 10
#0545-d319 @A: 27 10 08 12 | 01
#0546-d319 @A: 35 07 03 10 | 03
#0547-d319 @A: 26 10 11 28 | 07
#0548-d319 @A: 10 16 04 01 | 12
#0549-d319 @A: 21 14 22 02 | 04
#0550-d319 @A: 14 11 15 21 | 06
#0551-d319 @A: 12 14 07 06 | 05
#0552-d319 @A: 14 30 24 26 | 08
#0553-d319 @A: 25 13 35 14 | 02
#0554-d319 @A: 08 32 14 29 | 09
#0555-d319 @A: 14 27 13 31 | 11
#0556-d319 @A: 17 14 33 04 | 10
#0557-d319 @A: 35 17 31 14 | 01
#0558-d319 @A: 14 17 03 01 | 03
#0559-d319 @A: 12 16 14 15 | 07
#0560-d319 @A: 27 09 18 14 | 12
#0561-d319 @A: 21 06 03 33 | 04
#0562-d319 @A: 05 33 21 09 | 06
#0563-d319 @A: 21 12 25 04 | 05
#0564-d319 @A: 07 31 21 13 | 08
#0565-d319 @A: 33 21 20 01 | 02
#0566-d319 @A: 19 21 31 11 | 09
#0567-d319 @A: 30 12 26 21 | 11
#0568-d319 @A: 21 35 07 28 | 10
#0569-d319 @A: 02 16 04 21 | 01
#0570-d319 @A: 18 04 34 21 | 03
#0571-d319 @A: 34 21 03 11 | 07
#0572-d319 @A: 21 32 04 28 | 12
#0573-d319 @A: 21 34 16 28 | 04
#0574-d319 @A: 26 05 30 06 | 06
#0575-d319 @A: 25 15 18 06 | 05
#0576-d319 @A: 06 25 20 35 | 08
#0577-d319 @A: 22 06 31 34 | 02
#0578-d319 @A: 07 22 15 06 | 09
#0579-d319 @A: 06 32 35 17 | 11
#0580-d319 @A: 01 06 30 19 | 10
#0581-d319 @A: 28 24 05 25 | 01
#0582-d319 @A: 30 35 24 05 | 03
#0583-d319 @A: 29 25 15 24 | 07
#0584-d319 @A: 22 12 17 24 | 12
#0585-d319 @A: 24 32 07 29 | 04
#0586-d319 @A: 24 01 33 31 | 06
#0587-d319 @A: 17 24 07 33 | 05
#0588-d319 @A: 31 30 24 15 | 08
#0589-d319 @A: 24 27 11 31 | 02
#0590-d319 @A: 24 15 16 17 | 09
#0591-d319 @A: 17 24 11 19 | 11
#0592-d319 @A: 24 35 20 15 | 10
#0593-d319 @A: 32 24 04 23 | 01
#0594-d319 @A: 02 27 03 24 | 03
#0595-d319 @A: 24 16 01 03 | 07
#0596-d319 @A: 23 22 05 25 | 12
#0597-d319 @A: 04 22 33 05 | 04
#0598-d319 @A: 05 01 29 31 | 06
#0599-d319 @A: 29 08 12 05 | 05
#0600-d319 @A: 13 17 05 28 | 08
#0601-d319 @A: 02 35 05 13 | 02
#0602-d319 @A: 05 07 12 33 | 09
#0603-d319 @A: 05 12 11 17 | 11
#0604-d319 @A: 23 05 19 17 | 10
#0605-d319 @A: 15 05 26 19 | 01
#0606-d319 @A: 12 05 34 19 | 03
#0607-d319 @A: 05 35 34 16 | 07
#0608-d319 @A: 30 28 25 29 | 12
#0609-d319 @A: 25 19 34 29 | 04
#0610-d319 @A: 13 33 25 04 | 06
#0611-d319 @A: 09 33 25 12 | 05
#0612-d319 @A: 03 02 08 25 | 08
#0613-d319 @A: 01 08 09 25 | 02
#0614-d319 @A: 26 25 28 09 | 09
#0615-d319 @A: 29 22 32 35 | 11
#0616-d319 @A: 13 23 20 22 | 10
#0617-d319 @A: 22 13 28 19 | 01
#0618-d319 @A: 35 07 22 31 | 03
#0619-d319 @A: 32 12 22 01 | 07
#0620-d319 @A: 09 22 34 11 | 12
#0621-d319 @A: 08 22 32 03 | 04
#0622-d319 @A: 29 30 26 13 | 06
#0623-d319 @A: 20 15 29 34 | 05
#0624-d319 @A: 23 32 29 27 | 08
#0625-d319 @A: 07 27 09 29 | 02
#0626-d319 @A: 29 11 28 08 | 09
#0627-d319 @A: 04 26 03 29 | 11
#0628-d319 @A: 09 13 35 15 | 10
#0629-d319 @A: 15 13 28 23 | 01
#0630-d319 @A: 11 27 32 13 | 03
#0631-d319 @A: 13 18 32 01 | 07
#0632-d319 @A: 17 33 23 31 | 12
#0633-d319 @A: 19 30 07 33 | 04
#0634-d319 @A: 18 33 34 26 | 06
#0635-d319 @A: 33 16 28 07 | 05
#0636-d319 @A: 17 31 20 02 | 08
#0637-d319 @A: 30 31 12 01 | 02
#0638-d319 @A: 26 16 18 31 | 09
#0639-d319 @A: 16 07 17 19 | 11
#0640-d319 @A: 01 17 18 27 | 10
#0641-d319 @A: 28 17 04 08 | 01
#0642-d319 @A: 16 15 08 35 | 03
#0643-d319 @A: 11 15 23 32 | 07
#0644-d319 @A: 08 23 07 15 | 12
#0645-d319 @A: 27 15 18 26 | 04
#0646-d319 @A: 27 18 15 32 | 06
#0647-d319 @A: 08 34 11 15 | 05
#0648-d319 @A: 16 11 32 15 | 08
#0649-d319 @A: 02 12 27 18 | 02
#0650-d319 @A: 32 12 02 07 | 09
#0651-d319 @A: 12 32 26 11 | 11
#0652-d319 @A: 12 09 03 26 | 10
#0653-d319 @A: 30 08 18 35 | 01
#0654-d319 @A: 07 03 20 19 | 03
#0655-d319 @A: 20 23 11 18 | 07
#0656-d319 @A: 23 01 20 07 | 12
#0657-d319 @A: 16 28 20 27 | 04
#0658-d319 @A: 11 26 03 19 | 06
#0659-d319 @A: 19 32 04 09 | 05
#0660-d319 @A: 32 01 02 04 | 08
#0661-d319 @A: 16 18 32 09 | 02
#0662-d319 @A: 23 25 14 10 | 09
#0663-d319 @A: 01 10 14 13 | 11
#0664-d319 @A: 19 10 06 11 | 10
#0665-d319 @A: 10 13 24 16 | 01
#0666-d319 @A: 35 25 33 10 | 03
#0667-d319 @A: 25 10 19 07 | 07
#0668-d319 @A: 26 33 10 29 | 12
#0669-d319 @A: 03 10 13 15 | 04
#0670-d319 @A: 10 30 13 34 | 06
#0671-d319 @A: 07 10 31 12 | 05
#0672-d319 @A: 01 10 19 31 | 08
#0673-d319 @A: 18 12 20 10 | 02
#0674-d319 @A: 11 12 34 10 | 09
#0675-d319 @A: 10 07 30 09 | 11
#0676-d319 @A: 35 04 34 10 | 10
#0677-d319 @A: 03 02 23 10 | 01
#0678-d319 @A: 21 14 34 32 | 03
#0679-d319 @A: 24 14 03 06 | 07
#0680-d319 @A: 06 28 19 14 | 12
#0681-d319 @A: 24 27 14 15 | 04
#0682-d319 @A: 16 22 13 14 | 06
#0683-d319 @A: 23 33 14 29 | 05
#0684-d319 @A: 20 29 14 09 | 08
#0685-d319 @A: 02 28 13 14 | 02
#0686-d319 @A: 30 11 14 12 | 09
#0687-d319 @A: 18 19 14 12 | 11
#0688-d319 @A: 30 14 16 19 | 10
#0689-d319 @A: 27 11 07 14 | 01
#0690-d319 @A: 11 26 14 08 | 03
#0691-d319 @A: 21 34 06 05 | 07
#0692-d319 @A: 04 06 21 22 | 12
#0693-d319 @A: 06 28 08 21 | 04
#0694-d319 @A: 21 24 09 31 | 06
#0695-d319 @A: 21 35 03 24 | 05
#0696-d319 @A: 05 21 20 03 | 08
#0697-d319 @A: 30 31 21 22 | 02
#0698-d319 @A: 03 23 21 13 | 09
#0699-d319 @A: 31 33 21 08 | 11
#0700-d319 @A: 35 17 26 21 | 10
#0701-d319 @A: 19 07 12 21 | 01
#0702-d319 @A: 12 09 21 18 | 03
#0703-d319 @A: 01 03 30 21 | 07
#0704-d319 @A: 19 34 27 21 | 12
#0705-d319 @A: 16 08 21 23 | 04
#0706-d319 @A: 21 04 28 23 | 06
#0707-d319 @A: 21 07 34 02 | 05
#0708-d319 @A: 06 24 33 35 | 08
#0709-d319 @A: 24 01 06 20 | 02
#0710-d319 @A: 25 06 05 02 | 09
#0711-d319 @A: 33 06 05 01 | 11
#0712-d319 @A: 32 06 05 18 | 10
#0713-d319 @A: 06 33 28 25 | 01
#0714-d319 @A: 02 17 06 22 | 03
#0715-d319 @A: 06 18 12 29 | 07
#0716-d319 @A: 06 04 19 29 | 12
#0717-d319 @A: 35 09 06 27 | 04
#0718-d319 @A: 16 35 28 06 | 06
#0719-d319 @A: 27 28 06 11 | 05
#0720-d319 @A: 28 06 18 07 | 08
#0721-d319 @A: 11 03 01 06 | 02
#0722-d319 @A: 09 32 08 06 | 09
#0723-d319 @A: 25 33 16 24 | 11
#0724-d319 @A: 24 27 22 09 | 10
#0725-d319 @A: 32 22 02 24 | 01
#0726-d319 @A: 26 24 29 19 | 03
#0727-d319 @A: 31 28 24 20 | 07
#0728-d319 @A: 12 24 35 08 | 12
#0729-d319 @A: 09 02 01 24 | 04
#0730-d319 @A: 16 24 02 34 | 06
#0731-d319 @A: 26 18 24 08 | 05
#0732-d319 @A: 03 18 24 04 | 08
#0733-d319 @A: 07 24 04 16 | 02
#0734-d319 @A: 05 17 01 25 | 09
#0735-d319 @A: 05 18 20 25 | 11
#0736-d319 @A: 05 29 35 17 | 10
#0737-d319 @A: 29 32 05 03 | 01
#0738-d319 @A: 33 05 34 23 | 03
#0739-d319 @A: 02 26 17 05 | 07
#0740-d319 @A: 12 20 05 09 | 12
#0741-d319 @A: 30 20 19 05 | 04
#0742-d319 @A: 19 32 05 11 | 06
#0743-d319 @A: 11 05 23 35 | 05
#0744-d319 @A: 09 05 34 04 | 08
#0745-d319 @A: 27 22 19 25 | 02
#0746-d319 @A: 18 35 22 25 | 09
#0747-d319 @A: 25 17 13 32 | 11
#0748-d319 @A: 13 02 19 25 | 10
#0749-d319 @A: 25 09 17 19 | 01
#0750-d319 @A: 32 12 25 19 | 03
#0751-d319 @A: 02 01 16 25 | 07
#0752-d319 @A: 07 26 03 25 | 12
#0753-d319 @A: 22 33 11 29 | 04
#0754-d319 @A: 04 29 22 31 | 06
#0755-d319 @A: 15 29 22 35 | 05
#0756-d319 @A: 15 17 13 22 | 08
#0757-d319 @A: 07 22 13 26 | 02
#0758-d319 @A: 02 33 31 22 | 09
#0759-d319 @A: 12 01 22 33 | 11
#0760-d319 @A: 20 15 22 03 | 10
#0761-d319 @A: 07 32 22 19 | 01
#0762-d319 @A: 22 09 26 02 | 03
#0763-d319 @A: 03 09 18 22 | 07
#0764-d319 @A: 17 28 03 29 | 12
#0765-d319 @A: 19 16 12 29 | 04
#0766-d319 @A: 18 02 32 29 | 06
#0767-d319 @A: 11 29 18 26 | 05
#0768-d319 @A: 18 29 08 03 | 08
#0769-d319 @A: 20 32 13 33 | 02
#0770-d319 @A: 31 13 32 12 | 09
#0771-d319 @A: 31 20 16 13 | 11
#0772-d319 @A: 16 30 08 13 | 10
#0773-d319 @A: 35 13 03 08 | 01
#0774-d319 @A: 32 35 13 08 | 03
#0775-d319 @A: 26 13 23 18 | 07
#0776-d319 @A: 02 35 33 18 | 12
#0777-d319 @A: 01 09 23 33 | 04
#0778-d319 @A: 27 34 09 33 | 06
#0779-d319 @A: 02 09 33 04 | 05
#0780-d319 @A: 11 32 18 33 | 08
#0781-d319 @A: 33 18 08 04 | 02
#0782-d319 @A: 16 04 33 26 | 09
#0783-d319 @A: 12 35 31 20 | 11
#0784-d319 @A: 02 19 31 30 | 10
#0785-d319 @A: 09 31 19 26 | 01
#0786-d319 @A: 02 31 11 16 | 03
#0787-d319 @A: 31 28 08 26 | 07
#0788-d319 @A: 07 31 34 28 | 12
#0789-d319 @A: 17 26 20 15 | 04
#0790-d319 @A: 12 23 32 17 | 06
#0791-d319 @A: 17 16 35 23 | 05
#0792-d319 @A: 35 11 17 34 | 08
#0793-d319 @A: 08 35 07 17 | 02
#0794-d319 @A: 23 12 26 15 | 09
#0795-d319 @A: 15 19 07 27 | 11
#0796-d319 @A: 15 02 03 04 | 10
#0797-d319 @A: 01 11 16 15 | 01
#0798-d319 @A: 07 12 04 02 | 03
#0799-d319 @A: 03 16 18 12 | 07
#0800-d319 @A: 11 23 09 30 | 12
#0801-d319 @A: 26 30 18 03 | 04
#0802-d319 @A: 30 16 28 04 | 06
#0803-d319 @A: 20 27 08 09 | 05
#0804-d319 @A: 20 26 18 07 | 08
#0805-d319 @A: 08 07 20 04 | 02
#0806-d319 @A: 16 01 08 20 | 09
#0807-d319 @A: 32 19 26 35 | 11
#0808-d319 @A: 07 23 19 02 | 10
#0809-d319 @A: 26 04 19 27 | 01
#0810-d319 @A: 02 09 11 19 | 03
#0811-d319 @A: 19 16 08 02 | 07
#0812-d319 @A: 01 07 04 19 | 12
#0813-d319 @A: 03 35 18 32 | 04
#0814-d319 @A: 14 05 29 10 | 06
#0815-d319 @A: 22 14 04 10 | 05
#0816-d319 @A: 10 21 22 25 | 08
#0817-d319 @A: 22 27 10 06 | 02
#0818-d319 @A: 12 10 03 05 | 09
#0819-d319 @A: 29 25 08 10 | 11
#0820-d319 @A: 25 09 10 31 | 10
#0821-d319 @A: 25 10 20 16 | 01
#0822-d319 @A: 02 10 29 12 | 03
#0823-d319 @A: 27 10 13 17 | 07
#0824-d319 @A: 10 02 20 33 | 12
#0825-d319 @A: 15 26 30 10 | 04
#0826-d319 @A: 08 23 10 09 | 06
#0827-d319 @A: 18 11 10 27 | 05
#0828-d319 @A: 01 02 07 10 | 08
#0829-d319 @A: 06 21 35 14 | 02
#0830-d319 @A: 14 09 30 21 | 09
#0831-d319 @A: 14 11 06 32 | 11
#0832-d319 @A: 05 14 13 12 | 10
#0833-d319 @A: 14 22 34 15 | 01
#0834-d319 @A: 14 18 26 22 | 03
#0835-d319 @A: 31 14 16 03 | 07
#0836-d319 @A: 30 07 34 14 | 12
#0837-d319 @A: 08 23 14 19 | 04
#0838-d319 @A: 23 04 14 03 | 06
#0839-d319 @A: 26 23 28 14 | 05
#0840-d319 @A: 24 19 02 21 | 08
#0841-d319 @A: 32 24 27 21 | 02
#0842-d319 @A: 21 05 29 04 | 09
#0843-d319 @A: 35 19 21 05 | 11
#0844-d319 @A: 22 11 20 21 | 10
#0845-d319 @A: 21 26 23 22 | 01
#0846-d319 @A: 12 29 21 32 | 03
#0847-d319 @A: 33 21 19 04 | 07
#0848-d319 @A: 21 11 16 12 | 12
#0849-d319 @A: 35 34 23 21 | 04
#0850-d319 @A: 21 02 08 32 | 06
#0851-d319 @A: 16 03 21 07 | 05
#0852-d319 @A: 24 06 04 23 | 08
#0853-d319 @A: 05 16 06 22 | 02
#0854-d319 @A: 26 29 20 06 | 09
#0855-d319 @A: 33 06 26 12 | 11
#0856-d319 @A: 17 11 23 06 | 10
#0857-d319 @A: 15 23 06 34 | 01
#0858-d319 @A: 20 06 02 03 | 03
#0859-d319 @A: 08 02 11 06 | 07
#0860-d319 @A: 01 06 28 34 | 12
#0861-d319 @A: 13 23 25 24 | 04
#0862-d319 @A: 22 30 24 11 | 06
#0863-d319 @A: 02 13 30 24 | 05
#0864-d319 @A: 01 28 13 24 | 08
#0865-d319 @A: 30 24 20 08 | 02
#0866-d319 @A: 24 27 01 30 | 09
#0867-d319 @A: 27 35 24 16 | 11
#0868-d319 @A: 04 34 27 24 | 10
#0869-d319 @A: 07 01 24 26 | 01
#0870-d319 @A: 05 31 25 33 | 03
#0871-d319 @A: 22 18 05 19 | 07
#0872-d319 @A: 16 13 19 05 | 12
#0873-d319 @A: 19 33 08 05 | 04
#0874-d319 @A: 01 18 23 05 | 06
#0875-d319 @A: 28 05 23 09 | 05
#0876-d319 @A: 05 27 28 02 | 08
#0877-d319 @A: 11 05 27 34 | 02
#0878-d319 @A: 26 15 22 25 | 09
#0879-d319 @A: 29 17 25 26 | 11
#0880-d319 @A: 02 29 04 25 | 10
#0881-d319 @A: 31 15 25 01 | 01
#0882-d319 @A: 25 12 02 30 | 03
#0883-d319 @A: 25 08 11 19 | 07
#0884-d319 @A: 28 25 35 08 | 12
#0885-d319 @A: 25 11 09 27 | 04
#0886-d319 @A: 34 25 08 18 | 06
#0887-d319 @A: 28 01 11 25 | 05
#0888-d319 @A: 34 07 25 11 | 08
#0889-d319 @A: 29 26 22 12 | 02
#0890-d319 @A: 07 22 20 33 | 09
#0891-d319 @A: 22 08 11 03 | 11
#0892-d319 @A: 26 11 22 16 | 10
#0893-d319 @A: 03 22 01 26 | 01
#0894-d319 @A: 29 04 20 33 | 03
#0895-d319 @A: 33 07 34 29 | 07
#0896-d319 @A: 33 09 32 29 | 12
#0897-d319 @A: 12 31 29 34 | 04
#0898-d319 @A: 20 23 29 12 | 06
#0899-d319 @A: 35 23 28 29 | 05
#0900-d319 @A: 01 04 34 29 | 08
#0901-d319 @A: 17 30 13 35 | 02
#0902-d319 @A: 17 03 13 11 | 09
#0903-d319 @A: 19 13 12 09 | 11
#0904-d319 @A: 13 11 12 23 | 10
#0905-d319 @A: 32 13 30 04 | 01
#0906-d319 @A: 09 27 26 13 | 03
#0907-d319 @A: 15 33 03 17 | 07
#0908-d319 @A: 17 20 35 33 | 12
#0909-d319 @A: 33 35 15 19 | 04
#0910-d319 @A: 07 33 35 09 | 06
#0911-d319 @A: 16 33 18 09 | 05
#0912-d319 @A: 17 15 31 09 | 08
#0913-d319 @A: 31 07 30 18 | 02
#0914-d319 @A: 01 18 02 31 | 09
#0915-d319 @A: 27 17 12 35 | 11
#0916-d319 @A: 17 27 16 34 | 10
#0917-d319 @A: 08 11 18 17 | 01
#0918-d319 @A: 12 15 08 32 | 03
#0919-d319 @A: 27 15 28 35 | 07
#0920-d319 @A: 15 09 23 03 | 12
#0921-d319 @A: 04 08 27 15 | 04
#0922-d319 @A: 12 30 08 19 | 06
#0923-d319 @A: 04 03 12 20 | 05
#0924-d319 @A: 04 18 23 12 | 08
#0925-d319 @A: 27 12 09 04 | 02
#0926-d319 @A: 12 07 28 01 | 09
#0927-d319 @A: 30 32 08 07 | 11
#0928-d319 @A: 19 08 20 26 | 10
#0929-d319 @A: 08 02 35 20 | 01
#0930-d319 @A: 27 20 01 26 | 03
#0931-d319 @A: 28 07 20 02 | 07
#0932-d319 @A: 26 16 23 19 | 12
#0933-d319 @A: 14 10 34 19 | 04
#0934-d319 @A: 06 05 10 18 | 06
#0935-d319 @A: 10 06 28 13 | 05
#0936-d319 @A: 27 20 24 10 | 08
#0937-d319 @A: 11 24 04 10 | 02
#0938-d319 @A: 10 31 05 35 | 09
#0939-d319 @A: 25 10 17 28 | 11
#0940-d319 @A: 34 25 02 10 | 10
#0941-d319 @A: 22 29 10 09 | 01
#0942-d319 @A: 08 10 13 19 | 03
#0943-d319 @A: 15 33 10 01 | 07
#0944-d319 @A: 30 19 10 27 | 12
#0945-d319 @A: 27 16 32 10 | 04
#0946-d319 @A: 10 26 34 07 | 06
#0947-d319 @A: 26 10 32 28 | 05
#0948-d319 @A: 14 05 21 01 | 08
#0949-d319 @A: 21 12 14 08 | 02
#0950-d319 @A: 21 14 26 20 | 09
#0951-d319 @A: 27 06 33 14 | 11
#0952-d319 @A: 11 14 34 06 | 10
#0953-d319 @A: 01 14 06 04 | 01
#0954-d319 @A: 24 14 35 22 | 03
#0955-d319 @A: 28 14 24 32 | 07
#0956-d319 @A: 05 22 14 28 | 12
#0957-d319 @A: 14 29 34 26 | 04
#0958-d319 @A: 34 14 33 13 | 06
#0959-d319 @A: 13 11 14 20 | 05
#0960-d319 @A: 14 15 26 04 | 08
#0961-d319 @A: 14 18 07 35 | 02
#0962-d319 @A: 02 14 23 27 | 09
#0963-d319 @A: 07 09 03 14 | 11
#0964-d319 @A: 06 21 11 26 | 10
#0965-d319 @A: 21 24 18 22 | 01
#0966-d319 @A: 17 24 21 13 | 03
#0967-d319 @A: 21 05 17 31 | 07
#0968-d319 @A: 30 35 21 25 | 12
#0969-d319 @A: 25 09 21 20 | 04
#0970-d319 @A: 29 19 21 28 | 06
#0971-d319 @A: 21 35 16 31 | 05
#0972-d319 @A: 19 08 17 21 | 08
#0973-d319 @A: 17 11 21 09 | 02
#0974-d319 @A: 32 30 21 16 | 09
#0975-d319 @A: 21 26 28 27 | 11
#0976-d319 @A: 02 08 21 26 | 10
#0977-d319 @A: 07 08 18 21 | 01
#0978-d319 @A: 21 26 07 04 | 03
#0979-d319 @A: 22 13 24 06 | 07
#0980-d319 @A: 32 06 29 16 | 12
#0981-d319 @A: 06 27 31 17 | 04
#0982-d319 @A: 06 30 31 35 | 06
#0983-d319 @A: 17 15 12 06 | 05
#0984-d319 @A: 26 17 01 06 | 08
#0985-d319 @A: 30 12 09 06 | 02
#0986-d319 @A: 06 09 23 02 | 09
#0987-d319 @A: 06 08 18 23 | 11
#0988-d319 @A: 07 06 34 27 | 10
#0989-d319 @A: 11 18 06 04 | 01
#0990-d319 @A: 09 06 28 03 | 03
#0991-d319 @A: 08 22 24 25 | 07
#0992-d319 @A: 02 25 24 17 | 12
#0993-d319 @A: 24 32 25 08 | 04
#0994-d319 @A: 24 22 07 28 | 06
#0995-d319 @A: 12 04 24 33 | 05
#0996-d319 @A: 33 27 24 19 | 08
#0997-d319 @A: 18 15 24 12 | 02
#0998-d319 @A: 28 24 09 15 | 09
#0999-d319 @A: 12 24 01 23 | 11
#1000-d319 @A: 12 11 09 24 | 10
#1001-d319 @A: 24 32 04 20 | 01
#1002-d319 @A: 18 32 19 24 | 03
#1003-d319 @A: 02 26 35 24 | 07
#1004-d319 @A: 28 24 27 08 | 12
#1005-d319 @A: 02 07 11 24 | 04
#1006-d319 @A: 32 24 11 03 | 06
#1007-d319 @A: 34 03 07 24 | 05
#1008-d319 @A: 07 13 05 25 | 08
#1009-d319 @A: 05 12 26 25 | 02
#1010-d319 @A: 11 22 15 05 | 09
#1011-d319 @A: 34 05 29 13 | 11
#1012-d319 @A: 03 35 05 33 | 10
#1013-d319 @A: 15 31 28 05 | 01
#1014-d319 @A: 15 05 20 02 | 03
#1015-d319 @A: 08 05 09 02 | 07
#1016-d319 @A: 04 07 28 05 | 12
#1017-d319 @A: 25 22 32 26 | 04
#1018-d319 @A: 13 25 29 09 | 06
#1019-d319 @A: 31 25 11 12 | 05
#1020-d319 @A: 35 15 17 25 | 08
#1021-d319 @A: 19 12 25 01 | 02
#1022-d319 @A: 32 34 20 25 | 09
#1023-d319 @A: 25 02 23 18 | 11
#1024-d319 @A: 26 27 25 02 | 10
#1025-d319 @A: 01 25 27 32 | 01
#1026-d319 @A: 25 11 04 03 | 03
#1027-d319 @A: 09 04 07 25 | 07
#1028-d319 @A: 22 20 29 28 | 12
#1029-d319 @A: 18 13 30 22 | 04
#1030-d319 @A: 31 22 20 18 | 06
#1031-d319 @A: 26 17 22 30 | 05
#1032-d319 @A: 16 04 22 17 | 08
#1033-d319 @A: 15 01 02 22 | 02
#1034-d319 @A: 26 27 22 35 | 09
#1035-d319 @A: 11 23 02 22 | 11
#1036-d319 @A: 23 22 34 08 | 10
#1037-d319 @A: 18 04 22 02 | 01
#1038-d319 @A: 03 07 02 22 | 03
#1039-d319 @A: 11 22 28 32 | 07
#1040-d319 @A: 22 01 07 34 | 12
#1041-d319 @A: 29 02 20 13 | 04
#1042-d319 @A: 12 29 33 28 | 06
#1043-d319 @A: 31 20 29 07 | 05
#1044-d319 @A: 28 27 31 29 | 08
#1045-d319 @A: 17 29 18 30 | 02
#1046-d319 @A: 27 29 17 19 | 09
#1047-d319 @A: 02 26 15 29 | 11
#1048-d319 @A: 11 30 19 29 | 10
#1049-d319 @A: 34 29 18 35 | 01
#1050-d319 @A: 31 13 01 17 | 03
#1051-d319 @A: 15 12 13 34 | 07
#1052-d319 @A: 01 08 27 13 | 12
#1053-d319 @A: 08 09 18 13 | 04
#1054-d319 @A: 34 13 01 11 | 06
#1055-d319 @A: 31 27 20 33 | 05
#1056-d319 @A: 31 19 33 16 | 08
#1057-d319 @A: 09 30 33 17 | 02
#1058-d319 @A: 15 30 08 33 | 09
#1059-d319 @A: 18 33 30 12 | 11
#1060-d319 @A: 12 33 16 20 | 10
#1061-d319 @A: 33 27 01 28 | 01
#1062-d319 @A: 03 18 28 33 | 03
#1063-d319 @A: 15 34 19 31 | 07
#1064-d319 @A: 30 27 31 04 | 12
#1065-d319 @A: 01 31 11 35 | 04
#1066-d319 @A: 01 31 34 03 | 06
#1067-d319 @A: 07 20 17 12 | 05
#1068-d319 @A: 30 19 17 32 | 08
#1069-d319 @A: 17 18 03 35 | 02
#1070-d319 @A: 15 30 04 09 | 09
#1071-d319 @A: 27 15 11 23 | 11
#1072-d319 @A: 15 16 23 02 | 10
#1073-d319 @A: 01 27 09 15 | 01
#1074-d319 @A: 34 03 15 18 | 03
#1075-d319 @A: 26 15 16 28 | 07
#1076-d319 @A: 12 09 16 35 | 12
#1077-d319 @A: 34 03 27 12 | 04
#1078-d319 @A: 08 12 11 04 | 06
#1079-d319 @A: 30 35 26 11 | 05
#1080-d319 @A: 30 02 27 11 | 08
#1081-d319 @A: 16 09 27 30 | 02
#1082-d319 @A: 30 02 07 08 | 09
#1083-d319 @A: 34 30 26 04 | 11
#1084-d319 @A: 01 20 35 19 | 10
#1085-d319 @A: 20 34 16 23 | 01
#1086-d319 @A: 20 18 07 32 | 03
#1087-d319 @A: 09 20 11 07 | 07
#1088-d319 @A: 19 09 18 35 | 12
#1089-d319 @A: 08 18 27 19 | 04
#1090-d319 @A: 19 34 26 02 | 06
#1091-d319 @A: 18 19 07 11 | 05
#1092-d319 @A: 07 19 08 28 | 08
#1093-d319 @A: 27 35 32 04 | 02
#1094-d319 @A: 09 32 02 35 | 09
#1095-d319 @A: 26 23 32 07 | 11
#1096-d319 @A: 11 04 32 34 | 10
#1097-d319 @A: 03 10 32 21 | 01
#1098-d319 @A: 10 33 09 06 | 03
#1099-d319 @A: 07 06 17 10 | 07
#1100-d319 @A: 10 19 09 24 | 12
#1101-d319 @A: 11 10 33 05 | 04
#1102-d319 @A: 10 22 35 13 | 06
#1103-d319 @A: 10 18 17 22 | 05
#1104-d319 @A: 10 29 13 11 | 08
#1105-d319 @A: 10 12 13 33 | 02
#1106-d319 @A: 10 30 33 28 | 09
#1107-d319 @A: 33 03 10 34 | 11
#1108-d319 @A: 10 35 28 20 | 10
#1109-d319 @A: 23 01 28 10 | 01
#1110-d319 @A: 26 02 18 10 | 03
#1111-d319 @A: 32 11 10 08 | 07
#1112-d319 @A: 11 10 09 01 | 12
#1113-d319 @A: 10 09 16 03 | 04
#1114-d319 @A: 02 29 14 06 | 06
#1115-d319 @A: 35 15 14 05 | 05
#1116-d319 @A: 25 14 30 33 | 08
#1117-d319 @A: 17 27 14 25 | 02
#1118-d319 @A: 11 19 22 14 | 09
#1119-d319 @A: 26 14 12 31 | 11
#1120-d319 @A: 14 01 20 15 | 10
#1121-d319 @A: 20 23 14 35 | 01
#1122-d319 @A: 26 16 35 14 | 03
#1123-d319 @A: 22 21 05 07 | 07
#1124-d319 @A: 05 26 21 18 | 12
#1125-d319 @A: 25 19 21 18 | 04
#1126-d319 @A: 21 12 22 15 | 06
#1127-d319 @A: 13 21 16 09 | 05
#1128-d319 @A: 21 33 23 18 | 08
#1129-d319 @A: 21 31 32 07 | 02
#1130-d319 @A: 18 01 15 21 | 09
#1131-d319 @A: 02 09 21 35 | 11
#1132-d319 @A: 23 21 09 27 | 10
#1133-d319 @A: 06 29 34 24 | 01
#1134-d319 @A: 06 12 24 32 | 03
#1135-d319 @A: 35 07 05 06 | 07
#1136-d319 @A: 04 17 06 25 | 12
#1137-d319 @A: 06 32 22 33 | 04
#1138-d319 @A: 06 15 29 01 | 06
#1139-d319 @A: 06 15 16 33 | 05
#1140-d319 @A: 34 19 06 33 | 08
#1141-d319 @A: 17 06 09 08 | 02
#1142-d319 @A: 11 06 20 12 | 09
#1143-d319 @A: 19 06 23 12 | 11
#1144-d319 @A: 12 31 05 24 | 10
#1145-d319 @A: 32 05 24 31 | 01
#1146-d319 @A: 33 24 22 26 | 03
#1147-d319 @A: 31 24 23 22 | 07
#1148-d319 @A: 04 24 15 22 | 12
#1149-d319 @A: 22 19 24 34 | 04
#1150-d319 @A: 15 33 24 34 | 06
#1151-d319 @A: 03 33 24 30 | 05
#1152-d319 @A: 09 17 24 20 | 08
#1153-d319 @A: 23 07 35 24 | 02
#1154-d319 @A: 18 35 24 28 | 09
#1155-d319 @A: 02 23 24 08 | 11
#1156-d319 @A: 23 34 26 24 | 10
#1157-d319 @A: 16 23 28 24 | 01
#1158-d319 @A: 16 26 24 09 | 03
#1159-d319 @A: 05 09 25 16 | 07
#1160-d319 @A: 12 22 02 05 | 12
#1161-d319 @A: 05 29 16 20 | 04
#1162-d319 @A: 13 05 31 08 | 06
#1163-d319 @A: 05 16 17 33 | 05
#1164-d319 @A: 05 15 17 18 | 08
#1165-d319 @A: 03 17 05 09 | 02
#1166-d319 @A: 16 15 30 05 | 09
#1167-d319 @A: 18 12 35 05 | 11
#1168-d319 @A: 32 12 05 04 | 10
#1169-d319 @A: 34 05 30 02 | 01
#1170-d319 @A: 16 17 30 25 | 03
#1171-d319 @A: 03 30 15 25 | 07
#1172-d319 @A: 25 15 28 32 | 12
#1173-d319 @A: 20 11 30 25 | 04
#1174-d319 @A: 09 23 25 35 | 06
#1175-d319 @A: 25 27 34 01 | 05
#1176-d319 @A: 16 25 18 11 | 08
#1177-d319 @A: 29 22 07 19 | 02
#1178-d319 @A: 27 22 13 33 | 09
#1179-d319 @A: 22 30 35 33 | 11
#1180-d319 @A: 31 27 22 15 | 10
#1181-d319 @A: 30 12 22 34 | 01
#1182-d319 @A: 11 12 18 22 | 03
#1183-d319 @A: 27 22 34 18 | 07
#1184-d319 @A: 04 07 22 27 | 12
#1185-d319 @A: 22 18 01 28 | 04
#1186-d319 @A: 16 22 32 04 | 06
#1187-d319 @A: 22 34 16 03 | 05
#1188-d319 @A: 17 07 29 13 | 08
#1189-d319 @A: 29 26 13 32 | 02
#1190-d319 @A: 03 19 29 33 | 09
#1191-d319 @A: 18 33 29 27 | 11
#1192-d319 @A: 02 31 08 29 | 10
#1193-d319 @A: 18 28 15 29 | 01
#1194-d319 @A: 02 23 29 30 | 03
#1195-d319 @A: 01 08 23 29 | 07
#1196-d319 @A: 07 16 29 11 | 12
#1197-d319 @A: 30 33 13 11 | 04
#1198-d319 @A: 30 13 12 07 | 06
#1199-d319 @A: 04 01 02 13 | 05
#1200-d319 @A: 32 30 12 33 | 08
#1201-d319 @A: 33 23 30 04 | 02
#1202-d319 @A: 03 02 33 26 | 09
#1203-d319 @A: 07 01 33 18 | 11
#1204-d319 @A: 34 33 08 16 | 10
#1205-d319 @A: 33 04 01 03 | 01
#1206-d319 @A: 32 16 33 01 | 03
#1207-d319 @A: 11 30 31 17 | 07
#1208-d319 @A: 34 17 32 31 | 12
#1209-d319 @A: 31 09 32 15 | 04
#1210-d319 @A: 34 31 30 16 | 06
#1211-d319 @A: 04 11 34 31 | 05
#1212-d319 @A: 31 03 09 04 | 08
#1213-d319 @A: 15 11 02 17 | 02
#1214-d319 @A: 28 15 17 34 | 09
#1215-d319 @A: 26 17 32 15 | 11
#1216-d319 @A: 28 17 12 30 | 10
#1217-d319 @A: 07 23 34 17 | 01
#1218-d319 @A: 17 02 18 34 | 03
#1219-d319 @A: 12 09 15 08 | 07
#1220-d319 @A: 12 15 07 03 | 12
#1221-d319 @A: 15 03 26 08 | 04
#1222-d319 @A: 15 26 07 09 | 06
#1223-d319 @A: 26 12 04 01 | 05
#1224-d319 @A: 34 30 35 09 | 08
#1225-d319 @A: 04 20 18 09 | 02
#1226-d319 @A: 35 19 34 08 | 09
#1227-d319 @A: 16 35 19 03 | 11
#1228-d319 @A: 08 04 19 09 | 10
#1229-d319 @A: 08 01 19 03 | 01
#1230-d319 @A: 26 32 02 27 | 03
#1231-d319 @A: 32 02 26 16 | 07
#1232-d319 @A: 10 21 09 04 | 12
#1233-d319 @A: 25 06 10 01 | 04
#1234-d319 @A: 01 06 32 10 | 06
#1235-d319 @A: 22 24 03 10 | 05
#1236-d319 @A: 10 29 28 24 | 08
#1237-d319 @A: 17 35 24 10 | 02
#1238-d319 @A: 05 10 25 30 | 09
#1239-d319 @A: 10 29 19 20 | 11
#1240-d319 @A: 15 20 09 10 | 10
#1241-d319 @A: 10 15 19 04 | 01
#1242-d319 @A: 30 12 10 23 | 03
#1243-d319 @A: 10 12 19 26 | 07
#1244-d319 @A: 04 10 30 20 | 12
#1245-d319 @A: 11 23 10 16 | 04
#1246-d319 @A: 10 18 01 34 | 06
#1247-d319 @A: 16 10 08 07 | 05
#1248-d319 @A: 13 04 14 21 | 08
#1249-d319 @A: 15 06 09 14 | 02
#1250-d319 @A: 14 11 24 25 | 09
#1251-d319 @A: 14 12 24 34 | 11
#1252-d319 @A: 11 05 31 14 | 10
#1253-d319 @A: 14 02 25 20 | 01
#1254-d319 @A: 22 33 14 03 | 03
#1255-d319 @A: 31 14 22 32 | 07
#1256-d319 @A: 03 14 13 26 | 12
#1257-d319 @A: 14 28 33 15 | 04
#1258-d319 @A: 33 14 27 32 | 06
#1259-d319 @A: 14 31 28 30 | 05
#1260-d319 @A: 14 20 19 31 | 08
#1261-d319 @A: 28 14 01 35 | 02
#1262-d319 @A: 07 23 14 16 | 09
#1263-d319 @A: 14 02 07 26 | 11
#1264-d319 @A: 14 18 28 16 | 10
#1265-d319 @A: 14 01 16 34 | 01
#1266-d319 @A: 06 25 21 07 | 03
#1267-d319 @A: 18 06 21 30 | 07
#1268-d319 @A: 06 20 19 21 | 12
#1269-d319 @A: 11 29 24 21 | 04
#1270-d319 @A: 05 22 32 21 | 06
#1271-d319 @A: 21 34 17 25 | 05
#1272-d319 @A: 25 23 21 32 | 08
#1273-d319 @A: 22 21 03 29 | 02
#1274-d319 @A: 21 29 26 31 | 09
#1275-d319 @A: 29 21 02 17 | 11
#1276-d319 @A: 29 18 20 21 | 10
#1277-d319 @A: 02 33 13 21 | 01
#1278-d319 @A: 13 21 19 26 | 03
#1279-d319 @A: 33 26 15 21 | 07
#1280-d319 @A: 20 21 15 28 | 12
#1281-d319 @A: 01 26 21 32 | 04
#1282-d319 @A: 06 25 24 27 | 06
#1283-d319 @A: 06 18 17 24 | 05
#1284-d319 @A: 13 06 25 11 | 08
#1285-d319 @A: 16 19 06 25 | 02
#1286-d319 @A: 06 28 23 22 | 09
#1287-d319 @A: 06 30 29 27 | 11
#1288-d319 @A: 17 06 13 34 | 10
#1289-d319 @A: 13 20 06 18 | 01
#1290-d319 @A: 31 04 06 33 | 03
#1291-d319 @A: 27 32 19 06 | 07
#1292-d319 @A: 23 03 06 35 | 12
#1293-d319 @A: 18 26 06 35 | 04
#1294-d319 @A: 07 06 16 02 | 06
#1295-d319 @A: 30 34 25 24 | 05
#1296-d319 @A: 12 03 24 13 | 08
#1297-d319 @A: 15 24 19 23 | 02
#1298-d319 @A: 24 12 30 16 | 09
#1299-d319 @A: 20 12 26 24 | 11
#1300-d319 @A: 04 24 19 30 | 10
#1301-d319 @A: 28 24 04 02 | 01
#1302-d319 @A: 24 08 11 16 | 03
#1303-d319 @A: 01 24 09 32 | 07
#1304-d319 @A: 32 25 29 05 | 12
#1305-d319 @A: 05 03 25 19 | 04
#1306-d319 @A: 05 04 25 35 | 06
#1307-d319 @A: 29 30 05 33 | 05
#1308-d319 @A: 29 15 09 05 | 08
#1309-d319 @A: 05 03 23 29 | 02
#1310-d319 @A: 33 32 02 05 | 09
#1311-d319 @A: 30 05 07 17 | 11
#1312-d319 @A: 05 32 30 15 | 10
#1313-d319 @A: 05 11 19 01 | 01
#1314-d319 @A: 07 27 05 23 | 03
#1315-d319 @A: 27 01 05 04 | 07
#1316-d319 @A: 16 05 08 18 | 12
#1317-d319 @A: 18 34 28 05 | 04
#1318-d319 @A: 04 05 03 08 | 06
#1319-d319 @A: 22 11 25 17 | 05
#1320-d319 @A: 25 22 12 07 | 08
#1321-d319 @A: 22 30 25 04 | 02
#1322-d319 @A: 25 01 22 20 | 09
#1323-d319 @A: 25 29 07 18 | 11
#1324-d319 @A: 03 25 16 29 | 10
#1325-d319 @A: 13 28 25 20 | 01
#1326-d319 @A: 23 15 25 33 | 03
#1327-d319 @A: 33 25 19 20 | 07
#1328-d319 @A: 34 12 20 25 | 12
#1329-d319 @A: 35 11 02 25 | 04
#1330-d319 @A: 26 01 25 35 | 06
#1331-d319 @A: 25 08 16 04 | 05
#1332-d319 @A: 25 26 34 16 | 08
#1333-d319 @A: 32 16 25 07 | 02
#1334-d319 @A: 29 34 22 17 | 09
#1335-d319 @A: 09 22 13 32 | 11
#1336-d319 @A: 32 17 22 20 | 10
#1337-d319 @A: 28 26 34 22 | 01
#1338-d319 @A: 29 16 13 28 | 03
#1339-d319 @A: 30 31 29 32 | 07
#1340-d319 @A: 30 15 29 07 | 12
#1341-d319 @A: 08 04 29 30 | 04
#1342-d319 @A: 29 27 02 01 | 06
#1343-d319 @A: 29 26 01 28 | 05
#1344-d319 @A: 32 29 01 28 | 08
#1345-d319 @A: 29 03 34 09 | 02
#1346-d319 @A: 33 28 31 13 | 09
#1347-d319 @A: 26 33 13 17 | 11
#1348-d319 @A: 12 31 13 02 | 10
#1349-d319 @A: 17 18 19 13 | 01
#1350-d319 @A: 08 20 15 13 | 03
#1351-d319 @A: 35 12 13 26 | 07
#1352-d319 @A: 01 18 13 35 | 12
#1353-d319 @A: 18 13 11 28 | 04
#1354-d319 @A: 13 16 04 03 | 06
#1355-d319 @A: 31 33 30 26 | 05
#1356-d319 @A: 34 35 33 31 | 08
#1357-d319 @A: 11 33 12 19 | 02
#1358-d319 @A: 33 23 35 26 | 09
#1359-d319 @A: 02 33 27 08 | 11
#1360-d319 @A: 28 33 04 34 | 10
#1361-d319 @A: 17 34 31 08 | 01
#1362-d319 @A: 35 02 15 31 | 03
#1363-d319 @A: 31 32 35 28 | 07
#1364-d319 @A: 16 23 04 31 | 12
#1365-d319 @A: 02 31 26 04 | 04
#1366-d319 @A: 20 17 18 16 | 06
#1367-d319 @A: 28 02 17 35 | 05
#1368-d319 @A: 18 28 23 17 | 08
#1369-d319 @A: 09 26 17 18 | 02
#1370-d319 @A: 07 17 11 01 | 09
#1371-d319 @A: 26 17 07 28 | 11
#1372-d319 @A: 17 07 09 32 | 10
#1373-d319 @A: 20 12 19 15 | 01
#1374-d319 @A: 15 18 19 30 | 03
#1375-d319 @A: 34 15 30 01 | 07
#1376-d319 @A: 11 03 35 15 | 12
#1377-d319 @A: 27 16 15 03 | 04
#1378-d319 @A: 08 12 23 03 | 06
#1379-d319 @A: 26 11 12 27 | 05
#1380-d319 @A: 23 35 30 01 | 08
#1381-d319 @A: 01 11 30 08 | 02
#1382-d319 @A: 11 04 07 30 | 09
#1383-d319 @A: 30 26 09 08 | 11
#1384-d319 @A: 30 09 01 28 | 10
#1385-d319 @A: 23 35 32 20 | 01
#1386-d319 @A: 20 09 35 03 | 03
#1387-d319 @A: 20 34 01 02 | 07
#1388-d319 @A: 09 20 16 02 | 12
#1389-d319 @A: 11 20 34 26 | 04
#1390-d319 @A: 01 20 28 04 | 06
#1391-d319 @A: 19 18 01 26 | 05
#1392-d319 @A: 23 32 16 08 | 08
#1393-d319 @A: 21 28 14 10 | 02
#1394-d319 @A: 10 14 18 15 | 09
#1395-d319 @A: 13 10 21 18 | 11
#1396-d319 @A: 35 10 21 12 | 10
#1397-d319 @A: 06 10 20 34 | 01
#1398-d319 @A: 25 10 15 11 | 03
#1399-d319 @A: 32 10 22 18 | 07
#1400-d319 @A: 04 10 29 18 | 12
#1401-d319 @A: 34 16 29 10 | 04
#1402-d319 @A: 13 10 02 09 | 06
#1403-d319 @A: 10 16 31 15 | 05
#1404-d319 @A: 35 23 10 19 | 08
#1405-d319 @A: 10 35 08 11 | 02
#1406-d319 @A: 31 34 21 14 | 09
#1407-d319 @A: 14 03 19 21 | 11
#1408-d319 @A: 14 30 22 06 | 10
#1409-d319 @A: 09 14 05 24 | 01
#1410-d319 @A: 24 01 14 19 | 03
#1411-d319 @A: 14 27 05 19 | 07
#1412-d319 @A: 07 25 14 15 | 12
#1413-d319 @A: 25 14 35 32 | 04
#1414-d319 @A: 22 14 29 08 | 06
#1415-d319 @A: 14 17 07 22 | 05
#1416-d319 @A: 20 27 14 22 | 08
#1417-d319 @A: 14 19 07 13 | 02
#1418-d319 @A: 23 14 09 31 | 09
#1419-d319 @A: 14 17 15 23 | 11
#1420-d319 @A: 14 32 17 04 | 10
#1421-d319 @A: 14 02 32 15 | 01
#1422-d319 @A: 12 32 03 14 | 03
#1423-d319 @A: 04 35 11 14 | 07
#1424-d319 @A: 16 27 08 14 | 12
#1425-d319 @A: 18 02 08 14 | 04
#1426-d319 @A: 32 06 13 21 | 06
#1427-d319 @A: 21 05 24 16 | 05
#1428-d319 @A: 28 24 33 21 | 08
#1429-d319 @A: 21 24 12 27 | 02
#1430-d319 @A: 24 21 04 08 | 09
#1431-d319 @A: 28 21 05 12 | 11
#1432-d319 @A: 08 30 21 05 | 10
#1433-d319 @A: 34 30 29 21 | 01
#1434-d319 @A: 20 35 21 13 | 03
#1435-d319 @A: 30 27 33 21 | 07
#1436-d319 @A: 03 15 21 31 | 12
#1437-d319 @A: 21 17 03 12 | 04
#1438-d319 @A: 30 21 20 16 | 06
#1439-d319 @A: 21 18 03 02 | 05
#1440-d319 @A: 21 28 11 02 | 08
#1441-d319 @A: 32 11 21 09 | 02
#1442-d319 @A: 01 34 21 08 | 09
#1443-d319 @A: 01 26 21 16 | 11
#1444-d319 @A: 07 01 21 09 | 10
#1445-d319 @A: 06 24 28 30 | 01
#1446-d319 @A: 05 31 23 06 | 03
#1447-d319 @A: 06 05 19 09 | 07
#1448-d319 @A: 25 03 06 31 | 12
#1449-d319 @A: 09 13 06 31 | 04
#1450-d319 @A: 30 33 02 06 | 06
#1451-d319 @A: 06 26 31 15 | 05
#1452-d319 @A: 28 31 06 12 | 08
#1453-d319 @A: 20 31 06 08 | 02
#1454-d319 @A: 17 06 20 28 | 09
#1455-d319 @A: 15 06 19 03 | 11
#1456-d319 @A: 32 15 34 06 | 10
#1457-d319 @A: 34 06 35 12 | 01
#1458-d319 @A: 32 06 20 28 | 03
#1459-d319 @A: 35 06 04 08 | 07
#1460-d319 @A: 23 01 27 06 | 12
#1461-d319 @A: 05 27 24 13 | 04
#1462-d319 @A: 17 24 05 34 | 06
#1463-d319 @A: 05 03 15 24 | 05
#1464-d319 @A: 20 24 23 05 | 08
#1465-d319 @A: 24 01 25 04 | 02
#1466-d319 @A: 30 24 29 09 | 09
#1467-d319 @A: 20 03 29 24 | 11
#1468-d319 @A: 24 23 29 27 | 10
#1469-d319 @A: 13 26 24 31 | 01
#1470-d319 @A: 17 27 26 24 | 03
#1471-d319 @A: 08 03 17 24 | 07
#1472-d319 @A: 24 34 11 28 | 12
#1473-d319 @A: 25 15 34 05 | 04
#1474-d319 @A: 31 09 05 30 | 06
#1475-d319 @A: 30 12 04 05 | 05
#1476-d319 @A: 27 05 18 30 | 08
#1477-d319 @A: 05 28 30 11 | 02
#1478-d319 @A: 05 27 35 08 | 09
#1479-d319 @A: 04 05 02 23 | 11
#1480-d319 @A: 18 11 05 02 | 10
#1481-d319 @A: 05 01 03 02 | 01
#1482-d319 @A: 11 04 16 05 | 03
#1483-d319 @A: 07 11 05 03 | 07
#1484-d319 @A: 01 05 28 08 | 12
#1485-d319 @A: 34 05 08 07 | 04
#1486-d319 @A: 01 16 05 07 | 06
#1487-d319 @A: 29 20 25 27 | 05
#1488-d319 @A: 15 25 13 16 | 08
#1489-d319 @A: 25 18 13 12 | 02
#1490-d319 @A: 27 25 30 13 | 09
#1491-d319 @A: 03 27 33 25 | 11
#1492-d319 @A: 31 26 20 25 | 10
#1493-d319 @A: 27 25 35 31 | 01
#1494-d319 @A: 17 03 25 20 | 03
#1495-d319 @A: 28 25 16 12 | 07
#1496-d319 @A: 19 25 30 26 | 12
#1497-d319 @A: 20 08 25 23 | 04
#1498-d319 @A: 34 25 23 04 | 06
#1499-d319 @A: 22 31 13 11 | 05
#1500-d319 @A: 15 16 22 19 | 08
#1501-d319 @A: 15 07 32 22 | 02
#1502-d319 @A: 19 22 04 03 | 09
#1503-d319 @A: 27 03 23 22 | 11
#1504-d319 @A: 29 03 31 13 | 10
#1505-d319 @A: 04 17 29 15 | 01
#1506-d319 @A: 35 29 07 02 | 03
#1507-d319 @A: 34 11 29 23 | 07
#1508-d319 @A: 34 29 08 27 | 12
#1509-d319 @A: 13 26 15 01 | 04
#1510-d319 @A: 01 23 16 13 | 06
#1511-d319 @A: 23 09 34 13 | 05
#1512-d319 @A: 07 02 27 13 | 08
#1513-d319 @A: 03 13 02 34 | 02
#1514-d319 @A: 08 07 13 11 | 09
#1515-d319 @A: 01 03 13 09 | 11
#1516-d319 @A: 34 16 32 13 | 10
#1517-d319 @A: 17 33 08 12 | 01
#1518-d319 @A: 02 19 17 33 | 03
#1519-d319 @A: 17 01 33 34 | 07
#1520-d319 @A: 15 02 33 12 | 12
#1521-d319 @A: 20 34 30 33 | 04
#1522-d319 @A: 09 20 33 26 | 06
#1523-d319 @A: 26 28 33 19 | 05
#1524-d319 @A: 02 23 33 28 | 08
#1525-d319 @A: 26 33 27 07 | 02
#1526-d319 @A: 09 11 33 03 | 09
#1527-d319 @A: 28 08 09 33 | 11
#1528-d319 @A: 08 03 07 33 | 10
#1529-d319 @A: 19 28 31 17 | 01
#1530-d319 @A: 27 12 31 19 | 03
#1531-d319 @A: 18 35 04 31 | 07
#1532-d319 @A: 09 27 02 31 | 12
#1533-d319 @A: 18 31 09 34 | 04
#1534-d319 @A: 32 31 16 28 | 06
#1535-d319 @A: 08 27 17 23 | 05
#1536-d319 @A: 03 07 27 17 | 08
#1537-d319 @A: 04 17 07 18 | 02
#1538-d319 @A: 34 04 17 03 | 09
#1539-d319 @A: 23 35 15 18 | 11
#1540-d319 @A: 02 15 34 27 | 10
#1541-d319 @A: 12 35 07 11 | 01
#1542-d319 @A: 12 27 09 32 | 03
#1543-d319 @A: 32 11 20 30 | 07
#1544-d319 @A: 28 19 35 30 | 12
#1545-d319 @A: 16 35 02 30 | 04
#1546-d319 @A: 23 28 30 08 | 06
#1547-d319 @A: 30 18 01 04 | 05
#1548-d319 @A: 11 30 16 03 | 08
#1549-d319 @A: 30 16 26 07 | 02
#1550-d319 @A: 19 20 04 16 | 09
#1551-d319 @A: 03 20 01 18 | 11
#1552-d319 @A: 20 08 03 34 | 10
#1553-d319 @A: 26 20 03 16 | 01
#1554-d319 @A: 19 34 07 09 | 03
#1555-d319 @A: 34 32 07 01 | 07
#1556-d319 @A: 16 10 14 17 | 12
#1557-d319 @A: 03 14 10 20 | 04
#1558-d319 @A: 10 21 07 29 | 06
#1559-d319 @A: 27 31 21 10 | 05
#1560-d319 @A: 10 21 11 30 | 08
#1561-d319 @A: 04 12 06 10 | 02
#1562-d319 @A: 25 12 24 10 | 09
#1563-d319 @A: 24 15 10 02 | 11
#1564-d319 @A: 24 30 10 18 | 10
#1565-d319 @A: 07 10 05 15 | 01
#1566-d319 @A: 26 10 16 05 | 03
#1567-d319 @A: 10 26 25 13 | 07
#1568-d319 @A: 10 04 25 27 | 12
#1569-d319 @A: 10 15 23 22 | 04
#1570-d319 @A: 07 10 22 11 | 06
#1571-d319 @A: 30 10 31 29 | 05
#1572-d319 @A: 15 10 29 27 | 08
#1573-d319 @A: 33 19 10 18 | 02
#1574-d319 @A: 10 20 31 23 | 09
#1575-d319 @A: 34 23 10 27 | 11
#1576-d319 @A: 03 01 10 27 | 10
#1577-d319 @A: 10 08 04 02 | 01
#1578-d319 @A: 10 04 28 03 | 03
#1579-d319 @A: 14 18 31 06 | 07
#1580-d319 @A: 05 25 14 08 | 12
#1581-d319 @A: 05 14 07 20 | 04
#1582-d319 @A: 15 08 31 14 | 06
#1583-d319 @A: 14 17 02 12 | 05
#1584-d319 @A: 02 19 14 15 | 08
#1585-d319 @A: 14 28 12 20 | 02
#1586-d319 @A: 02 30 04 14 | 09
#1587-d319 @A: 34 18 23 14 | 11
#1588-d319 @A: 11 01 14 23 | 10
#1589-d319 @A: 28 27 14 04 | 01
#1590-d319 @A: 14 34 08 04 | 03
#1591-d319 @A: 14 01 08 07 | 07
#1592-d319 @A: 03 08 14 28 | 12
#1593-d319 @A: 13 21 12 06 | 04
#1594-d319 @A: 21 13 29 08 | 06
#1595-d319 @A: 28 13 30 21 | 05
#1596-d319 @A: 32 35 21 33 | 08
#1597-d319 @A: 11 18 21 35 | 02
#1598-d319 @A: 06 15 08 05 | 09
#1599-d319 @A: 06 23 30 25 | 11
#1600-d319 @A: 06 35 11 22 | 10
#1601-d319 @A: 13 29 06 35 | 01
#1602-d319 @A: 06 11 31 29 | 03
#1603-d319 @A: 16 06 23 29 | 07
#1604-d319 @A: 04 06 30 13 | 12
#1605-d319 @A: 01 07 06 13 | 04
#1606-d319 @A: 06 16 13 26 | 06
#1607-d319 @A: 33 11 07 06 | 05
#1608-d319 @A: 30 06 08 34 | 08
#1609-d319 @A: 18 06 02 19 | 02
#1610-d319 @A: 32 06 23 02 | 09
#1611-d319 @A: 03 06 32 26 | 11
#1612-d319 @A: 18 24 29 05 | 10
#1613-d319 @A: 33 24 02 05 | 01
#1614-d319 @A: 24 09 25 03 | 03
#1615-d319 @A: 24 08 29 33 | 07
#1616-d319 @A: 15 07 13 24 | 12
#1617-d319 @A: 02 20 18 24 | 04
#1618-d319 @A: 05 26 22 31 | 06
#1619-d319 @A: 05 13 15 04 | 05
#1620-d319 @A: 20 05 31 34 | 08
#1621-d319 @A: 05 16 31 27 | 02
#1622-d319 @A: 12 05 15 01 | 09
#1623-d319 @A: 05 08 23 26 | 11
#1624-d319 @A: 05 26 03 27 | 10
#1625-d319 @A: 28 32 05 27 | 01
#1626-d319 @A: 22 33 25 34 | 03
#1627-d319 @A: 25 35 29 12 | 07
#1628-d319 @A: 31 04 28 25 | 12
#1629-d319 @A: 12 25 15 27 | 04
#1630-d319 @A: 01 30 07 25 | 06
#1631-d319 @A: 16 35 07 25 | 05
#1632-d319 @A: 27 23 16 25 | 08
#1633-d319 @A: 23 26 11 25 | 02
#1634-d319 @A: 22 02 08 13 | 09
#1635-d319 @A: 19 20 22 17 | 11
#1636-d319 @A: 15 22 30 28 | 10
#1637-d319 @A: 08 15 22 18 | 01
#1638-d319 @A: 12 22 20 08 | 03
#1639-d319 @A: 30 22 07 23 | 07
#1640-d319 @A: 20 04 34 22 | 12
#1641-d319 @A: 22 01 04 09 | 04
#1642-d319 @A: 16 29 33 02 | 06
#1643-d319 @A: 17 12 09 29 | 05
#1644-d319 @A: 08 29 20 17 | 08
#1645-d319 @A: 29 19 08 15 | 02
#1646-d319 @A: 12 29 03 30 | 09
#1647-d319 @A: 29 07 04 23 | 11
#1648-d319 @A: 09 23 29 26 | 10
#1649-d319 @A: 29 03 11 02 | 01
#1650-d319 @A: 08 29 09 16 | 03
#1651-d319 @A: 35 13 31 19 | 07
#1652-d319 @A: 20 17 04 13 | 12
#1653-d319 @A: 28 34 35 13 | 04
#1654-d319 @A: 27 13 16 11 | 06
#1655-d319 @A: 13 28 27 03 | 05
#1656-d319 @A: 13 04 09 11 | 08
#1657-d319 @A: 13 26 04 28 | 02
#1658-d319 @A: 33 07 15 31 | 09
#1659-d319 @A: 31 12 03 33 | 11
#1660-d319 @A: 11 31 18 33 | 10
#1661-d319 @A: 33 08 01 35 | 01
#1662-d319 @A: 23 08 11 33 | 03
#1663-d319 @A: 34 02 33 11 | 07
#1664-d319 @A: 20 09 31 01 | 12
#1665-d319 @A: 09 28 31 35 | 04
#1666-d319 @A: 31 01 26 23 | 06
#1667-d319 @A: 34 27 26 31 | 05
#1668-d319 @A: 34 17 26 12 | 08
#1669-d319 @A: 17 01 20 30 | 02
#1670-d319 @A: 23 15 20 30 | 09
#1671-d319 @A: 15 16 07 20 | 11
#1672-d319 @A: 07 18 02 15 | 10
#1673-d319 @A: 15 11 09 18 | 01
#1674-d319 @A: 18 04 16 15 | 03
#1675-d319 @A: 11 28 15 07 | 07
#1676-d319 @A: 28 15 01 03 | 12
#1677-d319 @A: 03 02 12 19 | 04
#1678-d319 @A: 12 08 02 34 | 06
#1679-d319 @A: 03 28 11 12 | 05
#1680-d319 @A: 04 16 34 12 | 08
#1681-d319 @A: 01 26 02 30 | 02
#1682-d319 @A: 30 26 34 32 | 09
#1683-d319 @A: 28 23 20 03 | 11
#1684-d319 @A: 08 01 32 20 | 10
#1685-d319 @A: 03 20 32 16 | 01
#1686-d319 @A: 11 23 19 04 | 03
#1687-d319 @A: 23 19 01 32 | 07
#1688-d319 @A: 34 28 19 03 | 12
#1689-d319 @A: 27 03 32 07 | 04
