#0001-d333 @A: 12 10 17 09 | 11
#0002-d333 @A: 10 15 09 07 | 09
#0003-d333 @A: 10 02 11 33 | 07
#0004-d333 @A: 10 27 11 16 | 01
#0005-d333 @A: 19 33 17 10 | 10
#0006-d333 @A: 34 10 04 33 | 08
#0007-d333 @A: 14 06 03 10 | 06
#0008-d333 @A: 35 14 13 10 | 12
#0009-d333 @A: 06 10 07 29 | 05
#0010-d333 @A: 24 08 21 10 | 03
#0011-d333 @A: 19 10 08 13 | 04
#0012-d333 @A: 10 25 31 22 | 02
#0013-d333 @A: 01 10 34 03 | 11
#0014-d333 @A: 15 16 18 10 | 09
#0015-d333 @A: 28 24 09 07 | 07
#0016-d333 @A: 20 28 17 05 | 01
#0017-d333 @A: 31 28 20 25 | 10
#0018-d333 @A: 25 28 07 11 | 08
#0019-d333 @A: 33 12 28 29 | 06
#0020-d333 @A: 27 28 17 31 | 12
#0021-d333 @A: 28 17 01 12 | 05
#0022-d333 @A: 16 28 27 32 | 03
#0023-d333 @A: 30 28 24 32 | 04
#0024-d333 @A: 05 28 21 32 | 02
#0025-d333 @A: 28 08 02 01 | 11
#0026-d333 @A: 28 18 30 08 | 09
#0027-d333 @A: 12 08 16 28 | 07
#0028-d333 @A: 27 28 29 18 | 01
#0029-d333 @A: 29 28 16 15 | 10
#0030-d333 @A: 19 15 31 28 | 08
#0031-d333 @A: 21 30 28 15 | 06
#0032-d333 @A: 25 11 09 20 | 12
#0033-d333 @A: 20 33 12 09 | 05
#0034-d333 @A: 09 20 24 34 | 03
#0035-d333 @A: 09 24 14 21 | 04
#0036-d333 @A: 19 06 09 17 | 02
#0037-d333 @A: 17 27 05 09 | 11
#0038-d333 @A: 09 21 22 17 | 09
#0039-d333 @A: 09 34 21 32 | 07
#0040-d333 @A: 02 09 05 29 | 01
#0041-d333 @A: 01 29 34 09 | 10
#0042-d333 @A: 09 01 05 31 | 08
#0043-d333 @A: 31 16 09 21 | 06
#0044-d333 @A: 26 06 20 14 | 12
#0045-d333 @A: 26 20 25 17 | 05
#0046-d333 @A: 26 04 20 08 | 03
#0047-d333 @A: 26 22 20 35 | 04
#0048-d333 @A: 34 16 20 11 | 02
#0049-d333 @A: 33 19 22 20 | 11
#0050-d333 @A: 20 35 32 14 | 09
#0051-d333 @A: 07 14 20 22 | 07
#0052-d333 @A: 03 06 17 20 | 01
#0053-d333 @A: 22 32 15 20 | 10
#0054-d333 @A: 19 03 20 16 | 08
#0055-d333 @A: 05 32 11 26 | 06
#0056-d333 @A: 06 26 33 18 | 12
#0057-d333 @A: 15 14 32 26 | 05
#0058-d333 @A: 26 12 17 35 | 03
#0059-d333 @A: 06 29 35 26 | 04
#0060-d333 @A: 01 34 26 08 | 02
#0061-d333 @A: 22 31 30 26 | 11
#0062-d333 @A: 16 02 24 26 | 09
#0063-d333 @A: 13 26 34 05 | 07
#0064-d333 @A: 15 13 26 19 | 01
#0065-d333 @A: 26 25 01 31 | 10
#0066-d333 @A: 21 35 30 26 | 08
#0067-d333 @A: 35 04 26 25 | 06
#0068-d333 @A: 33 11 04 30 | 12
#0069-d333 @A: 11 08 14 15 | 05
#0070-d333 @A: 02 17 32 11 | 03
#0071-d333 @A: 11 17 29 30 | 04
#0072-d333 @A: 32 23 29 11 | 02
#0073-d333 @A: 23 02 13 11 | 11
#0074-d333 @A: 11 31 03 18 | 09
#0075-d333 @A: 11 21 01 19 | 07
#0076-d333 @A: 33 14 04 08 | 01
#0077-d333 @A: 22 03 33 17 | 10
#0078-d333 @A: 34 06 01 33 | 08
#0079-d333 @A: 32 33 07 23 | 06
#0080-d333 @A: 33 15 34 08 | 12
#0081-d333 @A: 07 34 33 27 | 05
#0082-d333 @A: 33 34 19 18 | 03
#0083-d333 @A: 18 04 33 23 | 04
#0084-d333 @A: 21 33 07 18 | 02
#0085-d333 @A: 35 16 33 07 | 11
#0086-d333 @A: 08 31 14 06 | 09
#0087-d333 @A: 06 16 22 14 | 07
#0088-d333 @A: 14 06 02 13 | 01
#0089-d333 @A: 03 12 08 14 | 10
#0090-d333 @A: 21 01 13 14 | 08
#0091-d333 @A: 14 04 01 19 | 06
#0092-d333 @A: 06 17 12 27 | 12
#0093-d333 @A: 05 04 17 32 | 05
#0094-d333 @A: 08 17 29 18 | 03
#0095-d333 @A: 13 05 17 30 | 04
#0096-d333 @A: 17 07 31 05 | 02
#0097-d333 @A: 06 34 35 32 | 11
#0098-d333 @A: 27 03 06 02 | 09
#0099-d333 @A: 18 06 27 05 | 07
#0100-d333 @A: 34 21 22 06 | 01
#0101-d333 @A: 24 22 06 30 | 10
#0102-d333 @A: 35 31 06 23 | 08
#0103-d333 @A: 21 19 06 23 | 06
#0104-d333 @A: 06 04 12 25 | 12
#0105-d333 @A: 29 32 05 22 | 05
#0106-d333 @A: 12 23 32 15 | 03
#0107-d333 @A: 08 03 22 34 | 04
#0108-d333 @A: 24 15 30 08 | 02
#0109-d333 @A: 31 05 27 29 | 11
#0110-d333 @A: 22 18 27 35 | 09
#0111-d333 @A: 04 03 18 27 | 07
#0112-d333 @A: 21 27 04 30 | 01
#0113-d333 @A: 03 18 29 13 | 10
#0114-d333 @A: 03 15 29 25 | 08
#0115-d333 @A: 23 16 19 29 | 06
#0116-d333 @A: 04 15 01 29 | 12
#0117-d333 @A: 23 22 04 12 | 05
#0118-d333 @A: 13 07 04 22 | 03
#0119-d333 @A: 18 04 13 02 | 04
#0120-d333 @A: 34 03 23 13 | 02
#0121-d333 @A: 15 34 18 05 | 11
#0122-d333 @A: 07 01 18 34 | 09
#0123-d333 @A: 34 23 30 19 | 07
#0124-d333 @A: 24 05 35 01 | 01
#0125-d333 @A: 03 35 25 07 | 10
#0126-d333 @A: 23 35 07 12 | 08
#0127-d333 @A: 28 10 27 04 | 06
#0128-d333 @A: 09 06 13 10 | 12
#0129-d333 @A: 09 10 34 19 | 05
#0130-d333 @A: 20 10 15 26 | 03
#0131-d333 @A: 10 20 07 17 | 04
#0132-d333 @A: 01 20 06 10 | 02
#0133-d333 @A: 10 26 06 04 | 11
#0134-d333 @A: 10 33 08 35 | 09
#0135-d333 @A: 10 13 33 07 | 07
#0136-d333 @A: 02 14 21 10 | 01
#0137-d333 @A: 31 10 17 06 | 10
#0138-d333 @A: 32 24 10 13 | 08
#0139-d333 @A: 31 19 03 10 | 06
#0140-d333 @A: 23 18 25 10 | 12
#0141-d333 @A: 21 10 13 25 | 05
#0142-d333 @A: 15 28 34 09 | 03
#0143-d333 @A: 20 28 01 24 | 04
#0144-d333 @A: 26 28 35 01 | 02
#0145-d333 @A: 11 15 32 28 | 11
#0146-d333 @A: 31 08 11 28 | 09
#0147-d333 @A: 28 03 33 06 | 07
#0148-d333 @A: 23 27 28 33 | 01
#0149-d333 @A: 33 28 35 03 | 10
#0150-d333 @A: 08 28 35 14 | 08
#0151-d333 @A: 28 06 13 17 | 06
#0152-d333 @A: 28 22 03 32 | 12
#0153-d333 @A: 28 34 32 19 | 05
#0154-d333 @A: 28 32 23 35 | 03
#0155-d333 @A: 28 27 34 25 | 04
#0156-d333 @A: 21 27 28 07 | 02
#0157-d333 @A: 28 07 23 02 | 11
#0158-d333 @A: 03 05 28 07 | 09
#0159-d333 @A: 21 28 31 18 | 07
#0160-d333 @A: 28 21 25 04 | 01
#0161-d333 @A: 09 17 20 30 | 10
#0162-d333 @A: 17 13 34 09 | 08
#0163-d333 @A: 09 19 08 32 | 06
#0164-d333 @A: 09 07 08 29 | 12
#0165-d333 @A: 15 09 19 05 | 05
#0166-d333 @A: 30 07 19 09 | 03
#0167-d333 @A: 20 11 31 26 | 04
#0168-d333 @A: 20 02 26 01 | 02
#0169-d333 @A: 20 17 13 22 | 11
#0170-d333 @A: 17 02 23 20 | 09
#0171-d333 @A: 20 06 23 24 | 07
#0172-d333 @A: 24 20 35 23 | 01
#0173-d333 @A: 12 20 15 18 | 10
#0174-d333 @A: 30 20 21 13 | 08
#0175-d333 @A: 26 11 24 12 | 06
#0176-d333 @A: 17 34 07 26 | 12
#0177-d333 @A: 26 32 06 30 | 05
#0178-d333 @A: 12 06 29 26 | 03
#0179-d333 @A: 26 02 22 04 | 04
#0180-d333 @A: 26 15 34 22 | 02
#0181-d333 @A: 33 17 35 11 | 11
#0182-d333 @A: 11 31 14 29 | 09
#0183-d333 @A: 17 11 34 04 | 07
#0184-d333 @A: 27 11 01 06 | 01
#0185-d333 @A: 11 32 01 34 | 10
#0186-d333 @A: 11 19 24 32 | 08
#0187-d333 @A: 32 11 25 18 | 06
#0188-d333 @A: 11 29 01 08 | 12
#0189-d333 @A: 27 11 31 22 | 05
#0190-d333 @A: 27 11 30 07 | 03
#0191-d333 @A: 11 22 03 13 | 04
#0192-d333 @A: 35 03 21 11 | 02
#0193-d333 @A: 30 11 12 13 | 11
#0194-d333 @A: 25 11 35 30 | 09
#0195-d333 @A: 06 33 07 14 | 07
#0196-d333 @A: 27 31 14 33 | 01
#0197-d333 @A: 33 14 12 22 | 10
#0198-d333 @A: 24 25 33 17 | 08
#0199-d333 @A: 25 08 33 06 | 06
#0200-d333 @A: 27 33 12 08 | 12
#0201-d333 @A: 33 22 18 27 | 05
#0202-d333 @A: 33 05 29 30 | 03
#0203-d333 @A: 02 22 05 33 | 04
#0204-d333 @A: 15 31 33 18 | 02
#0205-d333 @A: 33 19 25 13 | 11
#0206-d333 @A: 31 01 21 33 | 09
#0207-d333 @A: 04 16 19 33 | 07
#0208-d333 @A: 19 21 33 30 | 01
#0209-d333 @A: 25 04 15 33 | 10
#0210-d333 @A: 07 12 15 33 | 08
#0211-d333 @A: 34 14 17 01 | 06
#0212-d333 @A: 14 05 06 19 | 12
#0213-d333 @A: 06 14 35 30 | 05
#0214-d333 @A: 14 32 03 02 | 03
#0215-d333 @A: 07 14 08 27 | 04
#0216-d333 @A: 34 08 13 14 | 02
#0217-d333 @A: 22 14 24 03 | 11
#0218-d333 @A: 12 18 14 02 | 09
#0219-d333 @A: 18 23 07 14 | 07
#0220-d333 @A: 14 23 13 25 | 01
#0221-d333 @A: 05 07 14 12 | 10
#0222-d333 @A: 04 15 14 31 | 08
#0223-d333 @A: 17 13 32 23 | 06
#0224-d333 @A: 08 22 17 25 | 12
#0225-d333 @A: 08 19 17 05 | 05
#0226-d333 @A: 29 34 17 25 | 03
#0227-d333 @A: 34 21 17 31 | 04
#0228-d333 @A: 17 23 31 16 | 02
#0229-d333 @A: 23 17 25 19 | 11
#0230-d333 @A: 01 17 21 35 | 09
#0231-d333 @A: 31 02 06 32 | 07
#0232-d333 @A: 18 06 15 13 | 01
#0233-d333 @A: 04 06 13 05 | 10
#0234-d333 @A: 25 06 07 05 | 08
#0235-d333 @A: 27 32 02 30 | 06
#0236-d333 @A: 25 27 32 21 | 12
#0237-d333 @A: 16 32 29 31 | 05
#0238-d333 @A: 13 01 07 32 | 03
#0239-d333 @A: 32 04 19 25 | 04
#0240-d333 @A: 32 16 15 04 | 02
#0241-d333 @A: 22 08 19 04 | 11
#0242-d333 @A: 25 16 31 08 | 09
#0243-d333 @A: 27 05 03 01 | 07
#0244-d333 @A: 03 27 12 19 | 01
#0245-d333 @A: 23 21 13 27 | 10
#0246-d333 @A: 27 25 13 05 | 08
#0247-d333 @A: 13 30 15 27 | 06
#0248-d333 @A: 16 15 31 27 | 12
#0249-d333 @A: 31 01 04 27 | 05
#0250-d333 @A: 12 01 15 27 | 03
#0251-d333 @A: 22 07 29 12 | 04
#0252-d333 @A: 24 02 13 29 | 02
#0253-d333 @A: 19 29 03 04 | 11
#0254-d333 @A: 16 18 29 21 | 09
#0255-d333 @A: 29 16 13 04 | 07
#0256-d333 @A: 07 13 29 25 | 01
#0257-d333 @A: 31 19 29 25 | 10
#0258-d333 @A: 29 04 35 31 | 08
#0259-d333 @A: 22 03 05 18 | 06
#0260-d333 @A: 16 19 22 31 | 12
#0261-d333 @A: 25 02 13 31 | 05
#0262-d333 @A: 19 21 31 02 | 03
#0263-d333 @A: 19 30 02 15 | 04
#0264-d333 @A: 03 34 24 21 | 02
#0265-d333 @A: 18 12 21 34 | 11
#0266-d333 @A: 04 18 34 25 | 09
#0267-d333 @A: 12 34 01 05 | 07
#0268-d333 @A: 19 34 13 01 | 01
#0269-d333 @A: 24 13 30 03 | 10
#0270-d333 @A: 25 18 21 24 | 08
#0271-d333 @A: 04 31 25 24 | 06
#0272-d333 @A: 01 25 24 07 | 12
#0273-d333 @A: 13 03 35 07 | 05
#0274-d333 @A: 04 05 15 35 | 03
#0275-d333 @A: 19 16 35 13 | 04
#0276-d333 @A: 14 10 09 33 | 02
#0277-d333 @A: 20 10 08 05 | 11
#0278-d333 @A: 12 29 10 11 | 09
#0279-d333 @A: 10 07 11 22 | 07
#0280-d333 @A: 33 08 10 30 | 01
#0281-d333 @A: 10 25 05 33 | 10
#0282-d333 @A: 17 15 32 10 | 08
#0283-d333 @A: 10 27 18 17 | 06
#0284-d333 @A: 27 02 10 05 | 12
#0285-d333 @A: 34 16 10 02 | 05
#0286-d333 @A: 21 10 18 01 | 03
#0287-d333 @A: 04 35 10 23 | 04
#0288-d333 @A: 06 20 18 28 | 02
#0289-d333 @A: 28 23 32 20 | 11
#0290-d333 @A: 17 28 04 26 | 09
#0291-d333 @A: 13 32 28 26 | 07
#0292-d333 @A: 28 22 25 26 | 01
#0293-d333 @A: 21 28 26 24 | 10
#0294-d333 @A: 28 32 06 25 | 08
#0295-d333 @A: 12 28 24 06 | 06
#0296-d333 @A: 01 29 32 28 | 12
#0297-d333 @A: 32 31 28 04 | 05
#0298-d333 @A: 34 01 28 22 | 03
#0299-d333 @A: 12 02 25 28 | 04
#0300-d333 @A: 16 01 28 23 | 02
#0301-d333 @A: 13 19 28 05 | 11
#0302-d333 @A: 19 01 28 07 | 09
#0303-d333 @A: 26 09 15 33 | 07
#0304-d333 @A: 25 34 09 26 | 01
#0305-d333 @A: 33 09 23 11 | 10
#0306-d333 @A: 09 11 14 12 | 08
#0307-d333 @A: 09 27 08 11 | 06
#0308-d333 @A: 09 16 22 33 | 12
#0309-d333 @A: 32 09 03 17 | 05
#0310-d333 @A: 04 29 09 17 | 03
#0311-d333 @A: 08 12 06 09 | 04
#0312-d333 @A: 09 08 13 01 | 02
#0313-d333 @A: 35 29 09 24 | 11
#0314-d333 @A: 16 18 01 09 | 09
#0315-d333 @A: 35 16 09 01 | 07
#0316-d333 @A: 20 05 33 11 | 01
#0317-d333 @A: 22 23 11 20 | 10
#0318-d333 @A: 33 08 20 07 | 08
#0319-d333 @A: 24 04 33 20 | 06
#0320-d333 @A: 05 29 20 06 | 12
#0321-d333 @A: 27 07 02 20 | 05
#0322-d333 @A: 22 21 04 20 | 03
#0323-d333 @A: 18 07 20 03 | 04
#0324-d333 @A: 18 05 35 20 | 02
#0325-d333 @A: 23 31 20 01 | 11
#0326-d333 @A: 20 05 12 04 | 09
#0327-d333 @A: 12 07 16 20 | 07
#0328-d333 @A: 29 07 11 26 | 01
#0329-d333 @A: 33 26 30 07 | 10
#0330-d333 @A: 17 18 26 23 | 08
#0331-d333 @A: 34 27 30 26 | 06
#0332-d333 @A: 24 26 29 18 | 12
#0333-d333 @A: 26 35 16 34 | 05
#0334-d333 @A: 26 13 35 24 | 03
#0335-d333 @A: 13 26 21 31 | 04
#0336-d333 @A: 33 08 32 11 | 02
#0337-d333 @A: 33 24 11 07 | 11
#0338-d333 @A: 14 11 34 03 | 09
#0339-d333 @A: 04 11 23 08 | 07
#0340-d333 @A: 22 11 21 29 | 01
#0341-d333 @A: 21 23 16 11 | 10
#0342-d333 @A: 11 23 01 35 | 08
#0343-d333 @A: 04 07 01 11 | 06
#0344-d333 @A: 33 24 23 14 | 12
#0345-d333 @A: 01 02 33 17 | 05
#0346-d333 @A: 06 29 04 33 | 03
#0347-d333 @A: 15 33 19 32 | 04
#0348-d333 @A: 01 24 33 29 | 02
#0349-d333 @A: 34 31 33 02 | 11
#0350-d333 @A: 03 19 01 33 | 09
#0351-d333 @A: 23 05 15 33 | 07
#0352-d333 @A: 35 21 23 33 | 01
#0353-d333 @A: 31 33 04 13 | 10
#0354-d333 @A: 27 14 17 25 | 08
#0355-d333 @A: 17 14 04 02 | 06
#0356-d333 @A: 24 18 32 14 | 12
#0357-d333 @A: 14 01 02 29 | 05
#0358-d333 @A: 14 24 30 02 | 03
#0359-d333 @A: 07 14 24 16 | 04
#0360-d333 @A: 27 17 16 29 | 02
#0361-d333 @A: 29 22 17 31 | 11
#0362-d333 @A: 01 29 17 13 | 09
#0363-d333 @A: 17 25 05 01 | 07
#0364-d333 @A: 08 06 24 03 | 01
#0365-d333 @A: 06 24 13 27 | 10
#0366-d333 @A: 30 29 06 03 | 08
#0367-d333 @A: 24 06 07 35 | 06
#0368-d333 @A: 07 06 01 23 | 12
#0369-d333 @A: 06 31 30 16 | 05
#0370-d333 @A: 30 35 01 06 | 03
#0371-d333 @A: 23 08 34 32 | 04
#0372-d333 @A: 22 32 02 35 | 02
#0373-d333 @A: 21 02 04 32 | 11
#0374-d333 @A: 32 21 18 30 | 09
#0375-d333 @A: 32 07 05 15 | 07
#0376-d333 @A: 32 31 35 13 | 01
#0377-d333 @A: 32 01 19 30 | 10
#0378-d333 @A: 30 35 08 29 | 08
#0379-d333 @A: 31 08 21 03 | 06
#0380-d333 @A: 05 25 08 18 | 12
#0381-d333 @A: 18 08 13 35 | 05
#0382-d333 @A: 21 16 08 19 | 03
#0383-d333 @A: 21 02 27 34 | 04
#0384-d333 @A: 27 34 05 35 | 02
#0385-d333 @A: 13 27 31 19 | 11
#0386-d333 @A: 15 29 22 18 | 09
#0387-d333 @A: 29 03 01 23 | 07
#0388-d333 @A: 21 12 29 03 | 01
#0389-d333 @A: 23 05 29 25 | 10
#0390-d333 @A: 23 30 21 29 | 08
#0391-d333 @A: 30 29 13 31 | 06
#0392-d333 @A: 04 31 29 21 | 12
#0393-d333 @A: 16 34 07 22 | 05
#0394-d333 @A: 03 35 22 04 | 03
#0395-d333 @A: 01 22 18 25 | 04
#0396-d333 @A: 13 23 05 22 | 02
#0397-d333 @A: 22 05 16 12 | 11
#0398-d333 @A: 13 25 22 35 | 09
#0399-d333 @A: 12 05 19 02 | 07
#0400-d333 @A: 23 16 34 18 | 01
#0401-d333 @A: 05 34 21 25 | 10
#0402-d333 @A: 24 31 03 23 | 08
#0403-d333 @A: 24 03 05 16 | 06
#0404-d333 @A: 15 18 04 24 | 12
#0405-d333 @A: 13 12 24 31 | 05
#0406-d333 @A: 12 01 19 24 | 03
#0407-d333 @A: 24 35 16 30 | 04
#0408-d333 @A: 35 30 03 05 | 02
#0409-d333 @A: 18 35 15 12 | 11
#0410-d333 @A: 21 35 25 12 | 09
#0411-d333 @A: 10 28 11 17 | 07
#0412-d333 @A: 10 28 29 13 | 01
#0413-d333 @A: 10 18 35 28 | 10
#0414-d333 @A: 20 27 12 10 | 08
#0415-d333 @A: 10 20 16 22 | 06
#0416-d333 @A: 05 26 29 10 | 12
#0417-d333 @A: 32 14 19 10 | 05
#0418-d333 @A: 10 01 14 08 | 03
#0419-d333 @A: 06 10 27 23 | 04
#0420-d333 @A: 22 10 08 12 | 02
#0421-d333 @A: 24 27 10 07 | 11
#0422-d333 @A: 27 10 30 25 | 09
#0423-d333 @A: 10 29 02 15 | 07
#0424-d333 @A: 34 30 10 29 | 01
#0425-d333 @A: 23 10 24 02 | 10
#0426-d333 @A: 03 24 10 18 | 08
#0427-d333 @A: 10 03 13 04 | 06
#0428-d333 @A: 03 12 07 10 | 12
#0429-d333 @A: 31 10 18 04 | 05
#0430-d333 @A: 35 10 15 01 | 03
#0431-d333 @A: 27 28 11 20 | 04
#0432-d333 @A: 28 08 13 20 | 02
#0433-d333 @A: 31 28 33 26 | 11
#0434-d333 @A: 28 19 33 11 | 09
#0435-d333 @A: 03 11 28 29 | 07
#0436-d333 @A: 30 28 14 33 | 01
#0437-d333 @A: 21 33 13 28 | 10
#0438-d333 @A: 14 13 15 28 | 08
#0439-d333 @A: 02 19 27 28 | 06
#0440-d333 @A: 28 04 22 29 | 12
#0441-d333 @A: 29 05 24 28 | 05
#0442-d333 @A: 34 02 13 28 | 03
#0443-d333 @A: 02 16 28 05 | 04
#0444-d333 @A: 28 25 03 23 | 02
#0445-d333 @A: 25 28 16 19 | 11
#0446-d333 @A: 24 03 09 11 | 09
#0447-d333 @A: 35 18 33 09 | 07
#0448-d333 @A: 09 27 23 14 | 01
#0449-d333 @A: 03 09 14 19 | 10
#0450-d333 @A: 01 17 09 24 | 08
#0451-d333 @A: 32 23 09 02 | 06
#0452-d333 @A: 08 09 22 18 | 12
#0453-d333 @A: 34 16 08 09 | 05
#0454-d333 @A: 35 27 09 13 | 03
#0455-d333 @A: 15 02 09 22 | 04
#0456-d333 @A: 09 04 31 22 | 02
#0457-d333 @A: 23 09 12 34 | 11
#0458-d333 @A: 25 09 31 07 | 09
#0459-d333 @A: 11 13 20 35 | 07
#0460-d333 @A: 08 14 25 20 | 01
#0461-d333 @A: 24 15 14 20 | 10
#0462-d333 @A: 20 24 16 17 | 08
#0463-d333 @A: 04 17 18 20 | 06
#0464-d333 @A: 06 25 27 20 | 12
#0465-d333 @A: 04 29 20 32 | 05
#0466-d333 @A: 05 02 20 32 | 03
#0467-d333 @A: 24 03 20 27 | 04
#0468-d333 @A: 20 27 03 35 | 02
#0469-d333 @A: 20 35 25 29 | 11
#0470-d333 @A: 34 35 20 01 | 09
#0471-d333 @A: 04 20 03 01 | 07
#0472-d333 @A: 20 21 23 18 | 01
#0473-d333 @A: 05 20 01 15 | 10
#0474-d333 @A: 13 20 31 16 | 08
#0475-d333 @A: 30 15 20 16 | 06
#0476-d333 @A: 01 11 26 33 | 12
#0477-d333 @A: 02 03 26 11 | 05
#0478-d333 @A: 26 24 03 33 | 03
#0479-d333 @A: 26 14 34 04 | 04
#0480-d333 @A: 26 19 32 17 | 02
#0481-d333 @A: 17 08 26 03 | 11
#0482-d333 @A: 15 17 26 24 | 09
#0483-d333 @A: 32 35 15 26 | 07
#0484-d333 @A: 19 26 12 08 | 01
#0485-d333 @A: 27 26 07 19 | 10
#0486-d333 @A: 23 03 04 26 | 08
#0487-d333 @A: 30 18 26 13 | 06
#0488-d333 @A: 26 15 25 18 | 12
#0489-d333 @A: 13 26 12 23 | 05
#0490-d333 @A: 04 31 26 19 | 03
#0491-d333 @A: 32 11 16 14 | 04
#0492-d333 @A: 14 13 11 24 | 02
#0493-d333 @A: 11 07 17 35 | 11
#0494-d333 @A: 03 06 11 05 | 09
#0495-d333 @A: 35 06 18 11 | 07
#0496-d333 @A: 18 24 11 27 | 01
#0497-d333 @A: 35 11 24 31 | 10
#0498-d333 @A: 12 25 11 19 | 08
#0499-d333 @A: 33 13 12 17 | 06
#0500-d333 @A: 33 16 06 32 | 12
#0501-d333 @A: 19 27 06 33 | 05
#0502-d333 @A: 32 33 13 27 | 03
#0503-d333 @A: 33 21 08 29 | 04
#0504-d333 @A: 35 01 33 29 | 02
#0505-d333 @A: 33 24 22 21 | 11
#0506-d333 @A: 33 24 35 22 | 09
#0507-d333 @A: 05 31 33 03 | 07
#0508-d333 @A: 30 01 33 15 | 01
#0509-d333 @A: 17 12 14 24 | 10
#0510-d333 @A: 15 14 06 12 | 08
#0511-d333 @A: 08 32 14 05 | 06
#0512-d333 @A: 27 24 14 34 | 12
#0513-d333 @A: 34 14 07 29 | 05
#0514-d333 @A: 21 05 29 14 | 03
#0515-d333 @A: 30 25 14 31 | 04
#0516-d333 @A: 14 25 15 01 | 02
#0517-d333 @A: 30 08 17 32 | 11
#0518-d333 @A: 35 30 32 17 | 09
#0519-d333 @A: 27 17 07 01 | 07
#0520-d333 @A: 17 29 02 12 | 01
#0521-d333 @A: 07 03 23 17 | 10
#0522-d333 @A: 13 07 19 17 | 08
#0523-d333 @A: 32 21 06 24 | 06
#0524-d333 @A: 02 12 06 22 | 12
#0525-d333 @A: 02 04 06 19 | 05
#0526-d333 @A: 02 16 35 06 | 03
#0527-d333 @A: 18 06 21 04 | 04
#0528-d333 @A: 19 30 13 06 | 02
#0529-d333 @A: 07 12 13 06 | 11
#0530-d333 @A: 19 06 31 12 | 09
#0531-d333 @A: 15 32 34 30 | 07
#0532-d333 @A: 25 35 18 32 | 01
#0533-d333 @A: 07 04 32 18 | 10
#0534-d333 @A: 25 23 32 30 | 08
#0535-d333 @A: 21 32 04 35 | 06
#0536-d333 @A: 08 02 07 34 | 12
#0537-d333 @A: 25 15 08 23 | 05
#0538-d333 @A: 07 25 08 21 | 03
#0539-d333 @A: 35 04 01 08 | 04
#0540-d333 @A: 27 24 29 21 | 02
#0541-d333 @A: 27 01 22 02 | 11
#0542-d333 @A: 27 35 24 02 | 09
#0543-d333 @A: 19 27 18 23 | 07
#0544-d333 @A: 12 23 27 07 | 01
#0545-d333 @A: 27 19 05 21 | 10
#0546-d333 @A: 27 16 01 19 | 08
#0547-d333 @A: 18 04 05 29 | 06
#0548-d333 @A: 29 30 18 07 | 12
#0549-d333 @A: 22 16 25 04 | 05
#0550-d333 @A: 03 02 18 21 | 03
#0551-d333 @A: 05 13 02 01 | 04
#0552-d333 @A: 02 25 15 16 | 02
#0553-d333 @A: 21 07 34 13 | 11
#0554-d333 @A: 12 34 16 19 | 09
#0555-d333 @A: 12 18 05 24 | 07
#0556-d333 @A: 23 16 35 03 | 01
#0557-d333 @A: 35 25 31 16 | 10
#0558-d333 @A: 28 30 22 10 | 08
#0559-d333 @A: 09 26 10 21 | 06
#0560-d333 @A: 32 09 27 10 | 12
#0561-d333 @A: 10 09 07 35 | 05
#0562-d333 @A: 10 31 24 20 | 03
#0563-d333 @A: 21 20 35 10 | 04
#0564-d333 @A: 04 15 11 10 | 02
#0565-d333 @A: 22 14 10 04 | 11
#0566-d333 @A: 12 14 31 10 | 09
#0567-d333 @A: 17 02 10 08 | 07
#0568-d333 @A: 08 29 04 10 | 01
#0569-d333 @A: 10 27 19 29 | 10
#0570-d333 @A: 27 10 34 31 | 08
#0571-d333 @A: 35 30 02 10 | 06
#0572-d333 @A: 10 25 03 16 | 12
#0573-d333 @A: 18 30 10 19 | 05
#0574-d333 @A: 23 10 31 13 | 03
#0575-d333 @A: 25 10 19 01 | 04
#0576-d333 @A: 09 23 17 28 | 02
#0577-d333 @A: 28 09 29 31 | 11
#0578-d333 @A: 26 34 28 16 | 09
#0579-d333 @A: 01 14 28 11 | 07
#0580-d333 @A: 11 23 28 24 | 01
#0581-d333 @A: 33 22 07 28 | 10
#0582-d333 @A: 28 33 25 01 | 08
#0583-d333 @A: 35 33 28 30 | 06
#0584-d333 @A: 28 07 13 31 | 12
#0585-d333 @A: 09 22 06 20 | 05
#0586-d333 @A: 13 09 26 14 | 03
#0587-d333 @A: 31 32 09 33 | 04
#0588-d333 @A: 33 09 03 02 | 02
#0589-d333 @A: 08 09 02 14 | 11
#0590-d333 @A: 34 09 14 31 | 09
#0591-d333 @A: 09 24 06 15 | 07
#0592-d333 @A: 32 35 09 03 | 01
#0593-d333 @A: 34 22 05 09 | 10
#0594-d333 @A: 02 34 04 09 | 08
#0595-d333 @A: 24 18 02 09 | 06
#0596-d333 @A: 24 23 09 25 | 12
#0597-d333 @A: 03 09 30 05 | 05
#0598-d333 @A: 12 09 18 31 | 03
#0599-d333 @A: 30 15 25 09 | 04
#0600-d333 @A: 20 32 01 33 | 02
#0601-d333 @A: 03 31 14 20 | 11
#0602-d333 @A: 17 20 21 29 | 09
#0603-d333 @A: 15 20 17 34 | 07
#0604-d333 @A: 32 20 25 24 | 01
#0605-d333 @A: 20 12 32 31 | 10
#0606-d333 @A: 22 20 29 27 | 08
#0607-d333 @A: 19 30 27 20 | 06
#0608-d333 @A: 27 20 15 21 | 12
#0609-d333 @A: 22 20 34 31 | 05
#0610-d333 @A: 19 23 20 15 | 03
#0611-d333 @A: 05 25 20 16 | 04
#0612-d333 @A: 07 04 19 20 | 02
#0613-d333 @A: 12 16 20 35 | 11
#0614-d333 @A: 23 11 26 06 | 09
#0615-d333 @A: 26 12 33 34 | 07
#0616-d333 @A: 06 26 13 25 | 01
#0617-d333 @A: 26 02 32 07 | 10
#0618-d333 @A: 34 02 19 26 | 08
#0619-d333 @A: 26 21 23 02 | 06
#0620-d333 @A: 01 16 26 05 | 12
#0621-d333 @A: 21 26 30 05 | 05
#0622-d333 @A: 26 30 15 04 | 03
#0623-d333 @A: 11 08 17 21 | 04
#0624-d333 @A: 03 27 17 11 | 02
#0625-d333 @A: 08 25 11 34 | 11
#0626-d333 @A: 27 11 12 02 | 09
#0627-d333 @A: 15 24 11 29 | 07
#0628-d333 @A: 04 11 22 18 | 01
#0629-d333 @A: 19 11 34 31 | 10
#0630-d333 @A: 11 18 21 13 | 08
#0631-d333 @A: 11 13 19 04 | 06
#0632-d333 @A: 07 31 11 12 | 12
#0633-d333 @A: 11 16 07 19 | 05
#0634-d333 @A: 06 30 33 17 | 03
#0635-d333 @A: 35 27 33 06 | 04
#0636-d333 @A: 27 33 30 24 | 02
#0637-d333 @A: 18 33 13 05 | 11
#0638-d333 @A: 19 05 07 33 | 09
#0639-d333 @A: 12 04 33 35 | 07
#0640-d333 @A: 02 14 19 23 | 01
#0641-d333 @A: 34 25 14 16 | 10
#0642-d333 @A: 24 14 12 35 | 08
#0643-d333 @A: 03 04 14 21 | 06
#0644-d333 @A: 18 25 14 19 | 12
#0645-d333 @A: 30 04 14 18 | 05
#0646-d333 @A: 23 21 14 31 | 03
#0647-d333 @A: 01 31 14 16 | 04
#0648-d333 @A: 22 01 32 17 | 02
#0649-d333 @A: 16 17 34 32 | 11
#0650-d333 @A: 30 27 17 22 | 09
#0651-d333 @A: 03 18 17 01 | 07
#0652-d333 @A: 17 16 01 30 | 01
#0653-d333 @A: 17 01 15 21 | 10
#0654-d333 @A: 12 07 21 17 | 08
#0655-d333 @A: 08 32 01 06 | 06
#0656-d333 @A: 35 06 22 08 | 12
#0657-d333 @A: 06 31 07 27 | 05
#0658-d333 @A: 06 22 03 15 | 03
#0659-d333 @A: 29 32 08 12 | 04
#0660-d333 @A: 35 07 08 32 | 02
#0661-d333 @A: 27 29 32 07 | 11
#0662-d333 @A: 29 32 24 03 | 09
#0663-d333 @A: 16 29 35 32 | 07
#0664-d333 @A: 32 13 02 22 | 01
#0665-d333 @A: 02 25 34 32 | 10
#0666-d333 @A: 32 12 24 02 | 08
#0667-d333 @A: 32 15 18 03 | 06
#0668-d333 @A: 07 15 03 08 | 12
#0669-d333 @A: 05 08 23 30 | 05
#0670-d333 @A: 08 31 21 35 | 03
#0671-d333 @A: 01 13 27 18 | 04
#0672-d333 @A: 16 18 27 30 | 02
#0673-d333 @A: 24 23 29 12 | 11
#0674-d333 @A: 15 23 29 13 | 09
#0675-d333 @A: 29 01 31 12 | 07
#0676-d333 @A: 30 01 22 05 | 01
#0677-d333 @A: 13 12 25 22 | 10
#0678-d333 @A: 22 15 35 31 | 08
#0679-d333 @A: 31 23 02 05 | 06
#0680-d333 @A: 01 30 21 02 | 12
#0681-d333 @A: 30 34 04 05 | 05
#0682-d333 @A: 34 35 19 21 | 03
#0683-d333 @A: 19 34 07 25 | 04
#0684-d333 @A: 15 24 12 03 | 02
#0685-d333 @A: 13 24 19 23 | 11
#0686-d333 @A: 35 04 19 18 | 09
#0687-d333 @A: 21 28 10 06 | 07
#0688-d333 @A: 35 10 26 27 | 01
#0689-d333 @A: 30 11 10 23 | 10
#0690-d333 @A: 11 35 12 10 | 08
#0691-d333 @A: 32 33 10 03 | 06
#0692-d333 @A: 10 16 23 33 | 12
#0693-d333 @A: 03 21 10 17 | 05
#0694-d333 @A: 10 32 05 34 | 03
#0695-d333 @A: 10 32 07 25 | 04
#0696-d333 @A: 04 10 05 01 | 02
#0697-d333 @A: 31 35 10 19 | 11
#0698-d333 @A: 01 31 15 10 | 09
#0699-d333 @A: 25 28 09 08 | 07
#0700-d333 @A: 34 04 28 20 | 01
#0701-d333 @A: 26 06 19 28 | 10
#0702-d333 @A: 17 14 28 19 | 08
#0703-d333 @A: 17 19 35 28 | 06
#0704-d333 @A: 02 29 28 06 | 12
#0705-d333 @A: 12 06 28 35 | 05
#0706-d333 @A: 15 08 28 22 | 03
#0707-d333 @A: 27 24 28 15 | 04
#0708-d333 @A: 02 22 28 31 | 02
#0709-d333 @A: 30 03 19 28 | 11
#0710-d333 @A: 28 25 18 13 | 09
#0711-d333 @A: 28 18 16 07 | 07
#0712-d333 @A: 28 12 04 18 | 01
#0713-d333 @A: 07 30 28 12 | 10
#0714-d333 @A: 09 26 20 29 | 08
#0715-d333 @A: 01 19 09 20 | 06
#0716-d333 @A: 09 08 26 30 | 12
#0717-d333 @A: 32 11 09 30 | 05
#0718-d333 @A: 09 33 21 06 | 03
#0719-d333 @A: 09 32 05 06 | 04
#0720-d333 @A: 24 09 22 12 | 02
#0721-d333 @A: 23 09 03 21 | 11
#0722-d333 @A: 23 31 19 09 | 09
#0723-d333 @A: 09 13 05 07 | 07
#0724-d333 @A: 22 26 20 05 | 01
#0725-d333 @A: 30 20 12 26 | 10
#0726-d333 @A: 18 11 20 08 | 08
#0727-d333 @A: 29 20 19 11 | 06
#0728-d333 @A: 11 15 20 02 | 12
#0729-d333 @A: 20 14 05 27 | 05
#0730-d333 @A: 14 18 01 20 | 03
#0731-d333 @A: 31 17 20 08 | 04
#0732-d333 @A: 02 16 20 06 | 02
#0733-d333 @A: 19 34 08 20 | 11
#0734-d333 @A: 20 24 07 29 | 09
#0735-d333 @A: 07 15 20 25 | 07
#0736-d333 @A: 14 25 26 24 | 01
#0737-d333 @A: 14 26 12 01 | 10
#0738-d333 @A: 15 06 26 08 | 08
#0739-d333 @A: 06 26 22 07 | 06
#0740-d333 @A: 26 34 06 24 | 12
#0741-d333 @A: 32 29 26 25 | 05
#0742-d333 @A: 26 32 16 22 | 03
#0743-d333 @A: 16 08 26 27 | 04
#0744-d333 @A: 24 08 26 07 | 02
#0745-d333 @A: 27 18 02 26 | 11
#0746-d333 @A: 01 30 26 29 | 09
#0747-d333 @A: 13 03 01 26 | 07
#0748-d333 @A: 11 06 13 32 | 01
#0749-d333 @A: 32 03 07 11 | 10
#0750-d333 @A: 30 02 11 08 | 08
#0751-d333 @A: 05 02 11 25 | 06
#0752-d333 @A: 11 31 05 13 | 12
#0753-d333 @A: 15 25 11 21 | 05
#0754-d333 @A: 05 17 16 33 | 03
#0755-d333 @A: 05 24 06 33 | 04
#0756-d333 @A: 12 32 05 33 | 02
#0757-d333 @A: 22 29 23 33 | 11
#0758-d333 @A: 19 33 31 24 | 09
#0759-d333 @A: 14 02 18 35 | 07
#0760-d333 @A: 14 05 23 04 | 01
#0761-d333 @A: 14 19 16 15 | 10
#0762-d333 @A: 29 17 32 06 | 08
#0763-d333 @A: 02 08 17 35 | 06
#0764-d333 @A: 12 17 08 34 | 12
#0765-d333 @A: 22 18 17 34 | 05
#0766-d333 @A: 03 02 34 17 | 03
#0767-d333 @A: 02 18 05 17 | 04
#0768-d333 @A: 12 17 05 03 | 02
#0769-d333 @A: 17 30 03 31 | 11
#0770-d333 @A: 16 04 17 03 | 09
#0771-d333 @A: 21 17 13 04 | 07
#0772-d333 @A: 21 29 06 15 | 01
#0773-d333 @A: 23 18 03 06 | 10
#0774-d333 @A: 12 16 06 03 | 08
#0775-d333 @A: 19 06 18 16 | 06
#0776-d333 @A: 06 30 25 18 | 12
#0777-d333 @A: 06 15 19 25 | 05
#0778-d333 @A: 07 30 06 21 | 03
#0779-d333 @A: 08 27 32 18 | 04
#0780-d333 @A: 18 31 19 32 | 02
#0781-d333 @A: 32 25 16 01 | 11
#0782-d333 @A: 19 08 27 25 | 09
#0783-d333 @A: 08 29 25 24 | 07
#0784-d333 @A: 02 04 25 08 | 01
#0785-d333 @A: 01 35 03 08 | 10
#0786-d333 @A: 05 16 08 15 | 08
#0787-d333 @A: 27 13 03 07 | 06
#0788-d333 @A: 03 21 27 16 | 12
#0789-d333 @A: 13 27 16 12 | 05
#0790-d333 @A: 01 19 29 05 | 03
#0791-d333 @A: 16 13 22 18 | 04
#0792-d333 @A: 31 05 21 22 | 02
#0793-d333 @A: 19 25 05 22 | 11
#0794-d333 @A: 15 01 22 13 | 09
#0795-d333 @A: 07 22 01 31 | 07
#0796-d333 @A: 34 01 02 15 | 01
#0797-d333 @A: 02 03 31 15 | 10
#0798-d333 @A: 18 25 07 02 | 08
#0799-d333 @A: 01 04 16 02 | 06
#0800-d333 @A: 24 31 01 34 | 12
#0801-d333 @A: 24 34 19 15 | 05
#0802-d333 @A: 34 12 24 07 | 03
#0803-d333 @A: 25 34 03 12 | 04
#0804-d333 @A: 31 34 18 13 | 02
#0805-d333 @A: 21 19 34 04 | 11
#0806-d333 @A: 30 01 25 34 | 09
#0807-d333 @A: 34 04 07 35 | 07
#0808-d333 @A: 19 25 24 03 | 01
#0809-d333 @A: 24 03 15 35 | 10
#0810-d333 @A: 07 23 24 30 | 08
#0811-d333 @A: 35 25 19 01 | 06
#0812-d333 @A: 10 20 19 28 | 12
#0813-d333 @A: 10 33 18 28 | 05
#0814-d333 @A: 25 10 28 24 | 03
#0815-d333 @A: 31 28 05 10 | 04
#0816-d333 @A: 03 10 20 29 | 02
#0817-d333 @A: 10 20 04 02 | 11
#0818-d333 @A: 34 25 10 20 | 09
#0819-d333 @A: 32 26 10 18 | 07
#0820-d333 @A: 25 08 10 26 | 01
#0821-d333 @A: 24 01 11 10 | 10
#0822-d333 @A: 01 10 33 27 | 08
#0823-d333 @A: 34 10 14 15 | 06
#0824-d333 @A: 17 10 23 29 | 12
#0825-d333 @A: 10 17 25 04 | 05
#0826-d333 @A: 06 32 22 10 | 03
#0827-d333 @A: 10 06 05 35 | 04
#0828-d333 @A: 05 10 13 15 | 02
#0829-d333 @A: 10 19 21 15 | 11
#0830-d333 @A: 12 10 25 15 | 09
#0831-d333 @A: 28 12 09 32 | 07
#0832-d333 @A: 16 28 21 20 | 01
#0833-d333 @A: 03 26 28 14 | 10
#0834-d333 @A: 23 26 29 28 | 08
#0835-d333 @A: 33 17 28 08 | 06
#0836-d333 @A: 28 16 33 24 | 12
#0837-d333 @A: 14 29 25 28 | 05
#0838-d333 @A: 32 18 28 17 | 03
#0839-d333 @A: 25 17 28 15 | 04
#0840-d333 @A: 34 24 08 28 | 02
#0841-d333 @A: 28 22 23 21 | 11
#0842-d333 @A: 21 19 28 12 | 09
#0843-d333 @A: 35 09 20 06 | 07
#0844-d333 @A: 23 05 09 20 | 01
#0845-d333 @A: 04 26 11 09 | 10
#0846-d333 @A: 03 09 07 26 | 08
#0847-d333 @A: 31 11 09 06 | 06
#0848-d333 @A: 29 09 18 11 | 12
#0849-d333 @A: 33 27 25 09 | 05
#0850-d333 @A: 29 09 19 33 | 03
#0851-d333 @A: 33 09 34 30 | 04
#0852-d333 @A: 32 15 09 29 | 02
#0853-d333 @A: 09 25 22 32 | 11
#0854-d333 @A: 24 31 09 08 | 09
#0855-d333 @A: 09 03 08 04 | 07
#0856-d333 @A: 12 09 35 08 | 01
#0857-d333 @A: 09 16 03 29 | 10
#0858-d333 @A: 29 21 09 13 | 08
#0859-d333 @A: 34 09 35 24 | 06
#0860-d333 @A: 03 09 13 31 | 12
#0861-d333 @A: 09 18 30 23 | 05
#0862-d333 @A: 05 16 09 04 | 03
#0863-d333 @A: 01 11 20 17 | 04
#0864-d333 @A: 06 20 07 11 | 02
#0865-d333 @A: 32 27 20 17 | 11
#0866-d333 @A: 19 20 06 32 | 09
#0867-d333 @A: 15 20 06 04 | 07
#0868-d333 @A: 02 20 08 03 | 01
#0869-d333 @A: 23 20 29 34 | 10
#0870-d333 @A: 01 20 16 29 | 08
#0871-d333 @A: 30 20 02 22 | 06
#0872-d333 @A: 20 13 24 05 | 12
#0873-d333 @A: 21 25 20 01 | 05
#0874-d333 @A: 01 20 30 07 | 03
#0875-d333 @A: 35 08 26 11 | 04
#0876-d333 @A: 19 26 33 14 | 02
#0877-d333 @A: 26 17 29 33 | 11
#0878-d333 @A: 33 08 13 26 | 09
#0879-d333 @A: 33 16 21 26 | 07
#0880-d333 @A: 05 26 14 17 | 01
#0881-d333 @A: 27 22 26 14 | 10
#0882-d333 @A: 26 14 02 31 | 08
#0883-d333 @A: 32 12 26 27 | 06
#0884-d333 @A: 26 24 32 23 | 12
#0885-d333 @A: 26 16 03 30 | 05
#0886-d333 @A: 26 23 05 07 | 03
#0887-d333 @A: 31 05 12 26 | 04
#0888-d333 @A: 27 11 19 14 | 02
#0889-d333 @A: 29 16 11 06 | 11
#0890-d333 @A: 05 32 11 35 | 09
#0891-d333 @A: 29 13 27 11 | 07
#0892-d333 @A: 34 05 29 11 | 01
#0893-d333 @A: 11 16 02 22 | 10
#0894-d333 @A: 11 03 04 25 | 08
#0895-d333 @A: 18 11 19 15 | 06
#0896-d333 @A: 25 01 13 11 | 12
#0897-d333 @A: 14 33 21 34 | 05
#0898-d333 @A: 05 14 33 01 | 03
#0899-d333 @A: 35 14 15 33 | 04
#0900-d333 @A: 06 13 33 22 | 02
#0901-d333 @A: 29 32 18 33 | 11
#0902-d333 @A: 33 01 18 12 | 09
#0903-d333 @A: 33 21 05 04 | 07
#0904-d333 @A: 31 14 17 32 | 01
#0905-d333 @A: 29 14 17 03 | 10
#0906-d333 @A: 14 22 17 15 | 08
#0907-d333 @A: 14 18 13 17 | 06
#0908-d333 @A: 12 14 34 32 | 12
#0909-d333 @A: 18 31 05 14 | 05
#0910-d333 @A: 07 14 30 13 | 03
#0911-d333 @A: 14 30 19 12 | 04
#0912-d333 @A: 21 16 30 14 | 02
#0913-d333 @A: 21 07 15 14 | 11
#0914-d333 @A: 01 06 04 17 | 09
#0915-d333 @A: 24 17 07 32 | 07
#0916-d333 @A: 17 25 12 32 | 01
#0917-d333 @A: 02 13 27 17 | 10
#0918-d333 @A: 18 25 17 31 | 08
#0919-d333 @A: 16 12 17 18 | 06
#0920-d333 @A: 18 17 30 15 | 12
#0921-d333 @A: 05 17 23 21 | 05
#0922-d333 @A: 17 31 01 19 | 03
#0923-d333 @A: 12 06 18 32 | 04
#0924-d333 @A: 02 08 18 06 | 02
#0925-d333 @A: 34 27 16 06 | 11
#0926-d333 @A: 18 06 29 01 | 09
#0927-d333 @A: 07 24 06 02 | 07
#0928-d333 @A: 06 03 13 21 | 01
#0929-d333 @A: 03 01 25 06 | 10
#0930-d333 @A: 31 06 04 23 | 08
#0931-d333 @A: 32 08 15 02 | 06
#0932-d333 @A: 32 03 25 08 | 12
#0933-d333 @A: 22 19 32 27 | 05
#0934-d333 @A: 29 13 32 34 | 03
#0935-d333 @A: 05 03 32 13 | 04
#0936-d333 @A: 32 03 31 01 | 02
#0937-d333 @A: 21 32 03 19 | 11
#0938-d333 @A: 15 25 13 32 | 09
#0939-d333 @A: 19 07 12 32 | 07
#0940-d333 @A: 27 24 01 08 | 01
#0941-d333 @A: 27 35 25 08 | 10
#0942-d333 @A: 02 05 08 24 | 08
#0943-d333 @A: 34 35 23 08 | 06
#0944-d333 @A: 34 21 08 30 | 12
#0945-d333 @A: 16 08 18 04 | 05
#0946-d333 @A: 08 12 18 07 | 03
#0947-d333 @A: 05 01 08 07 | 04
#0948-d333 @A: 08 04 21 01 | 02
#0949-d333 @A: 29 25 27 01 | 11
#0950-d333 @A: 27 12 31 21 | 09
#0951-d333 @A: 30 12 35 27 | 07
#0952-d333 @A: 23 29 35 13 | 01
#0953-d333 @A: 07 35 29 21 | 10
#0954-d333 @A: 19 07 22 18 | 08
#0955-d333 @A: 23 07 22 25 | 06
#0956-d333 @A: 01 03 02 24 | 12
#0957-d333 @A: 02 12 23 03 | 05
#0958-d333 @A: 21 13 16 02 | 03
#0959-d333 @A: 12 02 16 31 | 04
#0960-d333 @A: 12 19 35 02 | 02
#0961-d333 @A: 24 30 18 34 | 11
#0962-d333 @A: 03 05 19 34 | 09
#0963-d333 @A: 23 31 07 34 | 07
#0964-d333 @A: 15 23 21 34 | 01
#0965-d333 @A: 16 34 05 31 | 10
#0966-d333 @A: 13 24 16 01 | 08
#0967-d333 @A: 25 12 24 30 | 06
#0968-d333 @A: 21 35 05 16 | 12
#0969-d333 @A: 35 04 30 13 | 05
#0970-d333 @A: 11 05 09 10 | 03
#0971-d333 @A: 10 26 01 17 | 04
#0972-d333 @A: 26 10 24 30 | 02
#0973-d333 @A: 14 11 25 10 | 11
#0974-d333 @A: 33 24 12 10 | 09
#0975-d333 @A: 10 14 30 17 | 07
#0976-d333 @A: 05 10 14 24 | 01
#0977-d333 @A: 10 16 17 35 | 10
#0978-d333 @A: 12 34 10 06 | 08
#0979-d333 @A: 10 02 32 01 | 06
#0980-d333 @A: 32 04 23 10 | 12
#0981-d333 @A: 08 18 34 10 | 05
#0982-d333 @A: 07 08 10 31 | 03
#0983-d333 @A: 30 12 10 02 | 04
#0984-d333 @A: 30 15 03 10 | 02
#0985-d333 @A: 31 30 21 10 | 11
#0986-d333 @A: 10 12 19 04 | 09
#0987-d333 @A: 01 07 10 16 | 07
#0988-d333 @A: 18 09 28 26 | 01
#0989-d333 @A: 28 33 09 04 | 10
#0990-d333 @A: 28 20 33 15 | 08
#0991-d333 @A: 05 08 26 28 | 06
#0992-d333 @A: 01 28 27 26 | 12
#0993-d333 @A: 11 28 18 02 | 05
#0994-d333 @A: 16 13 11 28 | 03
#0995-d333 @A: 28 05 33 34 | 04
#0996-d333 @A: 30 28 27 06 | 02
#0997-d333 @A: 28 27 35 16 | 11
#0998-d333 @A: 28 24 02 04 | 09
#0999-d333 @A: 04 28 03 15 | 07
#1000-d333 @A: 28 23 12 31 | 01
#1001-d333 @A: 20 21 08 09 | 10
#1002-d333 @A: 09 31 17 26 | 08
#1003-d333 @A: 09 14 35 11 | 06
#1004-d333 @A: 18 14 15 09 | 12
#1005-d333 @A: 09 17 22 35 | 05
#1006-d333 @A: 34 09 06 03 | 03
#1007-d333 @A: 30 04 06 09 | 04
#1008-d333 @A: 09 16 02 27 | 02
#1009-d333 @A: 09 27 31 30 | 11
#1010-d333 @A: 07 21 09 02 | 09
#1011-d333 @A: 19 04 18 09 | 07
#1012-d333 @A: 01 23 09 15 | 01
#1013-d333 @A: 13 25 16 09 | 10
#1014-d333 @A: 21 19 25 09 | 08
#1015-d333 @A: 21 12 30 09 | 06
#1016-d333 @A: 04 14 20 11 | 12
#1017-d333 @A: 20 11 30 24 | 05
#1018-d333 @A: 17 20 33 14 | 03
#1019-d333 @A: 33 20 02 18 | 04
#1020-d333 @A: 35 02 20 33 | 02
#1021-d333 @A: 20 14 29 12 | 11
#1022-d333 @A: 20 21 14 19 | 09
#1023-d333 @A: 34 18 32 20 | 07
#1024-d333 @A: 20 24 12 08 | 01
#1025-d333 @A: 03 20 22 25 | 10
#1026-d333 @A: 34 20 12 02 | 08
#1027-d333 @A: 20 04 16 23 | 06
#1028-d333 @A: 19 05 31 20 | 12
#1029-d333 @A: 20 07 31 21 | 05
#1030-d333 @A: 29 26 16 14 | 03
#1031-d333 @A: 22 12 17 26 | 04
#1032-d333 @A: 17 02 30 26 | 02
#1033-d333 @A: 06 02 05 26 | 11
#1034-d333 @A: 31 32 26 34 | 09
#1035-d333 @A: 23 31 08 26 | 07
#1036-d333 @A: 24 22 26 01 | 01
#1037-d333 @A: 22 21 26 18 | 10
#1038-d333 @A: 05 15 03 26 | 08
#1039-d333 @A: 05 18 19 26 | 06
#1040-d333 @A: 23 01 19 26 | 12
#1041-d333 @A: 26 12 21 15 | 05
#1042-d333 @A: 07 25 26 12 | 03
#1043-d333 @A: 34 13 33 11 | 04
#1044-d333 @A: 11 06 25 17 | 02
#1045-d333 @A: 05 17 11 24 | 11
#1046-d333 @A: 22 32 11 12 | 09
#1047-d333 @A: 03 19 11 23 | 07
#1048-d333 @A: 05 18 11 16 | 01
#1049-d333 @A: 25 23 11 31 | 10
#1050-d333 @A: 31 15 11 30 | 08
#1051-d333 @A: 12 01 11 16 | 06
#1052-d333 @A: 14 15 33 29 | 12
#1053-d333 @A: 17 21 33 32 | 05
#1054-d333 @A: 33 24 08 18 | 03
#1055-d333 @A: 16 08 01 33 | 04
#1056-d333 @A: 25 18 33 16 | 02
#1057-d333 @A: 01 23 33 13 | 11
#1058-d333 @A: 23 25 21 33 | 09
#1059-d333 @A: 15 33 16 13 | 07
#1060-d333 @A: 06 34 14 18 | 01
#1061-d333 @A: 24 06 01 14 | 10
#1062-d333 @A: 01 14 27 32 | 08
#1063-d333 @A: 14 32 29 30 | 06
#1064-d333 @A: 22 14 25 02 | 12
#1065-d333 @A: 13 22 14 31 | 05
#1066-d333 @A: 07 19 35 14 | 03
#1067-d333 @A: 04 25 14 07 | 04
#1068-d333 @A: 17 15 06 35 | 02
#1069-d333 @A: 19 27 17 34 | 11
#1070-d333 @A: 17 25 03 13 | 09
#1071-d333 @A: 35 18 17 23 | 07
#1072-d333 @A: 13 17 35 05 | 01
#1073-d333 @A: 04 31 12 17 | 10
#1074-d333 @A: 30 07 17 25 | 08
#1075-d333 @A: 32 06 07 34 | 06
#1076-d333 @A: 24 06 29 31 | 12
#1077-d333 @A: 31 06 22 18 | 05
#1078-d333 @A: 16 25 24 06 | 03
#1079-d333 @A: 16 21 06 05 | 04
#1080-d333 @A: 35 06 21 13 | 02
#1081-d333 @A: 21 06 25 31 | 11
#1082-d333 @A: 35 04 06 25 | 09
#1083-d333 @A: 32 22 08 07 | 07
#1084-d333 @A: 04 24 32 08 | 01
#1085-d333 @A: 19 32 02 29 | 10
#1086-d333 @A: 32 22 04 34 | 08
#1087-d333 @A: 15 32 24 01 | 06
#1088-d333 @A: 23 01 21 32 | 12
#1089-d333 @A: 01 12 35 32 | 05
#1090-d333 @A: 27 30 29 08 | 03
#1091-d333 @A: 22 27 08 13 | 04
#1092-d333 @A: 08 22 16 29 | 02
#1093-d333 @A: 22 24 23 08 | 11
#1094-d333 @A: 08 16 02 23 | 09
#1095-d333 @A: 12 08 13 02 | 07
#1096-d333 @A: 13 08 25 30 | 01
#1097-d333 @A: 04 08 30 12 | 10
#1098-d333 @A: 29 34 27 15 | 08
#1099-d333 @A: 16 05 27 23 | 06
#1100-d333 @A: 23 27 21 35 | 12
#1101-d333 @A: 29 16 30 02 | 05
#1102-d333 @A: 03 29 31 07 | 03
#1103-d333 @A: 04 23 07 29 | 04
#1104-d333 @A: 05 29 16 07 | 02
#1105-d333 @A: 01 07 21 29 | 11
#1106-d333 @A: 04 29 30 25 | 09
#1107-d333 @A: 22 03 12 31 | 07
#1108-d333 @A: 16 30 23 22 | 01
#1109-d333 @A: 22 07 30 15 | 10
#1110-d333 @A: 19 02 13 03 | 08
#1111-d333 @A: 23 18 15 02 | 06
#1112-d333 @A: 35 34 13 12 | 12
#1113-d333 @A: 30 24 31 05 | 05
#1114-d333 @A: 04 24 19 05 | 03
#1115-d333 @A: 24 21 15 13 | 04
#1116-d333 @A: 16 12 21 24 | 02
#1117-d333 @A: 14 28 10 16 | 11
#1118-d333 @A: 10 23 28 15 | 09
#1119-d333 @A: 18 10 09 20 | 07
#1120-d333 @A: 09 04 24 10 | 01
#1121-d333 @A: 20 30 10 32 | 10
#1122-d333 @A: 14 10 26 07 | 08
#1123-d333 @A: 26 13 02 10 | 06
#1124-d333 @A: 10 34 26 23 | 12
#1125-d333 @A: 32 11 31 10 | 05
#1126-d333 @A: 10 03 11 08 | 03
#1127-d333 @A: 29 33 31 10 | 04
#1128-d333 @A: 10 24 19 06 | 02
#1129-d333 @A: 21 29 32 10 | 11
#1130-d333 @A: 24 10 16 29 | 09
#1131-d333 @A: 02 07 10 19 | 07
#1132-d333 @A: 13 12 10 18 | 01
#1133-d333 @A: 01 12 23 10 | 10
#1134-d333 @A: 05 10 12 21 | 08
#1135-d333 @A: 35 25 05 10 | 06
#1136-d333 @A: 09 22 19 28 | 12
#1137-d333 @A: 02 20 14 28 | 05
#1138-d333 @A: 26 28 30 11 | 03
#1139-d333 @A: 06 11 22 28 | 04
#1140-d333 @A: 28 05 04 11 | 02
#1141-d333 @A: 33 02 32 28 | 11
#1142-d333 @A: 14 12 28 27 | 09
#1143-d333 @A: 28 14 34 23 | 07
#1144-d333 @A: 17 28 02 21 | 01
#1145-d333 @A: 28 03 17 24 | 10
#1146-d333 @A: 28 07 04 08 | 08
#1147-d333 @A: 35 28 22 07 | 06
#1148-d333 @A: 02 35 21 28 | 12
#1149-d333 @A: 23 13 28 30 | 05
#1150-d333 @A: 05 15 12 28 | 03
#1151-d333 @A: 01 28 04 13 | 04
#1152-d333 @A: 09 14 20 16 | 02
#1153-d333 @A: 09 02 20 13 | 11
#1154-d333 @A: 01 22 09 11 | 09
#1155-d333 @A: 09 13 15 11 | 07
#1156-d333 @A: 07 17 14 09 | 01
#1157-d333 @A: 08 09 17 15 | 10
#1158-d333 @A: 09 29 23 06 | 08
#1159-d333 @A: 06 07 18 09 | 06
#1160-d333 @A: 18 32 09 13 | 12
#1161-d333 @A: 07 27 09 22 | 05
#1162-d333 @A: 27 09 34 18 | 03
#1163-d333 @A: 03 09 15 27 | 04
#1164-d333 @A: 05 09 19 35 | 02
#1165-d333 @A: 09 35 15 21 | 11
#1166-d333 @A: 26 20 27 13 | 09
#1167-d333 @A: 20 18 26 16 | 07
#1168-d333 @A: 33 29 20 13 | 01
#1169-d333 @A: 34 20 30 14 | 10
#1170-d333 @A: 12 17 20 19 | 08
#1171-d333 @A: 06 30 08 20 | 06
#1172-d333 @A: 13 06 20 34 | 12
#1173-d333 @A: 20 08 27 23 | 05
#1174-d333 @A: 01 08 20 22 | 03
#1175-d333 @A: 20 27 31 18 | 04
#1176-d333 @A: 20 29 25 18 | 02
#1177-d333 @A: 34 20 05 07 | 11
#1178-d333 @A: 23 20 03 30 | 09
#1179-d333 @A: 03 05 21 20 | 07
#1180-d333 @A: 30 20 18 05 | 01
#1181-d333 @A: 19 13 18 20 | 10
#1182-d333 @A: 04 20 30 31 | 08
#1183-d333 @A: 17 13 26 11 | 06
#1184-d333 @A: 11 18 26 34 | 12
#1185-d333 @A: 27 26 05 33 | 05
#1186-d333 @A: 14 26 35 05 | 03
#1187-d333 @A: 26 32 21 08 | 04
#1188-d333 @A: 26 15 27 23 | 02
#1189-d333 @A: 29 26 03 34 | 11
#1190-d333 @A: 03 19 22 26 | 09
#1191-d333 @A: 19 30 26 25 | 07
#1192-d333 @A: 04 26 12 16 | 01
#1193-d333 @A: 07 15 01 26 | 10
#1194-d333 @A: 11 14 18 33 | 08
#1195-d333 @A: 11 25 29 33 | 06
#1196-d333 @A: 11 19 22 17 | 12
#1197-d333 @A: 15 17 12 11 | 05
#1198-d333 @A: 34 15 11 06 | 03
#1199-d333 @A: 29 02 11 35 | 04
#1200-d333 @A: 30 22 11 34 | 02
#1201-d333 @A: 25 22 24 11 | 11
#1202-d333 @A: 21 11 31 24 | 09
#1203-d333 @A: 03 01 15 11 | 07
#1204-d333 @A: 30 19 05 11 | 01
#1205-d333 @A: 31 16 04 11 | 10
#1206-d333 @A: 32 30 33 22 | 08
#1207-d333 @A: 24 33 34 32 | 06
#1208-d333 @A: 33 08 31 22 | 12
#1209-d333 @A: 33 16 34 29 | 05
#1210-d333 @A: 33 21 15 03 | 03
#1211-d333 @A: 03 04 33 12 | 04
#1212-d333 @A: 21 06 17 14 | 02
#1213-d333 @A: 27 14 06 29 | 11
#1214-d333 @A: 23 08 14 29 | 09
#1215-d333 @A: 21 18 27 14 | 07
#1216-d333 @A: 29 14 12 35 | 01
#1217-d333 @A: 14 22 35 21 | 10
#1218-d333 @A: 14 03 16 18 | 08
#1219-d333 @A: 14 13 16 05 | 06
#1220-d333 @A: 19 31 14 07 | 12
#1221-d333 @A: 18 06 24 17 | 05
#1222-d333 @A: 24 27 17 23 | 03
#1223-d333 @A: 21 19 18 17 | 04
#1224-d333 @A: 17 15 23 04 | 02
#1225-d333 @A: 13 31 17 15 | 11
#1226-d333 @A: 17 15 16 07 | 09
#1227-d333 @A: 06 22 08 05 | 07
#1228-d333 @A: 06 04 27 22 | 01
#1229-d333 @A: 25 06 29 22 | 10
#1230-d333 @A: 19 34 06 29 | 08
#1231-d333 @A: 22 01 19 06 | 06
#1232-d333 @A: 07 19 06 03 | 12
#1233-d333 @A: 23 13 16 06 | 05
#1234-d333 @A: 04 06 16 07 | 03
#1235-d333 @A: 18 32 01 05 | 04
#1236-d333 @A: 12 32 21 13 | 02
#1237-d333 @A: 21 32 31 15 | 11
#1238-d333 @A: 07 16 21 32 | 09
#1239-d333 @A: 02 22 08 21 | 07
#1240-d333 @A: 08 30 01 03 | 01
#1241-d333 @A: 08 13 21 05 | 10
#1242-d333 @A: 31 19 08 30 | 08
#1243-d333 @A: 12 22 27 34 | 06
#1244-d333 @A: 16 22 27 24 | 12
#1245-d333 @A: 24 27 02 25 | 05
#1246-d333 @A: 12 24 04 27 | 03
#1247-d333 @A: 31 27 25 03 | 04
#1248-d333 @A: 23 01 27 30 | 02
#1249-d333 @A: 29 02 03 22 | 11
#1250-d333 @A: 22 19 29 35 | 09
#1251-d333 @A: 23 18 29 31 | 07
#1252-d333 @A: 29 18 35 31 | 01
#1253-d333 @A: 12 05 29 13 | 10
#1254-d333 @A: 29 30 15 12 | 08
#1255-d333 @A: 21 03 07 22 | 06
#1256-d333 @A: 03 22 04 30 | 12
#1257-d333 @A: 12 22 30 18 | 05
#1258-d333 @A: 22 13 19 21 | 03
#1259-d333 @A: 12 22 15 19 | 04
#1260-d333 @A: 02 30 18 31 | 02
#1261-d333 @A: 23 04 02 30 | 11
#1262-d333 @A: 02 30 05 07 | 09
#1263-d333 @A: 07 02 04 31 | 07
#1264-d333 @A: 01 07 12 02 | 01
#1265-d333 @A: 24 13 25 34 | 10
#1266-d333 @A: 03 34 30 07 | 08
#1267-d333 @A: 16 13 30 34 | 06
#1268-d333 @A: 04 15 07 34 | 12
#1269-d333 @A: 01 24 23 18 | 05
#1270-d333 @A: 01 24 30 04 | 03
#1271-d333 @A: 12 35 03 31 | 04
#1272-d333 @A: 23 15 05 35 | 02
#1273-d333 @A: 10 03 02 28 | 11
#1274-d333 @A: 07 28 10 34 | 09
#1275-d333 @A: 23 10 08 09 | 07
#1276-d333 @A: 31 02 09 10 | 01
#1277-d333 @A: 10 20 11 13 | 10
#1278-d333 @A: 10 21 20 33 | 08
#1279-d333 @A: 33 26 10 22 | 06
#1280-d333 @A: 16 26 10 31 | 12
#1281-d333 @A: 06 15 10 33 | 05
#1282-d333 @A: 10 18 14 29 | 03
#1283-d333 @A: 02 10 06 25 | 04
#1284-d333 @A: 32 10 35 24 | 02
#1285-d333 @A: 10 15 08 27 | 11
#1286-d333 @A: 01 29 22 10 | 09
#1287-d333 @A: 10 34 22 13 | 07
#1288-d333 @A: 16 04 10 21 | 01
#1289-d333 @A: 20 28 12 22 | 10
#1290-d333 @A: 31 20 28 35 | 08
#1291-d333 @A: 24 28 19 18 | 06
#1292-d333 @A: 28 03 16 31 | 12
#1293-d333 @A: 18 23 05 28 | 05
#1294-d333 @A: 18 15 28 01 | 03
#1295-d333 @A: 28 30 16 04 | 04
#1296-d333 @A: 09 01 32 26 | 02
#1297-d333 @A: 09 35 23 26 | 11
#1298-d333 @A: 16 09 17 11 | 09
#1299-d333 @A: 09 02 19 11 | 07
#1300-d333 @A: 05 09 08 33 | 01
#1301-d333 @A: 33 24 13 09 | 10
#1302-d333 @A: 33 01 07 09 | 08
#1303-d333 @A: 06 14 09 25 | 06
#1304-d333 @A: 32 09 14 04 | 12
#1305-d333 @A: 09 01 30 14 | 05
#1306-d333 @A: 12 09 27 29 | 03
#1307-d333 @A: 19 24 09 27 | 04
#1308-d333 @A: 30 29 24 09 | 02
#1309-d333 @A: 13 09 22 30 | 11
#1310-d333 @A: 21 18 05 09 | 09
#1311-d333 @A: 23 04 09 13 | 07
#1312-d333 @A: 07 23 16 09 | 01
#1313-d333 @A: 30 31 35 09 | 10
#1314-d333 @A: 12 16 09 15 | 08
#1315-d333 @A: 12 04 09 07 | 06
#1316-d333 @A: 26 20 23 33 | 12
#1317-d333 @A: 20 32 26 03 | 05
#1318-d333 @A: 21 26 20 34 | 03
#1319-d333 @A: 27 16 33 20 | 04
#1320-d333 @A: 32 20 14 13 | 02
#1321-d333 @A: 20 34 27 01 | 11
#1322-d333 @A: 25 04 20 13 | 09
#1323-d333 @A: 20 35 07 15 | 07
#1324-d333 @A: 11 16 15 26 | 01
#1325-d333 @A: 04 33 32 26 | 10
#1326-d333 @A: 25 02 26 33 | 08
#1327-d333 @A: 35 33 19 26 | 06
#1328-d333 @A: 26 08 14 18 | 12
#1329-d333 @A: 27 21 17 26 | 05
#1330-d333 @A: 27 04 26 29 | 03
#1331-d333 @A: 29 22 26 13 | 04
#1332-d333 @A: 05 25 26 04 | 02
#1333-d333 @A: 26 13 16 07 | 11
#1334-d333 @A: 14 22 11 05 | 09
#1335-d333 @A: 07 17 11 18 | 07
#1336-d333 @A: 19 06 11 08 | 01
#1337-d333 @A: 11 06 21 02 | 10
#1338-d333 @A: 32 11 04 27 | 08
#1339-d333 @A: 08 11 07 13 | 06
#1340-d333 @A: 29 04 11 02 | 12
#1341-d333 @A: 16 11 22 35 | 05
#1342-d333 @A: 34 24 11 02 | 03
#1343-d333 @A: 31 02 01 11 | 04
#1344-d333 @A: 30 21 03 11 | 02
#1345-d333 @A: 11 01 23 05 | 11
#1346-d333 @A: 21 07 11 05 | 09
#1347-d333 @A: 16 33 02 14 | 07
#1348-d333 @A: 32 35 33 13 | 01
#1349-d333 @A: 07 29 33 02 | 10
#1350-d333 @A: 01 33 22 04 | 08
#1351-d333 @A: 33 02 15 24 | 06
#1352-d333 @A: 02 30 13 33 | 12
#1353-d333 @A: 34 33 25 35 | 05
#1354-d333 @A: 25 33 07 03 | 03
#1355-d333 @A: 31 33 30 23 | 04
#1356-d333 @A: 23 33 19 12 | 02
#1357-d333 @A: 05 35 31 33 | 11
#1358-d333 @A: 31 12 33 25 | 09
#1359-d333 @A: 06 32 23 14 | 07
#1360-d333 @A: 14 19 08 24 | 01
#1361-d333 @A: 27 35 34 14 | 10
#1362-d333 @A: 27 04 14 16 | 08
#1363-d333 @A: 19 22 34 14 | 06
#1364-d333 @A: 05 14 02 34 | 12
#1365-d333 @A: 01 14 07 03 | 05
#1366-d333 @A: 35 23 25 14 | 03
#1367-d333 @A: 13 04 12 14 | 04
#1368-d333 @A: 14 35 31 01 | 02
#1369-d333 @A: 04 27 08 17 | 11
#1370-d333 @A: 17 24 22 04 | 09
#1371-d333 @A: 17 16 02 19 | 07
#1372-d333 @A: 23 12 17 30 | 01
#1373-d333 @A: 30 04 19 17 | 10
#1374-d333 @A: 03 04 06 32 | 08
#1375-d333 @A: 29 08 13 06 | 06
#1376-d333 @A: 06 04 34 08 | 12
#1377-d333 @A: 34 25 23 06 | 05
#1378-d333 @A: 06 19 35 03 | 03
#1379-d333 @A: 12 05 06 23 | 04
#1380-d333 @A: 15 30 23 06 | 02
#1381-d333 @A: 05 15 31 06 | 11
#1382-d333 @A: 13 01 06 31 | 09
#1383-d333 @A: 30 12 06 01 | 07
#1384-d333 @A: 32 13 08 31 | 01
#1385-d333 @A: 27 34 32 03 | 10
#1386-d333 @A: 27 24 32 05 | 08
#1387-d333 @A: 23 32 03 16 | 06
#1388-d333 @A: 12 32 30 03 | 12
#1389-d333 @A: 13 16 32 19 | 05
#1390-d333 @A: 02 27 31 08 | 03
#1391-d333 @A: 08 05 03 29 | 04
#1392-d333 @A: 24 35 19 08 | 02
#1393-d333 @A: 18 19 08 03 | 11
#1394-d333 @A: 03 08 16 13 | 09
#1395-d333 @A: 08 01 31 18 | 07
#1396-d333 @A: 15 04 13 08 | 01
#1397-d333 @A: 08 15 16 35 | 10
#1398-d333 @A: 25 01 12 08 | 08
#1399-d333 @A: 27 15 25 22 | 06
#1400-d333 @A: 12 18 27 25 | 12
#1401-d333 @A: 27 15 18 07 | 05
#1402-d333 @A: 27 25 07 16 | 03
#1403-d333 @A: 22 29 34 24 | 04
#1404-d333 @A: 34 23 02 22 | 02
#1405-d333 @A: 19 24 02 22 | 11
#1406-d333 @A: 22 24 07 05 | 09
#1407-d333 @A: 18 01 22 35 | 07
#1408-d333 @A: 02 19 18 01 | 01
#1409-d333 @A: 23 24 05 34 | 10
#1410-d333 @A: 34 01 04 23 | 08
#1411-d333 @A: 16 24 15 23 | 06
#1412-d333 @A: 05 25 15 24 | 12
#1413-d333 @A: 19 07 24 21 | 05
#1414-d333 @A: 30 18 35 07 | 03
#1415-d333 @A: 09 10 01 28 | 04
#1416-d333 @A: 10 29 09 25 | 02
#1417-d333 @A: 20 23 10 14 | 11
#1418-d333 @A: 26 10 03 27 | 09
#1419-d333 @A: 06 11 10 18 | 07
#1420-d333 @A: 11 34 21 10 | 01
#1421-d333 @A: 10 05 22 17 | 10
#1422-d333 @A: 17 34 10 24 | 08
#1423-d333 @A: 10 17 13 16 | 06
#1424-d333 @A: 29 35 03 10 | 12
#1425-d333 @A: 22 02 10 18 | 05
#1426-d333 @A: 23 10 19 22 | 03
#1427-d333 @A: 10 05 18 07 | 04
#1428-d333 @A: 20 09 28 03 | 02
#1429-d333 @A: 11 21 09 28 | 11
#1430-d333 @A: 28 16 06 09 | 09
#1431-d333 @A: 28 27 09 13 | 07
#1432-d333 @A: 09 30 28 02 | 01
#1433-d333 @A: 35 28 25 09 | 10
#1434-d333 @A: 28 30 29 20 | 08
#1435-d333 @A: 26 15 28 02 | 06
#1436-d333 @A: 11 12 28 34 | 12
#1437-d333 @A: 35 34 11 28 | 05
#1438-d333 @A: 28 14 06 04 | 03
#1439-d333 @A: 28 21 14 08 | 04
#1440-d333 @A: 30 34 28 17 | 02
#1441-d333 @A: 34 28 31 06 | 11
#1442-d333 @A: 01 28 06 05 | 09
#1443-d333 @A: 08 29 28 19 | 07
#1444-d333 @A: 28 05 35 29 | 01
#1445-d333 @A: 03 12 13 28 | 10
#1446-d333 @A: 01 28 21 03 | 08
#1447-d333 @A: 19 04 28 23 | 06
#1448-d333 @A: 20 07 09 32 | 12
#1449-d333 @A: 22 23 09 26 | 05
#1450-d333 @A: 24 26 05 09 | 03
#1451-d333 @A: 09 19 26 16 | 04
#1452-d333 @A: 11 34 07 09 | 02
#1453-d333 @A: 18 33 09 17 | 11
#1454-d333 @A: 14 09 22 29 | 09
#1455-d333 @A: 09 04 35 02 | 07
#1456-d333 @A: 18 09 25 03 | 01
#1457-d333 @A: 12 05 25 09 | 10
#1458-d333 @A: 19 09 12 13 | 08
#1459-d333 @A: 21 09 04 15 | 06
#1460-d333 @A: 12 03 20 11 | 12
#1461-d333 @A: 06 21 20 12 | 05
#1462-d333 @A: 15 20 08 29 | 03
#1463-d333 @A: 20 18 22 24 | 04
#1464-d333 @A: 20 24 21 02 | 02
#1465-d333 @A: 20 07 23 13 | 11
#1466-d333 @A: 25 20 23 12 | 09
#1467-d333 @A: 14 11 26 21 | 07
#1468-d333 @A: 25 11 27 26 | 01
#1469-d333 @A: 14 26 23 30 | 10
#1470-d333 @A: 24 31 27 26 | 08
#1471-d333 @A: 26 15 29 31 | 06
#1472-d333 @A: 18 35 16 26 | 12
#1473-d333 @A: 18 04 26 01 | 05
#1474-d333 @A: 26 23 16 25 | 03
#1475-d333 @A: 26 21 04 07 | 04
#1476-d333 @A: 31 11 17 33 | 02
#1477-d333 @A: 06 12 33 11 | 11
#1478-d333 @A: 11 27 33 21 | 09
#1479-d333 @A: 15 22 11 33 | 07
#1480-d333 @A: 30 14 11 06 | 01
#1481-d333 @A: 24 08 16 11 | 10
#1482-d333 @A: 11 05 12 08 | 08
#1483-d333 @A: 15 23 11 07 | 06
#1484-d333 @A: 11 16 30 25 | 12
#1485-d333 @A: 21 04 12 11 | 05
#1486-d333 @A: 03 33 13 14 | 03
#1487-d333 @A: 34 17 23 33 | 04
#1488-d333 @A: 07 33 04 17 | 02
#1489-d333 @A: 33 23 06 02 | 11
#1490-d333 @A: 19 08 33 02 | 09
#1491-d333 @A: 03 23 33 08 | 07
#1492-d333 @A: 33 27 02 04 | 01
#1493-d333 @A: 18 03 33 30 | 10
#1494-d333 @A: 16 12 33 30 | 08
#1495-d333 @A: 35 17 14 03 | 06
#1496-d333 @A: 14 21 32 22 | 12
#1497-d333 @A: 14 08 30 22 | 05
#1498-d333 @A: 29 24 14 04 | 03
#1499-d333 @A: 22 23 14 01 | 04
#1500-d333 @A: 03 14 23 15 | 02
#1501-d333 @A: 05 03 25 14 | 11
#1502-d333 @A: 15 30 14 05 | 09
#1503-d333 @A: 25 12 21 14 | 07
#1504-d333 @A: 08 06 17 07 | 01
#1505-d333 @A: 02 15 17 06 | 10
#1506-d333 @A: 34 17 06 05 | 08
#1507-d333 @A: 23 01 17 08 | 06
#1508-d333 @A: 29 24 17 19 | 12
#1509-d333 @A: 17 25 21 16 | 05
#1510-d333 @A: 06 32 27 15 | 03
#1511-d333 @A: 21 06 27 08 | 04
#1512-d333 @A: 06 01 16 15 | 02
#1513-d333 @A: 27 32 19 35 | 11
#1514-d333 @A: 24 22 32 31 | 09
#1515-d333 @A: 02 16 32 18 | 07
#1516-d333 @A: 32 19 23 05 | 01
#1517-d333 @A: 31 32 07 30 | 10
#1518-d333 @A: 05 27 08 34 | 08
#1519-d333 @A: 13 08 18 23 | 06
#1520-d333 @A: 19 07 23 08 | 12
#1521-d333 @A: 08 23 12 21 | 05
#1522-d333 @A: 02 23 29 27 | 03
#1523-d333 @A: 13 27 34 04 | 04
#1524-d333 @A: 04 23 27 25 | 02
#1525-d333 @A: 05 27 07 04 | 11
#1526-d333 @A: 15 19 27 04 | 09
#1527-d333 @A: 27 01 07 35 | 07
#1528-d333 @A: 29 02 18 34 | 01
#1529-d333 @A: 12 29 34 04 | 10
#1530-d333 @A: 19 12 29 18 | 08
#1531-d333 @A: 22 31 15 23 | 06
#1532-d333 @A: 05 15 04 22 | 12
#1533-d333 @A: 12 22 05 35 | 05
#1534-d333 @A: 22 21 15 16 | 03
#1535-d333 @A: 01 22 12 21 | 04
#1536-d333 @A: 02 03 16 07 | 02
#1537-d333 @A: 02 25 03 30 | 11
#1538-d333 @A: 35 19 23 02 | 09
#1539-d333 @A: 23 25 01 02 | 07
#1540-d333 @A: 02 05 35 07 | 01
#1541-d333 @A: 13 15 02 07 | 10
#1542-d333 @A: 02 13 01 35 | 08
#1543-d333 @A: 35 02 15 25 | 06
#1544-d333 @A: 16 04 34 24 | 12
#1545-d333 @A: 04 34 03 31 | 05
#1546-d333 @A: 15 16 34 03 | 03
#1547-d333 @A: 34 31 12 30 | 04
#1548-d333 @A: 16 34 21 01 | 02
#1549-d333 @A: 31 18 24 16 | 11
#1550-d333 @A: 24 31 07 15 | 09
#1551-d333 @A: 19 30 16 24 | 07
#1552-d333 @A: 26 12 10 28 | 01
#1553-d333 @A: 32 28 08 10 | 10
#1554-d333 @A: 10 22 03 09 | 08
#1555-d333 @A: 30 16 10 09 | 06
#1556-d333 @A: 19 10 11 26 | 12
#1557-d333 @A: 10 14 13 27 | 05
#1558-d333 @A: 08 10 06 16 | 03
#1559-d333 @A: 10 30 06 05 | 04
#1560-d333 @A: 10 16 12 32 | 02
#1561-d333 @A: 10 27 21 22 | 11
#1562-d333 @A: 35 22 34 10 | 09
#1563-d333 @A: 24 22 15 10 | 07
#1564-d333 @A: 10 23 03 05 | 01
#1565-d333 @A: 10 21 07 23 | 10
#1566-d333 @A: 19 10 16 05 | 08
#1567-d333 @A: 01 30 13 10 | 06
#1568-d333 @A: 07 04 10 30 | 12
#1569-d333 @A: 05 09 28 14 | 05
#1570-d333 @A: 07 20 28 26 | 03
#1571-d333 @A: 28 07 32 14 | 04
#1572-d333 @A: 18 14 28 22 | 02
#1573-d333 @A: 31 28 14 24 | 11
#1574-d333 @A: 07 17 29 28 | 09
#1575-d333 @A: 28 17 16 22 | 07
#1576-d333 @A: 08 06 23 28 | 01
#1577-d333 @A: 28 15 07 06 | 10
#1578-d333 @A: 27 08 28 03 | 08
#1579-d333 @A: 22 27 28 05 | 06
#1580-d333 @A: 21 34 29 28 | 12
#1581-d333 @A: 13 24 22 28 | 05
#1582-d333 @A: 28 03 34 18 | 03
#1583-d333 @A: 28 35 04 24 | 04
#1584-d333 @A: 05 30 25 28 | 02
#1585-d333 @A: 15 35 13 28 | 11
#1586-d333 @A: 01 31 28 30 | 09
#1587-d333 @A: 27 09 20 04 | 07
#1588-d333 @A: 15 09 20 31 | 01
#1589-d333 @A: 27 26 09 06 | 10
#1590-d333 @A: 12 26 09 02 | 08
#1591-d333 @A: 25 02 17 09 | 06
#1592-d333 @A: 01 02 06 09 | 12
#1593-d333 @A: 24 32 16 09 | 05
#1594-d333 @A: 21 09 27 01 | 03
#1595-d333 @A: 09 01 12 03 | 04
#1596-d333 @A: 04 25 01 09 | 02
#1597-d333 @A: 19 20 24 26 | 11
#1598-d333 @A: 20 32 21 11 | 09
#1599-d333 @A: 06 20 33 31 | 07
#1600-d333 @A: 03 34 20 33 | 01
#1601-d333 @A: 25 30 20 33 | 10
#1602-d333 @A: 04 17 35 20 | 08
#1603-d333 @A: 16 08 20 32 | 06
#1604-d333 @A: 05 08 35 20 | 12
#1605-d333 @A: 02 29 20 31 | 05
#1606-d333 @A: 02 20 19 25 | 03
#1607-d333 @A: 20 15 13 03 | 04
#1608-d333 @A: 13 01 12 20 | 02
#1609-d333 @A: 30 20 19 35 | 11
#1610-d333 @A: 26 11 22 08 | 09
#1611-d333 @A: 06 16 26 17 | 07
#1612-d333 @A: 06 26 31 03 | 01
#1613-d333 @A: 26 21 01 06 | 10
#1614-d333 @A: 26 08 29 02 | 08
#1615-d333 @A: 21 19 26 29 | 06
#1616-d333 @A: 26 02 03 35 | 12
#1617-d333 @A: 04 24 13 26 | 05
#1618-d333 @A: 03 18 12 26 | 03
#1619-d333 @A: 21 25 26 03 | 04
#1620-d333 @A: 18 07 26 31 | 02
#1621-d333 @A: 07 26 35 31 | 11
#1622-d333 @A: 16 11 33 03 | 09
#1623-d333 @A: 11 14 17 23 | 07
#1624-d333 @A: 07 11 02 14 | 01
#1625-d333 @A: 11 24 04 06 | 10
#1626-d333 @A: 11 27 23 34 | 08
#1627-d333 @A: 11 27 15 05 | 06
#1628-d333 @A: 35 04 27 11 | 12
#1629-d333 @A: 11 18 12 23 | 05
#1630-d333 @A: 01 30 11 18 | 03
#1631-d333 @A: 15 35 11 19 | 04
#1632-d333 @A: 33 25 14 32 | 02
#1633-d333 @A: 17 33 15 27 | 11
#1634-d333 @A: 33 03 27 29 | 09
#1635-d333 @A: 25 33 34 22 | 07
#1636-d333 @A: 02 12 33 21 | 01
#1637-d333 @A: 07 16 33 31 | 10
#1638-d333 @A: 14 17 16 08 | 08
#1639-d333 @A: 27 14 02 15 | 06
#1640-d333 @A: 14 03 30 27 | 12
#1641-d333 @A: 29 13 14 19 | 05
#1642-d333 @A: 14 16 23 12 | 03
#1643-d333 @A: 16 14 04 35 | 04
#1644-d333 @A: 06 23 22 17 | 02
#1645-d333 @A: 24 17 08 13 | 11
#1646-d333 @A: 27 31 17 35 | 09
#1647-d333 @A: 35 29 17 34 | 07
#1648-d333 @A: 05 15 29 17 | 01
#1649-d333 @A: 22 07 17 02 | 10
#1650-d333 @A: 02 31 17 24 | 08
#1651-d333 @A: 30 17 24 21 | 06
#1652-d333 @A: 35 25 17 24 | 12
#1653-d333 @A: 15 17 19 03 | 05
#1654-d333 @A: 34 06 30 02 | 03
#1655-d333 @A: 27 32 31 23 | 04
#1656-d333 @A: 32 18 22 23 | 02
#1657-d333 @A: 25 31 05 32 | 11
#1658-d333 @A: 32 05 16 30 | 09
#1659-d333 @A: 30 13 04 32 | 07
#1660-d333 @A: 01 12 04 32 | 01
#1661-d333 @A: 31 29 08 34 | 10
#1662-d333 @A: 18 08 15 21 | 08
#1663-d333 @A: 31 04 08 05 | 06
#1664-d333 @A: 15 12 31 08 | 12
#1665-d333 @A: 01 08 15 19 | 05
#1666-d333 @A: 30 07 16 08 | 03
#1667-d333 @A: 35 27 15 29 | 04
#1668-d333 @A: 27 22 23 03 | 02
#1669-d333 @A: 12 05 27 30 | 11
#1670-d333 @A: 29 19 22 30 | 09
#1671-d333 @A: 21 25 02 29 | 07
#1672-d333 @A: 15 29 07 19 | 01
#1673-d333 @A: 25 16 12 29 | 10
#1674-d333 @A: 22 01 16 03 | 08
#1675-d333 @A: 23 35 30 22 | 06
#1676-d333 @A: 30 25 21 22 | 12
#1677-d333 @A: 31 02 34 35 | 05
#1678-d333 @A: 04 03 02 05 | 03
#1679-d333 @A: 02 21 05 15 | 04
#1680-d333 @A: 02 12 15 04 | 02
#1681-d333 @A: 03 34 18 35 | 11
#1682-d333 @A: 13 12 34 15 | 09
#1683-d333 @A: 34 31 25 15 | 07
#1684-d333 @A: 30 15 35 34 | 01
#1685-d333 @A: 03 07 24 04 | 10
#1686-d333 @A: 13 24 18 07 | 08
#1687-d333 @A: 24 21 18 35 | 06
#1688-d333 @A: 24 23 21 04 | 12
#1689-d333 @A: 21 01 24 05 | 05
