#0001-d336 @A: 23 18 33 03 | 07
#0002-d336 @A: 23 33 15 07 | 08
#0003-d336 @A: 23 22 29 33 | 01
#0004-d336 @A: 11 33 15 22 | 09
#0005-d336 @A: 26 33 15 12 | 06
#0006-d336 @A: 33 11 07 12 | 04
#0007-d336 @A: 33 11 06 24 | 02
#0008-d336 @A: 33 27 24 08 | 11
#0009-d336 @A: 14 31 21 33 | 03
#0010-d336 @A: 17 02 15 09 | 10
#0011-d336 @A: 27 15 04 17 | 12
#0012-d336 @A: 15 17 30 16 | 05
#0013-d336 @A: 15 29 31 17 | 07
#0014-d336 @A: 10 11 17 09 | 08
#0015-d336 @A: 31 24 17 09 | 01
#0016-d336 @A: 22 24 17 11 | 09
#0017-d336 @A: 34 32 14 17 | 06
#0018-d336 @A: 29 32 10 17 | 04
#0019-d336 @A: 32 08 17 31 | 02
#0020-d336 @A: 16 17 04 19 | 11
#0021-d336 @A: 26 17 12 13 | 03
#0022-d336 @A: 05 17 13 27 | 10
#0023-d336 @A: 26 17 16 31 | 12
#0024-d336 @A: 01 12 03 17 | 05
#0025-d336 @A: 31 17 07 05 | 07
#0026-d336 @A: 29 10 35 09 | 08
#0027-d336 @A: 28 11 32 35 | 01
#0028-d336 @A: 16 34 35 11 | 09
#0029-d336 @A: 35 29 05 04 | 06
#0030-d336 @A: 13 03 35 24 | 04
#0031-d336 @A: 07 35 13 06 | 02
#0032-d336 @A: 35 24 16 28 | 11
#0033-d336 @A: 30 35 16 01 | 03
#0034-d336 @A: 08 24 29 35 | 10
#0035-d336 @A: 07 35 14 24 | 12
#0036-d336 @A: 35 25 27 30 | 05
#0037-d336 @A: 21 35 02 20 | 07
#0038-d336 @A: 21 31 35 22 | 08
#0039-d336 @A: 10 31 18 23 | 01
#0040-d336 @A: 13 15 14 23 | 09
#0041-d336 @A: 02 23 24 15 | 06
#0042-d336 @A: 26 15 23 29 | 04
#0043-d336 @A: 31 15 05 23 | 02
#0044-d336 @A: 25 01 23 09 | 11
#0045-d336 @A: 23 11 14 02 | 03
#0046-d336 @A: 32 07 27 23 | 10
#0047-d336 @A: 23 12 08 29 | 12
#0048-d336 @A: 29 23 28 21 | 05
#0049-d336 @A: 23 01 21 07 | 07
#0050-d336 @A: 05 23 07 03 | 08
#0051-d336 @A: 02 21 23 30 | 01
#0052-d336 @A: 07 23 26 30 | 09
#0053-d336 @A: 25 30 10 23 | 06
#0054-d336 @A: 23 03 26 10 | 04
#0055-d336 @A: 07 18 09 16 | 02
#0056-d336 @A: 06 16 18 11 | 11
#0057-d336 @A: 16 02 31 18 | 03
#0058-d336 @A: 18 10 12 29 | 10
#0059-d336 @A: 06 18 27 14 | 12
#0060-d336 @A: 02 34 29 18 | 05
#0061-d336 @A: 08 26 21 18 | 07
#0062-d336 @A: 14 10 18 20 | 08
#0063-d336 @A: 13 15 26 11 | 01
#0064-d336 @A: 15 10 32 24 | 09
#0065-d336 @A: 15 12 07 24 | 06
#0066-d336 @A: 03 15 08 05 | 04
#0067-d336 @A: 26 06 21 15 | 02
#0068-d336 @A: 15 03 02 06 | 11
#0069-d336 @A: 15 08 26 31 | 03
#0070-d336 @A: 03 15 22 14 | 10
#0071-d336 @A: 03 09 16 29 | 12
#0072-d336 @A: 34 21 27 09 | 05
#0073-d336 @A: 27 08 25 09 | 07
#0074-d336 @A: 09 28 05 22 | 08
#0075-d336 @A: 20 28 09 26 | 01
#0076-d336 @A: 32 24 05 11 | 09
#0077-d336 @A: 11 01 34 10 | 06
#0078-d336 @A: 22 19 11 20 | 04
#0079-d336 @A: 25 28 11 22 | 02
#0080-d336 @A: 31 12 32 04 | 11
#0081-d336 @A: 03 34 32 04 | 03
#0082-d336 @A: 19 32 16 08 | 10
#0083-d336 @A: 12 02 32 29 | 12
#0084-d336 @A: 24 32 01 02 | 05
#0085-d336 @A: 32 08 24 07 | 07
#0086-d336 @A: 21 34 32 06 | 08
#0087-d336 @A: 05 28 32 19 | 01
#0088-d336 @A: 32 03 02 05 | 09
#0089-d336 @A: 06 30 22 32 | 06
#0090-d336 @A: 32 14 22 26 | 04
#0091-d336 @A: 14 08 03 32 | 02
#0092-d336 @A: 14 31 28 32 | 11
#0093-d336 @A: 13 04 28 29 | 03
#0094-d336 @A: 04 12 30 28 | 10
#0095-d336 @A: 06 04 08 24 | 12
#0096-d336 @A: 20 04 28 01 | 05
#0097-d336 @A: 02 05 28 04 | 07
#0098-d336 @A: 31 05 26 04 | 08
#0099-d336 @A: 14 06 25 04 | 01
#0100-d336 @A: 25 07 21 04 | 09
#0101-d336 @A: 30 04 02 31 | 06
#0102-d336 @A: 28 24 12 13 | 04
#0103-d336 @A: 13 12 05 29 | 02
#0104-d336 @A: 05 01 13 24 | 11
#0105-d336 @A: 31 34 01 13 | 03
#0106-d336 @A: 02 13 14 05 | 10
#0107-d336 @A: 13 02 19 21 | 12
#0108-d336 @A: 25 22 34 16 | 05
#0109-d336 @A: 21 10 16 19 | 07
#0110-d336 @A: 12 01 20 34 | 08
#0111-d336 @A: 06 02 12 19 | 01
#0112-d336 @A: 14 19 12 20 | 09
#0113-d336 @A: 08 12 19 10 | 06
#0114-d336 @A: 08 12 28 20 | 04
#0115-d336 @A: 24 02 20 27 | 02
#0116-d336 @A: 24 29 06 34 | 11
#0117-d336 @A: 25 24 02 05 | 03
#0118-d336 @A: 24 14 05 31 | 10
#0119-d336 @A: 24 21 22 19 | 12
#0120-d336 @A: 24 03 19 07 | 05
#0121-d336 @A: 08 24 21 02 | 07
#0122-d336 @A: 22 07 24 28 | 08
#0123-d336 @A: 28 06 27 02 | 01
#0124-d336 @A: 27 19 30 03 | 09
#0125-d336 @A: 03 27 26 14 | 06
#0126-d336 @A: 20 34 07 08 | 04
#0127-d336 @A: 29 21 25 10 | 02
#0128-d336 @A: 06 01 31 21 | 11
#0129-d336 @A: 01 08 21 20 | 03
#0130-d336 @A: 20 05 10 21 | 10
#0131-d336 @A: 20 31 05 30 | 12
#0132-d336 @A: 20 30 22 26 | 05
#0133-d336 @A: 31 33 18 17 | 07
#0134-d336 @A: 16 17 13 33 | 08
#0135-d336 @A: 27 33 35 05 | 01
#0136-d336 @A: 23 32 33 28 | 09
#0137-d336 @A: 33 20 23 14 | 06
#0138-d336 @A: 33 27 09 18 | 04
#0139-d336 @A: 33 28 11 18 | 02
#0140-d336 @A: 18 13 33 06 | 11
#0141-d336 @A: 18 05 12 33 | 03
#0142-d336 @A: 18 20 33 12 | 10
#0143-d336 @A: 09 33 05 13 | 12
#0144-d336 @A: 09 28 33 07 | 05
#0145-d336 @A: 04 05 33 11 | 07
#0146-d336 @A: 33 04 30 32 | 08
#0147-d336 @A: 32 22 33 25 | 01
#0148-d336 @A: 01 07 13 33 | 09
#0149-d336 @A: 33 27 34 06 | 06
#0150-d336 @A: 05 26 33 22 | 04
#0151-d336 @A: 33 06 21 28 | 02
#0152-d336 @A: 25 20 19 33 | 11
#0153-d336 @A: 07 33 21 03 | 03
#0154-d336 @A: 08 10 07 33 | 10
#0155-d336 @A: 30 20 33 02 | 12
#0156-d336 @A: 25 26 33 14 | 05
#0157-d336 @A: 20 17 18 08 | 07
#0158-d336 @A: 15 17 28 22 | 08
#0159-d336 @A: 17 21 29 09 | 01
#0160-d336 @A: 17 09 14 07 | 09
#0161-d336 @A: 11 13 17 28 | 06
#0162-d336 @A: 17 13 22 04 | 04
#0163-d336 @A: 17 21 01 24 | 02
#0164-d336 @A: 19 14 17 27 | 11
#0165-d336 @A: 28 19 34 17 | 03
#0166-d336 @A: 30 08 17 10 | 10
#0167-d336 @A: 16 14 35 23 | 12
#0168-d336 @A: 18 16 35 10 | 05
#0169-d336 @A: 21 18 01 35 | 07
#0170-d336 @A: 26 15 35 32 | 08
#0171-d336 @A: 13 11 25 35 | 01
#0172-d336 @A: 11 02 35 05 | 09
#0173-d336 @A: 01 35 08 32 | 06
#0174-d336 @A: 35 22 27 13 | 04
#0175-d336 @A: 35 08 14 12 | 02
#0176-d336 @A: 24 35 21 34 | 11
#0177-d336 @A: 27 35 01 31 | 03
#0178-d336 @A: 29 25 35 34 | 10
#0179-d336 @A: 35 01 29 20 | 12
#0180-d336 @A: 28 07 35 21 | 05
#0181-d336 @A: 21 03 35 02 | 07
#0182-d336 @A: 02 35 14 22 | 08
#0183-d336 @A: 18 11 23 04 | 01
#0184-d336 @A: 32 23 08 15 | 09
#0185-d336 @A: 10 22 09 23 | 06
#0186-d336 @A: 11 23 24 31 | 04
#0187-d336 @A: 32 03 29 23 | 02
#0188-d336 @A: 25 32 06 23 | 11
#0189-d336 @A: 21 16 23 20 | 03
#0190-d336 @A: 30 24 34 23 | 10
#0191-d336 @A: 22 34 02 23 | 12
#0192-d336 @A: 23 01 20 19 | 05
#0193-d336 @A: 23 05 10 19 | 07
#0194-d336 @A: 14 05 23 21 | 08
#0195-d336 @A: 07 32 15 18 | 01
#0196-d336 @A: 18 30 11 34 | 09
#0197-d336 @A: 31 11 08 18 | 06
#0198-d336 @A: 04 16 18 03 | 04
#0199-d336 @A: 24 18 30 03 | 02
#0200-d336 @A: 27 34 25 18 | 11
#0201-d336 @A: 31 06 05 18 | 03
#0202-d336 @A: 15 09 12 14 | 10
#0203-d336 @A: 01 15 09 28 | 12
#0204-d336 @A: 15 28 32 20 | 05
#0205-d336 @A: 24 15 19 13 | 07
#0206-d336 @A: 15 08 13 29 | 08
#0207-d336 @A: 15 16 21 31 | 01
#0208-d336 @A: 01 06 15 12 | 09
#0209-d336 @A: 15 10 12 28 | 06
#0210-d336 @A: 15 21 24 29 | 04
#0211-d336 @A: 30 15 29 02 | 02
#0212-d336 @A: 15 01 14 30 | 11
#0213-d336 @A: 09 11 31 27 | 03
#0214-d336 @A: 10 32 09 04 | 10
#0215-d336 @A: 09 26 24 29 | 12
#0216-d336 @A: 21 03 09 19 | 05
#0217-d336 @A: 19 14 20 09 | 07
#0218-d336 @A: 09 14 10 02 | 08
#0219-d336 @A: 13 24 10 11 | 01
#0220-d336 @A: 11 12 06 14 | 09
#0221-d336 @A: 02 11 29 27 | 06
#0222-d336 @A: 11 26 22 29 | 04
#0223-d336 @A: 11 01 28 26 | 02
#0224-d336 @A: 06 11 10 25 | 11
#0225-d336 @A: 11 22 19 07 | 03
#0226-d336 @A: 19 30 11 14 | 10
#0227-d336 @A: 31 21 11 28 | 12
#0228-d336 @A: 13 19 32 07 | 05
#0229-d336 @A: 27 16 32 22 | 07
#0230-d336 @A: 16 20 32 34 | 08
#0231-d336 @A: 32 24 31 34 | 01
#0232-d336 @A: 32 14 30 29 | 09
#0233-d336 @A: 04 14 16 12 | 06
#0234-d336 @A: 21 06 12 04 | 04
#0235-d336 @A: 04 27 01 10 | 02
#0236-d336 @A: 04 07 10 02 | 11
#0237-d336 @A: 04 20 08 10 | 03
#0238-d336 @A: 13 06 12 16 | 10
#0239-d336 @A: 21 01 12 13 | 12
#0240-d336 @A: 26 24 20 13 | 05
#0241-d336 @A: 34 14 25 13 | 07
#0242-d336 @A: 13 07 21 05 | 08
#0243-d336 @A: 30 13 08 05 | 01
#0244-d336 @A: 14 34 16 27 | 09
#0245-d336 @A: 16 14 05 30 | 06
#0246-d336 @A: 31 28 16 06 | 04
#0247-d336 @A: 02 28 16 19 | 02
#0248-d336 @A: 14 08 25 16 | 11
#0249-d336 @A: 31 12 27 29 | 03
#0250-d336 @A: 12 06 22 31 | 10
#0251-d336 @A: 20 10 31 12 | 12
#0252-d336 @A: 20 07 19 24 | 05
#0253-d336 @A: 27 34 01 02 | 07
#0254-d336 @A: 01 21 28 27 | 08
#0255-d336 @A: 27 20 08 06 | 01
#0256-d336 @A: 02 07 27 14 | 09
#0257-d336 @A: 27 07 22 20 | 06
#0258-d336 @A: 10 06 34 30 | 04
#0259-d336 @A: 34 02 06 08 | 02
#0260-d336 @A: 05 25 29 30 | 11
#0261-d336 @A: 26 03 05 29 | 03
#0262-d336 @A: 06 21 29 03 | 10
#0263-d336 @A: 29 31 08 21 | 12
#0264-d336 @A: 07 29 26 10 | 05
#0265-d336 @A: 05 01 07 10 | 07
#0266-d336 @A: 01 03 31 05 | 08
#0267-d336 @A: 07 28 01 06 | 01
#0268-d336 @A: 30 31 07 01 | 09
#0269-d336 @A: 22 10 31 01 | 06
#0270-d336 @A: 25 01 08 10 | 04
#0271-d336 @A: 05 26 20 19 | 02
#0272-d336 @A: 11 33 26 17 | 11
#0273-d336 @A: 25 12 33 17 | 03
#0274-d336 @A: 03 17 19 33 | 10
#0275-d336 @A: 33 25 35 01 | 12
#0276-d336 @A: 33 28 03 35 | 05
#0277-d336 @A: 33 22 18 16 | 07
#0278-d336 @A: 24 33 18 21 | 08
#0279-d336 @A: 26 18 30 33 | 01
#0280-d336 @A: 33 15 24 31 | 09
#0281-d336 @A: 16 20 09 33 | 06
#0282-d336 @A: 33 14 34 11 | 04
#0283-d336 @A: 06 33 29 16 | 02
#0284-d336 @A: 34 03 33 24 | 11
#0285-d336 @A: 34 33 29 26 | 03
#0286-d336 @A: 34 19 33 01 | 10
#0287-d336 @A: 05 33 08 29 | 12
#0288-d336 @A: 08 25 21 33 | 05
#0289-d336 @A: 31 25 33 02 | 07
#0290-d336 @A: 25 33 10 28 | 08
#0291-d336 @A: 14 35 17 15 | 01
#0292-d336 @A: 35 02 17 27 | 09
#0293-d336 @A: 10 24 23 17 | 06
#0294-d336 @A: 17 23 01 08 | 04
#0295-d336 @A: 15 26 17 07 | 02
#0296-d336 @A: 09 17 19 12 | 11
#0297-d336 @A: 26 17 09 01 | 03
#0298-d336 @A: 17 06 16 10 | 10
#0299-d336 @A: 20 17 27 28 | 12
#0300-d336 @A: 17 14 34 20 | 05
#0301-d336 @A: 07 17 22 06 | 07
#0302-d336 @A: 08 03 17 06 | 08
#0303-d336 @A: 19 02 17 25 | 01
#0304-d336 @A: 03 30 02 17 | 09
#0305-d336 @A: 28 02 17 08 | 06
#0306-d336 @A: 15 22 35 23 | 04
#0307-d336 @A: 15 35 08 27 | 02
#0308-d336 @A: 02 09 24 35 | 11
#0309-d336 @A: 35 11 04 22 | 03
#0310-d336 @A: 02 35 04 32 | 10
#0311-d336 @A: 19 35 13 34 | 12
#0312-d336 @A: 28 27 35 12 | 05
#0313-d336 @A: 35 29 06 12 | 07
#0314-d336 @A: 24 35 01 20 | 08
#0315-d336 @A: 35 29 27 21 | 01
#0316-d336 @A: 31 02 35 07 | 09
#0317-d336 @A: 31 35 03 26 | 06
#0318-d336 @A: 35 22 25 08 | 04
#0319-d336 @A: 23 15 30 18 | 02
#0320-d336 @A: 15 27 23 19 | 11
#0321-d336 @A: 23 10 01 15 | 03
#0322-d336 @A: 29 23 04 07 | 10
#0323-d336 @A: 23 14 31 04 | 12
#0324-d336 @A: 16 13 26 23 | 05
#0325-d336 @A: 30 31 23 13 | 07
#0326-d336 @A: 23 16 19 12 | 08
#0327-d336 @A: 22 20 23 24 | 01
#0328-d336 @A: 27 05 22 23 | 09
#0329-d336 @A: 26 23 25 19 | 06
#0330-d336 @A: 21 22 26 23 | 04
#0331-d336 @A: 30 23 28 14 | 02
#0332-d336 @A: 15 18 19 04 | 11
#0333-d336 @A: 11 18 03 13 | 03
#0334-d336 @A: 18 11 27 12 | 10
#0335-d336 @A: 10 18 11 19 | 12
#0336-d336 @A: 32 04 26 18 | 05
#0337-d336 @A: 31 24 18 04 | 07
#0338-d336 @A: 24 18 29 05 | 08
#0339-d336 @A: 02 18 21 06 | 01
#0340-d336 @A: 18 06 08 25 | 09
#0341-d336 @A: 21 28 19 18 | 06
#0342-d336 @A: 08 18 03 28 | 04
#0343-d336 @A: 13 15 09 16 | 02
#0344-d336 @A: 29 15 04 03 | 11
#0345-d336 @A: 13 15 31 27 | 03
#0346-d336 @A: 20 24 15 34 | 10
#0347-d336 @A: 01 24 03 15 | 12
#0348-d336 @A: 01 15 30 20 | 05
#0349-d336 @A: 28 09 11 04 | 07
#0350-d336 @A: 09 12 03 32 | 08
#0351-d336 @A: 26 09 21 32 | 01
#0352-d336 @A: 28 02 09 21 | 09
#0353-d336 @A: 16 30 04 11 | 06
#0354-d336 @A: 34 05 11 13 | 04
#0355-d336 @A: 27 11 05 01 | 02
#0356-d336 @A: 19 11 27 08 | 11
#0357-d336 @A: 21 07 11 26 | 03
#0358-d336 @A: 10 11 31 02 | 10
#0359-d336 @A: 04 13 32 24 | 12
#0360-d336 @A: 06 04 01 32 | 05
#0361-d336 @A: 24 16 06 32 | 07
#0362-d336 @A: 01 32 19 12 | 08
#0363-d336 @A: 32 34 29 05 | 01
#0364-d336 @A: 22 07 32 05 | 09
#0365-d336 @A: 06 20 19 32 | 06
#0366-d336 @A: 31 13 06 04 | 04
#0367-d336 @A: 16 04 07 24 | 02
#0368-d336 @A: 25 12 04 27 | 11
#0369-d336 @A: 04 34 26 20 | 03
#0370-d336 @A: 22 29 04 19 | 10
#0371-d336 @A: 05 04 22 08 | 12
#0372-d336 @A: 19 20 04 30 | 05
#0373-d336 @A: 26 04 10 30 | 07
#0374-d336 @A: 25 20 04 22 | 08
#0375-d336 @A: 31 08 04 10 | 01
#0376-d336 @A: 14 13 22 12 | 09
#0377-d336 @A: 34 02 13 24 | 06
#0378-d336 @A: 27 29 13 25 | 04
#0379-d336 @A: 21 08 13 06 | 02
#0380-d336 @A: 06 28 13 25 | 11
#0381-d336 @A: 14 08 13 19 | 03
#0382-d336 @A: 25 13 02 22 | 10
#0383-d336 @A: 12 07 16 27 | 12
#0384-d336 @A: 24 26 16 27 | 05
#0385-d336 @A: 10 20 24 16 | 07
#0386-d336 @A: 16 34 29 28 | 08
#0387-d336 @A: 28 05 03 16 | 01
#0388-d336 @A: 21 16 28 08 | 09
#0389-d336 @A: 12 03 24 20 | 06
#0390-d336 @A: 12 22 07 21 | 04
#0391-d336 @A: 21 12 10 31 | 02
#0392-d336 @A: 14 34 24 22 | 11
#0393-d336 @A: 19 31 01 24 | 03
#0394-d336 @A: 05 24 19 08 | 10
#0395-d336 @A: 05 28 24 30 | 12
#0396-d336 @A: 14 24 10 19 | 05
#0397-d336 @A: 30 20 25 24 | 07
#0398-d336 @A: 14 24 20 28 | 08
#0399-d336 @A: 27 21 30 14 | 01
#0400-d336 @A: 21 08 27 10 | 09
#0401-d336 @A: 20 31 21 27 | 06
#0402-d336 @A: 27 31 02 03 | 04
#0403-d336 @A: 34 05 06 14 | 02
#0404-d336 @A: 05 07 02 34 | 11
#0405-d336 @A: 22 07 30 34 | 03
#0406-d336 @A: 07 03 28 34 | 10
#0407-d336 @A: 02 29 01 03 | 12
#0408-d336 @A: 29 25 06 22 | 05
#0409-d336 @A: 28 29 14 07 | 07
#0410-d336 @A: 14 29 25 02 | 08
#0411-d336 @A: 01 22 06 14 | 01
#0412-d336 @A: 01 07 14 03 | 09
#0413-d336 @A: 01 02 28 14 | 06
#0414-d336 @A: 26 31 14 01 | 04
#0415-d336 @A: 03 20 06 31 | 02
#0416-d336 @A: 15 32 33 17 | 11
#0417-d336 @A: 34 17 33 05 | 03
#0418-d336 @A: 33 06 35 23 | 10
#0419-d336 @A: 14 18 35 33 | 12
#0420-d336 @A: 35 11 09 33 | 05
#0421-d336 @A: 33 35 32 31 | 07
#0422-d336 @A: 18 01 33 10 | 08
#0423-d336 @A: 15 33 13 30 | 01
#0424-d336 @A: 33 28 15 27 | 09
#0425-d336 @A: 32 11 33 10 | 06
#0426-d336 @A: 19 33 24 32 | 04
#0427-d336 @A: 21 04 33 20 | 02
#0428-d336 @A: 16 33 28 30 | 11
#0429-d336 @A: 34 21 33 12 | 03
#0430-d336 @A: 33 20 24 05 | 10
#0431-d336 @A: 22 33 06 19 | 12
#0432-d336 @A: 19 01 15 17 | 05
#0433-d336 @A: 17 11 25 04 | 07
#0434-d336 @A: 30 17 32 12 | 08
#0435-d336 @A: 17 26 27 32 | 01
#0436-d336 @A: 29 17 04 30 | 09
#0437-d336 @A: 17 20 13 19 | 06
#0438-d336 @A: 14 13 17 21 | 04
#0439-d336 @A: 05 12 16 17 | 02
#0440-d336 @A: 24 03 17 26 | 11
#0441-d336 @A: 27 01 07 17 | 03
#0442-d336 @A: 34 01 17 25 | 10
#0443-d336 @A: 17 26 34 21 | 12
#0444-d336 @A: 30 17 06 14 | 05
#0445-d336 @A: 22 26 02 17 | 07
#0446-d336 @A: 35 19 21 23 | 08
#0447-d336 @A: 35 18 25 15 | 01
#0448-d336 @A: 15 35 29 28 | 09
#0449-d336 @A: 03 07 15 35 | 06
#0450-d336 @A: 09 30 13 35 | 04
#0451-d336 @A: 35 28 09 08 | 02
#0452-d336 @A: 08 10 35 11 | 11
#0453-d336 @A: 35 21 04 13 | 03
#0454-d336 @A: 35 24 04 19 | 10
#0455-d336 @A: 25 05 16 35 | 12
#0456-d336 @A: 10 07 35 27 | 05
#0457-d336 @A: 31 06 30 35 | 07
#0458-d336 @A: 19 08 35 03 | 08
#0459-d336 @A: 11 12 21 23 | 01
#0460-d336 @A: 12 13 32 23 | 09
#0461-d336 @A: 23 12 04 22 | 06
#0462-d336 @A: 22 23 01 13 | 04
#0463-d336 @A: 08 16 23 27 | 02
#0464-d336 @A: 12 24 27 23 | 11
#0465-d336 @A: 23 29 27 30 | 03
#0466-d336 @A: 05 02 23 26 | 10
#0467-d336 @A: 23 05 08 25 | 12
#0468-d336 @A: 03 19 02 23 | 05
#0469-d336 @A: 07 31 08 23 | 07
#0470-d336 @A: 24 28 18 15 | 08
#0471-d336 @A: 09 18 06 04 | 01
#0472-d336 @A: 18 22 34 09 | 09
#0473-d336 @A: 20 32 18 31 | 06
#0474-d336 @A: 04 27 28 18 | 04
#0475-d336 @A: 30 13 29 18 | 02
#0476-d336 @A: 16 18 19 30 | 11
#0477-d336 @A: 02 12 28 18 | 03
#0478-d336 @A: 26 18 01 34 | 10
#0479-d336 @A: 08 07 18 05 | 12
#0480-d336 @A: 18 14 22 05 | 05
#0481-d336 @A: 18 08 19 02 | 07
#0482-d336 @A: 05 09 26 15 | 08
#0483-d336 @A: 24 30 11 15 | 01
#0484-d336 @A: 21 32 15 01 | 09
#0485-d336 @A: 32 31 03 15 | 06
#0486-d336 @A: 16 07 15 28 | 04
#0487-d336 @A: 25 15 20 12 | 02
#0488-d336 @A: 29 10 27 15 | 11
#0489-d336 @A: 15 31 06 19 | 03
#0490-d336 @A: 02 21 15 10 | 10
#0491-d336 @A: 28 14 21 15 | 12
#0492-d336 @A: 15 10 03 30 | 05
#0493-d336 @A: 15 02 22 31 | 07
#0494-d336 @A: 08 25 28 15 | 08
#0495-d336 @A: 12 02 09 04 | 01
#0496-d336 @A: 09 10 01 12 | 09
#0497-d336 @A: 34 01 03 09 | 06
#0498-d336 @A: 09 26 06 22 | 04
#0499-d336 @A: 30 09 08 14 | 02
#0500-d336 @A: 31 09 03 28 | 11
#0501-d336 @A: 16 19 11 24 | 03
#0502-d336 @A: 27 34 11 22 | 10
#0503-d336 @A: 30 11 07 27 | 12
#0504-d336 @A: 30 06 21 11 | 05
#0505-d336 @A: 28 11 10 07 | 07
#0506-d336 @A: 25 08 32 04 | 08
#0507-d336 @A: 13 27 32 08 | 01
#0508-d336 @A: 31 13 32 22 | 09
#0509-d336 @A: 21 02 16 32 | 06
#0510-d336 @A: 32 30 24 27 | 04
#0511-d336 @A: 26 32 31 06 | 02
#0512-d336 @A: 30 28 21 32 | 11
#0513-d336 @A: 27 22 04 24 | 03
#0514-d336 @A: 05 03 27 04 | 10
#0515-d336 @A: 19 07 04 26 | 12
#0516-d336 @A: 16 29 19 13 | 05
#0517-d336 @A: 13 10 12 34 | 07
#0518-d336 @A: 27 13 19 06 | 08
#0519-d336 @A: 31 13 10 05 | 01
#0520-d336 @A: 13 14 06 10 | 09
#0521-d336 @A: 13 02 31 28 | 06
#0522-d336 @A: 13 03 26 25 | 04
#0523-d336 @A: 29 16 12 21 | 02
#0524-d336 @A: 02 16 12 22 | 11
#0525-d336 @A: 01 02 16 20 | 03
#0526-d336 @A: 05 16 20 08 | 10
#0527-d336 @A: 14 06 16 03 | 12
#0528-d336 @A: 26 28 16 10 | 05
#0529-d336 @A: 12 20 27 06 | 07
#0530-d336 @A: 25 07 29 12 | 08
#0531-d336 @A: 05 22 30 12 | 01
#0532-d336 @A: 14 31 12 30 | 09
#0533-d336 @A: 12 08 30 25 | 06
#0534-d336 @A: 08 02 26 12 | 04
#0535-d336 @A: 08 12 03 31 | 02
#0536-d336 @A: 26 22 24 31 | 11
#0537-d336 @A: 27 10 05 25 | 03
#0538-d336 @A: 19 31 25 27 | 10
#0539-d336 @A: 27 21 02 22 | 12
#0540-d336 @A: 25 19 34 10 | 05
#0541-d336 @A: 34 07 21 08 | 07
#0542-d336 @A: 26 34 14 07 | 08
#0543-d336 @A: 25 34 03 31 | 01
#0544-d336 @A: 05 14 29 01 | 09
#0545-d336 @A: 29 06 05 20 | 06
#0546-d336 @A: 30 07 06 29 | 04
#0547-d336 @A: 08 02 07 29 | 02
#0548-d336 @A: 20 29 14 02 | 11
#0549-d336 @A: 22 10 29 08 | 03
#0550-d336 @A: 06 01 14 20 | 10
#0551-d336 @A: 14 21 08 01 | 12
#0552-d336 @A: 02 25 06 20 | 05
#0553-d336 @A: 33 10 35 26 | 07
#0554-d336 @A: 04 33 18 25 | 08
#0555-d336 @A: 15 19 10 33 | 01
#0556-d336 @A: 22 21 33 09 | 09
#0557-d336 @A: 33 02 04 01 | 06
#0558-d336 @A: 16 33 14 01 | 04
#0559-d336 @A: 05 33 28 31 | 02
#0560-d336 @A: 33 08 28 26 | 11
#0561-d336 @A: 32 19 17 35 | 03
#0562-d336 @A: 03 35 29 17 | 10
#0563-d336 @A: 23 18 28 17 | 12
#0564-d336 @A: 07 18 17 13 | 05
#0565-d336 @A: 17 15 13 03 | 07
#0566-d336 @A: 15 17 34 06 | 08
#0567-d336 @A: 34 09 17 13 | 01
#0568-d336 @A: 13 24 08 17 | 09
#0569-d336 @A: 03 17 16 27 | 06
#0570-d336 @A: 17 12 26 20 | 04
#0571-d336 @A: 28 17 12 14 | 02
#0572-d336 @A: 24 27 17 25 | 11
#0573-d336 @A: 02 17 01 06 | 03
#0574-d336 @A: 19 06 21 17 | 10
#0575-d336 @A: 22 17 21 10 | 12
#0576-d336 @A: 18 24 23 35 | 05
#0577-d336 @A: 23 04 27 35 | 07
#0578-d336 @A: 12 35 18 04 | 08
#0579-d336 @A: 09 19 35 15 | 01
#0580-d336 @A: 04 09 35 14 | 09
#0581-d336 @A: 35 26 09 27 | 06
#0582-d336 @A: 30 35 12 10 | 04
#0583-d336 @A: 35 26 06 08 | 02
#0584-d336 @A: 30 14 26 35 | 11
#0585-d336 @A: 14 35 03 20 | 03
#0586-d336 @A: 13 05 23 18 | 10
#0587-d336 @A: 12 18 07 23 | 12
#0588-d336 @A: 29 23 18 14 | 05
#0589-d336 @A: 15 23 11 25 | 07
#0590-d336 @A: 28 04 15 23 | 08
#0591-d336 @A: 13 23 11 20 | 01
#0592-d336 @A: 23 32 05 04 | 09
#0593-d336 @A: 32 24 14 23 | 06
#0594-d336 @A: 02 23 04 13 | 04
#0595-d336 @A: 23 19 01 04 | 02
#0596-d336 @A: 12 05 01 23 | 11
#0597-d336 @A: 23 31 34 29 | 03
#0598-d336 @A: 23 21 25 31 | 10
#0599-d336 @A: 25 22 23 07 | 12
#0600-d336 @A: 15 18 05 34 | 05
#0601-d336 @A: 02 18 09 11 | 07
#0602-d336 @A: 09 18 29 31 | 08
#0603-d336 @A: 09 18 10 28 | 01
#0604-d336 @A: 32 18 31 27 | 09
#0605-d336 @A: 03 01 32 18 | 06
#0606-d336 @A: 10 04 18 13 | 04
#0607-d336 @A: 08 24 18 10 | 02
#0608-d336 @A: 30 18 10 27 | 11
#0609-d336 @A: 05 03 21 18 | 03
#0610-d336 @A: 07 18 10 06 | 10
#0611-d336 @A: 02 30 25 18 | 12
#0612-d336 @A: 10 03 18 25 | 05
#0613-d336 @A: 09 15 22 24 | 07
#0614-d336 @A: 15 12 32 05 | 08
#0615-d336 @A: 25 15 29 32 | 01
#0616-d336 @A: 12 25 13 15 | 09
#0617-d336 @A: 15 06 22 13 | 06
#0618-d336 @A: 24 08 15 16 | 04
#0619-d336 @A: 29 16 22 15 | 02
#0620-d336 @A: 12 19 29 15 | 11
#0621-d336 @A: 12 15 21 03 | 03
#0622-d336 @A: 26 27 20 15 | 10
#0623-d336 @A: 15 01 29 34 | 12
#0624-d336 @A: 06 15 10 08 | 05
#0625-d336 @A: 07 15 08 22 | 07
#0626-d336 @A: 31 15 25 14 | 08
#0627-d336 @A: 09 11 03 20 | 01
#0628-d336 @A: 01 09 32 22 | 09
#0629-d336 @A: 07 04 27 09 | 06
#0630-d336 @A: 07 12 13 09 | 04
#0631-d336 @A: 14 16 24 09 | 02
#0632-d336 @A: 01 16 06 09 | 11
#0633-d336 @A: 09 20 08 24 | 03
#0634-d336 @A: 01 20 27 09 | 10
#0635-d336 @A: 30 09 21 05 | 12
#0636-d336 @A: 07 22 09 02 | 05
#0637-d336 @A: 14 32 11 04 | 07
#0638-d336 @A: 26 11 16 32 | 08
#0639-d336 @A: 25 11 32 34 | 01
#0640-d336 @A: 01 11 12 29 | 09
#0641-d336 @A: 34 24 08 11 | 06
#0642-d336 @A: 29 21 11 34 | 04
#0643-d336 @A: 05 08 11 28 | 02
#0644-d336 @A: 11 28 06 19 | 11
#0645-d336 @A: 22 02 06 11 | 03
#0646-d336 @A: 29 26 13 32 | 10
#0647-d336 @A: 10 32 13 20 | 12
#0648-d336 @A: 16 01 32 07 | 05
#0649-d336 @A: 27 28 34 32 | 07
#0650-d336 @A: 32 26 05 25 | 08
#0651-d336 @A: 19 32 21 14 | 01
#0652-d336 @A: 05 04 01 16 | 09
#0653-d336 @A: 14 03 04 24 | 06
#0654-d336 @A: 06 04 30 27 | 04
#0655-d336 @A: 08 27 02 04 | 02
#0656-d336 @A: 28 04 19 08 | 11
#0657-d336 @A: 04 28 25 26 | 03
#0658-d336 @A: 21 27 13 24 | 10
#0659-d336 @A: 22 30 13 21 | 12
#0660-d336 @A: 26 10 13 21 | 05
#0661-d336 @A: 07 13 22 03 | 07
#0662-d336 @A: 26 28 14 13 | 08
#0663-d336 @A: 08 13 31 20 | 01
#0664-d336 @A: 16 08 01 12 | 09
#0665-d336 @A: 12 16 22 20 | 06
#0666-d336 @A: 16 08 10 05 | 04
#0667-d336 @A: 21 14 16 07 | 02
#0668-d336 @A: 16 30 14 20 | 11
#0669-d336 @A: 02 03 08 16 | 03
#0670-d336 @A: 01 26 12 27 | 10
#0671-d336 @A: 12 14 34 29 | 12
#0672-d336 @A: 02 12 14 21 | 05
#0673-d336 @A: 27 24 34 05 | 07
#0674-d336 @A: 24 27 29 01 | 08
#0675-d336 @A: 24 03 27 06 | 01
#0676-d336 @A: 31 24 28 27 | 09
#0677-d336 @A: 24 10 34 26 | 06
#0678-d336 @A: 14 06 26 24 | 04
#0679-d336 @A: 28 24 06 10 | 02
#0680-d336 @A: 19 28 25 24 | 11
#0681-d336 @A: 24 31 07 21 | 03
#0682-d336 @A: 28 29 26 27 | 10
#0683-d336 @A: 27 31 05 30 | 12
#0684-d336 @A: 27 28 14 05 | 05
#0685-d336 @A: 19 28 22 27 | 07
#0686-d336 @A: 28 03 27 10 | 08
#0687-d336 @A: 29 34 08 03 | 01
#0688-d336 @A: 34 20 21 28 | 09
#0689-d336 @A: 34 30 26 31 | 06
#0690-d336 @A: 22 34 26 03 | 04
#0691-d336 @A: 29 30 08 01 | 02
#0692-d336 @A: 19 28 29 30 | 11
#0693-d336 @A: 03 31 07 29 | 03
#0694-d336 @A: 07 20 05 28 | 10
#0695-d336 @A: 20 26 14 21 | 12
#0696-d336 @A: 07 26 20 02 | 05
#0697-d336 @A: 17 33 06 09 | 07
#0698-d336 @A: 09 33 23 14 | 08
#0699-d336 @A: 23 33 19 11 | 01
#0700-d336 @A: 33 12 31 23 | 09
#0701-d336 @A: 29 18 19 33 | 06
#0702-d336 @A: 09 01 33 31 | 04
#0703-d336 @A: 09 19 33 26 | 02
#0704-d336 @A: 04 33 28 24 | 11
#0705-d336 @A: 27 16 31 33 | 03
#0706-d336 @A: 12 02 33 24 | 10
#0707-d336 @A: 28 12 33 01 | 12
#0708-d336 @A: 01 03 27 33 | 05
#0709-d336 @A: 33 22 27 30 | 07
#0710-d336 @A: 33 31 07 06 | 08
#0711-d336 @A: 33 20 08 03 | 01
#0712-d336 @A: 35 17 11 21 | 09
#0713-d336 @A: 17 30 23 20 | 06
#0714-d336 @A: 05 17 11 18 | 04
#0715-d336 @A: 17 25 18 32 | 02
#0716-d336 @A: 17 03 18 34 | 11
#0717-d336 @A: 17 11 08 15 | 03
#0718-d336 @A: 15 24 17 05 | 10
#0719-d336 @A: 17 32 09 16 | 12
#0720-d336 @A: 17 04 09 05 | 05
#0721-d336 @A: 22 09 08 17 | 07
#0722-d336 @A: 17 32 11 02 | 08
#0723-d336 @A: 17 31 01 04 | 01
#0724-d336 @A: 17 21 08 04 | 09
#0725-d336 @A: 34 27 17 30 | 06
#0726-d336 @A: 20 17 25 01 | 04
#0727-d336 @A: 31 30 19 17 | 02
#0728-d336 @A: 23 28 35 13 | 11
#0729-d336 @A: 18 11 07 35 | 03
#0730-d336 @A: 05 15 01 35 | 10
#0731-d336 @A: 35 19 22 01 | 12
#0732-d336 @A: 05 22 35 06 | 05
#0733-d336 @A: 10 35 06 19 | 07
#0734-d336 @A: 14 31 10 35 | 08
#0735-d336 @A: 03 10 22 35 | 01
#0736-d336 @A: 06 23 26 18 | 09
#0737-d336 @A: 23 34 15 03 | 06
#0738-d336 @A: 23 02 27 09 | 04
#0739-d336 @A: 06 23 11 08 | 02
#0740-d336 @A: 31 32 02 23 | 11
#0741-d336 @A: 34 26 23 04 | 03
#0742-d336 @A: 23 29 02 16 | 10
#0743-d336 @A: 12 06 23 30 | 12
#0744-d336 @A: 23 06 27 01 | 05
#0745-d336 @A: 28 06 05 23 | 07
#0746-d336 @A: 06 23 20 21 | 08
#0747-d336 @A: 14 10 07 23 | 01
#0748-d336 @A: 23 20 26 31 | 09
#0749-d336 @A: 28 03 20 23 | 06
#0750-d336 @A: 21 09 18 12 | 04
#0751-d336 @A: 18 11 21 32 | 02
#0752-d336 @A: 12 30 01 18 | 11
#0753-d336 @A: 07 20 01 18 | 03
#0754-d336 @A: 06 28 18 30 | 10
#0755-d336 @A: 02 07 03 18 | 12
#0756-d336 @A: 14 18 03 31 | 05
#0757-d336 @A: 14 25 18 28 | 07
#0758-d336 @A: 18 31 28 22 | 08
#0759-d336 @A: 15 09 30 32 | 01
#0760-d336 @A: 15 11 16 03 | 09
#0761-d336 @A: 04 32 22 15 | 06
#0762-d336 @A: 15 13 28 05 | 04
#0763-d336 @A: 01 15 16 26 | 02
#0764-d336 @A: 15 27 12 30 | 11
#0765-d336 @A: 26 15 02 28 | 03
#0766-d336 @A: 11 09 29 14 | 10
#0767-d336 @A: 05 11 07 09 | 12
#0768-d336 @A: 11 21 09 08 | 05
#0769-d336 @A: 09 13 07 20 | 07
#0770-d336 @A: 16 12 31 09 | 08
#0771-d336 @A: 29 09 06 02 | 01
#0772-d336 @A: 25 31 05 09 | 09
#0773-d336 @A: 22 19 09 14 | 06
#0774-d336 @A: 25 26 09 02 | 04
#0775-d336 @A: 25 03 22 09 | 02
#0776-d336 @A: 04 27 26 11 | 11
#0777-d336 @A: 04 06 11 29 | 03
#0778-d336 @A: 10 20 04 11 | 10
#0779-d336 @A: 11 29 31 13 | 12
#0780-d336 @A: 01 11 06 13 | 05
#0781-d336 @A: 29 28 24 11 | 07
#0782-d336 @A: 11 01 25 24 | 08
#0783-d336 @A: 11 27 20 14 | 01
#0784-d336 @A: 03 05 19 11 | 09
#0785-d336 @A: 02 25 08 11 | 06
#0786-d336 @A: 08 32 12 28 | 04
#0787-d336 @A: 32 22 02 19 | 02
#0788-d336 @A: 07 21 32 20 | 11
#0789-d336 @A: 07 32 28 02 | 03
#0790-d336 @A: 25 31 32 30 | 10
#0791-d336 @A: 04 03 13 12 | 12
#0792-d336 @A: 27 04 16 21 | 05
#0793-d336 @A: 04 26 01 22 | 07
#0794-d336 @A: 06 02 26 04 | 08
#0795-d336 @A: 19 21 04 31 | 01
#0796-d336 @A: 28 13 16 27 | 09
#0797-d336 @A: 13 24 30 26 | 06
#0798-d336 @A: 27 34 13 07 | 04
#0799-d336 @A: 07 13 28 08 | 02
#0800-d336 @A: 13 25 08 31 | 11
#0801-d336 @A: 27 29 16 05 | 03
#0802-d336 @A: 29 19 20 16 | 10
#0803-d336 @A: 16 20 06 07 | 12
#0804-d336 @A: 16 30 08 06 | 05
#0805-d336 @A: 25 21 30 16 | 07
#0806-d336 @A: 20 03 16 26 | 08
#0807-d336 @A: 25 10 16 31 | 01
#0808-d336 @A: 21 30 24 12 | 09
#0809-d336 @A: 19 05 12 27 | 06
#0810-d336 @A: 03 12 22 27 | 04
#0811-d336 @A: 19 14 12 07 | 02
#0812-d336 @A: 12 22 19 25 | 11
#0813-d336 @A: 12 28 21 25 | 03
#0814-d336 @A: 21 07 27 19 | 10
#0815-d336 @A: 31 27 21 26 | 12
#0816-d336 @A: 03 21 25 27 | 05
#0817-d336 @A: 08 27 07 03 | 07
#0818-d336 @A: 28 27 07 25 | 08
#0819-d336 @A: 30 27 02 26 | 01
#0820-d336 @A: 28 08 27 30 | 09
#0821-d336 @A: 34 20 30 29 | 06
#0822-d336 @A: 05 26 34 28 | 04
#0823-d336 @A: 34 03 06 19 | 02
#0824-d336 @A: 14 02 30 34 | 11
#0825-d336 @A: 10 14 34 08 | 03
#0826-d336 @A: 05 31 29 22 | 10
#0827-d336 @A: 29 22 03 30 | 12
#0828-d336 @A: 01 03 06 25 | 05
#0829-d336 @A: 01 21 30 10 | 07
#0830-d336 @A: 02 01 31 08 | 08
#0831-d336 @A: 22 20 05 28 | 01
#0832-d336 @A: 08 35 33 17 | 09
#0833-d336 @A: 15 33 35 21 | 06
#0834-d336 @A: 12 13 35 33 | 04
#0835-d336 @A: 33 13 23 10 | 02
#0836-d336 @A: 30 01 33 23 | 11
#0837-d336 @A: 01 33 08 15 | 03
#0838-d336 @A: 33 09 32 02 | 10
#0839-d336 @A: 16 10 33 09 | 12
#0840-d336 @A: 33 11 02 13 | 05
#0841-d336 @A: 33 13 32 03 | 07
#0842-d336 @A: 29 21 33 13 | 08
#0843-d336 @A: 33 19 27 02 | 01
#0844-d336 @A: 33 03 05 10 | 09
#0845-d336 @A: 02 33 14 03 | 06
#0846-d336 @A: 16 18 17 21 | 04
#0847-d336 @A: 32 17 07 04 | 02
#0848-d336 @A: 32 06 17 13 | 11
#0849-d336 @A: 32 20 17 02 | 03
#0850-d336 @A: 29 07 17 34 | 10
#0851-d336 @A: 22 14 25 17 | 12
#0852-d336 @A: 35 30 18 32 | 05
#0853-d336 @A: 08 18 13 35 | 07
#0854-d336 @A: 26 35 18 02 | 08
#0855-d336 @A: 35 04 30 15 | 01
#0856-d336 @A: 32 09 35 06 | 09
#0857-d336 @A: 25 32 24 35 | 06
#0858-d336 @A: 35 32 14 27 | 04
#0859-d336 @A: 28 04 35 06 | 02
#0860-d336 @A: 12 26 34 35 | 11
#0861-d336 @A: 01 02 35 12 | 03
#0862-d336 @A: 14 35 19 05 | 10
#0863-d336 @A: 19 26 35 28 | 12
#0864-d336 @A: 07 35 22 26 | 05
#0865-d336 @A: 35 26 20 08 | 07
#0866-d336 @A: 28 31 25 35 | 08
#0867-d336 @A: 23 32 22 18 | 01
#0868-d336 @A: 18 27 23 20 | 09
#0869-d336 @A: 09 05 23 29 | 06
#0870-d336 @A: 11 22 16 23 | 04
#0871-d336 @A: 32 23 01 26 | 02
#0872-d336 @A: 16 10 23 04 | 11
#0873-d336 @A: 23 24 21 04 | 03
#0874-d336 @A: 05 23 34 16 | 10
#0875-d336 @A: 23 05 20 12 | 12
#0876-d336 @A: 14 23 34 01 | 05
#0877-d336 @A: 19 07 23 28 | 07
#0878-d336 @A: 31 19 22 23 | 08
#0879-d336 @A: 23 03 08 21 | 01
#0880-d336 @A: 15 20 16 18 | 09
#0881-d336 @A: 22 15 18 12 | 06
#0882-d336 @A: 18 15 03 26 | 04
#0883-d336 @A: 21 11 18 20 | 02
#0884-d336 @A: 32 18 34 10 | 11
#0885-d336 @A: 18 07 04 22 | 03
#0886-d336 @A: 18 14 04 08 | 10
#0887-d336 @A: 27 13 18 26 | 12
#0888-d336 @A: 34 06 18 12 | 05
#0889-d336 @A: 19 18 12 03 | 07
#0890-d336 @A: 05 20 18 34 | 08
#0891-d336 @A: 31 18 19 07 | 01
#0892-d336 @A: 30 08 22 18 | 09
#0893-d336 @A: 15 20 09 32 | 06
#0894-d336 @A: 19 11 15 32 | 04
#0895-d336 @A: 27 15 34 26 | 02
#0896-d336 @A: 34 07 19 15 | 11
#0897-d336 @A: 08 19 15 20 | 03
#0898-d336 @A: 15 21 30 07 | 10
#0899-d336 @A: 30 15 25 26 | 12
#0900-d336 @A: 10 15 26 22 | 05
#0901-d336 @A: 15 20 10 22 | 07
#0902-d336 @A: 30 09 12 11 | 08
#0903-d336 @A: 34 19 09 04 | 01
#0904-d336 @A: 21 09 13 31 | 09
#0905-d336 @A: 34 12 25 09 | 06
#0906-d336 @A: 09 34 28 24 | 04
#0907-d336 @A: 05 09 02 08 | 02
#0908-d336 @A: 07 08 19 09 | 11
#0909-d336 @A: 21 25 09 14 | 03
#0910-d336 @A: 09 25 31 20 | 10
#0911-d336 @A: 04 11 08 01 | 12
#0912-d336 @A: 16 12 28 11 | 05
#0913-d336 @A: 31 05 16 11 | 07
#0914-d336 @A: 11 25 12 26 | 08
#0915-d336 @A: 24 20 11 31 | 01
#0916-d336 @A: 11 20 01 31 | 09
#0917-d336 @A: 05 06 26 11 | 06
#0918-d336 @A: 11 26 08 30 | 04
#0919-d336 @A: 11 03 14 28 | 02
#0920-d336 @A: 27 12 32 10 | 11
#0921-d336 @A: 07 12 34 32 | 03
#0922-d336 @A: 26 34 02 32 | 10
#0923-d336 @A: 06 02 14 32 | 12
#0924-d336 @A: 03 25 32 19 | 05
#0925-d336 @A: 32 21 10 07 | 07
#0926-d336 @A: 12 05 34 04 | 08
#0927-d336 @A: 27 29 14 04 | 01
#0928-d336 @A: 04 02 05 20 | 09
#0929-d336 @A: 14 04 30 22 | 06
#0930-d336 @A: 25 13 01 16 | 04
#0931-d336 @A: 29 13 24 07 | 02
#0932-d336 @A: 30 03 14 13 | 11
#0933-d336 @A: 13 08 26 22 | 03
#0934-d336 @A: 16 01 19 27 | 10
#0935-d336 @A: 16 01 34 21 | 12
#0936-d336 @A: 29 12 24 03 | 05
#0937-d336 @A: 21 29 12 20 | 07
#0938-d336 @A: 08 12 05 21 | 08
#0939-d336 @A: 12 02 05 31 | 01
#0940-d336 @A: 12 08 06 07 | 09
#0941-d336 @A: 12 28 06 03 | 06
#0942-d336 @A: 12 22 26 28 | 04
#0943-d336 @A: 24 30 19 06 | 02
#0944-d336 @A: 30 20 06 24 | 11
#0945-d336 @A: 24 14 28 08 | 03
#0946-d336 @A: 10 24 31 03 | 10
#0947-d336 @A: 06 05 27 21 | 12
#0948-d336 @A: 22 10 34 05 | 05
#0949-d336 @A: 34 14 21 03 | 07
#0950-d336 @A: 22 01 29 07 | 08
#0951-d336 @A: 21 01 26 05 | 01
#0952-d336 @A: 03 21 22 01 | 09
#0953-d336 @A: 01 30 28 03 | 06
#0954-d336 @A: 20 06 28 10 | 04
#0955-d336 @A: 20 03 19 21 | 02
#0956-d336 @A: 19 28 20 31 | 11
#0957-d336 @A: 04 17 33 14 | 03
#0958-d336 @A: 33 17 27 10 | 10
#0959-d336 @A: 28 17 29 33 | 12
#0960-d336 @A: 24 33 35 22 | 05
#0961-d336 @A: 28 33 20 35 | 07
#0962-d336 @A: 23 26 27 33 | 08
#0963-d336 @A: 18 33 07 34 | 01
#0964-d336 @A: 05 16 15 33 | 09
#0965-d336 @A: 15 33 14 29 | 06
#0966-d336 @A: 11 33 16 08 | 04
#0967-d336 @A: 31 11 30 33 | 02
#0968-d336 @A: 32 33 21 27 | 11
#0969-d336 @A: 33 07 32 26 | 03
#0970-d336 @A: 33 04 10 21 | 10
#0971-d336 @A: 26 33 13 31 | 12
#0972-d336 @A: 27 12 14 33 | 05
#0973-d336 @A: 29 27 33 20 | 07
#0974-d336 @A: 35 26 17 04 | 08
#0975-d336 @A: 13 17 35 31 | 01
#0976-d336 @A: 17 21 23 32 | 09
#0977-d336 @A: 14 17 23 26 | 06
#0978-d336 @A: 18 30 17 09 | 04
#0979-d336 @A: 17 04 18 02 | 02
#0980-d336 @A: 27 17 22 18 | 11
#0981-d336 @A: 15 20 29 17 | 03
#0982-d336 @A: 17 24 28 32 | 10
#0983-d336 @A: 32 22 17 03 | 12
#0984-d336 @A: 24 17 02 16 | 05
#0985-d336 @A: 34 17 12 02 | 07
#0986-d336 @A: 17 19 22 05 | 08
#0987-d336 @A: 02 07 17 21 | 01
#0988-d336 @A: 17 03 31 21 | 09
#0989-d336 @A: 17 20 07 03 | 06
#0990-d336 @A: 22 12 35 09 | 04
#0991-d336 @A: 11 24 27 35 | 02
#0992-d336 @A: 01 35 14 11 | 11
#0993-d336 @A: 29 35 32 07 | 03
#0994-d336 @A: 04 03 01 35 | 10
#0995-d336 @A: 16 06 27 35 | 12
#0996-d336 @A: 35 31 24 12 | 05
#0997-d336 @A: 12 05 35 03 | 07
#0998-d336 @A: 35 31 19 29 | 08
#0999-d336 @A: 08 35 05 31 | 01
#1000-d336 @A: 25 19 07 35 | 09
#1001-d336 @A: 30 35 22 28 | 06
#1002-d336 @A: 10 35 20 30 | 04
#1003-d336 @A: 08 23 34 18 | 02
#1004-d336 @A: 23 15 21 09 | 11
#1005-d336 @A: 09 11 23 32 | 03
#1006-d336 @A: 23 13 09 08 | 10
#1007-d336 @A: 34 09 20 23 | 12
#1008-d336 @A: 23 27 11 28 | 05
#1009-d336 @A: 10 11 29 23 | 07
#1010-d336 @A: 23 28 24 01 | 08
#1011-d336 @A: 23 02 20 10 | 01
#1012-d336 @A: 08 28 10 23 | 09
#1013-d336 @A: 15 21 18 13 | 06
#1014-d336 @A: 18 09 20 02 | 04
#1015-d336 @A: 29 28 32 18 | 02
#1016-d336 @A: 12 18 31 13 | 11
#1017-d336 @A: 18 13 34 28 | 03
#1018-d336 @A: 13 18 19 01 | 10
#1019-d336 @A: 26 18 12 16 | 12
#1020-d336 @A: 28 01 16 18 | 05
#1021-d336 @A: 27 18 29 03 | 07
#1022-d336 @A: 18 27 02 05 | 08
#1023-d336 @A: 29 07 21 18 | 01
#1024-d336 @A: 22 26 19 18 | 09
#1025-d336 @A: 18 21 30 31 | 06
#1026-d336 @A: 22 18 10 02 | 04
#1027-d336 @A: 28 11 15 34 | 02
#1028-d336 @A: 07 01 15 11 | 11
#1029-d336 @A: 08 04 15 12 | 03
#1030-d336 @A: 20 15 06 04 | 10
#1031-d336 @A: 13 01 02 15 | 12
#1032-d336 @A: 15 14 27 24 | 05
#1033-d336 @A: 14 05 10 15 | 07
#1034-d336 @A: 07 14 06 15 | 08
#1035-d336 @A: 15 28 03 19 | 01
#1036-d336 @A: 15 10 31 07 | 09
#1037-d336 @A: 27 09 32 05 | 06
#1038-d336 @A: 19 29 09 32 | 04
#1039-d336 @A: 04 09 16 22 | 02
#1040-d336 @A: 24 04 09 25 | 11
#1041-d336 @A: 24 06 13 09 | 03
#1042-d336 @A: 08 16 26 09 | 10
#1043-d336 @A: 27 09 12 06 | 12
#1044-d336 @A: 09 07 34 10 | 05
#1045-d336 @A: 03 09 06 30 | 07
#1046-d336 @A: 19 30 09 10 | 08
#1047-d336 @A: 09 26 10 31 | 01
#1048-d336 @A: 03 10 08 09 | 09
#1049-d336 @A: 22 12 11 32 | 06
#1050-d336 @A: 32 11 08 29 | 04
#1051-d336 @A: 20 05 11 32 | 02
#1052-d336 @A: 11 13 27 14 | 11
#1053-d336 @A: 05 11 22 21 | 03
#1054-d336 @A: 26 11 02 03 | 10
#1055-d336 @A: 20 11 02 28 | 12
#1056-d336 @A: 28 16 32 04 | 05
#1057-d336 @A: 03 20 32 04 | 07
#1058-d336 @A: 21 24 03 32 | 08
#1059-d336 @A: 25 32 27 01 | 01
#1060-d336 @A: 01 32 20 22 | 09
#1061-d336 @A: 32 21 05 31 | 06
#1062-d336 @A: 05 10 30 32 | 04
#1063-d336 @A: 10 32 19 31 | 02
#1064-d336 @A: 22 21 32 08 | 11
#1065-d336 @A: 04 30 13 34 | 03
#1066-d336 @A: 04 13 25 05 | 10
#1067-d336 @A: 04 29 26 12 | 12
#1068-d336 @A: 07 04 01 12 | 05
#1069-d336 @A: 05 06 04 19 | 07
#1070-d336 @A: 06 07 03 04 | 08
#1071-d336 @A: 31 07 04 28 | 01
#1072-d336 @A: 13 16 22 05 | 09
#1073-d336 @A: 13 28 16 20 | 06
#1074-d336 @A: 27 02 12 13 | 04
#1075-d336 @A: 13 03 10 29 | 02
#1076-d336 @A: 13 06 20 22 | 11
#1077-d336 @A: 31 03 19 13 | 03
#1078-d336 @A: 08 13 10 02 | 10
#1079-d336 @A: 16 26 07 05 | 12
#1080-d336 @A: 24 01 14 12 | 05
#1081-d336 @A: 12 05 14 26 | 07
#1082-d336 @A: 30 02 07 12 | 08
#1083-d336 @A: 25 24 21 06 | 01
#1084-d336 @A: 02 24 31 06 | 09
#1085-d336 @A: 24 28 21 26 | 06
#1086-d336 @A: 24 10 07 30 | 04
#1087-d336 @A: 27 34 29 19 | 02
#1088-d336 @A: 20 10 19 27 | 11
#1089-d336 @A: 22 25 27 26 | 03
#1090-d336 @A: 14 31 27 08 | 10
#1091-d336 @A: 08 34 01 05 | 12
#1092-d336 @A: 19 30 21 34 | 05
#1093-d336 @A: 19 34 22 08 | 07
#1094-d336 @A: 21 31 02 34 | 08
#1095-d336 @A: 22 20 34 03 | 01
#1096-d336 @A: 05 02 21 29 | 09
#1097-d336 @A: 06 14 31 29 | 06
#1098-d336 @A: 25 29 19 08 | 04
#1099-d336 @A: 26 02 31 29 | 02
#1100-d336 @A: 25 28 20 29 | 11
#1101-d336 @A: 25 05 28 01 | 03
#1102-d336 @A: 01 26 30 06 | 10
#1103-d336 @A: 01 07 02 19 | 12
#1104-d336 @A: 01 28 22 08 | 05
#1105-d336 @A: 04 07 33 35 | 07
#1106-d336 @A: 16 33 35 19 | 08
#1107-d336 @A: 23 16 21 33 | 01
#1108-d336 @A: 09 33 30 24 | 09
#1109-d336 @A: 29 03 33 11 | 06
#1110-d336 @A: 33 07 20 11 | 04
#1111-d336 @A: 33 26 16 04 | 02
#1112-d336 @A: 34 33 22 04 | 11
#1113-d336 @A: 33 13 34 08 | 03
#1114-d336 @A: 01 33 20 13 | 10
#1115-d336 @A: 33 28 22 13 | 12
#1116-d336 @A: 07 02 16 33 | 05
#1117-d336 @A: 29 33 12 30 | 07
#1118-d336 @A: 10 22 33 12 | 08
#1119-d336 @A: 33 31 10 34 | 01
#1120-d336 @A: 07 05 33 25 | 09
#1121-d336 @A: 08 14 06 33 | 06
#1122-d336 @A: 31 19 33 08 | 04
#1123-d336 @A: 33 26 02 21 | 02
#1124-d336 @A: 03 33 31 22 | 11
#1125-d336 @A: 35 24 30 17 | 03
#1126-d336 @A: 17 03 23 09 | 10
#1127-d336 @A: 17 25 21 15 | 12
#1128-d336 @A: 16 20 17 11 | 05
#1129-d336 @A: 12 17 31 11 | 07
#1130-d336 @A: 17 06 11 27 | 08
#1131-d336 @A: 11 17 19 29 | 01
#1132-d336 @A: 17 11 01 30 | 09
#1133-d336 @A: 04 12 17 10 | 06
#1134-d336 @A: 04 17 20 31 | 04
#1135-d336 @A: 17 13 01 10 | 02
#1136-d336 @A: 13 25 17 30 | 11
#1137-d336 @A: 12 22 17 29 | 03
#1138-d336 @A: 17 24 29 14 | 10
#1139-d336 @A: 17 22 31 34 | 12
#1140-d336 @A: 28 17 05 21 | 05
#1141-d336 @A: 17 02 10 05 | 07
#1142-d336 @A: 10 03 17 14 | 08
#1143-d336 @A: 28 10 31 17 | 01
#1144-d336 @A: 23 35 10 32 | 09
#1145-d336 @A: 35 07 23 34 | 06
#1146-d336 @A: 35 23 03 30 | 04
#1147-d336 @A: 35 32 13 05 | 02
#1148-d336 @A: 07 35 12 20 | 11
#1149-d336 @A: 14 03 25 35 | 03
#1150-d336 @A: 07 23 09 24 | 10
#1151-d336 @A: 03 25 04 23 | 12
#1152-d336 @A: 03 13 27 23 | 05
#1153-d336 @A: 12 03 23 14 | 07
#1154-d336 @A: 19 29 23 24 | 08
#1155-d336 @A: 06 19 23 14 | 01
#1156-d336 @A: 08 30 23 19 | 09
#1157-d336 @A: 02 23 28 25 | 06
#1158-d336 @A: 26 31 28 23 | 04
#1159-d336 @A: 08 09 18 15 | 02
#1160-d336 @A: 09 18 01 05 | 11
#1161-d336 @A: 02 32 13 18 | 03
#1162-d336 @A: 18 01 29 04 | 10
#1163-d336 @A: 13 14 16 18 | 12
#1164-d336 @A: 08 16 18 29 | 05
#1165-d336 @A: 14 34 18 19 | 07
#1166-d336 @A: 18 14 30 07 | 08
#1167-d336 @A: 26 25 31 18 | 01
#1168-d336 @A: 25 22 20 18 | 09
#1169-d336 @A: 15 09 11 06 | 06
#1170-d336 @A: 04 09 31 15 | 04
#1171-d336 @A: 05 29 11 15 | 02
#1172-d336 @A: 15 13 20 21 | 11
#1173-d336 @A: 21 15 34 22 | 03
#1174-d336 @A: 08 15 30 34 | 10
#1175-d336 @A: 03 15 20 02 | 12
#1176-d336 @A: 11 34 26 09 | 05
#1177-d336 @A: 34 32 08 09 | 07
#1178-d336 @A: 31 09 07 32 | 08
#1179-d336 @A: 09 10 27 13 | 01
#1180-d336 @A: 27 24 19 09 | 09
#1181-d336 @A: 09 01 08 24 | 06
#1182-d336 @A: 09 22 27 29 | 04
#1183-d336 @A: 22 20 29 09 | 02
#1184-d336 @A: 03 05 09 14 | 11
#1185-d336 @A: 09 08 06 31 | 03
#1186-d336 @A: 26 28 30 09 | 10
#1187-d336 @A: 30 31 22 09 | 12
#1188-d336 @A: 30 11 32 13 | 05
#1189-d336 @A: 12 11 04 24 | 07
#1190-d336 @A: 03 04 11 31 | 08
#1191-d336 @A: 11 21 16 13 | 01
#1192-d336 @A: 05 12 10 11 | 09
#1193-d336 @A: 19 26 11 31 | 06
#1194-d336 @A: 02 11 28 30 | 04
#1195-d336 @A: 08 11 20 30 | 02
#1196-d336 @A: 11 22 31 14 | 11
#1197-d336 @A: 11 22 08 03 | 03
#1198-d336 @A: 32 25 16 12 | 10
#1199-d336 @A: 08 05 06 32 | 12
#1200-d336 @A: 30 08 02 32 | 05
#1201-d336 @A: 32 14 20 08 | 07
#1202-d336 @A: 22 10 32 28 | 08
#1203-d336 @A: 06 04 34 16 | 01
#1204-d336 @A: 34 31 04 27 | 09
#1205-d336 @A: 34 29 04 10 | 06
#1206-d336 @A: 14 04 19 02 | 04
#1207-d336 @A: 02 04 22 03 | 02
#1208-d336 @A: 30 07 16 13 | 11
#1209-d336 @A: 08 01 13 03 | 03
#1210-d336 @A: 31 14 13 07 | 10
#1211-d336 @A: 10 13 30 28 | 12
#1212-d336 @A: 30 16 29 24 | 05
#1213-d336 @A: 21 16 05 24 | 07
#1214-d336 @A: 21 06 16 22 | 08
#1215-d336 @A: 19 16 22 03 | 01
#1216-d336 @A: 16 10 02 30 | 09
#1217-d336 @A: 08 20 25 16 | 06
#1218-d336 @A: 12 08 22 24 | 04
#1219-d336 @A: 10 07 12 03 | 02
#1220-d336 @A: 24 27 10 02 | 11
#1221-d336 @A: 24 01 34 07 | 03
#1222-d336 @A: 25 27 05 20 | 10
#1223-d336 @A: 27 26 07 06 | 12
#1224-d336 @A: 22 14 27 10 | 05
#1225-d336 @A: 05 34 25 21 | 07
#1226-d336 @A: 34 19 20 02 | 08
#1227-d336 @A: 25 29 26 01 | 01
#1228-d336 @A: 02 01 22 05 | 09
#1229-d336 @A: 08 01 19 06 | 06
#1230-d336 @A: 02 26 01 10 | 04
#1231-d336 @A: 25 07 20 10 | 02
#1232-d336 @A: 22 31 20 14 | 11
#1233-d336 @A: 33 17 22 01 | 03
#1234-d336 @A: 06 17 33 20 | 10
#1235-d336 @A: 34 35 30 33 | 12
#1236-d336 @A: 23 34 33 25 | 05
#1237-d336 @A: 18 33 32 08 | 07
#1238-d336 @A: 04 06 15 33 | 08
#1239-d336 @A: 03 33 15 25 | 01
#1240-d336 @A: 27 33 11 25 | 09
#1241-d336 @A: 32 33 34 16 | 06
#1242-d336 @A: 33 26 20 32 | 04
#1243-d336 @A: 04 13 27 33 | 02
#1244-d336 @A: 13 19 33 25 | 11
#1245-d336 @A: 06 33 02 10 | 03
#1246-d336 @A: 19 30 07 33 | 10
#1247-d336 @A: 33 22 14 07 | 12
#1248-d336 @A: 08 03 30 33 | 05
#1249-d336 @A: 35 09 17 25 | 07
#1250-d336 @A: 12 07 17 35 | 08
#1251-d336 @A: 17 01 28 35 | 01
#1252-d336 @A: 16 07 23 17 | 09
#1253-d336 @A: 23 17 29 25 | 06
#1254-d336 @A: 17 18 15 10 | 04
#1255-d336 @A: 17 08 12 18 | 02
#1256-d336 @A: 17 26 18 29 | 11
#1257-d336 @A: 03 17 28 04 | 03
#1258-d336 @A: 34 08 16 17 | 10
#1259-d336 @A: 01 29 16 17 | 12
#1260-d336 @A: 16 25 17 28 | 05
#1261-d336 @A: 17 12 06 24 | 07
#1262-d336 @A: 08 29 17 27 | 08
#1263-d336 @A: 26 05 17 30 | 01
#1264-d336 @A: 03 17 25 05 | 09
#1265-d336 @A: 17 08 19 26 | 06
#1266-d336 @A: 07 30 28 17 | 04
#1267-d336 @A: 17 10 25 26 | 02
#1268-d336 @A: 01 29 23 35 | 11
#1269-d336 @A: 03 35 18 09 | 03
#1270-d336 @A: 18 27 35 19 | 10
#1271-d336 @A: 31 35 18 34 | 12
#1272-d336 @A: 29 22 18 35 | 05
#1273-d336 @A: 28 18 05 35 | 07
#1274-d336 @A: 10 15 13 35 | 08
#1275-d336 @A: 35 16 12 15 | 01
#1276-d336 @A: 35 11 29 30 | 09
#1277-d336 @A: 12 35 21 32 | 06
#1278-d336 @A: 20 32 27 35 | 04
#1279-d336 @A: 35 31 04 16 | 02
#1280-d336 @A: 08 34 04 35 | 11
#1281-d336 @A: 04 25 10 35 | 03
#1282-d336 @A: 13 29 14 35 | 10
#1283-d336 @A: 01 24 10 35 | 12
#1284-d336 @A: 26 05 35 24 | 05
#1285-d336 @A: 06 34 01 35 | 07
#1286-d336 @A: 14 35 34 28 | 08
#1287-d336 @A: 20 35 34 25 | 01
#1288-d336 @A: 21 06 14 35 | 09
#1289-d336 @A: 18 25 16 23 | 06
#1290-d336 @A: 16 06 15 23 | 04
#1291-d336 @A: 23 28 16 09 | 02
#1292-d336 @A: 23 09 12 26 | 11
#1293-d336 @A: 03 11 01 23 | 03
#1294-d336 @A: 23 11 30 05 | 10
#1295-d336 @A: 25 32 23 20 | 12
#1296-d336 @A: 23 13 25 24 | 05
#1297-d336 @A: 13 34 21 23 | 07
#1298-d336 @A: 23 06 29 13 | 08
#1299-d336 @A: 22 06 24 23 | 01
#1300-d336 @A: 14 25 23 27 | 09
#1301-d336 @A: 29 23 20 08 | 06
#1302-d336 @A: 23 06 10 21 | 04
#1303-d336 @A: 03 23 06 31 | 02
#1304-d336 @A: 28 22 23 03 | 11
#1305-d336 @A: 16 15 27 18 | 03
#1306-d336 @A: 15 01 18 31 | 10
#1307-d336 @A: 13 18 09 25 | 12
#1308-d336 @A: 32 18 16 05 | 05
#1309-d336 @A: 18 04 20 24 | 07
#1310-d336 @A: 34 24 16 18 | 08
#1311-d336 @A: 24 02 14 18 | 01
#1312-d336 @A: 05 25 19 18 | 09
#1313-d336 @A: 18 26 28 07 | 06
#1314-d336 @A: 20 30 18 28 | 04
#1315-d336 @A: 25 09 15 10 | 02
#1316-d336 @A: 11 04 10 15 | 11
#1317-d336 @A: 15 32 27 02 | 03
#1318-d336 @A: 04 15 02 16 | 10
#1319-d336 @A: 15 04 34 14 | 12
#1320-d336 @A: 25 15 04 01 | 05
#1321-d336 @A: 24 34 25 15 | 07
#1322-d336 @A: 27 05 15 07 | 08
#1323-d336 @A: 15 19 02 05 | 01
#1324-d336 @A: 05 15 14 20 | 09
#1325-d336 @A: 08 21 19 15 | 06
#1326-d336 @A: 19 15 22 30 | 04
#1327-d336 @A: 26 19 14 15 | 02
#1328-d336 @A: 15 02 08 14 | 11
#1329-d336 @A: 25 11 09 16 | 03
#1330-d336 @A: 11 03 09 24 | 10
#1331-d336 @A: 20 09 12 04 | 12
#1332-d336 @A: 03 09 13 02 | 05
#1333-d336 @A: 34 09 16 02 | 07
#1334-d336 @A: 12 24 09 05 | 08
#1335-d336 @A: 01 14 09 27 | 01
#1336-d336 @A: 10 05 09 06 | 09
#1337-d336 @A: 27 11 32 03 | 06
#1338-d336 @A: 32 11 01 31 | 04
#1339-d336 @A: 11 13 04 19 | 02
#1340-d336 @A: 34 07 11 04 | 11
#1341-d336 @A: 11 10 16 27 | 03
#1342-d336 @A: 16 11 02 01 | 10
#1343-d336 @A: 29 12 11 20 | 12
#1344-d336 @A: 24 11 02 07 | 05
#1345-d336 @A: 20 06 34 11 | 07
#1346-d336 @A: 31 11 25 07 | 08
#1347-d336 @A: 26 32 12 24 | 01
#1348-d336 @A: 20 32 30 12 | 09
#1349-d336 @A: 24 29 32 20 | 06
#1350-d336 @A: 06 32 29 27 | 04
#1351-d336 @A: 34 01 30 32 | 02
#1352-d336 @A: 03 10 06 32 | 11
#1353-d336 @A: 30 26 19 32 | 03
#1354-d336 @A: 25 32 10 02 | 10
#1355-d336 @A: 26 32 10 08 | 12
#1356-d336 @A: 20 29 13 04 | 05
#1357-d336 @A: 04 24 05 10 | 07
#1358-d336 @A: 25 02 34 04 | 08
#1359-d336 @A: 04 22 10 06 | 01
#1360-d336 @A: 19 25 04 30 | 09
#1361-d336 @A: 04 30 21 03 | 06
#1362-d336 @A: 20 04 07 14 | 04
#1363-d336 @A: 13 16 34 03 | 02
#1364-d336 @A: 20 27 13 34 | 11
#1365-d336 @A: 01 30 27 13 | 03
#1366-d336 @A: 26 13 19 05 | 10
#1367-d336 @A: 19 10 13 22 | 12
#1368-d336 @A: 13 30 20 07 | 05
#1369-d336 @A: 02 26 07 13 | 07
#1370-d336 @A: 10 25 13 07 | 08
#1371-d336 @A: 22 16 01 24 | 01
#1372-d336 @A: 26 16 19 34 | 09
#1373-d336 @A: 25 03 16 07 | 06
#1374-d336 @A: 02 14 16 26 | 04
#1375-d336 @A: 34 12 22 01 | 02
#1376-d336 @A: 07 05 28 12 | 11
#1377-d336 @A: 30 26 12 03 | 03
#1378-d336 @A: 06 07 24 05 | 10
#1379-d336 @A: 25 14 24 30 | 12
#1380-d336 @A: 24 31 30 08 | 05
#1381-d336 @A: 05 26 27 08 | 07
#1382-d336 @A: 22 06 08 27 | 08
#1383-d336 @A: 27 26 19 10 | 01
#1384-d336 @A: 31 22 07 27 | 09
#1385-d336 @A: 07 34 25 06 | 06
#1386-d336 @A: 28 22 34 06 | 04
#1387-d336 @A: 31 34 02 20 | 02
#1388-d336 @A: 19 29 21 01 | 11
#1389-d336 @A: 05 10 29 28 | 03
#1390-d336 @A: 08 26 29 14 | 10
#1391-d336 @A: 20 10 03 29 | 12
#1392-d336 @A: 19 30 05 01 | 05
#1393-d336 @A: 05 20 03 01 | 07
#1394-d336 @A: 01 14 25 19 | 08
#1395-d336 @A: 02 01 25 21 | 01
#1396-d336 @A: 26 01 08 07 | 09
#1397-d336 @A: 01 10 20 26 | 06
#1398-d336 @A: 25 03 21 20 | 04
#1399-d336 @A: 22 02 20 08 | 02
#1400-d336 @A: 02 17 33 23 | 11
#1401-d336 @A: 33 17 24 07 | 03
#1402-d336 @A: 33 30 17 21 | 10
#1403-d336 @A: 04 23 33 08 | 12
#1404-d336 @A: 33 09 03 04 | 05
#1405-d336 @A: 11 33 01 21 | 07
#1406-d336 @A: 32 33 12 06 | 08
#1407-d336 @A: 12 04 19 33 | 01
#1408-d336 @A: 29 33 31 04 | 09
#1409-d336 @A: 24 25 16 33 | 06
#1410-d336 @A: 33 10 24 29 | 04
#1411-d336 @A: 27 33 07 29 | 02
#1412-d336 @A: 02 34 28 33 | 11
#1413-d336 @A: 05 01 33 06 | 03
#1414-d336 @A: 30 05 33 02 | 10
#1415-d336 @A: 06 26 03 33 | 12
#1416-d336 @A: 17 35 05 23 | 05
#1417-d336 @A: 18 35 06 17 | 07
#1418-d336 @A: 22 17 16 35 | 08
#1419-d336 @A: 10 34 17 35 | 01
#1420-d336 @A: 17 34 23 11 | 09
#1421-d336 @A: 06 04 23 17 | 06
#1422-d336 @A: 17 23 13 19 | 04
#1423-d336 @A: 05 20 09 17 | 02
#1424-d336 @A: 11 17 03 07 | 11
#1425-d336 @A: 34 04 17 24 | 03
#1426-d336 @A: 29 02 13 17 | 10
#1427-d336 @A: 21 17 24 20 | 12
#1428-d336 @A: 14 08 17 05 | 05
#1429-d336 @A: 17 26 06 28 | 07
#1430-d336 @A: 25 17 07 08 | 08
#1431-d336 @A: 31 17 02 14 | 01
#1432-d336 @A: 23 35 31 09 | 09
#1433-d336 @A: 35 23 20 04 | 06
#1434-d336 @A: 23 35 25 12 | 04
#1435-d336 @A: 23 08 35 02 | 02
#1436-d336 @A: 18 19 20 35 | 11
#1437-d336 @A: 35 31 11 15 | 03
#1438-d336 @A: 35 24 15 06 | 10
#1439-d336 @A: 35 34 15 02 | 12
#1440-d336 @A: 21 35 16 09 | 05
#1441-d336 @A: 35 09 20 06 | 07
#1442-d336 @A: 11 35 19 12 | 08
#1443-d336 @A: 03 35 11 06 | 01
#1444-d336 @A: 16 03 35 32 | 09
#1445-d336 @A: 22 32 34 35 | 06
#1446-d336 @A: 01 35 26 13 | 04
#1447-d336 @A: 06 02 35 25 | 02
#1448-d336 @A: 30 02 19 35 | 11
#1449-d336 @A: 21 30 08 35 | 03
#1450-d336 @A: 26 35 21 25 | 10
#1451-d336 @A: 09 19 23 18 | 12
#1452-d336 @A: 20 23 07 15 | 05
#1453-d336 @A: 23 30 04 09 | 07
#1454-d336 @A: 11 07 13 23 | 08
#1455-d336 @A: 30 23 32 16 | 01
#1456-d336 @A: 23 16 24 03 | 09
#1457-d336 @A: 12 02 23 10 | 06
#1458-d336 @A: 26 08 23 24 | 04
#1459-d336 @A: 34 23 10 27 | 02
#1460-d336 @A: 22 08 23 14 | 11
#1461-d336 @A: 11 18 15 14 | 03
#1462-d336 @A: 18 24 09 32 | 10
#1463-d336 @A: 18 11 25 29 | 12
#1464-d336 @A: 14 32 18 12 | 05
#1465-d336 @A: 19 06 32 18 | 07
#1466-d336 @A: 34 18 21 04 | 08
#1467-d336 @A: 18 13 24 22 | 01
#1468-d336 @A: 18 07 27 24 | 09
#1469-d336 @A: 01 18 07 25 | 06
#1470-d336 @A: 05 26 18 10 | 04
#1471-d336 @A: 21 18 22 25 | 02
#1472-d336 @A: 09 27 03 15 | 11
#1473-d336 @A: 15 09 29 07 | 03
#1474-d336 @A: 27 15 11 21 | 10
#1475-d336 @A: 34 32 13 15 | 12
#1476-d336 @A: 28 06 15 32 | 05
#1477-d336 @A: 04 15 21 05 | 07
#1478-d336 @A: 10 16 34 15 | 08
#1479-d336 @A: 15 31 12 34 | 01
#1480-d336 @A: 30 15 06 05 | 09
#1481-d336 @A: 25 05 22 15 | 06
#1482-d336 @A: 11 01 19 09 | 04
#1483-d336 @A: 28 32 25 09 | 02
#1484-d336 @A: 09 13 28 19 | 11
#1485-d336 @A: 30 09 27 16 | 03
#1486-d336 @A: 05 19 09 16 | 10
#1487-d336 @A: 34 09 14 31 | 12
#1488-d336 @A: 02 30 01 09 | 05
#1489-d336 @A: 25 19 09 06 | 07
#1490-d336 @A: 19 09 31 02 | 08
#1491-d336 @A: 09 21 30 20 | 01
#1492-d336 @A: 32 11 06 07 | 09
#1493-d336 @A: 04 02 21 11 | 06
#1494-d336 @A: 11 08 13 12 | 04
#1495-d336 @A: 24 21 14 11 | 02
#1496-d336 @A: 02 11 34 19 | 11
#1497-d336 @A: 19 11 25 21 | 03
#1498-d336 @A: 14 11 08 07 | 10
#1499-d336 @A: 25 30 11 03 | 12
#1500-d336 @A: 10 11 26 14 | 05
#1501-d336 @A: 13 10 32 16 | 07
#1502-d336 @A: 31 32 29 16 | 08
#1503-d336 @A: 32 07 25 14 | 01
#1504-d336 @A: 28 03 32 26 | 09
#1505-d336 @A: 01 13 14 04 | 06
#1506-d336 @A: 29 25 16 04 | 04
#1507-d336 @A: 34 01 28 04 | 02
#1508-d336 @A: 28 22 04 21 | 11
#1509-d336 @A: 07 30 08 04 | 03
#1510-d336 @A: 04 31 25 22 | 10
#1511-d336 @A: 24 13 31 16 | 12
#1512-d336 @A: 22 13 34 29 | 05
#1513-d336 @A: 05 06 03 13 | 07
#1514-d336 @A: 13 03 28 21 | 08
#1515-d336 @A: 13 14 25 20 | 01
#1516-d336 @A: 34 16 30 12 | 09
#1517-d336 @A: 25 27 02 16 | 06
#1518-d336 @A: 10 16 14 29 | 04
#1519-d336 @A: 05 02 06 16 | 02
#1520-d336 @A: 19 14 31 16 | 11
#1521-d336 @A: 12 34 19 24 | 03
#1522-d336 @A: 05 06 25 12 | 10
#1523-d336 @A: 10 12 26 06 | 12
#1524-d336 @A: 07 12 31 26 | 05
#1525-d336 @A: 05 24 22 03 | 07
#1526-d336 @A: 03 24 28 02 | 08
#1527-d336 @A: 24 10 22 25 | 01
#1528-d336 @A: 27 03 20 30 | 09
#1529-d336 @A: 19 31 34 05 | 06
#1530-d336 @A: 30 25 34 28 | 04
#1531-d336 @A: 03 34 02 10 | 02
#1532-d336 @A: 06 10 01 29 | 11
#1533-d336 @A: 07 19 05 29 | 03
#1534-d336 @A: 29 19 02 10 | 10
#1535-d336 @A: 03 29 14 19 | 12
#1536-d336 @A: 21 26 30 29 | 05
#1537-d336 @A: 14 22 21 29 | 07
#1538-d336 @A: 31 20 29 07 | 08
#1539-d336 @A: 28 29 03 25 | 01
#1540-d336 @A: 01 03 26 19 | 09
#1541-d336 @A: 19 28 01 10 | 06
#1542-d336 @A: 22 25 01 30 | 04
#1543-d336 @A: 35 02 29 33 | 02
#1544-d336 @A: 23 05 33 24 | 11
#1545-d336 @A: 15 33 02 18 | 03
#1546-d336 @A: 15 33 34 09 | 10
#1547-d336 @A: 33 31 15 20 | 12
#1548-d336 @A: 09 33 12 08 | 05
#1549-d336 @A: 33 25 29 09 | 07
#1550-d336 @A: 32 33 01 29 | 08
#1551-d336 @A: 14 33 05 32 | 01
#1552-d336 @A: 24 14 13 33 | 09
#1553-d336 @A: 33 16 03 12 | 06
#1554-d336 @A: 26 33 01 24 | 04
#1555-d336 @A: 34 33 20 10 | 02
#1556-d336 @A: 21 05 19 33 | 11
#1557-d336 @A: 06 30 25 33 | 03
#1558-d336 @A: 19 28 14 33 | 10
#1559-d336 @A: 22 33 21 20 | 12
#1560-d336 @A: 10 30 14 33 | 05
#1561-d336 @A: 02 33 08 22 | 07
#1562-d336 @A: 35 20 22 17 | 08
#1563-d336 @A: 23 17 15 12 | 01
#1564-d336 @A: 27 31 17 23 | 09
#1565-d336 @A: 22 23 17 30 | 06
#1566-d336 @A: 24 18 19 17 | 04
#1567-d336 @A: 01 18 17 14 | 02
#1568-d336 @A: 17 09 27 28 | 11
#1569-d336 @A: 09 10 20 17 | 03
#1570-d336 @A: 11 14 17 16 | 10
#1571-d336 @A: 17 01 32 05 | 12
#1572-d336 @A: 17 12 27 21 | 05
#1573-d336 @A: 29 17 05 06 | 07
#1574-d336 @A: 06 17 31 25 | 08
#1575-d336 @A: 19 10 07 17 | 01
#1576-d336 @A: 23 11 26 35 | 09
#1577-d336 @A: 35 20 15 11 | 06
#1578-d336 @A: 34 09 35 05 | 04
#1579-d336 @A: 07 09 35 01 | 02
#1580-d336 @A: 02 35 16 13 | 11
#1581-d336 @A: 05 20 13 35 | 03
#1582-d336 @A: 29 16 35 26 | 10
#1583-d336 @A: 16 35 07 08 | 12
#1584-d336 @A: 16 35 20 31 | 05
#1585-d336 @A: 27 35 03 34 | 07
#1586-d336 @A: 05 35 10 21 | 08
#1587-d336 @A: 35 07 30 05 | 01
#1588-d336 @A: 10 02 28 35 | 09
#1589-d336 @A: 27 23 21 18 | 06
#1590-d336 @A: 18 23 02 01 | 04
#1591-d336 @A: 34 06 23 09 | 02
#1592-d336 @A: 19 23 32 34 | 11
#1593-d336 @A: 23 31 16 01 | 03
#1594-d336 @A: 28 23 34 12 | 10
#1595-d336 @A: 07 02 23 06 | 12
#1596-d336 @A: 15 29 06 18 | 05
#1597-d336 @A: 09 14 18 26 | 07
#1598-d336 @A: 18 26 24 11 | 08
#1599-d336 @A: 01 11 22 18 | 01
#1600-d336 @A: 04 30 05 18 | 09
#1601-d336 @A: 13 18 03 20 | 06
#1602-d336 @A: 12 18 25 24 | 04
#1603-d336 @A: 06 01 18 24 | 02
#1604-d336 @A: 01 08 27 18 | 11
#1605-d336 @A: 18 26 20 29 | 03
#1606-d336 @A: 06 20 18 26 | 10
#1607-d336 @A: 22 18 06 03 | 12
#1608-d336 @A: 18 10 14 21 | 05
#1609-d336 @A: 12 11 02 15 | 07
#1610-d336 @A: 32 15 16 14 | 08
#1611-d336 @A: 04 07 15 13 | 01
#1612-d336 @A: 15 24 26 04 | 09
#1613-d336 @A: 25 19 15 16 | 06
#1614-d336 @A: 22 15 27 01 | 04
#1615-d336 @A: 15 06 25 27 | 02
#1616-d336 @A: 15 02 07 25 | 11
#1617-d336 @A: 15 30 28 31 | 03
#1618-d336 @A: 09 13 11 22 | 10
#1619-d336 @A: 13 14 32 09 | 12
#1620-d336 @A: 09 04 13 26 | 05
#1621-d336 @A: 04 08 29 09 | 07
#1622-d336 @A: 09 04 21 01 | 08
#1623-d336 @A: 01 09 13 29 | 01
#1624-d336 @A: 12 28 09 29 | 09
#1625-d336 @A: 21 24 09 10 | 06
#1626-d336 @A: 09 30 29 34 | 04
#1627-d336 @A: 07 21 09 06 | 02
#1628-d336 @A: 28 06 14 09 | 11
#1629-d336 @A: 07 25 09 30 | 03
#1630-d336 @A: 03 26 07 09 | 10
#1631-d336 @A: 11 29 07 16 | 12
#1632-d336 @A: 34 11 03 12 | 05
#1633-d336 @A: 11 34 06 31 | 07
#1634-d336 @A: 25 05 11 14 | 08
#1635-d336 @A: 10 11 21 03 | 01
#1636-d336 @A: 10 11 30 22 | 09
#1637-d336 @A: 11 20 26 25 | 06
#1638-d336 @A: 19 32 27 04 | 04
#1639-d336 @A: 32 21 04 29 | 02
#1640-d336 @A: 13 01 32 28 | 11
#1641-d336 @A: 32 13 21 25 | 03
#1642-d336 @A: 24 29 32 22 | 10
#1643-d336 @A: 14 10 01 32 | 12
#1644-d336 @A: 03 32 30 07 | 05
#1645-d336 @A: 16 13 04 08 | 07
#1646-d336 @A: 16 20 04 27 | 08
#1647-d336 @A: 29 04 02 24 | 01
#1648-d336 @A: 01 04 30 24 | 09
#1649-d336 @A: 14 05 07 04 | 06
#1650-d336 @A: 03 19 04 10 | 04
#1651-d336 @A: 26 04 21 14 | 02
#1652-d336 @A: 26 08 03 04 | 11
#1653-d336 @A: 10 14 28 04 | 03
#1654-d336 @A: 30 13 19 12 | 10
#1655-d336 @A: 12 20 13 02 | 12
#1656-d336 @A: 34 06 13 26 | 05
#1657-d336 @A: 06 13 02 30 | 07
#1658-d336 @A: 24 10 12 16 | 08
#1659-d336 @A: 31 16 07 34 | 01
#1660-d336 @A: 01 10 03 16 | 09
#1661-d336 @A: 16 07 06 19 | 06
#1662-d336 @A: 25 06 16 26 | 04
#1663-d336 @A: 26 03 21 16 | 02
#1664-d336 @A: 16 10 22 07 | 11
#1665-d336 @A: 16 22 26 30 | 03
#1666-d336 @A: 31 03 30 16 | 10
#1667-d336 @A: 28 16 14 22 | 12
#1668-d336 @A: 31 16 22 08 | 05
#1669-d336 @A: 12 08 27 34 | 07
#1670-d336 @A: 25 01 12 31 | 08
#1671-d336 @A: 19 21 12 26 | 01
#1672-d336 @A: 19 31 12 28 | 09
#1673-d336 @A: 12 03 02 25 | 06
#1674-d336 @A: 25 10 14 12 | 04
#1675-d336 @A: 25 31 29 24 | 02
#1676-d336 @A: 26 24 02 19 | 11
#1677-d336 @A: 24 07 25 26 | 03
#1678-d336 @A: 24 22 02 30 | 10
#1679-d336 @A: 03 25 08 24 | 12
#1680-d336 @A: 06 27 31 10 | 05
#1681-d336 @A: 03 30 05 34 | 07
#1682-d336 @A: 21 10 34 28 | 08
#1683-d336 @A: 34 26 25 08 | 01
#1684-d336 @A: 28 08 34 31 | 09
#1685-d336 @A: 01 29 31 28 | 06
#1686-d336 @A: 19 29 26 06 | 04
#1687-d336 @A: 28 08 06 29 | 02
#1688-d336 @A: 31 30 29 10 | 11
#1689-d336 @A: 28 02 29 22 | 03
