#0001-d344 @A: 18 11 25 04 | 01
#0002-d344 @A: 22 29 12 04 | 04
#0003-d344 @A: 06 04 10 22 | 07
#0004-d344 @A: 04 34 06 31 | 12
#0005-d344 @A: 23 27 10 04 | 05
#0006-d344 @A: 28 10 04 13 | 08
#0007-d344 @A: 35 32 04 34 | 11
#0008-d344 @A: 31 22 14 04 | 09
#0009-d344 @A: 04 26 17 31 | 06
#0010-d344 @A: 31 04 30 07 | 03
#0011-d344 @A: 27 04 02 14 | 10
#0012-d344 @A: 04 11 14 05 | 02
#0013-d344 @A: 03 14 19 04 | 01
#0014-d344 @A: 08 13 19 04 | 04
#0015-d344 @A: 26 21 19 04 | 07
#0016-d344 @A: 19 29 04 01 | 12
#0017-d344 @A: 17 09 03 04 | 05
#0018-d344 @A: 26 34 04 09 | 08
#0019-d344 @A: 33 04 13 17 | 11
#0020-d344 @A: 16 20 04 33 | 09
#0021-d344 @A: 21 20 04 11 | 06
#0022-d344 @A: 12 19 17 25 | 03
#0023-d344 @A: 25 10 06 29 | 10
#0024-d344 @A: 01 11 06 25 | 02
#0025-d344 @A: 25 20 14 10 | 01
#0026-d344 @A: 10 03 25 01 | 04
#0027-d344 @A: 25 10 30 35 | 07
#0028-d344 @A: 09 25 34 02 | 12
#0029-d344 @A: 29 25 15 05 | 05
#0030-d344 @A: 17 14 25 21 | 08
#0031-d344 @A: 09 25 22 03 | 11
#0032-d344 @A: 35 25 15 34 | 09
#0033-d344 @A: 25 30 22 15 | 06
#0034-d344 @A: 16 20 25 26 | 03
#0035-d344 @A: 07 25 20 24 | 10
#0036-d344 @A: 34 22 25 33 | 02
#0037-d344 @A: 13 28 06 12 | 01
#0038-d344 @A: 06 12 20 08 | 04
#0039-d344 @A: 03 12 07 10 | 07
#0040-d344 @A: 12 32 19 33 | 12
#0041-d344 @A: 01 23 31 12 | 05
#0042-d344 @A: 28 12 26 31 | 08
#0043-d344 @A: 34 12 02 26 | 11
#0044-d344 @A: 13 01 12 05 | 09
#0045-d344 @A: 19 14 18 12 | 06
#0046-d344 @A: 28 12 19 16 | 03
#0047-d344 @A: 21 15 12 26 | 10
#0048-d344 @A: 34 13 29 12 | 02
#0049-d344 @A: 33 12 27 18 | 01
#0050-d344 @A: 20 33 29 12 | 04
#0051-d344 @A: 12 17 24 29 | 07
#0052-d344 @A: 06 07 10 31 | 12
#0053-d344 @A: 10 24 06 09 | 05
#0054-d344 @A: 10 03 21 06 | 08
#0055-d344 @A: 03 31 06 20 | 11
#0056-d344 @A: 02 19 28 06 | 09
#0057-d344 @A: 03 02 29 06 | 06
#0058-d344 @A: 06 03 05 28 | 03
#0059-d344 @A: 06 17 26 09 | 10
#0060-d344 @A: 06 30 28 11 | 02
#0061-d344 @A: 06 33 21 20 | 01
#0062-d344 @A: 10 07 14 32 | 04
#0063-d344 @A: 22 30 32 10 | 07
#0064-d344 @A: 10 05 31 15 | 12
#0065-d344 @A: 28 10 09 31 | 05
#0066-d344 @A: 01 31 13 10 | 08
#0067-d344 @A: 18 02 10 05 | 11
#0068-d344 @A: 34 10 08 14 | 09
#0069-d344 @A: 17 10 19 23 | 06
#0070-d344 @A: 10 33 35 23 | 03
#0071-d344 @A: 10 15 16 26 | 10
#0072-d344 @A: 30 13 26 10 | 02
#0073-d344 @A: 34 01 27 10 | 01
#0074-d344 @A: 20 28 10 22 | 04
#0075-d344 @A: 28 30 10 29 | 07
#0076-d344 @A: 34 29 10 24 | 12
#0077-d344 @A: 30 02 32 19 | 05
#0078-d344 @A: 33 15 05 32 | 08
#0079-d344 @A: 19 32 01 16 | 11
#0080-d344 @A: 15 09 32 08 | 09
#0081-d344 @A: 03 34 32 15 | 06
#0082-d344 @A: 32 35 26 13 | 03
#0083-d344 @A: 28 16 34 32 | 10
#0084-d344 @A: 13 31 05 08 | 02
#0085-d344 @A: 31 19 29 07 | 01
#0086-d344 @A: 13 31 20 09 | 04
#0087-d344 @A: 07 27 31 09 | 07
#0088-d344 @A: 35 29 23 31 | 12
#0089-d344 @A: 23 31 26 33 | 05
#0090-d344 @A: 35 01 21 31 | 08
#0091-d344 @A: 30 16 01 31 | 11
#0092-d344 @A: 02 16 14 35 | 09
#0093-d344 @A: 17 02 19 35 | 06
#0094-d344 @A: 02 03 33 09 | 03
#0095-d344 @A: 13 02 22 23 | 10
#0096-d344 @A: 16 07 29 02 | 02
#0097-d344 @A: 02 28 30 18 | 01
#0098-d344 @A: 34 08 28 02 | 04
#0099-d344 @A: 20 08 24 02 | 07
#0100-d344 @A: 30 21 24 02 | 12
#0101-d344 @A: 17 02 01 34 | 05
#0102-d344 @A: 29 26 05 19 | 08
#0103-d344 @A: 19 18 05 24 | 11
#0104-d344 @A: 19 05 21 33 | 09
#0105-d344 @A: 05 09 01 03 | 06
#0106-d344 @A: 05 17 35 09 | 03
#0107-d344 @A: 05 03 11 15 | 10
#0108-d344 @A: 15 08 28 05 | 02
#0109-d344 @A: 34 05 07 18 | 01
#0110-d344 @A: 09 08 14 19 | 04
#0111-d344 @A: 16 14 18 23 | 07
#0112-d344 @A: 15 20 14 35 | 12
#0113-d344 @A: 11 17 20 14 | 05
#0114-d344 @A: 01 11 34 14 | 08
#0115-d344 @A: 29 14 24 30 | 11
#0116-d344 @A: 14 17 01 24 | 09
#0117-d344 @A: 29 21 09 19 | 06
#0118-d344 @A: 19 15 11 30 | 03
#0119-d344 @A: 21 13 19 03 | 10
#0120-d344 @A: 27 16 22 19 | 02
#0121-d344 @A: 20 34 27 19 | 01
#0122-d344 @A: 07 01 19 33 | 04
#0123-d344 @A: 28 19 22 01 | 07
#0124-d344 @A: 22 19 34 11 | 12
#0125-d344 @A: 01 30 19 08 | 05
#0126-d344 @A: 15 35 09 11 | 08
#0127-d344 @A: 35 33 34 09 | 11
#0128-d344 @A: 16 09 30 24 | 09
#0129-d344 @A: 09 22 28 24 | 06
#0130-d344 @A: 30 09 29 33 | 03
#0131-d344 @A: 20 27 17 23 | 10
#0132-d344 @A: 07 33 08 23 | 02
#0133-d344 @A: 22 23 17 08 | 01
#0134-d344 @A: 15 16 13 35 | 04
#0135-d344 @A: 16 18 24 15 | 07
#0136-d344 @A: 01 28 29 15 | 12
#0137-d344 @A: 34 21 29 15 | 05
#0138-d344 @A: 35 30 03 29 | 08
#0139-d344 @A: 33 18 03 08 | 11
#0140-d344 @A: 18 17 21 03 | 09
#0141-d344 @A: 20 03 11 30 | 06
#0142-d344 @A: 08 11 29 03 | 03
#0143-d344 @A: 16 34 13 27 | 10
#0144-d344 @A: 13 17 30 11 | 02
#0145-d344 @A: 08 13 34 33 | 01
#0146-d344 @A: 22 01 13 21 | 04
#0147-d344 @A: 34 26 35 27 | 07
#0148-d344 @A: 16 26 33 35 | 12
#0149-d344 @A: 26 22 35 20 | 05
#0150-d344 @A: 20 34 35 24 | 08
#0151-d344 @A: 35 08 30 34 | 11
#0152-d344 @A: 33 22 21 35 | 09
#0153-d344 @A: 20 27 26 01 | 06
#0154-d344 @A: 18 21 08 26 | 03
#0155-d344 @A: 26 17 28 11 | 10
#0156-d344 @A: 23 24 25 04 | 02
#0157-d344 @A: 26 04 25 01 | 01
#0158-d344 @A: 04 06 16 12 | 04
#0159-d344 @A: 11 12 13 04 | 07
#0160-d344 @A: 33 06 19 04 | 12
#0161-d344 @A: 04 05 08 10 | 05
#0162-d344 @A: 24 22 32 04 | 08
#0163-d344 @A: 17 21 04 32 | 11
#0164-d344 @A: 19 02 04 20 | 09
#0165-d344 @A: 08 04 09 02 | 06
#0166-d344 @A: 35 04 17 14 | 03
#0167-d344 @A: 14 04 21 18 | 10
#0168-d344 @A: 23 11 35 04 | 02
#0169-d344 @A: 33 15 04 35 | 01
#0170-d344 @A: 04 03 35 28 | 04
#0171-d344 @A: 08 04 27 35 | 07
#0172-d344 @A: 17 04 28 16 | 12
#0173-d344 @A: 04 34 07 29 | 05
#0174-d344 @A: 30 18 20 04 | 08
#0175-d344 @A: 20 01 08 04 | 11
#0176-d344 @A: 12 27 06 25 | 09
#0177-d344 @A: 12 25 10 16 | 06
#0178-d344 @A: 12 01 25 21 | 03
#0179-d344 @A: 25 05 18 06 | 10
#0180-d344 @A: 25 19 32 22 | 02
#0181-d344 @A: 22 05 25 01 | 01
#0182-d344 @A: 08 25 14 18 | 04
#0183-d344 @A: 29 25 34 23 | 07
#0184-d344 @A: 31 17 06 12 | 12
#0185-d344 @A: 06 12 02 30 | 05
#0186-d344 @A: 08 10 12 19 | 08
#0187-d344 @A: 32 02 17 12 | 11
#0188-d344 @A: 30 32 05 12 | 09
#0189-d344 @A: 20 12 32 13 | 06
#0190-d344 @A: 27 14 35 12 | 03
#0191-d344 @A: 19 35 12 34 | 10
#0192-d344 @A: 27 12 21 19 | 02
#0193-d344 @A: 28 08 09 12 | 01
#0194-d344 @A: 21 12 28 23 | 04
#0195-d344 @A: 08 35 12 15 | 07
#0196-d344 @A: 15 26 12 33 | 12
#0197-d344 @A: 24 11 03 12 | 05
#0198-d344 @A: 17 33 34 12 | 08
#0199-d344 @A: 10 08 13 06 | 11
#0200-d344 @A: 34 35 10 06 | 09
#0201-d344 @A: 35 30 06 32 | 06
#0202-d344 @A: 31 06 23 30 | 03
#0203-d344 @A: 01 14 06 23 | 10
#0204-d344 @A: 06 23 35 08 | 02
#0205-d344 @A: 34 22 23 06 | 01
#0206-d344 @A: 11 03 06 35 | 04
#0207-d344 @A: 06 07 24 30 | 07
#0208-d344 @A: 06 21 29 22 | 12
#0209-d344 @A: 24 10 19 31 | 05
#0210-d344 @A: 02 10 11 13 | 08
#0211-d344 @A: 20 10 19 05 | 11
#0212-d344 @A: 19 10 13 29 | 09
#0213-d344 @A: 09 10 20 17 | 06
#0214-d344 @A: 13 34 10 07 | 03
#0215-d344 @A: 10 22 18 27 | 10
#0216-d344 @A: 30 10 16 21 | 02
#0217-d344 @A: 17 10 28 07 | 01
#0218-d344 @A: 08 20 10 07 | 04
#0219-d344 @A: 17 18 10 11 | 07
#0220-d344 @A: 10 18 08 30 | 12
#0221-d344 @A: 10 22 33 24 | 05
#0222-d344 @A: 02 23 20 32 | 08
#0223-d344 @A: 20 19 32 26 | 11
#0224-d344 @A: 09 29 28 32 | 09
#0225-d344 @A: 29 33 32 23 | 06
#0226-d344 @A: 30 32 03 21 | 03
#0227-d344 @A: 32 24 01 27 | 10
#0228-d344 @A: 16 17 32 07 | 02
#0229-d344 @A: 28 01 32 08 | 01
#0230-d344 @A: 08 20 32 34 | 04
#0231-d344 @A: 17 02 03 31 | 07
#0232-d344 @A: 31 02 18 08 | 12
#0233-d344 @A: 14 23 31 21 | 05
#0234-d344 @A: 31 21 28 19 | 08
#0235-d344 @A: 26 34 03 31 | 11
#0236-d344 @A: 16 22 31 11 | 09
#0237-d344 @A: 02 35 05 08 | 06
#0238-d344 @A: 14 02 07 19 | 03
#0239-d344 @A: 19 02 09 18 | 10
#0240-d344 @A: 26 19 16 02 | 02
#0241-d344 @A: 35 23 26 02 | 01
#0242-d344 @A: 20 15 28 02 | 04
#0243-d344 @A: 21 07 02 01 | 07
#0244-d344 @A: 02 33 18 22 | 12
#0245-d344 @A: 20 17 02 33 | 05
#0246-d344 @A: 19 15 14 05 | 08
#0247-d344 @A: 05 26 14 16 | 11
#0248-d344 @A: 07 05 28 19 | 09
#0249-d344 @A: 16 05 09 15 | 06
#0250-d344 @A: 07 05 08 09 | 03
#0251-d344 @A: 23 05 28 13 | 10
#0252-d344 @A: 23 05 20 35 | 02
#0253-d344 @A: 24 26 03 05 | 01
#0254-d344 @A: 05 13 18 16 | 04
#0255-d344 @A: 24 17 11 05 | 07
#0256-d344 @A: 05 08 34 22 | 12
#0257-d344 @A: 35 14 29 19 | 05
#0258-d344 @A: 03 01 15 14 | 08
#0259-d344 @A: 35 03 14 34 | 11
#0260-d344 @A: 03 08 14 20 | 09
#0261-d344 @A: 21 13 14 30 | 06
#0262-d344 @A: 20 21 27 14 | 03
#0263-d344 @A: 24 34 14 16 | 10
#0264-d344 @A: 08 28 14 11 | 02
#0265-d344 @A: 14 08 22 30 | 01
#0266-d344 @A: 19 23 35 27 | 04
#0267-d344 @A: 19 23 07 11 | 07
#0268-d344 @A: 18 19 15 03 | 12
#0269-d344 @A: 21 19 30 15 | 05
#0270-d344 @A: 19 03 07 16 | 08
#0271-d344 @A: 07 34 19 08 | 11
#0272-d344 @A: 11 33 29 19 | 09
#0273-d344 @A: 20 07 29 09 | 06
#0274-d344 @A: 01 07 09 22 | 03
#0275-d344 @A: 17 11 22 09 | 10
#0276-d344 @A: 24 23 17 26 | 02
#0277-d344 @A: 27 23 18 08 | 01
#0278-d344 @A: 23 28 08 16 | 04
#0279-d344 @A: 18 07 23 30 | 07
#0280-d344 @A: 30 08 20 23 | 12
#0281-d344 @A: 22 23 20 24 | 05
#0282-d344 @A: 33 24 34 23 | 08
#0283-d344 @A: 03 27 15 13 | 11
#0284-d344 @A: 16 07 15 11 | 09
#0285-d344 @A: 34 30 16 15 | 06
#0286-d344 @A: 28 17 18 15 | 03
#0287-d344 @A: 03 29 16 20 | 10
#0288-d344 @A: 03 21 07 33 | 02
#0289-d344 @A: 22 18 24 03 | 01
#0290-d344 @A: 20 28 13 27 | 04
#0291-d344 @A: 13 30 29 27 | 07
#0292-d344 @A: 29 13 18 21 | 12
#0293-d344 @A: 08 35 26 11 | 05
#0294-d344 @A: 28 35 07 27 | 08
#0295-d344 @A: 20 35 29 01 | 11
#0296-d344 @A: 07 26 28 20 | 09
#0297-d344 @A: 34 26 24 07 | 06
#0298-d344 @A: 26 01 24 11 | 03
#0299-d344 @A: 21 20 28 30 | 10
#0300-d344 @A: 17 01 34 21 | 02
#0301-d344 @A: 16 21 25 04 | 01
#0302-d344 @A: 24 04 26 12 | 04
#0303-d344 @A: 21 04 06 34 | 07
#0304-d344 @A: 04 31 03 10 | 12
#0305-d344 @A: 24 04 14 10 | 05
#0306-d344 @A: 04 14 32 16 | 08
#0307-d344 @A: 04 31 01 18 | 11
#0308-d344 @A: 02 04 21 28 | 09
#0309-d344 @A: 23 05 04 16 | 06
#0310-d344 @A: 04 30 05 28 | 03
#0311-d344 @A: 09 30 04 14 | 10
#0312-d344 @A: 14 07 23 04 | 02
#0313-d344 @A: 35 19 04 18 | 01
#0314-d344 @A: 19 24 04 07 | 04
#0315-d344 @A: 29 11 09 04 | 07
#0316-d344 @A: 15 04 22 13 | 12
#0317-d344 @A: 07 16 01 04 | 05
#0318-d344 @A: 25 12 18 02 | 08
#0319-d344 @A: 25 06 35 24 | 11
#0320-d344 @A: 06 26 25 08 | 09
#0321-d344 @A: 33 25 10 32 | 06
#0322-d344 @A: 32 25 13 16 | 03
#0323-d344 @A: 25 23 31 07 | 10
#0324-d344 @A: 09 02 25 21 | 02
#0325-d344 @A: 25 28 22 02 | 01
#0326-d344 @A: 33 23 25 14 | 04
#0327-d344 @A: 15 08 19 25 | 07
#0328-d344 @A: 25 11 19 24 | 12
#0329-d344 @A: 25 15 24 03 | 05
#0330-d344 @A: 01 13 25 17 | 08
#0331-d344 @A: 30 25 27 11 | 11
#0332-d344 @A: 11 25 33 08 | 09
#0333-d344 @A: 25 33 24 30 | 06
#0334-d344 @A: 12 06 34 09 | 03
#0335-d344 @A: 12 21 16 31 | 10
#0336-d344 @A: 29 02 12 05 | 02
#0337-d344 @A: 23 12 07 02 | 01
#0338-d344 @A: 12 11 35 02 | 04
#0339-d344 @A: 07 14 15 12 | 07
#0340-d344 @A: 16 12 14 29 | 12
#0341-d344 @A: 23 30 13 12 | 05
#0342-d344 @A: 12 13 03 22 | 08
#0343-d344 @A: 12 29 07 30 | 11
#0344-d344 @A: 28 20 17 12 | 09
#0345-d344 @A: 01 11 29 12 | 06
#0346-d344 @A: 21 22 12 34 | 03
#0347-d344 @A: 01 33 12 22 | 10
#0348-d344 @A: 06 19 34 32 | 02
#0349-d344 @A: 31 13 21 06 | 01
#0350-d344 @A: 06 15 02 17 | 04
#0351-d344 @A: 22 05 06 35 | 07
#0352-d344 @A: 24 05 06 16 | 12
#0353-d344 @A: 15 18 06 14 | 05
#0354-d344 @A: 34 06 14 17 | 08
#0355-d344 @A: 19 17 11 06 | 11
#0356-d344 @A: 08 06 09 03 | 09
#0357-d344 @A: 15 06 07 35 | 06
#0358-d344 @A: 15 26 29 06 | 03
#0359-d344 @A: 06 13 34 26 | 10
#0360-d344 @A: 27 07 06 33 | 02
#0361-d344 @A: 18 11 06 20 | 01
#0362-d344 @A: 01 28 24 06 | 04
#0363-d344 @A: 29 33 08 06 | 07
#0364-d344 @A: 19 18 32 10 | 12
#0365-d344 @A: 02 20 10 31 | 05
#0366-d344 @A: 31 21 20 10 | 08
#0367-d344 @A: 10 01 02 26 | 11
#0368-d344 @A: 29 10 05 35 | 09
#0369-d344 @A: 03 33 11 10 | 06
#0370-d344 @A: 27 28 08 10 | 03
#0371-d344 @A: 11 10 29 16 | 10
#0372-d344 @A: 10 18 07 29 | 02
#0373-d344 @A: 33 10 18 34 | 01
#0374-d344 @A: 32 21 05 31 | 04
#0375-d344 @A: 32 29 26 31 | 07
#0376-d344 @A: 28 26 32 02 | 12
#0377-d344 @A: 32 08 14 23 | 05
#0378-d344 @A: 32 35 14 22 | 08
#0379-d344 @A: 32 19 21 18 | 11
#0380-d344 @A: 13 32 15 21 | 09
#0381-d344 @A: 32 15 18 35 | 06
#0382-d344 @A: 32 16 03 24 | 03
#0383-d344 @A: 21 11 26 32 | 10
#0384-d344 @A: 15 22 02 31 | 02
#0385-d344 @A: 02 30 31 13 | 01
#0386-d344 @A: 13 31 24 23 | 04
#0387-d344 @A: 31 07 03 15 | 07
#0388-d344 @A: 31 27 34 22 | 12
#0389-d344 @A: 18 11 31 21 | 05
#0390-d344 @A: 24 34 18 31 | 08
#0391-d344 @A: 15 14 02 23 | 11
#0392-d344 @A: 02 20 18 14 | 09
#0393-d344 @A: 08 23 02 19 | 06
#0394-d344 @A: 02 27 17 09 | 03
#0395-d344 @A: 02 26 03 27 | 10
#0396-d344 @A: 02 35 01 30 | 02
#0397-d344 @A: 28 02 24 17 | 01
#0398-d344 @A: 05 23 15 30 | 04
#0399-d344 @A: 15 05 35 01 | 07
#0400-d344 @A: 34 05 35 11 | 12
#0401-d344 @A: 01 28 05 27 | 05
#0402-d344 @A: 20 34 05 16 | 08
#0403-d344 @A: 33 05 18 28 | 11
#0404-d344 @A: 08 30 05 33 | 09
#0405-d344 @A: 13 11 14 19 | 06
#0406-d344 @A: 19 14 21 35 | 03
#0407-d344 @A: 09 18 03 14 | 10
#0408-d344 @A: 24 20 13 14 | 02
#0409-d344 @A: 28 34 27 14 | 01
#0410-d344 @A: 11 24 14 07 | 04
#0411-d344 @A: 07 29 08 14 | 07
#0412-d344 @A: 11 18 22 14 | 12
#0413-d344 @A: 09 15 19 17 | 05
#0414-d344 @A: 24 35 19 03 | 08
#0415-d344 @A: 19 33 22 35 | 11
#0416-d344 @A: 19 28 30 20 | 09
#0417-d344 @A: 34 21 24 19 | 06
#0418-d344 @A: 29 09 35 13 | 03
#0419-d344 @A: 07 09 33 18 | 10
#0420-d344 @A: 30 18 09 22 | 02
#0421-d344 @A: 22 30 21 09 | 01
#0422-d344 @A: 21 08 24 09 | 04
#0423-d344 @A: 23 30 03 26 | 07
#0424-d344 @A: 29 28 23 27 | 12
#0425-d344 @A: 23 20 34 18 | 05
#0426-d344 @A: 11 34 17 23 | 08
#0427-d344 @A: 15 07 27 08 | 11
#0428-d344 @A: 11 21 15 16 | 09
#0429-d344 @A: 33 15 28 11 | 06
#0430-d344 @A: 29 20 22 15 | 03
#0431-d344 @A: 24 33 01 15 | 10
#0432-d344 @A: 27 03 16 18 | 02
#0433-d344 @A: 24 21 27 03 | 01
#0434-d344 @A: 21 03 28 01 | 04
#0435-d344 @A: 13 16 24 28 | 07
#0436-d344 @A: 30 26 24 35 | 12
#0437-d344 @A: 26 35 17 29 | 05
#0438-d344 @A: 18 01 34 35 | 08
#0439-d344 @A: 08 17 18 35 | 11
#0440-d344 @A: 28 08 20 35 | 09
#0441-d344 @A: 33 26 27 28 | 06
#0442-d344 @A: 34 01 16 26 | 03
#0443-d344 @A: 16 24 26 22 | 10
#0444-d344 @A: 33 29 07 26 | 02
#0445-d344 @A: 28 34 22 26 | 01
#0446-d344 @A: 29 21 27 28 | 04
#0447-d344 @A: 15 04 12 01 | 07
#0448-d344 @A: 04 29 21 12 | 12
#0449-d344 @A: 04 10 21 23 | 05
#0450-d344 @A: 02 05 04 33 | 08
#0451-d344 @A: 30 21 05 04 | 11
#0452-d344 @A: 04 09 35 16 | 09
#0453-d344 @A: 20 07 03 04 | 06
#0454-d344 @A: 35 30 04 13 | 03
#0455-d344 @A: 27 04 22 33 | 10
#0456-d344 @A: 07 04 24 21 | 02
#0457-d344 @A: 21 04 08 22 | 01
#0458-d344 @A: 27 25 32 15 | 04
#0459-d344 @A: 25 26 30 31 | 07
#0460-d344 @A: 25 28 34 31 | 12
#0461-d344 @A: 33 25 21 31 | 05
#0462-d344 @A: 25 35 02 07 | 08
#0463-d344 @A: 13 14 15 25 | 11
#0464-d344 @A: 14 25 29 22 | 09
#0465-d344 @A: 18 25 19 34 | 06
#0466-d344 @A: 20 13 23 25 | 03
#0467-d344 @A: 21 15 18 25 | 10
#0468-d344 @A: 25 28 07 33 | 02
#0469-d344 @A: 07 25 11 17 | 01
#0470-d344 @A: 25 28 20 18 | 04
#0471-d344 @A: 25 33 18 01 | 07
#0472-d344 @A: 12 24 32 10 | 12
#0473-d344 @A: 12 32 02 21 | 05
#0474-d344 @A: 12 27 31 13 | 08
#0475-d344 @A: 24 02 19 12 | 11
#0476-d344 @A: 05 12 18 23 | 09
#0477-d344 @A: 03 05 34 12 | 06
#0478-d344 @A: 22 14 12 26 | 03
#0479-d344 @A: 12 11 26 09 | 10
#0480-d344 @A: 17 12 26 03 | 02
#0481-d344 @A: 28 12 33 03 | 01
#0482-d344 @A: 01 12 27 16 | 04
#0483-d344 @A: 24 30 12 18 | 07
#0484-d344 @A: 19 27 10 06 | 12
#0485-d344 @A: 18 10 03 06 | 05
#0486-d344 @A: 28 06 21 32 | 08
#0487-d344 @A: 31 13 16 06 | 11
#0488-d344 @A: 27 02 11 06 | 09
#0489-d344 @A: 06 34 02 20 | 06
#0490-d344 @A: 05 24 21 06 | 03
#0491-d344 @A: 30 06 19 09 | 10
#0492-d344 @A: 09 07 06 23 | 02
#0493-d344 @A: 09 06 18 21 | 01
#0494-d344 @A: 01 06 27 03 | 04
#0495-d344 @A: 28 06 26 18 | 07
#0496-d344 @A: 16 18 06 21 | 12
#0497-d344 @A: 34 06 28 33 | 05
#0498-d344 @A: 20 29 06 24 | 08
#0499-d344 @A: 33 22 06 30 | 11
#0500-d344 @A: 30 17 06 29 | 09
#0501-d344 @A: 17 21 06 30 | 06
#0502-d344 @A: 31 32 08 10 | 03
#0503-d344 @A: 32 09 03 10 | 10
#0504-d344 @A: 32 01 23 10 | 02
#0505-d344 @A: 32 26 17 10 | 01
#0506-d344 @A: 24 10 35 02 | 04
#0507-d344 @A: 07 10 33 02 | 07
#0508-d344 @A: 23 05 34 10 | 12
#0509-d344 @A: 14 01 10 28 | 05
#0510-d344 @A: 26 19 07 10 | 08
#0511-d344 @A: 20 29 23 10 | 11
#0512-d344 @A: 30 27 10 33 | 09
#0513-d344 @A: 30 07 01 10 | 06
#0514-d344 @A: 26 05 32 18 | 03
#0515-d344 @A: 29 21 05 32 | 10
#0516-d344 @A: 19 32 28 14 | 02
#0517-d344 @A: 27 14 18 32 | 01
#0518-d344 @A: 32 15 19 07 | 04
#0519-d344 @A: 32 19 17 03 | 07
#0520-d344 @A: 26 32 16 23 | 12
#0521-d344 @A: 23 21 32 24 | 05
#0522-d344 @A: 32 03 35 33 | 08
#0523-d344 @A: 34 27 21 32 | 11
#0524-d344 @A: 08 27 22 32 | 09
#0525-d344 @A: 07 08 18 32 | 06
#0526-d344 @A: 07 29 32 22 | 03
#0527-d344 @A: 28 24 32 20 | 10
#0528-d344 @A: 28 31 14 03 | 02
#0529-d344 @A: 18 26 31 14 | 01
#0530-d344 @A: 19 15 31 16 | 04
#0531-d344 @A: 19 22 31 20 | 07
#0532-d344 @A: 15 31 13 29 | 12
#0533-d344 @A: 03 01 35 31 | 05
#0534-d344 @A: 22 13 31 26 | 08
#0535-d344 @A: 20 26 11 31 | 11
#0536-d344 @A: 28 16 18 31 | 09
#0537-d344 @A: 34 29 16 31 | 06
#0538-d344 @A: 08 31 16 17 | 03
#0539-d344 @A: 34 05 02 14 | 10
#0540-d344 @A: 15 05 27 02 | 02
#0541-d344 @A: 30 02 14 03 | 01
#0542-d344 @A: 21 33 14 02 | 04
#0543-d344 @A: 09 35 02 28 | 07
#0544-d344 @A: 09 20 26 02 | 12
#0545-d344 @A: 33 23 02 27 | 05
#0546-d344 @A: 34 15 02 18 | 08
#0547-d344 @A: 18 02 13 35 | 11
#0548-d344 @A: 27 30 16 02 | 09
#0549-d344 @A: 18 02 27 01 | 06
#0550-d344 @A: 20 02 22 30 | 03
#0551-d344 @A: 14 22 13 05 | 10
#0552-d344 @A: 05 20 09 18 | 02
#0553-d344 @A: 27 05 33 11 | 01
#0554-d344 @A: 05 24 07 22 | 04
#0555-d344 @A: 20 24 05 33 | 07
#0556-d344 @A: 23 14 27 13 | 12
#0557-d344 @A: 33 14 26 03 | 05
#0558-d344 @A: 22 33 14 07 | 08
#0559-d344 @A: 13 20 15 19 | 11
#0560-d344 @A: 29 18 22 19 | 09
#0561-d344 @A: 19 17 08 24 | 06
#0562-d344 @A: 03 28 23 09 | 03
#0563-d344 @A: 18 15 27 09 | 10
#0564-d344 @A: 09 26 18 13 | 02
#0565-d344 @A: 24 13 09 01 | 01
#0566-d344 @A: 08 15 23 01 | 04
#0567-d344 @A: 27 16 24 23 | 07
#0568-d344 @A: 23 34 07 28 | 12
#0569-d344 @A: 03 20 15 33 | 05
#0570-d344 @A: 15 11 29 27 | 08
#0571-d344 @A: 33 17 03 16 | 11
#0572-d344 @A: 13 33 11 16 | 09
#0573-d344 @A: 11 18 07 13 | 06
#0574-d344 @A: 20 07 21 13 | 03
#0575-d344 @A: 20 17 18 13 | 10
#0576-d344 @A: 13 30 28 34 | 02
#0577-d344 @A: 21 16 27 35 | 01
#0578-d344 @A: 27 35 30 22 | 04
#0579-d344 @A: 01 24 35 16 | 07
#0580-d344 @A: 18 24 35 33 | 12
#0581-d344 @A: 35 24 22 29 | 05
#0582-d344 @A: 26 27 22 17 | 08
#0583-d344 @A: 30 28 08 26 | 11
#0584-d344 @A: 27 07 21 30 | 09
#0585-d344 @A: 04 30 02 25 | 06
#0586-d344 @A: 04 01 10 09 | 03
#0587-d344 @A: 07 10 04 35 | 10
#0588-d344 @A: 30 11 10 04 | 02
#0589-d344 @A: 05 20 04 31 | 01
#0590-d344 @A: 18 03 04 05 | 04
#0591-d344 @A: 15 34 04 19 | 07
#0592-d344 @A: 26 28 19 04 | 12
#0593-d344 @A: 24 15 04 09 | 05
#0594-d344 @A: 04 27 16 26 | 08
#0595-d344 @A: 33 28 04 08 | 11
#0596-d344 @A: 33 11 04 34 | 09
#0597-d344 @A: 04 20 24 17 | 06
#0598-d344 @A: 23 12 25 28 | 03
#0599-d344 @A: 25 10 24 05 | 10
#0600-d344 @A: 10 18 09 25 | 02
#0601-d344 @A: 07 25 10 15 | 01
#0602-d344 @A: 21 25 27 31 | 04
#0603-d344 @A: 05 19 16 25 | 07
#0604-d344 @A: 25 07 21 19 | 12
#0605-d344 @A: 25 13 35 28 | 05
#0606-d344 @A: 13 07 29 25 | 08
#0607-d344 @A: 01 28 25 16 | 11
#0608-d344 @A: 30 25 16 29 | 09
#0609-d344 @A: 18 17 25 22 | 06
#0610-d344 @A: 06 32 12 01 | 03
#0611-d344 @A: 11 32 14 12 | 10
#0612-d344 @A: 29 12 32 35 | 02
#0613-d344 @A: 08 12 29 31 | 01
#0614-d344 @A: 12 02 14 01 | 04
#0615-d344 @A: 12 09 19 20 | 07
#0616-d344 @A: 12 35 16 23 | 12
#0617-d344 @A: 23 12 27 22 | 05
#0618-d344 @A: 18 12 13 15 | 08
#0619-d344 @A: 34 15 28 12 | 11
#0620-d344 @A: 12 26 35 21 | 09
#0621-d344 @A: 12 17 35 07 | 06
#0622-d344 @A: 23 28 10 06 | 03
#0623-d344 @A: 09 06 29 31 | 10
#0624-d344 @A: 05 11 09 06 | 02
#0625-d344 @A: 05 15 06 34 | 01
#0626-d344 @A: 27 23 26 06 | 04
#0627-d344 @A: 06 24 03 34 | 07
#0628-d344 @A: 06 18 35 29 | 12
#0629-d344 @A: 20 06 30 27 | 05
#0630-d344 @A: 06 24 27 08 | 08
#0631-d344 @A: 07 16 34 06 | 11
#0632-d344 @A: 06 28 16 20 | 09
#0633-d344 @A: 08 17 06 28 | 06
#0634-d344 @A: 10 27 32 13 | 03
#0635-d344 @A: 21 10 18 02 | 10
#0636-d344 @A: 05 17 10 03 | 02
#0637-d344 @A: 10 11 09 07 | 01
#0638-d344 @A: 23 10 15 24 | 04
#0639-d344 @A: 11 10 23 26 | 07
#0640-d344 @A: 07 10 22 23 | 12
#0641-d344 @A: 35 27 10 15 | 05
#0642-d344 @A: 15 10 08 33 | 08
#0643-d344 @A: 03 10 13 24 | 11
#0644-d344 @A: 21 28 10 26 | 09
#0645-d344 @A: 33 01 10 20 | 06
#0646-d344 @A: 22 09 02 32 | 03
#0647-d344 @A: 02 35 27 32 | 10
#0648-d344 @A: 32 05 34 09 | 02
#0649-d344 @A: 05 23 32 27 | 01
#0650-d344 @A: 35 32 05 24 | 04
#0651-d344 @A: 19 35 32 08 | 07
#0652-d344 @A: 32 23 07 35 | 12
#0653-d344 @A: 24 13 15 32 | 05
#0654-d344 @A: 16 11 32 27 | 08
#0655-d344 @A: 22 32 16 20 | 11
#0656-d344 @A: 32 11 28 18 | 09
#0657-d344 @A: 05 31 22 23 | 06
#0658-d344 @A: 07 35 05 31 | 03
#0659-d344 @A: 31 33 03 19 | 10
#0660-d344 @A: 34 09 15 31 | 02
#0661-d344 @A: 28 31 33 13 | 01
#0662-d344 @A: 31 34 17 13 | 04
#0663-d344 @A: 01 27 31 29 | 07
#0664-d344 @A: 31 24 17 27 | 12
#0665-d344 @A: 07 18 31 22 | 05
#0666-d344 @A: 31 28 30 22 | 08
#0667-d344 @A: 31 29 30 11 | 11
#0668-d344 @A: 05 27 02 21 | 09
#0669-d344 @A: 02 03 20 35 | 06
#0670-d344 @A: 02 16 11 18 | 03
#0671-d344 @A: 01 02 20 16 | 10
#0672-d344 @A: 02 30 33 34 | 02
#0673-d344 @A: 29 22 34 02 | 01
#0674-d344 @A: 14 21 22 05 | 04
#0675-d344 @A: 08 03 19 05 | 07
#0676-d344 @A: 35 05 30 19 | 12
#0677-d344 @A: 05 01 26 21 | 05
#0678-d344 @A: 08 05 27 16 | 08
#0679-d344 @A: 20 11 05 08 | 11
#0680-d344 @A: 14 34 26 19 | 09
#0681-d344 @A: 26 27 09 14 | 06
#0682-d344 @A: 15 16 08 14 | 03
#0683-d344 @A: 14 29 13 26 | 10
#0684-d344 @A: 17 18 14 07 | 02
#0685-d344 @A: 14 34 21 28 | 01
#0686-d344 @A: 22 09 19 13 | 04
#0687-d344 @A: 24 26 19 09 | 07
#0688-d344 @A: 29 15 19 23 | 12
#0689-d344 @A: 28 13 03 19 | 05
#0690-d344 @A: 19 34 24 13 | 08
#0691-d344 @A: 18 19 16 08 | 11
#0692-d344 @A: 16 19 33 34 | 09
#0693-d344 @A: 17 34 19 28 | 06
#0694-d344 @A: 09 15 03 30 | 03
#0695-d344 @A: 09 24 03 20 | 10
#0696-d344 @A: 16 27 20 09 | 02
#0697-d344 @A: 16 18 01 09 | 01
#0698-d344 @A: 08 22 20 09 | 04
#0699-d344 @A: 23 30 22 11 | 07
#0700-d344 @A: 35 03 26 15 | 12
#0701-d344 @A: 24 15 17 35 | 05
#0702-d344 @A: 15 07 26 17 | 08
#0703-d344 @A: 15 16 20 17 | 11
#0704-d344 @A: 08 34 29 15 | 09
#0705-d344 @A: 07 03 17 24 | 06
#0706-d344 @A: 03 01 20 18 | 03
#0707-d344 @A: 21 11 22 03 | 10
#0708-d344 @A: 03 17 20 22 | 02
#0709-d344 @A: 27 13 18 24 | 01
#0710-d344 @A: 29 16 13 01 | 04
#0711-d344 @A: 13 08 07 01 | 07
#0712-d344 @A: 28 13 08 21 | 12
#0713-d344 @A: 11 29 24 13 | 05
#0714-d344 @A: 13 22 20 33 | 08
#0715-d344 @A: 08 24 13 30 | 11
#0716-d344 @A: 17 13 22 24 | 09
#0717-d344 @A: 35 24 11 27 | 06
#0718-d344 @A: 22 35 34 07 | 03
#0719-d344 @A: 24 35 07 08 | 10
#0720-d344 @A: 35 28 34 29 | 02
#0721-d344 @A: 35 11 01 22 | 01
#0722-d344 @A: 33 35 17 11 | 04
#0723-d344 @A: 26 27 07 11 | 07
#0724-d344 @A: 28 29 26 16 | 12
#0725-d344 @A: 29 22 11 26 | 05
#0726-d344 @A: 30 26 34 17 | 08
#0727-d344 @A: 33 26 17 01 | 11
#0728-d344 @A: 17 21 27 11 | 09
#0729-d344 @A: 21 17 16 22 | 06
#0730-d344 @A: 08 20 01 21 | 03
#0731-d344 @A: 31 16 25 04 | 10
#0732-d344 @A: 04 25 28 15 | 02
#0733-d344 @A: 06 32 04 28 | 01
#0734-d344 @A: 04 06 03 30 | 04
#0735-d344 @A: 04 10 26 33 | 07
#0736-d344 @A: 04 30 32 23 | 12
#0737-d344 @A: 27 31 19 04 | 05
#0738-d344 @A: 11 02 17 04 | 08
#0739-d344 @A: 04 13 09 05 | 11
#0740-d344 @A: 26 35 04 05 | 09
#0741-d344 @A: 33 18 14 04 | 06
#0742-d344 @A: 20 28 04 09 | 03
#0743-d344 @A: 07 04 13 26 | 10
#0744-d344 @A: 21 13 33 04 | 02
#0745-d344 @A: 27 11 04 20 | 01
#0746-d344 @A: 04 29 17 27 | 04
#0747-d344 @A: 11 07 04 28 | 07
#0748-d344 @A: 04 01 17 22 | 12
#0749-d344 @A: 30 12 14 25 | 05
#0750-d344 @A: 25 06 19 07 | 08
#0751-d344 @A: 15 06 25 33 | 11
#0752-d344 @A: 11 31 10 25 | 09
#0753-d344 @A: 13 25 10 22 | 06
#0754-d344 @A: 03 25 14 32 | 03
#0755-d344 @A: 03 29 25 31 | 10
#0756-d344 @A: 19 25 02 29 | 02
#0757-d344 @A: 03 25 05 30 | 01
#0758-d344 @A: 05 25 17 08 | 04
#0759-d344 @A: 25 19 26 33 | 07
#0760-d344 @A: 25 23 27 09 | 12
#0761-d344 @A: 09 33 25 16 | 05
#0762-d344 @A: 25 23 35 01 | 08
#0763-d344 @A: 22 23 25 26 | 11
#0764-d344 @A: 11 13 03 25 | 09
#0765-d344 @A: 25 22 21 28 | 06
#0766-d344 @A: 20 01 30 25 | 03
#0767-d344 @A: 17 34 20 25 | 10
#0768-d344 @A: 19 29 12 06 | 02
#0769-d344 @A: 12 23 06 24 | 01
#0770-d344 @A: 12 07 18 06 | 04
#0771-d344 @A: 17 13 12 10 | 07
#0772-d344 @A: 23 32 09 12 | 12
#0773-d344 @A: 32 28 12 22 | 05
#0774-d344 @A: 16 31 12 05 | 08
#0775-d344 @A: 31 11 19 12 | 11
#0776-d344 @A: 12 35 33 31 | 09
#0777-d344 @A: 02 12 20 27 | 06
#0778-d344 @A: 12 21 09 17 | 03
#0779-d344 @A: 12 27 30 15 | 10
#0780-d344 @A: 12 21 13 24 | 02
#0781-d344 @A: 26 12 07 01 | 01
#0782-d344 @A: 12 11 28 27 | 04
#0783-d344 @A: 12 34 18 16 | 07
#0784-d344 @A: 12 16 24 20 | 12
#0785-d344 @A: 07 20 11 12 | 05
#0786-d344 @A: 12 21 18 20 | 08
#0787-d344 @A: 32 11 06 10 | 11
#0788-d344 @A: 02 10 14 06 | 09
#0789-d344 @A: 15 32 20 06 | 06
#0790-d344 @A: 06 14 31 11 | 03
#0791-d344 @A: 06 02 26 22 | 10
#0792-d344 @A: 23 05 06 19 | 02
#0793-d344 @A: 06 23 03 15 | 01
#0794-d344 @A: 15 01 21 06 | 04
#0795-d344 @A: 08 21 06 35 | 07
#0796-d344 @A: 29 06 16 27 | 12
#0797-d344 @A: 06 16 22 17 | 05
#0798-d344 @A: 24 33 11 06 | 08
#0799-d344 @A: 01 08 34 06 | 11
#0800-d344 @A: 10 19 02 22 | 09
#0801-d344 @A: 14 22 10 09 | 06
#0802-d344 @A: 22 19 21 10 | 03
#0803-d344 @A: 28 35 10 18 | 10
#0804-d344 @A: 26 28 24 10 | 02
#0805-d344 @A: 18 16 20 10 | 01
#0806-d344 @A: 28 10 16 33 | 04
#0807-d344 @A: 16 01 10 22 | 07
#0808-d344 @A: 11 32 31 05 | 12
#0809-d344 @A: 31 14 17 32 | 05
#0810-d344 @A: 28 31 32 35 | 08
#0811-d344 @A: 32 18 03 02 | 11
#0812-d344 @A: 05 19 13 32 | 09
#0813-d344 @A: 07 32 09 24 | 06
#0814-d344 @A: 26 15 32 22 | 03
#0815-d344 @A: 32 30 03 13 | 10
#0816-d344 @A: 01 03 26 32 | 02
#0817-d344 @A: 18 32 13 01 | 01
#0818-d344 @A: 35 32 11 20 | 04
#0819-d344 @A: 34 32 11 26 | 07
#0820-d344 @A: 29 11 17 32 | 12
#0821-d344 @A: 32 08 29 24 | 05
#0822-d344 @A: 01 02 31 19 | 08
#0823-d344 @A: 31 02 21 22 | 11
#0824-d344 @A: 24 05 29 31 | 09
#0825-d344 @A: 26 31 35 19 | 06
#0826-d344 @A: 03 31 11 09 | 03
#0827-d344 @A: 17 11 01 31 | 10
#0828-d344 @A: 17 30 31 33 | 02
#0829-d344 @A: 01 24 31 22 | 01
#0830-d344 @A: 05 02 28 16 | 04
#0831-d344 @A: 14 08 02 26 | 07
#0832-d344 @A: 02 34 19 03 | 12
#0833-d344 @A: 02 19 27 13 | 05
#0834-d344 @A: 02 09 29 23 | 08
#0835-d344 @A: 15 07 09 02 | 11
#0836-d344 @A: 24 02 30 23 | 09
#0837-d344 @A: 02 29 11 20 | 06
#0838-d344 @A: 33 09 19 05 | 03
#0839-d344 @A: 20 15 26 05 | 10
#0840-d344 @A: 29 07 05 27 | 02
#0841-d344 @A: 33 16 22 05 | 01
#0842-d344 @A: 28 20 29 05 | 04
#0843-d344 @A: 34 05 30 01 | 07
#0844-d344 @A: 27 14 19 24 | 12
#0845-d344 @A: 09 34 23 14 | 05
#0846-d344 @A: 14 27 20 29 | 08
#0847-d344 @A: 30 20 16 14 | 11
#0848-d344 @A: 28 14 24 18 | 09
#0849-d344 @A: 24 21 14 01 | 06
#0850-d344 @A: 19 03 09 29 | 03
#0851-d344 @A: 26 15 27 19 | 10
#0852-d344 @A: 26 17 13 19 | 02
#0853-d344 @A: 13 19 16 30 | 01
#0854-d344 @A: 28 33 24 19 | 04
#0855-d344 @A: 33 09 23 15 | 07
#0856-d344 @A: 23 18 35 09 | 12
#0857-d344 @A: 09 21 01 23 | 05
#0858-d344 @A: 26 09 03 07 | 08
#0859-d344 @A: 21 08 27 09 | 11
#0860-d344 @A: 09 11 18 24 | 09
#0861-d344 @A: 01 08 17 09 | 06
#0862-d344 @A: 16 23 21 03 | 03
#0863-d344 @A: 13 21 26 23 | 10
#0864-d344 @A: 23 35 24 28 | 02
#0865-d344 @A: 28 23 18 01 | 01
#0866-d344 @A: 18 23 17 33 | 04
#0867-d344 @A: 20 21 15 03 | 07
#0868-d344 @A: 03 29 17 15 | 12
#0869-d344 @A: 16 15 27 28 | 05
#0870-d344 @A: 03 26 18 29 | 08
#0871-d344 @A: 30 16 03 28 | 11
#0872-d344 @A: 28 20 34 03 | 09
#0873-d344 @A: 17 34 08 03 | 06
#0874-d344 @A: 08 22 35 13 | 03
#0875-d344 @A: 27 11 22 13 | 10
#0876-d344 @A: 16 30 35 07 | 02
#0877-d344 @A: 18 16 22 35 | 01
#0878-d344 @A: 35 17 22 28 | 04
#0879-d344 @A: 30 07 22 26 | 07
#0880-d344 @A: 08 34 18 26 | 12
#0881-d344 @A: 34 26 29 20 | 05
#0882-d344 @A: 27 21 18 33 | 08
#0883-d344 @A: 29 01 21 27 | 11
#0884-d344 @A: 22 21 24 18 | 09
#0885-d344 @A: 25 04 03 33 | 06
#0886-d344 @A: 35 29 04 25 | 03
#0887-d344 @A: 32 04 12 18 | 10
#0888-d344 @A: 12 04 09 07 | 02
#0889-d344 @A: 32 04 02 01 | 01
#0890-d344 @A: 04 31 09 33 | 04
#0891-d344 @A: 34 04 13 02 | 07
#0892-d344 @A: 26 02 18 04 | 12
#0893-d344 @A: 05 07 04 15 | 05
#0894-d344 @A: 27 04 05 34 | 08
#0895-d344 @A: 26 04 30 15 | 11
#0896-d344 @A: 24 04 16 11 | 09
#0897-d344 @A: 04 22 16 30 | 06
#0898-d344 @A: 04 18 21 01 | 03
#0899-d344 @A: 24 04 08 18 | 10
#0900-d344 @A: 12 25 34 32 | 02
#0901-d344 @A: 07 12 05 25 | 01
#0902-d344 @A: 27 02 25 10 | 04
#0903-d344 @A: 32 25 24 18 | 07
#0904-d344 @A: 30 25 28 32 | 12
#0905-d344 @A: 25 17 23 02 | 05
#0906-d344 @A: 02 25 16 03 | 08
#0907-d344 @A: 11 26 02 25 | 11
#0908-d344 @A: 05 11 25 23 | 09
#0909-d344 @A: 33 35 05 25 | 06
#0910-d344 @A: 05 21 25 20 | 03
#0911-d344 @A: 09 25 14 07 | 10
#0912-d344 @A: 25 19 27 03 | 02
#0913-d344 @A: 25 08 13 09 | 01
#0914-d344 @A: 03 23 18 25 | 04
#0915-d344 @A: 25 24 13 26 | 07
#0916-d344 @A: 24 25 21 26 | 12
#0917-d344 @A: 01 07 27 25 | 05
#0918-d344 @A: 16 22 08 25 | 08
#0919-d344 @A: 25 17 29 33 | 11
#0920-d344 @A: 14 12 21 06 | 09
#0921-d344 @A: 09 10 33 12 | 06
#0922-d344 @A: 12 26 10 18 | 03
#0923-d344 @A: 08 03 12 32 | 10
#0924-d344 @A: 12 31 34 14 | 02
#0925-d344 @A: 22 12 09 05 | 01
#0926-d344 @A: 14 12 17 09 | 04
#0927-d344 @A: 15 29 12 09 | 07
#0928-d344 @A: 15 12 17 23 | 12
#0929-d344 @A: 12 03 29 23 | 05
#0930-d344 @A: 34 12 08 23 | 08
#0931-d344 @A: 26 13 16 12 | 11
#0932-d344 @A: 30 08 16 12 | 09
#0933-d344 @A: 12 07 28 24 | 06
#0934-d344 @A: 12 01 17 18 | 03
#0935-d344 @A: 12 11 33 21 | 10
#0936-d344 @A: 26 10 20 06 | 02
#0937-d344 @A: 31 32 06 18 | 01
#0938-d344 @A: 06 19 02 21 | 04
#0939-d344 @A: 26 05 06 30 | 07
#0940-d344 @A: 20 19 06 14 | 12
#0941-d344 @A: 19 22 06 03 | 05
#0942-d344 @A: 06 09 15 22 | 08
#0943-d344 @A: 23 33 20 06 | 11
#0944-d344 @A: 15 11 06 13 | 09
#0945-d344 @A: 15 06 16 01 | 06
#0946-d344 @A: 13 17 35 06 | 03
#0947-d344 @A: 11 06 34 29 | 10
#0948-d344 @A: 16 14 31 10 | 02
#0949-d344 @A: 27 09 10 05 | 01
#0950-d344 @A: 15 03 28 10 | 04
#0951-d344 @A: 10 03 26 08 | 07
#0952-d344 @A: 21 30 35 10 | 12
#0953-d344 @A: 07 27 24 10 | 05
#0954-d344 @A: 21 10 29 11 | 08
#0955-d344 @A: 24 10 17 30 | 11
#0956-d344 @A: 27 31 30 32 | 09
#0957-d344 @A: 09 20 32 14 | 06
#0958-d344 @A: 34 14 32 13 | 03
#0959-d344 @A: 27 19 29 32 | 10
#0960-d344 @A: 11 23 32 03 | 02
#0961-d344 @A: 18 30 16 32 | 01
#0962-d344 @A: 18 29 32 34 | 04
#0963-d344 @A: 29 30 20 32 | 07
#0964-d344 @A: 01 32 21 33 | 12
#0965-d344 @A: 09 31 02 24 | 05
#0966-d344 @A: 17 31 28 05 | 08
#0967-d344 @A: 14 01 09 31 | 11
#0968-d344 @A: 28 31 19 23 | 09
#0969-d344 @A: 31 09 26 16 | 06
#0970-d344 @A: 31 15 23 27 | 03
#0971-d344 @A: 16 31 03 23 | 10
#0972-d344 @A: 31 15 18 33 | 02
#0973-d344 @A: 21 15 31 08 | 01
#0974-d344 @A: 35 31 13 11 | 04
#0975-d344 @A: 16 20 35 31 | 07
#0976-d344 @A: 08 11 31 34 | 12
#0977-d344 @A: 20 24 30 31 | 05
#0978-d344 @A: 30 31 29 21 | 08
#0979-d344 @A: 29 22 31 17 | 11
#0980-d344 @A: 30 02 09 05 | 09
#0981-d344 @A: 02 14 28 13 | 06
#0982-d344 @A: 02 14 17 22 | 03
#0983-d344 @A: 15 13 08 02 | 10
#0984-d344 @A: 35 29 02 15 | 02
#0985-d344 @A: 33 24 16 02 | 01
#0986-d344 @A: 07 11 34 02 | 04
#0987-d344 @A: 03 05 07 14 | 07
#0988-d344 @A: 15 05 35 21 | 12
#0989-d344 @A: 18 27 17 05 | 05
#0990-d344 @A: 11 07 30 05 | 08
#0991-d344 @A: 01 05 29 33 | 11
#0992-d344 @A: 14 23 22 19 | 09
#0993-d344 @A: 09 21 14 03 | 06
#0994-d344 @A: 26 23 14 28 | 03
#0995-d344 @A: 14 11 23 29 | 10
#0996-d344 @A: 33 27 15 14 | 02
#0997-d344 @A: 14 11 16 03 | 01
#0998-d344 @A: 35 14 01 07 | 04
#0999-d344 @A: 08 27 01 14 | 07
#1000-d344 @A: 16 14 01 33 | 12
#1001-d344 @A: 30 34 14 18 | 05
#1002-d344 @A: 14 29 17 28 | 08
#1003-d344 @A: 11 30 33 14 | 11
#1004-d344 @A: 34 29 33 14 | 09
#1005-d344 @A: 03 19 20 23 | 06
#1006-d344 @A: 33 23 19 13 | 03
#1007-d344 @A: 33 17 19 27 | 10
#1008-d344 @A: 18 19 07 20 | 02
#1009-d344 @A: 07 17 22 19 | 01
#1010-d344 @A: 13 28 17 09 | 04
#1011-d344 @A: 30 09 28 27 | 07
#1012-d344 @A: 01 30 09 11 | 12
#1013-d344 @A: 11 34 21 09 | 05
#1014-d344 @A: 23 11 27 01 | 08
#1015-d344 @A: 28 23 30 17 | 11
#1016-d344 @A: 01 29 30 23 | 09
#1017-d344 @A: 21 08 29 23 | 06
#1018-d344 @A: 15 26 28 13 | 03
#1019-d344 @A: 27 22 01 15 | 10
#1020-d344 @A: 28 07 15 22 | 02
#1021-d344 @A: 18 15 20 08 | 01
#1022-d344 @A: 15 20 01 11 | 04
#1023-d344 @A: 16 01 08 03 | 07
#1024-d344 @A: 30 33 07 03 | 12
#1025-d344 @A: 03 24 28 29 | 05
#1026-d344 @A: 30 22 13 01 | 08
#1027-d344 @A: 17 08 13 29 | 11
#1028-d344 @A: 26 01 35 28 | 09
#1029-d344 @A: 29 27 35 33 | 06
#1030-d344 @A: 35 34 17 16 | 03
#1031-d344 @A: 28 17 21 35 | 10
#1032-d344 @A: 22 21 27 26 | 02
#1033-d344 @A: 18 16 17 26 | 01
#1034-d344 @A: 16 26 11 30 | 04
#1035-d344 @A: 08 25 04 12 | 07
#1036-d344 @A: 12 04 31 02 | 12
#1037-d344 @A: 12 05 17 04 | 05
#1038-d344 @A: 04 12 03 27 | 08
#1039-d344 @A: 04 06 13 24 | 11
#1040-d344 @A: 15 04 10 18 | 09
#1041-d344 @A: 32 04 31 13 | 06
#1042-d344 @A: 04 21 31 09 | 03
#1043-d344 @A: 26 14 20 04 | 10
#1044-d344 @A: 04 03 15 08 | 02
#1045-d344 @A: 04 27 24 28 | 01
#1046-d344 @A: 27 30 01 04 | 04
#1047-d344 @A: 04 08 07 17 | 07
#1048-d344 @A: 04 34 17 18 | 12
#1049-d344 @A: 22 20 04 34 | 05
#1050-d344 @A: 29 25 12 26 | 08
#1051-d344 @A: 25 06 22 31 | 11
#1052-d344 @A: 10 25 34 26 | 09
#1053-d344 @A: 09 11 32 25 | 06
#1054-d344 @A: 33 31 02 25 | 03
#1055-d344 @A: 31 25 18 35 | 10
#1056-d344 @A: 19 14 25 01 | 02
#1057-d344 @A: 19 25 30 23 | 01
#1058-d344 @A: 20 25 19 35 | 04
#1059-d344 @A: 25 35 26 09 | 07
#1060-d344 @A: 09 30 17 25 | 12
#1061-d344 @A: 34 07 03 25 | 05
#1062-d344 @A: 13 21 25 34 | 08
#1063-d344 @A: 22 27 24 25 | 11
#1064-d344 @A: 24 17 25 16 | 09
#1065-d344 @A: 07 25 08 30 | 06
#1066-d344 @A: 11 28 29 25 | 03
#1067-d344 @A: 06 15 12 10 | 10
#1068-d344 @A: 12 06 05 33 | 02
#1069-d344 @A: 06 12 03 14 | 01
#1070-d344 @A: 26 35 06 12 | 04
#1071-d344 @A: 35 10 01 12 | 07
#1072-d344 @A: 12 20 30 10 | 12
#1073-d344 @A: 12 31 15 20 | 05
#1074-d344 @A: 15 02 03 12 | 08
#1075-d344 @A: 16 02 12 22 | 11
#1076-d344 @A: 08 02 12 33 | 09
#1077-d344 @A: 35 05 28 12 | 06
#1078-d344 @A: 08 26 12 05 | 03
#1079-d344 @A: 24 33 14 12 | 10
#1080-d344 @A: 35 09 30 12 | 02
#1081-d344 @A: 13 12 24 35 | 01
#1082-d344 @A: 30 01 12 28 | 04
#1083-d344 @A: 30 22 17 12 | 07
#1084-d344 @A: 01 12 24 08 | 12
#1085-d344 @A: 06 32 02 24 | 05
#1086-d344 @A: 16 09 06 32 | 08
#1087-d344 @A: 05 31 06 02 | 11
#1088-d344 @A: 26 06 24 31 | 09
#1089-d344 @A: 05 06 20 17 | 06
#1090-d344 @A: 15 24 19 06 | 03
#1091-d344 @A: 16 23 06 11 | 10
#1092-d344 @A: 01 13 06 20 | 02
#1093-d344 @A: 16 33 18 06 | 01
#1094-d344 @A: 07 28 06 29 | 04
#1095-d344 @A: 18 08 22 06 | 07
#1096-d344 @A: 10 05 28 32 | 12
#1097-d344 @A: 02 09 16 10 | 05
#1098-d344 @A: 17 21 10 05 | 08
#1099-d344 @A: 14 10 35 26 | 11
#1100-d344 @A: 11 14 10 27 | 09
#1101-d344 @A: 23 10 30 09 | 06
#1102-d344 @A: 10 20 35 13 | 03
#1103-d344 @A: 08 16 10 24 | 10
#1104-d344 @A: 01 24 18 10 | 02
#1105-d344 @A: 10 21 33 34 | 01
#1106-d344 @A: 02 31 32 16 | 04
#1107-d344 @A: 31 09 19 32 | 07
#1108-d344 @A: 23 34 32 31 | 12
#1109-d344 @A: 31 03 32 22 | 05
#1110-d344 @A: 32 14 30 15 | 08
#1111-d344 @A: 35 32 09 01 | 11
#1112-d344 @A: 32 28 23 15 | 09
#1113-d344 @A: 33 32 34 27 | 06
#1114-d344 @A: 18 33 32 20 | 03
#1115-d344 @A: 33 32 22 11 | 10
#1116-d344 @A: 11 02 23 31 | 02
#1117-d344 @A: 27 31 02 28 | 01
#1118-d344 @A: 05 31 33 14 | 04
#1119-d344 @A: 30 18 05 31 | 07
#1120-d344 @A: 15 14 31 24 | 12
#1121-d344 @A: 21 26 03 31 | 05
#1122-d344 @A: 31 11 33 07 | 08
#1123-d344 @A: 24 13 02 05 | 11
#1124-d344 @A: 02 21 17 15 | 09
#1125-d344 @A: 13 02 03 01 | 06
#1126-d344 @A: 13 02 20 07 | 03
#1127-d344 @A: 08 29 27 02 | 10
#1128-d344 @A: 02 28 07 01 | 02
#1129-d344 @A: 07 17 30 02 | 01
#1130-d344 @A: 23 05 07 26 | 04
#1131-d344 @A: 05 11 21 23 | 07
#1132-d344 @A: 18 15 05 22 | 12
#1133-d344 @A: 03 13 29 05 | 05
#1134-d344 @A: 05 07 17 33 | 08
#1135-d344 @A: 16 14 09 13 | 11
#1136-d344 @A: 14 30 23 35 | 09
#1137-d344 @A: 11 15 14 26 | 06
#1138-d344 @A: 14 22 27 03 | 03
#1139-d344 @A: 01 14 18 29 | 10
#1140-d344 @A: 35 09 07 19 | 02
#1141-d344 @A: 28 09 19 11 | 01
#1142-d344 @A: 19 18 26 23 | 04
#1143-d344 @A: 28 15 35 19 | 07
#1144-d344 @A: 19 30 07 27 | 12
#1145-d344 @A: 21 01 16 19 | 05
#1146-d344 @A: 28 19 11 21 | 08
#1147-d344 @A: 33 21 15 09 | 11
#1148-d344 @A: 03 35 09 27 | 09
#1149-d344 @A: 20 09 21 26 | 06
#1150-d344 @A: 09 26 22 33 | 03
#1151-d344 @A: 08 16 09 11 | 10
#1152-d344 @A: 09 16 34 22 | 02
#1153-d344 @A: 18 09 34 28 | 01
#1154-d344 @A: 08 29 09 18 | 04
#1155-d344 @A: 15 26 34 23 | 07
#1156-d344 @A: 18 35 23 21 | 12
#1157-d344 @A: 07 16 23 20 | 05
#1158-d344 @A: 21 34 23 07 | 08
#1159-d344 @A: 07 17 29 23 | 11
#1160-d344 @A: 23 24 08 11 | 09
#1161-d344 @A: 01 34 13 15 | 06
#1162-d344 @A: 29 15 33 16 | 03
#1163-d344 @A: 07 15 33 34 | 10
#1164-d344 @A: 15 18 29 30 | 02
#1165-d344 @A: 15 33 17 22 | 01
#1166-d344 @A: 13 07 35 03 | 04
#1167-d344 @A: 20 13 26 03 | 07
#1168-d344 @A: 29 07 03 01 | 12
#1169-d344 @A: 30 17 18 03 | 05
#1170-d344 @A: 03 22 34 30 | 08
#1171-d344 @A: 07 22 13 16 | 11
#1172-d344 @A: 13 08 16 20 | 09
#1173-d344 @A: 18 13 33 29 | 06
#1174-d344 @A: 08 16 29 35 | 03
#1175-d344 @A: 11 29 35 07 | 10
#1176-d344 @A: 20 35 33 07 | 02
#1177-d344 @A: 35 30 11 18 | 01
#1178-d344 @A: 33 30 28 35 | 04
#1179-d344 @A: 18 26 30 27 | 07
#1180-d344 @A: 33 26 18 11 | 12
#1181-d344 @A: 30 21 26 33 | 05
#1182-d344 @A: 18 21 30 34 | 08
#1183-d344 @A: 20 06 25 04 | 11
#1184-d344 @A: 04 10 12 34 | 09
#1185-d344 @A: 20 12 04 35 | 06
#1186-d344 @A: 12 30 33 04 | 03
#1187-d344 @A: 06 07 04 02 | 10
#1188-d344 @A: 17 04 23 06 | 02
#1189-d344 @A: 16 10 04 19 | 01
#1190-d344 @A: 04 15 17 32 | 04
#1191-d344 @A: 04 32 26 08 | 07
#1192-d344 @A: 04 35 24 31 | 12
#1193-d344 @A: 28 29 04 31 | 05
#1194-d344 @A: 04 05 19 22 | 08
#1195-d344 @A: 04 09 22 23 | 11
#1196-d344 @A: 01 23 33 04 | 09
#1197-d344 @A: 21 27 15 04 | 06
#1198-d344 @A: 26 22 04 03 | 03
#1199-d344 @A: 04 01 03 11 | 10
#1200-d344 @A: 16 08 04 34 | 02
#1201-d344 @A: 34 04 28 01 | 01
#1202-d344 @A: 24 12 31 25 | 04
#1203-d344 @A: 14 06 25 16 | 07
#1204-d344 @A: 25 21 06 11 | 12
#1205-d344 @A: 35 32 21 25 | 05
#1206-d344 @A: 26 25 32 07 | 08
#1207-d344 @A: 05 25 28 14 | 11
#1208-d344 @A: 34 05 25 13 | 09
#1209-d344 @A: 26 05 27 25 | 06
#1210-d344 @A: 35 25 14 11 | 03
#1211-d344 @A: 09 15 25 20 | 10
#1212-d344 @A: 30 21 25 23 | 02
#1213-d344 @A: 25 08 03 35 | 01
#1214-d344 @A: 27 16 25 35 | 04
#1215-d344 @A: 27 25 28 17 | 07
#1216-d344 @A: 14 12 10 23 | 12
#1217-d344 @A: 12 27 32 26 | 05
#1218-d344 @A: 12 03 30 31 | 08
#1219-d344 @A: 12 09 16 03 | 11
#1220-d344 @A: 24 27 12 09 | 09
#1221-d344 @A: 23 11 33 12 | 06
#1222-d344 @A: 12 22 07 08 | 03
#1223-d344 @A: 22 20 18 12 | 10
#1224-d344 @A: 30 12 34 11 | 02
#1225-d344 @A: 06 33 17 10 | 01
#1226-d344 @A: 32 13 22 06 | 04
#1227-d344 @A: 27 35 31 06 | 07
#1228-d344 @A: 02 01 09 06 | 12
#1229-d344 @A: 08 02 16 06 | 05
#1230-d344 @A: 06 27 05 14 | 08
#1231-d344 @A: 33 06 14 09 | 11
#1232-d344 @A: 28 35 14 06 | 09
#1233-d344 @A: 35 09 20 06 | 06
#1234-d344 @A: 06 21 27 23 | 03
#1235-d344 @A: 27 34 06 18 | 10
#1236-d344 @A: 06 22 20 07 | 02
#1237-d344 @A: 06 30 18 01 | 01
#1238-d344 @A: 10 18 23 31 | 04
#1239-d344 @A: 10 33 29 31 | 07
#1240-d344 @A: 15 30 02 10 | 12
#1241-d344 @A: 14 15 17 10 | 05
#1242-d344 @A: 21 14 10 15 | 08
#1243-d344 @A: 10 13 14 18 | 11
#1244-d344 @A: 09 10 34 19 | 09
#1245-d344 @A: 10 30 03 19 | 06
#1246-d344 @A: 09 10 08 35 | 03
#1247-d344 @A: 22 15 11 10 | 10
#1248-d344 @A: 08 01 10 11 | 02
#1249-d344 @A: 34 10 17 22 | 01
#1250-d344 @A: 10 01 17 29 | 04
#1251-d344 @A: 10 08 22 29 | 07
#1252-d344 @A: 05 01 32 14 | 12
#1253-d344 @A: 05 03 32 20 | 05
#1254-d344 @A: 26 32 24 14 | 08
#1255-d344 @A: 18 09 17 32 | 11
#1256-d344 @A: 08 13 11 32 | 09
#1257-d344 @A: 08 32 33 16 | 06
#1258-d344 @A: 32 01 17 20 | 03
#1259-d344 @A: 02 31 14 29 | 10
#1260-d344 @A: 03 27 05 31 | 02
#1261-d344 @A: 26 05 01 31 | 01
#1262-d344 @A: 07 31 13 14 | 04
#1263-d344 @A: 30 08 09 31 | 07
#1264-d344 @A: 08 26 31 15 | 12
#1265-d344 @A: 07 01 31 34 | 05
#1266-d344 @A: 20 34 33 31 | 08
#1267-d344 @A: 05 02 11 19 | 11
#1268-d344 @A: 01 05 02 23 | 09
#1269-d344 @A: 02 35 23 21 | 06
#1270-d344 @A: 02 21 34 03 | 03
#1271-d344 @A: 09 29 05 14 | 10
#1272-d344 @A: 26 09 05 28 | 02
#1273-d344 @A: 16 07 05 21 | 01
#1274-d344 @A: 05 22 11 28 | 04
#1275-d344 @A: 34 21 05 08 | 07
#1276-d344 @A: 24 03 14 23 | 12
#1277-d344 @A: 14 34 15 22 | 05
#1278-d344 @A: 01 26 14 30 | 08
#1279-d344 @A: 29 26 14 21 | 11
#1280-d344 @A: 19 23 01 34 | 09
#1281-d344 @A: 01 19 13 35 | 06
#1282-d344 @A: 08 28 19 29 | 03
#1283-d344 @A: 01 20 09 23 | 10
#1284-d344 @A: 13 03 34 09 | 02
#1285-d344 @A: 09 13 07 30 | 01
#1286-d344 @A: 01 33 28 09 | 04
#1287-d344 @A: 09 33 20 11 | 07
#1288-d344 @A: 34 13 23 35 | 12
#1289-d344 @A: 23 33 16 30 | 05
#1290-d344 @A: 23 01 07 24 | 08
#1291-d344 @A: 24 29 23 18 | 11
#1292-d344 @A: 23 11 20 28 | 09
#1293-d344 @A: 15 16 03 22 | 06
#1294-d344 @A: 30 15 33 13 | 03
#1295-d344 @A: 20 30 15 07 | 10
#1296-d344 @A: 15 01 30 17 | 02
#1297-d344 @A: 03 33 24 27 | 01
#1298-d344 @A: 18 03 28 07 | 04
#1299-d344 @A: 08 03 28 22 | 07
#1300-d344 @A: 01 33 03 34 | 12
#1301-d344 @A: 33 27 13 01 | 05
#1302-d344 @A: 35 18 20 27 | 08
#1303-d344 @A: 07 21 18 22 | 11
#1304-d344 @A: 32 05 25 04 | 09
#1305-d344 @A: 14 04 34 25 | 06
#1306-d344 @A: 13 04 25 27 | 03
#1307-d344 @A: 12 19 04 23 | 10
#1308-d344 @A: 14 08 06 04 | 02
#1309-d344 @A: 11 04 19 32 | 01
#1310-d344 @A: 32 29 03 04 | 04
#1311-d344 @A: 31 04 08 23 | 07
#1312-d344 @A: 02 28 23 04 | 12
#1313-d344 @A: 04 13 14 01 | 05
#1314-d344 @A: 13 23 04 18 | 08
#1315-d344 @A: 16 03 13 04 | 11
#1316-d344 @A: 30 04 24 34 | 09
#1317-d344 @A: 12 25 15 11 | 06
#1318-d344 @A: 12 20 03 25 | 03
#1319-d344 @A: 25 12 33 13 | 10
#1320-d344 @A: 28 25 09 06 | 02
#1321-d344 @A: 10 25 21 08 | 01
#1322-d344 @A: 32 20 31 25 | 04
#1323-d344 @A: 29 32 01 25 | 07
#1324-d344 @A: 14 27 25 31 | 12
#1325-d344 @A: 13 31 25 19 | 05
#1326-d344 @A: 05 02 20 25 | 08
#1327-d344 @A: 29 25 09 24 | 11
#1328-d344 @A: 29 18 25 27 | 09
#1329-d344 @A: 34 25 08 27 | 06
#1330-d344 @A: 25 08 24 28 | 03
#1331-d344 @A: 22 11 12 06 | 10
#1332-d344 @A: 12 22 31 10 | 02
#1333-d344 @A: 28 10 12 02 | 01
#1334-d344 @A: 11 12 10 05 | 04
#1335-d344 @A: 12 16 15 32 | 07
#1336-d344 @A: 13 02 12 09 | 12
#1337-d344 @A: 12 05 21 03 | 05
#1338-d344 @A: 27 12 08 17 | 08
#1339-d344 @A: 05 06 01 10 | 11
#1340-d344 @A: 30 10 16 06 | 09
#1341-d344 @A: 14 06 29 32 | 06
#1342-d344 @A: 32 07 06 03 | 03
#1343-d344 @A: 32 17 06 27 | 10
#1344-d344 @A: 31 28 06 15 | 02
#1345-d344 @A: 18 02 23 06 | 01
#1346-d344 @A: 13 06 07 05 | 04
#1347-d344 @A: 18 19 06 13 | 07
#1348-d344 @A: 06 26 19 01 | 12
#1349-d344 @A: 06 13 33 03 | 05
#1350-d344 @A: 06 11 08 07 | 08
#1351-d344 @A: 17 01 06 07 | 11
#1352-d344 @A: 06 18 17 24 | 09
#1353-d344 @A: 32 10 02 34 | 06
#1354-d344 @A: 31 35 17 10 | 03
#1355-d344 @A: 13 33 10 05 | 10
#1356-d344 @A: 14 29 10 03 | 02
#1357-d344 @A: 10 34 15 20 | 01
#1358-d344 @A: 22 03 35 10 | 04
#1359-d344 @A: 10 34 28 11 | 07
#1360-d344 @A: 11 15 02 32 | 12
#1361-d344 @A: 16 32 29 05 | 05
#1362-d344 @A: 32 05 17 22 | 08
#1363-d344 @A: 23 24 32 19 | 11
#1364-d344 @A: 13 32 09 33 | 09
#1365-d344 @A: 09 32 30 26 | 06
#1366-d344 @A: 32 22 23 18 | 03
#1367-d344 @A: 28 03 27 32 | 10
#1368-d344 @A: 08 32 21 07 | 02
#1369-d344 @A: 02 35 31 34 | 01
#1370-d344 @A: 07 31 26 02 | 04
#1371-d344 @A: 31 14 08 35 | 07
#1372-d344 @A: 31 09 22 35 | 12
#1373-d344 @A: 31 11 27 18 | 05
#1374-d344 @A: 08 20 27 31 | 08
#1375-d344 @A: 31 08 28 07 | 11
#1376-d344 @A: 20 18 31 29 | 09
#1377-d344 @A: 31 28 20 01 | 06
#1378-d344 @A: 22 31 33 08 | 03
#1379-d344 @A: 17 02 05 26 | 10
#1380-d344 @A: 09 14 11 02 | 02
#1381-d344 @A: 02 19 33 15 | 01
#1382-d344 @A: 23 02 16 34 | 04
#1383-d344 @A: 28 11 03 02 | 07
#1384-d344 @A: 33 13 02 26 | 12
#1385-d344 @A: 17 26 21 02 | 05
#1386-d344 @A: 11 08 30 02 | 08
#1387-d344 @A: 11 33 01 02 | 11
#1388-d344 @A: 14 23 17 05 | 09
#1389-d344 @A: 05 13 17 15 | 06
#1390-d344 @A: 05 13 26 11 | 03
#1391-d344 @A: 22 20 05 27 | 10
#1392-d344 @A: 11 16 05 01 | 02
#1393-d344 @A: 21 28 18 05 | 01
#1394-d344 @A: 14 16 19 17 | 04
#1395-d344 @A: 14 09 28 15 | 07
#1396-d344 @A: 17 03 14 13 | 12
#1397-d344 @A: 14 17 27 30 | 05
#1398-d344 @A: 21 07 14 11 | 08
#1399-d344 @A: 34 07 20 14 | 11
#1400-d344 @A: 01 09 27 19 | 09
#1401-d344 @A: 26 19 22 08 | 06
#1402-d344 @A: 29 24 16 19 | 03
#1403-d344 @A: 18 30 33 19 | 10
#1404-d344 @A: 24 20 01 19 | 02
#1405-d344 @A: 17 21 08 19 | 01
#1406-d344 @A: 16 28 09 07 | 04
#1407-d344 @A: 16 09 21 28 | 07
#1408-d344 @A: 09 34 24 08 | 12
#1409-d344 @A: 22 23 15 35 | 05
#1410-d344 @A: 23 15 21 22 | 08
#1411-d344 @A: 08 23 03 13 | 11
#1412-d344 @A: 15 34 17 27 | 09
#1413-d344 @A: 07 01 18 15 | 06
#1414-d344 @A: 15 11 17 08 | 03
#1415-d344 @A: 07 11 03 22 | 10
#1416-d344 @A: 11 34 03 18 | 02
#1417-d344 @A: 17 28 01 03 | 01
#1418-d344 @A: 29 22 03 33 | 04
#1419-d344 @A: 08 26 13 27 | 07
#1420-d344 @A: 13 33 24 07 | 12
#1421-d344 @A: 11 01 28 13 | 05
#1422-d344 @A: 20 35 17 30 | 08
#1423-d344 @A: 20 35 21 34 | 11
#1424-d344 @A: 29 35 21 24 | 09
#1425-d344 @A: 34 16 21 26 | 06
#1426-d344 @A: 26 01 18 22 | 03
#1427-d344 @A: 21 01 30 11 | 10
#1428-d344 @A: 19 09 25 04 | 02
#1429-d344 @A: 07 22 04 25 | 01
#1430-d344 @A: 28 14 04 12 | 04
#1431-d344 @A: 29 06 04 05 | 07
#1432-d344 @A: 06 18 09 04 | 12
#1433-d344 @A: 27 15 06 04 | 05
#1434-d344 @A: 04 35 06 01 | 08
#1435-d344 @A: 20 10 32 04 | 11
#1436-d344 @A: 02 03 04 24 | 09
#1437-d344 @A: 35 22 02 04 | 06
#1438-d344 @A: 29 15 14 04 | 03
#1439-d344 @A: 23 20 15 04 | 10
#1440-d344 @A: 23 34 04 03 | 02
#1441-d344 @A: 29 13 20 04 | 01
#1442-d344 @A: 04 27 18 07 | 04
#1443-d344 @A: 04 29 18 16 | 07
#1444-d344 @A: 08 04 22 11 | 12
#1445-d344 @A: 01 09 12 25 | 05
#1446-d344 @A: 12 35 25 22 | 08
#1447-d344 @A: 25 06 34 30 | 11
#1448-d344 @A: 25 10 19 28 | 09
#1449-d344 @A: 08 25 02 32 | 06
#1450-d344 @A: 32 35 17 25 | 03
#1451-d344 @A: 02 24 25 14 | 10
#1452-d344 @A: 15 25 01 02 | 02
#1453-d344 @A: 25 26 14 17 | 01
#1454-d344 @A: 18 15 25 26 | 04
#1455-d344 @A: 27 25 33 20 | 07
#1456-d344 @A: 25 16 34 11 | 12
#1457-d344 @A: 25 08 29 20 | 05
#1458-d344 @A: 34 01 24 25 | 08
#1459-d344 @A: 29 12 10 27 | 11
#1460-d344 @A: 12 07 21 10 | 09
#1461-d344 @A: 09 31 18 12 | 06
#1462-d344 @A: 12 14 05 20 | 03
#1463-d344 @A: 12 05 15 24 | 10
#1464-d344 @A: 12 14 13 08 | 02
#1465-d344 @A: 13 07 19 12 | 01
#1466-d344 @A: 30 19 26 12 | 04
#1467-d344 @A: 12 03 35 18 | 07
#1468-d344 @A: 12 07 34 27 | 12
#1469-d344 @A: 11 16 12 17 | 05
#1470-d344 @A: 08 18 12 11 | 08
#1471-d344 @A: 12 01 20 34 | 11
#1472-d344 @A: 12 30 08 21 | 09
#1473-d344 @A: 19 08 31 06 | 06
#1474-d344 @A: 27 09 06 13 | 03
#1475-d344 @A: 29 23 06 13 | 10
#1476-d344 @A: 16 03 06 26 | 02
#1477-d344 @A: 06 27 28 22 | 01
#1478-d344 @A: 09 21 32 10 | 04
#1479-d344 @A: 16 32 10 35 | 07
#1480-d344 @A: 34 31 30 10 | 12
#1481-d344 @A: 26 05 22 10 | 05
#1482-d344 @A: 15 01 19 10 | 08
#1483-d344 @A: 19 35 11 10 | 11
#1484-d344 @A: 09 10 15 13 | 09
#1485-d344 @A: 23 10 16 13 | 06
#1486-d344 @A: 03 27 10 20 | 03
#1487-d344 @A: 27 10 13 21 | 10
#1488-d344 @A: 16 27 10 17 | 02
#1489-d344 @A: 24 21 10 01 | 01
#1490-d344 @A: 07 05 32 02 | 04
#1491-d344 @A: 02 32 33 14 | 07
#1492-d344 @A: 32 21 14 16 | 12
#1493-d344 @A: 13 07 32 28 | 05
#1494-d344 @A: 07 01 32 11 | 08
#1495-d344 @A: 34 32 30 07 | 11
#1496-d344 @A: 17 28 33 32 | 09
#1497-d344 @A: 24 11 32 30 | 06
#1498-d344 @A: 32 22 21 20 | 03
#1499-d344 @A: 32 34 22 01 | 10
#1500-d344 @A: 17 24 34 32 | 02
#1501-d344 @A: 19 14 31 30 | 01
#1502-d344 @A: 23 31 20 14 | 04
#1503-d344 @A: 31 17 19 18 | 07
#1504-d344 @A: 23 09 31 17 | 12
#1505-d344 @A: 07 24 31 16 | 05
#1506-d344 @A: 31 20 17 07 | 08
#1507-d344 @A: 31 11 28 24 | 11
#1508-d344 @A: 31 24 17 21 | 09
#1509-d344 @A: 15 26 24 02 | 06
#1510-d344 @A: 02 08 07 03 | 03
#1511-d344 @A: 16 02 17 13 | 10
#1512-d344 @A: 07 02 27 22 | 02
#1513-d344 @A: 24 27 02 34 | 01
#1514-d344 @A: 17 02 29 18 | 04
#1515-d344 @A: 02 20 29 21 | 07
#1516-d344 @A: 22 02 08 01 | 12
#1517-d344 @A: 14 24 05 08 | 05
#1518-d344 @A: 05 23 09 24 | 08
#1519-d344 @A: 05 03 23 33 | 11
#1520-d344 @A: 20 05 30 13 | 09
#1521-d344 @A: 05 34 26 33 | 06
#1522-d344 @A: 05 24 30 27 | 03
#1523-d344 @A: 16 17 30 05 | 10
#1524-d344 @A: 01 05 20 07 | 02
#1525-d344 @A: 05 18 08 01 | 01
#1526-d344 @A: 24 28 34 05 | 04
#1527-d344 @A: 29 05 22 30 | 07
#1528-d344 @A: 28 07 14 30 | 12
#1529-d344 @A: 14 20 22 01 | 05
#1530-d344 @A: 17 08 33 14 | 08
#1531-d344 @A: 20 23 19 21 | 11
#1532-d344 @A: 11 19 03 26 | 09
#1533-d344 @A: 19 27 18 28 | 06
#1534-d344 @A: 20 19 11 16 | 03
#1535-d344 @A: 01 19 11 18 | 10
#1536-d344 @A: 17 19 29 20 | 02
#1537-d344 @A: 19 24 22 30 | 01
#1538-d344 @A: 23 11 13 09 | 04
#1539-d344 @A: 23 26 08 09 | 07
#1540-d344 @A: 01 09 26 15 | 12
#1541-d344 @A: 27 33 08 09 | 05
#1542-d344 @A: 16 17 09 29 | 08
#1543-d344 @A: 34 07 09 17 | 11
#1544-d344 @A: 15 11 23 18 | 09
#1545-d344 @A: 17 35 03 23 | 06
#1546-d344 @A: 07 23 27 03 | 03
#1547-d344 @A: 23 22 01 03 | 10
#1548-d344 @A: 13 26 23 01 | 02
#1549-d344 @A: 34 27 30 23 | 01
#1550-d344 @A: 23 29 16 22 | 04
#1551-d344 @A: 15 29 07 24 | 07
#1552-d344 @A: 28 24 15 30 | 12
#1553-d344 @A: 27 17 03 11 | 05
#1554-d344 @A: 27 30 03 08 | 08
#1555-d344 @A: 34 29 27 03 | 11
#1556-d344 @A: 16 03 08 21 | 09
#1557-d344 @A: 01 24 03 30 | 06
#1558-d344 @A: 13 20 11 34 | 03
#1559-d344 @A: 20 21 17 13 | 10
#1560-d344 @A: 07 26 18 35 | 02
#1561-d344 @A: 01 35 08 33 | 01
#1562-d344 @A: 26 08 16 07 | 04
#1563-d344 @A: 33 30 26 20 | 07
#1564-d344 @A: 26 29 01 08 | 12
#1565-d344 @A: 24 26 08 33 | 05
#1566-d344 @A: 25 10 17 04 | 08
#1567-d344 @A: 04 26 11 06 | 11
#1568-d344 @A: 04 02 10 29 | 09
#1569-d344 @A: 04 09 32 27 | 06
#1570-d344 @A: 04 07 33 32 | 03
#1571-d344 @A: 15 04 31 11 | 10
#1572-d344 @A: 04 02 16 15 | 02
#1573-d344 @A: 24 05 01 04 | 01
#1574-d344 @A: 04 17 30 19 | 04
#1575-d344 @A: 29 23 04 26 | 07
#1576-d344 @A: 04 03 21 35 | 12
#1577-d344 @A: 28 22 18 04 | 05
#1578-d344 @A: 29 08 30 04 | 08
#1579-d344 @A: 24 29 33 04 | 11
#1580-d344 @A: 06 32 25 23 | 09
#1581-d344 @A: 02 13 06 25 | 06
#1582-d344 @A: 17 03 25 06 | 03
#1583-d344 @A: 23 25 08 10 | 10
#1584-d344 @A: 05 31 09 25 | 02
#1585-d344 @A: 17 31 15 25 | 01
#1586-d344 @A: 01 31 08 25 | 04
#1587-d344 @A: 25 16 23 15 | 07
#1588-d344 @A: 25 03 26 28 | 12
#1589-d344 @A: 29 25 21 03 | 05
#1590-d344 @A: 25 30 18 13 | 08
#1591-d344 @A: 25 07 18 16 | 11
#1592-d344 @A: 11 20 22 25 | 09
#1593-d344 @A: 31 32 12 07 | 06
#1594-d344 @A: 19 12 27 05 | 03
#1595-d344 @A: 19 12 22 15 | 10
#1596-d344 @A: 03 19 01 12 | 02
#1597-d344 @A: 12 20 23 26 | 01
#1598-d344 @A: 12 33 16 07 | 04
#1599-d344 @A: 12 18 29 28 | 07
#1600-d344 @A: 12 34 22 24 | 12
#1601-d344 @A: 06 08 05 32 | 05
#1602-d344 @A: 06 26 33 32 | 08
#1603-d344 @A: 06 01 31 33 | 11
#1604-d344 @A: 02 06 35 33 | 09
#1605-d344 @A: 06 14 13 30 | 06
#1606-d344 @A: 06 14 07 26 | 03
#1607-d344 @A: 24 22 14 06 | 10
#1608-d344 @A: 19 06 16 35 | 02
#1609-d344 @A: 15 08 06 30 | 01
#1610-d344 @A: 26 07 21 06 | 04
#1611-d344 @A: 01 06 29 22 | 07
#1612-d344 @A: 15 29 32 10 | 12
#1613-d344 @A: 31 27 10 26 | 05
#1614-d344 @A: 10 03 23 02 | 08
#1615-d344 @A: 08 02 10 17 | 11
#1616-d344 @A: 14 05 10 30 | 09
#1617-d344 @A: 05 10 07 16 | 06
#1618-d344 @A: 10 19 14 33 | 03
#1619-d344 @A: 10 26 29 09 | 10
#1620-d344 @A: 10 03 16 34 | 02
#1621-d344 @A: 10 11 24 20 | 01
#1622-d344 @A: 31 15 32 01 | 04
#1623-d344 @A: 24 31 32 33 | 07
#1624-d344 @A: 13 29 02 32 | 12
#1625-d344 @A: 23 32 13 17 | 05
#1626-d344 @A: 07 27 20 32 | 08
#1627-d344 @A: 30 33 32 01 | 11
#1628-d344 @A: 32 08 30 17 | 09
#1629-d344 @A: 05 31 19 34 | 06
#1630-d344 @A: 15 35 30 31 | 03
#1631-d344 @A: 13 31 03 18 | 10
#1632-d344 @A: 31 08 03 24 | 02
#1633-d344 @A: 27 33 16 31 | 01
#1634-d344 @A: 34 07 21 31 | 04
#1635-d344 @A: 03 05 22 02 | 07
#1636-d344 @A: 02 13 21 16 | 12
#1637-d344 @A: 02 26 30 29 | 05
#1638-d344 @A: 07 24 18 02 | 08
#1639-d344 @A: 33 28 02 29 | 11
#1640-d344 @A: 11 02 24 22 | 09
#1641-d344 @A: 21 02 08 11 | 06
#1642-d344 @A: 02 24 29 01 | 03
#1643-d344 @A: 18 14 05 35 | 10
#1644-d344 @A: 01 19 17 05 | 02
#1645-d344 @A: 21 13 05 09 | 01
#1646-d344 @A: 08 23 05 29 | 04
#1647-d344 @A: 35 05 03 16 | 07
#1648-d344 @A: 05 13 35 27 | 12
#1649-d344 @A: 29 11 18 05 | 05
#1650-d344 @A: 05 34 17 29 | 08
#1651-d344 @A: 35 09 24 14 | 11
#1652-d344 @A: 35 33 13 14 | 09
#1653-d344 @A: 14 16 27 07 | 06
#1654-d344 @A: 28 16 22 14 | 03
#1655-d344 @A: 20 33 28 14 | 10
#1656-d344 @A: 33 08 14 21 | 02
#1657-d344 @A: 16 19 09 23 | 01
#1658-d344 @A: 27 08 11 19 | 04
#1659-d344 @A: 20 19 08 33 | 07
#1660-d344 @A: 19 30 29 34 | 12
#1661-d344 @A: 21 09 07 35 | 05
#1662-d344 @A: 27 09 11 34 | 08
#1663-d344 @A: 29 09 27 22 | 11
#1664-d344 @A: 30 20 34 09 | 09
#1665-d344 @A: 01 09 29 34 | 06
#1666-d344 @A: 33 09 24 17 | 03
#1667-d344 @A: 23 13 07 15 | 10
#1668-d344 @A: 23 16 17 01 | 02
#1669-d344 @A: 23 22 28 33 | 01
#1670-d344 @A: 23 17 21 33 | 04
#1671-d344 @A: 20 24 15 27 | 07
#1672-d344 @A: 15 28 07 21 | 12
#1673-d344 @A: 24 15 11 34 | 05
#1674-d344 @A: 24 11 21 15 | 08
#1675-d344 @A: 15 24 22 08 | 11
#1676-d344 @A: 35 21 11 13 | 09
#1677-d344 @A: 13 07 17 27 | 06
#1678-d344 @A: 18 13 08 28 | 03
#1679-d344 @A: 13 34 18 22 | 10
#1680-d344 @A: 13 28 29 22 | 02
#1681-d344 @A: 01 27 17 35 | 01
#1682-d344 @A: 16 11 35 28 | 04
#1683-d344 @A: 29 27 26 24 | 07
#1684-d344 @A: 20 18 26 24 | 12
#1685-d344 @A: 08 20 26 17 | 05
#1686-d344 @A: 20 24 21 16 | 08
#1687-d344 @A: 29 21 16 33 | 11
#1688-d344 @A: 29 21 17 07 | 09
#1689-d344 @A: 28 21 33 24 | 06
